Ch1: 2.932754 3.083305 23.468750 600 6454 1405
Ch1: 2.947027 19.168355 23.437500 599 6456 1404
Ch1: 2.944928 13.193908 23.437500 598 6457 1403
Ch1: 2.941570 18.249209 23.468750 597 6453 1402
Ch1: 2.939051 14.113054 23.468750 596 6457 1400
Ch1: 2.936532 23.304511 23.468750 595 6454 1399
Ch1: 2.934013 15.491772 23.468750 594 6458 1398
Ch1: 2.930655 20.547074 23.437500 593 6450 1396
Ch1: 2.927297 9.976898 23.468750 592 6457 1395
Ch1: 2.926037 23.304511 23.437500 591 6455 1394
Ch1: 2.922259 15.951345 23.468750 590 6457 1392
Ch1: 2.920160 22.844938 23.468750 589 6456 1391
Ch1: 2.917221 16.870491 23.437500 588 6457 1390
Ch1: 2.913863 24.683229 23.468750 587 6457 1388
Ch1: 2.911764 15.491772 23.500000 586 6456 1387
Ch1: 2.909245 22.844938 23.437500 585 6458 1386
Ch1: 2.905467 16.410918 23.468750 584 6455 1384
Ch1: 2.903368 24.223656 23.468750 583 6458 1383
Ch1: 2.900849 16.410918 23.468750 582 6453 1382
Ch1: 2.897910 21.925792 23.468750 581 6459 1381
Ch1: 2.895391 18.249209 23.437500 580 6455 1379
Ch1: 2.892453 23.304511 23.375000 579 6460 1378
Ch1: 2.889934 19.168355 23.468750 578 6454 1376
Ch1: 2.886576 13.193908 23.437500 577 6459 1375
Ch1: 2.884477 19.627928 23.468750 576 6454 1374
Ch1: 2.881538 20.087501 23.500000 575 6460 1372
Ch1: 2.879439 21.925792 23.468750 574 6454 1372
Ch1: 2.876080 18.708782 23.437500 573 6460 1370
Ch1: 2.873981 20.087501 23.437500 572 6452 1369
Ch1: 2.870203 17.789636 23.468750 571 6459 1368
Ch1: 2.867684 22.385365 23.500000 570 6453 1366
Ch1: 2.865166 19.168355 23.500000 569 6460 1365
Ch1: 2.861807 20.087501 23.437500 568 6456 1363
Ch1: 2.859708 15.951345 23.468750 567 6458 1362
Ch1: 2.857189 23.764083 23.500000 566 6457 1361
Ch1: 2.855090 18.708782 23.468750 565 6458 1360
Ch1: 2.851732 24.683229 23.468750 564 6456 1359
Ch1: 2.848793 18.249209 23.500000 563 6458 1357
Ch1: 2.846694 25.142802 23.468750 562 6457 1356
Ch1: 2.843336 17.789636 23.500000 561 6457 1355
Ch1: 2.841237 24.223656 23.500000 560 6457 1353
Ch1: 2.837878 17.330064 23.468750 559 6456 1352
Ch1: 2.835779 26.061948 23.468750 558 6461 1351
Ch1: 2.833260 16.870491 23.500000 557 6456 1349
Ch1: 2.829902 23.304511 23.468750 556 6460 1348
Ch1: 2.827803 17.789636 23.468750 555 6455 1347
Ch1: 2.824864 21.925792 23.468750 554 6457 1345
Ch1: 2.821506 20.087501 23.468750 553 6455 1344
Ch1: 2.819407 20.547074 23.468750 552 6459 1343
Ch1: 2.816888 19.627928 23.468750 551 6454 1342
Ch1: 2.814369 20.547074 23.468750 550 6460 1340
Ch1: 2.811011 20.547074 23.468750 549 6453 1339
Ch1: 2.808492 17.330064 23.468750 548 6459 1338
Ch1: 2.806393 22.385365 23.500000 547 6454 1337
Ch1: 2.802615 18.249209 23.468750 546 6459 1335
Ch1: 2.800516 22.385365 23.468750 545 6455 1334
Ch1: 2.798417 17.330064 23.468750 544 6459 1333
Ch1: 2.794219 22.385365 23.437500 543 6455 1331
Ch1: 2.792120 16.870491 23.468750 542 6458 1330
Ch1: 2.789601 25.142802 23.500000 541 6456 1329
Ch1: 2.787502 17.330064 23.500000 540 6460 1328
Ch1: 2.784143 23.304511 23.437500 539 6456 1326
Ch1: 2.781624 17.330064 23.468750 538 6458 1325
Ch1: 2.779106 22.385365 23.468750 537 6456 1324
Ch1: 2.777007 16.870491 23.468750 536 6457 1323
Ch1: 2.773228 24.683229 23.468750 535 6457 1321
Ch1: 2.771129 17.330064 23.437500 534 6459 1320
Ch1: 2.768611 24.683229 23.468750 533 6457 1319
Ch1: 2.765252 16.870491 23.468750 532 6457 1317
Ch1: 2.762733 24.223656 23.437500 531 6458 1316
Ch1: 2.760214 15.951345 23.468750 530 6454 1315
Ch1: 2.757276 24.223656 23.406250 529 6458 1314
Ch1: 2.754337 15.951345 23.406250 528 6455 1312
Ch1: 2.752238 22.385365 23.437500 527 6458 1311
Ch1: 2.749719 17.330064 23.468750 526 6455 1310
Ch1: 2.746781 23.764083 23.468750 525 6460 1308
Ch1: 2.743842 16.870491 23.437500 524 6454 1307
Ch1: 2.741323 21.006646 23.468750 523 6460 1306
Ch1: 2.739224 18.708782 23.468750 522 6454 1305
Ch1: 2.735446 23.304511 23.437500 521 6461 1303
Ch1: 2.733347 21.466219 23.468750 520 6455 1302
Ch1: 2.730828 21.466219 23.468750 519 6461 1301
Ch1: 2.728729 22.385365 23.468750 518 6454 1300
Ch1: 2.725371 20.087501 23.468750 517 6459 1298
Ch1: 2.722852 22.844938 23.437500 516 6454 1297
Ch1: 2.720333 19.168355 23.437500 515 6459 1296
Ch1: 2.716975 23.304511 23.437500 514 6456 1294
Ch1: 2.714456 18.249209 23.500000 513 6459 1293
Ch1: 2.712357 23.764083 23.437500 512 6455 1292
Ch1: 2.709838 16.870491 23.437500 511 6456 1291
Ch1: 2.707319 26.061948 23.437500 510 6457 1290
Ch1: 2.703961 17.330064 23.468750 509 6458 1288
Ch1: 2.701442 23.764083 23.437500 508 6455 1287
Ch1: 2.699343 17.789636 23.437500 507 6458 1286
Ch1: 2.695984 26.521521 23.406250 506 6459 1284
Ch1: 2.693466 19.168355 23.437500 505 6457 1283
Ch1: 2.691367 25.602375 23.437500 504 6458 1282
Ch1: 2.688848 19.168355 23.437500 503 6456 1281
Ch1: 2.685909 25.142802 23.406250 502 6460 1280
Ch1: 2.682970 19.627928 23.437500 501 6455 1278
Ch1: 2.680871 25.142802 23.468750 500 6461 1277
Ch1: 2.678353 21.006646 23.468750 499 6456 1276
Ch1: 2.674994 24.223656 23.437500 498 6461 1274
Ch1: 2.672475 21.006646 23.437500 497 6455 1273
Ch1: 2.670376 23.304511 23.437500 496 6461 1272
Ch1: 2.667857 22.385365 23.437500 495 6454 1271
Ch1: 2.664919 21.006646 23.437500 494 6460 1270
Ch1: 2.661980 22.385365 23.437500 493 6455 1268
Ch1: 2.659881 20.087501 23.468750 492 6461 1267
Ch1: 2.657362 23.764083 23.437500 491 6455 1266
Ch1: 2.654424 18.249209 23.437500 490 6461 1265
Ch1: 2.651485 26.521521 23.437500 489 6458 1263
Ch1: 2.649386 17.330064 23.468750 488 6456 1262
Ch1: 2.646867 24.683229 23.406250 487 6458 1261
Ch1: 2.643929 19.627928 23.406250 486 6455 1260
Ch1: 2.641410 24.223656 23.437500 485 6460 1258
Ch1: 2.638891 21.466219 23.437500 484 6454 1257
Ch1: 2.633853 5.189006 23.468750 483 6439 1254
Ch1: 2.629655 24.031493 23.437500 482 6438 1252
Ch1: 2.630495 20.547074 23.406250 481 6457 1253
Ch1: 2.628396 15.032199 23.437500 480 6457 1252
Ch1: 2.625877 24.223656 23.437500 479 6456 1251
Ch1: 2.622519 16.870491 23.406250 478 6459 1249
Ch1: 2.620420 22.385365 23.437500 477 6455 1248
Ch1: 2.617901 20.547074 23.437500 476 6458 1247
Ch1: 2.615382 17.789636 23.437500 475 6455 1246
Ch1: 2.613283 23.764083 23.437500 474 6459 1245
Ch1: 2.609924 17.789636 23.468750 473 6455 1243
Ch1: 2.607406 23.304511 23.468750 472 6459 1242
Ch1: 2.605307 19.168355 23.437500 471 6455 1241
Ch1: 2.602788 24.223656 23.468750 470 6461 1240
Ch1: 2.600689 19.627928 23.437500 469 6454 1239
Ch1: 2.596911 21.466219 23.437500 468 6460 1237
Ch1: 2.594811 22.385365 23.437500 467 6456 1236
Ch1: 2.592712 17.789636 23.437500 466 6458 1235
Ch1: 2.590194 25.602375 23.468750 465 6458 1234
Ch1: 2.587255 18.708782 23.437500 464 6457 1233
Ch1: 2.584316 25.142802 23.437500 463 6458 1231
Ch1: 2.582217 16.410918 23.468750 462 6456 1230
Ch1: 2.579699 22.844938 23.437500 461 6458 1229
Ch1: 2.576340 17.330064 23.406250 460 6453 1228
Ch1: 2.573821 21.925792 23.437500 459 6461 1226
Ch1: 2.571722 21.925792 23.406250 458 6454 1225
Ch1: 2.569203 22.385365 23.437500 457 6462 1224
Ch1: 2.567104 22.385365 23.437500 456 6455 1223
Ch1: 2.563746 20.547074 23.406250 455 6459 1221
Ch1: 2.561647 23.764083 23.468750 454 6455 1221
Ch1: 2.559128 17.789636 23.468750 453 6458 1219
Ch1: 2.557029 26.521521 23.437500 452 6457 1218
Ch1: 2.554510 16.870491 23.437500 451 6455 1217
Ch1: 2.551991 24.223656 23.437500 450 6457 1215
Ch1: 2.548633 17.330064 23.437500 449 6455 1214
Ch1: 2.546954 25.142802 23.437500 448 6458 1213
Ch1: 2.544015 18.708782 23.437500 447 6456 1212
Ch1: 2.541916 26.061948 23.406250 446 6460 1211
Ch1: 2.539397 17.789636 23.437500 445 6455 1210
Ch1: 2.536459 25.602375 23.437500 444 6459 1208
Ch1: 2.533940 19.168355 23.437500 443 6456 1207
Ch1: 2.531841 22.844938 23.437500 442 6458 1206
Ch1: 2.529742 23.304511 23.468750 441 6455 1205
Ch1: 2.527223 19.627928 23.437500 440 6460 1204
Ch1: 2.524704 24.223656 23.468750 439 6456 1202
Ch1: 2.521346 18.708782 23.437500 438 6459 1201
Ch1: 2.519247 22.385365 23.406250 437 6454 1200
Ch1: 2.517148 18.249209 23.437500 436 6460 1199
Ch1: 2.514629 25.602375 23.437500 435 6456 1198
Ch1: 2.512530 16.410918 23.406250 434 6458 1197
Ch1: 2.509591 23.764083 23.468750 433 6455 1195
Ch1: 2.507492 17.330064 23.437500 432 6456 1195
Ch1: 2.504973 25.142802 23.406250 431 6457 1193
Ch1: 2.502454 17.330064 23.437500 430 6457 1192
Ch1: 2.500355 26.981093 23.437500 429 6458 1191
Ch1: 2.497837 15.951345 23.437500 428 6453 1190
Ch1: 2.495738 22.385365 23.406250 427 6459 1189
Ch1: 2.493639 20.087501 23.437500 426 6456 1188
Ch1: 2.490700 25.142802 23.406250 425 6460 1186
Ch1: 2.487761 18.708782 23.437500 424 6455 1185
Ch1: 2.485662 21.466219 23.468750 423 6459 1184
Ch1: 2.483563 21.466219 23.437500 422 6454 1183
Ch1: 2.481464 22.385365 23.406250 421 6459 1182
Ch1: 2.479365 23.764083 23.437500 420 6455 1181
Ch1: 2.476846 17.330064 23.437500 419 6459 1180
Ch1: 2.474328 24.683229 23.437500 418 6456 1179
Ch1: 2.471809 18.708782 23.437500 417 6459 1178
Ch1: 2.469290 23.764083 23.468750 416 6458 1177
Ch1: 2.466771 16.870491 23.406250 415 6455 1175
Ch1: 2.464672 25.142802 23.468750 414 6459 1174
Ch1: 2.462573 16.410918 23.468750 413 6454 1173
Ch1: 2.460474 22.844938 23.437500 412 6461 1172
Ch1: 2.458375 21.466219 23.406250 411 6455 1171
Ch1: 2.455856 21.466219 23.437500 410 6459 1170
Ch1: 2.454177 25.142802 23.468750 409 6455 1169
Ch1: 2.452078 18.708782 23.437500 408 6459 1168
Ch1: 2.449559 24.683229 23.406250 407 6455 1167
Ch1: 2.447460 15.491772 23.437500 406 6457 1166
Ch1: 2.445361 24.683229 23.468750 405 6457 1165
Ch1: 2.443262 19.627928 23.437500 404 6456 1164
Ch1: 2.440743 24.223656 23.437500 403 6460 1163
Ch1: 2.439064 17.330064 23.468750 402 6454 1162
Ch1: 2.436965 22.385365 23.437500 401 6461 1161
Ch1: 2.434866 19.627928 23.437500 400 6454 1160
Ch1: 2.432767 21.006646 23.437500 399 6462 1159
Ch1: 2.430668 23.764083 23.468750 398 6454 1158
Ch1: 2.428569 17.789636 23.437500 397 6460 1157
Ch1: 2.426470 25.602375 23.468750 396 6456 1156
Ch1: 2.424371 19.627928 23.468750 395 6458 1155
Ch1: 2.422692 24.683229 23.468750 394 6457 1154
Ch1: 2.420593 16.410918 23.468750 393 6454 1153
Ch1: 2.418494 23.764083 23.468750 392 6459 1152
Ch1: 2.416814 18.708782 23.437500 391 6455 1151
Ch1: 2.414715 24.223656 23.468750 390 6459 1150
Ch1: 2.413876 20.087501 23.437500 389 6454 1150
Ch1: 2.411777 21.925792 23.468750 388 6459 1149
Ch1: 2.410098 24.223656 23.468750 387 6455 1148
Ch1: 2.407998 20.087501 23.437500 386 6462 1147
Ch1: 2.407159 25.602375 23.468750 385 6456 1146
Ch1: 2.405480 19.168355 23.468750 384 6459 1146
Ch1: 2.403800 27.900239 23.437500 383 6457 1145
Ch1: 2.402961 18.708782 23.437500 382 6459 1145
Ch1: 2.401282 25.602375 23.437500 381 6457 1144
Ch1: 2.399602 17.330064 23.468750 380 6457 1143
Ch1: 2.399183 26.061948 23.437500 379 6458 1143
Ch1: 2.397503 19.627928 23.468750 378 6456 1142
Ch1: 2.397084 23.764083 23.406250 377 6459 1142
Ch1: 2.395404 19.168355 23.468750 376 6457 1141
Ch1: 2.394985 22.844938 23.468750 375 6460 1141
Ch1: 2.394985 21.925792 23.468750 374 6455 1141
Ch1: 2.394985 21.006646 23.437500 373 6459 1141
Ch1: 2.394985 21.925792 23.468750 372 6454 1141
Ch1: 2.394985 21.466219 23.437500 371 6460 1141
Ch1: 2.396664 22.385365 23.437500 370 6454 1142
Ch1: 2.398343 18.708782 23.468750 369 6460 1143
Ch1: 2.400022 24.223656 23.437500 368 6455 1143
Ch1: 2.403381 21.006646 23.437500 367 6460 1145
Ch1: 2.408418 25.602375 23.437500 366 6456 1148
Ch1: 2.415135 18.249209 23.375000 365 6458 1151
Ch1: 2.426890 25.142802 23.437500 364 6456 1157
Ch1: 2.449139 16.410918 23.406250 363 6456 1169
Ch1: 2.498676 24.683229 23.468750 362 6456 1199
Ch1: 2.581378 17.789636 23.437500 361 6455 1243
Ch1: 2.677093 25.602375 23.468750 360 6459 1289
Ch1: 2.776587 20.087501 23.437500 359 6456 1337
Ch1: 2.874401 24.683229 23.468750 358 6459 1383
Ch1: 2.971796 19.168355 23.406250 357 6455 1430
Ch1: 3.072129 23.764083 23.406250 356 6460 1478
Ch1: 3.171203 19.168355 23.437500 355 6455 1525
Ch1: 3.271956 21.925792 23.437500 354 6461 1573
Ch1: 3.369771 20.087501 23.437500 353 6452 1619
Ch1: 3.465486 21.006646 23.468750 352 6460 1665
Ch1: 3.571277 22.844938 23.468750 351 6454 1717
Ch1: 3.669511 20.547074 23.468750 350 6460 1761
Ch1: 3.765226 22.844938 23.468750 349 6454 1808
Ch1: 3.865979 21.466219 23.437500 348 6460 1856
Ch1: 3.967992 25.142802 23.468750 347 6456 1905
Ch1: 4.066646 18.249209 23.468750 346 6457 1951
Ch1: 4.166559 27.440666 23.406250 345 6459 1999
Ch1: 4.266053 19.168355 23.468750 344 6457 2046
Ch1: 4.366386 25.142802 23.468750 343 6459 2095
Ch1: 4.465880 18.708782 23.468750 342 6455 2141
Ch1: 4.564954 24.683229 23.468750 341 6460 2189
Ch1: 4.666127 18.708782 23.437500 340 6454 2237
Ch1: 4.766460 25.142802 23.468750 339 6461 2285
Ch1: 4.868053 20.087501 23.437500 338 6455 2334
Ch1: 4.967546 25.602375 23.437500 337 6462 2380
Ch1: 5.064101 20.547074 23.437500 336 6456 2426
Ch1: 5.173251 25.142802 23.468750 335 6460 2481
Ch1: 5.273584 22.844938 23.437500 334 6456 2525
Ch1: 5.370559 22.385365 23.437500 333 6461 2573
Ch1: 5.472151 23.764083 23.468750 332 6455 2621
Ch1: 5.574164 23.304511 23.437500 331 6462 2670
Ch1: 5.674497 23.764083 23.437500 330 6453 2717
Ch1: 5.774830 21.006646 23.437500 329 6460 2765
Ch1: 5.874324 24.223656 23.437500 328 6455 2813
Ch1: 5.976337 20.547074 23.468750 327 6459 2862
Ch1: 6.075830 23.764083 23.437500 326 6455 2908
Ch1: 6.176163 20.547074 23.437500 325 6459 2956
Ch1: 6.277756 25.602375 23.437500 324 6455 3005
Ch1: 6.379349 17.789636 23.437500 323 6458 3053
Ch1: 6.480942 25.142802 23.437500 322 6458 3102
Ch1: 6.581695 18.708782 23.437500 321 6456 3150
Ch1: 6.677830 24.223656 23.468750 320 6459 3195
Ch1: 6.784880 17.789636 23.437500 319 6455 3248
Ch1: 6.883534 25.602375 23.437500 318 6460 3293
Ch1: 6.980509 20.547074 23.468750 317 6455 3340
Ch1: 7.082941 21.925792 23.437500 316 6461 3388
Ch1: 7.185373 22.385365 23.437500 315 6454 3438
Ch1: 7.286127 21.006646 23.437500 314 6459 3485
Ch1: 7.386040 26.061948 23.437500 313 6457 3533
Ch1: 7.488052 21.006646 23.437500 312 6459 3581
Ch1: 7.588806 26.061948 23.437500 311 6458 3630
Ch1: 7.689139 16.870491 23.468750 310 6458 3677
Ch1: 7.788213 24.683229 23.437500 309 6456 3724
Ch1: 7.890645 17.789636 23.437500 308 6457 3774
Ch1: 7.992238 26.061948 23.437500 307 6458 3822
Ch1: 8.094250 20.087501 23.406250 306 6456 3871
Ch1: 8.195003 25.602375 23.437500 305 6460 3918
Ch1: 8.292398 19.168355 23.437500 304 6454 3964
Ch1: 8.399868 23.764083 23.437500 303 6460 4017
Ch1: 8.498942 21.466219 23.437500 302 6455 4062
Ch1: 8.596336 22.385365 23.406250 301 6460 4109
Ch1: 8.698349 25.142802 23.437500 300 6457 4159
Ch1: 8.801621 20.547074 23.437500 299 6460 4208
Ch1: 8.901954 26.521521 23.406250 298 6455 4255
Ch1: 9.002287 21.006646 23.375000 297 6460 4303
Ch1: 9.102620 24.683229 23.406250 296 6455 4351
Ch1: 9.205053 20.087501 23.406250 295 6459 4400
Ch1: 9.304546 25.602375 23.406250 294 6457 4447
Ch1: 9.405719 17.789636 23.437500 293 6457 4495
Ch1: 9.508152 26.061948 23.406250 292 6459 4544
Ch1: 9.610584 18.708782 23.437500 291 6457 4593
Ch1: 9.712177 27.440666 23.375000 290 6460 4641
Ch1: 9.812510 21.006646 23.406250 289 6456 4689
Ch1: 9.910744 26.521521 23.406250 288 6461 4735
Ch1: 10.017374 20.547074 23.375000 287 6457 4788
Ch1: 10.115609 23.764083 23.343750 286 6459 4832
Ch1: 10.214683 21.006646 23.406250 285 6455 4880
Ch1: 10.316695 19.627928 23.406250 284 6459 4929
Ch1: 10.419547 23.304511 23.406250 283 6455 4978
Ch1: 10.519880 18.249209 23.406250 282 6458 5026
Ch1: 10.620214 26.521521 23.406250 281 6458 5074
Ch1: 10.720967 18.249209 23.437500 280 6458 5122
Ch1: 10.823399 24.223656 23.468750 279 6457 5171
Ch1: 10.923313 18.708782 23.437500 278 6459 5218
Ch1: 11.023226 24.223656 23.437500 277 6457 5266
Ch1: 11.125658 17.789636 23.468750 276 6456 5315
Ch1: 11.228091 22.844938 23.406250 275 6458 5363
Ch1: 11.329263 17.789636 23.406250 274 6456 5412
Ch1: 11.430856 25.142802 23.406250 273 6461 5460
Ch1: 11.527831 18.708782 23.437500 272 6455 5505
Ch1: 11.634881 22.385365 23.406250 271 6460 5559
Ch1: 11.735214 20.547074 23.406250 270 6455 5604
Ch1: 11.833029 22.385365 23.437500 269 6460 5651
Ch1: 11.934622 20.547074 23.406250 268 6454 5700
Ch1: 12.038733 21.466219 23.406250 267 6459 5750
Ch1: 12.138646 22.844938 23.406250 266 6454 5797
Ch1: 12.239819 21.466219 23.406250 265 6461 5845
Ch1: 12.340153 22.385365 23.406250 264 6454 5893
Ch1: 12.442165 22.385365 23.406250 263 6461 5942
Ch1: 12.543338 24.683229 23.406250 262 6455 5990
Ch1: 12.643251 18.708782 23.406250 261 6459 6037
Ch1: 12.745684 23.304511 23.406250 260 6455 6086
Ch1: 12.846857 19.627928 23.437500 259 6459 6134
Ch1: 12.949289 25.142802 23.437500 258 6459 6183
Ch1: 13.050462 17.330064 23.468750 257 6456 6231
Ch1: 13.147017 25.142802 23.375000 256 6458 6277
Ch1: 13.256166 17.330064 23.406250 255 6457 6331
Ch1: 13.356079 23.764083 23.437500 254 6459 6376
Ch1: 13.454314 18.249209 23.375000 253 6456 6424
Ch1: 13.556746 25.142802 23.406250 252 6456 6473
Ch1: 13.660438 20.087501 23.375000 251 6456 6522
Ch1: 13.759931 25.602375 23.375000 250 6457 6569
Ch1: 13.861104 22.385365 23.406250 249 6454 6618
Ch1: 13.961438 22.844938 23.406250 248 6461 6665
Ch1: 14.063870 21.925792 23.437500 247 6455 6714
Ch1: 14.163783 21.925792 23.406250 246 6460 6761
Ch1: 14.264117 24.683229 23.375000 245 6455 6810
Ch1: 14.366549 21.006646 23.375000 244 6459 6859
Ch1: 14.468561 23.764083 23.406250 243 6455 6907
Ch1: 14.570154 19.627928 23.406250 242 6459 6956
Ch1: 14.671327 23.304511 23.375000 241 6456 7004
Ch1: 14.768302 15.032199 23.437500 240 6454 7049
Ch1: 14.877871 17.789636 23.437500 239 6457 7104
Ch1: 14.978624 25.602375 23.375000 238 6457 7149
Ch1: 15.076018 17.789636 23.406250 237 6459 7196
Ch1: 15.178451 24.223656 23.406250 236 6455 7245
Ch1: 15.281303 17.330064 23.406250 235 6458 7294
Ch1: 15.381636 23.764083 23.406250 234 6455 7342
Ch1: 15.482389 17.330064 23.406250 233 6457 7390
Ch1: 15.582722 23.764083 23.406250 232 6455 7438
Ch1: 15.684735 17.330064 23.406250 231 6458 7487
Ch1: 15.785488 23.304511 23.468750 230 6455 7534
Ch1: 15.885401 17.789636 23.437500 229 6459 7582
Ch1: 15.987414 23.304511 23.437500 228 6456 7631
Ch1: 16.089426 19.168355 23.437500 227 6459 7679
Ch1: 16.191859 26.061948 23.437500 226 6457 7728
Ch1: 16.291772 18.249209 23.406250 225 6460 7775
Ch1: 16.387907 23.304511 23.437500 224 6454 7820
Ch1: 16.496217 18.249209 23.406250 223 6459 7874
Ch1: 16.596970 25.602375 23.437500 222 6457 7920
Ch1: 16.694784 17.330064 23.406250 221 6458 7967
Ch1: 16.796797 25.142802 23.406250 220 6456 8016
Ch1: 16.900489 17.789636 23.437500 219 6459 8066
Ch1: 17.000402 23.764083 23.437500 218 6454 8113
Ch1: 17.101155 17.330064 23.437500 217 6457 8161
Ch1: 17.201069 24.223656 23.406250 216 6456 8208
Ch1: 17.303081 19.168355 23.437500 215 6457 8258
Ch1: 17.402575 26.061948 23.406250 214 6457 8304
Ch1: 17.502908 17.330064 23.406250 213 6458 8352
Ch1: 17.604921 26.061948 23.437500 212 6457 8401
Ch1: 17.705674 19.168355 23.468750 211 6459 8449
Ch1: 17.808526 25.602375 23.437500 210 6456 8498
Ch1: 17.908439 18.249209 23.406250 209 6458 8546
Ch1: 18.004994 25.142802 23.437500 208 6457 8591
Ch1: 18.114143 17.789636 23.468750 207 6458 8646
Ch1: 18.214477 25.142802 23.437500 206 6458 8690
Ch1: 18.312711 18.249209 23.406250 205 6457 8738
Ch1: 18.414304 24.683229 23.437500 204 6457 8787
Ch1: 18.517576 17.330064 23.437500 203 6456 8836
Ch1: 18.617909 24.223656 23.437500 202 6457 8883
Ch1: 18.717822 16.410918 23.437500 201 6456 8931
Ch1: 18.818156 21.925792 23.437500 200 6458 8979
Ch1: 18.919748 17.789636 23.437500 199 6455 9027
Ch1: 19.019242 25.142802 23.375000 198 6459 9075
Ch1: 19.119155 16.410918 23.437500 197 6453 9122
Ch1: 19.221168 22.385365 23.406250 196 6458 9171
Ch1: 19.320661 19.627928 23.437500 195 6455 9218
Ch1: 19.423094 22.844938 23.437500 194 6460 9268
Ch1: 19.523847 20.547074 23.437500 193 6454 9315
Ch1: 19.619982 21.466219 23.406250 192 6460 9360
Ch1: 19.724513 23.304511 23.437500 191 6455 9412
Ch1: 19.822748 22.844938 23.375000 190 6461 9457
Ch1: 19.920562 23.764083 23.437500 189 6455 9504
Ch1: 20.022155 19.168355 23.406250 188 6460 9553
Ch1: 20.125007 26.061948 23.437500 187 6456 9602
Ch1: 20.225760 17.789636 23.406250 186 6459 9649
Ch1: 20.324414 27.440666 23.406250 185 6456 9696
Ch1: 20.424327 16.410918 23.437500 184 6456 9744
Ch1: 20.526760 26.521521 23.437500 183 6459 9793
Ch1: 20.626673 19.168355 23.406250 182 6457 9840
Ch1: 20.725327 24.683229 23.437500 181 6459 9887
Ch1: 20.826920 19.627928 23.437500 180 6454 9936
Ch1: 20.928513 22.844938 23.437500 179 6460 9984
Ch1: 21.030525 19.627928 23.468750 178 6455 10033
Ch1: 21.130439 20.087501 23.468750 177 6460 10080
Ch1: 21.224895 22.844938 23.437500 176 6454 10125
Ch1: 21.331105 16.870491 23.437500 175 6459 10177
Ch1: 21.430179 25.602375 23.437500 174 6457 10222
Ch1: 21.527154 16.410918 23.406250 173 6457 10269
Ch1: 21.628747 25.142802 23.437500 172 6458 10318
Ch1: 21.731599 16.410918 23.406250 171 6455 10367
Ch1: 21.830672 25.142802 23.437500 170 6458 10413
Ch1: 21.930166 17.330064 23.375000 169 6455 10461
Ch1: 22.029660 23.304511 23.406250 168 6460 10509
Ch1: 22.130833 17.789636 23.406250 167 6453 10557
Ch1: 22.230326 20.547074 23.375000 166 6459 10604
Ch1: 22.329820 19.627928 23.406250 165 6452 10652
Ch1: 22.431413 17.789636 23.406250 164 6459 10700
Ch1: 22.530487 20.547074 23.437500 163 6454 10747
Ch1: 22.633339 18.708782 23.406250 162 6459 10797
Ch1: 22.732412 23.764083 23.437500 161 6455 10843
Ch1: 22.828128 17.789636 23.437500 160 6459 10888
Ch1: 22.937277 25.602375 23.406250 159 6455 10943
Ch1: 23.037610 16.870491 23.437500 158 6457 10988
Ch1: 23.135005 23.764083 23.406250 157 6457 11035
Ch1: 23.236178 16.410918 23.406250 156 6454 11084
Ch1: 23.338190 23.304511 23.406250 155 6458 11132
Ch1: 23.437264 20.087501 23.406250 154 6456 11179
Ch1: 23.536338 23.764083 23.406250 153 6460 11226
Ch1: 23.635412 19.168355 23.406250 152 6453 11274
Ch1: 23.737005 23.304511 23.437500 151 6460 11322
Ch1: 23.835659 21.466219 23.406250 150 6454 11368
Ch1: 23.935152 20.087501 23.437500 149 6461 11417
Ch1: 24.035486 23.304511 23.406250 148 6455 11464
Ch1: 24.136239 21.466219 23.406250 147 6460 11512
Ch1: 24.236572 25.142802 23.437500 146 6456 11560
Ch1: 24.336485 18.249209 23.437500 145 6459 11607
Ch1: 24.431361 24.683229 23.406250 144 6457 11652
Ch1: 24.536312 17.330064 23.406250 143 6459 11704
Ch1: 24.634127 26.061948 23.375000 142 6459 11748
Ch1: 24.730262 17.330064 23.375000 141 6456 11795
Ch1: 24.831435 25.142802 23.406250 140 6459 11844
Ch1: 24.933447 18.249209 23.375000 139 6455 11892
Ch1: 25.031682 25.602375 23.406250 138 6461 11938
Ch1: 25.130755 18.708782 23.406250 137 6455 11986
Ch1: 25.229410 22.385365 23.437500 136 6460 12033
Ch1: 25.329323 22.385365 23.375000 135 6455 12081
Ch1: 25.428397 21.466219 23.406250 134 6461 12127
Ch1: 25.524112 29.278958 23.375000 133 6458 12173
Ch1: 25.619408 36.172550 23.468750 132 6468 12218
Ch1: 25.710505 50.419309 23.406250 131 6468 12260
Ch1: 25.800763 62.368203 23.406250 130 6481 12303
Ch1: 25.887663 86.265991 23.406250 129 6485 12344
Ch1: 25.969105 105.568051 23.375000 128 6500 12383
Ch1: 26.056424 137.738150 23.375000 127 6509 12426
Ch1: 26.137027 158.418928 23.406250 126 6522 12462
Ch1: 26.215110 195.644329 23.375000 125 6534 12500
Ch1: 26.295293 220.920836 23.406250 124 6550 12538
Ch1: 26.375056 264.120683 23.406250 123 6566 12576
Ch1: 26.451460 293.073773 23.406250 122 6582 12612
Ch1: 26.527445 338.571485 23.437500 121 6601 12648
Ch1: 26.600071 373.039448 23.406250 120 6615 12682
Ch1: 26.675216 421.754170 23.437500 119 6638 12718
Ch1: 26.746163 460.358290 23.406250 118 6653 12751
Ch1: 26.818789 507.694293 23.437500 117 6676 12786
Ch1: 26.889736 555.489869 23.406250 116 6694 12819
Ch1: 26.959004 608.340747 23.437500 115 6722 12852
Ch1: 27.031210 655.217177 23.437500 114 6736 12887
Ch1: 27.098799 710.825492 23.406250 113 6768 12919
Ch1: 27.163029 760.918933 23.406250 112 6783 12949
Ch1: 27.233556 813.310237 23.437500 111 6815 12983
Ch1: 27.299465 870.756843 23.437500 110 6831 13013
Ch1: 27.362436 919.011993 23.437500 109 6860 13043
Ch1: 27.427926 986.109628 23.437500 108 6883 13076
Ch1: 27.493415 1041.717943 23.406250 107 6913 13107
Ch1: 27.556806 1107.436860 23.437500 106 6936 13136
Ch1: 27.619776 1161.206884 23.406250 105 6964 13167
Ch1: 27.682747 1228.304520 23.406250 104 6989 13196
Ch1: 27.744878 1286.210699 23.437500 103 7016 13227
Ch1: 27.806589 1357.444490 23.437500 102 7046 13254
Ch1: 27.866621 1414.431523 23.437500 101 7073 13284
Ch1: 27.927913 1491.639762 23.437500 100 7104 13313
Ch1: 27.987945 1551.843805 23.437500 99 7132 13342
Ch1: 28.047137 1629.052044 23.437500 98 7167 13369
Ch1: 28.107589 1688.796514 23.437500 97 7192 13398
Ch1: 28.163003 1766.004752 23.437500 96 7226 13424
Ch1: 28.223875 1832.642815 23.437500 95 7254 13455
Ch1: 28.279709 1910.770200 23.437500 94 7291 13479
Ch1: 28.337222 1974.191253 23.437500 93 7316 13507
Ch1: 28.392216 2055.535647 23.468750 92 7358 13533
Ch1: 28.451409 2128.607730 23.437500 91 7384 13562
Ch1: 28.505564 2204.896823 23.406250 90 7421 13586
Ch1: 28.559299 2279.807197 23.468750 89 7449 13613
Ch1: 28.613453 2359.313300 23.468750 88 7488 13639
Ch1: 28.668868 2433.304529 23.406250 87 7514 13666
Ch1: 28.725121 2509.593621 23.437500 86 7552 13692
Ch1: 28.775918 2594.155026 23.437500 85 7582 13718
Ch1: 28.831332 2671.363264 23.437500 84 7624 13743
Ch1: 28.884227 2755.005523 23.437500 83 7656 13768
Ch1: 28.936703 2837.269062 23.437500 82 7696 13794
Ch1: 28.986240 2914.477301 23.468750 81 7727 13815
Ch1: 29.035777 2999.498278 23.437500 80 7766 13838
Ch1: 29.090351 3084.978828 23.406250 79 7804 13866
Ch1: 29.140308 3172.297669 23.437500 78 7839 13888
Ch1: 29.188166 3254.561209 23.406250 77 7876 13912
Ch1: 29.238962 3338.663040 23.406250 76 7919 13936
Ch1: 29.287659 3430.118037 23.437500 75 7951 13959
Ch1: 29.338456 3511.002859 23.437500 74 7991 13983
Ch1: 29.388412 3597.402554 23.406250 73 8019 14008
Ch1: 29.434171 3686.559687 23.437500 72 8068 14030
Ch1: 29.483708 3774.338101 23.437500 71 8097 14054
Ch1: 29.529467 3863.495233 23.406250 70 8140 14074
Ch1: 29.573966 3954.950230 23.437500 69 8179 14094
Ch1: 29.624762 4039.052062 23.406250 68 8220 14118
Ch1: 29.670521 4136.481505 23.437500 67 8255 14142
Ch1: 29.717539 4227.017357 23.468750 66 8304 14163
Ch1: 29.763298 4326.744665 23.406250 65 8342 14185
Ch1: 29.805278 4405.791195 23.437500 64 8382 14205
Ch1: 29.856494 4505.978076 23.406250 63 8425 14228
Ch1: 29.900154 4598.352218 23.437500 62 8464 14250
Ch1: 29.945493 4697.160381 23.468750 61 8504 14273
Ch1: 29.987893 4786.317513 23.437500 60 8545 14294
Ch1: 30.035751 4888.342686 23.437500 59 8588 14314
Ch1: 30.074373 4977.040245 23.406250 58 8628 14333
Ch1: 30.118452 5078.605845 23.437500 57 8669 14356
Ch1: 30.159593 5165.005541 23.437500 56 8713 14374
Ch1: 30.202833 5273.005160 23.406250 55 8756 14395
Ch1: 30.244814 5362.162293 23.437500 54 8790 14414
Ch1: 30.287634 5460.510882 23.437500 53 8839 14436
Ch1: 30.326256 5560.697763 23.406250 52 8873 14452
Ch1: 30.367816 5655.829343 23.406250 51 8924 14473
Ch1: 30.411896 5750.960922 23.437500 50 8960 14492
Ch1: 30.452617 5856.203105 23.406250 49 9011 14513
Ch1: 30.488300 5944.900665 23.437500 48 9043 14531
Ch1: 30.532799 6047.844983 23.406250 47 9105 14552
Ch1: 30.569742 6159.061612 23.406250 46 9145 14568
Ch1: 30.610044 6251.435755 23.406250 45 9185 14589
Ch1: 30.649925 6350.703490 23.437500 44 9222 14608
Ch1: 30.689387 6450.890371 23.437500 43 9268 14626
Ch1: 30.728848 6550.617679 23.375000 42 9308 14644
Ch1: 30.762852 6650.804560 23.437500 41 9362 14660
Ch1: 30.800635 6767.076491 23.406250 40 9401 14679
Ch1: 30.838837 6852.557041 23.406250 39 9444 14699
Ch1: 30.874940 6961.475806 23.437500 38 9491 14712
Ch1: 30.910624 7053.849948 23.375000 37 9533 14732
Ch1: 30.948406 7162.768713 23.406250 36 9580 14749
Ch1: 30.985349 7264.334313 23.406250 35 9625 14764
Ch1: 31.021032 7371.874359 23.406250 34 9670 14782
Ch1: 31.060074 7466.086793 23.406250 33 9714 14803
Ch1: 31.091139 7563.056664 23.437500 32 9750 14818
Ch1: 31.128082 7667.379701 23.406250 31 9799 14833
Ch1: 31.162086 7774.000602 23.437500 30 9845 14853
Ch1: 31.196091 7875.566201 23.375000 29 9887 14866
Ch1: 31.228835 7982.646675 23.406250 28 9937 14882
Ch1: 31.265358 8088.348430 23.406250 27 9982 14900
Ch1: 31.296844 8183.939583 23.406250 26 10024 14915
Ch1: 31.330848 8291.939202 23.375000 25 10069 14931
Ch1: 31.362333 8385.232491 23.375000 24 10108 14948
Ch1: 31.399696 8491.393819 23.406250 23 10154 14962
Ch1: 31.425724 8599.393438 23.375000 22 10205 14976
Ch1: 31.459728 8697.282455 23.375000 21 10243 14991
Ch1: 31.489954 8802.524637 23.406250 20 10296 15004
Ch1: 31.523538 8906.388101 23.406250 19 10331 15023
Ch1: 31.554184 9001.060108 23.406250 18 10384 15036
Ch1: 31.587768 9115.034174 23.406250 17 10423 15052
Ch1: 31.615475 9201.433870 23.406250 16 10471 15065
Ch1: 31.651998 9319.084519 23.406250 15 10512 15084
Ch1: 31.679705 9418.811827 23.406250 14 10564 15096
Ch1: 31.709511 9518.539135 23.375000 13 10601 15113
Ch1: 31.738898 9615.509006 23.406250 12 10652 15124
Ch1: 31.764926 9736.836238 23.375000 11 10693 15140
Ch1: 31.796411 9826.452944 23.406250 10 10739 15153
Ch1: 31.825377 9920.205805 23.375000 9 10772 15167
Ch1: 31.852245 10021.771404 23.406250 8 10821 15176
Ch1: 31.877433 10120.119994 23.375000 7 10867 15191
Ch1: 31.905980 10213.872855 23.375000 6 10911 15203
Ch1: 31.936626 10320.493756 23.375000 5 10959 15216
Ch1: 31.961394 10409.650889 23.343750 4 10986 15231
Ch1: 31.986582 10512.135634 23.343750 3 11041 15243
Ch1: 32.015129 10606.807641 23.375000 2 11076 15253
Ch1: 32.039058 10703.777512 23.375000 1 11112 15268
Ch1: 32.067185 10803.045247 23.375000 0 11159 15283
Ch1: 32.070963 10844.406803 23.406250 0 11171 15281
Ch1: 32.050812 10775.011303 23.406250 1 11129 15262
Ch1: 32.026044 10673.905276 23.406250 2 11078 15255
Ch1: 32.001695 10576.475833 23.375000 3 11034 15245
Ch1: 31.973568 10479.965534 23.375000 4 10998 15231
Ch1: 31.948380 10386.212673 23.343750 5 10950 15217
Ch1: 31.920673 10282.808782 23.375000 6 10915 15202
Ch1: 31.894225 10195.030368 23.375000 7 10871 15192
Ch1: 31.866099 10082.435020 23.406250 8 10831 15179
Ch1: 31.837972 9995.575752 23.343750 9 10781 15164
Ch1: 31.815302 9890.333570 23.375000 10 10744 15153
Ch1: 31.781298 9796.121136 23.343750 11 10702 15138
Ch1: 31.754011 9695.934255 23.375000 12 10657 15123
Ch1: 31.722945 9600.802675 23.343750 13 10609 15111
Ch1: 31.692719 9484.530744 23.375000 14 10565 15097
Ch1: 31.665852 9404.565069 23.375000 15 10526 15084
Ch1: 31.630168 9280.480400 23.375000 16 10473 15062
Ch1: 31.601622 9180.293519 23.375000 17 10430 15052
Ch1: 31.570976 9076.430055 23.406250 18 10380 15035
Ch1: 31.543689 8980.838902 23.375000 19 10338 15027
Ch1: 31.509685 8864.566972 23.343750 20 10291 15009
Ch1: 31.476520 8777.707703 23.375000 21 10257 14991
Ch1: 31.445454 8664.652782 23.343750 22 10204 14975
Ch1: 31.412290 8562.168037 23.375000 23 10165 14961
Ch1: 31.382904 8460.602438 23.375000 24 10119 14946
Ch1: 31.346800 8359.496411 23.406250 25 10073 14930
Ch1: 31.316994 8248.279782 23.406250 26 10023 14914
Ch1: 31.280051 8154.067348 23.375000 27 9983 14897
Ch1: 31.250245 8054.799612 23.375000 28 9938 14883
Ch1: 31.212463 7950.476576 23.375000 29 9901 14864
Ch1: 31.179298 7847.072685 23.375000 30 9845 14852
Ch1: 31.149072 7739.073065 23.406250 31 9803 14836
Ch1: 31.112549 7636.588320 23.406250 32 9749 14819
Ch1: 31.078126 7527.209982 23.375000 33 9720 14804
Ch1: 31.043702 7437.593277 23.406250 34 9670 14784
Ch1: 31.005919 7328.674512 23.375000 35 9628 14765
Ch1: 30.971915 7234.462078 23.406250 36 9583 14752
Ch1: 30.932453 7120.488011 23.406250 37 9534 14733
Ch1: 30.899289 7021.679849 23.406250 38 9491 14715
Ch1: 30.861087 6921.033395 23.406250 39 9448 14699
Ch1: 30.820366 6827.280534 23.375000 40 9406 14678
Ch1: 30.785102 6723.417070 23.343750 41 9356 14662
Ch1: 30.747739 6621.391898 23.375000 42 9320 14646
Ch1: 30.712056 6521.205017 23.375000 43 9268 14627
Ch1: 30.673014 6423.316000 23.375000 44 9238 14605
Ch1: 30.629355 6321.750400 23.375000 45 9184 14589
Ch1: 30.592832 6217.427364 23.406250 46 9144 14570
Ch1: 30.552111 6129.189377 23.406250 47 9103 14550
Ch1: 30.513488 6013.836592 23.406250 48 9053 14533
Ch1: 30.474447 5923.760314 23.437500 49 9008 14513
Ch1: 30.434565 5823.573433 23.437500 50 8970 14495
Ch1: 30.393844 5727.982280 23.406250 51 8922 14475
Ch1: 30.351864 5626.876253 23.406250 52 8881 14455
Ch1: 30.307364 5534.961684 23.437500 53 8841 14436
Ch1: 30.269162 5431.557793 23.437500 54 8798 14415
Ch1: 30.228441 5334.128349 23.437500 55 8757 14397
Ch1: 30.185201 5234.860614 23.406250 56 8709 14377
Ch1: 30.142381 5144.784335 23.437500 57 8675 14355
Ch1: 30.103340 5045.976173 23.406250 58 8628 14337
Ch1: 30.056741 4952.223312 23.437500 59 8597 14314
Ch1: 30.014341 4858.470451 23.437500 60 8550 14294
Ch1: 29.971101 4758.283570 23.406250 61 8510 14273
Ch1: 29.924503 4670.045583 23.468750 62 8466 14251
Ch1: 29.884621 4577.211867 23.406250 63 8432 14233
Ch1: 29.833405 4477.484559 23.406250 64 8383 14208
Ch1: 29.787647 4376.838105 23.437500 65 8345 14186
Ch1: 29.746506 4298.251148 23.437500 66 8303 14166
Ch1: 29.701167 4189.791956 23.437500 67 8261 14145
Ch1: 29.653309 4113.502863 23.437500 68 8229 14122
Ch1: 29.604612 4015.613846 23.437500 69 8182 14099
Ch1: 29.560113 3930.133296 23.437500 70 8148 14076
Ch1: 29.510995 3838.218727 23.406250 71 8104 14054
Ch1: 29.463557 3752.738177 23.437500 72 8070 14030
Ch1: 29.416959 3657.606597 23.437500 73 8030 14008
Ch1: 29.368682 3575.343057 23.437500 74 7994 13986
Ch1: 29.320404 3484.807206 23.468750 75 7951 13963
Ch1: 29.271287 3401.624521 23.406250 76 7919 13939
Ch1: 29.219231 3309.250378 23.437500 77 7874 13915
Ch1: 29.169275 3227.905984 23.437500 78 7845 13889
Ch1: 29.121417 3147.021162 23.468750 79 7800 13868
Ch1: 29.068941 3053.727874 23.437500 80 7770 13841
Ch1: 29.016886 2977.438781 23.406250 81 7729 13818
Ch1: 28.968188 2894.256096 23.437500 82 7699 13796
Ch1: 28.915713 2813.830847 23.437500 83 7657 13769
Ch1: 28.862817 2727.890725 23.406250 84 7627 13743
Ch1: 28.811601 2649.303767 23.468750 85 7585 13719
Ch1: 28.759126 2565.201936 23.406250 86 7555 13694
Ch1: 28.704131 2490.291562 23.406250 87 7518 13669
Ch1: 28.651656 2407.568449 23.406250 88 7487 13643
Ch1: 28.595402 2337.713376 23.406250 89 7451 13617
Ch1: 28.542506 2250.854108 23.437500 90 7421 13591
Ch1: 28.486253 2187.433055 23.437500 91 7388 13565
Ch1: 28.429999 2104.709942 23.437500 92 7355 13537
Ch1: 28.372486 2037.152733 23.406250 93 7323 13509
Ch1: 28.316232 1953.050902 23.437500 94 7291 13483
Ch1: 28.261657 1890.089422 23.406250 95 7262 13457
Ch1: 28.201625 1806.906736 23.437500 96 7223 13428
Ch1: 28.142853 1747.162266 23.468750 97 7198 13401
Ch1: 28.085339 1671.332746 23.437500 98 7163 13374
Ch1: 28.027406 1606.992547 23.437500 99 7138 13345
Ch1: 27.967374 1532.541745 23.437500 100 7105 13317
Ch1: 27.906503 1473.256848 23.406250 101 7078 13288
Ch1: 27.845211 1398.806046 23.437500 102 7050 13259
Ch1: 27.784759 1339.980722 23.406250 103 7023 13229
Ch1: 27.722209 1268.287357 23.437500 104 6991 13200
Ch1: 27.661757 1213.138616 23.437500 105 6967 13170
Ch1: 27.599626 1142.823970 23.406250 106 6939 13140
Ch1: 27.537075 1092.730529 23.406250 107 6912 13111
Ch1: 27.471585 1022.415883 23.437500 108 6888 13079
Ch1: 27.405676 969.565006 23.468750 109 6862 13048
Ch1: 27.339767 907.522671 23.406250 110 6838 13017
Ch1: 27.277636 859.267522 23.406250 111 6812 12988
Ch1: 27.209207 792.169886 23.406250 112 6785 12954
Ch1: 27.143298 749.429611 23.375000 113 6767 12923
Ch1: 27.076549 689.685141 23.406250 114 6743 12891
Ch1: 27.006442 646.944866 23.437500 115 6723 12858
Ch1: 26.936754 589.957833 23.375000 116 6696 12824
Ch1: 26.865807 548.136704 23.406250 117 6681 12791
Ch1: 26.794021 491.609243 23.375000 118 6654 12756
Ch1: 26.724333 453.924270 23.437500 119 6640 12723
Ch1: 26.649608 403.371256 23.437500 120 6616 12687
Ch1: 26.576562 368.903293 23.437500 121 6604 12652
Ch1: 26.501417 322.486435 23.437500 122 6580 12616
Ch1: 26.426272 288.018471 23.375000 123 6571 12580
Ch1: 26.349028 248.495206 23.437500 124 6550 12543
Ch1: 26.268845 218.163398 23.406250 125 6540 12505
Ch1: 26.189922 182.316716 23.375000 126 6521 12467
Ch1: 26.112258 157.040210 23.437500 127 6515 12430
Ch1: 26.025779 124.870110 23.406250 128 6496 12387
Ch1: 25.943077 102.351041 23.437500 129 6493 12350
Ch1: 25.859956 80.291544 23.406250 130 6478 12309
Ch1: 25.771797 58.232047 23.406250 131 6473 12266
Ch1: 25.681539 42.606570 23.406250 132 6460 12223
Ch1: 25.589602 29.278958 23.375000 133 6463 12179
Ch1: 25.493886 25.602375 23.406250 134 6455 12133
Ch1: 25.397751 20.087501 23.437500 135 6459 12087
Ch1: 25.297418 24.223656 23.406250 136 6455 12039
Ch1: 25.198344 18.249209 23.375000 137 6460 11992
Ch1: 25.099690 23.304511 23.406250 138 6456 11945
Ch1: 25.001875 18.249209 23.406250 139 6459 11899
Ch1: 24.901542 24.223656 23.437500 140 6455 11850
Ch1: 24.799950 17.330064 23.406250 141 6459 11802
Ch1: 24.700876 25.142802 23.437500 142 6456 11755
Ch1: 24.606000 17.330064 23.406250 143 6459 11710
Ch1: 24.500629 25.142802 23.437500 144 6457 11658
Ch1: 24.403234 18.708782 23.437500 145 6459 11614
Ch1: 24.306259 25.602375 23.437500 146 6458 11567
Ch1: 24.205087 18.249209 23.437500 147 6456 11518
Ch1: 24.105593 23.764083 23.406250 148 6458 11471
Ch1: 24.004840 16.410918 23.375000 149 6455 11423
Ch1: 23.904507 23.304511 23.406250 150 6458 11375
Ch1: 23.806692 17.789636 23.437500 151 6455 11329
Ch1: 23.705099 23.304511 23.437500 152 6461 11280
Ch1: 23.606026 21.006646 23.406250 153 6455 11233
Ch1: 23.506112 21.466219 23.437500 154 6460 11185
Ch1: 23.407878 19.168355 23.406250 155 6455 11139
Ch1: 23.306705 19.627928 23.437500 156 6460 11090
Ch1: 23.205532 20.547074 23.437500 157 6453 11042
Ch1: 23.105619 19.627928 23.406250 158 6460 10995
Ch1: 23.010743 21.466219 23.437500 159 6455 10950
Ch1: 22.900754 19.168355 23.437500 160 6460 10895
Ch1: 22.800841 21.466219 23.406250 161 6454 10850
Ch1: 22.703866 17.330064 23.406250 162 6458 10803
Ch1: 22.601853 23.764083 23.468750 163 6456 10754
Ch1: 22.501520 17.330064 23.437500 164 6459 10707
Ch1: 22.401187 26.061948 23.406250 165 6457 10659
Ch1: 22.300434 16.410918 23.406250 166 6456 10611
Ch1: 22.201360 24.683229 23.437500 167 6458 10564
Ch1: 22.100607 18.249209 23.406250 168 6458 10515
Ch1: 22.000693 26.061948 23.437500 169 6459 10468
Ch1: 21.899940 17.330064 23.437500 170 6456 10420
Ch1: 21.801706 24.683229 23.468750 171 6459 10373
Ch1: 21.700533 17.330064 23.437500 172 6455 10325
Ch1: 21.598101 25.142802 23.437500 173 6460 10276
Ch1: 21.498187 18.249209 23.406250 174 6456 10229
Ch1: 21.402892 23.764083 23.437500 175 6460 10184
Ch1: 21.297521 19.168355 23.406250 176 6455 10132
Ch1: 21.198447 22.385365 23.468750 177 6460 10087
Ch1: 21.100632 19.627928 23.468750 178 6454 10039
Ch1: 20.999040 21.925792 23.437500 179 6459 9991
Ch1: 20.898707 21.925792 23.437500 180 6453 9943
Ch1: 20.797114 21.006646 23.437500 181 6460 9895
Ch1: 20.696361 21.006646 23.437500 182 6453 9847
Ch1: 20.597287 20.547074 23.437500 183 6459 9800
Ch1: 20.496114 22.844938 23.406250 184 6455 9751
Ch1: 20.397040 19.168355 23.437500 185 6461 9704
Ch1: 20.295867 22.844938 23.375000 186 6455 9656
Ch1: 20.197213 16.870491 23.437500 187 6459 9609
Ch1: 20.095621 25.602375 23.437500 188 6455 9561
Ch1: 19.993608 17.330064 23.437500 189 6458 9511
Ch1: 19.892435 23.764083 23.406250 190 6455 9464
Ch1: 19.797140 17.330064 23.437500 191 6457 9419
Ch1: 19.693448 24.223656 23.468750 192 6457 9368
Ch1: 19.594374 17.789636 23.437500 193 6456 9322
Ch1: 19.496560 26.521521 23.437500 194 6459 9275
Ch1: 19.394547 17.789636 23.468750 195 6456 9226
Ch1: 19.294634 23.764083 23.468750 196 6459 9179
Ch1: 19.193041 17.789636 23.468750 197 6455 9130
Ch1: 19.091448 22.385365 23.468750 198 6460 9082
Ch1: 18.991955 20.087501 23.437500 199 6455 9035
Ch1: 18.890782 22.385365 23.437500 200 6459 8986
Ch1: 18.789609 18.708782 23.437500 201 6454 8939
Ch1: 18.689695 21.006646 23.468750 202 6460 8890
Ch1: 18.591041 20.547074 23.437500 203 6454 8844
Ch1: 18.489868 17.330064 23.468750 204 6458 8795
Ch1: 18.387016 22.385365 23.437500 205 6455 8746
Ch1: 18.285424 16.870491 23.437500 206 6458 8698
Ch1: 18.190128 23.304511 23.406250 207 6456 8653
Ch1: 18.081818 16.870491 23.437500 208 6457 8599
Ch1: 17.980226 24.683229 23.406250 209 6458 8553
Ch1: 17.882411 15.951345 23.437500 210 6456 8506
Ch1: 17.780399 22.844938 23.437500 211 6457 8457
Ch1: 17.678806 16.410918 23.500000 212 6454 8409
Ch1: 17.577213 22.844938 23.437500 213 6459 8360
Ch1: 17.476041 18.249209 23.437500 214 6455 8312
Ch1: 17.376127 20.547074 23.406250 215 6459 8265
Ch1: 17.274534 20.087501 23.437500 216 6453 8216
Ch1: 17.174201 18.708782 23.437500 217 6461 8168
Ch1: 17.072609 20.547074 23.437500 218 6453 8120
Ch1: 16.973535 19.168355 23.437500 219 6460 8073
Ch1: 16.872362 23.304511 23.437500 220 6456 8024
Ch1: 16.768670 16.870491 23.437500 221 6458 7975
Ch1: 16.668337 24.683229 23.437500 222 6458 7927
Ch1: 16.573041 15.491772 23.437500 223 6455 7883
Ch1: 16.465571 22.385365 23.437500 224 6458 7829
Ch1: 16.363979 18.249209 23.437500 225 6455 7783
Ch1: 16.265744 21.925792 23.406250 226 6460 7736
Ch1: 16.164152 18.708782 23.500000 227 6453 7687
Ch1: 16.062979 20.087501 23.437500 228 6460 7639
Ch1: 15.960546 22.385365 23.437500 229 6455 7590
Ch1: 15.859374 20.087501 23.406250 230 6459 7542
Ch1: 15.759880 24.223656 23.406250 231 6456 7495
Ch1: 15.658287 16.410918 23.437500 232 6458 7446
Ch1: 15.557534 24.223656 23.437500 233 6456 7398
Ch1: 15.457201 17.789636 23.406250 234 6457 7350
Ch1: 15.356868 25.142802 23.437500 235 6457 7303
Ch1: 15.254855 15.491772 23.468750 236 6457 7253
Ch1: 15.152423 24.683229 23.406250 237 6458 7205
Ch1: 15.051670 15.491772 23.437500 238 6454 7157
Ch1: 14.955954 22.844938 23.406250 239 6459 7112
Ch1: 14.846805 16.870491 23.406250 240 6453 7057
Ch1: 14.744793 22.844938 23.437500 241 6460 7011
Ch1: 14.646139 17.789636 23.375000 242 6453 6964
Ch1: 14.544126 21.925792 23.437500 243 6459 6915
Ch1: 14.442953 17.330064 23.406250 244 6453 6867
Ch1: 14.341361 22.844938 23.406250 245 6459 6818
Ch1: 14.239348 18.708782 23.406250 246 6453 6770
Ch1: 14.139435 19.168355 23.375000 247 6459 6723
Ch1: 14.037842 20.547074 23.437500 248 6454 6674
Ch1: 13.937089 18.249209 23.437500 249 6459 6626
Ch1: 13.835916 20.547074 23.437500 250 6453 6578
Ch1: 13.736422 18.708782 23.406250 251 6459 6531
Ch1: 13.634410 21.925792 23.437500 252 6454 6481
Ch1: 13.530718 17.330064 23.406250 253 6459 6432
Ch1: 13.430385 22.844938 23.437500 254 6456 6385
Ch1: 13.334250 18.249209 23.406250 255 6459 6340
Ch1: 13.225940 24.223656 23.406250 256 6456 6285
Ch1: 13.123508 17.789636 23.437500 257 6459 6239
Ch1: 13.025693 23.764083 23.437500 258 6456 6192
Ch1: 12.923681 16.870491 23.437500 259 6457 6143
Ch1: 12.822088 23.304511 23.406250 260 6455 6094
Ch1: 12.719656 15.491772 23.468750 261 6457 6046
Ch1: 12.618063 24.683229 23.406250 262 6458 5997
Ch1: 12.518570 15.032199 23.468750 263 6457 5950
Ch1: 12.416977 23.764083 23.437500 264 6457 5901
Ch1: 12.315804 15.951345 23.437500 265 6454 5853
Ch1: 12.214631 23.764083 23.437500 266 6459 5805
Ch1: 12.114718 17.330064 23.437500 267 6454 5758
Ch1: 12.012705 23.304511 23.468750 268 6460 5709
Ch1: 11.909853 17.789636 23.468750 269 6453 5660
Ch1: 11.809100 20.087501 23.437500 270 6460 5612
Ch1: 11.712965 18.249209 23.437500 271 6453 5567
Ch1: 11.606334 18.249209 23.437500 272 6459 5514
Ch1: 11.504742 21.466219 23.468750 273 6454 5468
Ch1: 11.406507 18.708782 23.468750 274 6460 5420
Ch1: 11.304915 21.006646 23.406250 275 6452 5372
Ch1: 11.203322 17.330064 23.468750 276 6460 5323
Ch1: 11.100890 24.223656 23.468750 277 6455 5274
Ch1: 10.999717 16.870491 23.437500 278 6458 5226
Ch1: 10.899803 24.683229 23.406250 279 6458 5179
Ch1: 10.798211 17.330064 23.468750 280 6457 5130
Ch1: 10.696618 23.764083 23.437500 281 6458 5082
Ch1: 10.596285 16.410918 23.468750 282 6456 5034
Ch1: 10.495952 24.223656 23.468750 283 6460 4987
Ch1: 10.393939 17.330064 23.437500 284 6455 4937
Ch1: 10.290667 23.764083 23.437500 285 6460 4888
Ch1: 10.190754 18.708782 23.468750 286 6453 4841
Ch1: 10.094618 22.385365 23.468750 287 6462 4796
Ch1: 9.988828 22.844938 23.468750 288 6454 4743
Ch1: 9.888075 19.168355 23.468750 289 6460 4697
Ch1: 9.789840 23.304511 23.437500 290 6455 4650
Ch1: 9.688248 18.708782 23.437500 291 6459 4601
Ch1: 9.586655 25.142802 23.468750 292 6458 4553
Ch1: 9.484223 16.870491 23.500000 293 6458 4504
Ch1: 9.382210 26.061948 23.468750 294 6459 4456
Ch1: 9.283556 16.410918 23.468750 295 6454 4409
Ch1: 9.181964 23.764083 23.468750 296 6458 4360
Ch1: 9.080371 15.951345 23.437500 297 6454 4312
Ch1: 8.979198 23.764083 23.468750 298 6460 4264
Ch1: 8.879285 17.330064 23.500000 299 6453 4216
Ch1: 8.777692 18.708782 23.468750 300 6460 4167
Ch1: 8.674000 19.627928 23.468750 301 6454 4118
Ch1: 8.573247 20.547074 23.468750 302 6460 4070
Ch1: 8.477532 22.844938 23.468750 303 6454 4026
Ch1: 8.372161 18.249209 23.468750 304 6460 3973
Ch1: 8.269728 23.304511 23.437500 305 6454 3926
Ch1: 8.171914 16.870491 23.437500 306 6459 3879
Ch1: 8.070321 23.764083 23.437500 307 6456 3830
Ch1: 7.969148 15.491772 23.500000 308 6457 3783
Ch1: 7.866716 24.223656 23.468750 309 6458 3733
Ch1: 7.765123 18.249209 23.468750 310 6456 3685
Ch1: 7.665210 25.142802 23.500000 311 6459 3638
Ch1: 7.563617 18.708782 23.468750 312 6455 3589
Ch1: 7.462864 23.304511 23.500000 313 6459 3541
Ch1: 7.362111 17.789636 23.500000 314 6452 3493
Ch1: 7.263037 24.683229 23.468750 315 6461 3446
Ch1: 7.160605 21.466219 23.500000 316 6454 3397
Ch1: 7.058173 21.925792 23.437500 317 6462 3348
Ch1: 6.957420 20.087501 23.468750 318 6453 3301
Ch1: 6.862544 20.547074 23.500000 319 6460 3256
Ch1: 6.757593 22.385365 23.468750 320 6455 3204
Ch1: 6.656000 18.708782 23.500000 321 6458 3157
Ch1: 6.557766 25.142802 23.500000 322 6456 3110
Ch1: 6.456173 17.789636 23.500000 323 6459 3061
Ch1: 6.355000 24.223656 23.500000 324 6456 3013
Ch1: 6.253827 16.870491 23.500000 325 6456 2965
Ch1: 6.152654 26.521521 23.500000 326 6460 2917
Ch1: 6.054000 15.491772 23.531250 327 6454 2870
Ch1: 5.952408 22.844938 23.531250 328 6458 2821
Ch1: 5.851655 17.330064 23.500000 329 6455 2774
Ch1: 5.752161 23.764083 23.531250 330 6461 2726
Ch1: 5.652247 18.708782 23.500000 331 6455 2679
Ch1: 5.550655 22.385365 23.468750 332 6458 2630
Ch1: 5.448223 16.410918 23.531250 333 6454 2581
Ch1: 5.348729 21.006646 23.500000 334 6460 2534
Ch1: 5.252174 18.249209 23.500000 335 6453 2489
Ch1: 5.145543 20.547074 23.531250 336 6459 2435
Ch1: 5.043531 20.547074 23.500000 337 6453 2389
Ch1: 4.945297 18.708782 23.500000 338 6459 2342
Ch1: 4.844124 21.466219 23.500000 339 6453 2294
Ch1: 4.744210 19.168355 23.500000 340 6459 2246
Ch1: 4.642198 21.006646 23.500000 341 6454 2197
Ch1: 4.541865 17.789636 23.500000 342 6459 2150
Ch1: 4.444470 22.844938 23.500000 343 6455 2103
Ch1: 4.343297 17.789636 23.531250 344 6459 2055
Ch1: 4.242544 24.683229 23.500000 345 6456 2007
Ch1: 4.142631 16.410918 23.500000 346 6457 1959
Ch1: 4.044396 23.304511 23.468750 347 6457 1913
Ch1: 3.944063 16.410918 23.500000 348 6457 1864
Ch1: 3.842470 23.764083 23.468750 349 6458 1816
Ch1: 3.742977 16.410918 23.531250 350 6457 1769
Ch1: 3.648521 23.764083 23.531250 351 6459 1725
Ch1: 3.544829 16.870491 23.500000 352 6455 1673
Ch1: 3.444076 23.304511 23.531250 353 6458 1627
Ch1: 3.347101 16.410918 23.500000 354 6455 1580
Ch1: 3.247188 23.764083 23.500000 355 6460 1533
Ch1: 3.148534 17.789636 23.500000 356 6454 1486
Ch1: 3.048200 24.683229 23.500000 357 6460 1438
Ch1: 2.948707 20.087501 23.531250 358 6455 1390
Ch1: 2.851312 21.006646 23.500000 359 6461 1344
Ch1: 2.752238 18.708782 23.500000 360 6454 1297
Ch1: 2.653584 21.466219 23.500000 361 6460 1250
Ch1: 2.556609 21.006646 23.531250 362 6453 1204
Ch1: 2.473068 20.087501 23.531250 363 6459 1170
Ch1: 2.434446 22.385365 23.531250 364 6455 1158
Ch1: 2.418913 20.547074 23.500000 365 6460 1151
Ch1: 2.410517 23.304511 23.500000 366 6456 1148
Ch1: 2.405899 16.870491 23.500000 367 6455 1146
Ch1: 2.401701 23.764083 23.500000 368 6460 1144
Ch1: 2.399183 19.168355 23.500000 369 6454 1143
Ch1: 2.397503 22.385365 23.500000 370 6460 1142
Ch1: 2.397084 18.249209 23.531250 371 6452 1142
Ch1: 2.395824 20.087501 23.500000 372 6460 1141
Ch1: 2.395824 19.627928 23.500000 373 6453 1141
Ch1: 2.395824 19.627928 23.500000 374 6460 1141
Ch1: 2.396664 23.304511 23.500000 375 6456 1142
Ch1: 2.397084 19.168355 23.500000 376 6459 1142
Ch1: 2.397084 23.304511 23.500000 377 6455 1142
Ch1: 2.399183 22.385365 23.500000 378 6454 1143
Ch1: 2.399183 19.627928 23.468750 379 6459 1143
Ch1: 2.401282 24.223656 23.468750 380 6460 1144
Ch1: 2.401282 16.870491 23.500000 381 6455 1144
Ch1: 2.403381 23.764083 23.500000 382 6459 1145
Ch1: 2.404640 18.249209 23.500000 383 6454 1146
Ch1: 2.405480 20.087501 23.531250 384 6460 1146
Ch1: 2.407579 19.168355 23.500000 385 6453 1147
Ch1: 2.408838 18.708782 23.500000 386 6459 1148
Ch1: 2.410517 21.466219 23.531250 387 6454 1149
Ch1: 2.411777 16.870491 23.500000 388 6458 1149
Ch1: 2.413456 23.764083 23.500000 389 6456 1150
Ch1: 2.415555 17.330064 23.500000 390 6459 1151
Ch1: 2.417654 22.844938 23.500000 391 6455 1152
Ch1: 2.419753 15.491772 23.531250 392 6458 1153
Ch1: 2.421432 23.764083 23.500000 393 6457 1154
Ch1: 2.422272 15.951345 23.500000 394 6454 1154
Ch1: 2.424371 23.304511 23.531250 395 6457 1155
Ch1: 2.426050 16.870491 23.500000 396 6455 1156
Ch1: 2.428569 23.304511 23.562500 397 6459 1157
Ch1: 2.430668 16.870491 23.531250 398 6453 1158
Ch1: 2.432767 20.087501 23.531250 399 6459 1159
Ch1: 2.434866 17.330064 23.531250 400 6454 1160
Ch1: 2.436965 21.006646 23.531250 401 6459 1161
Ch1: 2.439064 22.844938 23.531250 402 6455 1162
Ch1: 2.440743 15.951345 23.500000 403 6456 1163
Ch1: 2.442842 23.764083 23.531250 404 6456 1164
Ch1: 2.444941 16.410918 23.593750 405 6457 1165
Ch1: 2.447460 25.602375 23.531250 406 6459 1166
Ch1: 2.449559 15.491772 23.531250 407 6454 1167
Ch1: 2.451658 22.844938 23.500000 408 6458 1168
Ch1: 2.453757 14.572627 23.562500 409 6453 1169
Ch1: 2.456696 23.764083 23.562500 410 6461 1170
Ch1: 2.458795 17.789636 23.562500 411 6453 1172
Ch1: 2.461314 24.223656 23.562500 412 6462 1173
Ch1: 2.462993 21.006646 23.562500 413 6454 1174
Ch1: 2.466351 21.925792 23.562500 414 6461 1175
Ch1: 2.468031 21.466219 23.562500 415 6455 1176
Ch1: 2.470130 18.708782 23.531250 416 6461 1177
Ch1: 2.472648 21.925792 23.562500 417 6454 1178
Ch1: 2.474328 18.708782 23.562500 418 6459 1179
Ch1: 2.476846 25.602375 23.531250 419 6459 1180
Ch1: 2.479365 17.330064 23.562500 420 6456 1181
Ch1: 2.481884 23.764083 23.593750 421 6458 1182
Ch1: 2.484823 17.789636 23.562500 422 6456 1184
Ch1: 2.486922 21.466219 23.593750 423 6458 1185
Ch1: 2.489021 17.789636 23.562500 424 6455 1186
Ch1: 2.491540 23.764083 23.531250 425 6460 1187
Ch1: 2.493219 17.330064 23.562500 426 6453 1188
Ch1: 2.495738 23.304511 23.562500 427 6460 1189
Ch1: 2.498676 20.087501 23.562500 428 6454 1190
Ch1: 2.500355 20.547074 23.562500 429 6460 1191
Ch1: 2.502874 20.087501 23.593750 430 6454 1193
Ch1: 2.505813 18.249209 23.593750 431 6460 1194
Ch1: 2.507912 23.764083 23.562500 432 6456 1195
Ch1: 2.510431 18.708782 23.593750 433 6459 1196
Ch1: 2.512530 24.223656 23.562500 434 6456 1197
Ch1: 2.514629 17.789636 23.562500 435 6458 1198
Ch1: 2.518407 25.142802 23.562500 436 6455 1200
Ch1: 2.520506 15.491772 23.593750 437 6457 1201
Ch1: 2.522605 23.304511 23.562500 438 6457 1202
Ch1: 2.524704 17.330064 23.562500 439 6456 1203
Ch1: 2.527223 23.304511 23.562500 440 6457 1204
Ch1: 2.529322 15.951345 23.593750 441 6455 1205
Ch1: 2.532680 24.223656 23.593750 442 6460 1206
Ch1: 2.535199 22.385365 23.593750 443 6454 1208
Ch1: 2.537298 16.870491 23.593750 444 6460 1209
Ch1: 2.539817 22.844938 23.593750 445 6455 1210
Ch1: 2.541916 17.789636 23.562500 446 6458 1211
Ch1: 2.544855 24.683229 23.562500 447 6454 1213
Ch1: 2.547793 17.330064 23.593750 448 6459 1214
Ch1: 2.549892 22.844938 23.593750 449 6455 1215
Ch1: 2.552411 17.789636 23.593750 450 6457 1216
Ch1: 2.554510 23.304511 23.593750 451 6457 1217
Ch1: 2.557449 17.789636 23.593750 452 6457 1219
Ch1: 2.560388 23.304511 23.593750 453 6456 1220
Ch1: 2.562487 17.330064 23.593750 454 6455 1221
Ch1: 2.565005 25.142802 23.593750 455 6458 1222
Ch1: 2.567104 18.708782 23.625000 456 6456 1223
Ch1: 2.569623 24.683229 23.593750 457 6461 1225
Ch1: 2.572982 18.708782 23.625000 458 6454 1226
Ch1: 2.575081 23.764083 23.562500 459 6461 1227
Ch1: 2.577180 19.168355 23.593750 460 6453 1228
Ch1: 2.579699 23.304511 23.593750 461 6460 1229
Ch1: 2.582637 20.087501 23.593750 462 6453 1230
Ch1: 2.585576 20.547074 23.593750 463 6461 1232
Ch1: 2.587675 22.844938 23.562500 464 6455 1233
Ch1: 2.590194 17.330064 23.593750 465 6456 1234
Ch1: 2.592293 24.223656 23.625000 466 6457 1235
Ch1: 2.594811 17.789636 23.593750 467 6455 1236
Ch1: 2.598170 25.602375 23.625000 468 6458 1238
Ch1: 2.600689 18.249209 23.625000 469 6455 1239
Ch1: 2.602788 24.683229 23.593750 470 6459 1240
Ch1: 2.605726 18.708782 23.593750 471 6453 1242
Ch1: 2.607825 16.870491 23.593750 472 6449 1241
Ch1: 2.607825 6.108152 23.625000 473 6442 1242
Ch1: 2.610764 9.784734 23.593750 474 6447 1244
Ch1: 2.612863 5.189006 23.593750 475 6442 1245
Ch1: 2.615382 7.486870 23.625000 476 6447 1246
Ch1: 2.618740 5.648579 23.593750 477 6442 1247
Ch1: 2.620000 18.516619 23.593750 478 6457 1250
Ch1: 2.625457 20.547074 23.593750 479 6452 1251
Ch1: 2.628396 10.896044 23.593750 480 6457 1253
Ch1: 2.629655 7.679034 23.562500 481 6436 1251
Ch1: 2.633853 13.653481 23.593750 482 6451 1255
Ch1: 2.636792 18.249209 23.593750 483 6459 1257
Ch1: 2.638471 13.193908 23.593750 484 6453 1257
Ch1: 2.641830 21.466219 23.593750 485 6457 1258
Ch1: 2.644348 19.168355 23.593750 486 6456 1260
Ch1: 2.646447 15.491772 23.625000 487 6455 1261
Ch1: 2.648966 22.385365 23.593750 488 6458 1262
Ch1: 2.652744 15.951345 23.593750 489 6454 1264
Ch1: 2.654844 21.466219 23.593750 490 6459 1265
Ch1: 2.655683 9.517325 23.593750 491 6449 1265
Ch1: 2.659461 12.734335 23.625000 492 6456 1267
Ch1: 2.662820 17.789636 23.625000 493 6452 1269
Ch1: 2.665339 17.330064 23.625000 494 6460 1270
Ch1: 2.667438 15.491772 23.593750 495 6454 1271
Ch1: 2.670376 22.385365 23.593750 496 6461 1272
Ch1: 2.673735 18.249209 23.562500 497 6454 1274
Ch1: 2.675834 19.168355 23.593750 498 6460 1275
Ch1: 2.678353 19.627928 23.593750 499 6454 1276
Ch1: 2.680452 19.168355 23.625000 500 6459 1277
Ch1: 2.683390 19.168355 23.593750 501 6455 1279
Ch1: 2.686749 15.032199 23.593750 502 6457 1280
Ch1: 2.688428 21.925792 23.625000 503 6455 1281
Ch1: 2.691367 16.410918 23.593750 504 6457 1282
Ch1: 2.694305 22.385365 23.562500 505 6456 1284
Ch1: 2.696824 15.032199 23.625000 506 6454 1285
Ch1: 2.699343 22.844938 23.593750 507 6457 1286
Ch1: 2.701862 15.491772 23.625000 508 6454 1287
Ch1: 2.703961 17.789636 23.625000 509 6456 1288
Ch1: 2.705220 4.462024 23.625000 510 6446 1289
Ch1: 2.708159 7.219461 23.656250 511 6453 1291
Ch1: 2.711097 0.593277 23.593750 512 6450 1292
Ch1: 2.713616 7.219461 23.562500 513 6448 1293
Ch1: 2.715295 10.703880 23.593750 514 6429 1292
Ch1: 2.719913 19.168355 23.656250 515 6454 1296
Ch1: 2.722432 6.759888 23.593750 516 6444 1296
Ch1: 2.722852 1.971996 23.625000 517 6449 1298
Ch1: 2.727050 4.002451 23.593750 518 6453 1299
Ch1: 2.729149 0.593277 23.625000 519 6443 1300
Ch1: 2.733347 20.087501 23.625000 520 6458 1303
Ch1: 2.736286 14.113054 23.625000 521 6455 1304
Ch1: 2.738804 20.087501 23.625000 522 6453 1305
Ch1: 2.741323 16.870491 23.656250 523 6460 1306
Ch1: 2.743842 16.870491 23.656250 524 6453 1308
Ch1: 2.747620 18.708782 23.593750 525 6459 1309
Ch1: 2.749300 15.951345 23.625000 526 6452 1310
Ch1: 2.750979 4.002451 23.593750 527 6435 1309
Ch1: 2.755177 16.410918 23.625000 528 6451 1313
Ch1: 2.756856 8.138607 23.593750 529 6458 1314
Ch1: 2.760214 14.113054 23.562500 530 6454 1315
Ch1: 2.762733 19.627928 23.593750 531 6454 1316
Ch1: 2.766092 17.789636 23.593750 532 6457 1318
Ch1: 2.768611 22.844938 23.625000 533 6455 1319
Ch1: 2.771549 15.032199 23.625000 534 6457 1320
Ch1: 2.774488 21.925792 23.593750 535 6455 1322
Ch1: 2.776587 15.491772 23.562500 536 6456 1323
Ch1: 2.779106 23.764083 23.593750 537 6458 1324
Ch1: 2.779945 1.512423 23.562500 538 6441 1324
Ch1: 2.784563 14.113054 23.593750 539 6458 1327
Ch1: 2.784563 1.052850 23.625000 540 6454 1328
Ch1: 2.788341 1.704587 23.625000 541 6457 1329
Ch1: 2.792539 18.249209 23.593750 542 6452 1331
Ch1: 2.795058 16.870491 23.593750 543 6457 1332
Ch1: 2.797577 15.951345 23.593750 544 6453 1333
Ch1: 2.799676 20.087501 23.593750 545 6456 1334
Ch1: 2.802195 8.598179 23.562500 546 6458 1336
Ch1: 2.805973 22.385365 23.625000 547 6457 1337
Ch1: 2.808072 6.759888 23.625000 548 6438 1337
Ch1: 2.809751 5.381170 23.593750 549 6431 1337
Ch1: 2.814369 19.168355 23.593750 550 6455 1341
Ch1: 2.816468 13.193908 23.593750 551 6455 1342
Ch1: 2.818567 13.653481 23.625000 552 6442 1342
Ch1: 2.820666 11.355617 23.593750 553 6458 1344
Ch1: 2.824864 21.466219 23.656250 554 6454 1346
Ch1: 2.827383 17.789636 23.625000 555 6460 1347
Ch1: 2.830742 20.087501 23.625000 556 6453 1349
Ch1: 2.832001 3.083305 23.656250 557 6458 1350
Ch1: 2.835359 18.249209 23.625000 558 6451 1351
Ch1: 2.837039 10.896044 23.687500 559 6442 1350
Ch1: 2.841237 13.193908 23.593750 560 6452 1354
Ch1: 2.843756 23.764083 23.593750 561 6459 1355
Ch1: 2.846274 16.870491 23.625000 562 6453 1356
Ch1: 2.850053 23.304511 23.593750 563 6461 1358
Ch1: 2.851732 18.249209 23.625000 564 6455 1359
Ch1: 2.854670 21.006646 23.625000 565 6460 1360
Ch1: 2.857609 19.168355 23.656250 566 6453 1361
Ch1: 2.860548 21.006646 23.593750 567 6463 1363
Ch1: 2.862647 23.304511 23.625000 568 6455 1364
Ch1: 2.863906 6.300315 23.625000 569 6435 1362
Ch1: 2.866005 2.431569 23.656250 570 6434 1364
Ch1: 2.870623 12.734335 23.656250 571 6455 1367
Ch1: 2.873142 15.951345 23.593750 572 6451 1369
Ch1: 2.875241 11.815189 23.625000 573 6455 1370
Ch1: 2.878180 5.840742 23.625000 574 6434 1369
Ch1: 2.881538 17.789636 23.593750 575 6459 1373
Ch1: 2.884057 21.006646 23.625000 576 6454 1374
Ch1: 2.886995 15.032199 23.562500 577 6457 1375
Ch1: 2.889514 21.006646 23.625000 578 6456 1376
Ch1: 2.892033 14.113054 23.593750 579 6454 1378
Ch1: 2.893292 1.245014 23.625000 580 6449 1379
Ch1: 2.897910 12.274762 23.593750 581 6456 1381
Ch1: 2.900429 14.572627 23.625000 582 6452 1382
Ch1: 2.902948 20.087501 23.625000 583 6460 1383
Ch1: 2.906726 19.627928 23.625000 584 6454 1385
Ch1: 2.907986 4.921597 23.593750 585 6457 1386
Ch1: 2.910085 15.032199 23.562500 586 6457 1387
Ch1: 2.914702 13.653481 23.593750 587 6451 1388
Ch1: 2.915962 3.542878 23.656250 588 6451 1390
Ch1: 2.920160 14.113054 23.593750 589 6460 1392
Ch1: 2.921000 11.355617 23.625000 590 6431 1389
Ch1: 2.925198 12.274762 23.593750 591 6457 1394
Ch1: 2.928136 17.789636 23.562500 592 6453 1395
Ch1: 2.930655 16.870491 23.593750 593 6459 1396
Ch1: 2.934013 14.572627 23.593750 594 6451 1398
Ch1: 2.936113 18.249209 23.562500 595 6458 1399
Ch1: 2.938631 14.113054 23.562500 596 6454 1400
Ch1: 2.942410 24.223656 23.625000 597 6460 1402
Ch1: 2.944509 20.087501 23.593750 598 6455 1403
Ch1: 2.947447 18.708782 23.593750 599 6459 1404
Ch1: 2.950806 21.006646 23.593750 600 6452 1406
