Ch1: 2.938631 68.610059 23.531250 600 6418 1400
Ch1: 2.947027 7.219461 23.500000 599 6451 1404
Ch1: 2.944928 2.623732 23.468750 598 6449 1403
Ch1: 2.942829 18.708782 23.468750 597 6456 1402
Ch1: 2.938631 16.410918 23.500000 596 6455 1400
Ch1: 2.936532 23.304511 23.500000 595 6458 1399
Ch1: 2.934433 18.708782 23.500000 594 6456 1398
Ch1: 2.932334 23.304511 23.468750 593 6458 1397
Ch1: 2.928136 23.304511 23.500000 592 6458 1395
Ch1: 2.926037 16.410918 23.531250 591 6455 1394
Ch1: 2.923938 16.410918 23.500000 590 6455 1393
Ch1: 2.921839 14.113054 23.531250 589 6454 1392
Ch1: 2.917641 9.517325 23.500000 588 6452 1390
Ch1: 2.915542 14.113054 23.500000 587 6454 1389
Ch1: 2.913443 16.410918 23.500000 586 6455 1388
Ch1: 2.911344 18.708782 23.531250 585 6456 1387
Ch1: 2.907146 25.602375 23.500000 584 6459 1385
Ch1: 2.905047 27.900239 23.468750 583 6460 1384
Ch1: 2.900849 27.900239 23.500000 582 6460 1382
Ch1: 2.898750 23.304511 23.468750 581 6458 1381
Ch1: 2.896651 23.304511 23.500000 580 6458 1380
Ch1: 2.894552 16.410918 23.468750 579 6455 1379
Ch1: 2.890354 11.815189 23.468750 578 6453 1377
Ch1: 2.888255 16.410918 23.531250 577 6455 1376
Ch1: 2.886156 11.815189 23.500000 576 6453 1375
Ch1: 2.881958 11.815189 23.500000 575 6453 1373
Ch1: 2.879859 16.410918 23.531250 574 6455 1372
Ch1: 2.877760 25.602375 23.500000 573 6459 1371
Ch1: 2.875661 25.602375 23.500000 572 6459 1370
Ch1: 2.871463 25.602375 23.531250 571 6459 1368
Ch1: 2.869364 23.304511 23.531250 570 6458 1367
Ch1: 2.867265 23.304511 23.468750 569 6458 1366
Ch1: 2.863067 18.708782 23.531250 568 6456 1364
Ch1: 2.860968 16.410918 23.468750 567 6455 1363
Ch1: 2.858868 11.815189 23.468750 566 6453 1362
Ch1: 2.854670 9.517325 23.500000 565 6452 1360
Ch1: 2.852571 11.815189 23.468750 564 6453 1359
Ch1: 2.850472 11.815189 23.468750 563 6453 1358
Ch1: 2.846274 18.708782 23.531250 562 6456 1356
Ch1: 2.844175 18.708782 23.531250 561 6456 1355
Ch1: 2.842076 23.304511 23.500000 560 6458 1354
Ch1: 2.837878 27.900239 23.500000 559 6460 1352
Ch1: 2.835779 23.304511 23.531250 558 6458 1351
Ch1: 2.833680 27.900239 23.500000 557 6460 1350
Ch1: 2.831581 25.602375 23.531250 556 6459 1349
Ch1: 2.829482 23.304511 23.500000 555 6458 1348
Ch1: 2.825284 21.006646 23.500000 554 6457 1346
Ch1: 2.823185 16.410918 23.531250 553 6455 1345
Ch1: 2.821086 21.006646 23.468750 552 6457 1344
Ch1: 2.816888 16.410918 23.500000 551 6455 1342
Ch1: 2.814789 14.113054 23.468750 550 6454 1341
Ch1: 2.812690 11.815189 23.500000 549 6453 1340
Ch1: 2.810591 14.113054 23.531250 548 6454 1339
Ch1: 2.806393 16.410918 23.468750 547 6455 1337
Ch1: 2.804294 23.304511 23.500000 546 6458 1336
Ch1: 2.800096 21.006646 23.468750 545 6457 1334
Ch1: 2.797997 25.602375 23.500000 544 6459 1333
Ch1: 2.795898 25.602375 23.468750 543 6459 1332
Ch1: 2.793799 25.602375 23.531250 542 6459 1331
Ch1: 2.791700 25.602375 23.500000 541 6459 1330
Ch1: 2.787502 18.708782 23.500000 540 6456 1328
Ch1: 2.785403 18.708782 23.500000 539 6456 1327
Ch1: 2.783304 16.410918 23.500000 538 6455 1326
Ch1: 2.779106 14.113054 23.531250 537 6454 1324
Ch1: 2.777007 16.410918 23.500000 536 6455 1323
Ch1: 2.774908 16.410918 23.468750 535 6455 1322
Ch1: 2.772809 14.113054 23.500000 534 6454 1321
Ch1: 2.768611 21.006646 23.531250 533 6457 1319
Ch1: 2.766512 23.304511 23.500000 532 6458 1318
Ch1: 2.764412 23.304511 23.562500 531 6458 1317
Ch1: 2.762313 27.900239 23.500000 530 6460 1316
Ch1: 2.758115 25.602375 23.500000 529 6459 1314
Ch1: 2.756016 21.006646 23.500000 528 6457 1313
Ch1: 2.753917 23.304511 23.500000 527 6458 1312
Ch1: 2.749719 18.708782 23.531250 526 6456 1310
Ch1: 2.747620 16.410918 23.531250 525 6455 1309
Ch1: 2.745521 14.113054 23.500000 524 6454 1308
Ch1: 2.743422 14.113054 23.500000 523 6454 1307
Ch1: 2.739224 7.219461 23.500000 522 6451 1305
Ch1: 2.737125 11.815189 23.500000 521 6453 1304
Ch1: 2.735026 16.410918 23.500000 520 6455 1303
Ch1: 2.732927 18.708782 23.500000 519 6456 1302
Ch1: 2.728729 23.304511 23.500000 518 6458 1300
Ch1: 2.726630 25.602375 23.500000 517 6459 1299
Ch1: 2.724531 27.900239 23.500000 516 6460 1298
Ch1: 2.722432 25.602375 23.500000 515 6459 1297
Ch1: 2.718234 23.304511 23.531250 514 6458 1295
Ch1: 2.716135 18.708782 23.531250 513 6456 1294
Ch1: 2.714036 14.113054 23.531250 512 6454 1293
Ch1: 2.711937 14.113054 23.500000 511 6454 1292
Ch1: 2.707739 14.113054 23.531250 510 6454 1290
Ch1: 2.705640 14.113054 23.531250 509 6454 1289
Ch1: 2.703541 14.113054 23.500000 508 6454 1288
Ch1: 2.701442 16.410918 23.500000 507 6455 1287
Ch1: 2.697244 21.006646 23.531250 506 6457 1285
Ch1: 2.695145 23.304511 23.531250 505 6458 1284
Ch1: 2.693046 27.900239 23.562500 504 6460 1283
Ch1: 2.690947 27.900239 23.500000 503 6460 1282
Ch1: 2.688848 21.006646 23.500000 502 6457 1281
Ch1: 2.684650 18.708782 23.531250 501 6456 1279
Ch1: 2.682551 18.708782 23.500000 500 6456 1278
Ch1: 2.680452 16.410918 23.531250 499 6455 1277
Ch1: 2.676254 11.815189 23.531250 498 6453 1275
Ch1: 2.674155 9.517325 23.531250 497 6452 1274
Ch1: 2.672056 11.815189 23.500000 496 6453 1273
Ch1: 2.667857 16.410918 23.531250 495 6455 1271
Ch1: 2.665758 18.708782 23.500000 494 6456 1270
Ch1: 2.663659 18.708782 23.500000 493 6456 1269
Ch1: 2.661560 21.006646 23.500000 492 6457 1268
Ch1: 2.659461 27.900239 23.531250 491 6460 1267
Ch1: 2.655263 25.602375 23.562500 490 6459 1265
Ch1: 2.653164 25.602375 23.500000 489 6459 1264
Ch1: 2.651065 23.304511 23.531250 488 6458 1263
Ch1: 2.646867 23.304511 23.531250 487 6458 1261
Ch1: 2.646867 18.708782 23.531250 486 6456 1261
Ch1: 2.642669 14.113054 23.562500 485 6454 1259
Ch1: 2.640570 9.517325 23.500000 484 6452 1258
Ch1: 2.636372 11.815189 23.531250 483 6453 1256
Ch1: 2.636372 16.410918 23.500000 482 6455 1256
Ch1: 2.632174 14.113054 23.500000 481 6454 1254
Ch1: 2.630075 18.708782 23.531250 480 6456 1253
Ch1: 2.627976 21.006646 23.531250 479 6457 1252
Ch1: 2.625877 21.006646 23.531250 478 6457 1251
Ch1: 2.621679 32.495968 23.531250 477 6462 1249
Ch1: 2.619580 27.900239 23.500000 476 6460 1248
Ch1: 2.617481 27.900239 23.531250 475 6460 1247
Ch1: 2.615382 21.006646 23.500000 474 6457 1246
Ch1: 2.613283 21.006646 23.531250 473 6457 1245
Ch1: 2.609085 16.410918 23.531250 472 6455 1243
Ch1: 2.606986 11.815189 23.500000 471 6453 1242
Ch1: 2.604887 14.113054 23.500000 470 6454 1241
Ch1: 2.602788 14.113054 23.531250 469 6454 1240
Ch1: 2.598590 16.410918 23.500000 468 6455 1238
Ch1: 2.596491 16.410918 23.531250 467 6455 1237
Ch1: 2.594392 21.006646 23.531250 466 6457 1236
Ch1: 2.592293 23.304511 23.500000 465 6458 1235
Ch1: 2.588095 27.900239 23.531250 464 6460 1233
Ch1: 2.585996 30.198103 23.500000 463 6461 1232
Ch1: 2.583897 32.495968 23.531250 462 6462 1231
Ch1: 2.581798 25.602375 23.500000 461 6459 1230
Ch1: 2.579699 21.006646 23.531250 460 6457 1229
Ch1: 2.575500 14.113054 23.500000 459 6454 1227
Ch1: 2.573401 14.113054 23.500000 458 6454 1226
Ch1: 2.571302 9.517325 23.531250 457 6452 1225
Ch1: 2.569203 11.815189 23.500000 456 6453 1224
Ch1: 2.565005 18.708782 23.531250 455 6456 1222
Ch1: 2.562906 23.304511 23.562500 454 6458 1221
Ch1: 2.560807 25.602375 23.562500 453 6459 1220
Ch1: 2.558708 30.198103 23.531250 452 6461 1219
Ch1: 2.556609 25.602375 23.500000 451 6459 1218
Ch1: 2.552411 25.602375 23.500000 450 6459 1216
Ch1: 2.550312 21.006646 23.468750 449 6457 1215
Ch1: 2.548213 16.410918 23.500000 448 6455 1214
Ch1: 2.546114 18.708782 23.500000 447 6456 1213
Ch1: 2.544015 18.708782 23.500000 446 6456 1212
Ch1: 2.541916 14.113054 23.500000 445 6454 1211
Ch1: 2.539817 14.113054 23.500000 444 6454 1210
Ch1: 2.535619 18.708782 23.562500 443 6456 1208
Ch1: 2.533520 18.708782 23.531250 442 6456 1207
Ch1: 2.531421 25.602375 23.500000 441 6459 1206
Ch1: 2.529322 27.900239 23.500000 440 6460 1205
Ch1: 2.527223 27.900239 23.500000 439 6460 1204
Ch1: 2.523025 27.900239 23.531250 438 6460 1202
Ch1: 2.520926 23.304511 23.500000 437 6458 1201
Ch1: 2.518827 21.006646 23.500000 436 6457 1200
Ch1: 2.516728 18.708782 23.531250 435 6456 1199
Ch1: 2.514629 16.410918 23.500000 434 6455 1198
Ch1: 2.512530 11.815189 23.531250 433 6453 1197
Ch1: 2.508332 11.815189 23.531250 432 6453 1195
Ch1: 2.506233 16.410918 23.500000 431 6455 1194
Ch1: 2.504134 21.006646 23.531250 430 6457 1193
Ch1: 2.502035 21.006646 23.562500 429 6457 1192
Ch1: 2.499936 25.602375 23.531250 428 6459 1191
Ch1: 2.497837 30.198103 23.531250 427 6461 1190
Ch1: 2.493639 25.602375 23.500000 426 6459 1188
Ch1: 2.491540 25.602375 23.531250 425 6459 1187
Ch1: 2.489441 21.006646 23.500000 424 6457 1186
Ch1: 2.487342 18.708782 23.531250 423 6456 1185
Ch1: 2.485243 16.410918 23.531250 422 6455 1184
Ch1: 2.483143 16.410918 23.500000 421 6455 1183
Ch1: 2.481044 14.113054 23.500000 420 6454 1182
Ch1: 2.478945 16.410918 23.500000 419 6455 1181
Ch1: 2.476846 18.708782 23.531250 418 6456 1180
Ch1: 2.472648 25.602375 23.562500 417 6459 1178
Ch1: 2.470549 25.602375 23.593750 416 6459 1177
Ch1: 2.468450 30.198103 23.500000 415 6461 1176
Ch1: 2.466351 30.198103 23.500000 414 6461 1175
Ch1: 2.464252 23.304511 23.562500 413 6458 1174
Ch1: 2.462153 21.006646 23.500000 412 6457 1173
Ch1: 2.460054 21.006646 23.531250 411 6457 1172
Ch1: 2.457955 11.815189 23.500000 410 6453 1171
Ch1: 2.455856 14.113054 23.531250 409 6454 1170
Ch1: 2.453757 16.410918 23.531250 408 6455 1169
Ch1: 2.451658 14.113054 23.500000 407 6454 1168
Ch1: 2.449559 21.006646 23.562500 406 6457 1167
Ch1: 2.447460 21.006646 23.531250 405 6457 1166
Ch1: 2.445361 27.900239 23.562500 404 6460 1165
Ch1: 2.441163 25.602375 23.500000 403 6459 1163
Ch1: 2.439064 25.602375 23.500000 402 6459 1162
Ch1: 2.436965 23.304511 23.562500 401 6458 1161
Ch1: 2.436965 21.006646 23.531250 400 6457 1161
Ch1: 2.434866 21.006646 23.531250 399 6457 1160
Ch1: 2.432767 16.410918 23.531250 398 6455 1159
Ch1: 2.428569 14.113054 23.500000 397 6454 1157
Ch1: 2.428569 11.815189 23.531250 396 6453 1157
Ch1: 2.426470 14.113054 23.531250 395 6454 1156
Ch1: 2.424371 16.410918 23.562500 394 6455 1155
Ch1: 2.422272 27.900239 23.531250 393 6460 1154
Ch1: 2.420173 25.602375 23.531250 392 6459 1153
Ch1: 2.418074 30.198103 23.531250 391 6461 1152
Ch1: 2.415975 27.900239 23.531250 390 6460 1151
Ch1: 2.413876 25.602375 23.531250 389 6459 1150
Ch1: 2.413876 25.602375 23.531250 388 6459 1150
Ch1: 2.411777 23.304511 23.531250 387 6458 1149
Ch1: 2.409678 11.815189 23.531250 386 6453 1148
Ch1: 2.407579 16.410918 23.500000 385 6455 1147
Ch1: 2.407579 16.410918 23.500000 384 6455 1147
Ch1: 2.405480 16.410918 23.500000 383 6455 1146
Ch1: 2.403381 18.708782 23.500000 382 6456 1145
Ch1: 2.403381 23.304511 23.500000 381 6458 1145
Ch1: 2.401282 25.602375 23.531250 380 6459 1144
Ch1: 2.401282 27.900239 23.531250 379 6460 1144
Ch1: 2.399183 27.900239 23.531250 378 6460 1143
Ch1: 2.399183 25.602375 23.531250 377 6459 1143
Ch1: 2.397084 25.602375 23.531250 376 6459 1142
Ch1: 2.397084 18.708782 23.562500 375 6456 1142
Ch1: 2.397084 18.708782 23.531250 374 6456 1142
Ch1: 2.397084 11.815189 23.531250 373 6453 1142
Ch1: 2.394985 14.113054 23.562500 372 6454 1141
Ch1: 2.397084 16.410918 23.562500 371 6455 1142
Ch1: 2.397084 18.708782 23.500000 370 6456 1142
Ch1: 2.399183 16.410918 23.500000 369 6455 1143
Ch1: 2.399183 23.304511 23.531250 368 6458 1143
Ch1: 2.403381 25.602375 23.531250 367 6459 1145
Ch1: 2.405480 30.198103 23.531250 366 6461 1146
Ch1: 2.411777 30.198103 23.531250 365 6461 1149
Ch1: 2.420173 23.304511 23.531250 364 6458 1153
Ch1: 2.432767 21.006646 23.531250 363 6457 1159
Ch1: 2.457955 21.006646 23.562500 362 6457 1171
Ch1: 2.502035 14.113054 23.531250 361 6454 1192
Ch1: 2.571302 14.113054 23.562500 360 6454 1225
Ch1: 2.655263 16.410918 23.531250 359 6455 1265
Ch1: 2.747620 16.410918 23.500000 358 6455 1309
Ch1: 2.842076 21.006646 23.531250 357 6457 1354
Ch1: 2.938631 23.304511 23.531250 356 6458 1400
Ch1: 3.037285 30.198103 23.562500 355 6461 1447
Ch1: 3.138038 30.198103 23.562500 354 6461 1495
Ch1: 3.234594 32.495968 23.562500 353 6462 1541
Ch1: 3.333248 30.198103 23.562500 352 6461 1588
Ch1: 3.431902 23.304511 23.562500 351 6458 1635
Ch1: 3.534754 23.304511 23.562500 350 6458 1684
Ch1: 3.631309 16.410918 23.531250 349 6455 1730
Ch1: 3.729963 14.113054 23.531250 348 6454 1777
Ch1: 3.828617 16.410918 23.531250 347 6455 1824
Ch1: 3.929370 14.113054 23.500000 346 6454 1872
Ch1: 4.028024 16.410918 23.562500 345 6455 1919
Ch1: 4.128777 21.006646 23.531250 344 6457 1967
Ch1: 4.231629 25.602375 23.531250 343 6459 2016
Ch1: 4.330283 25.602375 23.500000 342 6459 2063
Ch1: 4.428937 16.410918 23.531250 341 6455 2110
Ch1: 4.527591 14.113054 23.531250 340 6454 2157
Ch1: 4.628344 16.410918 23.531250 339 6455 2205
Ch1: 4.726998 11.815189 23.562500 338 6453 2252
Ch1: 4.827751 16.410918 23.531250 337 6455 2300
Ch1: 4.928505 18.708782 23.562500 336 6456 2348
Ch1: 5.027159 23.304511 23.562500 335 6458 2395
Ch1: 5.132110 23.304511 23.531250 334 6458 2445
Ch1: 5.232863 25.602375 23.500000 333 6459 2493
Ch1: 5.331517 27.900239 23.531250 332 6460 2540
Ch1: 5.430171 27.900239 23.531250 331 6460 2587
Ch1: 5.535122 14.113054 23.500000 330 6454 2637
Ch1: 5.633776 16.410918 23.531250 329 6455 2684
Ch1: 5.734529 16.410918 23.531250 328 6455 2732
Ch1: 5.833183 16.410918 23.500000 327 6455 2779
Ch1: 5.933936 16.410918 23.500000 326 6455 2827
Ch1: 6.034689 21.006646 23.531250 325 6457 2875
Ch1: 6.135442 23.304511 23.500000 324 6458 2923
Ch1: 6.236196 25.602375 23.562500 323 6459 2971
Ch1: 6.336949 30.198103 23.531250 322 6461 3019
Ch1: 6.437702 30.198103 23.562500 321 6461 3067
Ch1: 6.538455 25.602375 23.531250 320 6459 3115
Ch1: 6.637109 25.602375 23.531250 319 6459 3162
Ch1: 6.742060 16.410918 23.531250 318 6455 3212
Ch1: 6.840714 14.113054 23.531250 317 6454 3259
Ch1: 6.939368 11.815189 23.500000 316 6453 3306
Ch1: 7.040121 14.113054 23.531250 315 6454 3354
Ch1: 7.142973 18.708782 23.500000 314 6456 3403
Ch1: 7.241627 16.410918 23.531250 313 6455 3450
Ch1: 7.342380 21.006646 23.500000 312 6457 3498
Ch1: 7.443133 25.602375 23.531250 311 6459 3546
Ch1: 7.545985 27.900239 23.531250 310 6460 3595
Ch1: 7.644640 27.900239 23.500000 309 6460 3642
Ch1: 7.745393 25.602375 23.531250 308 6459 3690
Ch1: 7.848245 25.602375 23.531250 307 6459 3739
Ch1: 7.948998 21.006646 23.500000 306 6457 3787
Ch1: 8.049751 16.410918 23.531250 305 6455 3835
Ch1: 8.152603 16.410918 23.531250 304 6455 3884
Ch1: 8.257554 7.219461 23.531250 303 6451 3934
Ch1: 8.366703 7.219461 23.531250 302 6451 3986
Ch1: 8.461159 11.815189 23.531250 301 6453 4031
Ch1: 8.557714 18.708782 23.531250 300 6456 4077
Ch1: 8.656368 23.304511 23.531250 299 6458 4124
Ch1: 8.759220 27.900239 23.531250 298 6460 4173
Ch1: 8.857874 25.602375 23.531250 297 6459 4220
Ch1: 8.958628 30.198103 23.531250 296 6461 4268
Ch1: 9.059381 25.602375 23.531250 295 6459 4316
Ch1: 9.162233 23.304511 23.500000 294 6458 4365
Ch1: 9.260887 21.006646 23.468750 293 6457 4412
Ch1: 9.361640 18.708782 23.531250 292 6456 4460
Ch1: 9.464492 11.815189 23.562500 291 6453 4509
Ch1: 9.565245 14.113054 23.500000 290 6454 4557
Ch1: 9.668097 16.410918 23.531250 289 6455 4606
Ch1: 9.770949 25.602375 23.531250 288 6459 4655
Ch1: 9.867504 30.198103 23.531250 287 6461 4701
Ch1: 9.972455 30.198103 23.500000 286 6461 4751
Ch1: 10.071109 27.900239 23.531250 285 6460 4798
Ch1: 10.169763 25.602375 23.500000 284 6459 4845
Ch1: 10.272616 21.006646 23.531250 283 6457 4894
Ch1: 10.373369 16.410918 23.500000 282 6455 4942
Ch1: 10.474122 16.410918 23.500000 281 6455 4990
Ch1: 10.574875 14.113054 23.531250 280 6454 5038
Ch1: 10.675628 16.410918 23.500000 279 6455 5086
Ch1: 10.778480 16.410918 23.500000 278 6455 5135
Ch1: 10.879233 14.113054 23.531250 277 6454 5183
Ch1: 10.977887 25.602375 23.468750 276 6459 5230
Ch1: 11.080739 25.602375 23.531250 275 6459 5279
Ch1: 11.189888 18.708782 23.468750 274 6456 5331
Ch1: 11.290641 25.602375 23.531250 273 6459 5379
Ch1: 11.387196 25.602375 23.500000 272 6459 5425
Ch1: 11.485851 23.304511 23.531250 271 6458 5472
Ch1: 11.588703 18.708782 23.500000 270 6456 5521
Ch1: 11.689456 16.410918 23.531250 269 6455 5569
Ch1: 11.788110 16.410918 23.468750 268 6455 5616
Ch1: 11.890962 11.815189 23.531250 267 6453 5665
Ch1: 11.993814 14.113054 23.500000 266 6454 5714
Ch1: 12.092468 21.006646 23.531250 265 6457 5761
Ch1: 12.195320 21.006646 23.500000 264 6457 5810
Ch1: 12.293974 25.602375 23.500000 263 6459 5857
Ch1: 12.396826 27.900239 23.531250 262 6460 5906
Ch1: 12.497579 30.198103 23.500000 261 6461 5954
Ch1: 12.598332 25.602375 23.500000 260 6459 6002
Ch1: 12.701184 25.602375 23.531250 259 6459 6051
Ch1: 12.801938 21.006646 23.531250 258 6457 6099
Ch1: 12.902691 18.708782 23.531250 257 6456 6147
Ch1: 13.007642 14.113054 23.531250 256 6454 6197
Ch1: 13.106296 18.708782 23.500000 255 6456 6244
Ch1: 13.211247 21.006646 23.531250 254 6457 6294
Ch1: 13.309901 25.602375 23.531250 253 6459 6341
Ch1: 13.410654 27.900239 23.500000 252 6460 6389
Ch1: 13.511407 30.198103 23.562500 251 6461 6437
Ch1: 13.614259 25.602375 23.531250 250 6459 6486
Ch1: 13.715012 23.304511 23.531250 249 6458 6534
Ch1: 13.815765 21.006646 23.531250 248 6457 6582
Ch1: 13.916518 16.410918 23.531250 247 6455 6630
Ch1: 14.017272 16.410918 23.531250 246 6455 6678
Ch1: 14.118025 14.113054 23.500000 245 6454 6726
Ch1: 14.220877 11.815189 23.500000 244 6453 6775
Ch1: 14.321630 14.113054 23.531250 243 6454 6823
Ch1: 14.422383 16.410918 23.500000 242 6455 6871
Ch1: 14.525235 21.006646 23.531250 241 6457 6920
Ch1: 14.623889 25.602375 23.500000 240 6459 6967
Ch1: 14.724642 25.602375 23.500000 239 6459 7015
Ch1: 14.831692 25.602375 23.531250 238 6459 7066
Ch1: 14.930346 27.900239 23.531250 237 6460 7113
Ch1: 15.031099 25.602375 23.531250 236 6459 7161
Ch1: 15.133951 16.410918 23.531250 235 6455 7210
Ch1: 15.238903 9.517325 23.500000 234 6452 7260
Ch1: 15.345953 4.921597 23.500000 233 6450 7311
Ch1: 15.442508 11.815189 23.562500 232 6453 7357
Ch1: 15.541162 11.815189 23.531250 231 6453 7404
Ch1: 15.641915 18.708782 23.531250 230 6456 7452
Ch1: 15.740569 21.006646 23.531250 229 6457 7499
Ch1: 15.841322 23.304511 23.531250 228 6458 7547
Ch1: 15.942075 25.602375 23.531250 227 6459 7595
Ch1: 16.044927 25.602375 23.562500 226 6459 7644
Ch1: 16.145680 30.198103 23.500000 225 6461 7692
Ch1: 16.246433 25.602375 23.531250 224 6459 7740
Ch1: 16.345087 25.602375 23.531250 223 6459 7787
Ch1: 16.450038 21.006646 23.562500 222 6457 7837
Ch1: 16.550792 16.410918 23.531250 221 6455 7885
Ch1: 16.651545 16.410918 23.531250 220 6455 7933
Ch1: 16.752298 14.113054 23.562500 219 6454 7981
Ch1: 16.855150 14.113054 23.531250 218 6454 8030
Ch1: 16.955903 18.708782 23.531250 217 6456 8078
Ch1: 17.054557 21.006646 23.500000 216 6457 8125
Ch1: 17.155310 23.304511 23.500000 215 6458 8173
Ch1: 17.258162 18.708782 23.531250 214 6456 8222
Ch1: 17.358915 27.900239 23.562500 213 6460 8270
Ch1: 17.457569 27.900239 23.500000 212 6460 8317
Ch1: 17.560421 27.900239 23.500000 211 6460 8366
Ch1: 17.661174 25.602375 23.500000 210 6459 8414
Ch1: 17.761927 23.304511 23.531250 209 6458 8462
Ch1: 17.862681 18.708782 23.531250 208 6456 8510
Ch1: 17.961335 18.708782 23.500000 207 6456 8557
Ch1: 18.068385 14.113054 23.531250 206 6454 8608
Ch1: 18.167039 14.113054 23.531250 205 6454 8655
Ch1: 18.267792 14.113054 23.531250 204 6454 8703
Ch1: 18.370644 21.006646 23.531250 203 6457 8752
Ch1: 18.471397 23.304511 23.531250 202 6458 8800
Ch1: 18.572150 25.602375 23.531250 201 6459 8848
Ch1: 18.672903 23.304511 23.562500 200 6458 8896
Ch1: 18.773656 27.900239 23.531250 199 6460 8944
Ch1: 18.874409 27.900239 23.562500 198 6460 8992
Ch1: 18.975162 23.304511 23.562500 197 6458 9040
Ch1: 19.075915 21.006646 23.531250 196 6457 9088
Ch1: 19.176669 21.006646 23.531250 195 6457 9136
Ch1: 19.279521 16.410918 23.531250 194 6455 9185
Ch1: 19.380274 14.113054 23.531250 193 6454 9233
Ch1: 19.481027 11.815189 23.500000 192 6453 9281
Ch1: 19.577582 18.708782 23.531250 191 6456 9327
Ch1: 19.680434 25.602375 23.531250 190 6459 9376
Ch1: 19.779088 30.198103 23.531250 189 6461 9423
Ch1: 19.877742 27.900239 23.531250 188 6460 9470
Ch1: 19.978495 27.900239 23.531250 187 6460 9518
Ch1: 20.079248 27.900239 23.562500 186 6460 9566
Ch1: 20.180001 23.304511 23.562500 185 6458 9614
Ch1: 20.280754 21.006646 23.531250 184 6457 9662
Ch1: 20.381507 16.410918 23.531250 183 6455 9710
Ch1: 20.482260 11.815189 23.531250 182 6453 9758
Ch1: 20.583014 14.113054 23.468750 181 6454 9806
Ch1: 20.681668 18.708782 23.500000 180 6456 9853
Ch1: 20.782421 18.708782 23.531250 179 6456 9901
Ch1: 20.883174 18.708782 23.531250 178 6456 9949
Ch1: 20.986026 23.304511 23.531250 177 6458 9998
Ch1: 21.084680 25.602375 23.500000 176 6459 10045
Ch1: 21.183334 25.602375 23.531250 175 6459 10092
Ch1: 21.286186 27.900239 23.500000 174 6460 10141
Ch1: 21.384840 23.304511 23.500000 173 6458 10188
Ch1: 21.483494 21.006646 23.500000 172 6457 10235
Ch1: 21.586346 11.815189 23.500000 171 6453 10284
Ch1: 21.687099 14.113054 23.531250 170 6454 10332
Ch1: 21.787852 18.708782 23.531250 169 6456 10380
Ch1: 21.888605 18.708782 23.531250 168 6456 10428
Ch1: 21.989359 25.602375 23.531250 167 6459 10476
Ch1: 22.088013 25.602375 23.500000 166 6459 10523
Ch1: 22.188766 30.198103 23.500000 165 6461 10571
Ch1: 22.287420 25.602375 23.500000 164 6459 10618
Ch1: 22.388173 21.006646 23.500000 163 6457 10666
Ch1: 22.488926 25.602375 23.531250 162 6459 10714
Ch1: 22.589679 14.113054 23.531250 161 6454 10762
Ch1: 22.690432 18.708782 23.500000 160 6456 10810
Ch1: 22.789086 14.113054 23.531250 159 6454 10857
Ch1: 22.894037 16.410918 23.500000 158 6455 10907
Ch1: 22.992691 21.006646 23.531250 157 6457 10954
Ch1: 23.093444 21.006646 23.531250 156 6457 11002
Ch1: 23.194197 23.304511 23.531250 155 6458 11050
Ch1: 23.294950 25.602375 23.500000 154 6459 11098
Ch1: 23.395704 27.900239 23.500000 153 6460 11146
Ch1: 23.494358 25.602375 23.531250 152 6459 11193
Ch1: 23.593012 23.304511 23.468750 151 6458 11240
Ch1: 23.695864 25.602375 23.531250 150 6459 11289
Ch1: 23.794518 18.708782 23.531250 149 6456 11336
Ch1: 23.893172 14.113054 23.500000 148 6454 11383
Ch1: 23.993925 14.113054 23.531250 147 6454 11431
Ch1: 24.094678 14.113054 23.468750 146 6454 11479
Ch1: 24.195431 16.410918 23.500000 145 6455 11527
Ch1: 24.294085 23.304511 23.500000 144 6458 11574
Ch1: 24.392739 23.304511 23.500000 143 6458 11621
Ch1: 24.493492 27.900239 23.500000 142 6460 11669
Ch1: 24.592146 25.602375 23.500000 141 6459 11716
Ch1: 24.692899 25.602375 23.531250 140 6459 11764
Ch1: 24.793652 21.006646 23.500000 139 6457 11812
Ch1: 24.892307 18.708782 23.500000 138 6456 11859
Ch1: 24.993060 14.113054 23.500000 137 6454 11907
Ch1: 25.091714 11.815189 23.468750 136 6453 11954
Ch1: 25.190368 11.815189 23.500000 135 6453 12001
Ch1: 25.295319 4.921597 23.500000 134 6450 12051
Ch1: 25.396072 14.113054 23.500000 133 6454 12099
Ch1: 25.490528 25.602375 23.500000 132 6459 12144
Ch1: 25.584984 34.793832 23.500000 131 6463 12189
Ch1: 25.677341 46.283153 23.468750 130 6468 12233
Ch1: 25.767599 62.368203 23.500000 129 6475 12276
Ch1: 25.853659 76.155388 23.531250 128 6481 12317
Ch1: 25.937620 96.836166 23.468750 127 6490 12357
Ch1: 26.023680 117.516945 23.468750 126 6499 12398
Ch1: 26.105541 140.495587 23.468750 125 6509 12437
Ch1: 26.185304 168.069958 23.500000 124 6521 12475
Ch1: 26.265067 197.942193 23.500000 123 6534 12513
Ch1: 26.344830 237.005885 23.500000 122 6551 12551
Ch1: 26.420395 276.069577 23.531250 121 6568 12587
Ch1: 26.495960 312.835405 23.468750 120 6584 12623
Ch1: 26.571524 356.494826 23.500000 119 6603 12659
Ch1: 26.647089 404.749975 23.468750 118 6624 12695
Ch1: 26.718456 450.707260 23.531250 117 6644 12729
Ch1: 26.791922 487.473088 23.531250 116 6660 12764
Ch1: 26.863289 535.728237 23.500000 115 6681 12798
Ch1: 26.932556 581.685522 23.500000 114 6701 12831
Ch1: 27.003923 629.940671 23.500000 113 6722 12865
Ch1: 27.071092 680.493684 23.500000 112 6744 12897
Ch1: 27.140360 726.450969 23.468750 111 6764 12930
Ch1: 27.205429 783.897575 23.500000 110 6789 12961
Ch1: 27.270499 836.748453 23.500000 109 6812 12992
Ch1: 27.337668 901.088651 23.500000 108 6840 13024
Ch1: 27.402737 958.535257 23.500000 107 6865 13055
Ch1: 27.467807 1022.875456 23.500000 106 6893 13086
Ch1: 27.532877 1082.619927 23.500000 105 6919 13117
Ch1: 27.593748 1146.960125 23.500000 104 6947 13146
Ch1: 27.658818 1209.002460 23.468750 103 6974 13177
Ch1: 27.719690 1261.853338 23.468750 102 6997 13206
Ch1: 27.780561 1326.193536 23.531250 101 7025 13235
Ch1: 27.843532 1395.129464 23.500000 100 7055 13265
Ch1: 27.902305 1457.171798 23.500000 99 7082 13293
Ch1: 27.963176 1523.809861 23.531250 98 7111 13322
Ch1: 28.021949 1590.447924 23.500000 97 7140 13350
Ch1: 28.082821 1663.979580 23.500000 96 7172 13379
Ch1: 28.137395 1732.915507 23.500000 95 7202 13405
Ch1: 28.198267 1808.745027 23.500000 94 7235 13434
Ch1: 28.257039 1884.574547 23.500000 93 7268 13462
Ch1: 28.313713 1958.106203 23.500000 92 7300 13489
Ch1: 28.368288 2033.935723 23.500000 91 7333 13515
Ch1: 28.422862 2107.467379 23.500000 90 7365 13541
Ch1: 28.481635 2174.105442 23.500000 89 7394 13569
Ch1: 28.536209 2249.934962 23.500000 88 7427 13595
Ch1: 28.592883 2309.679432 23.468750 87 7453 13622
Ch1: 28.645359 2406.189731 23.468750 86 7495 13647
Ch1: 28.697834 2479.721386 23.500000 85 7527 13672
Ch1: 28.754508 2553.253042 23.500000 84 7559 13699
Ch1: 28.806983 2647.465476 23.468750 83 7600 13724
Ch1: 28.857360 2725.592860 23.500000 82 7634 13748
Ch1: 28.911934 2808.315973 23.500000 81 7670 13774
Ch1: 28.966509 2888.741222 23.468750 80 7705 13800
Ch1: 29.012687 2985.251520 23.500000 79 7747 13822
Ch1: 29.065163 3058.783176 23.500000 78 7779 13847
Ch1: 29.113441 3150.697745 23.500000 77 7819 13870
Ch1: 29.165916 3217.335808 23.500000 76 7848 13895
Ch1: 29.218392 3297.761057 23.468750 75 7883 13920
Ch1: 29.264570 3391.973491 23.531250 74 7924 13942
Ch1: 29.312848 3486.185925 23.531250 73 7965 13965
Ch1: 29.365323 3566.611173 23.500000 72 8000 13990
Ch1: 29.407304 3663.121471 23.531250 71 8042 14010
Ch1: 29.455581 3764.227498 23.500000 70 8086 14033
Ch1: 29.503859 3858.439932 23.468750 69 8127 14056
Ch1: 29.552136 3938.865181 23.500000 68 8162 14079
Ch1: 29.600414 4019.290429 23.468750 67 8197 14102
Ch1: 29.644493 4127.290048 23.500000 66 8244 14123
Ch1: 29.694870 4203.119568 23.468750 65 8277 14147
Ch1: 29.738949 4290.438410 23.468750 64 8315 14168
Ch1: 29.785128 4382.352979 23.531250 63 8355 14190
Ch1: 29.831306 4469.671821 23.468750 62 8393 14212
Ch1: 29.879584 4566.182119 23.468750 61 8435 14235
Ch1: 29.923663 4653.500960 23.500000 60 8473 14256
Ch1: 29.965644 4761.500579 23.500000 59 8520 14276
Ch1: 30.005525 4864.904470 23.500000 58 8565 14295
Ch1: 30.055902 4952.223312 23.500000 57 8603 14319
Ch1: 30.093684 5062.520795 23.500000 56 8651 14337
Ch1: 30.137763 5156.733229 23.468750 55 8692 14358
Ch1: 30.181843 5246.349935 23.531250 54 8731 14379
Ch1: 30.221724 5345.158097 23.500000 53 8774 14398
Ch1: 30.261606 5439.370531 23.531250 52 8815 14417
Ch1: 30.307784 5533.582965 23.500000 51 8856 14439
Ch1: 30.343468 5646.178313 23.500000 50 8905 14456
Ch1: 30.389646 5724.305697 23.500000 49 8939 14478
Ch1: 30.429528 5818.518131 23.500000 48 8980 14497
Ch1: 30.465211 5919.624158 23.500000 47 9024 14514
Ch1: 30.505092 6029.921642 23.468750 46 9072 14533
Ch1: 30.549172 6124.134076 23.500000 45 9113 14554
Ch1: 30.591152 6225.240102 23.531250 44 9157 14574
Ch1: 30.626836 6337.835450 23.500000 43 9206 14591
Ch1: 30.664618 6429.750020 23.500000 42 9246 14609
Ch1: 30.710797 6535.451775 23.500000 41 9292 14631
Ch1: 30.733886 6641.153530 23.531250 40 9338 14642
Ch1: 30.775866 6746.855285 23.500000 39 9384 14662
Ch1: 30.813649 6824.982670 23.531250 38 9418 14680
Ch1: 30.859827 6926.088696 23.500000 37 9462 14702
Ch1: 30.891313 7020.301130 23.500000 36 9503 14717
Ch1: 30.931194 7137.492207 23.500000 35 9554 14736
Ch1: 30.960580 7236.300369 23.500000 34 9597 14750
Ch1: 30.996264 7358.087174 23.500000 33 9650 14767
Ch1: 31.038244 7445.406015 23.500000 32 9688 14787
Ch1: 31.065531 7560.299227 23.468750 31 9738 14800
Ch1: 31.103314 7666.000983 23.468750 30 9784 14818
Ch1: 31.138997 7767.107009 23.500000 29 9828 14835
Ch1: 31.174681 7875.106629 23.500000 28 9875 14852
Ch1: 31.214562 7950.936149 23.468750 27 9908 14871
Ch1: 31.241849 8068.127225 23.500000 26 9959 14884
Ch1: 31.271236 8155.446066 23.500000 25 9997 14898
Ch1: 31.311117 8270.339278 23.531250 24 10047 14917
Ch1: 31.342602 8359.955984 23.500000 23 10086 14932
Ch1: 31.376187 8461.062011 23.500000 22 10130 14948
Ch1: 31.409771 8582.848815 23.500000 21 10183 14964
Ch1: 31.439157 8688.550571 23.500000 20 10229 14978
Ch1: 31.470643 8789.656597 23.531250 19 10273 14993
Ch1: 31.500029 8897.656217 23.531250 18 10320 15007
Ch1: 31.533613 9005.655836 23.531250 17 10367 15023
Ch1: 31.560901 9104.463999 23.531250 16 10410 15036
Ch1: 31.594485 9191.782840 23.500000 15 10448 15052
Ch1: 31.625970 9304.378188 23.500000 14 10497 15067
Ch1: 31.659555 9391.697029 23.531250 13 10535 15083
Ch1: 31.688941 9499.696648 23.531250 12 10582 15097
Ch1: 31.720426 9607.696268 23.531250 11 10629 15112
Ch1: 31.749813 9690.419381 23.500000 10 10665 15126
Ch1: 31.783397 9798.419000 23.531250 9 10712 15142
Ch1: 31.804387 9920.205805 23.500000 8 10765 15152
Ch1: 31.831675 10002.928918 23.531250 7 10801 15165
Ch1: 31.850566 10115.524265 23.500000 6 10850 15174
Ch1: 31.886249 10209.736699 23.500000 5 10891 15191
Ch1: 31.913536 10301.651269 23.500000 4 10931 15204
Ch1: 31.940824 10391.267975 23.531250 3 10970 15217
Ch1: 31.963913 10506.161187 23.468750 2 11020 15228
Ch1: 31.993299 10604.969349 23.500000 1 11063 15242
Ch1: 32.022686 10662.415955 23.531250 0 11088 15256
Ch1: 32.041577 10791.096353 23.500000 0 11144 15265
Ch1: 32.049973 10820.968588 23.500000 1 11157 15269
Ch1: 32.033181 10765.819846 23.562500 2 11133 15261
Ch1: 32.007992 10692.288190 23.500000 3 11101 15249
Ch1: 31.982804 10602.671485 23.500000 4 11062 15237
Ch1: 31.955517 10529.139829 23.500000 5 11030 15224
Ch1: 31.940824 10437.225259 23.531250 6 10990 15217
Ch1: 31.909338 10329.225640 23.531250 7 10943 15202
Ch1: 31.884150 10235.013206 23.531250 8 10902 15190
Ch1: 31.854764 10140.800772 23.531250 9 10861 15176
Ch1: 31.816981 10044.290474 23.531250 10 10819 15158
Ch1: 31.798090 9952.375904 23.531250 11 10779 15149
Ch1: 31.770803 9830.589099 23.500000 12 10726 15136
Ch1: 31.739318 9729.483073 23.531250 13 10682 15121
Ch1: 31.705733 9642.164231 23.531250 14 10644 15105
Ch1: 31.682644 9538.760340 23.531250 15 10599 15094
Ch1: 31.659555 9437.654314 23.500000 16 10555 15083
Ch1: 31.619673 9345.739744 23.531250 17 10515 15064
Ch1: 31.588188 9251.527310 23.531250 18 10474 15049
Ch1: 31.563000 9127.442641 23.500000 19 10420 15037
Ch1: 31.529415 9017.145157 23.500000 20 10372 15021
Ch1: 31.493732 8909.145538 23.500000 21 10325 15004
Ch1: 31.464346 8808.039511 23.531250 22 10281 14990
Ch1: 31.430761 8709.231349 23.531250 23 10238 14974
Ch1: 31.397177 8619.614643 23.500000 24 10199 14958
Ch1: 31.365692 8516.210752 23.500000 25 10154 14943
Ch1: 31.338404 8412.806861 23.500000 26 10109 14930
Ch1: 31.302721 8323.190156 23.500000 27 10070 14913
Ch1: 31.271236 8205.999080 23.500000 28 10019 14898
Ch1: 31.237651 8107.190917 23.500000 29 9976 14882
Ch1: 31.199869 8012.978483 23.500000 30 9935 14864
Ch1: 31.170482 7898.085271 23.531250 31 9885 14850
Ch1: 31.128502 7803.872837 23.500000 32 9844 14830
Ch1: 31.103314 7698.171082 23.562500 33 9798 14818
Ch1: 31.063432 7580.980006 23.531250 34 9747 14799
Ch1: 31.029848 7479.873979 23.500000 35 9703 14783
Ch1: 30.994165 7392.555138 23.531250 36 9665 14766
Ch1: 30.958481 7289.151247 23.500000 37 9620 14749
Ch1: 30.918600 7197.236677 23.500000 38 9580 14730
Ch1: 30.887114 7077.747736 23.531250 39 9528 14715
Ch1: 30.845134 6992.726759 23.531250 40 9491 14695
Ch1: 30.811550 6889.322868 23.500000 41 9446 14679
Ch1: 30.771668 6781.323249 23.531250 42 9399 14660
Ch1: 30.733886 6680.217222 23.500000 43 9355 14642
Ch1: 30.696103 6583.706924 23.531250 44 9313 14624
Ch1: 30.656222 6484.898762 23.562500 45 9270 14605
Ch1: 30.618440 6374.601278 23.562500 46 9222 14587
Ch1: 30.582756 6266.601659 23.531250 47 9175 14570
Ch1: 30.542875 6167.793496 23.531250 48 9132 14551
Ch1: 30.502993 6064.389605 23.500000 49 9087 14532
Ch1: 30.465211 5974.772900 23.531250 50 9048 14514
Ch1: 30.427429 5882.858330 23.562500 51 9008 14496
Ch1: 30.383349 5786.348032 23.531250 52 8966 14475
Ch1: 30.339270 5696.731326 23.562500 53 8927 14454
Ch1: 30.303586 5595.625300 23.500000 54 8883 14437
Ch1: 30.263705 5480.732088 23.500000 55 8833 14418
Ch1: 30.219625 5388.817518 23.531250 56 8793 14397
Ch1: 30.179744 5285.413627 23.531250 57 8748 14378
Ch1: 30.135664 5198.094786 23.531250 58 8710 14357
Ch1: 30.097882 5099.286623 23.500000 59 8667 14339
Ch1: 30.051704 4998.180597 23.531250 60 8623 14317
Ch1: 30.005525 4908.563891 23.531250 61 8584 14295
Ch1: 29.965644 4814.351457 23.531250 62 8543 14276
Ch1: 29.917366 4720.139023 23.531250 63 8502 14253
Ch1: 29.877485 4635.118046 23.531250 64 8465 14234
Ch1: 29.829207 4529.416291 23.562500 65 8419 14211
Ch1: 29.783029 4432.905993 23.468750 66 8377 14189
Ch1: 29.738949 4340.991423 23.500000 67 8337 14168
Ch1: 29.690672 4246.778989 23.500000 68 8296 14145
Ch1: 29.648691 4150.268691 23.500000 69 8254 14125
Ch1: 29.602513 4051.460528 23.531250 70 8211 14103
Ch1: 29.554235 3973.333144 23.531250 71 8177 14080
Ch1: 29.505958 3886.014303 23.500000 72 8139 14057
Ch1: 29.461878 3791.801869 23.531250 73 8098 14036
Ch1: 29.411502 3718.270213 23.531250 74 8066 14012
Ch1: 29.367422 3630.951372 23.500000 75 8028 13991
Ch1: 29.317046 3536.738938 23.500000 76 7987 13967
Ch1: 29.266669 3458.611554 23.531250 77 7953 13943
Ch1: 29.216293 3364.399120 23.500000 78 7912 13919
Ch1: 29.168015 3274.782414 23.531250 79 7873 13896
Ch1: 29.115540 3198.952894 23.500000 80 7840 13871
Ch1: 29.065163 3090.953275 23.500000 81 7793 13847
Ch1: 29.014787 3012.825891 23.500000 82 7759 13823
Ch1: 28.966509 2939.294235 23.531250 83 7727 13800
Ch1: 28.918231 2845.081801 23.531250 84 7686 13777
Ch1: 28.863657 2776.145874 23.531250 85 7656 13751
Ch1: 28.806983 2700.316354 23.531250 86 7623 13724
Ch1: 28.760805 2615.295377 23.500000 87 7586 13702
Ch1: 28.706230 2544.061585 23.531250 88 7555 13676
Ch1: 28.647458 2461.338472 23.531250 89 7519 13648
Ch1: 28.597081 2374.019631 23.531250 90 7481 13624
Ch1: 28.542506 2298.190111 23.531250 91 7448 13598
Ch1: 28.485833 2217.764863 23.562500 92 7413 13571
Ch1: 28.433357 2132.743886 23.531250 93 7376 13546
Ch1: 28.376684 2068.403687 23.500000 94 7348 13519
Ch1: 28.320010 1987.978438 23.531250 95 7313 13492
Ch1: 28.263336 1916.744647 23.500000 96 7282 13465
Ch1: 28.204564 1847.808720 23.531250 97 7252 13437
Ch1: 28.149989 1781.170656 23.500000 98 7223 13411
Ch1: 28.093316 1714.532593 23.531250 99 7194 13384
Ch1: 28.034543 1641.000938 23.562500 100 7162 13356
Ch1: 27.973671 1576.660739 23.531250 101 7134 13327
Ch1: 27.912800 1505.426947 23.531250 102 7103 13298
Ch1: 27.849829 1434.193156 23.531250 103 7072 13268
Ch1: 27.793155 1365.257228 23.562500 104 7042 13241
Ch1: 27.730185 1294.023437 23.562500 105 7011 13211
Ch1: 27.667214 1229.683238 23.531250 106 6983 13181
Ch1: 27.604243 1169.938768 23.531250 107 6957 13151
Ch1: 27.543372 1103.300705 23.531250 108 6928 13122
Ch1: 27.478302 1052.747691 23.531250 109 6906 13091
Ch1: 27.413232 993.003221 23.531250 110 6880 13060
Ch1: 27.350262 937.854479 23.531250 111 6856 13030
Ch1: 27.287291 887.301466 23.531250 112 6834 13000
Ch1: 27.218023 832.152724 23.531250 113 6810 12967
Ch1: 27.155053 772.408254 23.531250 114 6784 12937
Ch1: 27.085785 717.259512 23.531250 115 6760 12904
Ch1: 27.018616 664.408634 23.531250 116 6737 12872
Ch1: 26.949348 609.259893 23.562500 117 6713 12839
Ch1: 26.880081 561.004743 23.562500 118 6692 12806
Ch1: 26.810813 505.856002 23.531250 119 6668 12773
Ch1: 26.737347 462.196581 23.500000 120 6649 12738
Ch1: 26.665980 418.537160 23.531250 121 6630 12704
Ch1: 26.592515 381.771333 23.562500 122 6614 12669
Ch1: 26.516950 342.707640 23.562500 123 6597 12633
Ch1: 26.443484 310.537541 23.531250 124 6583 12598
Ch1: 26.363721 273.771713 23.500000 125 6567 12560
Ch1: 26.288156 230.112293 23.500000 126 6548 12524
Ch1: 26.210493 197.942193 23.531250 127 6534 12487
Ch1: 26.130730 168.069958 23.531250 128 6521 12449
Ch1: 26.046769 133.601994 23.531250 129 6506 12409
Ch1: 25.964907 106.027623 23.531250 130 6494 12370
Ch1: 25.880946 80.751117 23.531250 131 6483 12330
Ch1: 25.794886 64.666067 23.500000 132 6476 12289
Ch1: 25.704628 46.283153 23.531250 133 6468 12246
Ch1: 25.612271 30.198103 23.500000 134 6461 12202
Ch1: 25.519914 32.495968 23.500000 135 6462 12158
Ch1: 25.423359 27.900239 23.531250 136 6460 12112
Ch1: 25.324705 30.198103 23.531250 137 6461 12065
Ch1: 25.226051 23.304511 23.562500 138 6458 12018
Ch1: 25.127397 16.410918 23.531250 139 6455 11971
Ch1: 25.028743 16.410918 23.562500 140 6455 11924
Ch1: 24.927990 9.517325 23.531250 141 6452 11876
Ch1: 24.829336 11.815189 23.531250 142 6453 11829
Ch1: 24.730682 11.815189 23.531250 143 6453 11782
Ch1: 24.632028 14.113054 23.531250 144 6454 11735
Ch1: 24.531275 16.410918 23.531250 145 6455 11687
Ch1: 24.432621 21.006646 23.531250 146 6457 11640
Ch1: 24.333967 25.602375 23.531250 147 6459 11593
Ch1: 24.235313 23.304511 23.531250 148 6458 11546
Ch1: 24.134559 25.602375 23.531250 149 6459 11498
Ch1: 24.033806 21.006646 23.531250 150 6457 11450
Ch1: 23.935152 18.708782 23.531250 151 6456 11403
Ch1: 23.836498 16.410918 23.531250 152 6455 11356
Ch1: 23.735745 11.815189 23.531250 153 6453 11308
Ch1: 23.637091 11.815189 23.531250 154 6453 11261
Ch1: 23.536338 11.815189 23.531250 155 6453 11213
Ch1: 23.439783 16.410918 23.562500 156 6455 11167
Ch1: 23.339030 14.113054 23.531250 157 6454 11119
Ch1: 23.236178 23.304511 23.531250 158 6458 11070
Ch1: 23.137524 23.304511 23.562500 159 6458 11023
Ch1: 23.038870 21.006646 23.531250 160 6457 10976
Ch1: 22.933919 23.304511 23.562500 161 6458 10926
Ch1: 22.835265 21.006646 23.531250 162 6457 10879
Ch1: 22.736611 16.410918 23.562500 163 6455 10832
Ch1: 22.635857 16.410918 23.531250 164 6455 10784
Ch1: 22.535104 11.815189 23.562500 165 6453 10736
Ch1: 22.432252 11.815189 23.531250 166 6453 10687
Ch1: 22.333598 14.113054 23.500000 167 6454 10640
Ch1: 22.234944 18.708782 23.531250 168 6456 10593
Ch1: 22.134191 23.304511 23.531250 169 6458 10545
Ch1: 22.033438 25.602375 23.500000 170 6459 10497
Ch1: 21.934784 23.304511 23.531250 171 6458 10450
Ch1: 21.836130 23.304511 23.531250 172 6458 10403
Ch1: 21.735377 16.410918 23.531250 173 6455 10355
Ch1: 21.634624 18.708782 23.531250 174 6456 10307
Ch1: 21.533871 14.113054 23.562500 175 6454 10259
Ch1: 21.437316 9.517325 23.562500 176 6452 10213
Ch1: 21.334464 9.517325 23.500000 177 6452 10164
Ch1: 21.235810 11.815189 23.531250 178 6453 10117
Ch1: 21.137155 18.708782 23.500000 179 6456 10070
Ch1: 21.036402 18.708782 23.531250 180 6456 10022
Ch1: 20.935649 23.304511 23.531250 181 6458 9974
Ch1: 20.834896 23.304511 23.531250 182 6458 9926
Ch1: 20.734143 27.900239 23.531250 183 6460 9878
Ch1: 20.635489 25.602375 23.531250 184 6459 9831
Ch1: 20.532637 21.006646 23.531250 185 6457 9782
Ch1: 20.433983 16.410918 23.531250 186 6455 9735
Ch1: 20.333230 16.410918 23.531250 187 6455 9687
Ch1: 20.234576 16.410918 23.562500 188 6455 9640
Ch1: 20.133823 11.815189 23.500000 189 6453 9592
Ch1: 20.030971 9.517325 23.531250 190 6452 9543
Ch1: 19.930218 11.815189 23.500000 191 6453 9495
Ch1: 19.833663 16.410918 23.500000 192 6455 9449
Ch1: 19.730810 18.708782 23.531250 193 6456 9400
Ch1: 19.634255 25.602375 23.531250 194 6459 9354
Ch1: 19.533502 30.198103 23.531250 195 6461 9306
Ch1: 19.434848 27.900239 23.531250 196 6460 9259
Ch1: 19.334095 23.304511 23.531250 197 6458 9211
Ch1: 19.229144 14.113054 23.531250 198 6454 9161
Ch1: 19.130490 9.517325 23.531250 199 6452 9114
Ch1: 19.031836 11.815189 23.562500 200 6453 9067
Ch1: 18.931083 11.815189 23.531250 201 6453 9019
Ch1: 18.830330 14.113054 23.468750 202 6454 8971
Ch1: 18.729577 21.006646 23.531250 203 6457 8923
Ch1: 18.630923 23.304511 23.500000 204 6458 8876
Ch1: 18.530170 23.304511 23.531250 205 6458 8828
Ch1: 18.427318 25.602375 23.531250 206 6459 8779
Ch1: 18.328664 23.304511 23.500000 207 6458 8732
Ch1: 18.227910 16.410918 23.531250 208 6455 8684
Ch1: 18.125058 14.113054 23.500000 209 6454 8635
Ch1: 18.024305 9.517325 23.562500 210 6452 8587
Ch1: 17.923552 9.517325 23.562500 211 6452 8539
Ch1: 17.822799 11.815189 23.531250 212 6453 8491
Ch1: 17.722046 14.113054 23.531250 213 6454 8443
Ch1: 17.621293 16.410918 23.531250 214 6455 8395
Ch1: 17.520540 18.708782 23.531250 215 6456 8347
Ch1: 17.419787 21.006646 23.531250 216 6457 8299
Ch1: 17.319034 23.304511 23.562500 217 6458 8251
Ch1: 17.218281 25.602375 23.531250 218 6459 8203
Ch1: 17.119627 23.304511 23.562500 219 6458 8156
Ch1: 17.018874 25.602375 23.500000 220 6459 8108
Ch1: 16.916021 23.304511 23.531250 221 6458 8059
Ch1: 16.815268 14.113054 23.500000 222 6454 8011
Ch1: 16.716614 11.815189 23.562500 223 6453 7964
Ch1: 16.617960 7.219461 23.531250 224 6451 7917
Ch1: 16.510910 9.517325 23.500000 225 6452 7866
Ch1: 16.412256 14.113054 23.500000 226 6454 7819
Ch1: 16.311503 18.708782 23.531250 227 6456 7771
Ch1: 16.210750 25.602375 23.500000 228 6459 7723
Ch1: 16.109997 25.602375 23.531250 229 6459 7675
Ch1: 16.007145 21.006646 23.531250 230 6457 7626
Ch1: 15.906392 16.410918 23.562500 231 6455 7578
Ch1: 15.805639 14.113054 23.562500 232 6454 7530
Ch1: 15.704886 14.113054 23.500000 233 6454 7482
Ch1: 15.604132 11.815189 23.468750 234 6453 7434
Ch1: 15.505478 14.113054 23.531250 235 6454 7387
Ch1: 15.404725 11.815189 23.531250 236 6453 7339
Ch1: 15.301873 16.410918 23.500000 237 6455 7290
Ch1: 15.201120 16.410918 23.531250 238 6455 7242
Ch1: 15.100367 23.304511 23.500000 239 6458 7194
Ch1: 15.001713 25.602375 23.531250 240 6459 7147
Ch1: 14.896762 23.304511 23.531250 241 6458 7097
Ch1: 14.796009 23.304511 23.500000 242 6458 7049
Ch1: 14.697355 23.304511 23.531250 243 6458 7002
Ch1: 14.594503 16.410918 23.500000 244 6455 6953
Ch1: 14.493750 16.410918 23.531250 245 6455 6905
Ch1: 14.392997 11.815189 23.531250 246 6453 6857
Ch1: 14.290144 14.113054 23.531250 247 6454 6808
Ch1: 14.191490 11.815189 23.531250 248 6453 6761
Ch1: 14.088638 14.113054 23.500000 249 6454 6712
Ch1: 13.989984 16.410918 23.500000 250 6455 6665
Ch1: 13.889231 18.708782 23.500000 251 6456 6617
Ch1: 13.788478 23.304511 23.500000 252 6458 6569
Ch1: 13.685626 25.602375 23.500000 253 6459 6520
Ch1: 13.584873 27.900239 23.500000 254 6460 6472
Ch1: 13.484120 27.900239 23.500000 255 6460 6424
Ch1: 13.385466 25.602375 23.500000 256 6459 6377
Ch1: 13.280515 23.304511 23.500000 257 6458 6327
Ch1: 13.179762 21.006646 23.500000 258 6457 6279
Ch1: 13.079009 14.113054 23.500000 259 6454 6231
Ch1: 12.978255 11.815189 23.531250 260 6453 6183
Ch1: 12.875403 14.113054 23.531250 261 6454 6134
Ch1: 12.774650 11.815189 23.531250 262 6453 6086
Ch1: 12.673897 16.410918 23.500000 263 6455 6038
Ch1: 12.573144 21.006646 23.531250 264 6457 5990
Ch1: 12.472391 23.304511 23.500000 265 6458 5942
Ch1: 12.369539 25.602375 23.500000 266 6459 5893
Ch1: 12.270885 23.304511 23.500000 267 6458 5846
Ch1: 12.170132 27.900239 23.531250 268 6460 5798
Ch1: 12.067280 25.602375 23.500000 269 6459 5749
Ch1: 11.966527 21.006646 23.500000 270 6457 5701
Ch1: 11.865774 21.006646 23.531250 271 6457 5653
Ch1: 11.767120 9.517325 23.500000 272 6452 5606
Ch1: 11.664267 16.410918 23.531250 273 6455 5557
Ch1: 11.563514 11.815189 23.531250 274 6453 5509
Ch1: 11.462761 14.113054 23.500000 275 6454 5461
Ch1: 11.362008 14.113054 23.500000 276 6454 5413
Ch1: 11.261255 18.708782 23.500000 277 6456 5365
Ch1: 11.158403 21.006646 23.500000 278 6457 5316
Ch1: 11.057650 23.304511 23.500000 279 6458 5268
Ch1: 10.956897 21.006646 23.500000 280 6457 5220
Ch1: 10.856144 25.602375 23.500000 281 6459 5172
Ch1: 10.755391 25.602375 23.500000 282 6459 5124
Ch1: 10.654638 21.006646 23.468750 283 6457 5076
Ch1: 10.553885 21.006646 23.500000 284 6457 5028
Ch1: 10.453132 16.410918 23.531250 285 6455 4980
Ch1: 10.350279 11.815189 23.500000 286 6453 4931
Ch1: 10.249526 11.815189 23.500000 287 6453 4883
Ch1: 10.150872 14.113054 23.531250 288 6454 4836
Ch1: 10.048020 14.113054 23.500000 289 6454 4787
Ch1: 9.949366 18.708782 23.500000 290 6456 4740
Ch1: 9.848613 23.304511 23.500000 291 6458 4692
Ch1: 9.747860 25.602375 23.500000 292 6459 4644
Ch1: 9.647107 25.602375 23.500000 293 6459 4596
Ch1: 9.544255 25.602375 23.468750 294 6459 4547
Ch1: 9.443502 23.304511 23.500000 295 6458 4499
Ch1: 9.342749 21.006646 23.500000 296 6457 4451
Ch1: 9.241996 21.006646 23.500000 297 6457 4403
Ch1: 9.141243 16.410918 23.531250 298 6455 4355
Ch1: 9.040489 11.815189 23.468750 299 6453 4307
Ch1: 8.939736 11.815189 23.468750 300 6453 4259
Ch1: 8.838983 14.113054 23.531250 301 6454 4211
Ch1: 8.736131 18.708782 23.500000 302 6456 4162
Ch1: 8.635378 27.900239 23.500000 303 6460 4114
Ch1: 8.538823 25.602375 23.468750 304 6459 4068
Ch1: 8.433872 25.602375 23.500000 305 6459 4018
Ch1: 8.335218 23.304511 23.468750 306 6458 3971
Ch1: 8.234465 21.006646 23.500000 307 6457 3923
Ch1: 8.133712 21.006646 23.468750 308 6457 3875
Ch1: 8.032959 16.410918 23.468750 309 6455 3827
Ch1: 7.930107 14.113054 23.531250 310 6454 3778
Ch1: 7.829354 14.113054 23.531250 311 6454 3730
Ch1: 7.730699 11.815189 23.531250 312 6453 3683
Ch1: 7.629946 16.410918 23.468750 313 6455 3635
Ch1: 7.529193 21.006646 23.531250 314 6457 3587
Ch1: 7.426341 23.304511 23.500000 315 6458 3538
Ch1: 7.327687 25.602375 23.500000 316 6459 3491
Ch1: 7.226934 21.006646 23.531250 317 6457 3443
Ch1: 7.124082 16.410918 23.500000 318 6455 3394
Ch1: 7.025428 14.113054 23.500000 319 6454 3347
Ch1: 6.926774 9.517325 23.468750 320 6452 3300
Ch1: 6.823922 9.517325 23.500000 321 6452 3251
Ch1: 6.725268 14.113054 23.468750 322 6454 3204
Ch1: 6.624515 16.410918 23.500000 323 6455 3156
Ch1: 6.523762 21.006646 23.500000 324 6457 3108
Ch1: 6.423009 14.113054 23.468750 325 6454 3060
Ch1: 6.322255 23.304511 23.500000 326 6458 3012
Ch1: 6.221502 27.900239 23.500000 327 6460 2964
Ch1: 6.120749 25.602375 23.531250 328 6459 2916
Ch1: 6.019996 23.304511 23.468750 329 6458 2868
Ch1: 5.921342 21.006646 23.531250 330 6457 2821
Ch1: 5.820589 16.410918 23.500000 331 6455 2773
Ch1: 5.719836 14.113054 23.500000 332 6454 2725
Ch1: 5.619083 11.815189 23.500000 333 6453 2677
Ch1: 5.518330 14.113054 23.500000 334 6454 2629
Ch1: 5.417577 16.410918 23.531250 335 6455 2581
Ch1: 5.318923 14.113054 23.500000 336 6454 2534
Ch1: 5.216071 23.304511 23.500000 337 6458 2485
Ch1: 5.115318 27.900239 23.468750 338 6460 2437
Ch1: 5.016664 27.900239 23.500000 339 6460 2390
Ch1: 4.913811 25.602375 23.500000 340 6459 2341
Ch1: 4.813058 25.602375 23.531250 341 6459 2293
Ch1: 4.712305 21.006646 23.500000 342 6457 2245
Ch1: 4.613651 16.410918 23.500000 343 6455 2198
Ch1: 4.514997 18.708782 23.500000 344 6456 2151
Ch1: 4.414244 11.815189 23.500000 345 6453 2103
Ch1: 4.311392 11.815189 23.500000 346 6453 2054
Ch1: 4.212738 21.006646 23.468750 347 6457 2007
Ch1: 4.114084 27.900239 23.531250 348 6460 1960
Ch1: 4.015430 25.602375 23.500000 349 6459 1913
Ch1: 3.916776 27.900239 23.500000 350 6460 1866
Ch1: 3.816023 25.602375 23.468750 351 6459 1818
Ch1: 3.721567 21.006646 23.500000 352 6457 1773
Ch1: 3.631309 11.815189 23.468750 353 6453 1730
Ch1: 3.528457 14.113054 23.500000 354 6454 1681
Ch1: 3.425605 11.815189 23.531250 355 6453 1632
Ch1: 3.324851 11.815189 23.468750 356 6453 1584
Ch1: 3.224098 14.113054 23.468750 357 6454 1536
Ch1: 3.123345 16.410918 23.531250 358 6455 1488
Ch1: 3.024691 21.006646 23.468750 359 6457 1441
Ch1: 2.928136 23.304511 23.468750 360 6458 1395
Ch1: 2.827383 30.198103 23.468750 361 6461 1347
Ch1: 2.730828 27.900239 23.500000 362 6460 1301
Ch1: 2.632174 23.304511 23.468750 363 6458 1254
Ch1: 2.535619 23.304511 23.468750 364 6458 1208
Ch1: 2.453757 21.006646 23.500000 365 6457 1169
Ch1: 2.422272 16.410918 23.468750 366 6455 1154
Ch1: 2.413876 4.921597 23.500000 367 6450 1150
Ch1: 2.409678 13.461317 23.500000 368 6442 1148
Ch1: 2.407579 22.652774 23.500000 369 6438 1147
Ch1: 2.401282 14.113054 23.468750 370 6454 1144
Ch1: 2.399183 25.602375 23.500000 371 6459 1143
Ch1: 2.399183 23.304511 23.500000 372 6458 1143
Ch1: 2.397084 25.602375 23.500000 373 6459 1142
Ch1: 2.397084 18.708782 23.500000 374 6456 1142
Ch1: 2.397084 21.006646 23.468750 375 6457 1142
Ch1: 2.397084 18.708782 23.500000 376 6456 1142
Ch1: 2.399183 18.708782 23.531250 377 6456 1143
Ch1: 2.399183 9.517325 23.500000 378 6452 1143
Ch1: 2.399183 9.517325 23.500000 379 6452 1143
Ch1: 2.401282 11.815189 23.500000 380 6453 1144
Ch1: 2.401282 11.815189 23.468750 381 6453 1144
Ch1: 2.403381 14.113054 23.500000 382 6454 1145
Ch1: 2.405480 14.113054 23.531250 383 6454 1146
Ch1: 2.405480 21.006646 23.500000 384 6457 1146
Ch1: 2.407579 21.006646 23.500000 385 6457 1147
Ch1: 2.409678 25.602375 23.531250 386 6459 1148
Ch1: 2.411777 23.304511 23.500000 387 6458 1149
Ch1: 2.411777 23.304511 23.531250 388 6458 1149
Ch1: 2.413876 23.304511 23.531250 389 6458 1150
Ch1: 2.415975 18.708782 23.468750 390 6456 1151
Ch1: 2.415975 21.006646 23.500000 391 6457 1151
Ch1: 2.418074 18.708782 23.500000 392 6456 1152
Ch1: 2.420173 14.113054 23.468750 393 6454 1153
Ch1: 2.422272 16.410918 23.500000 394 6455 1154
Ch1: 2.424371 14.113054 23.500000 395 6454 1155
Ch1: 2.426470 14.113054 23.500000 396 6454 1156
Ch1: 2.428569 14.113054 23.500000 397 6454 1157
Ch1: 2.430668 18.708782 23.468750 398 6456 1158
Ch1: 2.432767 23.304511 23.500000 399 6458 1159
Ch1: 2.434866 27.900239 23.500000 400 6460 1160
Ch1: 2.436965 27.900239 23.500000 401 6460 1161
Ch1: 2.439064 25.602375 23.500000 402 6459 1162
Ch1: 2.441163 23.304511 23.500000 403 6458 1163
Ch1: 2.443262 21.006646 23.500000 404 6457 1164
Ch1: 2.445361 14.113054 23.468750 405 6454 1165
Ch1: 2.447460 9.517325 23.500000 406 6452 1166
Ch1: 2.449559 11.815189 23.468750 407 6453 1167
Ch1: 2.451658 14.113054 23.500000 408 6454 1168
Ch1: 2.453757 18.708782 23.468750 409 6456 1169
Ch1: 2.455856 23.304511 23.500000 410 6458 1170
Ch1: 2.457955 23.304511 23.468750 411 6458 1171
Ch1: 2.460054 30.198103 23.437500 412 6461 1172
Ch1: 2.462153 27.900239 23.468750 413 6460 1173
Ch1: 2.464252 27.900239 23.468750 414 6460 1174
Ch1: 2.466351 25.602375 23.468750 415 6459 1175
Ch1: 2.468450 21.006646 23.500000 416 6457 1176
Ch1: 2.472648 16.410918 23.500000 417 6455 1178
Ch1: 2.472648 14.113054 23.500000 418 6454 1178
Ch1: 2.476846 11.815189 23.500000 419 6453 1180
Ch1: 2.478945 16.410918 23.468750 420 6455 1181
Ch1: 2.481044 11.815189 23.468750 421 6453 1182
Ch1: 2.483143 21.006646 23.500000 422 6457 1183
Ch1: 2.485243 18.708782 23.500000 423 6456 1184
Ch1: 2.487342 25.602375 23.500000 424 6459 1185
Ch1: 2.489441 23.304511 23.500000 425 6458 1186
Ch1: 2.493639 25.602375 23.468750 426 6459 1188
Ch1: 2.493639 23.304511 23.437500 427 6458 1188
Ch1: 2.497837 16.410918 23.500000 428 6455 1190
Ch1: 2.499936 18.708782 23.531250 429 6456 1191
Ch1: 2.502035 16.410918 23.500000 430 6455 1192
Ch1: 2.504134 14.113054 23.500000 431 6454 1193
Ch1: 2.506233 21.006646 23.500000 432 6457 1194
Ch1: 2.510431 23.304511 23.531250 433 6458 1196
Ch1: 2.512530 25.602375 23.468750 434 6459 1197
Ch1: 2.514629 23.304511 23.468750 435 6458 1198
Ch1: 2.516728 25.602375 23.468750 436 6459 1199
Ch1: 2.518827 25.602375 23.468750 437 6459 1200
Ch1: 2.523025 21.006646 23.468750 438 6457 1202
Ch1: 2.525124 18.708782 23.468750 439 6456 1203
Ch1: 2.527223 11.815189 23.468750 440 6453 1204
Ch1: 2.529322 14.113054 23.500000 441 6454 1205
Ch1: 2.531421 14.113054 23.468750 442 6454 1206
Ch1: 2.533520 18.708782 23.500000 443 6456 1207
Ch1: 2.535619 21.006646 23.531250 444 6457 1208
Ch1: 2.539817 27.900239 23.500000 445 6460 1210
Ch1: 2.541916 25.602375 23.500000 446 6459 1211
Ch1: 2.544015 25.602375 23.500000 447 6459 1212
Ch1: 2.546114 25.602375 23.468750 448 6459 1213
Ch1: 2.548213 25.602375 23.500000 449 6459 1214
Ch1: 2.550312 16.410918 23.500000 450 6455 1215
Ch1: 2.554510 14.113054 23.500000 451 6454 1217
Ch1: 2.556609 14.113054 23.500000 452 6454 1218
Ch1: 2.558708 14.113054 23.531250 453 6454 1219
Ch1: 2.560807 18.708782 23.531250 454 6456 1220
Ch1: 2.562906 16.410918 23.500000 455 6455 1221
Ch1: 2.567104 23.304511 23.468750 456 6458 1223
Ch1: 2.569203 23.304511 23.500000 457 6458 1224
Ch1: 2.571302 25.602375 23.468750 458 6459 1225
Ch1: 2.573401 25.602375 23.500000 459 6459 1226
Ch1: 2.575500 27.900239 23.500000 460 6460 1227
Ch1: 2.579699 25.602375 23.500000 461 6459 1229
Ch1: 2.581798 21.006646 23.500000 462 6457 1230
Ch1: 2.583897 14.113054 23.500000 463 6454 1231
Ch1: 2.585996 16.410918 23.500000 464 6455 1232
Ch1: 2.590194 18.708782 23.500000 465 6456 1234
Ch1: 2.592293 23.304511 23.500000 466 6458 1235
Ch1: 2.594392 23.304511 23.500000 467 6458 1236
Ch1: 2.596491 27.900239 23.531250 468 6460 1237
Ch1: 2.600689 27.900239 23.500000 469 6460 1239
Ch1: 2.602788 25.602375 23.500000 470 6459 1240
Ch1: 2.604887 21.006646 23.500000 471 6457 1241
Ch1: 2.606986 21.006646 23.531250 472 6457 1242
Ch1: 2.611184 18.708782 23.500000 473 6456 1244
Ch1: 2.613283 11.815189 23.500000 474 6453 1245
Ch1: 2.615382 16.410918 23.531250 475 6455 1246
Ch1: 2.617481 14.113054 23.500000 476 6454 1247
Ch1: 2.619580 18.708782 23.500000 477 6456 1248
Ch1: 2.621679 16.410918 23.500000 478 6455 1249
Ch1: 2.625877 23.304511 23.500000 479 6458 1251
Ch1: 2.627976 25.602375 23.500000 480 6459 1252
Ch1: 2.630075 25.602375 23.531250 481 6459 1253
Ch1: 2.632174 27.900239 23.500000 482 6460 1254
Ch1: 2.636372 18.708782 23.500000 483 6456 1256
Ch1: 2.638471 18.708782 23.500000 484 6456 1257
Ch1: 2.640570 18.708782 23.531250 485 6456 1258
Ch1: 2.642669 11.815189 23.500000 486 6453 1259
Ch1: 2.646867 14.113054 23.531250 487 6454 1261
Ch1: 2.648966 14.113054 23.500000 488 6454 1262
Ch1: 2.651065 11.815189 23.500000 489 6453 1263
Ch1: 2.653164 21.006646 23.500000 490 6457 1264
Ch1: 2.657362 21.006646 23.468750 491 6457 1266
Ch1: 2.659461 27.900239 23.500000 492 6460 1267
Ch1: 2.661560 23.304511 23.500000 493 6458 1268
Ch1: 2.663659 27.900239 23.500000 494 6460 1269
Ch1: 2.667857 14.113054 23.500000 495 6454 1271
Ch1: 2.669956 14.113054 23.500000 496 6454 1272
Ch1: 2.672056 14.113054 23.468750 497 6454 1273
Ch1: 2.674155 16.410918 23.500000 498 6455 1274
Ch1: 2.676254 18.708782 23.500000 499 6456 1275
Ch1: 2.680452 21.006646 23.531250 500 6457 1277
Ch1: 2.682551 21.006646 23.500000 501 6457 1278
Ch1: 2.684650 25.602375 23.531250 502 6459 1279
Ch1: 2.686749 30.198103 23.531250 503 6461 1280
Ch1: 2.690947 25.602375 23.500000 504 6459 1282
Ch1: 2.693046 23.304511 23.500000 505 6458 1283
Ch1: 2.695145 18.708782 23.500000 506 6456 1284
Ch1: 2.697244 11.815189 23.531250 507 6453 1285
Ch1: 2.701442 16.410918 23.500000 508 6455 1287
Ch1: 2.703541 11.815189 23.531250 509 6453 1288
Ch1: 2.705640 11.815189 23.500000 510 6453 1289
Ch1: 2.707739 11.815189 23.500000 511 6453 1290
Ch1: 2.711937 16.410918 23.531250 512 6455 1292
Ch1: 2.714036 23.304511 23.500000 513 6458 1293
Ch1: 2.716135 23.304511 23.500000 514 6458 1294
Ch1: 2.720333 27.900239 23.500000 515 6460 1296
Ch1: 2.722432 25.602375 23.500000 516 6459 1297
Ch1: 2.724531 27.900239 23.531250 517 6460 1298
Ch1: 2.726630 23.304511 23.531250 518 6458 1299
Ch1: 2.730828 21.006646 23.500000 519 6457 1301
Ch1: 2.732927 18.708782 23.500000 520 6456 1302
Ch1: 2.735026 18.708782 23.531250 521 6456 1303
Ch1: 2.739224 14.113054 23.500000 522 6454 1305
Ch1: 2.741323 14.113054 23.500000 523 6454 1306
Ch1: 2.743422 16.410918 23.500000 524 6455 1307
Ch1: 2.745521 18.708782 23.531250 525 6456 1308
Ch1: 2.747620 18.708782 23.531250 526 6456 1309
Ch1: 2.751818 30.198103 23.531250 527 6461 1311
Ch1: 2.753917 27.900239 23.531250 528 6460 1312
Ch1: 2.756016 21.006646 23.531250 529 6457 1313
Ch1: 2.758115 18.708782 23.531250 530 6456 1314
Ch1: 2.762313 11.815189 23.500000 531 6453 1316
Ch1: 2.764412 11.815189 23.531250 532 6453 1317
Ch1: 2.766512 11.815189 23.500000 533 6453 1318
Ch1: 2.768611 16.410918 23.531250 534 6455 1319
Ch1: 2.772809 18.708782 23.500000 535 6456 1321
Ch1: 2.774908 18.708782 23.531250 536 6456 1322
Ch1: 2.777007 23.304511 23.562500 537 6458 1323
Ch1: 2.781205 25.602375 23.468750 538 6459 1325
Ch1: 2.783304 23.304511 23.500000 539 6458 1326
Ch1: 2.785403 23.304511 23.500000 540 6458 1327
Ch1: 2.787502 18.708782 23.531250 541 6456 1328
Ch1: 2.791700 16.410918 23.500000 542 6455 1330
Ch1: 2.793799 14.113054 23.500000 543 6454 1331
Ch1: 2.795898 14.113054 23.500000 544 6454 1332
Ch1: 2.800096 11.815189 23.562500 545 6453 1334
Ch1: 2.802195 16.410918 23.500000 546 6455 1335
Ch1: 2.804294 14.113054 23.500000 547 6454 1336
Ch1: 2.806393 16.410918 23.500000 548 6455 1337
Ch1: 2.810591 21.006646 23.531250 549 6457 1339
Ch1: 2.812690 27.900239 23.531250 550 6460 1340
Ch1: 2.814789 23.304511 23.500000 551 6458 1341
Ch1: 2.816888 23.304511 23.531250 552 6458 1342
Ch1: 2.821086 23.304511 23.531250 553 6458 1344
Ch1: 2.823185 16.410918 23.531250 554 6455 1345
Ch1: 2.825284 16.410918 23.562500 555 6455 1346
Ch1: 2.827383 11.815189 23.500000 556 6453 1347
Ch1: 2.831581 9.517325 23.531250 557 6452 1349
Ch1: 2.833680 7.219461 23.531250 558 6451 1350
Ch1: 2.837878 14.113054 23.531250 559 6454 1352
Ch1: 2.839977 18.708782 23.531250 560 6456 1353
Ch1: 2.842076 21.006646 23.562500 561 6457 1354
Ch1: 2.846274 25.602375 23.500000 562 6459 1356
Ch1: 2.848373 23.304511 23.531250 563 6458 1357
Ch1: 2.850472 23.304511 23.531250 564 6458 1358
Ch1: 2.852571 18.708782 23.531250 565 6456 1359
Ch1: 2.854670 23.304511 23.500000 566 6458 1360
Ch1: 2.858868 14.113054 23.500000 567 6454 1362
Ch1: 2.860968 14.113054 23.500000 568 6454 1363
Ch1: 2.863067 11.815189 23.531250 569 6453 1364
Ch1: 2.867265 16.410918 23.531250 570 6455 1366
Ch1: 2.869364 14.113054 23.531250 571 6454 1367
Ch1: 2.871463 18.708782 23.531250 572 6456 1368
Ch1: 2.875661 25.602375 23.531250 573 6459 1370
Ch1: 2.877760 25.602375 23.531250 574 6459 1371
Ch1: 2.879859 25.602375 23.531250 575 6459 1372
Ch1: 2.884057 23.304511 23.531250 576 6458 1374
Ch1: 2.886156 21.006646 23.531250 577 6457 1375
Ch1: 2.888255 16.410918 23.500000 578 6455 1376
Ch1: 2.890354 18.708782 23.500000 579 6456 1377
Ch1: 2.894552 14.113054 23.531250 580 6454 1379
Ch1: 2.896651 9.517325 23.531250 581 6452 1380
Ch1: 2.898750 9.517325 23.500000 582 6452 1381
Ch1: 2.902948 16.410918 23.500000 583 6455 1383
Ch1: 2.905047 18.708782 23.531250 584 6456 1384
Ch1: 2.907146 25.602375 23.500000 585 6459 1385
Ch1: 2.909245 25.602375 23.500000 586 6459 1386
Ch1: 2.913443 25.602375 23.500000 587 6459 1388
Ch1: 2.915542 25.602375 23.500000 588 6459 1389
Ch1: 2.917641 25.602375 23.531250 589 6459 1390
Ch1: 2.921839 21.006646 23.531250 590 6457 1392
Ch1: 2.923938 16.410918 23.500000 591 6455 1393
Ch1: 2.928136 14.113054 23.500000 592 6454 1395
Ch1: 2.930235 9.517325 23.500000 593 6452 1396
Ch1: 2.932334 11.815189 23.531250 594 6453 1397
Ch1: 2.934433 14.113054 23.500000 595 6454 1398
Ch1: 2.938631 18.708782 23.500000 596 6456 1400
Ch1: 2.940730 23.304511 23.500000 597 6458 1401
Ch1: 2.942829 21.006646 23.531250 598 6457 1402
Ch1: 2.947027 25.602375 23.500000 599 6459 1404
Ch1: 2.949126 30.198103 23.531250 600 6461 1405
