Ch1: 2.787502 -128.354529 22.968750 600 6392 1328
Ch1: 2.839977 -100.780158 23.000000 599 6404 1353
Ch1: 2.839977 -77.801516 23.000000 598 6414 1353
Ch1: 2.837878 -75.503652 23.031250 597 6415 1352
Ch1: 2.835779 -68.610059 23.000000 596 6418 1351
Ch1: 2.833680 -82.397245 23.000000 595 6412 1350
Ch1: 2.829482 -73.205788 23.000000 594 6416 1348
Ch1: 2.827383 -70.907923 23.000000 593 6417 1347
Ch1: 2.825284 -77.801516 22.968750 592 6414 1346
Ch1: 2.821086 -86.992973 23.000000 591 6410 1344
Ch1: 2.818987 -84.695109 23.062500 590 6411 1343
Ch1: 2.816888 -70.907923 23.031250 589 6417 1342
Ch1: 2.814789 -68.610059 23.031250 588 6418 1341
Ch1: 2.810591 -75.503652 23.000000 587 6415 1339
Ch1: 2.808492 -84.695109 22.968750 586 6411 1338
Ch1: 2.806393 -89.290837 23.031250 585 6409 1337
Ch1: 2.802195 -75.503652 23.000000 584 6415 1335
Ch1: 2.800096 -66.312195 23.031250 583 6419 1334
Ch1: 2.797997 -64.014331 23.000000 582 6420 1333
Ch1: 2.795898 -80.099380 23.031250 581 6413 1332
Ch1: 2.791700 -89.290837 23.031250 580 6409 1330
Ch1: 2.789601 -77.801516 23.000000 579 6414 1329
Ch1: 2.787502 -66.312195 23.000000 578 6419 1328
Ch1: 2.783304 -66.312195 22.968750 577 6419 1326
Ch1: 2.781205 -77.801516 23.000000 576 6414 1325
Ch1: 2.779106 -82.397245 23.031250 575 6412 1324
Ch1: 2.777007 -82.397245 22.968750 574 6412 1323
Ch1: 2.772809 -68.610059 23.000000 573 6418 1321
Ch1: 2.770710 -68.610059 23.000000 572 6418 1320
Ch1: 2.768611 -77.801516 23.031250 571 6414 1319
Ch1: 2.764412 -84.695109 22.968750 570 6411 1317
Ch1: 2.762313 -86.992973 23.031250 569 6410 1316
Ch1: 2.760214 -70.907923 23.000000 568 6417 1315
Ch1: 2.756016 -68.610059 23.000000 567 6418 1313
Ch1: 2.753917 -75.503652 23.000000 566 6415 1312
Ch1: 2.751818 -86.992973 22.968750 565 6410 1311
Ch1: 2.749719 -84.695109 23.000000 564 6411 1310
Ch1: 2.745521 -98.482294 23.000000 563 6405 1308
Ch1: 2.741323 -89.290837 23.000000 562 6409 1306
Ch1: 2.741323 -84.695109 23.031250 561 6411 1306
Ch1: 2.737125 -91.588702 23.000000 560 6408 1304
Ch1: 2.735026 -70.907923 23.000000 559 6417 1303
Ch1: 2.730828 -89.290837 22.968750 558 6409 1301
Ch1: 2.726630 -103.078023 23.000000 557 6403 1299
Ch1: 2.726630 -96.184430 23.000000 556 6406 1299
Ch1: 2.722432 -98.482294 23.031250 555 6405 1297
Ch1: 2.720333 -89.290837 23.031250 554 6409 1296
Ch1: 2.716135 -98.482294 23.031250 553 6405 1294
Ch1: 2.711937 -86.992973 22.968750 552 6410 1292
Ch1: 2.711937 -93.886566 23.000000 551 6407 1292
Ch1: 2.709838 -93.886566 23.031250 550 6407 1291
Ch1: 2.707739 -91.588702 23.000000 549 6408 1290
Ch1: 2.703541 -80.099380 23.031250 548 6413 1288
Ch1: 2.701442 -75.503652 23.031250 547 6415 1287
Ch1: 2.699343 -80.099380 23.031250 546 6413 1286
Ch1: 2.697244 -89.290837 23.031250 545 6409 1285
Ch1: 2.693046 -93.886566 22.968750 544 6407 1283
Ch1: 2.690947 -91.588702 23.031250 543 6408 1282
Ch1: 2.688848 -80.099380 23.031250 542 6413 1281
Ch1: 2.686749 -77.801516 23.000000 541 6414 1280
Ch1: 2.684650 -80.099380 23.000000 540 6413 1279
Ch1: 2.680452 -89.290837 23.000000 539 6409 1277
Ch1: 2.678353 -100.780158 23.031250 538 6404 1276
Ch1: 2.676254 -89.290837 23.031250 537 6409 1275
Ch1: 2.674155 -80.099380 23.031250 536 6413 1274
Ch1: 2.669956 -77.801516 22.968750 535 6414 1272
Ch1: 2.667857 -84.695109 22.968750 534 6411 1271
Ch1: 2.663659 -91.588702 23.000000 533 6408 1269
Ch1: 2.663659 -98.482294 23.000000 532 6405 1269
Ch1: 2.659461 -89.290837 23.031250 531 6409 1267
Ch1: 2.657362 -82.397245 23.000000 530 6412 1266
Ch1: 2.655263 -77.801516 22.968750 529 6414 1265
Ch1: 2.653164 -73.205788 23.000000 528 6416 1264
Ch1: 2.651065 -80.099380 22.968750 527 6413 1263
Ch1: 2.648966 -84.695109 23.000000 526 6411 1262
Ch1: 2.644768 -75.503652 23.000000 525 6415 1260
Ch1: 2.642669 -66.312195 23.031250 524 6419 1259
Ch1: 2.640570 -66.312195 23.000000 523 6419 1258
Ch1: 2.638471 -80.099380 23.000000 522 6413 1257
Ch1: 2.634273 -82.397245 23.000000 521 6412 1255
Ch1: 2.632174 -75.503652 22.968750 520 6415 1254
Ch1: 2.630075 -64.014331 23.000000 519 6420 1253
Ch1: 2.625877 -64.014331 23.031250 518 6420 1251
Ch1: 2.623778 -77.801516 23.000000 517 6414 1250
Ch1: 2.621679 -82.397245 23.031250 516 6412 1249
Ch1: 2.619580 -80.099380 23.000000 515 6413 1248
Ch1: 2.615382 -66.312195 23.000000 514 6419 1246
Ch1: 2.613283 -64.014331 23.000000 513 6420 1245
Ch1: 2.611184 -77.801516 23.031250 512 6414 1244
Ch1: 2.606986 -80.099380 23.062500 511 6413 1242
Ch1: 2.604887 -75.503652 23.031250 510 6415 1241
Ch1: 2.602788 -68.610059 23.000000 509 6418 1240
Ch1: 2.600689 -61.716466 23.031250 508 6421 1239
Ch1: 2.598590 -68.610059 22.968750 507 6418 1238
Ch1: 2.594392 -80.099380 22.968750 506 6413 1236
Ch1: 2.592293 -80.099380 22.968750 505 6413 1235
Ch1: 2.590194 -68.610059 22.968750 504 6418 1234
Ch1: 2.588095 -61.716466 23.031250 503 6421 1233
Ch1: 2.585996 -68.610059 23.031250 502 6418 1232
Ch1: 2.581798 -75.503652 23.000000 501 6415 1230
Ch1: 2.579699 -80.099380 23.000000 500 6413 1229
Ch1: 2.577599 -70.907923 23.031250 499 6417 1228
Ch1: 2.573401 -61.716466 23.062500 498 6421 1226
Ch1: 2.571302 -64.014331 23.000000 497 6420 1225
Ch1: 2.569203 -70.907923 23.000000 496 6417 1224
Ch1: 2.567104 -80.099380 23.031250 495 6413 1223
Ch1: 2.565005 -77.801516 23.000000 494 6414 1222
Ch1: 2.562906 -64.014331 23.000000 493 6420 1221
Ch1: 2.558708 -64.014331 22.968750 492 6420 1219
Ch1: 2.556609 -73.205788 23.000000 491 6416 1218
Ch1: 2.554510 -82.397245 23.031250 490 6412 1217
Ch1: 2.550312 -77.801516 23.031250 489 6414 1215
Ch1: 2.548213 -68.610059 23.031250 488 6418 1214
Ch1: 2.546114 -57.120738 23.000000 487 6423 1213
Ch1: 2.544015 -66.312195 23.000000 486 6419 1212
Ch1: 2.539817 -77.801516 23.031250 485 6414 1210
Ch1: 2.537718 -80.099380 23.000000 484 6413 1209
Ch1: 2.535619 -68.610059 23.031250 483 6418 1208
Ch1: 2.533520 -59.418602 22.968750 482 6422 1207
Ch1: 2.529322 -68.610059 23.000000 481 6418 1205
Ch1: 2.527223 -75.503652 23.031250 480 6415 1204
Ch1: 2.525124 -77.801516 23.031250 479 6414 1203
Ch1: 2.523025 -70.907923 23.031250 478 6417 1202
Ch1: 2.520926 -61.716466 23.000000 477 6421 1201
Ch1: 2.518827 -59.418602 23.000000 476 6422 1200
Ch1: 2.514629 -70.907923 23.031250 475 6417 1198
Ch1: 2.512530 -80.099380 23.000000 474 6413 1197
Ch1: 2.510431 -75.503652 23.000000 473 6415 1196
Ch1: 2.508332 -66.312195 23.000000 472 6419 1195
Ch1: 2.504134 -61.716466 23.031250 471 6421 1193
Ch1: 2.502035 -73.205788 23.031250 470 6416 1192
Ch1: 2.499936 -80.099380 23.000000 469 6413 1191
Ch1: 2.497837 -80.099380 23.000000 468 6413 1190
Ch1: 2.493639 -66.312195 23.031250 467 6419 1188
Ch1: 2.491540 -61.716466 23.000000 466 6421 1187
Ch1: 2.489441 -68.610059 23.031250 465 6418 1186
Ch1: 2.487342 -80.099380 23.031250 464 6413 1185
Ch1: 2.485243 -80.099380 23.000000 463 6413 1184
Ch1: 2.483143 -73.205788 23.000000 462 6416 1183
Ch1: 2.478945 -64.014331 22.968750 461 6420 1181
Ch1: 2.476846 -64.014331 23.000000 460 6420 1180
Ch1: 2.474747 -75.503652 23.000000 459 6415 1179
Ch1: 2.472648 -77.801516 23.000000 458 6414 1178
Ch1: 2.468450 -73.205788 22.968750 457 6416 1176
Ch1: 2.468450 -61.716466 23.031250 456 6421 1176
Ch1: 2.464252 -59.418602 23.031250 455 6422 1174
Ch1: 2.462153 -73.205788 23.031250 454 6416 1173
Ch1: 2.460054 -80.099380 22.968750 453 6413 1172
Ch1: 2.457955 -77.801516 23.031250 452 6414 1171
Ch1: 2.453757 -61.716466 23.000000 451 6421 1169
Ch1: 2.451658 -59.418602 22.968750 450 6422 1168
Ch1: 2.449559 -68.610059 23.031250 449 6418 1167
Ch1: 2.447460 -77.801516 23.031250 448 6414 1166
Ch1: 2.445361 -75.503652 23.062500 447 6415 1165
Ch1: 2.441163 -64.014331 23.000000 446 6420 1163
Ch1: 2.439064 -57.120738 23.000000 445 6423 1162
Ch1: 2.436965 -64.014331 23.000000 444 6420 1161
Ch1: 2.434866 -73.205788 23.031250 443 6416 1160
Ch1: 2.432767 -77.801516 23.031250 442 6414 1159
Ch1: 2.428569 -64.014331 23.000000 441 6420 1157
Ch1: 2.426470 -59.418602 23.031250 440 6422 1156
Ch1: 2.424371 -66.312195 23.031250 439 6419 1155
Ch1: 2.422272 -75.503652 23.000000 438 6415 1154
Ch1: 2.420173 -80.099380 23.031250 437 6413 1153
Ch1: 2.418074 -73.205788 23.031250 436 6416 1152
Ch1: 2.415975 -64.014331 23.000000 435 6420 1151
Ch1: 2.411777 -64.014331 23.062500 434 6420 1149
Ch1: 2.409678 -73.205788 23.031250 433 6416 1148
Ch1: 2.407579 -80.099380 23.031250 432 6413 1147
Ch1: 2.405480 -75.503652 23.031250 431 6415 1146
Ch1: 2.401282 -61.716466 23.031250 430 6421 1144
Ch1: 2.401282 -64.014331 23.000000 429 6420 1144
Ch1: 2.397084 -75.503652 23.000000 428 6415 1142
Ch1: 2.394985 -80.099380 23.000000 427 6413 1141
Ch1: 2.392886 -73.205788 23.000000 426 6416 1140
Ch1: 2.390787 -68.610059 23.000000 425 6418 1139
Ch1: 2.388687 -59.418602 23.000000 424 6422 1138
Ch1: 2.386588 -68.610059 23.031250 423 6418 1137
Ch1: 2.384489 -77.801516 23.031250 422 6414 1136
Ch1: 2.382390 -73.205788 23.000000 421 6416 1135
Ch1: 2.378192 -64.014331 23.000000 420 6420 1133
Ch1: 2.376093 -61.716466 23.031250 419 6421 1132
Ch1: 2.373994 -70.907923 23.031250 418 6417 1131
Ch1: 2.371895 -73.205788 23.031250 417 6416 1130
Ch1: 2.369796 -75.503652 23.031250 416 6415 1129
Ch1: 2.367697 -61.716466 23.000000 415 6421 1128
Ch1: 2.365598 -52.525009 23.031250 414 6425 1127
Ch1: 2.363499 -64.014331 23.000000 413 6420 1126
Ch1: 2.361400 -75.503652 23.031250 412 6415 1125
Ch1: 2.357202 -70.907923 22.968750 411 6417 1123
Ch1: 2.355103 -66.312195 23.000000 410 6419 1122
Ch1: 2.353004 -57.120738 23.031250 409 6423 1121
Ch1: 2.350905 -64.014331 23.031250 408 6420 1120
Ch1: 2.348806 -75.503652 23.031250 407 6415 1119
Ch1: 2.346707 -73.205788 22.968750 406 6416 1118
Ch1: 2.344608 -64.014331 23.000000 405 6420 1117
Ch1: 2.342509 -57.120738 23.000000 404 6423 1116
Ch1: 2.340410 -64.014331 23.031250 403 6420 1115
Ch1: 2.338311 -75.503652 23.031250 402 6415 1114
Ch1: 2.336212 -80.099380 23.031250 401 6413 1113
Ch1: 2.334113 -73.205788 23.031250 400 6416 1112
Ch1: 2.332014 -59.418602 23.031250 399 6422 1111
Ch1: 2.329915 -64.014331 23.000000 398 6420 1110
Ch1: 2.327816 -77.801516 23.031250 397 6414 1109
Ch1: 2.325717 -77.801516 23.000000 396 6414 1108
Ch1: 2.323618 -66.312195 23.031250 395 6419 1107
Ch1: 2.321519 -57.120738 23.000000 394 6423 1106
Ch1: 2.319420 -64.014331 23.062500 393 6420 1105
Ch1: 2.317321 -70.907923 23.031250 392 6417 1104
Ch1: 2.315222 -75.503652 23.062500 391 6415 1103
Ch1: 2.313123 -66.312195 23.062500 390 6419 1102
Ch1: 2.311024 -57.120738 23.062500 389 6423 1101
Ch1: 2.308925 -59.418602 23.031250 388 6422 1100
Ch1: 2.306826 -70.907923 23.031250 387 6417 1099
Ch1: 2.304727 -77.801516 23.000000 386 6414 1098
Ch1: 2.304727 -70.907923 23.000000 385 6417 1098
Ch1: 2.302628 -57.120738 23.000000 384 6423 1097
Ch1: 2.300529 -59.418602 23.000000 383 6422 1096
Ch1: 2.298430 -66.312195 23.031250 382 6419 1095
Ch1: 2.296330 -75.503652 23.000000 381 6415 1094
Ch1: 2.294231 -73.205788 23.031250 380 6416 1093
Ch1: 2.294231 -61.716466 23.031250 379 6421 1093
Ch1: 2.292132 -57.120738 23.000000 378 6423 1092
Ch1: 2.290033 -61.716466 23.000000 377 6421 1091
Ch1: 2.290033 -73.205788 23.031250 376 6416 1091
Ch1: 2.287934 -68.610059 23.031250 375 6418 1090
Ch1: 2.285835 -61.716466 23.031250 374 6421 1089
Ch1: 2.285835 -54.822874 23.000000 373 6424 1089
Ch1: 2.285835 -68.610059 23.031250 372 6418 1089
Ch1: 2.283736 -77.801516 23.031250 371 6414 1088
Ch1: 2.281637 -73.205788 23.000000 370 6416 1087
Ch1: 2.281637 -66.312195 23.000000 369 6419 1087
Ch1: 2.281637 -57.120738 23.031250 368 6423 1087
Ch1: 2.281637 -66.312195 23.031250 367 6419 1087
Ch1: 2.281637 -80.099380 23.000000 366 6413 1087
Ch1: 2.281637 -73.205788 23.000000 365 6416 1087
Ch1: 2.283736 -64.014331 23.031250 364 6420 1088
Ch1: 2.283736 -57.120738 23.031250 363 6423 1088
Ch1: 2.285835 -61.716466 23.000000 362 6421 1089
Ch1: 2.290033 -73.205788 23.000000 361 6416 1091
Ch1: 2.294231 -80.099380 23.000000 360 6413 1093
Ch1: 2.300529 -66.312195 23.000000 359 6419 1096
Ch1: 2.308925 -57.120738 23.031250 358 6423 1100
Ch1: 2.323618 -59.418602 22.968750 357 6422 1107
Ch1: 2.350905 -73.205788 22.968750 356 6416 1120
Ch1: 2.405480 -75.503652 23.031250 355 6415 1146
Ch1: 2.476846 -66.312195 23.031250 354 6419 1180
Ch1: 2.562906 -54.822874 23.062500 353 6424 1221
Ch1: 2.653164 -64.014331 23.031250 352 6420 1264
Ch1: 2.745521 -73.205788 23.031250 351 6416 1308
Ch1: 2.848373 -80.099380 23.000000 350 6413 1357
Ch1: 2.942829 -64.014331 23.000000 349 6420 1402
Ch1: 3.039384 -57.120738 23.000000 348 6423 1448
Ch1: 3.135939 -61.716466 23.031250 347 6421 1494
Ch1: 3.234594 -70.907923 22.937500 346 6417 1541
Ch1: 3.333248 -73.205788 23.031250 345 6416 1588
Ch1: 3.429803 -64.014331 23.000000 344 6420 1634
Ch1: 3.526358 -54.822874 23.031250 343 6424 1680
Ch1: 3.625012 -64.014331 23.000000 342 6420 1727
Ch1: 3.723666 -75.503652 23.031250 341 6415 1774
Ch1: 3.822320 -75.503652 23.000000 340 6415 1821
Ch1: 3.918875 -66.312195 23.031250 339 6419 1867
Ch1: 4.017529 -57.120738 23.031250 338 6423 1914
Ch1: 4.118282 -73.205788 23.031250 337 6416 1962
Ch1: 4.216936 -75.503652 23.000000 336 6415 2009
Ch1: 4.313491 -77.801516 23.000000 335 6414 2055
Ch1: 4.416343 -66.312195 23.000000 334 6419 2104
Ch1: 4.514997 -59.418602 23.000000 333 6422 2151
Ch1: 4.611552 -64.014331 23.031250 332 6420 2197
Ch1: 4.712305 -75.503652 22.968750 331 6415 2245
Ch1: 4.810959 -75.503652 23.031250 330 6415 2292
Ch1: 4.911712 -68.610059 23.000000 329 6418 2340
Ch1: 5.010366 -57.120738 22.968750 328 6423 2387
Ch1: 5.109020 -61.716466 23.000000 327 6421 2434
Ch1: 5.207675 -73.205788 23.031250 326 6416 2481
Ch1: 5.306329 -73.205788 23.000000 325 6416 2528
Ch1: 5.404983 -68.610059 22.968750 324 6418 2575
Ch1: 5.505736 -59.418602 23.031250 323 6422 2623
Ch1: 5.604390 -59.418602 23.031250 322 6422 2670
Ch1: 5.705143 -68.610059 23.062500 321 6418 2718
Ch1: 5.803797 -73.205788 23.031250 320 6416 2765
Ch1: 5.900352 -73.205788 23.031250 319 6416 2811
Ch1: 6.003204 -61.716466 22.968750 318 6421 2860
Ch1: 6.101858 -57.120738 23.000000 317 6423 2907
Ch1: 6.198413 -68.610059 23.000000 316 6418 2953
Ch1: 6.299166 -70.907923 23.000000 315 6417 3001
Ch1: 6.408315 -86.992973 23.031250 314 6410 3053
Ch1: 6.504870 -64.014331 23.031250 313 6420 3099
Ch1: 6.599326 -59.418602 23.000000 312 6422 3144
Ch1: 6.700079 -68.610059 23.031250 311 6418 3192
Ch1: 6.798734 -73.205788 23.031250 310 6416 3239
Ch1: 6.897388 -73.205788 23.000000 309 6416 3286
Ch1: 6.996042 -61.716466 23.031250 308 6421 3333
Ch1: 7.098894 -57.120738 23.031250 307 6423 3382
Ch1: 7.197548 -66.312195 23.031250 306 6419 3429
Ch1: 7.296202 -77.801516 23.000000 305 6414 3476
Ch1: 7.396955 -77.801516 23.000000 304 6414 3524
Ch1: 7.497708 -66.312195 23.031250 303 6419 3572
Ch1: 7.598461 -59.418602 23.000000 302 6422 3620
Ch1: 7.697115 -68.610059 23.031250 301 6418 3667
Ch1: 7.795769 -80.099380 23.031250 300 6413 3714
Ch1: 7.894423 -80.099380 23.031250 299 6413 3761
Ch1: 7.997275 -61.716466 23.031250 298 6421 3810
Ch1: 8.095929 -57.120738 23.031250 297 6423 3857
Ch1: 8.196682 -68.610059 23.031250 296 6418 3905
Ch1: 8.295336 -77.801516 22.968750 295 6414 3952
Ch1: 8.393991 -75.503652 23.000000 294 6415 3999
Ch1: 8.494744 -70.907923 22.968750 293 6417 4047
Ch1: 8.595497 -61.716466 23.031250 292 6421 4095
Ch1: 8.694151 -70.907923 23.031250 291 6417 4142
Ch1: 8.794904 -75.503652 23.000000 290 6415 4190
Ch1: 8.895657 -77.801516 23.000000 289 6414 4238
Ch1: 8.994311 -70.907923 23.062500 288 6417 4285
Ch1: 9.090866 -61.716466 23.000000 287 6421 4331
Ch1: 9.193718 -64.014331 23.031250 286 6420 4380
Ch1: 9.292372 -75.503652 23.000000 285 6415 4427
Ch1: 9.393125 -77.801516 23.062500 284 6414 4475
Ch1: 9.491779 -70.907923 23.000000 283 6417 4522
Ch1: 9.594631 -61.716466 23.031250 282 6421 4571
Ch1: 9.693285 -61.716466 23.062500 281 6421 4618
Ch1: 9.791939 -75.503652 23.000000 280 6415 4665
Ch1: 9.896891 -91.588702 23.062500 279 6408 4715
Ch1: 9.995545 -70.907923 23.031250 278 6417 4762
Ch1: 10.094199 -64.014331 23.000000 277 6420 4809
Ch1: 10.192853 -64.014331 23.031250 276 6420 4856
Ch1: 10.291507 -70.907923 23.000000 275 6417 4903
Ch1: 10.392260 -80.099380 23.000000 274 6413 4951
Ch1: 10.493013 -77.801516 23.062500 273 6414 4999
Ch1: 10.593766 -68.610059 23.000000 272 6418 5047
Ch1: 10.692420 -66.312195 23.000000 271 6419 5094
Ch1: 10.795272 -75.503652 23.000000 270 6415 5143
Ch1: 10.891827 -80.099380 23.000000 269 6413 5189
Ch1: 10.992580 -80.099380 23.031250 268 6413 5237
Ch1: 11.091234 -66.312195 22.968750 267 6419 5284
Ch1: 11.194086 -61.716466 22.968750 266 6421 5333
Ch1: 11.292740 -70.907923 22.968750 265 6417 5380
Ch1: 11.393494 -82.397245 22.968750 264 6412 5428
Ch1: 11.492148 -75.503652 23.031250 263 6415 5475
Ch1: 11.592901 -64.014331 23.000000 262 6420 5523
Ch1: 11.691555 -64.014331 23.062500 261 6420 5570
Ch1: 11.792308 -73.205788 23.000000 260 6416 5618
Ch1: 11.893061 -84.695109 22.968750 259 6411 5666
Ch1: 11.993814 -77.801516 23.031250 258 6414 5714
Ch1: 12.094567 -68.610059 23.031250 257 6418 5762
Ch1: 12.191122 -61.716466 23.031250 256 6421 5808
Ch1: 12.291875 -73.205788 23.000000 255 6416 5856
Ch1: 12.396826 -80.099380 23.031250 254 6413 5906
Ch1: 12.493381 -80.099380 23.031250 253 6413 5952
Ch1: 12.594134 -70.907923 23.000000 252 6417 6000
Ch1: 12.694887 -61.716466 23.062500 251 6421 6048
Ch1: 12.795640 -70.907923 23.031250 250 6417 6096
Ch1: 12.894295 -82.397245 23.031250 249 6412 6143
Ch1: 12.995048 -84.695109 23.000000 248 6411 6191
Ch1: 13.093702 -70.907923 22.968750 247 6417 6238
Ch1: 13.194455 -61.716466 23.000000 246 6421 6286
Ch1: 13.293109 -66.312195 23.000000 245 6419 6333
Ch1: 13.391763 -80.099380 23.000000 244 6413 6380
Ch1: 13.494615 -82.397245 23.031250 243 6412 6429
Ch1: 13.595368 -75.503652 23.031250 242 6415 6477
Ch1: 13.694022 -66.312195 23.000000 241 6419 6524
Ch1: 13.792676 -68.610059 23.031250 240 6418 6571
Ch1: 13.893429 -77.801516 23.000000 239 6414 6619
Ch1: 13.996281 -86.992973 23.000000 238 6410 6668
Ch1: 14.094935 -80.099380 23.031250 237 6413 6715
Ch1: 14.195688 -66.312195 23.000000 236 6419 6763
Ch1: 14.296442 -68.610059 23.062500 235 6418 6811
Ch1: 14.397195 -77.801516 23.031250 234 6414 6859
Ch1: 14.497948 -86.992973 23.031250 233 6410 6907
Ch1: 14.596602 -77.801516 22.968750 232 6414 6954
Ch1: 14.695256 -66.312195 23.000000 231 6419 7001
Ch1: 14.800207 -68.610059 23.000000 230 6418 7051
Ch1: 14.898861 -75.503652 23.000000 229 6415 7098
Ch1: 14.995416 -82.397245 23.000000 228 6412 7144
Ch1: 15.096169 -77.801516 23.031250 227 6414 7192
Ch1: 15.194823 -70.907923 23.031250 226 6417 7239
Ch1: 15.295576 -64.014331 23.000000 225 6420 7287
Ch1: 15.394230 -75.503652 23.000000 224 6415 7334
Ch1: 15.492884 -77.801516 23.031250 223 6414 7381
Ch1: 15.597835 -80.099380 23.031250 222 6413 7431
Ch1: 15.696489 -68.610059 23.031250 221 6418 7478
Ch1: 15.795143 -66.312195 23.031250 220 6419 7525
Ch1: 15.895897 -68.610059 23.000000 219 6418 7573
Ch1: 15.996650 -82.397245 23.000000 218 6412 7621
Ch1: 16.097403 -82.397245 23.031250 217 6412 7669
Ch1: 16.193958 -73.205788 23.000000 216 6416 7715
Ch1: 16.294711 -68.610059 23.031250 215 6418 7763
Ch1: 16.395464 -70.907923 23.000000 214 6417 7811
Ch1: 16.492019 -82.397245 23.031250 213 6412 7857
Ch1: 16.592772 -82.397245 23.000000 212 6412 7905
Ch1: 16.693525 -77.801516 23.000000 211 6414 7953
Ch1: 16.792179 -68.610059 23.031250 210 6418 8000
Ch1: 16.892932 -68.610059 23.031250 209 6418 8048
Ch1: 16.993685 -80.099380 23.062500 208 6413 8096
Ch1: 17.092339 -86.992973 23.031250 207 6410 8143
Ch1: 17.195191 -77.801516 23.000000 206 6414 8192
Ch1: 17.293845 -68.610059 23.031250 205 6418 8239
Ch1: 17.392500 -68.610059 23.062500 204 6418 8286
Ch1: 17.493253 -80.099380 23.031250 203 6413 8334
Ch1: 17.594006 -86.992973 23.062500 202 6410 8382
Ch1: 17.694759 -77.801516 23.000000 201 6414 8430
Ch1: 17.791314 -66.312195 23.000000 200 6419 8476
Ch1: 17.892067 -73.205788 23.062500 199 6416 8524
Ch1: 17.992820 -77.801516 23.031250 198 6414 8572
Ch1: 18.091474 -86.992973 23.031250 197 6410 8619
Ch1: 18.190128 -82.397245 22.968750 196 6412 8666
Ch1: 18.292980 -70.907923 23.000000 195 6417 8715
Ch1: 18.391634 -68.610059 23.031250 194 6418 8762
Ch1: 18.492387 -77.801516 23.031250 193 6414 8810
Ch1: 18.588942 -84.695109 23.000000 192 6411 8856
Ch1: 18.685497 -80.099380 23.031250 191 6413 8902
Ch1: 18.786250 -70.907923 23.062500 190 6417 8950
Ch1: 18.884904 -64.014331 23.031250 189 6420 8997
Ch1: 18.983558 -73.205788 23.000000 188 6416 9044
Ch1: 19.082213 -82.397245 22.968750 187 6412 9091
Ch1: 19.182966 -77.801516 23.031250 186 6414 9139
Ch1: 19.281620 -68.610059 23.000000 185 6418 9186
Ch1: 19.380274 -64.014331 23.031250 184 6420 9233
Ch1: 19.478928 -75.503652 23.000000 183 6415 9280
Ch1: 19.579681 -82.397245 23.031250 182 6412 9328
Ch1: 19.678335 -82.397245 23.031250 181 6412 9375
Ch1: 19.776989 -68.610059 23.031250 180 6418 9422
Ch1: 19.877742 -68.610059 23.031250 179 6418 9470
Ch1: 19.976396 -77.801516 23.031250 178 6414 9517
Ch1: 20.077149 -86.992973 23.000000 177 6410 9565
Ch1: 20.175803 -84.695109 23.000000 176 6411 9612
Ch1: 20.272358 -70.907923 23.000000 175 6417 9658
Ch1: 20.375210 -64.014331 23.000000 174 6420 9707
Ch1: 20.471765 -77.801516 23.031250 173 6414 9753
Ch1: 20.570419 -89.290837 23.000000 172 6409 9800
Ch1: 20.669073 -82.397245 23.062500 171 6412 9847
Ch1: 20.769827 -70.907923 23.000000 170 6417 9895
Ch1: 20.868481 -66.312195 23.031250 169 6419 9942
Ch1: 20.967135 -70.907923 23.031250 168 6417 9989
Ch1: 21.065789 -84.695109 23.062500 167 6411 10036
Ch1: 21.164443 -80.099380 23.062500 166 6413 10083
Ch1: 21.263097 -70.907923 23.000000 165 6417 10130
Ch1: 21.361751 -66.312195 23.062500 164 6419 10177
Ch1: 21.462504 -77.801516 23.000000 163 6414 10225
Ch1: 21.561158 -84.695109 23.031250 162 6411 10272
Ch1: 21.661911 -82.397245 23.031250 161 6412 10320
Ch1: 21.758466 -73.205788 23.062500 160 6416 10366
Ch1: 21.857120 -70.907923 23.000000 159 6417 10413
Ch1: 21.962071 -70.907923 23.031250 158 6417 10463
Ch1: 22.060725 -84.695109 23.000000 157 6411 10510
Ch1: 22.159379 -82.397245 23.031250 156 6412 10557
Ch1: 22.258033 -70.907923 23.000000 155 6417 10604
Ch1: 22.358787 -68.610059 23.031250 154 6418 10652
Ch1: 22.455342 -66.312195 23.000000 153 6419 10698
Ch1: 22.553996 -82.397245 23.031250 152 6412 10745
Ch1: 22.652650 -86.992973 23.062500 151 6410 10792
Ch1: 22.751304 -77.801516 23.031250 150 6414 10839
Ch1: 22.852057 -77.801516 23.062500 149 6414 10887
Ch1: 22.948612 -68.610059 23.000000 148 6418 10933
Ch1: 23.049365 -80.099380 23.062500 147 6413 10981
Ch1: 23.148019 -89.290837 23.000000 146 6409 11028
Ch1: 23.246673 -82.397245 23.000000 145 6412 11075
Ch1: 23.345327 -68.610059 23.031250 144 6418 11122
Ch1: 23.439783 -70.907923 23.062500 143 6417 11167
Ch1: 23.542635 -80.099380 23.031250 142 6413 11216
Ch1: 23.639190 -82.397245 23.031250 141 6412 11262
Ch1: 23.735745 -86.992973 23.031250 140 6410 11308
Ch1: 23.834399 -73.205788 23.000000 139 6416 11355
Ch1: 23.935152 -68.610059 23.031250 138 6418 11403
Ch1: 24.033806 -75.503652 23.031250 137 6415 11450
Ch1: 24.130361 -82.397245 23.062500 136 6412 11496
Ch1: 24.226916 -84.695109 23.031250 135 6411 11542
Ch1: 24.327670 -75.503652 23.062500 134 6415 11590
Ch1: 24.424225 -64.014331 23.031250 133 6420 11636
Ch1: 24.522879 -70.907923 23.031250 132 6417 11683
Ch1: 24.621533 -82.397245 23.000000 131 6412 11730
Ch1: 24.720187 -89.290837 23.062500 130 6409 11777
Ch1: 24.818841 -77.801516 23.062500 129 6414 11824
Ch1: 24.915396 -66.312195 23.062500 128 6419 11870
Ch1: 25.011951 -70.907923 23.000000 127 6417 11916
Ch1: 25.112704 -82.397245 22.968750 126 6412 11964
Ch1: 25.209259 -86.992973 23.000000 125 6410 12010
Ch1: 25.305814 -82.397245 23.000000 124 6412 12056
Ch1: 25.404468 -70.907923 23.000000 123 6417 12103
Ch1: 25.501023 -66.312195 23.062500 122 6419 12149
Ch1: 25.593380 -66.312195 23.062500 121 6419 12193
Ch1: 25.685737 -64.014331 23.062500 120 6420 12237
Ch1: 25.773896 -50.227145 23.000000 119 6426 12279
Ch1: 25.862055 -24.950638 23.000000 118 6437 12321
Ch1: 25.946016 2.623732 23.031250 117 6449 12361
Ch1: 26.029977 14.113054 23.031250 116 6454 12401
Ch1: 26.116037 30.198103 23.031250 115 6461 12442
Ch1: 26.199997 48.581017 23.031250 114 6469 12482
Ch1: 26.277661 96.836166 23.031250 113 6490 12519
Ch1: 26.357424 129.006266 23.000000 112 6504 12557
Ch1: 26.435088 161.176365 23.031250 111 6518 12594
Ch1: 26.510653 184.155008 23.062500 110 6528 12630
Ch1: 26.586218 216.325107 23.000000 109 6542 12666
Ch1: 26.661782 259.984528 23.031250 108 6561 12702
Ch1: 26.735248 310.537541 23.031250 107 6583 12737
Ch1: 26.810813 349.601233 23.000000 106 6600 12773
Ch1: 26.884279 379.473468 23.031250 105 6613 12808
Ch1: 26.955646 416.239296 23.031250 104 6629 12842
Ch1: 27.027012 471.388038 23.031250 103 6653 12876
Ch1: 27.096280 528.834644 23.031250 102 6678 12909
Ch1: 27.167647 567.898336 23.031250 101 6695 12943
Ch1: 27.234816 604.664164 23.000000 100 6711 12975
Ch1: 27.304083 657.515042 23.031250 99 6734 13008
Ch1: 27.373351 712.663784 23.000000 98 6758 13041
Ch1: 27.442619 779.301847 23.031250 97 6787 13074
Ch1: 27.511886 825.259131 23.031250 96 6807 13107
Ch1: 27.576956 866.620688 22.968750 95 6825 13138
Ch1: 27.644125 921.769430 23.031250 94 6849 13170
Ch1: 27.707096 983.811764 23.000000 93 6876 13200
Ch1: 27.770066 1048.151963 23.000000 92 6904 13230
Ch1: 27.835136 1105.598569 23.031250 91 6929 13261
Ch1: 27.900206 1160.747311 23.031250 90 6953 13292
Ch1: 27.958978 1211.300324 23.062500 89 6975 13320
Ch1: 28.021949 1284.831980 23.000000 88 7007 13350
Ch1: 28.087019 1349.172179 23.031250 87 7035 13381
Ch1: 28.143692 1418.108106 23.000000 86 7065 13408
Ch1: 28.206663 1475.554712 23.031250 85 7090 13438
Ch1: 28.267535 1537.597047 23.000000 84 7117 13467
Ch1: 28.326307 1606.532974 23.031250 83 7147 13495
Ch1: 28.389278 1684.660358 23.031250 82 7181 13525
Ch1: 28.445951 1751.298421 23.031250 81 7210 13552
Ch1: 28.502625 1820.234349 23.031250 80 7240 13579
Ch1: 28.559299 1875.383090 23.031250 79 7264 13606
Ch1: 28.618071 1939.723289 23.031250 78 7292 13634
Ch1: 28.681042 2020.148538 23.000000 77 7327 13664
Ch1: 28.733518 2109.765243 23.000000 76 7366 13689
Ch1: 28.790191 2167.211849 23.031250 75 7391 13716
Ch1: 28.844766 2240.743505 23.062500 74 7423 13742
Ch1: 28.903538 2309.679432 23.000000 73 7453 13770
Ch1: 28.958113 2392.402545 23.000000 72 7489 13796
Ch1: 29.010588 2479.721386 23.031250 71 7527 13821
Ch1: 29.067262 2555.550906 23.031250 70 7560 13848
Ch1: 29.119738 2610.699648 23.031250 69 7584 13873
Ch1: 29.176411 2670.444118 23.031250 68 7610 13900
Ch1: 29.228887 2783.039466 23.031250 67 7659 13925
Ch1: 29.277164 2868.060443 23.062500 66 7696 13948
Ch1: 29.338036 2939.294235 23.000000 65 7727 13977
Ch1: 29.380016 3019.719483 23.062500 64 7762 13997
Ch1: 29.434591 3086.357546 23.062500 63 7791 14023
Ch1: 29.493364 3171.378523 23.031250 62 7828 14051
Ch1: 29.539542 3265.590957 23.000000 61 7869 14073
Ch1: 29.585721 3357.505527 23.031250 60 7909 14095
Ch1: 29.642394 3424.143590 23.031250 59 7938 14122
Ch1: 29.688573 3502.270974 23.062500 58 7972 14144
Ch1: 29.741048 3584.994087 23.000000 57 8008 14169
Ch1: 29.785128 3692.993707 23.031250 56 8055 14190
Ch1: 29.835504 3791.801869 23.000000 55 8098 14214
Ch1: 29.881683 3865.333525 23.031250 54 8130 14236
Ch1: 29.932059 3929.673724 23.062500 53 8158 14260
Ch1: 29.982436 4023.886158 23.062500 52 8199 14284
Ch1: 30.026515 4124.992184 23.031250 51 8243 14305
Ch1: 30.070595 4207.715297 23.031250 50 8279 14326
Ch1: 30.118872 4301.927731 23.031250 49 8320 14349
Ch1: 30.162952 4384.650844 23.031250 48 8356 14370
Ch1: 30.207031 4458.182499 23.031250 47 8388 14391
Ch1: 30.253210 4550.097069 23.062500 46 8428 14413
Ch1: 30.299388 4658.096689 23.031250 45 8475 14435
Ch1: 30.341369 4745.415530 23.062500 44 8513 14455
Ch1: 30.387547 4832.734371 23.062500 43 8551 14477
Ch1: 30.431627 4906.266027 23.031250 42 8583 14498
Ch1: 30.473607 5011.967782 23.031250 41 8629 14518
Ch1: 30.513488 5129.158858 23.031250 40 8680 14537
Ch1: 30.555469 5209.584107 23.062500 39 8715 14557
Ch1: 30.599548 5306.094405 23.062500 38 8757 14578
Ch1: 30.637331 5386.519654 23.000000 37 8792 14596
Ch1: 30.685608 5496.817137 23.000000 36 8840 14619
Ch1: 30.721292 5588.731707 23.031250 35 8880 14636
Ch1: 30.765371 5689.837734 23.000000 34 8924 14657
Ch1: 30.805253 5749.582204 23.093750 33 8950 14676
Ch1: 30.843035 5852.986095 23.031250 32 8995 14694
Ch1: 30.889213 5951.794257 23.031250 31 9038 14716
Ch1: 30.931194 6055.198148 23.031250 30 9083 14736
Ch1: 30.958481 6154.006311 23.000000 29 9126 14749
Ch1: 31.004660 6236.729423 23.031250 28 9162 14771
Ch1: 31.042442 6330.941857 23.031250 27 9203 14789
Ch1: 31.080225 6434.345748 23.031250 26 9248 14807
Ch1: 31.122205 6528.558182 23.031250 25 9289 14827
Ch1: 31.153690 6629.664209 23.031250 24 9333 14842
Ch1: 31.191473 6721.578779 23.031250 23 9373 14860
Ch1: 31.235552 6815.791213 23.031250 22 9414 14881
Ch1: 31.267038 6903.110054 23.062500 21 9452 14896
Ch1: 31.298523 6999.620352 23.031250 20 9494 14911
Ch1: 31.338404 7116.811428 23.000000 19 9545 14930
Ch1: 31.380385 7192.640948 23.000000 18 9578 14950
Ch1: 31.407672 7298.342704 23.031250 17 9624 14963
Ch1: 31.445454 7394.853002 23.000000 16 9666 14981
Ch1: 31.474841 7498.256893 23.031250 15 9711 14995
Ch1: 31.516821 7601.660784 23.062500 14 9756 15015
Ch1: 31.548307 7698.171082 23.000000 13 9798 15030
Ch1: 31.583990 7776.298466 23.000000 12 9832 15047
Ch1: 31.613376 7872.808764 23.000000 11 9874 15061
Ch1: 31.651159 7978.510520 23.000000 10 9920 15079
Ch1: 31.676347 8081.914410 23.062500 9 9965 15091
Ch1: 31.709931 8164.637523 23.000000 8 10001 15107
Ch1: 31.741417 8242.764907 23.031250 7 10035 15122
Ch1: 31.775001 8334.679477 23.031250 6 10075 15138
Ch1: 31.802288 8456.466282 23.031250 5 10128 15151
Ch1: 31.833774 8550.678716 23.000000 4 10169 15166
Ch1: 31.865259 8631.103965 23.000000 3 10204 15181
Ch1: 31.888348 8732.209991 23.031250 2 10248 15192
Ch1: 31.926131 8808.039511 23.000000 1 10281 15210
Ch1: 31.953418 8916.039131 23.000000 0 10328 15223
Ch1: 31.974408 9012.549429 23.062500 0 10370 15233
Ch1: 31.989101 9035.528071 23.062500 1 10380 15240
Ch1: 31.970210 8984.975058 23.031250 2 10358 15231
Ch1: 31.942923 8918.336995 23.000000 3 10329 15218
Ch1: 31.924032 8840.209611 23.000000 4 10295 15209
Ch1: 31.892546 8768.975819 23.031250 5 10264 15194
Ch1: 31.858962 8683.954842 23.062500 6 10227 15178
Ch1: 31.831675 8589.742408 23.000000 7 10186 15165
Ch1: 31.802288 8474.849196 23.031250 8 10136 15151
Ch1: 31.775001 8385.232491 23.031250 9 10097 15138
Ch1: 31.737219 8304.807242 23.031250 10 10062 15120
Ch1: 31.705733 8210.594808 23.062500 11 10021 15105
Ch1: 31.680545 8114.084510 23.000000 12 9979 15093
Ch1: 31.649060 8006.084890 23.000000 13 9932 15078
Ch1: 31.621772 7914.170321 23.031250 14 9892 15065
Ch1: 31.575594 7831.447208 23.000000 15 9856 15043
Ch1: 31.542009 7744.128367 23.062500 16 9818 15027
Ch1: 31.508425 7638.426612 23.031250 17 9772 15011
Ch1: 31.474841 7523.533399 23.062500 18 9722 14995
Ch1: 31.445454 7427.023101 23.031250 19 9680 14981
Ch1: 31.407672 7360.385038 23.000000 20 9651 14963
Ch1: 31.365692 7254.683283 23.031250 21 9605 14943
Ch1: 31.332107 7158.172985 23.031250 22 9563 14927
Ch1: 31.296424 7057.066958 23.000000 23 9519 14910
Ch1: 31.264939 6939.875882 23.000000 24 9468 14895
Ch1: 31.227156 6866.344226 23.031250 25 9436 14877
Ch1: 31.195671 6774.429656 23.062500 26 9396 14862
Ch1: 31.157888 6671.025765 23.062500 27 9351 14844
Ch1: 31.115908 6565.324010 23.062500 28 9305 14824
Ch1: 31.084423 6466.515848 23.062500 29 9262 14809
Ch1: 31.038244 6383.792735 23.000000 30 9226 14787
Ch1: 31.002561 6294.176030 23.062500 31 9187 14770
Ch1: 30.962679 6213.750781 23.031250 32 9152 14751
Ch1: 30.916501 6096.559705 23.062500 33 9101 14729
Ch1: 30.882916 5990.857949 23.031250 34 9055 14713
Ch1: 30.849332 5905.836972 23.031250 35 9018 14697
Ch1: 30.805253 5841.496774 23.031250 36 8990 14676
Ch1: 30.767470 5744.986475 23.000000 37 8948 14658
Ch1: 30.727589 5618.603942 23.062500 38 8893 14639
Ch1: 30.687707 5519.795780 23.031250 39 8850 14620
Ch1: 30.647826 5430.179074 23.031250 40 8811 14601
Ch1: 30.601647 5354.349554 23.031250 41 8778 14579
Ch1: 30.563865 5264.732849 23.031250 42 8739 14561
Ch1: 30.519786 5161.328958 23.031250 43 8694 14540
Ch1: 30.473607 5057.925067 23.062500 44 8649 14518
Ch1: 30.427429 4986.691275 23.031250 45 8618 14496
Ch1: 30.389646 4894.776706 23.031250 46 8578 14478
Ch1: 30.343468 4798.266407 23.062500 47 8536 14456
Ch1: 30.301487 4704.053973 23.031250 48 8495 14436
Ch1: 30.251111 4598.352218 23.031250 49 8449 14412
Ch1: 30.209130 4517.926970 23.062500 50 8414 14392
Ch1: 30.167150 4448.991042 23.031250 51 8384 14372
Ch1: 30.118872 4347.885016 23.031250 52 8340 14349
Ch1: 30.070595 4253.672582 23.000000 53 8299 14326
Ch1: 30.028614 4164.055876 23.062500 54 8260 14306
Ch1: 29.974040 4085.928492 23.000000 55 8226 14280
Ch1: 29.932059 3998.609651 23.000000 56 8188 14260
Ch1: 29.885881 3911.290810 23.062500 57 8150 14238
Ch1: 29.839702 3821.674104 23.031250 58 8111 14216
Ch1: 29.789326 3722.865942 23.031250 59 8068 14192
Ch1: 29.741048 3660.823607 23.031250 60 8041 14169
Ch1: 29.690672 3580.398359 23.062500 61 8006 14145
Ch1: 29.642394 3497.675246 23.000000 62 7970 14122
Ch1: 29.589919 3405.760676 23.000000 63 7930 14097
Ch1: 29.541641 3306.952514 23.031250 64 7887 14074
Ch1: 29.491265 3224.229401 23.031250 65 7851 14050
Ch1: 29.438789 3164.484931 22.968750 66 7825 14025
Ch1: 29.388412 3088.655411 23.031250 67 7792 14001
Ch1: 29.340135 2982.953655 23.000000 68 7746 13978
Ch1: 29.289758 2900.230543 23.062500 69 7710 13954
Ch1: 29.230986 2826.698887 23.031250 70 7678 13926
Ch1: 29.182708 2750.869367 23.000000 71 7645 13903
Ch1: 29.126035 2684.231304 23.000000 72 7616 13876
Ch1: 29.073559 2590.018870 23.031250 73 7575 13851
Ch1: 29.023183 2502.700029 23.031250 74 7537 13827
Ch1: 28.964410 2424.572644 23.031250 75 7503 13799
Ch1: 28.907736 2364.828174 23.062500 76 7477 13772
Ch1: 28.855261 2295.892247 23.000000 77 7447 13747
Ch1: 28.798587 2213.169134 23.031250 78 7411 13720
Ch1: 28.741914 2128.148157 23.031250 79 7374 13693
Ch1: 28.689438 2054.616501 22.968750 80 7342 13668
Ch1: 28.628566 1994.872031 23.031250 81 7316 13639
Ch1: 28.573992 1937.425425 23.000000 82 7291 13613
Ch1: 28.515219 1859.298041 23.031250 83 7257 13585
Ch1: 28.454348 1788.064249 23.062500 84 7226 13556
Ch1: 28.395575 1712.234729 23.000000 85 7193 13528
Ch1: 28.338901 1652.490259 23.031250 86 7167 13501
Ch1: 28.280129 1592.745789 23.000000 87 7141 13473
Ch1: 28.219257 1523.809861 23.000000 88 7111 13444
Ch1: 28.156286 1454.873934 23.031250 89 7081 13414
Ch1: 28.097514 1379.044414 23.031250 90 7048 13386
Ch1: 28.036642 1326.193536 23.031250 91 7025 13357
Ch1: 27.977869 1268.746930 22.968750 92 7000 13329
Ch1: 27.912800 1211.300324 23.031250 93 6975 13298
Ch1: 27.847730 1142.364397 23.062500 94 6945 13267
Ch1: 27.784759 1075.726334 23.000000 95 6916 13237
Ch1: 27.719690 1025.173321 23.031250 96 6894 13206
Ch1: 27.654620 972.322443 23.031250 97 6871 13175
Ch1: 27.587451 924.067294 23.000000 98 6850 13143
Ch1: 27.524481 859.727095 23.093750 99 6822 13113
Ch1: 27.457312 799.982625 23.031250 100 6796 13081
Ch1: 27.390143 747.131747 23.062500 101 6773 13049
Ch1: 27.322974 705.770191 23.031250 102 6755 13017
Ch1: 27.253707 662.110770 23.031250 103 6736 12984
Ch1: 27.182340 602.366300 23.062500 104 6710 12950
Ch1: 27.113072 544.919694 23.031250 105 6685 12917
Ch1: 27.043804 498.962409 23.062500 106 6665 12884
Ch1: 26.974537 459.898717 23.031250 107 6648 12851
Ch1: 26.903170 425.430753 23.031250 108 6633 12817
Ch1: 26.827605 372.579876 23.031250 109 6610 12781
Ch1: 26.754139 326.622591 23.062500 110 6590 12746
Ch1: 26.680674 282.963170 23.062500 111 6571 12711
Ch1: 26.607208 259.984528 23.031250 112 6561 12676
Ch1: 26.531643 227.814428 23.062500 113 6547 12640
Ch1: 26.456078 188.750736 23.062500 114 6530 12604
Ch1: 26.378414 140.495587 23.000000 115 6509 12567
Ch1: 26.298652 108.325488 23.031250 116 6495 12529
Ch1: 26.218889 92.240438 23.031250 117 6488 12491
Ch1: 26.137027 69.261795 23.000000 118 6478 12452
Ch1: 26.055165 46.283153 23.031250 119 6468 12413
Ch1: 25.973303 4.921597 23.062500 120 6450 12374
Ch1: 25.887243 -20.354910 23.062500 121 6439 12333
Ch1: 25.801183 -29.546367 23.062500 122 6435 12292
Ch1: 25.713024 -31.844231 23.062500 123 6434 12250
Ch1: 25.635360 -73.205788 23.031250 124 6416 12213
Ch1: 25.545102 -77.801516 23.031250 125 6414 12170
Ch1: 25.440151 -80.099380 23.031250 126 6413 12120
Ch1: 25.341497 -75.503652 23.062500 127 6415 12073
Ch1: 25.244942 -64.014331 23.062500 128 6420 12027
Ch1: 25.144189 -64.014331 23.062500 129 6420 11979
Ch1: 25.047634 -75.503652 23.062500 130 6415 11933
Ch1: 24.951079 -84.695109 23.031250 131 6411 11887
Ch1: 24.852425 -77.801516 23.062500 132 6414 11840
Ch1: 24.753771 -61.716466 23.031250 133 6421 11793
Ch1: 24.657216 -64.014331 23.062500 134 6420 11747
Ch1: 24.556463 -80.099380 23.062500 135 6413 11699
Ch1: 24.459908 -84.695109 23.031250 136 6411 11653
Ch1: 24.361254 -73.205788 23.000000 137 6416 11606
Ch1: 24.264699 -66.312195 23.031250 138 6419 11560
Ch1: 24.168144 -68.610059 23.031250 139 6418 11514
Ch1: 24.069490 -80.099380 23.031250 140 6413 11467
Ch1: 23.970836 -84.695109 23.031250 141 6411 11420
Ch1: 23.872182 -75.503652 23.000000 142 6415 11373
Ch1: 23.775627 -64.014331 23.031250 143 6420 11327
Ch1: 23.679072 -70.907923 23.031250 144 6417 11281
Ch1: 23.578319 -77.801516 23.000000 145 6414 11233
Ch1: 23.481763 -84.695109 23.062500 146 6411 11187
Ch1: 23.383109 -75.503652 23.031250 147 6415 11140
Ch1: 23.284455 -61.716466 23.031250 148 6421 11093
Ch1: 23.185801 -64.014331 23.031250 149 6420 11046
Ch1: 23.087147 -77.801516 23.031250 150 6414 10999
Ch1: 22.988493 -82.397245 23.031250 151 6412 10952
Ch1: 22.889839 -73.205788 23.031250 152 6416 10905
Ch1: 22.791185 -64.014331 23.031250 153 6420 10858
Ch1: 22.692531 -64.014331 23.031250 154 6420 10811
Ch1: 22.595976 -70.907923 23.031250 155 6417 10765
Ch1: 22.499421 -80.099380 23.000000 156 6413 10719
Ch1: 22.398668 -80.099380 23.031250 157 6413 10671
Ch1: 22.300014 -66.312195 23.031250 158 6419 10624
Ch1: 22.201360 -64.014331 23.062500 159 6420 10577
Ch1: 22.104805 -68.610059 23.031250 160 6418 10531
Ch1: 21.999854 -77.801516 23.031250 161 6414 10481
Ch1: 21.901200 -82.397245 23.000000 162 6412 10434
Ch1: 21.802546 -64.014331 23.062500 163 6420 10387
Ch1: 21.705991 -64.014331 23.062500 164 6420 10341
Ch1: 21.607336 -73.205788 23.031250 165 6416 10294
Ch1: 21.506583 -82.397245 23.062500 166 6412 10246
Ch1: 21.407929 -82.397245 23.031250 167 6412 10199
Ch1: 21.309275 -68.610059 23.031250 168 6418 10152
Ch1: 21.210621 -66.312195 23.031250 169 6419 10105
Ch1: 21.111967 -70.907923 23.031250 170 6417 10058
Ch1: 21.013313 -82.397245 23.031250 171 6412 10011
Ch1: 20.918857 -89.290837 23.031250 172 6409 9966
Ch1: 20.818104 -70.907923 23.031250 173 6417 9918
Ch1: 20.717351 -64.014331 23.062500 174 6420 9870
Ch1: 20.618697 -70.907923 23.062500 175 6417 9823
Ch1: 20.522142 -82.397245 23.031250 176 6412 9777
Ch1: 20.419290 -82.397245 23.062500 177 6412 9728
Ch1: 20.322735 -70.907923 23.031250 178 6417 9682
Ch1: 20.224081 -64.014331 23.000000 179 6420 9635
Ch1: 20.125427 -70.907923 23.062500 180 6417 9588
Ch1: 20.024674 -80.099380 23.031250 181 6413 9540
Ch1: 19.926020 -80.099380 23.031250 182 6413 9493
Ch1: 19.827365 -70.907923 23.031250 183 6417 9446
Ch1: 19.728711 -64.014331 23.031250 184 6420 9399
Ch1: 19.627958 -66.312195 23.062500 185 6419 9351
Ch1: 19.531403 -80.099380 23.031250 186 6413 9305
Ch1: 19.430650 -82.397245 23.062500 187 6412 9257
Ch1: 19.334095 -73.205788 23.062500 188 6416 9211
Ch1: 19.233342 -61.716466 23.031250 189 6421 9163
Ch1: 19.132589 -66.312195 23.062500 190 6419 9115
Ch1: 19.033935 -73.205788 23.031250 191 6416 9068
Ch1: 18.937380 -84.695109 23.062500 192 6411 9022
Ch1: 18.836627 -70.907923 23.031250 193 6417 8974
Ch1: 18.740072 -61.716466 23.062500 194 6421 8928
Ch1: 18.641418 -61.716466 23.062500 195 6421 8881
Ch1: 18.542764 -70.907923 23.062500 196 6417 8834
Ch1: 18.442011 -84.695109 23.062500 197 6411 8786
Ch1: 18.343357 -77.801516 23.000000 198 6414 8739
Ch1: 18.244703 -66.312195 23.000000 199 6419 8692
Ch1: 18.146049 -64.014331 23.031250 200 6420 8645
Ch1: 18.045295 -70.907923 23.062500 201 6417 8597
Ch1: 17.946641 -82.397245 23.031250 202 6412 8550
Ch1: 17.847987 -75.503652 23.031250 203 6415 8503
Ch1: 17.749333 -61.716466 23.062500 204 6421 8456
Ch1: 17.650679 -64.014331 23.031250 205 6420 8409
Ch1: 17.549926 -70.907923 23.062500 206 6417 8361
Ch1: 17.459668 -100.780158 23.062500 207 6404 8318
Ch1: 17.356816 -80.099380 23.031250 208 6413 8269
Ch1: 17.249766 -66.312195 23.062500 209 6419 8218
Ch1: 17.151112 -57.120738 23.031250 210 6423 8171
Ch1: 17.052458 -70.907923 23.031250 211 6417 8124
Ch1: 16.951705 -80.099380 23.062500 212 6413 8076
Ch1: 16.850952 -80.099380 23.031250 213 6413 8028
Ch1: 16.752298 -68.610059 23.062500 214 6418 7981
Ch1: 16.651545 -57.120738 23.062500 215 6423 7933
Ch1: 16.552891 -61.716466 23.031250 216 6421 7886
Ch1: 16.452137 -80.099380 23.031250 217 6413 7838
Ch1: 16.353483 -75.503652 23.031250 218 6415 7791
Ch1: 16.254829 -68.610059 23.062500 219 6418 7744
Ch1: 16.154076 -54.822874 23.031250 220 6424 7696
Ch1: 16.055422 -66.312195 23.031250 221 6419 7649
Ch1: 15.954669 -75.503652 23.031250 222 6415 7601
Ch1: 15.856015 -77.801516 23.062500 223 6414 7554
Ch1: 15.759460 -68.610059 23.062500 224 6418 7508
Ch1: 15.654509 -57.120738 23.031250 225 6423 7458
Ch1: 15.555855 -68.610059 23.031250 226 6418 7411
Ch1: 15.457201 -75.503652 23.062500 227 6415 7364
Ch1: 15.358547 -82.397245 23.093750 228 6412 7317
Ch1: 15.257794 -70.907923 23.031250 229 6417 7269
Ch1: 15.157041 -59.418602 23.031250 230 6422 7221
Ch1: 15.058387 -59.418602 23.062500 231 6422 7174
Ch1: 14.957634 -70.907923 23.031250 232 6417 7126
Ch1: 14.858980 -80.099380 23.031250 233 6413 7079
Ch1: 14.760325 -77.801516 23.062500 234 6414 7032
Ch1: 14.659572 -64.014331 23.031250 235 6420 6984
Ch1: 14.558819 -64.014331 23.031250 236 6420 6936
Ch1: 14.460165 -73.205788 23.062500 237 6416 6889
Ch1: 14.359412 -80.099380 23.093750 238 6413 6841
Ch1: 14.260758 -77.801516 23.031250 239 6414 6794
Ch1: 14.162104 -64.014331 23.062500 240 6420 6747
Ch1: 14.057153 -61.716466 23.031250 241 6421 6697
Ch1: 13.958499 -75.503652 23.000000 242 6415 6650
Ch1: 13.857746 -80.099380 23.062500 243 6413 6602
Ch1: 13.759092 -80.099380 23.062500 244 6413 6555
Ch1: 13.658339 -64.014331 23.062500 245 6420 6507
Ch1: 13.559685 -61.716466 23.062500 246 6421 6460
Ch1: 13.458932 -66.312195 23.031250 247 6419 6412
Ch1: 13.360278 -77.801516 23.062500 248 6414 6365
Ch1: 13.259524 -77.801516 23.031250 249 6414 6317
Ch1: 13.158771 -64.014331 23.031250 250 6420 6269
Ch1: 13.060117 -59.418602 23.062500 251 6422 6222
Ch1: 12.961463 -61.716466 23.062500 252 6421 6175
Ch1: 12.860710 -77.801516 23.062500 253 6414 6127
Ch1: 12.764155 -80.099380 23.062500 254 6413 6081
Ch1: 12.663402 -70.907923 23.031250 255 6417 6033
Ch1: 12.564748 -59.418602 23.031250 256 6422 5986
Ch1: 12.459797 -61.716466 23.031250 257 6421 5936
Ch1: 12.359044 -73.205788 23.062500 258 6416 5888
Ch1: 12.260390 -75.503652 23.031250 259 6415 5841
Ch1: 12.159637 -75.503652 23.031250 260 6415 5793
Ch1: 12.058884 -57.120738 23.031250 261 6423 5745
Ch1: 11.960230 -61.716466 23.062500 262 6421 5698
Ch1: 11.859477 -70.907923 23.062500 263 6417 5650
Ch1: 11.760822 -77.801516 23.031250 264 6414 5603
Ch1: 11.662168 -73.205788 23.062500 265 6416 5556
Ch1: 11.561415 -57.120738 23.031250 266 6423 5508
Ch1: 11.460662 -57.120738 23.062500 267 6423 5460
Ch1: 11.362008 -68.610059 23.062500 268 6418 5413
Ch1: 11.263354 -77.801516 23.062500 269 6414 5366
Ch1: 11.162601 -75.503652 23.031250 270 6415 5318
Ch1: 11.061848 -59.418602 23.031250 271 6422 5270
Ch1: 10.965293 -57.120738 23.031250 272 6423 5224
Ch1: 10.862441 -66.312195 23.031250 273 6419 5175
Ch1: 10.763787 -77.801516 23.031250 274 6414 5128
Ch1: 10.663034 -73.205788 23.000000 275 6416 5080
Ch1: 10.562281 -64.014331 23.031250 276 6420 5032
Ch1: 10.463627 -59.418602 23.062500 277 6422 4985
Ch1: 10.360775 -59.418602 23.062500 278 6422 4936
Ch1: 10.262120 -70.907923 23.062500 279 6417 4889
Ch1: 10.163466 -73.205788 23.062500 280 6416 4842
Ch1: 10.062713 -68.610059 23.062500 281 6418 4794
Ch1: 9.964059 -57.120738 23.031250 282 6423 4747
Ch1: 9.863306 -57.120738 23.093750 283 6423 4699
Ch1: 9.764652 -73.205788 23.062500 284 6416 4652
Ch1: 9.663899 -77.801516 23.062500 285 6414 4604
Ch1: 9.563146 -68.610059 23.062500 286 6418 4556
Ch1: 9.464492 -57.120738 23.031250 287 6423 4509
Ch1: 9.365838 -52.525009 23.062500 288 6425 4462
Ch1: 9.271382 -77.801516 23.031250 289 6414 4417
Ch1: 9.170629 -77.801516 23.031250 290 6414 4369
Ch1: 9.069876 -68.610059 23.062500 291 6418 4321
Ch1: 8.967024 -57.120738 23.062500 292 6423 4272
Ch1: 8.868370 -59.418602 23.062500 293 6422 4225
Ch1: 8.765518 -66.312195 23.062500 294 6419 4176
Ch1: 8.666863 -73.205788 23.062500 295 6416 4129
Ch1: 8.566110 -66.312195 23.031250 296 6419 4081
Ch1: 8.467456 -59.418602 23.062500 297 6422 4034
Ch1: 8.366703 -54.822874 23.062500 298 6424 3986
Ch1: 8.268049 -68.610059 23.062500 299 6418 3939
Ch1: 8.169395 -75.503652 23.031250 300 6415 3892
Ch1: 8.068642 -70.907923 23.062500 301 6417 3844
Ch1: 7.967889 -61.716466 23.000000 302 6421 3796
Ch1: 7.869235 -57.120738 23.031250 303 6423 3749
Ch1: 7.770581 -59.418602 23.062500 304 6422 3702
Ch1: 7.667729 -70.907923 23.062500 305 6417 3653
Ch1: 7.569075 -75.503652 23.031250 306 6415 3606
Ch1: 7.470421 -66.312195 23.062500 307 6419 3559
Ch1: 7.369668 -59.418602 23.062500 308 6422 3511
Ch1: 7.271014 -54.822874 23.031250 309 6424 3464
Ch1: 7.170260 -68.610059 23.062500 310 6418 3416
Ch1: 7.071606 -75.503652 23.062500 311 6415 3369
Ch1: 6.972952 -64.014331 23.093750 312 6420 3322
Ch1: 6.872199 -54.822874 23.093750 313 6424 3274
Ch1: 6.771446 -54.822874 23.062500 314 6424 3226
Ch1: 6.670693 -61.716466 23.062500 315 6421 3178
Ch1: 6.574138 -73.205788 23.062500 316 6416 3132
Ch1: 6.473385 -70.907923 23.062500 317 6417 3084
Ch1: 6.372632 -54.822874 23.062500 318 6424 3036
Ch1: 6.273978 -52.525009 23.062500 319 6425 2989
Ch1: 6.177423 -59.418602 23.062500 320 6422 2943
Ch1: 6.074571 -70.907923 23.062500 321 6417 2894
Ch1: 5.978016 -73.205788 23.062500 322 6416 2848
Ch1: 5.879362 -54.822874 23.093750 323 6424 2801
Ch1: 5.778609 -52.525009 23.062500 324 6425 2753
Ch1: 5.679955 -64.014331 23.031250 325 6420 2706
Ch1: 5.579202 -68.610059 23.062500 326 6418 2658
Ch1: 5.480547 -70.907923 23.062500 327 6417 2611
Ch1: 5.381893 -64.014331 23.062500 328 6420 2564
Ch1: 5.281140 -50.227145 23.062500 329 6426 2516
Ch1: 5.182486 -59.418602 23.062500 330 6422 2469
Ch1: 5.083832 -68.610059 23.062500 331 6418 2422
Ch1: 4.987277 -77.801516 23.062500 332 6414 2376
Ch1: 4.888623 -64.014331 23.062500 333 6420 2329
Ch1: 4.785771 -54.822874 23.062500 334 6424 2280
Ch1: 4.689216 -57.120738 23.062500 335 6423 2234
Ch1: 4.596859 -68.610059 23.031250 336 6418 2190
Ch1: 4.491908 -75.503652 23.062500 337 6415 2140
Ch1: 4.391155 -68.610059 23.031250 338 6418 2092
Ch1: 4.292501 -57.120738 23.062500 339 6423 2045
Ch1: 4.193847 -57.120738 23.031250 340 6423 1998
Ch1: 4.093094 -59.418602 23.031250 341 6422 1950
Ch1: 3.994440 -73.205788 23.062500 342 6416 1903
Ch1: 3.895786 -64.014331 23.062500 343 6420 1856
Ch1: 3.797132 -59.418602 23.031250 344 6422 1809
Ch1: 3.698477 -50.227145 23.062500 345 6426 1762
Ch1: 3.601922 -59.418602 23.062500 346 6422 1716
Ch1: 3.503268 -70.907923 23.062500 347 6417 1669
Ch1: 3.406713 -68.610059 23.062500 348 6418 1623
Ch1: 3.308059 -59.418602 23.062500 349 6422 1576
Ch1: 3.209405 -45.631417 23.062500 350 6428 1529
Ch1: 3.110751 -54.822874 23.031250 351 6424 1482
Ch1: 3.016295 -66.312195 23.062500 352 6419 1437
Ch1: 2.917641 -70.907923 23.062500 353 6417 1390
Ch1: 2.818987 -59.418602 23.062500 354 6422 1343
Ch1: 2.724531 -52.525009 23.093750 355 6425 1298
Ch1: 2.625877 -54.822874 23.062500 356 6424 1251
Ch1: 2.529322 -66.312195 23.000000 357 6419 1205
Ch1: 2.432767 -70.907923 23.093750 358 6417 1159
Ch1: 2.346707 -64.014331 23.062500 359 6420 1118
Ch1: 2.311024 -52.525009 23.093750 360 6425 1101
Ch1: 2.300529 -54.822874 23.031250 361 6424 1096
Ch1: 2.294231 -64.014331 23.062500 362 6420 1093
Ch1: 2.290033 -73.205788 23.062500 363 6416 1091
Ch1: 2.287934 -66.312195 23.062500 364 6419 1090
Ch1: 2.285835 -57.120738 23.062500 365 6423 1089
Ch1: 2.283736 -50.227145 23.093750 366 6426 1088
Ch1: 2.283736 -61.716466 23.062500 367 6421 1088
Ch1: 2.283736 -68.610059 23.031250 368 6418 1088
Ch1: 2.283736 -68.610059 23.062500 369 6418 1088
Ch1: 2.283736 -57.120738 23.062500 370 6423 1088
Ch1: 2.285835 -61.716466 23.093750 371 6421 1089
Ch1: 2.285835 -57.120738 23.062500 372 6423 1089
Ch1: 2.285835 -66.312195 23.031250 373 6419 1089
Ch1: 2.285835 -73.205788 23.093750 374 6416 1089
Ch1: 2.287934 -57.120738 23.031250 375 6423 1090
Ch1: 2.287934 -50.227145 23.062500 376 6426 1090
Ch1: 2.290033 -54.822874 23.093750 377 6424 1091
Ch1: 2.292132 -61.716466 23.062500 378 6421 1092
Ch1: 2.292132 -73.205788 23.062500 379 6416 1092
Ch1: 2.294231 -59.418602 23.031250 380 6422 1093
Ch1: 2.296330 -54.822874 23.062500 381 6424 1094
Ch1: 2.298430 -47.929281 23.031250 382 6427 1095
Ch1: 2.300529 -64.014331 23.031250 383 6420 1096
Ch1: 2.300529 -70.907923 23.093750 384 6417 1096
Ch1: 2.302628 -64.014331 23.031250 385 6420 1097
Ch1: 2.304727 -54.822874 23.062500 386 6424 1098
Ch1: 2.306826 -47.929281 23.062500 387 6427 1099
Ch1: 2.306826 -61.716466 23.062500 388 6421 1099
Ch1: 2.311024 -68.610059 23.093750 389 6418 1101
Ch1: 2.313123 -68.610059 23.062500 390 6418 1102
Ch1: 2.313123 -57.120738 23.062500 391 6423 1102
Ch1: 2.315222 -54.822874 23.062500 392 6424 1103
Ch1: 2.317321 -59.418602 23.093750 393 6422 1104
Ch1: 2.319420 -68.610059 23.093750 394 6418 1105
Ch1: 2.321519 -66.312195 23.062500 395 6419 1106
Ch1: 2.323618 -64.014331 23.031250 396 6420 1107
Ch1: 2.325717 -52.525009 23.062500 397 6425 1108
Ch1: 2.327816 -59.418602 23.062500 398 6422 1109
Ch1: 2.329915 -70.907923 23.062500 399 6417 1110
Ch1: 2.332014 -75.503652 23.093750 400 6415 1111
Ch1: 2.334113 -61.716466 23.062500 401 6421 1112
Ch1: 2.336212 -52.525009 23.093750 402 6425 1113
Ch1: 2.338311 -61.716466 23.062500 403 6421 1114
Ch1: 2.340410 -66.312195 23.062500 404 6419 1115
Ch1: 2.342509 -70.907923 23.031250 405 6417 1116
Ch1: 2.344608 -66.312195 23.093750 406 6419 1117
Ch1: 2.346707 -52.525009 23.031250 407 6425 1118
Ch1: 2.350905 -52.525009 23.093750 408 6425 1120
Ch1: 2.350905 -64.014331 23.062500 409 6420 1120
Ch1: 2.355103 -68.610059 23.062500 410 6418 1122
Ch1: 2.355103 -64.014331 23.031250 411 6420 1122
Ch1: 2.359301 -54.822874 23.062500 412 6424 1124
Ch1: 2.361400 -52.525009 23.093750 413 6425 1125
Ch1: 2.363499 -61.716466 23.093750 414 6421 1126
Ch1: 2.365598 -66.312195 23.031250 415 6419 1127
Ch1: 2.367697 -68.610059 23.062500 416 6418 1128
Ch1: 2.369796 -54.822874 23.062500 417 6424 1129
Ch1: 2.371895 -52.525009 23.062500 418 6425 1130
Ch1: 2.373994 -59.418602 23.093750 419 6422 1131
Ch1: 2.376093 -82.397245 23.031250 420 6412 1132
Ch1: 2.380291 -66.312195 23.093750 421 6419 1134
Ch1: 2.382390 -57.120738 23.062500 422 6423 1135
Ch1: 2.384489 -54.822874 23.093750 423 6424 1136
Ch1: 2.386588 -59.418602 23.062500 424 6422 1137
Ch1: 2.388687 -70.907923 23.062500 425 6417 1138
Ch1: 2.390787 -68.610059 23.031250 426 6418 1139
Ch1: 2.392886 -61.716466 23.093750 427 6421 1140
Ch1: 2.397084 -52.525009 23.093750 428 6425 1142
Ch1: 2.399183 -59.418602 23.093750 429 6422 1143
Ch1: 2.401282 -68.610059 23.062500 430 6418 1144
Ch1: 2.403381 -70.907923 23.093750 431 6417 1145
Ch1: 2.405480 -66.312195 23.031250 432 6419 1146
Ch1: 2.407579 -57.120738 23.093750 433 6423 1147
Ch1: 2.409678 -54.822874 23.062500 434 6424 1148
Ch1: 2.413876 -68.610059 23.031250 435 6418 1150
Ch1: 2.415975 -75.503652 23.062500 436 6415 1151
Ch1: 2.418074 -68.610059 23.093750 437 6418 1152
Ch1: 2.420173 -54.822874 23.062500 438 6424 1153
Ch1: 2.422272 -52.525009 23.062500 439 6425 1154
Ch1: 2.426470 -64.014331 23.062500 440 6420 1156
Ch1: 2.428569 -70.907923 23.093750 441 6417 1157
Ch1: 2.430668 -70.907923 23.062500 442 6417 1158
Ch1: 2.432767 -64.014331 23.125000 443 6420 1159
Ch1: 2.434866 -52.525009 23.062500 444 6425 1160
Ch1: 2.436965 -59.418602 23.093750 445 6422 1161
Ch1: 2.441163 -68.610059 23.093750 446 6418 1163
Ch1: 2.443262 -66.312195 23.093750 447 6419 1164
Ch1: 2.445361 -57.120738 23.031250 448 6423 1165
Ch1: 2.447460 -50.227145 23.062500 449 6426 1166
Ch1: 2.449559 -57.120738 23.062500 450 6423 1167
Ch1: 2.451658 -70.907923 23.093750 451 6417 1168
Ch1: 2.455856 -70.907923 23.093750 452 6417 1170
Ch1: 2.457955 -59.418602 23.062500 453 6422 1171
Ch1: 2.460054 -54.822874 23.062500 454 6424 1172
Ch1: 2.462153 -70.907923 23.062500 455 6417 1173
Ch1: 2.464252 -68.610059 23.093750 456 6418 1174
Ch1: 2.466351 -75.503652 23.093750 457 6415 1175
Ch1: 2.470549 -64.014331 23.093750 458 6420 1177
Ch1: 2.472648 -52.525009 23.062500 459 6425 1178
Ch1: 2.474747 -54.822874 23.062500 460 6424 1179
Ch1: 2.476846 -68.610059 23.093750 461 6418 1180
Ch1: 2.481044 -73.205788 23.125000 462 6416 1182
Ch1: 2.483143 -64.014331 23.062500 463 6420 1183
Ch1: 2.485243 -54.822874 23.062500 464 6424 1184
Ch1: 2.487342 -54.822874 23.125000 465 6424 1185
Ch1: 2.491540 -61.716466 23.093750 466 6421 1187
Ch1: 2.493639 -73.205788 23.093750 467 6416 1188
Ch1: 2.495738 -66.312195 23.125000 468 6419 1189
Ch1: 2.497837 -54.822874 23.125000 469 6424 1190
Ch1: 2.499936 -57.120738 23.093750 470 6423 1191
Ch1: 2.504134 -66.312195 23.031250 471 6419 1193
Ch1: 2.506233 -75.503652 23.062500 472 6415 1194
Ch1: 2.508332 -66.312195 23.062500 473 6419 1195
Ch1: 2.510431 -54.822874 23.125000 474 6424 1196
Ch1: 2.512530 -54.822874 23.093750 475 6424 1197
Ch1: 2.516728 -64.014331 23.093750 476 6420 1199
Ch1: 2.518827 -73.205788 23.093750 477 6416 1200
Ch1: 2.520926 -68.610059 23.093750 478 6418 1201
Ch1: 2.523025 -54.822874 23.093750 479 6424 1202
Ch1: 2.527223 -52.525009 23.093750 480 6425 1204
Ch1: 2.529322 -64.014331 23.093750 481 6420 1205
Ch1: 2.531421 -73.205788 23.062500 482 6416 1206
Ch1: 2.533520 -66.312195 23.093750 483 6419 1207
Ch1: 2.535619 -52.525009 23.062500 484 6425 1208
Ch1: 2.539817 -52.525009 23.062500 485 6425 1210
Ch1: 2.541916 -59.418602 23.093750 486 6422 1211
Ch1: 2.544015 -75.503652 23.093750 487 6415 1212
Ch1: 2.546114 -68.610059 23.093750 488 6418 1213
Ch1: 2.550312 -64.014331 23.062500 489 6420 1215
Ch1: 2.552411 -59.418602 23.062500 490 6422 1216
Ch1: 2.554510 -54.822874 23.093750 491 6424 1217
Ch1: 2.558708 -68.610059 23.093750 492 6418 1219
Ch1: 2.560807 -73.205788 23.093750 493 6416 1220
Ch1: 2.562906 -64.014331 23.093750 494 6420 1221
Ch1: 2.565005 -57.120738 23.062500 495 6423 1222
Ch1: 2.567104 -57.120738 23.093750 496 6423 1223
Ch1: 2.569203 -68.610059 23.062500 497 6418 1224
Ch1: 2.573401 -75.503652 23.093750 498 6415 1226
Ch1: 2.575500 -64.014331 23.062500 499 6420 1227
Ch1: 2.577599 -57.120738 23.062500 500 6423 1228
Ch1: 2.581798 -57.120738 23.125000 501 6423 1230
Ch1: 2.583897 -66.312195 23.062500 502 6419 1231
Ch1: 2.585996 -82.397245 23.062500 503 6412 1232
Ch1: 2.588095 -68.610059 23.093750 504 6418 1233
Ch1: 2.590194 -52.525009 23.062500 505 6425 1234
Ch1: 2.594392 -54.822874 23.093750 506 6424 1236
Ch1: 2.596491 -68.610059 23.093750 507 6418 1237
Ch1: 2.598590 -75.503652 23.093750 508 6415 1238
Ch1: 2.600689 -73.205788 23.062500 509 6416 1239
Ch1: 2.604887 -59.418602 23.062500 510 6422 1241
Ch1: 2.606986 -54.822874 23.093750 511 6424 1242
Ch1: 2.609085 -66.312195 23.093750 512 6419 1243
Ch1: 2.611184 -73.205788 23.093750 513 6416 1244
Ch1: 2.615382 -73.205788 23.062500 514 6416 1246
Ch1: 2.617481 -59.418602 23.093750 515 6422 1247
Ch1: 2.619580 -57.120738 23.093750 516 6423 1248
Ch1: 2.621679 -66.312195 23.093750 517 6419 1249
Ch1: 2.625877 -66.312195 23.062500 518 6419 1251
Ch1: 2.627976 -73.205788 23.093750 519 6416 1252
Ch1: 2.630075 -64.014331 23.093750 520 6420 1253
Ch1: 2.632174 -57.120738 23.125000 521 6423 1254
Ch1: 2.636372 -61.716466 23.093750 522 6421 1256
Ch1: 2.638471 -73.205788 23.062500 523 6416 1257
Ch1: 2.640570 -70.907923 23.093750 524 6417 1258
Ch1: 2.642669 -64.014331 23.093750 525 6420 1259
Ch1: 2.646867 -57.120738 23.093750 526 6423 1261
Ch1: 2.648966 -66.312195 23.062500 527 6419 1262
Ch1: 2.651065 -75.503652 23.125000 528 6415 1263
Ch1: 2.655263 -75.503652 23.093750 529 6415 1265
Ch1: 2.655263 -66.312195 23.093750 530 6419 1265
Ch1: 2.659461 -59.418602 23.093750 531 6422 1267
Ch1: 2.661560 -61.716466 23.062500 532 6421 1268
Ch1: 2.663659 -73.205788 23.125000 533 6416 1269
Ch1: 2.667857 -77.801516 23.062500 534 6414 1271
Ch1: 2.669956 -66.312195 23.062500 535 6419 1272
Ch1: 2.674155 -61.716466 23.125000 536 6421 1274
Ch1: 2.674155 -59.418602 23.093750 537 6422 1274
Ch1: 2.676254 -82.397245 23.093750 538 6412 1275
Ch1: 2.680452 -77.801516 23.125000 539 6414 1277
Ch1: 2.682551 -68.610059 23.093750 540 6418 1278
Ch1: 2.686749 -54.822874 23.062500 541 6424 1280
Ch1: 2.688848 -57.120738 23.093750 542 6423 1281
Ch1: 2.690947 -68.610059 23.093750 543 6418 1282
Ch1: 2.693046 -75.503652 23.062500 544 6415 1283
Ch1: 2.695145 -66.312195 23.125000 545 6419 1284
Ch1: 2.699343 -54.822874 23.062500 546 6424 1286
Ch1: 2.701442 -54.822874 23.093750 547 6424 1287
Ch1: 2.705640 -61.716466 23.062500 548 6421 1289
Ch1: 2.707739 -77.801516 23.062500 549 6414 1290
Ch1: 2.709838 -68.610059 23.062500 550 6418 1291
Ch1: 2.711937 -64.014331 23.125000 551 6420 1292
Ch1: 2.716135 -57.120738 23.093750 552 6423 1294
Ch1: 2.718234 -64.014331 23.093750 553 6420 1295
Ch1: 2.720333 -73.205788 23.062500 554 6416 1296
Ch1: 2.722432 -77.801516 23.062500 555 6414 1297
Ch1: 2.726630 -64.014331 23.062500 556 6420 1299
Ch1: 2.728729 -57.120738 23.062500 557 6423 1300
Ch1: 2.730828 -66.312195 23.093750 558 6419 1301
Ch1: 2.732927 -77.801516 23.093750 559 6414 1302
Ch1: 2.737125 -75.503652 23.062500 560 6415 1304
Ch1: 2.739224 -66.312195 23.093750 561 6419 1305
Ch1: 2.741323 -57.120738 23.062500 562 6423 1306
Ch1: 2.745521 -61.716466 23.093750 563 6421 1308
Ch1: 2.747620 -68.610059 23.093750 564 6418 1309
Ch1: 2.749719 -73.205788 23.093750 565 6416 1310
Ch1: 2.753917 -68.610059 23.093750 566 6418 1312
Ch1: 2.756016 -57.120738 23.093750 567 6423 1313
Ch1: 2.758115 -61.716466 23.093750 568 6421 1314
Ch1: 2.760214 -70.907923 23.093750 569 6417 1315
Ch1: 2.764412 -75.503652 23.062500 570 6415 1317
Ch1: 2.766512 -68.610059 23.062500 571 6418 1318
Ch1: 2.768611 -59.418602 23.062500 572 6422 1319
Ch1: 2.770710 -59.418602 23.125000 573 6422 1320
Ch1: 2.774908 -70.907923 23.093750 574 6417 1322
Ch1: 2.777007 -75.503652 23.093750 575 6415 1323
Ch1: 2.779106 -73.205788 23.062500 576 6416 1324
Ch1: 2.781205 -61.716466 23.062500 577 6421 1325
Ch1: 2.785403 -57.120738 23.093750 578 6423 1327
Ch1: 2.787502 -68.610059 23.093750 579 6418 1328
Ch1: 2.791700 -77.801516 23.093750 580 6414 1330
Ch1: 2.793799 -70.907923 23.093750 581 6417 1331
Ch1: 2.795898 -66.312195 23.125000 582 6419 1332
Ch1: 2.797997 -57.120738 23.062500 583 6423 1333
Ch1: 2.802195 -66.312195 23.125000 584 6419 1335
Ch1: 2.804294 -75.503652 23.125000 585 6415 1336
Ch1: 2.806393 -73.205788 23.093750 586 6416 1337
Ch1: 2.808492 -68.610059 23.093750 587 6418 1338
Ch1: 2.812690 -57.120738 23.125000 588 6423 1340
Ch1: 2.814789 -64.014331 23.125000 589 6420 1341
Ch1: 2.816888 -75.503652 23.062500 590 6415 1342
Ch1: 2.821086 -77.801516 23.062500 591 6414 1344
Ch1: 2.823185 -70.907923 23.125000 592 6417 1345
Ch1: 2.827383 -61.716466 23.093750 593 6421 1347
Ch1: 2.827383 -66.312195 23.125000 594 6419 1347
Ch1: 2.831581 -75.503652 23.093750 595 6415 1349
Ch1: 2.833680 -77.801516 23.062500 596 6414 1350
Ch1: 2.837878 -70.907923 23.125000 597 6417 1352
Ch1: 2.839977 -61.716466 23.125000 598 6421 1353
Ch1: 2.842076 -61.716466 23.125000 599 6421 1354
Ch1: 2.844175 -73.205788 23.062500 600 6416 1355
