Ch1: 27.346064 10809.479267 23.031250 600 11152 13028
Ch1: 10.623152 -162.822493 22.968750 599 6377 5061
Ch1: 3.906281 -105.375887 23.000000 598 6402 1861
Ch1: 2.865166 -50.227145 23.000000 597 6426 1365
Ch1: 2.850472 -59.418602 23.000000 596 6422 1358
Ch1: 2.844175 -54.822874 23.000000 595 6424 1355
Ch1: 2.839977 -50.227145 23.000000 594 6426 1353
Ch1: 2.835779 -50.227145 22.968750 593 6426 1351
Ch1: 2.833680 -57.120738 23.031250 592 6423 1350
Ch1: 2.829482 -66.312195 22.968750 591 6419 1348
Ch1: 2.825284 -57.120738 23.031250 590 6423 1346
Ch1: 2.823185 -50.227145 23.031250 589 6426 1345
Ch1: 2.818987 -50.227145 23.031250 588 6426 1343
Ch1: 2.816888 -59.418602 22.968750 587 6422 1342
Ch1: 2.814789 -66.312195 23.000000 586 6419 1341
Ch1: 2.810591 -57.120738 23.000000 585 6423 1339
Ch1: 2.808492 -41.035688 23.000000 584 6430 1338
Ch1: 2.806393 -36.439960 23.031250 583 6432 1337
Ch1: 2.804294 -41.035688 23.000000 582 6430 1336
Ch1: 2.800096 -52.525009 23.000000 581 6425 1334
Ch1: 2.797997 -54.822874 23.031250 580 6424 1333
Ch1: 2.795898 -47.929281 22.968750 579 6427 1332
Ch1: 2.791700 -43.333552 23.000000 578 6429 1330
Ch1: 2.789601 -36.439960 23.031250 577 6432 1329
Ch1: 2.787502 -45.631417 23.062500 576 6428 1328
Ch1: 2.783304 -47.929281 23.062500 575 6427 1326
Ch1: 2.781205 -52.525009 23.000000 574 6425 1325
Ch1: 2.779106 -45.631417 23.000000 573 6428 1324
Ch1: 2.774908 -41.035688 23.031250 572 6430 1322
Ch1: 2.772809 -36.439960 23.031250 571 6432 1321
Ch1: 2.770710 -43.333552 23.031250 570 6429 1320
Ch1: 2.768611 -45.631417 23.031250 569 6428 1319
Ch1: 2.764412 -47.929281 22.968750 568 6427 1317
Ch1: 2.762313 -45.631417 23.031250 567 6428 1316
Ch1: 2.758115 -41.035688 23.000000 566 6430 1314
Ch1: 2.756016 -34.142095 23.031250 565 6433 1313
Ch1: 2.753917 -41.035688 23.062500 564 6430 1312
Ch1: 2.751818 -47.929281 22.968750 563 6427 1311
Ch1: 2.747620 -50.227145 23.031250 562 6426 1309
Ch1: 2.745521 -47.929281 23.000000 561 6427 1308
Ch1: 2.743422 -41.035688 23.000000 560 6430 1307
Ch1: 2.739224 -41.035688 23.000000 559 6430 1305
Ch1: 2.737125 -41.035688 22.968750 558 6430 1304
Ch1: 2.735026 -47.929281 23.000000 557 6427 1303
Ch1: 2.732927 -47.929281 22.968750 556 6427 1302
Ch1: 2.728729 -43.333552 23.031250 555 6429 1300
Ch1: 2.726630 -38.737824 23.031250 554 6431 1299
Ch1: 2.724531 -36.439960 22.968750 553 6432 1298
Ch1: 2.720333 -41.035688 23.031250 552 6430 1296
Ch1: 2.718234 -50.227145 23.031250 551 6426 1295
Ch1: 2.716135 -50.227145 23.000000 550 6426 1294
Ch1: 2.714036 -45.631417 23.031250 549 6428 1293
Ch1: 2.709838 -41.035688 22.968750 548 6430 1291
Ch1: 2.707739 -36.439960 23.000000 547 6432 1290
Ch1: 2.705640 -43.333552 23.000000 546 6429 1289
Ch1: 2.703541 -45.631417 23.000000 545 6428 1288
Ch1: 2.699343 -47.929281 23.031250 544 6427 1286
Ch1: 2.697244 -45.631417 23.000000 543 6428 1285
Ch1: 2.695145 -36.439960 23.031250 542 6432 1284
Ch1: 2.690947 -34.142095 23.000000 541 6433 1282
Ch1: 2.688848 -41.035688 23.062500 540 6430 1281
Ch1: 2.686749 -45.631417 22.968750 539 6428 1280
Ch1: 2.684650 -47.929281 23.031250 538 6427 1279
Ch1: 2.680452 -45.631417 23.000000 537 6428 1277
Ch1: 2.678353 -41.035688 23.000000 536 6430 1276
Ch1: 2.676254 -34.142095 22.968750 535 6433 1275
Ch1: 2.672056 -41.035688 23.031250 534 6430 1273
Ch1: 2.669956 -47.929281 23.031250 533 6427 1272
Ch1: 2.667857 -54.822874 22.968750 532 6424 1271
Ch1: 2.665758 -45.631417 23.000000 531 6428 1270
Ch1: 2.661560 -36.439960 23.062500 530 6432 1268
Ch1: 2.659461 -31.844231 23.000000 529 6434 1267
Ch1: 2.657362 -36.439960 23.000000 528 6432 1266
Ch1: 2.655263 -45.631417 23.000000 527 6428 1265
Ch1: 2.651065 -45.631417 23.031250 526 6428 1263
Ch1: 2.648966 -45.631417 23.031250 525 6428 1262
Ch1: 2.646867 -36.439960 23.000000 524 6432 1261
Ch1: 2.644768 -38.737824 23.031250 523 6431 1260
Ch1: 2.640570 -38.737824 23.000000 522 6431 1258
Ch1: 2.638471 -47.929281 23.031250 521 6427 1257
Ch1: 2.636372 -47.929281 23.000000 520 6427 1256
Ch1: 2.634273 -45.631417 23.031250 519 6428 1255
Ch1: 2.630075 -38.737824 23.000000 518 6431 1253
Ch1: 2.627976 -36.439960 23.000000 517 6432 1252
Ch1: 2.625877 -36.439960 23.031250 516 6432 1251
Ch1: 2.621679 -43.333552 23.031250 515 6429 1249
Ch1: 2.619580 -47.929281 23.031250 514 6427 1248
Ch1: 2.617481 -45.631417 23.031250 513 6428 1247
Ch1: 2.615382 -38.737824 23.062500 512 6431 1246
Ch1: 2.611184 -36.439960 23.031250 511 6432 1244
Ch1: 2.609085 -36.439960 23.000000 510 6432 1243
Ch1: 2.606986 -43.333552 23.000000 509 6429 1242
Ch1: 2.604887 -50.227145 23.000000 508 6426 1241
Ch1: 2.602788 -45.631417 23.062500 507 6428 1240
Ch1: 2.598590 -38.737824 22.968750 506 6431 1238
Ch1: 2.596491 -41.035688 23.031250 505 6430 1237
Ch1: 2.594392 -36.439960 23.000000 504 6432 1236
Ch1: 2.590194 -45.631417 23.000000 503 6428 1234
Ch1: 2.588095 -52.525009 23.031250 502 6425 1233
Ch1: 2.585996 -45.631417 23.000000 501 6428 1232
Ch1: 2.583897 -38.737824 23.000000 500 6431 1231
Ch1: 2.579699 -31.844231 23.031250 499 6434 1229
Ch1: 2.577599 -31.844231 23.031250 498 6434 1228
Ch1: 2.575500 -41.035688 23.031250 497 6430 1227
Ch1: 2.573401 -47.929281 23.000000 496 6427 1226
Ch1: 2.569203 -43.333552 23.000000 495 6429 1224
Ch1: 2.567104 -38.737824 23.000000 494 6431 1223
Ch1: 2.565005 -34.142095 23.031250 493 6433 1222
Ch1: 2.562906 -34.142095 23.062500 492 6433 1221
Ch1: 2.560807 -45.631417 23.062500 491 6428 1220
Ch1: 2.556609 -50.227145 23.000000 490 6426 1218
Ch1: 2.554510 -45.631417 23.000000 489 6428 1217
Ch1: 2.552411 -41.035688 23.031250 488 6430 1216
Ch1: 2.548213 -34.142095 23.031250 487 6433 1214
Ch1: 2.546114 -34.142095 23.031250 486 6433 1213
Ch1: 2.544015 -41.035688 23.000000 485 6430 1212
Ch1: 2.541916 -47.929281 23.031250 484 6427 1211
Ch1: 2.539817 -47.929281 23.031250 483 6427 1210
Ch1: 2.535619 -38.737824 23.031250 482 6431 1208
Ch1: 2.533520 -31.844231 23.000000 481 6434 1207
Ch1: 2.531421 -36.439960 23.031250 480 6432 1206
Ch1: 2.529322 -43.333552 23.031250 479 6429 1205
Ch1: 2.525124 -47.929281 23.031250 478 6427 1203
Ch1: 2.523025 -47.929281 23.031250 477 6427 1202
Ch1: 2.520926 -38.737824 23.031250 476 6431 1201
Ch1: 2.518827 -36.439960 23.000000 475 6432 1200
Ch1: 2.516728 -36.439960 23.062500 474 6432 1199
Ch1: 2.512530 -43.333552 23.062500 473 6429 1197
Ch1: 2.510431 -47.929281 23.031250 472 6427 1196
Ch1: 2.508332 -43.333552 22.968750 471 6429 1195
Ch1: 2.506233 -38.737824 23.062500 470 6431 1194
Ch1: 2.502035 -34.142095 23.031250 469 6433 1192
Ch1: 2.499936 -34.142095 23.062500 468 6433 1191
Ch1: 2.497837 -38.737824 23.000000 467 6431 1190
Ch1: 2.495738 -43.333552 23.000000 466 6429 1189
Ch1: 2.493639 -43.333552 23.031250 465 6429 1188
Ch1: 2.491540 -41.035688 23.000000 464 6430 1187
Ch1: 2.487342 -31.844231 22.968750 463 6434 1185
Ch1: 2.485243 -36.439960 23.000000 462 6432 1184
Ch1: 2.483143 -41.035688 23.031250 461 6430 1183
Ch1: 2.481044 -47.929281 23.031250 460 6427 1182
Ch1: 2.476846 -43.333552 23.000000 459 6429 1180
Ch1: 2.474747 -36.439960 22.968750 458 6432 1179
Ch1: 2.472648 -29.546367 23.031250 457 6435 1178
Ch1: 2.470549 -27.248503 23.000000 456 6436 1177
Ch1: 2.468450 -36.439960 22.968750 455 6432 1176
Ch1: 2.464252 -45.631417 23.000000 454 6428 1174
Ch1: 2.462153 -43.333552 23.000000 453 6429 1173
Ch1: 2.460054 -36.439960 23.000000 452 6432 1172
Ch1: 2.457955 -34.142095 22.968750 451 6433 1171
Ch1: 2.453757 -29.546367 23.000000 450 6435 1169
Ch1: 2.451658 -43.333552 23.031250 449 6429 1168
Ch1: 2.449559 -47.929281 23.000000 448 6427 1167
Ch1: 2.447460 -45.631417 23.031250 447 6428 1166
Ch1: 2.445361 -41.035688 23.000000 446 6430 1165
Ch1: 2.443262 -31.844231 22.968750 445 6434 1164
Ch1: 2.439064 -29.546367 23.000000 444 6435 1162
Ch1: 2.436965 -36.439960 23.031250 443 6432 1161
Ch1: 2.434866 -45.631417 22.968750 442 6428 1160
Ch1: 2.432767 -47.929281 22.968750 441 6427 1159
Ch1: 2.430668 -38.737824 23.031250 440 6431 1158
Ch1: 2.426470 -29.546367 23.031250 439 6435 1156
Ch1: 2.424371 -34.142095 22.968750 438 6433 1155
Ch1: 2.422272 -41.035688 23.000000 437 6430 1154
Ch1: 2.420173 -50.227145 23.031250 436 6426 1153
Ch1: 2.418074 -45.631417 23.000000 435 6428 1152
Ch1: 2.415975 -38.737824 23.031250 434 6431 1151
Ch1: 2.411777 -34.142095 23.031250 433 6433 1149
Ch1: 2.409678 -34.142095 23.000000 432 6433 1148
Ch1: 2.407579 -36.439960 23.000000 431 6432 1147
Ch1: 2.405480 -45.631417 22.968750 430 6428 1146
Ch1: 2.403381 -41.035688 22.968750 429 6430 1145
Ch1: 2.401282 -38.737824 23.031250 428 6431 1144
Ch1: 2.397084 -31.844231 22.968750 427 6434 1142
Ch1: 2.394985 -29.546367 23.031250 426 6435 1141
Ch1: 2.392886 -41.035688 23.000000 425 6430 1140
Ch1: 2.390787 -45.631417 23.000000 424 6428 1139
Ch1: 2.388687 -41.035688 23.031250 423 6430 1138
Ch1: 2.386588 -38.737824 23.000000 422 6431 1137
Ch1: 2.382390 -31.844231 22.968750 421 6434 1135
Ch1: 2.380291 -29.546367 23.031250 420 6435 1134
Ch1: 2.380291 -38.737824 22.968750 419 6431 1134
Ch1: 2.376093 -45.631417 23.031250 418 6428 1132
Ch1: 2.373994 -43.333552 23.000000 417 6429 1131
Ch1: 2.371895 -36.439960 23.031250 416 6432 1130
Ch1: 2.369796 -29.546367 23.000000 415 6435 1129
Ch1: 2.365598 -47.929281 23.031250 414 6427 1127
Ch1: 2.365598 -34.142095 23.000000 413 6433 1127
Ch1: 2.363499 -43.333552 23.000000 412 6429 1126
Ch1: 2.361400 -47.929281 23.000000 411 6427 1125
Ch1: 2.357202 -38.737824 22.968750 410 6431 1123
Ch1: 2.355103 -31.844231 23.000000 409 6434 1122
Ch1: 2.353004 -31.844231 23.031250 408 6434 1121
Ch1: 2.350905 -36.439960 23.031250 407 6432 1120
Ch1: 2.348806 -38.737824 23.031250 406 6431 1119
Ch1: 2.346707 -45.631417 23.000000 405 6428 1118
Ch1: 2.344608 -41.035688 23.000000 404 6430 1117
Ch1: 2.342509 -31.844231 23.000000 403 6434 1116
Ch1: 2.340410 -27.248503 22.968750 402 6436 1115
Ch1: 2.338311 -27.248503 23.031250 401 6436 1114
Ch1: 2.336212 -31.844231 22.968750 400 6434 1113
Ch1: 2.334113 -38.737824 23.000000 399 6431 1112
Ch1: 2.332014 -43.333552 23.000000 398 6429 1111
Ch1: 2.329915 -41.035688 23.000000 397 6430 1110
Ch1: 2.327816 -31.844231 23.000000 396 6434 1109
Ch1: 2.325717 -31.844231 23.000000 395 6434 1108
Ch1: 2.323618 -31.844231 23.031250 394 6434 1107
Ch1: 2.321519 -36.439960 23.000000 393 6432 1106
Ch1: 2.319420 -45.631417 23.000000 392 6428 1105
Ch1: 2.317321 -38.737824 23.000000 391 6431 1104
Ch1: 2.315222 -36.439960 23.000000 390 6432 1103
Ch1: 2.313123 -31.844231 23.000000 389 6434 1102
Ch1: 2.311024 -27.248503 23.000000 388 6436 1101
Ch1: 2.308925 -36.439960 23.000000 387 6432 1100
Ch1: 2.306826 -36.439960 23.000000 386 6432 1099
Ch1: 2.304727 -41.035688 23.000000 385 6430 1098
Ch1: 2.302628 -34.142095 23.031250 384 6433 1097
Ch1: 2.302628 -29.546367 23.000000 383 6435 1097
Ch1: 2.300529 -29.546367 23.031250 382 6435 1096
Ch1: 2.298430 -34.142095 23.031250 381 6433 1095
Ch1: 2.296330 -43.333552 22.968750 380 6429 1094
Ch1: 2.296330 -43.333552 23.031250 379 6429 1094
Ch1: 2.294231 -38.737824 23.031250 378 6431 1093
Ch1: 2.292132 -31.844231 23.031250 377 6434 1092
Ch1: 2.290033 -24.950638 23.000000 376 6437 1091
Ch1: 2.290033 -31.844231 23.000000 375 6434 1091
Ch1: 2.287934 -41.035688 23.031250 374 6430 1090
Ch1: 2.285835 -41.035688 23.031250 373 6430 1089
Ch1: 2.285835 -36.439960 23.031250 372 6432 1089
Ch1: 2.285835 -29.546367 23.000000 371 6435 1089
Ch1: 2.283736 -29.546367 23.031250 370 6435 1088
Ch1: 2.283736 -34.142095 23.000000 369 6433 1088
Ch1: 2.283736 -38.737824 23.031250 368 6431 1088
Ch1: 2.281637 -41.035688 23.000000 367 6430 1087
Ch1: 2.281637 -38.737824 23.000000 366 6431 1087
Ch1: 2.281637 -31.844231 23.031250 365 6434 1087
Ch1: 2.283736 -27.248503 23.031250 364 6436 1088
Ch1: 2.283736 -31.844231 23.000000 363 6434 1088
Ch1: 2.285835 -38.737824 23.000000 362 6431 1089
Ch1: 2.287934 -38.737824 23.000000 361 6431 1090
Ch1: 2.290033 -38.737824 23.000000 360 6431 1091
Ch1: 2.294231 -27.248503 23.000000 359 6436 1093
Ch1: 2.300529 -29.546367 23.000000 358 6435 1096
Ch1: 2.308925 -34.142095 23.000000 357 6433 1100
Ch1: 2.325717 -38.737824 23.031250 356 6431 1108
Ch1: 2.353004 -41.035688 23.000000 355 6430 1121
Ch1: 2.403381 -36.439960 23.000000 354 6432 1145
Ch1: 2.476846 -31.844231 23.000000 353 6434 1180
Ch1: 2.562906 -27.248503 23.000000 352 6436 1221
Ch1: 2.651065 -31.844231 23.000000 351 6434 1263
Ch1: 2.749719 -34.142095 23.031250 350 6433 1310
Ch1: 2.846274 -45.631417 23.031250 349 6428 1356
Ch1: 2.940730 -45.631417 23.000000 348 6428 1401
Ch1: 3.037285 -31.844231 23.000000 347 6434 1447
Ch1: 3.138038 -34.142095 23.000000 346 6433 1495
Ch1: 3.234594 -27.248503 23.000000 345 6436 1541
Ch1: 3.331149 -29.546367 23.000000 344 6435 1587
Ch1: 3.429803 -34.142095 23.062500 343 6433 1634
Ch1: 3.528457 -34.142095 23.000000 342 6433 1681
Ch1: 3.625012 -41.035688 23.000000 341 6430 1727
Ch1: 3.721567 -34.142095 23.031250 340 6433 1773
Ch1: 3.822320 -31.844231 23.031250 339 6434 1821
Ch1: 3.918875 -29.546367 23.000000 338 6435 1867
Ch1: 4.019628 -27.248503 23.000000 337 6436 1915
Ch1: 4.120381 -36.439960 23.000000 336 6432 1963
Ch1: 4.219035 -41.035688 23.000000 335 6430 2010
Ch1: 4.319788 -36.439960 23.031250 334 6432 2058
Ch1: 4.418442 -29.546367 23.000000 333 6435 2105
Ch1: 4.514997 -27.248503 22.968750 332 6436 2151
Ch1: 4.615750 -29.546367 23.000000 331 6435 2199
Ch1: 4.714404 -38.737824 23.031250 330 6431 2246
Ch1: 4.813058 -38.737824 23.031250 329 6431 2293
Ch1: 4.913811 -34.142095 23.031250 328 6433 2341
Ch1: 5.010366 -27.248503 22.968750 327 6436 2387
Ch1: 5.111120 -27.248503 23.000000 326 6436 2435
Ch1: 5.209774 -29.546367 23.031250 325 6435 2482
Ch1: 5.310527 -41.035688 23.031250 324 6430 2530
Ch1: 5.409181 -38.737824 23.031250 323 6431 2577
Ch1: 5.509934 -38.737824 23.000000 322 6431 2625
Ch1: 5.608588 -31.844231 23.031250 321 6434 2672
Ch1: 5.709341 -27.248503 23.000000 320 6436 2720
Ch1: 5.805896 -31.844231 23.000000 319 6434 2766
Ch1: 5.908748 -38.737824 23.031250 318 6431 2815
Ch1: 6.007402 -41.035688 23.000000 317 6430 2862
Ch1: 6.106056 -34.142095 23.000000 316 6433 2909
Ch1: 6.206809 -27.248503 23.000000 315 6436 2957
Ch1: 6.307562 -27.248503 23.000000 314 6436 3005
Ch1: 6.406216 -31.844231 23.031250 313 6434 3052
Ch1: 6.504870 -36.439960 23.000000 312 6432 3099
Ch1: 6.605623 -38.737824 23.031250 311 6431 3147
Ch1: 6.706377 -38.737824 23.000000 310 6431 3195
Ch1: 6.805031 -34.142095 22.968750 309 6433 3242
Ch1: 6.903685 -29.546367 23.031250 308 6435 3289
Ch1: 7.004438 -31.844231 23.031250 307 6434 3337
Ch1: 7.105191 -38.737824 22.968750 306 6431 3385
Ch1: 7.203845 -41.035688 23.000000 305 6430 3432
Ch1: 7.304598 -41.035688 23.000000 304 6430 3480
Ch1: 7.403252 -31.844231 23.000000 303 6434 3527
Ch1: 7.506104 -31.844231 23.000000 302 6434 3576
Ch1: 7.604758 -29.546367 23.000000 301 6435 3623
Ch1: 7.703412 -34.142095 23.031250 300 6433 3670
Ch1: 7.804165 -38.737824 23.031250 299 6431 3718
Ch1: 7.904918 -41.035688 23.000000 298 6430 3766
Ch1: 8.003572 -36.439960 23.000000 297 6432 3813
Ch1: 8.104325 -29.546367 23.031250 296 6435 3861
Ch1: 8.202980 -27.248503 23.000000 295 6436 3908
Ch1: 8.305832 -36.439960 23.000000 294 6432 3957
Ch1: 8.404486 -45.631417 23.000000 293 6428 4004
Ch1: 8.505239 -45.631417 23.000000 292 6428 4052
Ch1: 8.605992 -41.035688 23.062500 291 6430 4100
Ch1: 8.704646 -29.546367 23.000000 290 6435 4147
Ch1: 8.805399 -29.546367 23.031250 289 6435 4195
Ch1: 8.906152 -34.142095 23.031250 288 6433 4243
Ch1: 9.004806 -43.333552 23.031250 287 6429 4290
Ch1: 9.107658 -43.333552 23.031250 286 6429 4339
Ch1: 9.206312 -38.737824 23.000000 285 6431 4386
Ch1: 9.304966 -29.546367 23.031250 284 6435 4433
Ch1: 9.403620 -29.546367 23.062500 283 6435 4480
Ch1: 9.506472 -34.142095 23.031250 282 6433 4529
Ch1: 9.607225 -38.737824 23.000000 281 6431 4577
Ch1: 9.705880 -43.333552 23.000000 280 6429 4624
Ch1: 9.806633 -43.333552 23.000000 279 6429 4672
Ch1: 9.905287 -31.844231 23.000000 278 6434 4719
Ch1: 10.006040 -31.844231 23.031250 277 6434 4767
Ch1: 10.104694 -31.844231 23.031250 276 6434 4814
Ch1: 10.205447 -36.439960 23.031250 275 6432 4862
Ch1: 10.308299 -43.333552 23.031250 274 6429 4911
Ch1: 10.406953 -43.333552 23.062500 273 6429 4958
Ch1: 10.505607 -36.439960 23.000000 272 6432 5005
Ch1: 10.606360 -29.546367 23.031250 271 6435 5053
Ch1: 10.709212 -29.546367 23.031250 270 6435 5102
Ch1: 10.807866 -36.439960 23.031250 269 6432 5149
Ch1: 10.908619 -43.333552 23.031250 268 6429 5197
Ch1: 11.007273 -45.631417 23.031250 267 6428 5244
Ch1: 11.108026 -38.737824 23.062500 266 6431 5292
Ch1: 11.208780 -31.844231 23.000000 265 6434 5340
Ch1: 11.309533 -34.142095 23.000000 264 6433 5388
Ch1: 11.408187 -41.035688 23.000000 263 6430 5435
Ch1: 11.508940 -45.631417 23.000000 262 6428 5483
Ch1: 11.607594 -43.333552 23.000000 261 6429 5530
Ch1: 11.708347 -38.737824 22.968750 260 6431 5578
Ch1: 11.809100 -36.439960 23.000000 259 6432 5626
Ch1: 11.909853 -31.844231 23.000000 258 6434 5674
Ch1: 12.010606 -36.439960 23.062500 257 6432 5722
Ch1: 12.111359 -38.737824 23.000000 256 6431 5770
Ch1: 12.210013 -45.631417 23.062500 255 6428 5817
Ch1: 12.312865 -43.333552 23.031250 254 6429 5866
Ch1: 12.413618 -38.737824 23.000000 253 6431 5914
Ch1: 12.512272 -34.142095 23.031250 252 6433 5961
Ch1: 12.613026 -36.439960 23.031250 251 6432 6009
Ch1: 12.713779 -43.333552 23.062500 250 6429 6057
Ch1: 12.814532 -47.929281 23.031250 249 6427 6105
Ch1: 12.913186 -43.333552 22.968750 248 6429 6152
Ch1: 13.013939 -38.737824 23.031250 247 6431 6200
Ch1: 13.114692 -31.844231 22.968750 246 6434 6248
Ch1: 13.215445 -29.546367 23.000000 245 6435 6296
Ch1: 13.314099 -38.737824 23.000000 244 6431 6343
Ch1: 13.414852 -45.631417 23.000000 243 6428 6391
Ch1: 13.515605 -47.929281 23.031250 242 6427 6439
Ch1: 13.616358 -41.035688 23.031250 241 6430 6487
Ch1: 13.715012 -38.737824 23.000000 240 6431 6534
Ch1: 13.813666 -34.142095 22.968750 239 6433 6581
Ch1: 13.920716 -38.737824 23.031250 238 6431 6632
Ch1: 14.019371 -43.333552 22.968750 237 6429 6679
Ch1: 14.120124 -45.631417 23.031250 236 6428 6727
Ch1: 14.220877 -45.631417 23.031250 235 6428 6775
Ch1: 14.321630 -36.439960 23.031250 234 6432 6823
Ch1: 14.420284 -31.844231 23.000000 233 6434 6870
Ch1: 14.521037 -34.142095 22.968750 232 6433 6918
Ch1: 14.619691 -43.333552 23.031250 231 6429 6965
Ch1: 14.720444 -45.631417 22.968750 230 6428 7013
Ch1: 14.821197 -41.035688 23.031250 229 6430 7061
Ch1: 14.919851 -34.142095 23.000000 228 6433 7108
Ch1: 15.020604 -31.844231 23.031250 227 6434 7156
Ch1: 15.121357 -38.737824 23.031250 226 6431 7204
Ch1: 15.224209 -41.035688 23.000000 225 6430 7253
Ch1: 15.322863 -47.929281 23.000000 224 6427 7300
Ch1: 15.421518 -45.631417 23.031250 223 6428 7347
Ch1: 15.524370 -38.737824 23.031250 222 6431 7396
Ch1: 15.623024 -34.142095 23.000000 221 6433 7443
Ch1: 15.721678 -36.439960 23.000000 220 6432 7490
Ch1: 15.822431 -38.737824 23.031250 219 6431 7538
Ch1: 15.923184 -45.631417 23.000000 218 6428 7586
Ch1: 16.023937 -38.737824 23.031250 217 6431 7634
Ch1: 16.122591 -38.737824 23.000000 216 6431 7681
Ch1: 16.223344 -34.142095 23.031250 215 6433 7729
Ch1: 16.321998 -31.844231 23.000000 214 6434 7776
Ch1: 16.422751 -38.737824 23.000000 213 6431 7824
Ch1: 16.521405 -45.631417 23.000000 212 6428 7871
Ch1: 16.622158 -45.631417 22.968750 211 6428 7919
Ch1: 16.722911 -41.035688 23.000000 210 6430 7967
Ch1: 16.821565 -31.844231 22.968750 209 6434 8014
Ch1: 16.922319 -36.439960 23.031250 208 6432 8062
Ch1: 17.020973 -38.737824 23.000000 207 6431 8109
Ch1: 17.125924 -45.631417 23.031250 206 6428 8159
Ch1: 17.224578 -54.822874 23.000000 205 6424 8206
Ch1: 17.325331 -45.631417 23.031250 204 6428 8254
Ch1: 17.426084 -36.439960 23.031250 203 6432 8302
Ch1: 17.524738 -34.142095 23.000000 202 6433 8349
Ch1: 17.625491 -38.737824 22.968750 201 6431 8397
Ch1: 17.724145 -43.333552 23.000000 200 6429 8444
Ch1: 17.822799 -50.227145 23.031250 199 6426 8491
Ch1: 17.923552 -50.227145 23.031250 198 6426 8539
Ch1: 18.022206 -34.142095 23.000000 197 6433 8586
Ch1: 18.122959 -34.142095 23.000000 196 6433 8634
Ch1: 18.221613 -36.439960 22.968750 195 6432 8681
Ch1: 18.322366 -43.333552 23.031250 194 6429 8729
Ch1: 18.425219 -52.525009 23.000000 193 6425 8778
Ch1: 18.523873 -43.333552 23.000000 192 6429 8825
Ch1: 18.620428 -41.035688 22.968750 191 6430 8871
Ch1: 18.723280 -34.142095 22.968750 190 6433 8920
Ch1: 18.819835 -34.142095 23.031250 189 6433 8966
Ch1: 18.918489 -38.737824 22.968750 188 6431 9013
Ch1: 19.017143 -47.929281 22.968750 187 6427 9060
Ch1: 19.119995 -50.227145 23.000000 186 6426 9109
Ch1: 19.218649 -41.035688 23.000000 185 6430 9156
Ch1: 19.317303 -36.439960 23.000000 184 6432 9203
Ch1: 19.415957 -36.439960 23.000000 183 6432 9250
Ch1: 19.516710 -43.333552 23.000000 182 6429 9298
Ch1: 19.615364 -50.227145 23.031250 181 6426 9345
Ch1: 19.716117 -52.525009 23.000000 180 6425 9393
Ch1: 19.814771 -41.035688 23.000000 179 6430 9440
Ch1: 19.913425 -34.142095 23.000000 178 6433 9487
Ch1: 20.014178 -36.439960 23.031250 177 6432 9535
Ch1: 20.112833 -38.737824 23.000000 176 6431 9582
Ch1: 20.211487 -45.631417 23.031250 175 6428 9629
Ch1: 20.312240 -45.631417 23.000000 174 6428 9677
Ch1: 20.410894 -45.631417 23.000000 173 6428 9724
Ch1: 20.509548 -31.844231 23.000000 172 6434 9771
Ch1: 20.610301 -43.333552 23.031250 171 6429 9819
Ch1: 20.711054 -38.737824 23.031250 170 6431 9867
Ch1: 20.809708 -45.631417 23.000000 169 6428 9914
Ch1: 20.908362 -50.227145 23.000000 168 6426 9961
Ch1: 21.007016 -45.631417 23.000000 167 6428 10008
Ch1: 21.105670 -38.737824 23.000000 166 6431 10055
Ch1: 21.204324 -34.142095 22.968750 165 6433 10102
Ch1: 21.305077 -41.035688 23.031250 164 6430 10150
Ch1: 21.403731 -47.929281 23.000000 163 6427 10197
Ch1: 21.504484 -50.227145 23.000000 162 6426 10245
Ch1: 21.605237 -45.631417 23.000000 161 6428 10293
Ch1: 21.703892 -45.631417 23.000000 160 6428 10340
Ch1: 21.800447 -36.439960 23.000000 159 6432 10386
Ch1: 21.905398 -36.439960 23.031250 158 6432 10436
Ch1: 22.008250 -41.035688 23.000000 157 6430 10485
Ch1: 22.104805 -47.929281 22.968750 156 6427 10531
Ch1: 22.203459 -47.929281 23.000000 155 6427 10578
Ch1: 22.304212 -47.929281 23.000000 154 6427 10626
Ch1: 22.400767 -38.737824 23.000000 153 6431 10672
Ch1: 22.499421 -36.439960 23.000000 152 6432 10719
Ch1: 22.598075 -45.631417 23.000000 151 6428 10766
Ch1: 22.698828 -52.525009 23.031250 150 6425 10814
Ch1: 22.797482 -54.822874 23.031250 149 6424 10861
Ch1: 22.896136 -47.929281 23.031250 148 6427 10908
Ch1: 22.994790 -38.737824 23.000000 147 6431 10955
Ch1: 23.095543 -36.439960 22.968750 146 6432 11003
Ch1: 23.194197 -34.142095 23.031250 145 6433 11050
Ch1: 23.292851 -41.035688 23.031250 144 6430 11097
Ch1: 23.389406 -47.929281 23.000000 143 6427 11143
Ch1: 23.490160 -45.631417 23.031250 142 6428 11191
Ch1: 23.586715 -41.035688 23.000000 141 6430 11237
Ch1: 23.685369 -36.439960 23.000000 140 6432 11284
Ch1: 23.784023 -41.035688 23.000000 139 6430 11331
Ch1: 23.884776 -45.631417 23.000000 138 6428 11379
Ch1: 23.983430 -50.227145 23.031250 137 6426 11426
Ch1: 24.082084 -50.227145 23.000000 136 6426 11473
Ch1: 24.178639 -45.631417 22.968750 135 6428 11519
Ch1: 24.277293 -36.439960 22.968750 134 6432 11566
Ch1: 24.375947 -31.844231 23.031250 133 6434 11613
Ch1: 24.474601 -41.035688 23.000000 132 6430 11660
Ch1: 24.573255 -50.227145 22.968750 131 6426 11707
Ch1: 24.671909 -52.525009 23.000000 130 6425 11754
Ch1: 24.770563 -43.333552 22.968750 129 6429 11801
Ch1: 24.869217 -36.439960 23.031250 128 6432 11848
Ch1: 24.965772 -41.035688 23.000000 127 6430 11894
Ch1: 25.066525 -36.439960 23.000000 126 6432 11942
Ch1: 25.163080 -47.929281 22.968750 125 6427 11988
Ch1: 25.261734 -50.227145 23.031250 124 6426 12035
Ch1: 25.358289 -45.631417 23.000000 123 6428 12081
Ch1: 25.454845 -38.737824 23.031250 122 6431 12127
Ch1: 25.538805 -15.759181 23.000000 121 6441 12167
Ch1: 25.616469 14.113054 23.031250 120 6454 12204
Ch1: 25.689935 48.581017 23.000000 119 6469 12239
Ch1: 25.761302 85.346845 23.031250 118 6485 12273
Ch1: 25.828471 138.197723 23.000000 117 6508 12305
Ch1: 25.891441 207.133650 22.968750 116 6538 12335
Ch1: 25.956511 271.473849 23.000000 115 6566 12366
Ch1: 26.021581 331.218319 23.031250 114 6592 12397
Ch1: 26.076155 381.771333 23.000000 113 6614 12423
Ch1: 26.137027 453.005124 23.031250 112 6645 12452
Ch1: 26.193700 524.238916 23.062500 111 6676 12479
Ch1: 26.252473 593.174843 23.031250 110 6706 12507
Ch1: 26.304949 680.493684 23.031250 109 6744 12532
Ch1: 26.361622 756.323204 22.968750 108 6777 12559
Ch1: 26.409900 820.663403 22.968750 107 6805 12582
Ch1: 26.468672 903.386516 23.031250 106 6841 12610
Ch1: 26.519049 986.109628 23.000000 105 6877 12634
Ch1: 26.577822 1050.449827 23.031250 104 6905 12662
Ch1: 26.630297 1144.662261 23.062500 103 6946 12687
Ch1: 26.680674 1238.874695 23.000000 102 6987 12711
Ch1: 26.712159 1328.491401 23.000000 101 7026 12726
Ch1: 26.773031 1408.916649 23.000000 100 7061 12755
Ch1: 26.815011 1496.235490 23.000000 99 7099 12775
Ch1: 26.867487 1585.852196 23.000000 98 7138 12800
Ch1: 26.926259 1675.468901 23.031250 97 7177 12828
Ch1: 26.966141 1774.277064 23.031250 96 7220 12847
Ch1: 27.014418 1866.191633 23.031250 95 7260 12870
Ch1: 27.062696 1942.021153 23.000000 94 7293 12893
Ch1: 27.108874 2015.552809 23.031250 93 7325 12915
Ch1: 27.163449 2109.765243 23.000000 92 7366 12941
Ch1: 27.207528 2231.552048 23.000000 91 7419 12962
Ch1: 27.245311 2330.360211 23.000000 90 7462 12980
Ch1: 27.295687 2385.508952 22.968750 89 7486 13004
Ch1: 27.343965 2511.891486 23.000000 88 7541 13027
Ch1: 27.394341 2608.401784 23.000000 87 7583 13051
Ch1: 27.436322 2693.422761 23.000000 86 7620 13071
Ch1: 27.476203 2815.209566 23.031250 85 7673 13090
Ch1: 27.522382 2863.464715 23.000000 84 7694 13112
Ch1: 27.595847 2987.549384 23.000000 83 7748 13147
Ch1: 27.604243 3123.123374 23.000000 82 7807 13151
Ch1: 27.648323 3189.761437 23.000000 81 7836 13172
Ch1: 27.675610 3281.676007 23.000000 80 7876 13185
Ch1: 27.730185 3410.356405 23.031250 79 7932 13211
Ch1: 27.784759 3534.441074 23.031250 78 7986 13237
Ch1: 27.809948 3624.057779 23.000000 77 8025 13249
Ch1: 27.856126 3736.653127 23.000000 76 8074 13271
Ch1: 27.896008 3817.078376 23.000000 75 8109 13290
Ch1: 27.933790 3881.418574 23.031250 74 8137 13308
Ch1: 27.967374 4021.588293 23.031250 73 8198 13324
Ch1: 28.021949 4111.204999 23.000000 72 8237 13350
Ch1: 28.078623 4230.693939 23.062500 71 8289 13377
Ch1: 28.105910 4361.672201 23.000000 70 8346 13390
Ch1: 28.141593 4412.225215 23.000000 69 8368 13407
Ch1: 28.179376 4527.118427 23.031250 68 8418 13425
Ch1: 28.261237 4598.352218 23.031250 67 8449 13464
Ch1: 28.259138 4784.479222 23.031250 66 8530 13463
Ch1: 28.324208 4906.266027 22.968750 65 8583 13494
Ch1: 28.328406 4968.308361 23.031250 64 8610 13496
Ch1: 28.408169 5034.946424 23.031250 63 8639 13534
Ch1: 28.439654 5165.924686 23.031250 62 8696 13549
Ch1: 28.469041 5301.498677 23.000000 61 8755 13563
Ch1: 28.525714 5398.008975 23.031250 60 8797 13590
Ch1: 28.529912 5517.497915 23.000000 59 8849 13592
Ch1: 28.601279 5574.944521 23.031250 58 8874 13626
Ch1: 28.622269 5726.603562 23.031250 57 8940 13636
Ch1: 28.639061 5850.688231 23.031250 56 8994 13644
Ch1: 28.708329 5942.602800 23.000000 55 9034 13677
Ch1: 28.714626 6062.091741 23.062500 54 9086 13680
Ch1: 28.765003 6199.963596 23.000000 53 9146 13704
Ch1: 28.794389 6252.814473 23.031250 52 9169 13718
Ch1: 28.815379 6422.856427 23.062500 51 9243 13728
Ch1: 28.884647 6432.047884 23.000000 50 9247 13761
Ch1: 28.914033 6613.579159 23.031250 49 9326 13775
Ch1: 28.947618 6705.493729 23.031250 48 9366 13791
Ch1: 28.983301 6811.195484 23.000000 47 9412 13808
Ch1: 29.002192 6978.939574 23.031250 46 9485 13817
Ch1: 29.042074 7070.854144 22.968750 45 9525 13836
Ch1: 29.102945 7142.087935 23.062500 44 9556 13865
Ch1: 29.136530 7298.342704 23.000000 43 9624 13881
Ch1: 29.174312 7348.895717 23.031250 42 9646 13899
Ch1: 29.233085 7408.640187 23.000000 41 9672 13927
Ch1: 29.233085 7606.256512 23.000000 40 9758 13927
Ch1: 29.270867 7684.383896 23.000000 39 9792 13945
Ch1: 29.281362 7833.745072 23.031250 38 9857 13950
Ch1: 29.344333 7927.957506 22.968750 37 9898 13980
Ch1: 29.338036 7939.446827 23.031250 36 9903 13977
Ch1: 29.405205 8134.765288 23.031250 35 9988 14009
Ch1: 29.428294 8251.956364 23.031250 34 10039 14020
Ch1: 29.461878 8320.892292 23.031250 33 10069 14036
Ch1: 29.522750 8456.466282 22.968750 32 10128 14065
Ch1: 29.550037 8532.295802 23.000000 31 10161 14078
Ch1: 29.562631 8718.422806 23.000000 30 10242 14084
Ch1: 29.594117 8785.060869 23.000000 29 10271 14099
Ch1: 29.629800 8991.868651 23.031250 28 10361 14116
Ch1: 29.696969 8957.400687 23.000000 27 10346 14148
Ch1: 29.690672 9150.421283 23.031250 26 10430 14145
Ch1: 29.734751 9249.229446 23.000000 25 10473 14166
Ch1: 29.751543 9364.122658 23.000000 24 10523 14174
Ch1: 29.825009 9352.633337 23.031250 23 10518 14209
Ch1: 29.827108 9469.824413 22.968750 22 10569 14210
Ch1: 29.825009 9711.100159 23.031250 21 10674 14209
Ch1: 29.877485 9828.291235 23.031250 20 10725 14234
Ch1: 29.900574 9883.439977 23.031250 19 10749 14245
Ch1: 29.942554 9996.035325 22.968750 18 10798 14265
Ch1: 29.961446 10127.013587 23.031250 17 10855 14274
Ch1: 29.984535 10221.226021 23.000000 16 10896 14285
Ch1: 30.001327 10347.608554 23.000000 15 10951 14293
Ch1: 30.022317 10476.288952 23.031250 14 11007 14303
Ch1: 30.062199 10437.225259 23.000000 13 10990 14322
Ch1: 30.120971 10593.480028 22.968750 12 11058 14350
Ch1: 30.125169 10779.607032 23.000000 11 11139 14352
Ch1: 30.158754 10834.755773 23.000000 10 11163 14368
Ch1: 30.204932 11009.393456 23.000000 9 11239 14390
Ch1: 30.223823 11064.542198 23.000000 8 11263 14399
Ch1: 30.236418 11179.435410 23.000000 7 11313 14405
Ch1: 30.297289 11289.732894 23.000000 6 11361 14434
Ch1: 30.320378 11413.817563 22.968750 5 11415 14445
Ch1: 30.320378 11487.349218 22.968750 4 11447 14445
Ch1: 30.335072 11613.731752 23.031250 3 11502 14452
Ch1: 30.364458 11668.880494 23.031250 2 11526 14466
Ch1: 30.414834 11799.858755 23.031250 1 11583 14490
Ch1: 30.427429 11963.007117 23.000000 0 11654 14496
Ch1: 30.437924 12048.028094 23.000000 0 11691 14501
Ch1: 30.448419 12052.623822 23.031250 1 11693 14506
Ch1: 30.440023 12087.091786 23.031250 2 11708 14502
Ch1: 30.429528 11926.241289 22.968750 3 11638 14497
Ch1: 30.383349 11832.028855 23.000000 4 11597 14475
Ch1: 30.364458 11701.050593 23.000000 5 11540 14466
Ch1: 30.366557 11666.582629 22.968750 6 11525 14467
Ch1: 30.316180 11556.285146 23.031250 7 11477 14443
Ch1: 30.286794 11427.604748 23.000000 8 11421 14429
Ch1: 30.228021 11354.073092 23.031250 9 11389 14401
Ch1: 30.207031 11220.796966 22.968750 10 11331 14391
Ch1: 30.213328 11110.499483 23.000000 11 11283 14394
Ch1: 30.209130 11087.520840 23.000000 12 11273 14392
Ch1: 30.186041 10853.138687 23.031250 13 11171 14381
Ch1: 30.173447 10814.074995 22.968750 14 11154 14375
Ch1: 30.127268 10752.032661 22.968750 15 11127 14353
Ch1: 30.085288 10653.224498 23.000000 16 11084 14333
Ch1: 30.062199 10455.608173 23.000000 17 10998 14322
Ch1: 30.024416 10393.565839 23.031250 18 10971 14304
Ch1: 29.984535 10260.289713 23.000000 19 10913 14285
Ch1: 29.927861 10235.013206 23.031250 20 10902 14258
Ch1: 29.944653 10016.716103 23.000000 21 10807 14266
Ch1: 29.902673 9956.971633 23.000000 22 10781 14246
Ch1: 29.875386 9911.014348 23.000000 23 10761 14233
Ch1: 29.822910 9757.057444 23.031250 24 10694 14208
Ch1: 29.825009 9593.909082 23.000000 25 10623 14209
Ch1: 29.778831 9564.036847 23.000000 26 10610 14187
Ch1: 29.778831 9437.654314 23.031250 27 10555 14187
Ch1: 29.715860 9329.654694 23.000000 28 10508 14157
Ch1: 29.711662 9122.846913 23.000000 29 10418 14155
Ch1: 29.680177 9065.400306 23.000000 30 10393 14140
Ch1: 29.615107 8971.187872 23.000000 31 10352 14109
Ch1: 29.631899 8856.294660 23.000000 32 10302 14117
Ch1: 29.554235 8787.358733 22.968750 33 10272 14080
Ch1: 29.545839 8592.040272 23.031250 34 10187 14076
Ch1: 29.495463 8610.423186 23.000000 35 10195 14052
Ch1: 29.482868 8433.487640 23.031250 36 10118 14046
Ch1: 29.413601 8313.998699 23.000000 37 10066 14013
Ch1: 29.396809 8272.637143 23.000000 38 10048 14005
Ch1: 29.354828 8061.233632 22.937500 39 9956 13985
Ch1: 29.352729 7978.510520 23.000000 40 9920 13984
Ch1: 29.279263 7882.000221 23.000000 41 9878 13949
Ch1: 29.279263 7714.256132 23.000000 42 9805 13949
Ch1: 29.258273 7636.128747 23.031250 43 9771 13939
Ch1: 29.212095 7553.405635 23.031250 44 9735 13917
Ch1: 29.161718 7521.235535 23.031250 45 9721 13893
Ch1: 29.147025 7378.767952 23.031250 46 9659 13886
Ch1: 29.102945 7176.555899 23.031250 47 9571 13865
Ch1: 29.084054 7063.960551 23.031250 48 9522 13856
Ch1: 29.052569 6997.322488 23.000000 49 9493 13841
Ch1: 28.987499 6926.088696 23.031250 50 9462 13810
Ch1: 28.956014 6824.982670 23.000000 51 9418 13795
Ch1: 28.882548 6696.302272 23.000000 52 9362 13760
Ch1: 28.874152 6569.919739 23.000000 53 9307 13756
Ch1: 28.838469 6415.962834 23.000000 54 9240 13739
Ch1: 28.819577 6303.367486 22.968750 55 9191 13730
Ch1: 28.762904 6284.984573 23.031250 56 9183 13703
Ch1: 28.748211 6108.049026 23.000000 57 9106 13696
Ch1: 28.718824 5995.453678 23.000000 58 9057 13682
Ch1: 28.655854 5912.730565 23.000000 59 9021 13652
Ch1: 28.628566 5774.858711 23.000000 60 8961 13639
Ch1: 28.594982 5620.901806 23.000000 61 8894 13623
Ch1: 28.536209 5607.114621 22.968750 62 8888 13595
Ch1: 28.490031 5487.625680 23.031250 63 8836 13573
Ch1: 28.462744 5398.008975 23.000000 64 8797 13560
Ch1: 28.416565 5294.605084 23.000000 65 8752 13538
Ch1: 28.399773 5163.626822 23.000000 66 8695 13530
Ch1: 28.368288 5030.350696 23.031250 67 8637 13515
Ch1: 28.322109 4936.138262 23.000000 68 8596 13493
Ch1: 28.275931 4839.627964 23.000000 69 8554 13471
Ch1: 28.252841 4674.181738 23.031250 70 8482 13460
Ch1: 28.208762 4600.650082 23.031250 71 8450 13439
Ch1: 28.162583 4527.118427 23.031250 72 8418 13417
Ch1: 28.099613 4467.373956 23.031250 73 8392 13387
Ch1: 28.072325 4299.629867 23.000000 74 8319 13374
Ch1: 28.034543 4200.821704 23.000000 75 8276 13356
Ch1: 27.986266 4127.290048 23.031250 76 8244 13333
Ch1: 27.956879 3980.226737 23.031250 77 8180 13319
Ch1: 27.933790 3856.142068 23.031250 78 8126 13308
Ch1: 27.879215 3814.780511 23.000000 79 8108 13282
Ch1: 27.828839 3690.695842 23.000000 80 8054 13258
Ch1: 27.778462 3559.717580 23.000000 81 7997 13234
Ch1: 27.732284 3504.568839 22.968750 82 7973 13212
Ch1: 27.702898 3387.377762 22.968750 83 7922 13198
Ch1: 27.665115 3279.378143 23.000000 84 7875 13180
Ch1: 27.612640 3196.655030 23.000000 85 7839 13155
Ch1: 27.568560 3093.251139 23.031250 86 7794 13134
Ch1: 27.534976 2971.464334 23.000000 87 7741 13118
Ch1: 27.495094 2920.911321 22.968750 88 7719 13099
Ch1: 27.434223 2817.507430 23.031250 89 7674 13070
Ch1: 27.404836 2649.763340 22.968750 90 7601 13056
Ch1: 27.364955 2571.635956 23.031250 91 7567 13037
Ch1: 27.308281 2495.806436 23.000000 92 7534 13010
Ch1: 27.264202 2401.594002 23.000000 93 7493 12989
Ch1: 27.226419 2295.892247 23.000000 94 7447 12971
Ch1: 27.176043 2208.573406 23.031250 95 7409 12947
Ch1: 27.131963 2121.254564 22.968750 96 7371 12926
Ch1: 27.083686 2017.850673 22.968750 97 7326 12903
Ch1: 27.031210 1928.233968 23.031250 98 7287 12878
Ch1: 26.982933 1843.212991 23.000000 99 7250 12855
Ch1: 26.945150 1751.298421 22.968750 100 7210 12837
Ch1: 26.901071 1663.979580 22.968750 101 7172 12816
Ch1: 26.840199 1576.660739 23.000000 102 7134 12787
Ch1: 26.794021 1466.363255 23.000000 103 7086 12765
Ch1: 26.745743 1374.448685 22.968750 104 7046 12742
Ch1: 26.691169 1305.512758 23.000000 105 7016 12716
Ch1: 26.644990 1231.981102 22.968750 106 6984 12694
Ch1: 26.592515 1151.555854 22.968750 107 6949 12669
Ch1: 26.550534 1052.747691 23.000000 108 6906 12649
Ch1: 26.493861 974.620307 22.968750 109 6872 12622
Ch1: 26.439286 882.705737 22.968750 110 6832 12596
Ch1: 26.386810 806.876217 23.000000 111 6799 12571
Ch1: 26.336434 744.833883 23.000000 112 6772 12547
Ch1: 26.275562 655.217177 23.000000 113 6733 12518
Ch1: 26.223087 597.770571 23.000000 114 6708 12493
Ch1: 26.162215 512.749594 23.000000 115 6671 12464
Ch1: 26.103442 434.622210 23.000000 116 6637 12436
Ch1: 26.048868 367.984147 23.000000 117 6608 12410
Ch1: 25.985897 312.835405 23.031250 118 6584 12380
Ch1: 25.922927 264.580256 23.000000 119 6563 12350
Ch1: 25.859956 197.942193 23.000000 120 6534 12320
Ch1: 25.792787 135.899859 23.000000 121 6507 12288
Ch1: 25.725618 83.048981 23.000000 122 6484 12256
Ch1: 25.654252 41.687425 23.000000 123 6466 12222
Ch1: 25.580786 7.219461 23.000000 124 6451 12187
Ch1: 25.498924 -15.759181 23.031250 125 6441 12148
Ch1: 25.406567 -34.142095 22.968750 126 6433 12104
Ch1: 25.312111 -45.631417 23.000000 127 6428 12059
Ch1: 25.215556 -52.525009 23.000000 128 6425 12013
Ch1: 25.114803 -52.525009 23.000000 129 6425 11965
Ch1: 25.018248 -47.929281 23.000000 130 6427 11919
Ch1: 24.921693 -38.737824 23.000000 131 6431 11873
Ch1: 24.823039 -38.737824 23.031250 132 6431 11826
Ch1: 24.726484 -38.737824 23.031250 133 6431 11780
Ch1: 24.627830 -50.227145 23.000000 134 6426 11733
Ch1: 24.533374 -68.610059 23.000000 135 6418 11688
Ch1: 24.434720 -45.631417 23.000000 136 6428 11641
Ch1: 24.333967 -41.035688 22.937500 137 6430 11593
Ch1: 24.235313 -36.439960 23.000000 138 6432 11546
Ch1: 24.136658 -41.035688 23.031250 139 6430 11499
Ch1: 24.040103 -45.631417 22.968750 140 6428 11453
Ch1: 23.941449 -47.929281 23.000000 141 6427 11406
Ch1: 23.840696 -45.631417 22.968750 142 6428 11358
Ch1: 23.744141 -43.333552 22.968750 143 6429 11312
Ch1: 23.647586 -38.737824 23.000000 144 6431 11266
Ch1: 23.546833 -43.333552 23.000000 145 6429 11218
Ch1: 23.448179 -47.929281 22.968750 146 6427 11171
Ch1: 23.351624 -50.227145 22.968750 147 6426 11125
Ch1: 23.252970 -50.227145 23.000000 148 6426 11078
Ch1: 23.154316 -41.035688 22.968750 149 6430 11031
Ch1: 23.053563 -38.737824 23.000000 150 6431 10983
Ch1: 22.954909 -36.439960 22.937500 151 6432 10936
Ch1: 22.858354 -43.333552 23.000000 152 6429 10890
Ch1: 22.759700 -50.227145 23.000000 153 6426 10843
Ch1: 22.661046 -45.631417 23.000000 154 6428 10796
Ch1: 22.562392 -41.035688 22.968750 155 6430 10749
Ch1: 22.463738 -36.439960 23.000000 156 6432 10702
Ch1: 22.365084 -41.035688 23.031250 157 6430 10655
Ch1: 22.266430 -45.631417 23.031250 158 6428 10608
Ch1: 22.167775 -50.227145 23.000000 159 6426 10561
Ch1: 22.069121 -52.525009 23.000000 160 6425 10514
Ch1: 21.966269 -43.333552 23.000000 161 6429 10465
Ch1: 21.867615 -38.737824 23.000000 162 6431 10418
Ch1: 21.768961 -34.142095 23.000000 163 6433 10371
Ch1: 21.670307 -43.333552 23.000000 164 6429 10324
Ch1: 21.571653 -50.227145 23.031250 165 6426 10277
Ch1: 21.470900 -43.333552 23.000000 166 6429 10229
Ch1: 21.372246 -43.333552 23.031250 167 6429 10182
Ch1: 21.273592 -38.737824 22.937500 168 6431 10135
Ch1: 21.174938 -38.737824 22.968750 169 6431 10088
Ch1: 21.076284 -41.035688 22.968750 170 6430 10041
Ch1: 20.977630 -45.631417 23.000000 171 6428 9994
Ch1: 20.878976 -50.227145 23.000000 172 6426 9947
Ch1: 20.778223 -45.631417 23.000000 173 6428 9899
Ch1: 20.677470 -36.439960 22.968750 174 6432 9851
Ch1: 20.593509 -59.418602 23.000000 175 6422 9811
Ch1: 20.505350 -64.014331 22.968750 176 6420 9769
Ch1: 20.408795 -66.312195 22.968750 177 6419 9723
Ch1: 20.312240 -73.205788 23.000000 178 6416 9677
Ch1: 20.198892 -47.929281 22.968750 179 6427 9623
Ch1: 20.093941 -41.035688 23.000000 180 6430 9573
Ch1: 19.991089 -34.142095 23.000000 181 6433 9524
Ch1: 19.888237 -36.439960 23.031250 182 6432 9475
Ch1: 19.789583 -43.333552 22.968750 183 6429 9428
Ch1: 19.690929 -47.929281 23.031250 184 6427 9381
Ch1: 19.590176 -45.631417 23.031250 185 6428 9333
Ch1: 19.491522 -41.035688 23.000000 186 6430 9286
Ch1: 19.392868 -38.737824 23.000000 187 6431 9239
Ch1: 19.294214 -41.035688 22.968750 188 6430 9192
Ch1: 19.193461 -45.631417 23.000000 189 6428 9144
Ch1: 19.092708 -50.227145 23.031250 190 6426 9096
Ch1: 18.996153 -47.929281 22.968750 191 6427 9050
Ch1: 18.899598 -41.035688 23.000000 192 6430 9004
Ch1: 18.796746 -38.737824 22.906250 193 6431 8955
Ch1: 18.700190 -34.142095 23.031250 194 6433 8909
Ch1: 18.601536 -43.333552 22.968750 195 6429 8862
Ch1: 18.500783 -45.631417 23.000000 196 6428 8814
Ch1: 18.402129 -50.227145 23.000000 197 6426 8767
Ch1: 18.301376 -41.035688 22.968750 198 6430 8719
Ch1: 18.202722 -34.142095 23.000000 199 6433 8672
Ch1: 18.101969 -34.142095 22.968750 200 6433 8624
Ch1: 18.003315 -43.333552 22.968750 201 6429 8577
Ch1: 17.904661 -50.227145 22.968750 202 6426 8530
Ch1: 17.806007 -50.227145 23.000000 203 6426 8483
Ch1: 17.707353 -41.035688 23.000000 204 6430 8436
Ch1: 17.606600 -34.142095 23.000000 205 6433 8388
Ch1: 17.505847 -36.439960 22.968750 206 6432 8340
Ch1: 17.407193 -41.035688 23.031250 207 6430 8293
Ch1: 17.310638 -43.333552 23.031250 208 6429 8247
Ch1: 17.205687 -45.631417 23.000000 209 6428 8197
Ch1: 17.104933 -41.035688 22.968750 210 6430 8149
Ch1: 17.006279 -41.035688 22.968750 211 6430 8102
Ch1: 16.907625 -36.439960 23.000000 212 6432 8055
Ch1: 16.806872 -41.035688 22.968750 213 6430 8007
Ch1: 16.708218 -47.929281 22.968750 214 6427 7960
Ch1: 16.607465 -52.525009 23.000000 215 6425 7912
Ch1: 16.506712 -43.333552 22.968750 216 6429 7864
Ch1: 16.408058 -36.439960 23.000000 217 6432 7817
Ch1: 16.307305 -36.439960 23.000000 218 6432 7769
Ch1: 16.208651 -41.035688 23.000000 219 6430 7722
Ch1: 16.109997 -43.333552 22.968750 220 6429 7675
Ch1: 16.009244 -45.631417 23.000000 221 6428 7627
Ch1: 15.908491 -41.035688 22.968750 222 6430 7579
Ch1: 15.809837 -41.035688 23.000000 223 6430 7532
Ch1: 15.711183 -29.546367 22.968750 224 6435 7485
Ch1: 15.608330 -36.439960 23.000000 225 6432 7436
Ch1: 15.509676 -43.333552 22.968750 226 6429 7389
Ch1: 15.408923 -43.333552 22.968750 227 6429 7341
Ch1: 15.310269 -50.227145 22.968750 228 6426 7294
Ch1: 15.209516 -36.439960 22.968750 229 6432 7246
Ch1: 15.108763 -34.142095 23.000000 230 6433 7198
Ch1: 15.010109 -36.439960 23.000000 231 6432 7151
Ch1: 14.909356 -41.035688 23.000000 232 6430 7103
Ch1: 14.810702 -47.929281 22.968750 233 6427 7056
Ch1: 14.712048 -45.631417 22.968750 234 6428 7009
Ch1: 14.611295 -38.737824 23.000000 235 6431 6961
Ch1: 14.512641 -31.844231 23.000000 236 6434 6914
Ch1: 14.411888 -34.142095 22.968750 237 6433 6866
Ch1: 14.311135 -43.333552 22.968750 238 6429 6818
Ch1: 14.212481 -47.929281 23.031250 239 6427 6771
Ch1: 14.113827 -45.631417 23.000000 240 6428 6724
Ch1: 14.008875 -43.333552 23.000000 241 6429 6674
Ch1: 13.908122 -34.142095 22.968750 242 6433 6626
Ch1: 13.809468 -38.737824 22.968750 243 6431 6579
Ch1: 13.708715 -41.035688 22.968750 244 6430 6531
Ch1: 13.610061 -47.929281 23.000000 245 6427 6484
Ch1: 13.509308 -47.929281 23.000000 246 6427 6436
Ch1: 13.408555 -43.333552 22.968750 247 6429 6388
Ch1: 13.309901 -34.142095 22.968750 248 6433 6341
Ch1: 13.209148 -31.844231 22.968750 249 6434 6293
Ch1: 13.108395 -38.737824 23.000000 250 6431 6245
Ch1: 13.009741 -47.929281 23.000000 251 6427 6198
Ch1: 12.911087 -45.631417 23.000000 252 6428 6151
Ch1: 12.810334 -47.929281 22.968750 253 6427 6103
Ch1: 12.709581 -34.142095 23.000000 254 6433 6055
Ch1: 12.608827 -31.844231 22.937500 255 6434 6007
Ch1: 12.522768 -54.822874 23.031250 256 6424 5966
Ch1: 12.428312 -59.418602 23.000000 257 6422 5921
Ch1: 12.319162 -50.227145 22.968750 258 6426 5869
Ch1: 12.214211 -45.631417 23.000000 259 6428 5819
Ch1: 12.111359 -38.737824 22.968750 260 6431 5770
Ch1: 12.008507 -31.844231 22.968750 261 6434 5721
Ch1: 11.907754 -34.142095 23.000000 262 6433 5673
Ch1: 11.809100 -45.631417 23.031250 263 6428 5626
Ch1: 11.708347 -43.333552 23.000000 264 6429 5578
Ch1: 11.607594 -45.631417 22.968750 265 6428 5530
Ch1: 11.506841 -38.737824 23.000000 266 6431 5482
Ch1: 11.408187 -31.844231 23.031250 267 6434 5435
Ch1: 11.309533 -34.142095 23.000000 268 6433 5388
Ch1: 11.208780 -41.035688 22.968750 269 6430 5340
Ch1: 11.108026 -45.631417 23.000000 270 6428 5292
Ch1: 11.007273 -43.333552 22.968750 271 6429 5244
Ch1: 10.910718 -38.737824 22.937500 272 6431 5198
Ch1: 10.807866 -31.844231 22.968750 273 6434 5149
Ch1: 10.707113 -34.142095 22.968750 274 6433 5101
Ch1: 10.608459 -43.333552 22.968750 275 6429 5054
Ch1: 10.507706 -45.631417 23.000000 276 6428 5006
Ch1: 10.406953 -41.035688 23.000000 277 6430 4958
Ch1: 10.308299 -38.737824 22.937500 278 6431 4911
Ch1: 10.207546 -29.546367 22.968750 279 6435 4863
Ch1: 10.108892 -34.142095 22.937500 280 6433 4816
Ch1: 10.008139 -38.737824 22.968750 281 6431 4768
Ch1: 9.907386 -43.333552 23.000000 282 6429 4720
Ch1: 9.808732 -43.333552 22.968750 283 6429 4673
Ch1: 9.707979 -36.439960 23.000000 284 6432 4625
Ch1: 9.609325 -34.142095 22.937500 285 6433 4578
Ch1: 9.506472 -34.142095 22.968750 286 6433 4529
Ch1: 9.407818 -38.737824 23.000000 287 6431 4482
Ch1: 9.309164 -45.631417 22.937500 288 6428 4435
Ch1: 9.208411 -52.525009 22.968750 289 6425 4387
Ch1: 9.109757 -41.035688 22.968750 290 6430 4340
Ch1: 9.009004 -34.142095 22.968750 291 6433 4292
Ch1: 8.910350 -36.439960 22.968750 292 6432 4245
Ch1: 8.809597 -36.439960 23.000000 293 6432 4197
Ch1: 8.708844 -45.631417 23.000000 294 6428 4149
Ch1: 8.608091 -50.227145 22.968750 295 6426 4101
Ch1: 8.509437 -38.737824 23.000000 296 6431 4054
Ch1: 8.408684 -34.142095 23.000000 297 6433 4006
Ch1: 8.307931 -29.546367 22.968750 298 6435 3958
Ch1: 8.209277 -36.439960 23.000000 299 6432 3911
Ch1: 8.110623 -45.631417 22.968750 300 6428 3864
Ch1: 8.009869 -45.631417 22.937500 301 6428 3816
Ch1: 7.909116 -43.333552 23.000000 302 6429 3768
Ch1: 7.810462 -34.142095 22.968750 303 6433 3721
Ch1: 7.711808 -34.142095 22.937500 304 6433 3674
Ch1: 7.608956 -31.844231 22.968750 305 6434 3625
Ch1: 7.510302 -41.035688 22.968750 306 6430 3578
Ch1: 7.411648 -50.227145 22.968750 307 6426 3531
Ch1: 7.310895 -43.333552 22.968750 308 6429 3483
Ch1: 7.210142 -34.142095 23.000000 309 6433 3435
Ch1: 7.109389 -29.546367 23.000000 310 6435 3387
Ch1: 7.012834 -36.439960 22.968750 311 6432 3341
Ch1: 6.912081 -38.737824 22.937500 312 6431 3293
Ch1: 6.813427 -43.333552 23.000000 313 6429 3246
Ch1: 6.712674 -43.333552 23.000000 314 6429 3198
Ch1: 6.611921 -41.035688 22.968750 315 6430 3150
Ch1: 6.513266 -38.737824 22.968750 316 6431 3103
Ch1: 6.414612 -31.844231 23.000000 317 6434 3056
Ch1: 6.311760 -36.439960 22.968750 318 6432 3007
Ch1: 6.213106 -43.333552 22.968750 319 6429 2960
Ch1: 6.116551 -38.737824 22.968750 320 6431 2914
Ch1: 6.013699 -34.142095 23.000000 321 6433 2865
Ch1: 5.917144 -34.142095 22.968750 322 6433 2819
Ch1: 5.816391 -34.142095 22.968750 323 6433 2771
Ch1: 5.717737 -36.439960 22.937500 324 6432 2724
Ch1: 5.619083 -43.333552 23.000000 325 6429 2677
Ch1: 5.518330 -45.631417 23.000000 326 6428 2629
Ch1: 5.417577 -36.439960 22.968750 327 6432 2581
Ch1: 5.318923 -34.142095 22.968750 328 6433 2534
Ch1: 5.220269 -29.546367 23.000000 329 6435 2487
Ch1: 5.121615 -36.439960 22.968750 330 6432 2440
Ch1: 5.020862 -45.631417 22.968750 331 6428 2392
Ch1: 4.922208 -45.631417 22.968750 332 6428 2345
Ch1: 4.823553 -43.333552 22.968750 333 6429 2298
Ch1: 4.724899 -31.844231 22.937500 334 6434 2251
Ch1: 4.624146 -29.546367 23.000000 335 6435 2203
Ch1: 4.527591 -34.142095 22.968750 336 6433 2157
Ch1: 4.449927 -64.014331 23.031250 337 6420 2120
Ch1: 4.361769 -66.312195 22.968750 338 6419 2078
Ch1: 4.261015 -45.631417 23.000000 339 6428 2030
Ch1: 4.145569 -31.844231 22.968750 340 6434 1975
Ch1: 4.040618 -31.844231 23.000000 341 6434 1925
Ch1: 3.937766 -31.844231 23.000000 342 6434 1876
Ch1: 3.834914 -41.035688 22.968750 343 6430 1827
Ch1: 3.738359 -52.525009 22.968750 344 6425 1781
Ch1: 3.637606 -43.333552 22.968750 345 6429 1733
Ch1: 3.538952 -38.737824 22.937500 346 6431 1686
Ch1: 3.440298 -31.844231 22.937500 347 6434 1639
Ch1: 3.341644 -31.844231 22.937500 348 6434 1592
Ch1: 3.245089 -38.737824 23.000000 349 6431 1546
Ch1: 3.144336 -41.035688 23.000000 350 6430 1498
Ch1: 3.047781 -43.333552 22.968750 351 6429 1452
Ch1: 2.951225 -38.737824 22.968750 352 6431 1406
Ch1: 2.850472 -31.844231 23.000000 353 6434 1358
Ch1: 2.753917 -29.546367 22.968750 354 6435 1312
Ch1: 2.665758 -54.822874 23.000000 355 6424 1270
Ch1: 2.590194 -61.716466 23.000000 356 6421 1234
Ch1: 2.481044 -43.333552 23.000000 357 6429 1182
Ch1: 2.378192 -45.631417 23.000000 358 6428 1133
Ch1: 2.319420 -31.844231 22.968750 359 6434 1105
Ch1: 2.300529 -27.248503 23.000000 360 6436 1096
Ch1: 2.294231 -34.142095 23.000000 361 6433 1093
Ch1: 2.290033 -36.439960 23.000000 362 6432 1091
Ch1: 2.287934 -41.035688 23.000000 363 6430 1090
Ch1: 2.285835 -38.737824 23.000000 364 6431 1089
Ch1: 2.283736 -34.142095 23.000000 365 6433 1088
Ch1: 2.283736 -29.546367 23.000000 366 6435 1088
Ch1: 2.283736 -27.248503 22.968750 367 6436 1088
Ch1: 2.283736 -36.439960 22.968750 368 6432 1088
Ch1: 2.283736 -45.631417 23.000000 369 6428 1088
Ch1: 2.283736 -45.631417 23.031250 370 6428 1088
Ch1: 2.283736 -36.439960 23.062500 371 6432 1088
Ch1: 2.285835 -31.844231 23.000000 372 6434 1089
Ch1: 2.285835 -27.248503 22.968750 373 6436 1089
Ch1: 2.287934 -36.439960 22.968750 374 6432 1090
Ch1: 2.287934 -43.333552 22.968750 375 6429 1090
Ch1: 2.290033 -36.439960 23.000000 376 6432 1091
Ch1: 2.292132 -41.035688 23.000000 377 6430 1092
Ch1: 2.292132 -31.844231 22.968750 378 6434 1092
Ch1: 2.294231 -29.546367 23.000000 379 6435 1093
Ch1: 2.296330 -31.844231 23.000000 380 6434 1094
Ch1: 2.296330 -38.737824 22.968750 381 6431 1094
Ch1: 2.298430 -45.631417 23.000000 382 6428 1095
Ch1: 2.300529 -43.333552 22.968750 383 6429 1096
Ch1: 2.302628 -31.844231 23.000000 384 6434 1097
Ch1: 2.302628 -27.248503 22.937500 385 6436 1097
Ch1: 2.304727 -34.142095 23.000000 386 6433 1098
Ch1: 2.306826 -41.035688 22.968750 387 6430 1099
Ch1: 2.308925 -45.631417 22.968750 388 6428 1100
Ch1: 2.311024 -41.035688 23.000000 389 6430 1101
Ch1: 2.313123 -29.546367 23.000000 390 6435 1102
Ch1: 2.315222 -29.546367 22.968750 391 6435 1103
Ch1: 2.317321 -31.844231 22.968750 392 6434 1104
Ch1: 2.319420 -38.737824 22.968750 393 6431 1105
Ch1: 2.321519 -38.737824 22.968750 394 6431 1106
Ch1: 2.321519 -61.716466 23.000000 395 6421 1106
Ch1: 2.323618 -57.120738 22.968750 396 6423 1107
Ch1: 2.327816 -29.546367 22.968750 397 6435 1109
Ch1: 2.329915 -31.844231 23.000000 398 6434 1110
Ch1: 2.332014 -38.737824 22.968750 399 6431 1111
Ch1: 2.334113 -47.929281 23.000000 400 6427 1112
Ch1: 2.336212 -43.333552 23.000000 401 6429 1113
Ch1: 2.338311 -38.737824 22.968750 402 6431 1114
Ch1: 2.340410 -27.248503 23.000000 403 6436 1115
Ch1: 2.342509 -24.950638 22.937500 404 6437 1116
Ch1: 2.344608 -34.142095 22.968750 405 6433 1117
Ch1: 2.346707 -38.737824 22.968750 406 6431 1118
Ch1: 2.348806 -45.631417 22.937500 407 6428 1119
Ch1: 2.350905 -36.439960 22.968750 408 6432 1120
Ch1: 2.353004 -27.248503 23.000000 409 6436 1121
Ch1: 2.355103 -29.546367 22.937500 410 6435 1122
Ch1: 2.357202 -34.142095 22.968750 411 6433 1123
Ch1: 2.359301 -38.737824 22.937500 412 6431 1124
Ch1: 2.363499 -43.333552 22.968750 413 6429 1126
Ch1: 2.365598 -38.737824 22.968750 414 6431 1127
Ch1: 2.367697 -31.844231 23.000000 415 6434 1128
Ch1: 2.369796 -29.546367 22.937500 416 6435 1129
Ch1: 2.371895 -34.142095 23.000000 417 6433 1130
Ch1: 2.373994 -41.035688 22.968750 418 6430 1131
Ch1: 2.376093 -45.631417 23.000000 419 6428 1132
Ch1: 2.378192 -41.035688 22.968750 420 6430 1133
Ch1: 2.380291 -38.737824 23.000000 421 6431 1134
Ch1: 2.382390 -29.546367 23.000000 422 6435 1135
Ch1: 2.386588 -34.142095 23.000000 423 6433 1137
Ch1: 2.388687 -38.737824 22.968750 424 6431 1138
Ch1: 2.390787 -45.631417 23.000000 425 6428 1139
Ch1: 2.392886 -38.737824 22.968750 426 6431 1140
Ch1: 2.394985 -36.439960 22.968750 427 6432 1141
Ch1: 2.397084 -27.248503 22.968750 428 6436 1142
Ch1: 2.399183 -59.418602 22.968750 429 6422 1143
Ch1: 2.401282 -57.120738 22.937500 430 6423 1144
Ch1: 2.403381 -66.312195 22.937500 431 6419 1145
Ch1: 2.405480 -68.610059 22.968750 432 6418 1146
Ch1: 2.407579 -59.418602 22.937500 433 6422 1147
Ch1: 2.411777 -34.142095 22.968750 434 6433 1149
Ch1: 2.413876 -31.844231 22.937500 435 6434 1150
Ch1: 2.415975 -36.439960 22.968750 436 6432 1151
Ch1: 2.420173 -41.035688 22.968750 437 6430 1153
Ch1: 2.422272 -45.631417 22.968750 438 6428 1154
Ch1: 2.424371 -41.035688 22.968750 439 6430 1155
Ch1: 2.426470 -34.142095 22.968750 440 6433 1156
Ch1: 2.428569 -29.546367 22.937500 441 6435 1157
Ch1: 2.432767 -36.439960 22.937500 442 6432 1159
Ch1: 2.434866 -43.333552 23.000000 443 6429 1160
Ch1: 2.436965 -45.631417 22.968750 444 6428 1161
Ch1: 2.439064 -41.035688 22.968750 445 6430 1162
Ch1: 2.441163 -34.142095 23.000000 446 6433 1163
Ch1: 2.443262 -31.844231 22.937500 447 6434 1164
Ch1: 2.447460 -34.142095 23.000000 448 6433 1166
Ch1: 2.449559 -41.035688 23.000000 449 6430 1167
Ch1: 2.451658 -45.631417 22.968750 450 6428 1168
Ch1: 2.455856 -38.737824 23.000000 451 6431 1170
Ch1: 2.457955 -36.439960 22.937500 452 6432 1171
Ch1: 2.460054 -31.844231 22.968750 453 6434 1172
Ch1: 2.462153 -29.546367 23.000000 454 6435 1173
Ch1: 2.464252 -38.737824 22.968750 455 6431 1174
Ch1: 2.466351 -47.929281 22.968750 456 6427 1175
Ch1: 2.468450 -45.631417 22.937500 457 6428 1176
Ch1: 2.472648 -38.737824 22.937500 458 6431 1178
Ch1: 2.474747 -34.142095 22.968750 459 6433 1179
Ch1: 2.476846 -34.142095 22.937500 460 6433 1180
Ch1: 2.481044 -41.035688 23.000000 461 6430 1182
Ch1: 2.483143 -43.333552 22.937500 462 6429 1183
Ch1: 2.485243 -45.631417 23.000000 463 6428 1184
Ch1: 2.487342 -36.439960 23.000000 464 6432 1185
Ch1: 2.489441 -29.546367 22.968750 465 6435 1186
Ch1: 2.491540 -29.546367 22.968750 466 6435 1187
Ch1: 2.493639 -36.439960 22.968750 467 6432 1188
Ch1: 2.497837 -43.333552 22.968750 468 6429 1190
Ch1: 2.499936 -50.227145 22.968750 469 6426 1191
Ch1: 2.502035 -38.737824 23.000000 470 6431 1192
Ch1: 2.506233 -31.844231 22.937500 471 6434 1194
Ch1: 2.506233 -34.142095 22.968750 472 6433 1194
Ch1: 2.510431 -36.439960 23.000000 473 6432 1196
Ch1: 2.512530 -47.929281 23.000000 474 6427 1197
Ch1: 2.514629 -47.929281 22.968750 475 6427 1198
Ch1: 2.518827 -41.035688 22.937500 476 6430 1200
Ch1: 2.520926 -31.844231 22.937500 477 6434 1201
Ch1: 2.523025 -31.844231 23.000000 478 6434 1202
Ch1: 2.525124 -38.737824 22.968750 479 6431 1203
Ch1: 2.529322 -45.631417 22.968750 480 6428 1205
Ch1: 2.531421 -43.333552 22.937500 481 6429 1206
Ch1: 2.533520 -36.439960 22.968750 482 6432 1207
Ch1: 2.535619 -34.142095 22.968750 483 6433 1208
Ch1: 2.537718 -34.142095 23.000000 484 6433 1209
Ch1: 2.541916 -34.142095 22.968750 485 6433 1211
Ch1: 2.544015 -47.929281 23.000000 486 6427 1212
Ch1: 2.546114 -45.631417 23.000000 487 6428 1213
Ch1: 2.548213 -41.035688 22.968750 488 6430 1214
Ch1: 2.550312 -34.142095 22.937500 489 6433 1215
Ch1: 2.554510 -31.844231 22.968750 490 6434 1217
Ch1: 2.556609 -36.439960 23.000000 491 6432 1218
Ch1: 2.558708 -43.333552 22.968750 492 6429 1219
Ch1: 2.562906 -45.631417 22.968750 493 6428 1221
Ch1: 2.565005 -41.035688 23.000000 494 6430 1222
Ch1: 2.567104 -41.035688 22.968750 495 6430 1223
Ch1: 2.569203 -29.546367 22.968750 496 6435 1224
Ch1: 2.571302 -36.439960 23.000000 497 6432 1225
Ch1: 2.573401 -43.333552 22.968750 498 6429 1226
Ch1: 2.577599 -45.631417 22.968750 499 6428 1228
Ch1: 2.579699 -45.631417 23.000000 500 6428 1229
Ch1: 2.581798 -36.439960 23.000000 501 6432 1230
Ch1: 2.583897 -54.822874 23.000000 502 6424 1231
Ch1: 2.588095 -36.439960 23.000000 503 6432 1233
Ch1: 2.590194 -38.737824 22.968750 504 6431 1234
Ch1: 2.592293 -64.014331 22.968750 505 6420 1235
Ch1: 2.594392 -68.610059 23.000000 506 6418 1236
Ch1: 2.596491 -61.716466 23.000000 507 6421 1237
Ch1: 2.600689 -29.546367 23.000000 508 6435 1239
Ch1: 2.602788 -36.439960 22.937500 509 6432 1240
Ch1: 2.606986 -36.439960 22.968750 510 6432 1242
Ch1: 2.609085 -47.929281 22.968750 511 6427 1243
Ch1: 2.611184 -45.631417 22.968750 512 6428 1244
Ch1: 2.613283 -41.035688 22.968750 513 6430 1245
Ch1: 2.617481 -31.844231 22.968750 514 6434 1247
Ch1: 2.619580 -31.844231 23.000000 515 6434 1248
Ch1: 2.621679 -38.737824 23.000000 516 6431 1249
Ch1: 2.623778 -47.929281 23.000000 517 6427 1250
Ch1: 2.627976 -45.631417 22.968750 518 6428 1252
Ch1: 2.630075 -41.035688 22.968750 519 6430 1253
Ch1: 2.632174 -36.439960 23.000000 520 6432 1254
Ch1: 2.634273 -29.546367 22.968750 521 6435 1255
Ch1: 2.638471 -41.035688 23.000000 522 6430 1257
Ch1: 2.640570 -45.631417 22.968750 523 6428 1258
Ch1: 2.642669 -47.929281 22.968750 524 6427 1259
Ch1: 2.646867 -45.631417 22.968750 525 6428 1261
Ch1: 2.648966 -34.142095 22.968750 526 6433 1262
Ch1: 2.651065 -36.439960 22.968750 527 6432 1263
Ch1: 2.653164 -36.439960 23.000000 528 6432 1264
Ch1: 2.657362 -47.929281 22.968750 529 6427 1266
Ch1: 2.659461 -54.822874 23.000000 530 6424 1267
Ch1: 2.661560 -43.333552 22.937500 531 6429 1268
Ch1: 2.663659 -38.737824 23.000000 532 6431 1269
Ch1: 2.667857 -31.844231 22.937500 533 6434 1271
Ch1: 2.667857 -34.142095 23.000000 534 6433 1271
Ch1: 2.672056 -43.333552 22.968750 535 6429 1273
Ch1: 2.676254 -45.631417 22.968750 536 6428 1275
Ch1: 2.678353 -45.631417 22.968750 537 6428 1276
Ch1: 2.680452 -34.142095 22.968750 538 6433 1277
Ch1: 2.682551 -36.439960 22.968750 539 6432 1278
Ch1: 2.684650 -34.142095 22.968750 540 6433 1279
Ch1: 2.688848 -47.929281 22.968750 541 6427 1281
Ch1: 2.690947 -54.822874 23.000000 542 6424 1282
Ch1: 2.693046 -47.929281 22.968750 543 6427 1283
Ch1: 2.695145 -45.631417 23.000000 544 6428 1284
Ch1: 2.697244 -38.737824 22.968750 545 6431 1285
Ch1: 2.701442 -31.844231 22.968750 546 6434 1287
Ch1: 2.703541 -41.035688 22.968750 547 6430 1288
Ch1: 2.707739 -45.631417 22.937500 548 6428 1290
Ch1: 2.709838 -50.227145 22.968750 549 6426 1291
Ch1: 2.711937 -38.737824 23.000000 550 6431 1292
Ch1: 2.714036 -34.142095 22.937500 551 6433 1293
Ch1: 2.718234 -36.439960 23.000000 552 6432 1295
Ch1: 2.720333 -41.035688 23.000000 553 6430 1296
Ch1: 2.722432 -45.631417 22.937500 554 6428 1297
Ch1: 2.724531 -52.525009 22.968750 555 6425 1298
Ch1: 2.728729 -45.631417 23.000000 556 6428 1300
Ch1: 2.730828 -38.737824 23.000000 557 6431 1301
Ch1: 2.732927 -36.439960 22.968750 558 6432 1302
Ch1: 2.735026 -41.035688 22.968750 559 6430 1303
Ch1: 2.739224 -45.631417 22.968750 560 6428 1305
Ch1: 2.741323 -52.525009 22.968750 561 6425 1306
Ch1: 2.745521 -45.631417 22.968750 562 6428 1308
Ch1: 2.745521 -38.737824 23.000000 563 6431 1308
Ch1: 2.749719 -36.439960 22.937500 564 6432 1310
Ch1: 2.751818 -36.439960 23.000000 565 6432 1311
Ch1: 2.753917 -47.929281 22.968750 566 6427 1312
Ch1: 2.758115 -52.525009 22.968750 567 6425 1314
Ch1: 2.760214 -50.227145 22.968750 568 6426 1315
Ch1: 2.762313 -43.333552 22.968750 569 6429 1316
Ch1: 2.766512 -38.737824 22.968750 570 6431 1318
Ch1: 2.768611 -41.035688 23.000000 571 6430 1319
Ch1: 2.770710 -50.227145 23.000000 572 6426 1320
Ch1: 2.774908 -50.227145 22.968750 573 6426 1322
Ch1: 2.777007 -50.227145 22.968750 574 6426 1323
Ch1: 2.779106 -41.035688 23.000000 575 6430 1324
Ch1: 2.781205 -36.439960 23.000000 576 6432 1325
Ch1: 2.785403 -41.035688 22.968750 577 6430 1327
Ch1: 2.787502 -45.631417 23.000000 578 6428 1328
Ch1: 2.789601 -52.525009 23.000000 579 6425 1329
Ch1: 2.793799 -47.929281 23.000000 580 6427 1331
Ch1: 2.795898 -43.333552 23.000000 581 6429 1332
Ch1: 2.797997 -36.439960 23.000000 582 6432 1333
Ch1: 2.800096 -38.737824 22.968750 583 6431 1334
Ch1: 2.804294 -45.631417 23.000000 584 6428 1336
Ch1: 2.806393 -50.227145 23.000000 585 6426 1337
Ch1: 2.808492 -52.525009 22.968750 586 6425 1338
Ch1: 2.812690 -41.035688 23.000000 587 6430 1340
Ch1: 2.814789 -34.142095 22.968750 588 6433 1341
Ch1: 2.816888 -36.439960 22.968750 589 6432 1342
Ch1: 2.818987 -43.333552 22.968750 590 6429 1343
Ch1: 2.823185 -47.929281 22.968750 591 6427 1345
Ch1: 2.825284 -50.227145 22.968750 592 6426 1346
Ch1: 2.825284 -68.610059 23.000000 593 6418 1346
Ch1: 2.829482 -43.333552 22.968750 594 6429 1348
Ch1: 2.833680 -38.737824 23.000000 595 6431 1350
Ch1: 2.835779 -45.631417 22.937500 596 6428 1351
Ch1: 2.839977 -50.227145 22.968750 597 6426 1353
Ch1: 2.842076 -50.227145 22.968750 598 6426 1354
Ch1: 2.846274 -47.929281 22.968750 599 6427 1356
Ch1: 2.846274 -41.035688 23.000000 600 6430 1356
