1
0
2
0
0
0
0
0
0
0
0
1
1
1
1
2
7
2
3
7
7
6
20
47
139
281
391
475
560
663
739
838
902
963
910
1045
963
1012
1097
1106
1293
1392
1612
1792
1880
1824
1859
1980
1988
1990
1988
2161
2196
2107
2179
2228
2293
2367
2402
2376
2570
2512
2514
2685
2612
2734
2752
2827
2816
2941
3140
3140
3159
3188
3285
3322
3407
3587
3572
3687
3710
3777
3963
4084
4008
4001
4208
4299
4347
4350
4534
4522
4638
4760
4929
4887
5033
5117
5241
5207
5307
5271
5452
5511
5578
5721
5777
5907
6055
6072
6009
6304
6243
6242
6485
6573
6464
6495
6683
6772
6814
7076
6906
6923
7295
7186
7371
7313
7388
7487
7529
7763
7536
7658
7887
7633
7828
7757
8020
7951
7998
8157
8056
8260
8095
8272
8240
8150
8265
8064
8432
8215
8316
8388
8272
8243
8302
8272
8046
8345
8280
8415
8330
8387
8190
8230
7958
8204
8229
8110
7999
7832
7903
7787
7837
7844
7729
7613
7548
7675
7527
7332
7459
7286
7327
7253
7125
7265
6831
7010
6882
6853
6891
6677
6656
6448
6573
6347
6338
6293
6191
6000
5966
6047
5888
6035
5922
5886
5743
5716
5746
5517
5331
5460
5421
5377
5175
5106
5159
5074
4967
4977
4870
4824
4892
4604
4573
4678
4482
4460
4450
4495
4494
4344
4360
4289
4234
4196
4227
4160
4123
4091
4095
3909
4010
3916
3950
3955
3915
3804
3862
3901
3957
3844
3811
3860
3872
3891
3928
3779
3921
3879
3886
3940
3866
3918
3877
3939
3896
3987
3940
3803
3883
3781
3839
3749
3636
3434
3217
3051
2904
2762
2745
2556
2475
2475
2507
2462
2451
2331
2368
2333
2341
2342
2301
2327
2361
2320
2326
2264
2295
2210
2258
2204
2245
2208
2098
2098
2105
2132
2077
2101
2013
2144
2053
2085
1980
1978
1939
1899
2025
1912
1928
1937
1861
1790
1899
1872
1886
1861
1815
1786
1770
1753
1803
1774
1707
1782
1737
1630
1656
1663
1631
1638
1655
1559
1628
1596
1643
1647
1609
1622
1507
1582
1553
1551
1546
1485
1505
1530
1439
1440
1428
1507
1467
1448
1416
1430
1378
1420
1461
1396
1406
1338
1378
1312
1335
1333
1337
1363
1357
1391
1303
1311
1249
1232
1378
1272
1235
1233
1226
1330
1289
1311
1218
1267
1261
1209
1231
1273
1284
1243
1230
1207
1139
1270
1211
1136
1196
1180
1147
1139
1130
1219
1169
1176
1115
1162
1201
1142
1091
1126
1158
1111
1183
1057
1127
1137
1068
1146
1162
1094
1069
1125
1111
1124
1096
1072
1129
1107
1027
1098
1101
1069
1066
1077
1070
1061
1101
1012
1028
1070
1065
1050
1059
1050
1056
1020
1013
989
1024
1074
1037
979
995
1012
1004
1004
1038
955
1021
1027
1036
995
1009
975
984
991
970
1015
971
993
1016
965
958
895
986
912
977
905
934
959
906
938
959
962
942
893
925
901
949
934
908
858
897
907
920
953
919
890
890
890
861
857
918
882
894
863
851
915
853
901
858
902
874
850
890
828
856
891
787
875
844
826
916
870
791
823
843
797
867
848
841
809
801
803
758
833
798
805
830
795
806
837
785
755
832
769
809
785
778
764
772
815
774
827
876
822
782
834
736
781
745
749
787
770
778
739
779
803
791
717
764
703
708
750
718
725
813
729
716
784
734
722
737
739
678
806
742
704
805
735
757
770
744
712
719
727
724
746
713
688
750
708
715
749
709
728
722
700
676
666
709
705
716
681
742
728
733
708
709
679
668
661
705
710
648
657
687
673
693
694
686
714
655
681
677
698
654
642
700
651
674
658
665
708
665
682
660
662
692
695
649
691
678
698
705
669
693
678
613
704
649
625
681
661
636
661
644
664
639
692
673
658
710
653
635
672
663
704
687
678
625
609
663
668
637
662
634
659
658
629
675
655
660
653
616
628
631
636
640
662
655
602
628
636
665
670
591
632
624
626
677
594
629
655
621
638
621
692
602
685
675
681
629
630
655
698
683
618
665
623
654
594
644
678
630
669
644
617
632
639
643
672
636
678
626
655
698
649
668
699
664
649
642
624
675
678
698
696
680
662
658
664
683
689
726
677
746
644
705
719
688
658
749
628
697
726
697
680
736
754
685
676
685
732
699
768
734
686
729
666
774
737
762
785
725
713
719
727
766
774
729
701
777
734
751
780
787
744
758
730
780
722
768
763
773
810
816
802
818
807
752
795
795
725
802
779
854
783
793
851
814
838
867
818
835
832
852
826
835
826
833
825
817
865
889
882
895
879
876
830
932
883
874
861
856
880
924
918
903
910
1030
904
933
888
915
965
898
1009
959
904
934
1020
960
998
981
956
926
1008
935
1037
1025
977
991
998
975
1123
1017
984
998
1005
1032
1030
1044
1037
1041
1053
1044
1048
1092
1046
1054
1077
1069
1095
1061
1078
1145
1067
1140
1075
1102
1135
1180
1156
1092
1129
1093
1135
1062
1164
1135
1138
1210
1162
1147
1169
1160
1137
1232
1240
1153
1201
1184
1229
1190
1250
1228
1186
1262
1196
1259
1199
1275
1225
1234
1241
1219
1259
1348
1204
1299
1268
1295
1264
1298
1253
1314
1273
1259
1368
1209
1283
1357
1287
1281
1350
1346
1361
1306
1355
1363
1284
1383
1374
1359
1329
1361
1374
1404
1430
1296
1305
1381
1371
1392
1423
1418
1423
1434
1404
1452
1428
1443
1425
1499
1367
1440
1453
1436
1487
1449
1478
1442
1468
1435
1485
1447
1429
1468
1528
1540
1479
1537
1487
1566
1553
1453
1573
1516
1453
1532
1594
1548
1513
1541
1572
1601
1498
1521
1530
1562
1588
1529
1630
1581
1592
1538
1605
1616
1623
1641
1637
1663
1683
1528
1583
1662
1682
1627
1667
1660
1665
1636
1708
1678
1725
1672
1710
1639
1618
1697
1628
1764
1712
1743
1758
1754
1704
1856
1707
1722
1787
1760
1756
1728
1742
1732
1797
1710
1809
1840
1834
1762
1772
1848
1799
1856
1808
1830
1888
1767
1877
1786
1834
1854
1827
1924
1865
1806
1979
1860
1857
1803
1902
1829
1895
1901
1873
1937
1954
1961
2002
1945
1983
1978
2009
1949
1921
1956
1981
1991
2015
1940
2046
1919
1959
1964
2039
1941
2003
2033
2013
2043
1977
1981
2072
2021
1990
2046
2095
2025
2113
2052
1978
2044
2078
1938
2063
2099
2090
1958
2063
2076
2066
2111
2128
2093
2114
2074
2084
2132
2187
2143
2103
2171
2135
2082
2120
2151
2112
2207
2065
2129
2228
2094
2170
2105
2158
2146
2203
2258
2194
2123
2137
2086
2212
2185
2219
2137
2132
2196
2297
2263
2163
2128
2150
2213
2220
2205
2159
2154
2105
2199
2258
2270
2252
2247
2256
2222
2314
2124
2174
2203
2183
2238
2216
2160
2180
2238
2265
2240
2213
2171
2210
2180
2199
2212
2188
2215
2267
2245
2278
2147
2144
2191
2147
2204
2239
2222
2225
2162
2106
2218
2123
2193
2245
2289
2149
2204
2260
2196
2201
2213
2102
2079
2290
2240
2184
2194
2134
2196
2209
2173
2102
2192
2207
2177
2139
2221
2176
2168
2162
2119
2205
2090
2175
2186
2163
2169
2159
2160
2133
2119
2118
2049
2165
2158
2108
2136
2099
2059
2060
2199
2094
2062
2080
2161
2014
2103
2034
1993
2023
2032
2096
2024
2023
2046
2068
1987
2092
2089
2017
2012
2087
2031
1933
2030
1969
2006
2034
2043
1988
2041
1958
1990
1904
1923
1983
2007
1991
1909
1938
1987
1997
1901
1927
1982
1908
1858
1982
1896
1879
1940
1957
1842
1920
1880
1850
1861
1783
1783
1831
1887
1933
1778
1871
1835
1844
1799
1869
1895
1779
1894
1786
1715
1842
1752
1708
1802
1736
1839
1722
1793
1808
1731
1722
1746
1702
1791
1665
1687
1783
1731
1653
1654
1680
1727
1649
1732
1658
1676
1689
1681
1642
1607
1682
1653
1530
1576
1667
1615
1591
1565
1520
1578
1669
1609
1576
1521
1496
1573
1538
1599
1506
1544
1500
1501
1512
1571
1538
1490
1494
1472
1456
1472
1484
1500
1523
1425
1476
1453
1370
1422
1414
1371
1396
1410
1431
1346
1386
1339
1445
1469
1355
1410
1353
1351
1363
1339
1377
1365
1375
1293
1327
1348
1405
1347
1368
1381
1319
1303
1316
1267
1292
1307
1303
1251
1258
1328
1273
1315
1321
1309
1226
1269
1298
1222
1210
1252
1191
1230
1169
1271
1203
1218
1277
1168
1230
1227
1231
1219
1158
1163
1150
1144
1125
1116
1162
1193
1187
1189
1192
1163
1120
1144
1125
1159
1065
1131
1092
1138
1081
1088
1079
1142
1051
1095
1039
1112
1082
1066
1048
1005
1107
1125
1058
1037
1070
1037
994
1072
987
1013
1013
997
952
1019
1029
1010
991
1017
994
992
1028
1050
961
1008
978
1006
1022
997
953
989
993
948
946
916
956
942
917
908
985
944
936
934
931
926
939
928
890
918
936
942
866
876
904
841
919
852
891
889
924
886
926
860
866
821
817
905
871
873
868
844
787
834
794
853
873
807
823
855
835
835
833
806
850
792
741
849
812
767
797
765
833
796
790
722
791
768
789
732
760
718
767
741
745
723
822
800
783
721
742
686
748
800
727
733
755
702
696
684
691
716
697
700
702
735
706
728
707
706
696
717
706
680
679
686
693
691
648
648
704
664
671
654
643
684
618
632
667
674
612
641
686
677
630
622
665
593
618
624
644
621
666
621
624
636
642
668
609
627
616
584
636
622
584
580
599
594
577
565
628
573
583
616
621
561
549
587
593
613
617
568
568
589
593
578
525
549
614
586
549
611
560
553
552
539
570
520
545
565
532
514
566
532
550
531
567
510
524
497
532
534
550
535
538
518
501
557
520
509
501
500
486
511
516
519
510
533
450
504
475
528
511
482
475
484
508
471
485
472
484
420
480
455
481
459
437
480
482
502
470
498
465
456
457
404
479
472
444
457
466
457
443
469
430
448
420
456
448
476
483
409
390
412
435
438
454
434
462
439
415
395
411
466
445
423
407
425
417
420
418
445
417
422
400
391
399
404
393
410
404
379
412
377
383
386
392
371
389
377
401
436
428
411
409
372
400
350
383
329
371
373
352
347
360
370
377
344
372
354
366
355
347
378
357
369
351
372
370
366
322
348
360
376
330
337
364
350
344
309
306
324
313
363
370
351
350
323
309
339
296
331
337
314
319
334
341
309
325
317
316
321
336
279
316
296
320
312
316
313
305
300
304
304
304
312
279
313
305
325
286
305
295
286
273
287
269
334
288
303
262
281
298
264
294
261
248
302
286
259
290
269
277
283
267
271
248
249
256
246
279
265
244
271
273
231
256
251
275
263
271
245
221
261
239
239
252
244
193
227
301
290
247
255
236
233
235
244
226
262
222
252
229
231
210
214
228
224
196
224
236
234
225
226
226
214
182
208
235
226
217
226
216
210
225
204
214
211
207
219
198
229
216
210
200
186
222
223
218
195
181
198
180
200
208
208
175
199
173
198
187
191
176
187
199
179
181
178
198
190
177
188
174
180
169
187
149
167
173
156
174
198
160
181
147
183
165
202
167
168
152
164
182
163
184
156
174
164
166
141
146
156
177
127
162
137
147
156
178
152
159
168
155
154
141
166
165
150
161
162
139
144
146
159
154
146
145
141
160
126
151
122
129
133
157
119
135
153
145
147
133
135
98
151
126
131
129
115
119
111
118
138
122
123
124
121
116
113
133
129
132
115
124
137
137
127
98
126
114
105
108
113
108
131
120
122
119
119
118
124
101
121
121
115
97
90
104
123
89
116
118
113
109
98
106
98
120
116
95
91
100
112
124
109
122
94
89
120
112
108
114
100
117
119
106
97
109
99
95
106
101
90
96
101
92
83
89
92
98
87
100
76
89
87
108
72
95
93
88
89
107
96
110
83
106
102
67
100
80
84
93
88
99
86
75
81
96
92
93
88
102
77
94
91
96
85
77
75
62
66
85
81
95
65
88
103
79
84
88
85
77
72
54
81
73
71
88
68
72
68
73
89
83
74
73
74
67
58
56
72
77
68
79
90
78
68
80
98
70
63
76
88
75
68
64
89
57
60
68
65
65
79
80
65
69
68
65
69
71
83
69
78
63
52
73
60
61
72
59
68
67
62
75
58
66
63
63
64
63
68
72
70
61
69
67
63
68
60
55
73
60
56
73
44
66
58
58
58
54
63
57
71
68
58
47
57
62
62
50
55
57
57
67
55
50
62
57
61
67
55
61
54
51
54
48
53
57
55
56
55
64
56
48
51
45
51
54
43
38
60
56
52
56
51
46
47
45
37
42
58
48
49
45
50
47
53
47
58
55
51
49
42
51
53
45
51
48
47
41
58
44
45
54
51
53
50
51
57
47
44
42
51
47
58
66
49
39
57
38
46
42
48
35
56
37
32
58
43
44
62
35
51
48
42
36
42
52
43
42
40
42
47
38
39
56
47
58
40
49
38
37
48
36
46
50
43
51
31
33
53
55
46
37
26
46
38
39
32
35
49
49
50
42
43
39
34
36
45
38
39
44
34
37
34
43
42
27
42
40
50
39
42
40
32
40
34
47
34
44
41
42
32
33
39
34
44
29
35
30
41
27
40
33
30
43
28
44
31
40
37
27
26
26
31
38
45
33
39
36
41
43
34
33
37
32
34
30
35
30
35
35
26
25
33
27
36
36
29
33
38
22
32
31
31
35
39
30
26
27
33
32
38
27
38
22
22
39
35
30
25
29
26
25
22
33
38
27
44
29
35
35
22
27
38
31
33
32
23
31
30
29
34
31
42
31
28
24
30
23
22
36
27
30
22
24
33
29
24
35
27
30
30
22
30
25
30
25
21
22
21
27
30
31
20
24
21
23
26
24
23
28
28
33
19
30
21
27
29
31
26
24
18
23
18
28
21
25
26
18
32
23
17
28
32
27
36
20
29
17
24
29
27
19
19
26
24
28
21
25
24
19
24
28
28
16
23
20
27
28
26
27
25
34
20
22
18
21
25
20
28
26
28
32
25
27
20
29
27
17
15
34
27
25
24
22
23
16
19
23
24
22
21
18
12
21
25
14
21
18
21
20
21
18
20
23
22
21
23
19
20
16
16
23
18
17
21
15
27
9
18
16
18
25
15
17
14
22
25
20
10
24
17
22
14
16
16
24
24
17
14
13
22
19
20
21
22
20
17
18
21
19
21
15
19
25
24
10
21
18
13
21
17
11
25
16
21
18
19
25
17
18
21
26
19
17
16
19
14
14
16
18
24
22
15
19
20
15
22
11
13
15
16
16
19
11
12
18
19
21
15
16
22
14
20
8
12
13
17
15
16
16
14
17
13
11
19
12
13
12
27
14
15
19
9
10
14
15
12
13
14
14
7
17
15
15
19
12
16
16
10
24
19
14
16
12
17
8
17
17
16
14
9
16
14
15
17
19
17
18
12
17
19
19
23
21
11
18
16
8
8
21
14
22
15
14
12
11
10
18
11
16
11
11
20
12
16
10
14
17
17
14
14
6
13
15
15
12
12
11
19
15
7
13
13
13
14
15
27
14
15
16
15
14
14
17
18
12
13
16
18
14
17
13
12
14
10
19
19
11
16
7
12
18
15
8
10
18
16
12
15
8
13
16
12
13
14
12
11
13
4
21
14
9
15
14
14
9
8
14
19
15
14
18
16
12
10
11
12
14
13
18
13
5
14
14
9
15
18
13
11
17
15
9
11
17
12
17
8
15
18
13
9
14
11
11
16
19
11
11
8
13
16
11
19
11
13
14
12
11
9
11
7
20
11
8
7
16
6
14
10
15
11
9
8
13
16
9
15
7
11
16
13
15
7
13
17
14
16
15
15
6
20
12
14
17
8
11
12
14
10
4
12
12
12
12
10
13
7
11
9
7
13
7
10
13
6
12
10
8
7
21
7
12
9
12
7
17
13
12
12
17
15
6
8
3
11
14
13
8
13
6
10
10
7
18
9
11
15
8
8
11
9
13
7
8
12
9
12
10
7
11
10
5
7
10
7
7
13
9
9
7
16
14
11
8
16
4
9
8
12
7
16
5
13
8
6
15
8
9
10
9
6
12
13
3
8
7
7
13
9
6
9
9
9
9
6
8
8
8
8
10
9
14
11
11
4
16
8
10
8
10
13
12
10
10
11
8
6
9
13
14
6
11
8
6
3
13
7
5
8
9
14
9
8
7
4
8
6
7
11
6
14
4
9
6
10
8
8
10
11
7
6
10
10
14
8
7
6
9
7
3
9
8
4
9
9
10
9
3
9
13
7
9
9
10
12
9
2
11
9
7
7
10
10
5
6
5
13
13
4
10
3
12
7
9
2
4
14
9
5
5
9
14
8
6
6
13
8
6
11
13
10
12
5
12
11
11
5
7
9
5
7
4
7
6
6
5
5
6
5
8
4
3
9
8
4
5
9
7
5
7
7
4
7
9
7
7
5
5
7
7
6
7
8
9
4
7
8
1
8
5
12
9
8
6
7
13
9
3
11
9
7
8
6
5
8
4
5
6
7
5
7
8
10
4
12
7
10
8
4
9
8
8
5
9
12
7
10
3
3
3
6
7
8
11
12
4
5
7
7
8
10
11
6
11
4
10
4
8
8
2
4
5
6
6
2
6
4
3
7
9
9
6
8
6
6
4
12
9
9
8
8
7
7
6
6
10
6
8
8
7
6
7
5
6
8
6
3
7
3
3
11
6
7
5
8
2
5
3
2
5
5
4
9
6
4
7
4
7
2
8
9
2
5
4
6
7
3
9
11
8
6
6
11
4
2
3
0
6
4
5
8
6
6
2
6
7
4
3
3
6
11
4
5
9
7
5
3
1
11
3
5
5
7
5
4
3
4
3
3
2
1
4
5
6
2
5
5
2
5
5
5
6
6
7
7
3
6
4
4
9
2
4
9
6
8
3
4
7
3
6
7
4
4
6
3
5
6
5
0
5
4
3
5
5
6
1
2
8
4
7
6
4
7
4
4
6
2
2
4
9
5
4
5
3
6
4
7
10
3
2
6
7
5
2
2
7
5
5
5
10
3
5
4
5
4
7
10
9
4
2
9
7
3
5
4
1
3
3
4
4
7
5
7
3
7
6
3
4
7
4
5
3
6
4
4
8
4
3
3
3
2
6
3
4
6
3
3
5
4
7
2
6
2
5
2
9
9
7
1
3
4
5
8
5
9
7
4
4
7
3
4
6
0
7
2
6
1
5
4
7
5
5
3
5
8
2
4
2
3
6
5
1
7
6
3
0
2
4
5
5
3
3
3
2
6
3
0
3
2
4
2
5
4
5
3
7
3
2
10
3
5
4
5
3
3
1
4
7
4
2
4
4
3
5
5
1
5
6
4
1
0
6
1
2
4
2
2
0
6
2
2
0
1
1
5
3
2
3
1
2
3
3
6
7
4
3
5
3
6
7
3
3
3
2
4
4
0
3
1
3
6
3
5
5
2
2
5
3
5
2
3
4
8
1
3
5
2
4
2
4
3
2
8
2
3
6
1
2
9
1
2
4
2
4
3
2
5
4
1
4
1
4
6
3
4
6
8
1
4
3
2
3
6
5
7
2
3
3
3
1
4
2
1
0
4
2
5
3
4
2
3
3
0
6
3
4
1
3
4
4
5
2
4
3
1
6
6
4
1
3
1
0
2
4
8
0
3
3
4
6
2
0
2
3
2
1
4
1
5
0
1
5
0
6
0
4
3
3
2
4
2
4
1
1
4
2
0
0
2
2
2
3
2
5
5
3
2
1
0
3
3
4
2
2
2
2
6
3
2
1
3
1
4
2
1
2
1
1
1
1
4
0
4
0
2
3
1
3
2
4
3
5
4
0
2
4
6
4
1
5
4
1
2
5
2
5
4
2
1
3
3
1
3
2
3
4
5
0
4
0
4
2
3
6
3
2
1
0
3
1
0
3
3
2
0
2
4
2
2
2
3
1
1
6
2
3
1
4
1
2
2
4
3
2
3
2
4
3
4
0
2
3
1
1
1
1
1
2
4
0
3
6
2
5
4
2
1
2
2
3
2
2
5
3
4
2
2
3
0
1
1
2
3
5
2
1
0
2
0
0
4
4
2
3
1
2
1
4
0
2
0
2
1
2
2
0
1
2
4
4
3
4
3
2
1
2
3
6
1
2
3
1
3
2
1
2
2
2
3
4
1
1
1
2
2
2
0
2
2
1
2
2
1
1
4
2
2
2
1
3
2
1
1
4
0
2
1
1
1
2
5
1
2
5
1
3
1
2
1
1
0
2
3
1
1
5
2
2
1
0
2
1
1
6
1
2
3
1
5
2
6
2
1
1
1
1
1
0
0
3
2
0
1
3
1
1
2
4
1
2
0
0
1
2
1
2
2
1
0
2
2
2
2
1
1
1
2
0
2
2
2
1
1
0
0
1
2
1
1
4
0
0
0
1
1
2
1
2
4
1
2
0
0
1
0
1
0
1
2
1
2
4
4
4
1
0
1
1
2
3
0
2
1
3
4
3
0
2
2
0
0
0
1
3
1
2
1
0
1
3
0
1
1
3
1
1
1
0
1
0
2
3
3
2
1
1
3
2
0
1
0
4
0
0
0
0
0
3
0
2
4
2
3
0
1
1
0
2
1
2
1
1
2
1
0
1
0
2
0
0
3
1
1
1
0
1
2
0
0
0
1
2
0
3
4
2
2
0
4
2
0
1
1
0
1
1
3
1
1
1
0
0
1
1
0
0
1
2
1
1
0
0
0
2
0
2
1
1
1
0
4
1
1
0
0
1
0
3
1
0
0
3
1
0
1
0
0
1
0
3
2
3
2
1
1
2
2
1
1
1
2
0
2
0
1
0
1
0
2
0
1
0
1
3
1
0
1
0
0
0
1
1
1
1
3
4
1
2
0
1
2
1
0
1
1
1
1
0
1
2
2
1
1
1
2
0
1
0
0
1
1
1
0
0
1
1
0
1
0
3
2
1
0
1
1
0
0
0
0
0
1
0
1
1
1
1
1
1
2
0
0
2
0
2
0
0
2
4
0
1
0
1
0
3
1
0
0
0
0
2
2
0
1
0
2
0
1
1
1
0
2
2
0
2
0
0
1
0
0
2
0
1
0
0
1
0
2
0
1
0
0
2
0
0
1
2
1
2
3
1
1
2
0
0
0
0
1
1
0
1
1
1
3
0
0
1
0
0
2
0
1
0
1
0
0
1
1
0
0
0
0
0
1
0
0
0
1
1
0
2
0
2
1
1
0
1
0
0
1
1
0
0
0
2
0
2
0
0
3
0
1
1
1
1
0
0
1
0
3
0
0
0
2
0
1
0
1
0
0
0
1
1
1
1
0
1
2
0
0
1
1
0
0
0
0
1
0
2
1
0
3
0
2
0
1
2
2
0
0
1
1
1
0
1
1
0
0
0
2
0
0
0
1
1
1
1
1
0
1
1
0
0
1
2
1
0
0
1
0
1
0
1
0
2
0
0
1
0
1
1
1
0
1
0
2
1
1
3
2
0
0
1
3
1
0
0
0
0
1
0
1
0
0
2
0
0
1
3
0
2
1
0
0
1
0
1
0
0
0
1
0
0
1
1
0
0
0
1
1
1
0
0
0
0
1
2
0
0
0
1
0
0
0
0
0
0
0
1
2
1
1
0
0
0
0
0
2
2
0
0
0
3
0
0
1
0
0
0
0
0
0
0
0
0
0
0
1
0
0
0
1
0
0
0
0
0
0
0
1
0
0
0
1
1
0
1
0
0
0
1
0
0
0
1
0
0
2
0
0
1
1
1
0
0
0
0
0
1
0
1
0
0
0
0
0
1
0
0
2
0
0
0
0
0
0
0
0
0
0
0
1
2
1
1
0
0
0
0
1
0
0
0
2
0
0
0
1
0
0
0
1
0
0
0
1
0
0
0
0
0
0
0
0
0
0
0
0
0
0
0
0
0
0
0
0
0
0
0
0
0
1
0
0
0
0
0
0
0
0
1
1
0
1
0
1
1
0
0
0
0
0
0
0
1
0
1
1
0
0
0
0
1
1
0
0
0
0
0
1
0
1
0
0
0
0
0
0
0
0
0
0
0
1
0
0
0
0
0
1
0
0
1
0
0
0
0
0
0
0
0
0
0
0
0
0
0
0
1
1
0
0
0
1
0
0
0
0
0
0
0
1
0
0
0
0
1
1
0
0
0
2
1
0
0
0
0
0
0
0
0
0
0
0
0
0
0
0
0
0
0
0
1
0
1
0
1
1
0
0
1
0
0
0
0
0
0
0
0
0
0
0
0
1
0
1
0
0
0
0
0
1
0
0
1
0
0
0
0
1
1
0
0
0
0
0
0
0
0
0
1
0
0
0
1
0
0
0
0
0
0
0
0
0
0
0
0
0
0
0
0
0
0
0
0
0
0
0
0
0
0
1
1
0
0
0
0
0
0
0
0
0
0
0
0
0
0
0
0
0
0
1
0
0
0
1
0
0
0
0
0
1
0
0
1
1
0
0
0
0
0
0
1
0
0
0
0
0
0
0
2
0
0
0
0
0
0
0
0
0
0
0
0
0
0
0
0
0
0
0
0
0
1
0
1
1
1
0
0
0
0
0
0
0
0
0
0
0
0
0
0
0
0
0
0
1
0
0
0
0
0
0
1
0
0
0
0
0
0
0
1
0
0
0
0
0
0
0
0
0
0
0
0
0
0
0
0
0
0
0
0
0
0
0
0
0
0
0
0
0
0
0
1
0
0
0
0
0
1
0
0
0
0
0
0
1
0
0
0
0
1
0
0
0
0
0
0
0
0
0
0
0
0
1
0
0
0
0
0
0
0
0
2
0
0
0
0
0
0
0
0
0
0
1
0
0
0
1
0
0
0
0
0
0
0
0
0
0
0
0
0
0
0
0
0
1
0
1
0
0
0
0
0
0
0
0
0
0
0
0
0
0
0
0
0
0
0
1
0
0
0
0
1
0
0
0
0
0
0
0
0
0
0
0
0
0
0
0
0
0
0
0
0
0
0
0
1
0
0
0
0
1
0
0
0
0
0
0
0
0
0
0
0
0
0
0
0
0
0
0
1
0
0
0
0
0
0
0
0
0
0
0
0
0
0
0
0
1
0
0
0
0
0
0
0
0
2
0
0
0
0
0
0
0
0
0
0
0
0
0
0
0
0
0
0
0
0
0
0
0
0
0
0
0
0
0
0
0
0
0
0
0
1
0
0
0
0
0
0
0
0
0
0
0
0
0
0
0
0
0
0
0
0
1
0
0
0
0
0
0
0
0
0
0
0
0
0
0
0
0
0
0
0
0
0
1
0
0
0
0
0
0
0
0
0
0
0
0
0
0
0
0
0
0
0
0
0
0
0
1
0
0
0
0
0
0
0
0
0
0
0
0
0
0
0
0
0
0
0
0
0
0
0
0
0
0
0
0
0
0
0
0
0
0
0
0
0
0
0
0
0
0
0
0
0
0
0
0
0
0
0
0
0
1
0
0
0
0
0
0
0
0
0
0
0
0
0
0
0
0
0
0
0
0
0
0
0
0
0
0
0
0
0
0
0
0
0
0
0
0
0
0
0
0
0
1
0
0
0
0
0
0
0
0
0
0
0
0
0
0
0
0
0
0
0
0
0
0
0
0
0
0
0
0
0
0
0
0
0
0
0
0
0
0
0
0
0
0
0
0
0
0
0
0
0
0
0
0
0
0
0
0
0
0
0
1
0
0
0
0
0
0
0
0
0
0
0
0
0
0
0
0
0
0
0
0
0
0
0
0
0
0
0
0
0
0
0
0
0
0
1
0
0
0
0
0
0
0
0
0
0
0
0
0
0
0
0
0
0
0
0
0
0
0
0
0
0
1
0
0
0
0
0
0
0
0
0
0
0
0
0
0
0
0
0
0
0
0
0
0
0
0
0
0
0
0
0
0
0
0
0
0
0
0
0
0
0
0
0
0
0
0
0
0
0
0
0
0
0
0
0
0
0
0
0
0
0
0
0
0
0
0
0
0
0
0
0
0
0
0
0
0
0
1
0
0
0
0
0
0
0
0
0
0
0
0
0
0
0
0
0
0
0
0
0
0
0
0
0
0
0
0
0
0
0
0
0
0
0
0
0
0
0
0
0
0
0
0
0
0
0
0
0
0
0
0
0
0
0
0
0
0
0
0
0
0
0
0
0
0
0
0
0
0
0
0
0
0
0
0
0
0
0
0
0
0
0
0
0
0
0
0
0
0
0
0
0
0
0
0
0
0
0
0
0
0
0
0
0
0
0
0
0
0
0
0
0
0
0
0
0
0
0
0
0
0
0
0
0
0
0
0
0
0
0
0
0
0
0
0
0
0
0
0
0
0
0
0
0
0
0
0
0
0
0
0
0
0
0
0
0
0
0
0
0
0
0
0
0
0
0
0
0
0
0
0
0
0
0
0
0
0
0
0
0
0
0
0
0
0
0
0
0
0
0
0
0
0
0
0
0
0
0
0
0
0
0
0
0
0
0
0
0
0
0
0
0
0
0
0
0
0
0
0
0
0
0
0
0
0
0
0
0
0
0
0
0
0
0
0
0
0
0
0
0
0
0
0
0
0
0
0
0
0
0
0
0
0
0
0
0
0
0
0
0
0
0
0
0
1
0
0
0
0
0
0
0
0
0
0
0
0
0
0
0
0
0
0
0
0
0
0
0
0
0
0
0
0
0
0
0
0
0
0
0
0
0
0
0
0
0
0
0
0
0
0
0
0
0
0
0
0
0
0
0
0
0
0
0
0
0
0
0
0
0
0
0
0
0
0
0
0
0
0
0
0
0
0
0
0
0
0
0
0
0
0
0
0
0
0
0
0
0
0
0
0
0
0
0
0
0
0
0
0
0
0
0
0
0
0
0
0
0
0
0
0
0
0
0
0
0
0
0
0
0
0
0
0
0
0
0
0
0
0
0
0
0
0
0
0
0
0
0
0
0
0
0
0
0
0
0
0
0
0
0
0
0
0
0
0
0
0
0
0
0
0
0
0
0
0
0
0
0
0
0
0
0
0
0
0
0
0
0
0
0
0
0
0
0
0
0
0
0
0
0
0
0
0
0
0
0
0
0
0
0
0
0
0
0
0
0
0
0
0
0
0
0
0
0
0
0
0
0
0
0
0
0
0
0
0
0
0
0
0
0
0
0
0
0
0
0
0
0
0
0
0
0
0
0
0
0
0
0
0
0
0
0
0
0
0
0
0
0
0
0
0
0
0
0
0
0
0
0
0
0
0
0
0
0
0
0
0
0
0
0
0
0
0
0
0
0
0
0
0
0
0
0
0
0
0
0
0
0
0
0
0
0
0
0
0
0
0
0
0
0
0
0
0
0
0
0
0
0
0
0
0
0
0
0
0
0
0
0
0
0
0
0
0
0
0
0
0
0
0
0
0
0
0
0
0
0
0
0
0
0
0
0
0
0
0
0
0
0
0
0
0
0
0
0
0
0
0
0
0
0
0
0
0
0
0
0
0
0
0
0
0
0
0
0
0
0
0
0
0
0
0
0
0
0
0
0
0
0
0
0
0
0
0
0
0
0
0
0
0
0
0
0
0
0
0
0
0
0
0
0
0
0
0
0
0
0
0
0
0
0
0
0
0
0
0
0
0
0
0
0
0
0
0
0
1
0
0
0
0
0
0
0
0
0
0
0
0
0
0
0
0
0
0
0
0
0
0
0
0
0
0
0
0
0
0
0
0
0
0
0
0
0
0
0
0
0
0
0
0
0
0
0
0
0
0
0
0
0
0
0
0
0
0
0
0
0
0
0
0
0
0
0
0
0
0
0
0
0
0
0
0
0
0
0
0
0
0
0
0
0
0
0
0
0
0
0
0
0
0
0
0
0
0
0
0
0
0
0
0
0
0
0
0
0
0
0
0
0
0
0
0
0
0
0
0
0
0
0
0
0
0
0
0
0
0
0
0
0
0
0
0
0
0
0
0
0
0
0
0
0
0
0
0
0
0
0
0
0
0
0
0
0
0
0
0
0
0
0
0
0
0
0
0
0
0
0
0
0
0
0
0
0
0
0
0
0
0
0
0
0
0
0
0
0
0
0
0
0
0
0
0
0
0
0
0
0
0
0
0
0
0
0
0
0
0
0
0
0
0
0
0
0
0
0
0
0
0
0
0
0
0
0
0
0
0
0
0
0
0
0
0
0
0
0
0
0
0
0
0
0
0
0
0
0
0
0
0
0
0
0
0
0
0
0
0
0
0
0
0
0
0
0
0
0
0
0
0
0
0
0
0
0
0
0
0
0
0
0
0
0
0
0
0
0
0
0
0
0
0
0
0
0
0
0
0
0
0
0
0
0
0
0
0
0
0
0
0
0
0
0
0
0
0
0
0
0
0
0
0
0
0
0
0
0
0
0
0
0
0
0
0
0
0
0
0
0
0
0
0
0
0
0
0
0
0
0
0
0
0
0
0
0
0
0
0
0
0
0
0
0
0
0
0
0
0
0
0
0
0
0
0
0
0
0
0
0
0
0
0
0
0
0
0
0
0
0
0
0
0
0
0
0
0
0
0
0
0
0
0
0
0
0
0
0
0
0
0
0
0
0
0
0
0
0
0
0
0
0
0
0
0
0
0
0
0
0
0
0
0
0
0
0
0
0
0
0
0
0
0
0
0
0
0
0
0
0
0
0
0
0
0
0
0
0
0
0
0
0
0
0
0
0
0
0
0
0
0
0
0
0
0
0
0
1
0
0
0
0
0
0
0
0
0
0
0
0
0
0
0
0
0
0
0
0
0
0
0
0
0
0
0
0
0
0
0
0
0
0
0
0
0
0
0
0
0
0
0
0
0
0
0
0
0
0
0
0
0
0
0
0
0
0
0
0
0
0
0
0
0
0
0
0
0
0
0
0
0
0
0
0
0
0
0
0
0
0
0
0
0
0
0
0
0
0
0
0
0
0
0
0
0
0
0
0
0
0
0
0
0
0
0
0
0
0
0
0
0
0
0
0
0
0
0
0
0
0
0
0
0
0
0
0
0
0
0
0
0
0
0
0
0
0
0
0
0
1
0
0
0
0
0
0
0
0
0
0
0
0
0
0
0
0
0
0
0
0
0
0
0
0
0
0
0
0
0
0
0
0
0
0
0
0
0
0
0
0
0
0
0
0
0
0
0
0
0
0
0
0
0
0
0
0
0
0
0
0
0
0
0
0
0
0
0
0
0
0
0
0
0
0
1
0
0
0
0
0
0
0
0
1
0
0
0
0
0
0
0
0
0
0
0
0
0
0
0
0
0
0
0
0
0
0
0
0
0
0
0
0
0
0
0
0
0
0
0
0
0
0
0
0
0
0
0
0
0
0
0
0
0
0
0
0
0
0
0
0
0
0
0
0
0
0
0
0
0
0
0
0
0
0
0
0
0
0
0
0
0
0
0
0
0
0
0
0
0
0
0
0
0
0
0
0
0
0
0
0
0
0
0
0
0
0
0
0
0
0
0
0
0
0
0
0
0
0
0
0
0
0
0
0
0
0
0
0
0
0
0
0
0
0
0
0
0
0
0
0
0
0
0
0
0
0
0
0
0
0
0
0
0
0
0
0
0
0
0
0
0
0
0
0
0
0
0
0
0
0
0
0
0
0
0
0
0
1
0
0
0
0
0
0
0
0
0
0
0
0
0
0
0
0
0
0
0
0
0
0
0
0
0
0
0
0
0
0
0
0
0
0
0
0
0
0
0
0
0
0
0
0
0
0
0
0
0
0
0
0
0
0
0
0
0
0
0
0
0
0
0
0
0
0
0
0
0
0
0
0
0
0
0
0
0
0
0
0
0
0
0
0
0
0
0
0
0
0
0
0
0
0
0
0
0
0
0
0
0
0
0
0
0
0
0
0
0
0
0
0
0
0
0
0
0
0
0
0
0
0
0
0
0
0
0
0
0
0
0
0
0
0
0
0
0
0
0
0
0
0
0
0
0
0
0
0
0
0
0
0
0
0
0
0
0
0
0
0
0
0
0
0
0
0
0
0
0
0
0
0
0
0
0
0
0
0
0
0
0
0
0
0
0
0
0
0
0
0
0
0
0
0
0
0
0
0
0
0
0
0
0
0
0
0
0
0
0
0
0
0
0
0
0
0
0
0
0
0
0
0
0
0
0
0
0
0
0
0
0
0
0
0
0
0
0
0
0
0
0
0
0
0
0
0
0
0
0
0
0
0
0
0
0
0
0
0
0
0
0
0
0
0
0
0
0
0
0
0
0
0
0
0
0
0
0
0
0
0
0
0
0
0
0
0
0
0
0
0
0
0
0
0
0
0
0
0
0
0
0
0
0
0
0
0
0
0
0
0
0
0
0
0
0
0
0
0
0
0
0
0
0
0
0
0
0
0
0
0
0
0
0
0
0
0
0
0
0
0
0
0
0
0
0
0
0
0
0
0
0
0
0
0
0
0
0
0
0
0
0
0
0
0
0
0
0
0
0
0
0
0
0
0
0
0
0
0
0
0
0
0
0
0
0
0
0
0
0
0
0
0
0
0
0
0
0
0
0
0
0
0
0
0
0
0
0
0
0
0
0
0
0
0
0
0
0
0
0
0
0
0
0
0
0
0
0
0
0
0
0
0
0
0
0
0
0
0
0
0
0
0
0
0
0
0
0
0
0
0
0
0
0
0
0
0
0
0
0
0
0
0
0
0
0
0
0
0
0
0
0
0
0
0
0
0
0
0
0
0
0
0
0
0
0
0
0
0
0
0
0
0
0
0
0
0
0
0
0
0
0
0
0
0
0
0
0
0
0
0
0
0
0
0
0
0
0
0
0
0
0
0
0
0
0
0
0
0
0
0
0
0
0
0
0
0
0
0
0
0
0
0
0
0
0
0
0
0
0
0
0
0
0
0
0
0
0
0
0
0
0
0
0
0
0
0
0
0
0
0
0
0
0
0
0
0
0
0
0
0
0
0
0
0
0
0
0
0
0
0
0
0
0
0
0
0
0
0
0
0
0
0
0
0
0
0
0
0
0
0
0
0
0
0
0
0
0
0
0
0
0
0
0
0
0
0
0
0
0
0
0
0
0
0
0
0
0
0
0
0
0
0
0
0
0
0
0
0
0
0
0
0
