0
0
0
1
0
0
0
0
0
0
1
0
3
0
3
0
6
4
11
15
30
31
58
71
111
153
178
247
263
342
389
432
455
561
646
664
761
751
886
915
1052
1082
1145
1304
1369
1514
1648
1743
1912
1981
2050
2052
2183
2106
2204
2292
2353
2331
2400
2432
2505
2510
2553
2755
2610
2586
2697
2812
2795
2862
2821
2913
2981
2995
2997
3124
3100
3279
3197
3229
3314
3325
3466
3552
3589
3590
3588
3708
3772
3906
3862
3827
3996
3913
4035
4107
4155
4180
4385
4140
4422
4378
4468
4561
4605
4722
4780
4746
4846
4859
4903
4859
5025
5068
5041
5198
5234
5312
5372
5337
5557
5533
5464
5490
5500
5678
5772
5901
5806
5897
5965
5993
6112
5864
6027
6162
6483
6244
6304
6441
6329
6498
6572
6615
6638
6699
6626
6811
6636
6984
6708
6760
6814
6905
6791
6884
7000
6907
7139
6830
7114
7108
7048
7117
7068
7091
7171
7103
7139
7001
7081
7039
7177
7171
7208
7248
7306
7196
7334
7074
7254
7235
7222
7189
7137
7264
7264
7263
6979
7088
7132
7154
7088
7172
7118
7065
7111
7043
6986
6835
6972
6917
6870
6910
6863
6753
6711
6764
6706
6775
6596
6631
6620
6606
6526
6579
6594
6334
6275
6422
6367
6324
6331
6287
6197
6089
6091
6116
6105
6081
5989
6101
6172
5962
5887
6001
5754
5875
5744
5752
5721
5713
5580
5571
5627
5553
5722
5579
5445
5535
5611
5402
5601
5429
5418
5487
5367
5457
5352
5511
5301
5430
5279
5276
5401
5390
5180
5330
5216
5173
4971
5035
4919
4921
4629
4615
4454
4282
4275
4068
3941
3719
3763
3677
3560
3479
3400
3245
3220
3243
3131
3136
3062
2986
3040
2966
3030
3015
2982
2927
2902
2796
2860
2789
2924
2795
2699
2785
2782
2687
2721
2649
2652
2596
2495
2560
2532
2609
2450
2414
2458
2412
2412
2375
2324
2322
2272
2318
2278
2347
2326
2238
2180
2214
2213
2183
2136
2152
2237
2055
2034
2077
2039
2064
2171
2005
2131
1949
1954
1948
2044
1930
1895
1944
1872
1897
1895
1856
1853
1873
1735
1819
1791
1792
1781
1756
1738
1719
1699
1747
1668
1677
1716
1601
1684
1611
1595
1602
1614
1590
1592
1548
1619
1550
1572
1562
1475
1518
1560
1466
1483
1522
1508
1466
1445
1430
1441
1445
1441
1489
1458
1439
1375
1393
1431
1394
1328
1415
1374
1368
1371
1336
1325
1380
1335
1360
1337
1336
1341
1292
1270
1301
1311
1248
1202
1222
1242
1249
1234
1179
1245
1183
1235
1218
1185
1156
1227
1153
1176
1136
1110
1165
1118
1184
1179
1110
1136
1195
1135
1107
1137
1151
1089
1095
1094
1049
1069
1099
1105
1102
1103
1141
1067
1126
1081
1086
1054
1060
1115
1065
996
1066
1033
1002
1040
1029
1074
981
1029
1017
1005
967
1040
1045
967
1025
1000
998
982
995
987
1018
970
976
998
997
970
931
966
944
946
948
977
964
945
911
935
918
910
929
963
896
877
918
933
918
916
937
867
907
901
906
916
923
895
871
882
909
937
846
932
864
803
814
904
855
876
903
864
862
870
894
843
810
833
916
796
831
861
861
806
815
862
814
785
898
838
805
851
841
791
830
795
828
865
808
879
838
784
827
811
827
785
804
806
809
778
784
786
782
800
779
788
779
765
790
762
766
762
778
717
750
763
764
745
758
788
762
734
757
751
713
760
782
756
763
736
740
785
748
784
787
787
708
687
747
745
710
706
725
688
696
744
720
741
667
736
734
707
651
644
751
722
698
674
728
702
757
681
706
688
739
746
709
667
715
713
705
704
666
683
648
662
690
724
701
678
698
724
635
665
724
656
663
729
671
631
671
711
681
685
695
641
713
691
691
634
665
663
658
721
679
658
683
665
660
680
662
666
666
640
711
634
660
674
726
663
652
706
641
681
632
651
670
661
638
656
654
670
632
640
662
655
706
711
655
637
627
670
693
570
668
645
691
692
706
687
710
678
680
639
680
634
701
654
668
659
679
626
693
665
681
699
678
705
667
670
715
637
665
646
662
667
670
637
660
669
686
703
699
682
707
715
665
649
705
691
685
631
727
658
685
683
749
690
688
775
670
677
688
686
691
682
738
723
710
630
665
679
714
695
674
713
742
752
704
696
731
700
706
725
749
736
716
745
769
716
724
746
677
755
749
745
727
720
771
753
753
703
812
744
766
747
712
779
775
834
765
722
810
778
750
769
761
803
780
846
768
778
809
798
803
789
810
797
812
792
819
824
837
828
807
884
822
809
738
827
786
828
824
796
792
838
809
890
852
842
856
844
834
916
830
895
839
869
884
843
869
892
835
857
866
880
873
923
885
931
875
918
921
886
901
919
919
1020
889
940
941
962
947
908
971
949
951
940
975
944
912
961
1004
988
981
954
919
985
997
1025
986
983
997
980
989
927
998
1011
1026
1044
1028
1011
999
1074
1088
1015
1035
1061
1083
1022
1013
1043
1040
1077
1041
1058
1068
1057
1082
1076
1041
1039
1095
1131
1092
1117
1095
1080
1127
1131
1134
1102
1108
1123
1157
1121
1161
1115
1118
1164
1130
1199
1164
1174
1168
1237
1167
1160
1140
1185
1217
1141
1230
1182
1235
1203
1270
1176
1129
1299
1231
1212
1195
1243
1206
1238
1236
1253
1219
1233
1277
1307
1234
1235
1295
1237
1321
1287
1347
1312
1255
1267
1315
1301
1267
1240
1304
1377
1295
1331
1362
1319
1289
1303
1311
1312
1357
1335
1293
1371
1358
1400
1330
1386
1305
1429
1321
1374
1482
1421
1389
1427
1441
1443
1384
1354
1371
1407
1495
1421
1396
1434
1465
1388
1494
1423
1465
1442
1458
1496
1427
1455
1473
1515
1455
1437
1448
1405
1537
1393
1526
1554
1481
1434
1440
1541
1447
1528
1485
1491
1460
1518
1498
1551
1601
1472
1569
1557
1536
1494
1537
1555
1640
1575
1619
1595
1591
1641
1560
1554
1569
1618
1605
1657
1553
1597
1611
1614
1589
1641
1648
1631
1601
1611
1634
1641
1660
1677
1694
1610
1614
1610
1655
1589
1687
1639
1644
1714
1640
1594
1639
1633
1661
1676
1681
1682
1705
1692
1703
1740
1677
1682
1672
1666
1732
1636
1706
1730
1813
1730
1716
1810
1824
1681
1730
1725
1862
1714
1773
1843
1720
1825
1762
1760
1800
1855
1732
1786
1780
1733
1750
1781
1796
1847
1781
1745
1832
1802
1846
1854
1822
1788
1822
1846
1870
1840
1867
1822
1807
1828
1811
1813
1864
1827
1816
1776
1895
1884
1908
1850
1803
1859
1799
1773
1908
1872
1759
1779
1864
1874
1995
1812
1844
1855
1924
1956
1858
1849
1909
1855
1892
1892
1848
1941
1869
2001
1846
1892
1938
1905
1931
1860
1876
1940
1823
1951
1969
2000
1954
1853
1921
1974
1869
1890
1910
1882
1935
1948
1860
1903
1936
1940
1961
1911
1928
1942
1850
1903
1993
1951
1972
1906
1953
1932
1944
1907
1890
1920
1925
1896
1946
1891
1937
1979
1815
1866
1891
1872
1957
1984
1872
1924
1949
1881
1925
1892
1863
1912
1852
1812
1869
1865
1883
1880
1866
1875
1858
1878
1838
1883
1956
1901
1841
1874
1903
1894
1909
1921
1831
1859
1810
1986
1908
1895
1873
1902
1828
1874
1802
1931
1875
1908
1875
1902
1799
1847
1897
1896
1813
1883
1892
1921
1884
1876
1821
1870
1797
1801
1856
1863
1885
1855
1832
1897
1811
1890
1906
1893
1829
1828
1852
1734
1818
1789
1733
1813
1844
1770
1792
1813
1771
1824
1764
1819
1787
1760
1751
1791
1697
1786
1752
1740
1747
1792
1784
1676
1811
1698
1812
1737
1733
1737
1681
1713
1705
1687
1733
1669
1708
1687
1742
1642
1680
1685
1612
1646
1743
1603
1664
1651
1615
1735
1667
1707
1802
1681
1747
1691
1653
1613
1660
1666
1613
1734
1637
1660
1575
1673
1606
1608
1598
1539
1661
1505
1606
1609
1602
1646
1527
1591
1601
1605
1553
1502
1591
1567
1561
1519
1543
1480
1554
1519
1480
1528
1492
1579
1486
1536
1507
1535
1473
1529
1573
1448
1497
1531
1449
1430
1456
1476
1414
1468
1448
1516
1416
1434
1505
1501
1443
1476
1476
1496
1448
1368
1423
1440
1413
1511
1386
1407
1436
1447
1406
1400
1435
1383
1432
1335
1316
1322
1333
1312
1376
1401
1287
1313
1355
1355
1345
1276
1361
1280
1347
1324
1242
1310
1290
1277
1296
1245
1325
1355
1287
1183
1299
1328
1286
1274
1234
1295
1307
1180
1289
1281
1215
1275
1171
1158
1195
1283
1237
1210
1233
1178
1225
1200
1242
1187
1176
1194
1146
1215
1198
1203
1155
1197
1156
1171
1135
1166
1192
1168
1166
1151
1160
1161
1150
1097
1102
1067
1173
1062
1110
1071
1081
1165
1096
1069
1076
1123
1042
1038
1015
1123
1122
1049
1112
1059
1050
1093
1054
1025
1031
1056
1066
1101
1029
1044
1006
962
1093
1005
975
1038
975
1037
1008
993
983
993
1003
1013
966
967
953
1011
1010
944
990
962
995
997
968
963
956
937
940
998
894
950
982
868
951
962
931
913
935
912
946
911
944
930
944
961
938
941
822
915
894
884
952
920
916
873
838
876
890
852
788
857
907
848
840
889
803
836
884
839
873
872
811
794
847
826
858
829
829
847
848
816
814
808
819
819
796
815
854
809
874
800
838
804
812
819
785
783
804
786
767
833
765
756
827
792
737
758
746
761
696
729
745
729
729
800
777
747
748
710
705
744
758
680
724
718
672
733
723
736
697
729
708
714
689
699
679
653
668
707
725
713
667
727
682
672
743
698
691
671
677
669
676
615
639
664
672
642
614
684
680
700
657
627
630
659
636
637
697
663
664
654
608
651
649
618
638
657
646
622
650
634
656
597
615
642
638
569
564
647
648
638
609
611
600
575
596
606
609
541
643
644
586
607
562
584
609
609
586
590
567
586
604
578
644
578
581
569
570
508
604
600
542
566
598
557
610
558
565
564
526
533
542
529
525
572
519
520
559
531
498
555
505
525
557
580
554
535
512
521
532
509
534
518
499
528
486
511
551
484
465
487
458
486
503
509
471
499
489
484
505
486
511
508
487
478
444
498
515
434
496
446
497
493
485
470
459
471
446
412
457
490
472
456
492
417
467
466
492
468
454
448
434
469
473
448
429
449
410
494
413
431
446
446
396
440
436
472
418
434
389
466
450
430
444
397
436
410
388
420
458
406
420
398
472
387
447
395
404
397
407
408
362
396
382
418
406
377
387
373
418
418
379
398
409
391
395
395
355
407
389
405
417
378
371
369
389
401
358
367
344
384
374
354
382
361
364
355
353
374
362
355
386
338
363
368
334
336
331
369
361
353
354
316
332
358
345
348
326
338
288
353
331
359
328
339
355
327
324
343
303
309
315
330
359
314
334
371
309
332
292
312
339
347
301
335
304
320
336
308
312
303
308
327
320
322
263
311
314
301
306
308
295
311
309
297
342
268
306
311
287
276
307
274
267
256
249
277
262
269
281
271
297
301
293
294
252
260
285
269
263
276
273
271
299
272
285
266
265
255
264
267
255
254
243
287
252
239
256
256
270
256
248
226
238
216
224
260
221
259
247
244
240
236
227
273
271
233
227
237
229
226
230
236
220
241
210
236
241
226
226
227
192
214
228
237
222
217
226
211
204
215
226
206
243
235
229
207
199
202
214
211
215
217
229
207
202
203
214
213
231
221
226
216
202
220
186
212
240
193
218
226
212
191
221
185
212
199
194
197
179
179
212
197
180
197
179
201
166
184
190
173
183
186
174
205
184
171
191
165
173
159
202
180
182
199
182
176
174
181
175
203
186
169
158
181
155
141
169
167
181
172
167
172
160
162
171
163
178
158
149
170
174
159
153
149
178
136
151
145
160
160
154
160
148
133
153
153
163
147
156
151
147
152
157
157
119
117
147
163
151
144
149
135
145
135
144
134
139
135
129
153
124
144
158
125
127
135
142
134
130
127
134
119
152
145
116
137
127
139
135
140
122
142
133
135
115
116
132
145
118
131
122
120
129
127
112
114
121
118
134
123
127
121
118
150
114
125
113
116
130
121
115
138
120
122
109
124
120
107
120
114
115
118
121
130
105
134
128
108
115
123
98
107
104
116
111
106
105
110
120
104
120
111
98
113
110
113
100
93
102
116
101
128
96
87
102
112
108
113
94
108
103
101
116
122
97
111
111
95
103
100
97
106
115
103
107
105
93
93
102
92
100
100
85
89
97
90
92
94
110
91
90
105
94
97
80
106
93
78
91
108
97
99
82
99
91
89
104
79
86
90
89
81
92
85
95
82
90
94
90
79
93
84
75
89
92
75
66
91
83
70
85
85
86
74
101
71
79
85
88
93
85
75
89
79
78
80
78
91
72
88
63
78
71
72
93
83
91
73
91
86
77
77
65
73
93
79
64
62
70
79
70
62
79
82
74
61
69
74
81
81
72
75
91
82
82
79
64
68
62
67
75
68
62
71
75
85
77
76
90
70
76
75
67
71
63
71
60
66
70
68
75
63
61
66
58
55
73
57
74
62
52
80
60
81
60
65
62
60
61
83
67
66
65
59
60
61
58
68
57
58
65
62
66
55
68
58
59
59
59
56
72
64
64
64
62
59
69
61
72
67
49
59
60
61
56
64
66
66
60
63
59
60
57
64
46
72
52
64
57
53
54
55
45
52
50
68
41
49
55
68
61
55
60
60
59
65
61
58
51
57
64
53
59
62
51
60
61
52
60
56
46
52
59
36
54
59
51
58
56
62
49
58
52
57
51
58
51
47
60
52
50
51
53
47
54
61
33
45
48
52
50
39
56
54
51
49
53
54
50
34
54
54
52
48
65
51
36
40
50
49
57
55
62
44
55
45
56
53
49
55
43
53
35
62
31
50
41
49
54
51
45
57
48
46
37
43
37
40
50
42
35
45
39
35
44
40
54
47
56
45
58
30
43
31
42
35
38
36
38
36
38
40
36
29
48
38
43
41
42
43
38
43
36
37
38
39
40
50
44
48
34
43
43
43
41
46
52
39
41
47
35
40
39
44
30
27
45
47
47
37
51
40
35
42
34
43
52
48
43
44
35
33
37
32
20
37
43
38
28
46
38
28
39
42
35
39
35
38
47
30
38
37
39
25
31
37
28
26
28
42
33
29
35
47
43
40
35
56
31
36
25
41
37
30
38
41
34
23
39
38
33
31
32
31
38
39
26
37
26
34
33
36
29
34
37
37
31
38
34
38
26
30
26
28
29
28
35
24
19
31
20
29
34
33
22
29
34
39
29
42
38
33
30
38
30
30
28
30
16
30
22
38
32
21
34
44
35
30
33
23
26
32
25
32
30
23
37
33
25
29
21
22
30
18
23
29
31
30
34
26
22
29
25
20
31
19
31
26
19
25
22
36
23
31
20
29
29
30
28
28
25
19
27
20
32
35
35
32
16
25
27
26
21
23
28
26
27
32
28
23
23
14
25
31
35
22
34
26
26
25
29
18
20
15
17
20
24
27
23
32
25
24
21
25
22
32
27
31
26
33
23
28
26
22
19
22
23
26
23
23
19
25
24
33
20
26
24
20
33
21
22
24
26
24
34
30
18
15
22
19
20
23
21
20
20
28
16
22
19
22
19
23
20
26
22
22
25
17
25
24
21
13
15
19
18
21
15
12
29
29
20
21
29
21
19
16
25
19
21
24
14
15
20
21
21
15
26
22
28
22
27
23
15
18
18
17
27
19
18
19
24
15
17
29
25
25
17
18
16
24
30
20
15
25
21
19
20
12
17
26
15
22
19
18
17
21
17
18
22
20
27
16
20
17
15
12
15
14
15
14
22
17
16
12
24
13
19
18
16
16
24
22
22
13
12
20
17
21
20
15
16
17
20
15
23
24
18
13
17
9
18
16
23
15
17
25
12
23
22
15
20
14
21
11
14
24
19
20
22
16
19
20
17
29
14
15
14
14
22
19
13
20
11
18
18
16
26
16
17
15
18
16
12
22
15
12
22
18
14
19
15
12
18
25
16
15
25
18
19
15
15
16
13
12
14
17
13
16
16
12
13
20
20
20
14
21
16
19
18
20
17
19
15
11
11
8
11
10
18
16
6
20
16
17
11
13
9
16
11
16
20
21
17
13
15
14
15
17
12
17
18
11
17
16
17
14
14
15
20
14
17
19
8
11
14
18
16
13
18
10
7
12
11
9
15
10
15
16
12
16
13
5
16
13
12
13
15
14
9
9
10
15
19
17
14
15
16
10
14
14
16
17
14
10
13
12
17
14
16
12
8
13
18
12
14
15
20
14
10
13
15
14
17
12
13
17
16
17
14
10
18
11
13
15
10
16
13
14
12
12
15
17
15
9
17
9
13
21
17
10
8
14
7
10
13
12
19
11
12
16
8
11
10
10
13
14
13
8
17
14
12
21
12
10
16
15
14
12
12
10
9
10
15
11
15
11
16
16
14
11
12
12
18
9
12
5
12
16
15
15
12
18
10
9
13
13
10
10
16
10
11
14
12
13
15
11
7
11
8
8
11
13
9
4
13
12
13
12
12
19
17
20
14
10
15
10
11
9
11
21
10
10
11
6
13
10
10
12
12
13
10
13
12
7
12
7
13
13
15
12
12
13
15
12
17
13
15
12
10
8
14
13
15
17
15
11
13
12
10
8
11
14
9
12
9
12
12
7
12
9
12
11
12
10
11
10
10
4
10
8
8
10
10
9
10
17
14
11
15
12
13
14
9
9
17
13
10
17
15
18
12
15
13
15
11
10
18
6
6
10
13
16
8
10
9
9
15
12
7
7
7
11
9
8
11
12
10
12
16
9
8
16
7
8
15
11
9
3
12
13
10
12
11
11
7
8
14
8
13
9
8
7
10
5
6
15
10
8
10
11
12
7
8
13
15
13
13
11
21
11
12
10
14
10
13
16
8
9
11
13
14
8
9
10
5
11
6
11
8
10
14
9
7
14
7
3
11
9
16
12
11
12
12
7
10
10
10
10
12
9
11
18
9
8
8
12
4
6
10
7
12
10
19
11
10
6
6
10
9
6
10
12
7
7
15
15
5
10
9
7
8
8
9
8
6
10
9
11
13
8
6
15
8
5
7
9
7
9
6
11
12
10
7
15
12
7
8
10
8
9
11
13
13
6
11
10
17
11
10
10
7
12
10
10
3
7
10
8
5
5
11
9
14
13
10
7
7
10
9
13
9
9
4
9
4
11
17
5
7
8
5
10
9
10
7
4
6
10
12
8
9
13
4
10
9
4
10
8
9
8
6
10
6
4
7
9
8
7
6
11
6
12
4
10
12
12
7
8
10
10
9
11
8
12
5
4
9
7
7
8
5
8
11
10
9
7
6
7
6
8
14
6
8
4
9
3
9
11
5
7
9
6
8
10
5
5
10
14
5
8
8
9
13
5
10
8
9
13
6
6
6
12
9
5
6
7
5
4
14
7
7
4
8
9
7
3
9
9
5
8
5
5
10
4
7
6
5
10
10
11
5
12
8
10
8
10
6
3
8
8
5
5
8
7
8
7
12
10
8
2
8
8
7
7
7
3
7
13
8
7
8
10
4
7
4
13
9
7
4
12
7
14
3
7
1
10
7
7
2
8
2
10
5
10
8
5
4
11
4
12
6
5
4
19
4
9
5
10
7
3
7
11
7
11
11
5
5
6
6
5
8
8
14
10
4
4
4
10
4
5
4
8
5
9
6
5
3
7
7
6
4
5
5
5
9
9
6
6
8
7
5
7
13
7
4
7
3
11
8
6
4
10
7
6
8
7
6
7
9
8
4
5
5
7
7
8
10
7
10
4
4
5
8
7
4
5
9
3
4
5
8
5
6
6
6
2
6
8
9
7
10
7
9
4
4
6
2
8
7
4
7
5
3
9
9
4
6
5
8
7
7
5
5
4
4
5
6
4
7
10
4
3
2
3
10
6
8
4
2
2
7
8
4
5
7
6
8
5
3
7
8
6
4
3
6
1
2
6
4
2
6
7
9
5
4
3
5
4
3
3
4
5
5
12
4
2
1
6
5
4
7
4
4
3
5
6
4
5
4
5
6
5
2
4
7
11
7
9
4
6
4
4
4
2
3
4
6
3
5
9
8
6
2
6
9
4
2
5
8
5
6
6
6
3
4
5
3
4
2
3
3
2
6
2
6
5
4
5
3
7
3
7
4
6
5
12
6
6
2
7
5
7
1
4
3
8
8
9
3
5
4
1
4
3
4
2
3
5
4
6
5
6
6
1
4
2
4
3
3
6
8
3
4
3
6
4
6
3
7
4
2
5
6
9
10
6
4
3
4
4
0
9
7
9
8
4
4
2
3
4
1
10
2
6
2
7
5
4
3
5
2
6
8
4
4
3
7
2
5
5
2
5
4
1
4
3
5
3
4
4
5
2
3
4
4
2
3
8
4
5
9
5
2
5
3
2
6
8
6
4
3
4
5
1
3
4
3
5
5
4
2
2
2
3
6
2
7
5
5
4
2
4
1
6
1
3
4
6
3
6
2
4
4
3
4
4
6
2
4
6
7
6
2
2
8
0
6
5
4
3
3
3
2
6
2
1
3
3
2
2
3
3
7
4
4
2
1
2
4
6
5
4
7
3
1
4
3
5
3
3
3
3
5
5
4
2
5
4
3
4
2
4
5
5
2
3
4
7
4
0
0
2
3
3
4
2
5
4
3
4
5
2
3
3
4
4
5
2
2
3
2
1
2
1
4
4
2
5
6
3
1
1
3
3
4
1
1
2
1
4
2
3
3
1
1
2
3
4
4
5
3
5
1
1
0
6
8
3
2
1
5
2
0
8
4
4
3
3
2
3
3
2
0
4
3
3
4
4
5
4
3
2
6
2
3
1
5
1
0
2
3
3
2
2
1
2
4
3
1
4
5
4
2
1
3
3
2
6
5
0
3
1
1
2
3
3
3
5
3
2
7
1
3
3
2
2
0
2
1
1
4
2
4
6
3
1
2
2
3
2
3
2
3
2
0
2
2
5
4
1
3
1
3
1
3
2
2
2
3
2
0
5
2
3
1
5
1
2
3
0
3
4
1
3
4
2
1
0
2
2
2
2
2
4
2
4
2
3
1
3
3
1
7
0
5
1
0
3
1
3
3
3
1
2
1
2
0
2
0
1
5
0
1
2
5
2
3
2
6
4
2
5
1
0
1
0
3
0
0
4
1
0
2
1
5
1
0
1
3
1
2
6
5
1
2
2
2
0
1
0
1
4
6
2
5
1
1
0
5
1
2
1
4
0
0
2
4
1
2
2
2
3
1
3
2
1
1
2
1
2
2
1
3
0
1
1
1
2
0
2
2
2
1
1
2
4
1
5
0
3
5
0
5
2
1
4
1
1
5
1
1
0
3
0
0
2
0
0
0
0
0
1
1
2
6
2
3
2
0
1
2
1
5
3
2
2
0
0
0
1
1
3
2
2
2
2
1
1
1
2
3
2
2
3
1
0
3
4
2
1
0
2
1
1
1
2
2
2
3
1
0
1
5
1
1
0
1
1
1
0
2
1
1
1
2
4
4
2
3
3
2
3
0
1
1
1
3
0
0
2
1
1
2
1
1
2
2
0
0
1
0
2
2
1
0
1
0
3
1
1
2
1
1
2
1
2
2
0
3
2
1
0
0
0
3
1
0
2
2
0
1
1
1
1
1
1
1
2
3
1
0
1
1
2
0
0
1
3
1
0
0
2
2
1
1
1
2
2
1
4
2
2
1
1
0
1
0
1
2
1
1
2
2
1
2
2
2
1
1
0
1
0
0
1
0
0
2
0
2
2
1
1
2
0
3
0
1
2
1
0
0
1
1
0
4
0
1
2
2
1
0
1
1
2
1
0
0
0
1
1
0
2
1
2
2
1
1
1
1
0
2
1
0
0
1
2
2
3
0
2
1
2
1
0
3
0
1
2
1
2
0
0
1
2
3
3
1
2
0
1
1
0
1
1
0
1
0
0
1
1
0
1
0
4
1
2
3
0
1
1
0
1
2
3
2
2
0
1
0
1
1
2
2
2
1
1
0
2
2
0
2
1
1
1
1
0
0
0
0
0
0
1
0
2
0
2
0
1
1
0
4
0
1
1
0
0
4
2
0
1
0
3
3
2
2
0
2
2
0
2
0
2
1
1
0
0
1
1
0
0
2
0
1
0
0
2
1
0
0
1
0
0
1
0
1
0
0
0
1
2
0
0
0
0
1
1
0
0
0
0
0
2
0
2
0
1
0
0
3
2
0
0
0
1
1
1
3
1
2
1
0
1
1
0
2
0
0
1
2
1
1
1
0
2
1
0
1
1
2
2
1
1
0
1
1
0
0
1
0
1
1
1
2
2
0
1
1
2
2
1
0
3
0
1
2
1
0
0
0
1
2
0
1
1
2
1
0
0
0
0
0
0
0
3
1
0
3
3
0
0
1
1
0
0
0
0
1
2
0
3
2
0
1
0
1
0
1
0
1
1
0
1
0
1
0
3
1
0
1
1
1
0
1
0
0
0
0
0
1
0
2
0
0
2
0
1
0
0
0
1
1
0
1
2
0
1
1
0
1
0
0
1
0
1
0
1
1
0
0
0
0
0
0
3
0
0
1
0
0
0
1
2
1
1
1
0
2
1
1
0
0
1
0
0
0
1
0
1
0
2
0
2
0
1
0
1
1
0
0
1
1
0
0
0
1
1
2
0
0
1
0
1
0
1
2
2
0
0
0
0
1
1
0
0
1
0
0
0
0
0
2
0
1
0
0
2
1
1
1
0
0
1
1
0
1
0
0
0
0
1
0
0
1
1
0
0
0
0
0
0
2
0
0
1
0
0
0
1
0
0
0
1
1
0
0
2
0
0
0
0
1
0
0
0
0
1
1
0
1
1
0
0
0
1
0
0
1
0
0
0
0
0
0
1
1
0
0
0
1
0
0
0
2
0
0
0
1
0
2
0
0
1
1
1
0
0
0
1
0
0
0
1
0
0
2
0
0
0
1
0
1
1
1
1
0
0
0
0
1
0
0
0
0
0
0
0
0
0
1
0
1
0
0
0
2
0
0
0
0
0
0
0
1
1
0
1
0
0
0
0
0
1
0
0
0
1
0
1
1
0
1
0
0
0
0
0
0
0
1
2
0
0
0
0
0
0
0
1
0
1
1
0
1
0
0
0
0
1
1
0
0
0
1
1
1
3
0
1
0
0
0
0
0
1
0
0
0
0
0
0
1
0
0
0
1
0
0
0
0
0
1
0
1
0
1
1
1
0
1
0
0
1
1
0
0
0
0
0
1
0
0
0
0
0
0
1
0
0
0
0
0
0
0
0
0
0
0
0
0
0
0
0
0
0
1
1
0
1
0
0
0
0
0
0
0
0
1
1
0
1
0
0
0
0
0
0
0
0
2
0
1
0
0
0
0
1
0
0
0
0
0
0
1
0
0
1
0
0
0
1
0
0
0
0
0
0
0
0
0
0
1
0
0
0
1
0
0
0
0
0
0
0
0
0
0
0
1
1
0
1
0
1
0
0
0
0
0
2
0
0
0
0
0
0
0
0
0
0
0
0
0
0
1
0
1
0
1
0
0
0
0
0
1
0
0
1
0
0
1
0
0
0
0
1
0
0
0
0
0
0
0
1
0
0
0
0
0
0
0
1
0
0
0
0
0
0
0
0
0
0
1
0
0
0
0
1
0
1
0
0
0
0
0
0
0
0
0
0
0
0
0
0
0
0
0
1
0
0
0
0
0
0
0
0
0
0
0
0
0
0
0
1
1
0
1
1
0
0
0
1
0
0
0
0
0
0
0
0
0
0
0
0
0
1
0
0
0
1
0
0
0
0
0
0
0
0
0
0
0
0
0
0
0
0
1
0
0
0
0
0
0
0
1
0
0
1
0
0
0
0
1
0
0
0
0
0
0
0
0
0
1
0
0
0
0
0
0
1
0
0
1
0
0
0
1
0
0
0
0
0
0
0
0
1
0
0
0
0
0
0
1
0
0
1
0
0
0
0
0
0
0
0
0
0
0
0
0
0
0
0
0
0
0
0
0
0
0
0
0
0
0
0
1
0
0
0
0
0
0
0
0
0
1
0
0
0
0
0
0
0
0
0
0
0
0
0
0
0
0
0
0
0
0
0
0
1
1
0
0
0
0
0
0
0
0
0
1
0
0
0
0
1
0
0
0
0
0
0
0
0
0
0
0
0
0
1
0
1
0
0
0
0
0
0
0
0
0
0
0
0
0
0
0
0
0
0
0
0
0
0
0
0
0
0
0
0
0
0
0
0
0
0
0
0
0
0
0
0
0
0
0
0
0
0
0
0
0
0
0
0
0
0
0
0
0
0
0
0
0
0
0
0
0
0
0
0
0
0
0
0
0
0
0
0
0
0
0
0
0
0
0
0
0
0
0
0
0
0
0
0
0
0
0
1
0
0
0
0
0
0
0
0
0
0
0
0
0
0
0
0
0
0
0
1
0
0
0
0
0
0
0
0
0
1
0
0
0
0
0
1
0
0
0
0
0
0
0
0
0
0
0
1
0
0
0
0
0
0
0
0
0
1
0
0
0
0
0
0
0
0
0
0
0
0
0
0
0
0
0
0
0
0
0
0
0
0
0
0
0
0
0
0
0
0
0
0
0
0
0
0
0
0
0
0
0
0
0
0
0
0
0
1
0
1
0
0
0
0
0
0
0
0
0
0
0
0
0
0
0
0
0
0
0
0
0
0
0
0
0
0
0
0
0
0
0
0
0
0
0
0
0
0
0
0
0
1
0
0
0
0
0
0
0
0
0
0
0
0
0
0
0
0
1
0
0
0
0
0
1
0
0
0
0
0
0
0
0
0
0
0
0
0
0
0
0
0
0
0
0
0
0
0
0
0
0
0
0
0
0
0
0
0
0
0
0
0
0
0
0
0
0
0
0
0
0
0
0
0
0
0
0
0
0
0
0
0
0
0
0
0
0
0
0
0
0
0
0
0
0
0
0
0
0
0
0
0
0
0
0
0
0
0
0
0
0
0
0
0
0
0
0
0
0
0
0
0
0
0
0
0
0
0
0
0
0
0
0
0
0
0
1
0
0
0
0
0
0
0
0
0
0
0
0
0
0
0
0
0
0
0
0
0
0
0
0
0
0
0
0
0
0
0
0
0
0
0
0
0
0
0
1
0
0
0
0
0
0
0
0
0
0
0
0
0
0
0
0
0
0
0
0
0
0
0
0
0
0
0
0
0
0
0
0
0
0
0
0
0
0
0
0
0
0
0
0
0
0
0
0
0
0
0
0
0
0
0
0
0
0
0
0
0
0
0
0
0
0
0
0
0
1
0
0
0
0
1
0
0
0
0
0
0
0
0
0
0
0
0
0
0
0
0
0
0
0
0
0
0
0
0
0
0
0
0
0
0
0
0
0
0
0
0
0
0
0
0
0
0
0
0
0
0
0
0
0
0
0
0
0
0
0
0
0
0
0
0
0
0
0
0
0
0
0
0
0
0
0
0
0
0
0
0
0
0
0
0
0
0
0
0
0
0
0
0
0
0
0
0
0
0
0
0
0
0
0
0
0
0
0
0
0
0
0
0
0
0
0
0
0
0
0
0
0
0
0
0
0
0
0
0
0
0
0
0
0
0
0
0
0
0
0
0
0
0
0
0
0
0
0
0
0
0
0
0
0
0
0
0
0
0
0
0
0
0
0
0
0
0
0
0
0
0
0
0
0
0
0
0
0
0
0
0
0
0
0
0
0
0
0
0
0
0
0
0
0
0
0
0
0
0
0
0
0
0
0
0
0
0
0
0
0
0
0
0
0
0
0
0
0
0
0
0
0
0
0
1
0
0
0
0
0
0
0
0
0
0
0
0
0
0
0
0
0
0
0
0
0
0
0
0
0
0
0
0
0
0
0
0
0
0
0
0
0
0
0
0
0
0
0
0
0
0
0
0
0
0
0
0
0
0
0
0
0
0
0
0
1
0
0
0
0
0
0
0
0
0
0
0
0
0
0
0
0
0
0
0
0
0
0
0
0
0
0
0
0
0
0
0
0
0
0
0
0
0
0
0
0
0
0
0
0
0
0
0
0
0
0
0
0
0
0
0
0
0
0
0
0
0
0
0
0
0
0
0
0
0
0
0
0
0
0
0
0
0
0
0
0
0
0
0
0
0
0
0
0
0
0
0
0
0
0
0
0
0
0
0
0
0
0
0
1
0
0
0
0
0
0
0
0
0
0
0
0
0
0
0
0
0
0
0
0
0
0
0
0
0
0
0
0
0
0
0
0
0
0
0
0
0
0
0
0
0
0
0
0
0
0
0
0
0
0
0
0
0
0
0
0
0
0
0
0
0
0
0
0
0
0
0
0
0
0
0
0
0
0
0
0
0
0
0
0
0
0
0
0
0
0
0
0
0
0
0
0
0
0
0
0
0
0
0
0
0
0
0
0
0
0
0
0
0
0
0
0
0
0
0
0
0
0
0
0
0
0
0
0
0
0
0
0
0
0
0
0
0
0
0
0
0
0
0
0
0
0
0
0
0
0
0
0
0
0
0
0
0
0
0
0
0
0
0
0
0
0
0
0
0
0
0
0
0
0
0
0
0
1
0
0
0
0
0
0
0
0
0
0
0
0
0
0
0
0
0
0
0
0
0
0
0
0
0
0
0
0
0
0
0
0
0
0
0
0
0
0
0
0
0
0
0
0
0
0
0
0
0
0
0
0
0
0
0
0
0
0
0
0
0
0
0
0
0
0
0
0
0
0
0
0
0
0
0
0
0
0
0
0
0
0
0
0
0
0
0
0
0
0
0
0
0
0
0
0
0
0
0
0
0
0
0
0
0
0
0
0
0
0
0
0
0
0
0
0
0
0
0
0
0
0
0
0
0
0
0
0
0
0
0
0
0
0
0
0
0
0
0
0
0
0
0
0
0
0
0
0
0
0
0
0
0
0
0
0
0
0
0
0
0
0
0
0
0
0
0
0
0
0
0
0
0
0
0
0
0
0
0
0
0
0
0
0
0
0
0
0
0
0
0
0
0
0
0
0
0
0
0
0
0
0
0
0
0
0
0
0
0
0
0
0
0
0
0
0
0
0
0
0
0
0
0
0
0
0
0
0
0
0
0
0
0
0
0
0
0
0
0
0
0
0
0
0
0
0
1
0
0
0
0
0
0
0
0
0
0
0
0
0
0
0
0
0
0
0
0
0
0
0
0
0
0
0
0
0
0
0
0
0
0
0
0
0
0
0
0
0
0
0
0
0
0
0
0
0
0
0
0
0
0
0
0
0
0
0
0
0
0
0
0
0
0
0
0
0
0
1
0
0
0
0
0
0
0
0
0
0
0
0
0
0
0
0
0
0
0
0
0
0
0
0
0
0
0
0
0
0
0
0
0
0
0
0
0
0
0
0
0
0
0
0
0
0
0
0
0
0
0
0
0
0
0
0
0
0
0
0
0
0
0
0
0
0
0
0
0
0
0
0
0
0
0
0
0
0
0
0
0
0
0
0
0
0
0
0
0
0
0
0
0
0
0
0
0
0
0
0
0
0
0
0
0
0
0
0
0
0
0
0
0
0
0
0
0
0
0
0
0
0
0
0
0
0
0
0
0
0
0
0
0
0
0
0
0
0
0
0
0
0
0
0
0
0
0
0
0
0
0
0
0
0
0
0
0
0
0
0
0
0
0
0
0
0
0
0
0
0
0
0
0
0
0
0
0
0
0
0
0
0
0
0
0
0
0
0
0
0
0
0
0
0
0
0
0
0
0
0
1
1
0
0
0
0
0
0
0
0
0
0
0
0
0
0
0
0
0
0
0
0
0
0
0
0
0
0
0
0
0
0
0
0
0
0
0
0
0
0
0
0
0
0
0
0
0
0
0
0
0
0
0
0
0
0
0
0
0
0
0
0
0
0
0
0
0
0
0
0
0
0
0
0
0
0
0
0
0
0
0
0
0
0
0
0
0
0
0
0
0
0
0
0
0
0
0
0
0
0
0
0
0
0
0
0
0
0
0
0
0
0
0
0
0
0
0
0
0
0
0
0
0
0
0
0
0
0
0
0
0
0
0
0
0
0
0
0
0
0
0
0
0
0
0
0
0
0
0
0
0
0
0
0
0
0
0
0
0
0
0
0
0
0
0
0
0
0
0
0
0
0
0
0
0
0
0
0
0
0
0
0
0
0
0
0
0
0
0
0
0
0
0
0
0
0
0
0
0
0
0
0
0
0
0
0
0
0
0
0
0
0
0
0
0
0
0
0
0
0
0
0
0
0
0
0
0
0
0
0
0
0
0
0
0
0
0
0
0
0
0
0
0
0
0
0
0
0
0
0
0
0
0
0
0
0
1
0
0
0
0
1
0
0
0
0
0
0
0
0
0
0
0
0
0
0
0
0
0
0
0
0
0
0
0
0
0
0
0
0
0
0
0
0
0
0
0
0
0
0
0
0
0
0
0
0
0
0
0
0
0
0
0
0
0
0
0
0
0
0
0
0
0
0
0
0
0
0
0
0
0
0
0
0
0
0
0
0
0
0
0
0
0
0
0
0
0
0
0
0
0
0
0
0
0
0
0
0
0
0
0
0
0
0
0
0
0
0
0
0
0
0
0
0
0
0
0
0
0
0
0
0
0
0
0
0
0
0
0
0
0
0
0
0
0
0
0
0
0
0
0
0
0
0
0
0
0
0
0
0
1
0
0
0
0
0
0
0
0
0
0
0
0
0
0
0
0
0
0
0
0
0
0
0
0
0
0
0
0
0
0
0
0
0
0
0
0
0
0
0
0
0
0
0
0
0
0
0
0
0
0
0
0
0
0
0
0
0
0
0
0
0
0
0
0
0
0
0
0
0
0
0
0
0
0
0
0
0
0
0
0
0
0
0
0
0
0
0
0
0
0
0
0
0
0
0
0
0
0
0
0
0
0
0
0
0
0
0
0
0
0
0
0
0
0
0
0
0
0
0
0
0
0
0
0
0
0
0
0
0
0
0
0
0
0
0
0
0
0
0
0
0
0
0
0
0
0
0
0
0
0
0
0
0
0
0
0
0
0
0
0
0
0
0
0
0
0
0
0
0
0
0
0
0
