0
0
0
0
0
0
0
0
0
0
0
0
0
0
0
0
0
0
0
0
0
0
1
0
0
1
1
2
3
4
2
4
2
1
5
9
9
6
10
6
6
8
8
10
14
11
14
9
8
10
16
15
15
17
27
20
17
16
22
18
20
10
17
20
16
17
22
22
20
16
25
26
22
35
10
28
26
28
25
28
35
26
26
31
38
20
26
33
36
29
42
27
37
37
39
43
37
42
46
42
34
30
43
30
37
35
51
58
46
42
39
39
49
45
54
48
49
39
63
52
39
53
61
46
41
57
59
55
55
54
53
66
66
68
72
58
55
63
63
52
72
65
79
52
76
65
74
80
70
79
69
77
62
58
76
76
63
82
82
70
69
84
90
80
81
91
82
76
91
96
90
86
91
107
112
85
93
81
97
99
88
120
96
88
104
107
117
115
106
115
96
110
115
100
126
131
99
91
118
119
143
113
128
145
108
132
126
131
126
141
129
117
130
148
154
159
131
151
145
157
173
150
133
133
141
151
137
189
169
181
176
167
165
187
159
191
160
172
164
179
166
182
181
184
179
189
200
179
182
190
194
156
168
219
198
177
198
199
187
177
183
176
151
161
149
138
140
129
124
109
113
124
133
103
117
103
112
115
126
102
126
114
105
111
126
112
120
100
137
113
104
116
129
113
115
127
113
131
136
119
132
129
110
124
117
108
132
132
116
112
122
112
110
129
125
131
121
124
126
117
109
124
127
128
129
128
113
141
120
128
130
117
124
124
140
119
132
120
143
138
137
132
131
133
133
133
141
129
133
138
121
117
146
131
137
137
134
125
131
136
135
157
134
132
132
130
151
123
141
132
143
148
118
130
137
129
152
165
148
138
137
143
143
131
147
149
160
151
126
130
143
148
137
126
135
119
133
117
136
137
150
141
138
161
181
148
174
151
152
132
144
141
151
146
130
157
122
137
131
168
137
130
160
151
156
143
152
146
166
148
120
111
148
137
138
166
151
155
130
145
155
123
151
143
138
164
135
135
154
157
154
133
164
148
147
139
136
158
133
136
135
149
134
140
151
140
136
137
140
123
132
147
140
152
159
127
154
133
135
137
136
135
127
148
149
134
151
125
158
138
141
153
157
136
165
133
144
141
168
155
121
144
159
160
125
160
146
125
131
146
144
150
167
119
158
133
145
140
135
135
171
165
139
125
104
150
145
158
133
139
167
131
153
148
142
136
138
149
144
111
143
173
136
159
148
133
128
151
157
142
123
123
149
125
144
125
140
131
143
134
159
151
132
135
128
133
123
138
145
141
138
134
167
131
148
138
113
162
140
151
145
133
157
176
146
141
148
163
151
121
121
111
143
149
163
131
139
155
160
138
153
150
148
138
156
150
156
120
153
148
130
151
152
148
143
134
145
161
143
167
137
139
154
165
159
146
146
142
171
154
152
161
151
131
156
181
159
159
166
158
140
154
149
154
157
148
153
157
153
165
122
172
158
153
147
162
133
170
179
158
148
152
136
163
160
152
169
135
154
149
160
155
152
157
166
147
158
151
162
184
165
142
175
164
158
169
164
186
176
171
158
150
144
180
165
149
151
144
164
158
157
142
168
175
168
163
165
161
163
160
157
198
153
161
169
159
181
171
165
201
144
155
157
139
158
158
153
144
184
154
164
172
170
165
125
150
162
161
164
153
165
164
185
166
158
146
144
152
142
172
161
172
157
174
137
168
168
156
149
179
179
164
189
158
145
159
179
185
173
185
168
144
164
167
172
171
155
155
155
173
174
163
189
140
159
156
168
160
143
174
151
188
188
177
151
154
151
148
167
170
169
160
163
175
169
140
177
167
167
151
159
183
174
150
168
178
149
158
135
161
150
142
144
158
169
160
162
162
166
156
171
174
181
186
172
165
157
145
178
162
145
170
160
149
165
174
168
164
179
174
158
151
140
174
171
156
163
170
164
170
169
163
170
174
138
131
150
167
148
185
140
157
170
193
170
149
157
158
145
166
199
150
132
140
146
161
147
147
151
148
154
178
161
174
171
157
163
158
156
146
154
151
171
156
149
165
167
151
165
145
152
180
129
140
177
156
169
151
145
168
163
142
147
183
142
179
156
145
158
150
145
134
141
155
138
144
149
137
148
169
172
164
150
146
159
161
121
140
159
144
156
147
155
162
163
144
160
147
146
141
149
160
150
149
140
153
156
159
158
145
138
151
136
169
152
158
155
158
143
168
161
146
157
149
161
132
150
157
157
151
136
129
150
150
138
164
168
166
149
145
129
150
148
131
134
154
121
161
157
139
162
155
156
149
128
158
145
145
166
146
144
147
128
148
121
122
140
167
127
155
143
143
137
160
150
142
130
139
164
140
162
159
159
168
164
142
177
157
136
146
143
156
152
150
145
163
127
137
132
143
131
132
156
141
143
134
140
140
148
136
125
176
145
147
131
126
128
141
166
154
133
133
149
163
134
151
127
140
144
135
144
170
148
123
128
142
145
129
131
144
133
143
128
156
150
133
145
124
134
144
161
127
148
141
144
145
125
152
140
136
136
132
144
131
144
151
126
127
131
141
134
120
131
148
121
138
113
133
124
155
129
117
130
135
148
140
138
133
141
144
134
132
120
157
137
139
128
113
145
140
166
137
145
113
150
134
143
133
135
126
139
121
136
134
135
129
142
125
133
129
146
140
123
130
128
131
135
142
140
149
131
120
137
105
120
154
145
126
140
145
128
134
131
134
140
123
121
132
130
130
138
124
113
122
113
132
124
128
127
127
114
113
135
123
140
115
109
134
112
130
126
143
138
123
136
134
129
156
120
136
142
142
154
135
105
144
148
141
116
130
130
131
120
128
137
127
114
129
105
144
117
140
153
117
114
140
133
131
112
128
118
131
128
129
128
131
112
132
116
147
134
121
132
115
132
115
132
110
121
132
110
115
117
136
146
123
115
127
116
129
125
116
125
137
105
110
129
142
126
129
122
130
91
122
128
95
134
129
112
115
128
101
106
118
106
111
123
132
108
123
126
131
120
111
124
112
151
113
116
120
111
110
121
121
130
127
112
131
121
114
110
90
118
126
111
124
105
121
99
112
125
109
114
128
124
102
123
132
116
114
114
139
115
126
134
111
130
113
104
126
108
116
109
106
121
122
133
143
122
128
134
124
107
123
114
111
121
133
129
128
127
141
120
121
112
122
136
117
111
115
110
101
118
127
127
120
99
117
117
102
109
115
127
125
105
110
113
97
135
126
123
111
111
104
115
113
112
102
120
111
120
111
108
108
113
130
118
120
110
117
138
121
101
110
110
112
108
114
106
112
105
107
105
118
113
107
113
130
116
122
109
125
108
117
132
136
119
137
116
130
114
100
96
107
104
104
114
96
111
121
95
121
113
122
138
93
112
118
112
120
109
106
110
107
103
96
115
113
111
98
116
104
104
122
118
114
109
96
88
122
106
115
105
104
117
113
97
100
116
117
116
103
102
114
100
112
110
102
116
105
118
98
117
95
110
101
101
113
86
114
114
94
111
103
100
99
109
94
123
109
101
111
108
105
124
105
109
93
118
110
123
119
102
129
105
96
118
113
103
103
107
105
116
126
97
109
99
118
103
109
96
97
110
102
119
114
109
108
108
101
118
113
110
118
99
99
105
103
87
89
106
101
90
121
105
111
123
104
103
110
108
91
94
134
105
94
91
99
102
107
114
92
90
105
105
106
96
120
108
119
100
102
115
93
113
89
129
120
107
90
101
112
85
123
106
100
102
98
101
84
110
85
116
101
106
104
110
98
107
97
83
104
94
119
105
113
96
76
115
97
102
98
109
97
116
103
110
121
101
103
105
110
92
119
100
108
101
92
104
99
95
90
88
99
97
113
91
78
106
110
105
95
101
96
102
78
115
94
125
95
113
103
84
104
106
124
76
93
96
96
100
96
108
98
115
120
96
98
101
113
94
104
109
100
99
96
103
97
105
87
103
93
115
112
102
103
100
107
97
104
111
108
108
108
101
119
105
96
107
106
77
86
103
109
96
89
80
101
81
87
106
99
90
105
101
104
96
101
87
104
92
92
99
97
94
96
97
85
89
124
90
96
111
98
101
95
99
103
102
98
124
95
107
91
96
88
95
74
83
93
103
92
119
96
90
95
92
114
101
107
94
89
99
90
93
93
108
102
115
75
105
102
88
102
107
97
92
108
85
95
112
91
95
85
88
108
122
89
111
93
98
99
93
90
91
83
103
78
80
94
113
102
86
105
96
95
102
83
89
85
94
88
95
103
82
101
112
112
96
98
91
87
103
81
96
114
104
96
98
97
95
89
84
86
80
94
99
95
74
86
105
82
104
95
105
100
112
94
98
94
89
100
127
109
98
106
91
86
86
93
90
95
92
99
97
107
96
89
91
108
100
82
82
120
95
100
90
78
94
96
98
90
82
85
106
88
75
88
105
92
91
102
104
102
93
113
97
106
95
113
85
87
85
93
91
95
97
107
83
99
120
96
91
91
95
97
98
91
91
90
83
95
77
103
81
87
98
83
102
95
74
98
88
118
102
89
90
117
93
91
102
81
86
101
86
94
96
110
80
94
83
106
76
95
101
90
102
97
74
96
80
104
94
88
79
84
85
108
91
84
81
87
108
88
81
92
84
92
95
87
79
96
78
87
84
76
89
92
84
105
80
90
86
90
81
88
89
80
92
86
99
81
96
85
89
69
82
94
78
103
85
75
76
95
90
84
96
97
108
88
97
97
107
85
94
82
89
97
104
98
76
72
84
92
96
103
89
108
93
89
96
101
91
89
98
107
88
97
82
90
91
96
100
95
101
86
88
99
89
86
101
101
93
90
87
96
85
85
68
95
97
88
82
105
86
98
86
101
86
75
99
81
98
98
94
98
78
96
88
91
76
72
106
81
81
107
93
91
89
92
106
100
89
93
93
95
71
89
66
92
79
88
81
90
90
101
88
88
96
84
92
81
73
84
79
79
85
78
93
84
87
82
90
88
85
83
73
87
88
106
70
98
85
82
73
81
86
92
92
88
85
75
91
77
94
85
90
80
93
108
81
101
82
86
86
96
80
92
93
81
97
79
87
83
86
76
93
82
79
91
85
72
90
91
89
91
67
85
93
89
96
93
90
100
100
75
83
76
82
96
75
77
100
94
87
75
76
86
86
105
95
77
104
90
78
87
86
81
107
87
73
85
89
83
70
81
66
103
74
92
84
85
82
73
91
90
98
74
75
103
80
92
92
89
86
85
77
103
80
75
85
88
72
77
80
79
70
80
83
85
94
86
70
81
82
87
69
95
89
91
74
99
83
80
80
87
75
70
83
80
98
86
73
77
105
82
95
106
79
75
79
83
79
81
78
81
69
84
108
99
91
67
109
75
76
97
88
85
81
68
107
85
95
95
72
97
87
85
88
78
84
100
96
80
104
71
72
89
88
79
66
87
71
98
67
82
70
87
69
83
67
87
82
96
68
70
62
79
76
84
100
69
82
79
88
79
76
82
84
92
73
102
94
93
108
69
87
82
88
95
94
87
92
95
83
73
70
81
78
88
86
73
95
93
70
75
96
72
82
77
77
76
86
78
85
82
84
87
94
94
84
68
84
97
94
82
90
74
92
79
80
83
82
81
78
91
87
91
80
78
96
70
91
92
81
73
87
83
78
75
86
95
82
89
91
65
73
85
92
99
95
78
88
83
79
90
87
84
100
97
79
72
83
74
89
91
77
71
71
70
71
94
89
92
62
81
80
64
76
85
72
84
89
96
65
83
76
82
84
74
86
68
90
89
80
95
87
77
90
96
86
67
80
79
84
83
83
59
82
59
79
90
79
86
95
70
88
75
73
71
90
92
100
85
84
91
94
79
92
73
90
85
87
63
84
74
72
69
82
87
89
58
75
96
69
100
89
82
95
84
82
82
73
77
83
87
79
71
73
74
65
84
71
64
77
91
72
92
82
83
79
78
76
75
70
82
95
78
83
88
78
74
85
93
84
79
85
84
90
73
71
72
84
72
73
66
79
70
75
89
79
88
85
81
69
90
76
89
65
87
93
92
83
80
86
73
79
85
102
72
87
62
73
75
105
77
83
78
100
84
75
65
81
68
87
76
68
82
89
80
70
85
82
74
77
84
76
73
70
76
83
84
88
61
59
83
80
64
79
73
74
92
82
76
74
70
73
87
77
89
82
69
86
65
91
79
84
89
76
90
62
87
83
71
93
75
86
71
72
70
74
70
77
88
92
72
83
76
79
72
82
77
85
70
82
72
80
83
77
70
81
75
66
88
92
81
80
81
83
73
72
77
73
62
79
70
66
79
73
77
91
83
74
70
81
72
79
87
66
72
69
83
83
85
101
85
81
86
53
75
69
88
73
82
95
76
87
68
65
68
72
70
81
84
101
87
84
70
70
62
98
86
84
75
90
81
69
78
76
74
75
82
73
74
91
88
71
76
76
78
76
76
78
85
61
85
100
75
89
97
81
86
64
79
75
77
78
85
80
77
89
86
83
73
68
90
71
88
70
68
64
85
78
84
70
74
94
64
86
74
90
72
83
83
88
80
91
79
71
84
79
70
71
72
70
69
56
77
89
57
76
88
76
79
69
71
73
78
73
63
92
91
92
78
71
72
55
79
81
88
86
67
65
64
77
85
91
69
62
74
82
74
78
66
81
76
70
64
91
88
82
73
84
89
77
83
79
85
80
76
71
71
71
71
74
80
81
65
74
62
61
75
74
81
72
83
81
66
77
59
68
87
76
80
82
69
75
62
70
60
68
79
65
83
81
84
75
69
81
79
91
72
69
68
70
71
75
75
75
73
52
64
79
86
74
75
82
79
77
66
73
86
74
91
72
67
84
81
83
64
84
76
73
75
70
63
62
85
68
88
57
71
59
73
68
64
62
62
89
82
73
60
49
66
66
86
72
71
76
72
69
74
88
69
68
86
89
79
58
65
80
101
67
74
59
84
54
72
76
82
83
67
70
74
66
79
68
64
90
78
72
65
64
83
79
67
87
56
74
79
62
89
68
68
68
49
69
88
62
80
88
59
68
83
79
92
60
66
74
73
76
78
79
67
71
69
60
75
65
71
85
81
72
74
85
75
84
67
80
74
83
65
81
68
69
79
62
79
61
83
70
66
79
72
70
66
68
85
90
83
75
67
79
87
72
80
69
66
74
83
75
73
93
64
69
78
68
71
74
82
70
81
73
82
70
72
85
69
72
73
80
86
69
71
78
83
74
70
56
70
83
78
66
90
54
66
77
75
89
63
62
61
66
85
75
71
70
89
71
82
78
71
73
77
87
72
70
47
62
66
73
74
65
77
79
77
63
75
69
75
74
66
84
83
61
83
84
64
66
75
75
80
62
84
82
74
76
94
79
68
71
89
75
80
62
65
81
83
84
101
80
75
87
67
86
66
69
61
84
73
95
67
89
67
88
73
63
74
64
84
95
79
76
70
74
82
74
78
85
74
67
82
66
65
80
76
93
70
74
86
74
82
79
76
87
78
58
78
75
82
67
73
96
84
71
73
85
80
76
79
68
69
83
91
85
92
82
81
77
79
90
64
65
73
68
72
91
81
90
77
77
78
74
75
77
81
78
75
80
81
69
74
68
74
87
97
70
79
72
74
76
70
60
96
90
85
76
60
92
70
75
95
65
73
81
68
87
88
76
76
78
89
72
74
84
68
67
67
93
70
75
65
73
72
76
92
82
74
60
83
76
72
79
71
80
78
71
80
65
91
64
68
71
82
59
94
95
72
74
67
90
86
80
78
75
91
94
65
70
79
69
66
86
85
88
73
55
72
82
83
80
80
75
79
78
82
81
70
70
79
77
82
82
84
78
98
81
68
83
76
87
83
61
76
73
87
69
77
73
72
75
66
81
86
71
74
77
85
80
80
69
64
90
90
72
84
72
71
96
85
82
90
72
96
75
87
71
70
83
84
104
101
74
91
74
80
83
63
78
87
53
89
76
70
74
81
68
96
83
86
76
91
65
74
71
81
83
112
76
76
76
78
85
72
65
83
69
73
78
81
74
90
95
84
71
91
86
78
83
86
81
82
68
76
83
82
68
92
94
69
68
76
83
73
91
83
81
86
77
66
93
69
95
91
86
90
94
84
89
61
75
93
69
99
94
68
86
83
80
73
88
82
70
90
73
86
99
82
74
81
75
73
85
73
83
79
78
88
60
77
94
92
83
77
77
89
89
72
87
84
111
82
78
67
96
89
75
95
68
72
82
82
86
91
74
83
78
107
83
95
82
93
79
88
89
77
77
87
64
87
78
83
76
87
78
89
85
76
78
80
79
87
88
105
88
81
85
86
74
85
82
71
93
74
78
81
70
83
71
76
81
70
76
75
84
84
66
84
91
70
85
86
73
82
83
97
84
70
75
87
78
86
79
71
79
92
88
84
105
86
83
89
73
83
93
94
77
83
82
75
68
76
89
106
77
93
94
98
84
71
95
74
85
80
73
97
94
78
93
74
76
79
111
82
96
88
83
82
67
84
87
79
77
70
83
64
68
73
87
88
80
85
94
80
69
100
99
96
78
82
76
81
86
71
92
91
66
86
80
72
85
78
76
98
100
82
87
69
77
75
93
90
91
77
86
75
76
85
101
72
88
82
81
85
78
95
70
76
76
78
109
81
84
87
77
85
84
87
84
84
95
93
89
72
84
78
67
78
91
90
78
83
72
86
82
88
79
84
109
67
84
92
93
95
85
92
91
78
80
93
79
77
74
88
93
90
85
90
76
69
90
69
93
93
75
84
98
94
91
92
87
88
88
69
68
76
87
89
108
101
83
72
77
85
83
84
96
84
90
95
90
90
96
80
84
72
80
87
86
104
87
66
84
74
94
77
91
88
79
72
71
89
99
95
78
91
85
85
91
71
73
94
83
91
70
95
81
82
89
90
75
80
93
77
76
81
85
100
82
75
83
106
72
86
75
86
84
82
71
70
75
72
81
97
71
85
88
68
79
79
89
85
75
80
91
84
86
81
96
98
105
78
93
82
97
84
97
77
73
76
82
76
87
80
75
73
91
76
76
100
89
85
87
77
91
71
96
80
88
86
93
76
71
95
86
87
66
81
85
82
99
98
97
82
86
79
107
77
60
87
93
68
83
89
84
74
76
86
72
79
70
71
82
80
89
94
96
86
93
79
85
81
78
93
74
72
73
89
85
65
84
96
71
87
84
81
75
64
83
89
92
69
71
91
86
78
77
90
91
73
82
85
90
86
86
78
68
88
84
83
87
74
80
95
83
96
82
78
99
98
77
85
85
91
82
88
68
87
85
85
76
82
76
84
72
90
79
78
93
96
84
76
87
83
87
86
81
64
72
76
91
94
73
88
99
95
68
82
74
88
73
87
94
82
88
78
101
98
77
98
73
84
72
77
87
74
68
86
90
75
74
77
82
102
85
100
90
91
85
71
75
75
87
93
97
88
96
82
80
96
77
76
106
79
73
65
74
94
94
88
73
93
84
90
106
88
89
78
77
98
75
69
88
90
81
85
80
77
100
96
89
78
76
71
85
82
82
94
84
83
101
78
96
95
82
85
85
92
79
80
87
107
92
89
99
82
79
93
92
79
77
72
81
82
68
78
80
88
81
99
86
88
82
95
90
87
70
79
75
72
89
71
80
102
92
75
87
87
90
90
92
88
74
72
97
81
83
76
101
80
87
74
76
72
88
82
94
107
75
72
99
99
93
81
101
86
88
78
71
82
76
89
76
94
80
99
78
94
81
102
69
90
70
87
87
73
80
86
100
92
79
81
102
96
89
94
79
93
91
88
92
93
96
93
94
85
90
83
94
91
91
83
89
76
84
107
97
77
92
87
95
82
79
102
84
99
79
85
84
73
83
88
96
85
90
112
87
90
81
75
71
92
85
82
97
94
94
88
93
89
101
83
77
84
85
89
100
102
99
75
81
91
95
90
76
90
96
85
98
103
84
97
82
90
97
101
87
91
109
104
90
93
85
70
86
97
74
100
95
106
90
98
94
100
96
83
94
80
88
91
96
90
80
93
101
90
82
85
93
85
103
88
98
94
92
82
85
89
90
84
92
105
102
76
88
110
77
86
77
117
102
99
88
79
72
84
89
101
105
94
90
85
69
90
83
91
98
98
105
97
87
81
93
106
95
93
100
104
86
87
100
111
88
111
90
95
94
84
75
64
85
97
92
109
83
84
107
81
82
86
116
94
87
98
94
95
97
97
81
86
109
86
82
105
92
78
79
107
107
91
99
91
94
114
96
81
83
103
86
94
84
91
78
71
88
104
80
94
109
78
85
100
89
77
89
83
112
81
89
98
99
73
90
107
95
103
95
103
94
82
89
92
121
76
89
104
88
90
89
81
104
96
88
99
86
86
90
93
63
91
80
87
81
93
96
97
88
89
108
84
90
89
102
74
88
96
87
85
100
97
84
86
88
81
86
107
90
96
96
93
89
81
79
81
95
87
117
110
79
67
102
78
94
88
82
89
89
83
79
89
92
86
91
91
89
95
93
93
94
91
97
97
85
92
82
92
101
92
95
80
94
81
81
91
96
93
95
85
97
87
73
77
100
99
98
84
94
93
81
75
97
84
74
97
83
93
79
74
88
89
83
84
81
80
85
92
82
80
91
80
72
91
86
85
70
79
95
75
75
80
79
74
81
84
107
80
91
85
94
94
78
89
80
87
80
93
70
82
85
92
90
104
67
94
83
99
82
74
98
100
80
87
103
91
81
86
83
95
83
111
87
102
94
94
74
100
70
76
78
92
83
104
86
86
86
71
77
84
95
93
74
68
82
83
100
81
64
77
85
93
88
89
82
87
93
90
110
81
69
84
74
81
86
90
64
91
75
75
87
67
77
74
91
91
67
89
83
61
70
83
91
81
83
91
72
89
93
87
85
90
89
84
64
96
76
71
75
80
83
81
76
69
70
76
77
73
78
86
81
74
64
78
70
84
71
75
74
93
98
57
79
72
94
93
95
69
75
73
88
71
72
77
73
73
75
82
95
81
82
67
73
73
69
70
74
82
90
82
65
64
79
85
73
80
72
75
92
71
67
82
82
76
78
63
78
76
81
61
70
69
82
71
68
78
60
60
54
79
68
74
79
78
64
76
69
65
64
66
87
79
79
68
69
51
70
79
70
72
75
71
72
78
75
80
68
72
60
72
66
71
75
65
76
80
65
73
80
66
64
84
72
81
55
56
63
61
78
68
48
72
68
67
76
71
85
72
78
58
72
71
72
56
51
58
69
68
66
62
54
67
60
72
62
58
60
71
58
66
74
67
59
55
69
65
74
74
60
66
70
65
69
63
67
61
59
81
56
61
66
60
70
56
75
81
59
44
76
63
63
52
60
54
66
70
61
63
59
63
66
79
53
70
36
80
63
63
82
46
56
84
58
58
54
52
64
45
58
51
65
58
65
56
54
50
53
48
39
56
39
53
59
49
53
78
54
54
67
54
44
63
37
62
61
54
57
58
33
66
66
53
48
51
63
49
60
65
39
51
49
45
48
46
59
52
53
43
39
58
49
43
37
52
46
60
52
41
43
45
47
37
49
37
50
53
49
67
42
44
64
45
59
49
53
55
45
31
36
40
53
57
49
43
47
59
47
40
43
62
36
41
35
48
52
42
43
38
46
34
55
38
51
44
48
44
62
45
41
34
50
47
49
46
36
43
41
38
35
36
40
45
39
44
42
42
48
49
42
38
39
46
32
53
39
39
44
42
50
55
34
39
38
36
42
42
47
44
31
38
48
44
47
35
37
38
33
35
37
37
29
39
38
51
37
35
32
38
37
29
41
43
36
41
34
51
26
43
23
32
41
32
45
40
23
32
36
35
31
31
38
34
32
38
42
39
36
37
25
39
35
22
37
38
33
36
33
37
25
26
38
38
29
30
33
41
35
40
34
32
32
35
38
31
39
31
40
27
33
30
30
34
33
34
31
37
27
28
29
34
43
36
37
40
33
40
23
20
39
29
37
29
25
28
19
31
28
32
32
29
38
32
33
30
30
29
30
28
31
25
38
34
35
28
31
22
27
31
38
28
37
23
36
23
21
37
28
31
23
34
26
36
30
43
27
25
26
20
21
23
23
36
24
29
15
34
29
25
38
30
29
22
24
27
36
25
25
21
24
27
22
39
27
29
24
22
18
28
31
39
24
30
26
29
32
25
31
21
27
32
22
27
19
32
20
25
27
29
26
29
21
25
28
25
27
28
24
23
20
27
30
32
27
26
25
22
19
21
32
24
13
26
24
18
22
29
38
21
22
16
27
26
23
19
27
29
21
20
26
21
19
25
22
17
24
28
18
22
19
20
25
19
26
26
29
22
20
20
28
20
36
17
17
19
19
29
17
19
21
18
17
19
25
25
18
13
17
23
17
20
16
26
26
27
17
28
26
27
26
16
15
27
19
26
17
29
22
18
18
15
17
19
14
24
24
23
11
17
25
24
19
18
17
23
11
9
16
22
24
10
21
20
18
19
14
19
22
17
23
20
22
13
17
18
24
19
21
19
23
23
18
22
17
18
10
14
21
22
16
16
16
14
25
24
7
14
19
13
20
18
23
14
13
18
22
15
19
20
16
18
17
13
14
16
17
18
17
22
16
16
15
20
20
18
22
17
8
15
19
19
13
14
17
17
13
9
16
16
20
20
11
20
9
16
14
20
10
13
18
10
17
20
13
14
28
13
18
21
20
16
16
17
23
16
10
13
21
11
15
23
19
16
14
18
13
16
20
13
10
18
12
12
12
10
12
19
25
14
11
19
20
13
17
18
16
9
8
21
13
12
13
14
13
8
12
16
16
8
13
5
10
13
9
15
10
9
13
15
11
6
12
15
10
11
12
13
13
8
17
5
10
14
13
8
14
18
15
18
15
15
16
12
12
17
19
14
17
22
7
12
10
15
17
10
10
15
12
9
16
7
12
16
6
10
9
13
17
10
12
11
10
6
16
10
10
15
14
13
15
12
5
8
15
11
10
15
11
8
12
14
4
15
8
10
18
11
13
11
8
15
12
11
6
13
9
12
14
11
9
11
7
20
13
11
13
4
13
8
14
11
8
6
12
6
6
12
7
11
8
7
12
16
14
8
10
6
10
10
6
12
10
15
11
11
7
5
10
12
6
15
10
6
6
7
9
12
11
5
13
9
11
7
12
10
6
4
7
10
15
8
5
7
10
7
2
6
5
10
9
9
10
11
4
6
4
4
5
8
4
10
6
5
9
10
8
4
12
8
6
7
12
3
7
9
14
15
16
4
5
10
11
11
5
5
6
6
7
7
10
14
4
9
6
17
6
6
7
9
5
9
12
5
13
3
8
10
8
8
9
1
8
7
9
7
10
5
7
10
11
5
7
13
4
8
7
13
8
3
5
12
7
3
7
10
4
7
10
9
6
8
9
3
9
4
6
8
9
7
4
10
5
10
10
6
7
6
8
8
2
7
8
8
9
5
2
8
3
1
3
5
5
5
6
8
1
7
10
1
5
3
12
10
4
9
7
9
5
7
5
6
3
1
2
1
3
9
2
2
9
5
3
5
5
4
1
4
5
4
4
10
7
7
8
4
6
6
4
7
8
2
8
7
4
3
5
4
1
1
3
3
6
2
3
2
4
2
1
3
4
3
5
4
0
5
3
5
3
2
4
3
4
2
1
4
5
2
4
2
4
6
4
2
7
2
0
4
3
4
4
6
4
4
3
5
2
7
3
3
5
8
2
3
2
3
2
3
0
2
2
3
4
3
11
3
3
4
5
2
6
2
2
1
6
5
2
4
3
1
2
1
4
2
3
5
5
2
2
4
4
1
2
6
4
3
5
3
3
3
3
7
2
1
4
1
5
4
8
5
0
3
2
1
1
3
6
0
1
3
1
3
0
5
0
2
0
1
6
1
2
2
2
1
1
3
2
5
2
2
3
2
2
3
1
3
1
1
1
0
3
5
1
1
2
2
2
0
0
1
3
3
1
3
1
2
2
0
1
2
3
2
1
1
2
0
1
6
2
4
1
3
3
2
1
1
3
1
0
1
3
1
2
0
2
1
2
2
2
3
5
0
1
2
1
0
2
2
0
2
0
2
1
0
0
1
1
0
1
2
1
2
0
1
0
4
1
1
1
0
0
1
0
4
1
1
2
0
1
2
2
0
0
2
2
0
5
0
1
5
2
0
2
1
1
1
1
2
1
2
3
4
2
1
2
1
0
2
0
2
1
1
1
1
2
2
2
0
3
1
1
1
1
1
0
2
1
2
0
1
0
2
1
3
1
0
3
0
2
2
3
2
2
1
1
2
2
1
0
0
1
3
1
1
1
1
1
2
1
1
2
1
2
3
0
0
0
0
1
1
1
1
0
1
1
1
1
1
0
0
2
1
1
2
0
0
1
2
4
1
1
2
2
1
0
0
1
2
2
3
2
1
0
1
0
1
3
1
0
0
0
1
2
1
1
0
1
0
0
1
0
0
0
0
1
1
0
2
0
0
1
0
0
1
1
1
1
3
0
0
0
1
1
0
0
1
0
0
1
1
0
1
0
0
2
0
1
1
2
0
0
2
0
0
0
4
0
1
1
0
1
0
1
0
0
0
0
0
0
0
1
3
0
1
2
0
1
0
0
1
0
1
0
0
1
0
1
0
0
1
3
1
0
2
2
0
1
0
0
2
0
3
0
0
0
0
0
2
0
0
0
0
0
2
0
0
0
0
0
0
0
1
0
0
1
0
0
1
0
1
0
0
0
0
0
1
0
0
0
0
0
1
1
1
0
0
0
0
0
1
0
1
0
0
0
1
0
0
0
1
0
0
1
0
1
1
0
1
2
1
1
0
0
0
0
1
0
0
0
0
0
1
0
0
0
0
0
0
1
0
0
1
0
0
0
0
0
0
0
0
1
0
0
0
0
0
0
0
0
0
0
0
0
1
1
0
0
0
0
0
1
0
1
1
0
1
0
0
1
0
0
0
0
1
0
0
0
1
1
0
0
0
0
0
0
0
0
0
0
1
0
0
1
0
0
1
0
0
0
0
1
0
1
0
0
0
0
0
0
1
0
1
0
0
0
0
0
0
1
0
0
0
1
0
0
0
2
0
2
0
1
0
1
1
0
0
0
1
0
0
0
0
0
0
1
0
0
0
0
0
0
0
0
0
0
0
0
0
0
0
0
0
0
1
0
0
0
0
0
0
0
0
0
1
0
0
2
0
0
0
0
0
0
0
1
0
0
0
0
1
1
0
0
0
0
0
0
0
0
0
0
0
0
0
0
0
0
0
0
0
0
0
0
0
0
0
0
0
0
0
0
0
0
0
0
0
0
1
0
0
0
0
1
1
0
0
0
1
0
0
0
0
0
0
2
0
0
0
0
0
0
0
0
1
1
0
0
0
0
1
0
0
0
0
0
0
0
0
0
0
0
0
0
0
0
0
0
0
0
0
0
0
1
0
0
0
0
0
0
0
0
0
0
0
1
0
1
0
0
0
0
1
0
0
0
0
0
0
0
0
0
1
0
0
0
0
0
0
0
0
0
0
0
0
0
0
0
0
0
1
1
0
0
1
0
0
0
0
0
1
0
0
0
1
0
0
0
0
0
1
0
1
0
0
0
0
0
0
0
0
0
0
1
0
0
0
0
0
1
0
0
0
1
0
0
0
0
0
1
0
0
0
0
0
0
0
0
0
0
0
1
0
0
0
0
0
1
0
0
1
0
0
0
0
0
0
0
0
0
0
0
0
0
0
0
0
0
0
0
0
0
0
0
1
0
0
0
1
0
0
0
0
0
0
0
0
0
0
0
0
0
0
0
0
0
0
0
0
0
0
0
0
1
1
0
0
0
0
0
0
0
0
0
0
0
0
0
1
0
0
0
0
0
0
0
0
0
0
0
0
0
0
0
0
0
0
0
0
0
0
0
0
0
0
0
0
1
0
0
0
0
0
0
0
0
0
0
0
0
0
0
1
0
0
0
0
0
0
0
1
0
0
0
0
0
0
1
0
0
0
0
0
0
0
0
0
0
0
1
0
1
0
0
0
0
0
0
1
0
0
0
0
0
0
0
0
1
1
0
0
0
0
0
0
0
0
0
0
0
0
0
1
0
1
0
0
0
0
0
0
1
0
0
0
0
0
0
0
0
0
0
0
0
0
0
0
0
0
0
0
0
0
1
1
0
0
0
0
0
0
0
0
0
0
0
0
0
0
0
1
0
0
0
0
0
0
0
0
0
0
0
0
0
0
0
0
0
0
0
0
0
0
1
0
0
0
0
0
1
0
0
0
0
0
0
0
0
0
0
0
0
0
0
0
0
0
0
0
0
0
0
0
0
0
0
0
0
0
0
0
0
0
0
0
0
0
0
0
0
0
0
0
0
0
0
0
1
0
0
0
0
0
0
0
0
0
0
0
0
0
0
0
0
0
0
0
0
0
0
0
0
0
1
0
0
0
0
0
0
0
0
0
0
0
0
0
0
0
0
0
0
1
0
0
0
1
0
0
0
1
0
0
0
0
0
0
0
0
0
0
0
0
0
0
0
0
0
0
0
0
1
0
0
0
0
0
0
0
0
0
0
0
0
1
0
0
0
0
0
0
0
0
0
0
0
0
0
0
0
0
0
0
0
0
0
0
0
0
0
0
0
0
0
0
0
0
0
0
0
0
0
0
0
0
0
0
0
0
0
0
0
0
0
0
0
0
0
0
0
0
1
0
0
0
0
1
0
1
0
0
0
0
0
0
0
0
0
0
0
0
0
0
0
0
0
1
0
0
0
0
0
0
0
0
0
0
0
0
0
0
0
0
0
0
0
0
0
0
0
0
0
0
0
0
0
0
1
0
0
0
0
0
0
0
0
0
0
0
0
0
0
0
0
0
0
0
0
0
0
0
0
0
0
0
0
1
0
0
0
0
0
0
0
0
0
0
0
0
0
0
0
0
0
0
0
0
0
0
0
0
0
0
0
0
0
0
0
0
0
0
0
0
0
0
0
0
0
0
0
0
0
0
0
0
0
0
0
0
0
0
0
0
0
0
0
0
0
0
0
0
0
0
0
0
0
0
0
0
0
1
0
0
0
0
0
0
0
0
0
0
0
0
0
0
0
0
0
0
0
0
0
0
0
0
0
0
0
0
0
0
0
0
0
0
0
0
0
0
0
0
0
0
0
0
0
0
0
0
0
0
0
0
0
0
0
0
0
0
0
0
0
0
0
0
0
0
0
0
0
0
0
0
0
0
0
0
0
0
0
0
0
0
0
0
1
0
0
0
0
0
1
1
0
0
0
0
0
0
0
0
0
1
0
0
0
0
0
0
0
0
0
0
0
0
0
0
0
0
0
0
0
0
0
0
0
0
0
0
0
0
0
0
0
0
0
0
0
0
0
0
0
0
0
0
0
0
0
0
0
0
0
0
0
0
0
0
0
0
0
0
0
0
0
0
0
0
0
0
0
0
1
0
0
0
0
0
0
0
0
0
0
0
0
0
0
0
0
0
0
0
0
0
0
0
0
0
0
0
0
0
0
0
0
0
0
0
0
0
0
0
0
0
0
0
0
0
0
0
0
0
0
0
0
0
0
0
0
0
0
0
0
0
0
0
0
0
0
0
1
0
0
0
0
0
0
0
0
0
0
0
0
0
0
0
1
0
0
0
0
0
0
0
0
0
0
0
0
0
1
0
0
0
0
0
0
0
0
0
0
0
0
0
0
0
0
0
0
0
0
0
0
0
0
0
0
0
0
0
0
0
0
0
0
0
0
0
0
0
0
0
0
0
0
0
0
0
0
1
0
0
0
0
0
0
0
0
0
0
0
0
0
0
0
0
0
0
0
0
0
0
0
0
0
0
0
0
1
0
0
0
0
0
0
0
0
0
0
0
0
0
0
0
0
0
0
0
0
0
0
0
0
0
0
0
0
0
0
0
0
0
0
0
0
0
0
0
0
0
0
1
0
0
0
0
0
0
0
0
0
0
0
0
0
0
0
0
0
0
0
0
0
0
0
0
0
0
0
0
0
0
0
0
0
0
0
0
0
0
0
0
0
0
0
0
0
0
1
0
0
0
0
0
0
0
0
0
0
0
0
0
0
0
0
0
0
0
0
0
0
0
0
0
0
0
0
0
0
1
0
0
0
0
0
0
0
0
0
0
0
0
0
0
0
0
0
0
0
0
0
0
0
0
0
0
0
0
0
0
0
0
0
0
0
0
0
0
0
0
0
0
0
0
0
0
0
0
0
0
