1
2
0
0
0
0
0
1
1
0
0
1
0
0
0
0
0
0
0
0
0
2
1
0
6
4
16
31
26
38
64
72
69
100
84
83
121
95
108
142
130
147
195
198
248
278
300
325
314
341
337
336
352
358
366
385
331
394
374
393
400
375
405
451
435
474
490
416
446
461
444
513
473
504
487
529
555
518
553
573
578
569
590
590
582
621
622
624
655
603
695
652
660
630
667
714
757
772
799
757
707
780
772
799
820
801
839
860
840
907
846
877
898
865
922
918
921
978
951
917
993
1014
1001
1048
1026
1068
1032
1071
1049
1081
1080
1172
1073
1136
1151
1192
1180
1194
1173
1177
1201
1247
1249
1254
1187
1310
1268
1253
1247
1260
1322
1337
1297
1372
1349
1339
1370
1333
1368
1349
1371
1458
1387
1447
1450
1456
1435
1450
1502
1481
1497
1485
1551
1513
1596
1594
1557
1619
1579
1611
1622
1630
1635
1663
1607
1630
1633
1646
1730
1674
1704
1660
1650
1704
1744
1795
1794
1808
1803
1842
1815
1822
1848
1961
1887
1826
1920
1911
1917
1899
1981
1999
1953
1982
1993
2023
2032
2017
2074
2040
2052
2158
2189
2170
2211
2132
2245
2246
2310
2333
2358
2405
2442
2448
2520
2514
2624
2672
2664
2756
2818
2923
2977
3114
3186
3309
3580
3576
3748
3940
4147
4391
4668
4862
5497
5692
6043
6232
6619
6792
6825
6737
6523
5679
5014
4158
3277
2707
2160
1877
1750
1680
1699
1654
1670
1714
1791
1697
1721
1740
1728
1725
1776
1709
1804
1794
1855
1754
1835
1831
1827
1822
1824
1857
1960
1970
1857
1926
1941
1979
1978
1995
1952
1969
1948
2017
1934
1920
1996
2009
2049
2038
1980
2129
1995
2056
2054
2111
2058
2119
2145
2160
2195
2184
2128
2095
2188
2275
2256
2200
2233
2256
2227
2200
2354
2223
2198
2240
2393
2312
2335
2267
2354
2424
2332
2353
2339
2398
2345
2378
2337
2389
2425
2341
2498
2463
2381
2453
2443
2396
2408
2465
2396
2524
2460
2504
2542
2471
2580
2575
2451
2514
2584
2509
2567
2553
2571
2517
2608
2490
2560
2536
2633
2573
2562
2558
2600
2548
2556
2557
2604
2617
2590
2594
2765
2660
2664
2637
2689
2648
2615
2737
2711
2659
2712
2657
2703
2750
2734
2666
2758
2733
2711
2678
2748
2702
2760
2775
2806
2838
2765
2805
2848
2800
2738
2823
2795
2805
2791
2819
2862
2908
2786
2803
2809
2907
2805
2827
2818
2775
2817
2866
2747
2785
2837
2824
2940
2840
2731
2804
2828
2979
2861
2836
2930
2778
2779
2798
2830
2886
2787
2832
2761
2722
2735
2765
2802
2716
2774
2739
2805
2855
2736
2801
2740
2814
2771
2786
2722
2721
2650
2714
2736
2645
2655
2666
2730
2598
2698
2610
2723
2677
2670
2696
2518
2548
2530
2545
2615
2589
2557
2403
2487
2516
2453
2433
2344
2446
2469
2502
2399
2375
2527
2461
2470
2388
2481
2402
2433
2417
2500
2429
2374
2481
2431
2423
2560
2429
2443
2472
2465
2483
2501
2485
2580
2476
2525
2541
2490
2485
2506
2552
2487
2408
2441
2488
2508
2537
2531
2502
2515
2507
2505
2531
2526
2614
2499
2370
2431
2573
2422
2506
2523
2557
2470
2465
2439
2391
2486
2420
2490
2498
2542
2460
2428
2487
2501
2500
2521
2419
2478
2502
2351
2385
2404
2367
2456
2446
2451
2397
2431
2392
2424
2402
2436
2388
2479
2408
2420
2473
2397
2379
2494
2402
2374
2412
2375
2346
2402
2367
2428
2408
2401
2325
2305
2238
2422
2424
2372
2303
2301
2380
2341
2350
2273
2366
2343
2264
2306
2307
2322
2273
2328
2306
2328
2367
2278
2325
2317
2369
2275
2312
2405
2271
2218
2270
2227
2232
2221
2349
2336
2283
2266
2230
2242
2321
2247
2261
2298
2315
2179
2259
2270
2241
2232
2244
2299
2288
2227
2316
2214
2253
2204
2136
2216
2168
2211
2327
2205
2203
2169
2182
2171
2219
2313
2120
2167
2176
2171
2191
2203
2198
2188
2260
2247
2168
2159
2207
2090
2159
2158
2149
2110
2210
2071
2136
2204
2028
2167
2182
2091
2209
2194
2089
2151
2212
2130
2141
2242
2109
2137
2127
2134
2191
2154
1958
2166
2089
2039
2113
2060
2129
2086
2117
2120
2059
2017
2173
2110
1977
2113
2139
2060
2074
2077
2153
2062
2088
2107
2048
2130
2034
2008
2135
2050
2052
2103
2021
2001
2071
2147
2056
2113
2064
2100
2063
2005
2083
2009
2029
2056
2057
2054
2075
2037
2044
1987
2016
2033
1932
2041
2050
1995
2044
2060
1973
1981
1988
1955
1970
2037
2001
1998
2009
2073
1984
2052
1960
2022
1968
1985
2088
1970
2030
1991
2040
2006
1930
2007
1985
1949
1942
1993
1974
2007
1912
2080
1907
1920
1919
1998
1960
2020
2000
1954
1984
1875
1985
1902
1974
1922
1933
2009
1952
1860
1921
1914
1930
1957
2000
1958
1937
1918
1941
1982
2046
1933
1973
1985
1945
1835
2019
1947
1958
1868
1926
1825
1853
1964
1903
1883
1902
1933
1952
1906
1917
1867
1957
1850
1819
1873
1884
1884
1943
1897
1899
1911
1828
1804
1936
1986
1923
1847
1858
1882
1866
1773
1856
1877
1843
1876
1855
1874
1818
1807
1927
1902
1769
1812
1846
1869
1883
1870
1813
1795
1812
1824
1853
1830
1766
1866
1837
1852
1824
1946
1911
1822
1875
2009
1878
1902
1792
1858
1825
1850
1852
1794
1773
1778
1784
1815
1796
1837
1764
1862
1792
1805
1843
1791
1781
1803
1846
1841
1923
1750
1924
1772
1803
1866
1834
1786
1822
1797
1820
1911
1818
1806
1681
1838
1808
1806
1790
1905
1832
1738
1825
1766
1788
1820
1878
1765
1823
1784
1772
1836
1839
1813
1798
1782
1823
1809
1867
1803
1763
1744
1798
1850
1803
1700
1837
1837
1775
1814
1773
1757
1778
1691
1824
1759
1772
1849
1797
1748
1736
1792
1722
1863
1748
1756
1707
1749
1750
1811
1752
1749
1796
1816
1721
1767
1674
1846
1799
1780
1769
1768
1828
1785
1708
1750
1815
1775
1780
1724
1755
1783
1750
1800
1750
1746
1757
1810
1679
1697
1800
1709
1680
1787
1747
1759
1792
1790
1733
1674
1738
1728
1747
1717
1716
1769
1757
1803
1717
1756
1658
1734
1679
1692
1706
1803
1786
1684
1706
1729
1783
1748
1711
1664
1687
1769
1688
1701
1754
1677
1725
1705
1755
1673
1752
1721
1719
1636
1702
1685
1700
1662
1715
1735
1681
1720
1685
1781
1617
1736
1703
1683
1744
1682
1732
1679
1720
1729
1711
1668
1594
1707
1633
1690
1652
1693
1629
1656
1712
1688
1667
1723
1786
1750
1677
1678
1689
1674
1736
1708
1693
1700
1722
1645
1692
1717
1737
1756
1651
1672
1704
1719
1719
1687
1659
1708
1628
1674
1681
1669
1694
1654
1667
1680
1687
1645
1648
1653
1675
1619
1676
1652
1774
1752
1656
1701
1602
1679
1706
1785
1736
1739
1656
1677
1688
1631
1675
1652
1643
1690
1662
1711
1693
1616
1700
1695
1672
1641
1639
1743
1686
1711
1681
1716
1613
1586
1703
1717
1608
1665
1658
1617
1671
1613
1666
1621
1649
1638
1631
1661
1595
1676
1738
1595
1634
1634
1708
1653
1646
1607
1686
1626
1679
1622
1687
1589
1685
1670
1661
1644
1695
1641
1617
1640
1605
1658
1616
1620
1723
1788
1694
1671
1662
1688
1694
1549
1723
1693
1695
1592
1652
1677
1656
1640
1683
1661
1717
1650
1673
1599
1651
1608
1686
1597
1650
1736
1725
1600
1671
1593
1630
1672
1598
1610
1604
1591
1600
1641
1586
1656
1668
1622
1637
1594
1682
1578
1625
1613
1630
1662
1607
1643
1591
1670
1661
1608
1615
1670
1554
1606
1623
1626
1556
1683
1651
1637
1648
1573
1603
1684
1648
1705
1597
1583
1638
1642
1550
1565
1600
1653
1681
1692
1655
1585
1566
1630
1592
1577
1650
1606
1556
1583
1634
1578
1660
1594
1582
1611
1629
1708
1564
1612
1621
1572
1614
1564
1635
1593
1657
1655
1621
1584
1659
1680
1656
1679
1547
1559
1585
1591
1556
1628
1594
1653
1611
1582
1540
1551
1620
1567
1658
1552
1519
1575
1563
1592
1609
1577
1559
1578
1632
1587
1550
1603
1536
1560
1626
1583
1616
1513
1585
1574
1574
1553
1549
1560
1591
1625
1640
1562
1569
1493
1498
1558
1560
1569
1589
1578
1539
1563
1518
1527
1478
1603
1622
1581
1439
1584
1550
1498
1543
1509
1459
1465
1557
1511
1453
1497
1594
1517
1536
1554
1561
1546
1558
1589
1530
1569
1492
1584
1564
1531
1543
1478
1523
1507
1540
1467
1494
1503
1504
1566
1532
1445
1473
1555
1458
1453
1472
1493
1533
1500
1479
1541
1437
1402
1481
1488
1524
1571
1433
1545
1529
1458
1410
1500
1491
1452
1449
1432
1416
1371
1482
1464
1457
1480
1408
1447
1487
1453
1461
1429
1451
1396
1459
1387
1441
1382
1371
1432
1434
1462
1448
1404
1356
1352
1340
1305
1401
1404
1434
1340
1347
1348
1409
1340
1319
1357
1377
1400
1340
1396
1269
1364
1375
1420
1442
1317
1348
1304
1310
1363
1308
1401
1284
1294
1307
1328
1352
1363
1356
1369
1289
1250
1245
1319
1295
1315
1363
1318
1285
1237
1250
1323
1281
1348
1348
1256
1301
1284
1249
1217
1240
1176
1261
1271
1268
1281
1332
1221
1268
1240
1240
1263
1178
1206
1222
1252
1240
1224
1160
1268
1237
1239
1310
1246
1215
1223
1196
1251
1227
1228
1252
1219
1263
1239
1204
1169
1180
1198
1211
1176
1193
1192
1148
1220
1219
1119
1169
1268
1175
1154
1214
1178
1185
1159
1167
1159
1166
1096
1153
1173
1116
1185
1197
1171
1197
1120
1091
1149
1153
1155
1116
1135
1138
1150
1047
1101
1149
1081
1084
1083
1088
1106
1106
1064
1096
1125
1082
1103
1029
1048
1063
1118
1029
1027
1127
1165
1124
1118
1021
1062
1021
1010
1047
1071
1053
1075
1097
1088
1023
1053
1013
1020
1003
1085
1040
1073
1032
996
967
1102
1004
1077
1076
1039
1007
986
1046
994
1024
1049
996
1052
991
1025
1000
1042
990
1084
957
1001
999
1050
960
980
967
991
1046
1006
991
972
1073
1006
1013
982
979
1014
1003
1007
983
1030
1020
994
1037
956
1010
995
1011
979
996
979
967
961
1017
958
982
1031
1010
924
972
1002
990
987
1032
996
1012
975
1004
961
1060
960
1015
1041
926
943
988
987
1012
1033
959
1018
1040
974
985
999
960
1013
1058
1017
1018
961
1013
1054
978
970
997
973
988
995
969
955
996
1039
974
1012
1012
989
1060
1010
970
1051
1096
973
997
1007
1052
973
1030
1030
1021
1118
994
1032
1055
1003
995
1042
1082
1081
1111
1007
1031
1052
1053
1058
1054
1047
1087
1044
1035
1068
1112
1052
1072
1169
1081
1082
1105
1096
1136
1086
1115
1137
1078
1090
1138
1113
1147
1118
1115
1119
1099
1115
1138
1145
1126
1151
1177
1221
1176
1174
1113
1195
1169
1223
1240
1210
1153
1229
1206
1187
1252
1210
1168
1194
1257
1201
1198
1211
1232
1241
1291
1297
1258
1233
1309
1263
1262
1283
1379
1318
1326
1279
1260
1257
1312
1300
1362
1317
1365
1408
1353
1315
1308
1375
1370
1398
1423
1419
1411
1443
1443
1410
1386
1396
1479
1460
1473
1412
1444
1458
1527
1434
1482
1508
1485
1526
1502
1411
1480
1505
1562
1563
1569
1513
1484
1621
1615
1622
1584
1598
1592
1595
1650
1636
1631
1580
1675
1631
1636
1644
1681
1685
1675
1729
1680
1714
1692
1717
1649
1660
1756
1695
1717
1803
1704
1781
1833
1802
1861
1823
1813
1924
1828
1860
1828
1866
1854
1850
1865
1883
1855
1825
1942
1930
1948
2017
1897
1882
1936
1898
1947
1891
2006
1984
2019
2087
2001
1962
2043
2037
2032
1988
2007
2029
1964
2118
2105
2047
2053
2101
2146
2107
2167
2109
2094
2164
2216
2165
2123
2132
2187
2145
2243
2197
2208
2253
2178
2315
2299
2233
2239
2291
2233
2277
2230
2291
2332
2348
2335
2292
2320
2339
2243
2406
2303
2396
2287
2436
2283
2378
2450
2339
2329
2411
2386
2474
2425
2418
2438
2419
2425
2463
2509
2488
2528
2391
2578
2498
2479
2417
2504
2494
2584
2519
2420
2524
2540
2577
2550
2584
2487
2588
2534
2582
2499
2617
2650
2561
2658
2665
2691
2603
2569
2634
2719
2678
2661
2789
2707
2693
2718
2681
2662
2666
2660
2564
2701
2679
2721
2647
2690
2705
2772
2780
2684
2694
2702
2731
2703
2768
2752
2806
2707
2750
2743
2795
2752
2737
2745
2764
2817
2748
2819
2882
2729
2907
2705
2759
2803
2801
2852
2856
2930
2853
2792
2819
2805
2937
2819
2874
2825
2926
2800
2899
2798
2872
2858
2868
2835
2869
2947
2895
2913
2898
2821
2844
2925
2843
2898
2900
2875
2776
2811
2874
2862
2802
2862
2846
2919
2766
2846
2825
2816
2782
2905
2786
2847
2935
2884
2873
2901
2840
2891
2888
2873
2850
2834
2790
2792
2861
2831
2818
2883
2705
2832
2887
2874
2869
2866
2806
2813
2884
2844
2927
2788
2787
2885
2784
2888
2908
2812
2763
2735
2771
2851
2814
2856
2878
2792
2938
2683
2674
2727
2770
2704
2711
2748
2754
2741
2829
2797
2737
2697
2744
2718
2729
2790
2737
2779
2780
2835
2722
2645
2750
2708
2727
2612
2662
2743
2740
2762
2765
2675
2733
2593
2567
2708
2652
2696
2672
2624
2596
2579
2644
2689
2705
2614
2675
2676
2660
2599
2502
2652
2586
2643
2565
2604
2630
2515
2485
2631
2639
2560
2556
2515
2553
2550
2584
2565
2485
2552
2501
2501
2448
2453
2521
2499
2503
2425
2494
2529
2376
2422
2466
2456
2475
2429
2369
2450
2375
2348
2407
2388
2382
2433
2353
2385
2377
2411
2348
2285
2367
2404
2302
2343
2335
2313
2385
2207
2271
2326
2336
2268
2311
2209
2376
2250
2279
2184
2181
2250
2194
2313
2226
2224
2231
2196
2224
2182
2117
2212
2231
2238
2138
2222
2181
2145
2114
2150
2162
2097
2132
2142
2108
2147
2039
2146
2077
2190
2020
2157
2041
2089
2211
2051
2112
1971
2066
2048
2007
1990
2015
2018
2062
1919
2038
1946
2021
1896
1956
1933
1949
1980
1945
1997
1867
1836
2004
1916
1940
1939
1878
1865
1920
1888
1914
1871
1810
1826
1890
1805
1875
1810
1820
1809
1911
1813
1913
1736
1791
1795
1892
1801
1722
1799
1833
1793
1709
1800
1774
1714
1782
1764
1751
1799
1716
1757
1719
1772
1712
1751
1704
1700
1712
1711
1701
1647
1604
1718
1693
1623
1617
1645
1602
1651
1718
1662
1642
1614
1569
1576
1712
1578
1645
1648
1539
1640
1600
1595
1546
1605
1498
1571
1572
1573
1542
1574
1506
1556
1523
1538
1531
1422
1499
1442
1565
1434
1545
1496
1463
1434
1482
1488
1506
1475
1475
1558
1361
1394
1419
1413
1406
1464
1486
1427
1400
1412
1425
1459
1429
1386
1394
1439
1446
1365
1397
1341
1439
1400
1418
1379
1372
1370
1363
1375
1367
1360
1342
1329
1366
1369
1314
1336
1357
1381
1263
1292
1331
1315
1241
1361
1265
1349
1295
1272
1231
1304
1292
1276
1229
1263
1216
1259
1258
1244
1257
1292
1250
1203
1226
1244
1185
1225
1257
1220
1242
1220
1202
1258
1139
1202
1247
1193
1282
1106
1220
1236
1185
1196
1183
1184
1179
1166
1099
1152
1237
1152
1146
1164
1080
1168
1154
1097
1154
1178
1122
1157
1127
1097
1136
1219
1106
1143
1137
1109
1104
1058
1150
1079
1099
1154
1048
1090
1050
1129
1057
1095
1019
1101
1047
1086
1061
1170
1073
986
1067
1087
1075
1031
1064
1101
961
1036
1070
1020
1026
1035
1064
1026
993
948
1045
1011
1045
1087
1025
952
1034
952
995
1014
1034
986
962
1002
993
992
1016
1010
1018
965
1007
920
922
931
1002
951
976
929
958
923
951
966
995
982
995
960
955
944
945
888
929
942
962
904
904
950
929
968
931
937
948
967
889
931
900
880
923
938
928
905
882
885
910
836
920
941
891
846
877
877
907
903
914
866
878
882
895
878
887
840
888
884
867
859
869
848
911
807
854
860
881
885
886
920
896
839
883
863
864
879
856
846
788
870
884
871
847
843
864
839
824
811
793
825
882
873
800
825
804
782
818
776
841
788
771
819
815
742
843
813
845
819
826
810
789
827
802
738
809
771
790
805
766
802
841
809
750
811
757
763
793
750
777
728
764
783
787
760
804
781
787
783
779
767
781
727
807
736
780
749
743
755
771
762
690
737
747
752
762
691
735
772
742
716
750
721
755
768
766
730
758
768
704
682
680
728
757
673
720
703
717
733
678
686
732
722
729
727
690
743
716
654
680
699
732
713
658
692
659
655
667
689
766
679
732
736
635
672
677
664
719
710
668
694
643
730
673
691
684
691
653
658
677
740
672
692
648
694
663
669
642
634
677
656
697
695
671
698
653
692
661
648
684
636
642
689
655
652
667
612
646
644
640
627
654
675
636
654
608
682
677
665
615
644
619
637
609
613
692
636
652
597
600
572
608
618
628
648
642
642
610
548
609
647
612
635
654
589
609
560
610
646
574
582
621
585
619
650
598
601
629
588
614
604
606
629
564
546
555
600
610
557
560
582
562
563
582
582
566
540
576
553
604
602
535
545
590
558
583
576
546
573
628
555
549
594
538
561
550
582
582
545
566
566
526
563
584
545
583
582
557
522
525
555
544
523
576
557
571
537
581
514
556
539
550
506
519
502
539
509
528
489
546
502
519
584
543
566
525
500
533
531
485
518
500
511
537
545
516
505
503
509
482
526
483
499
533
484
526
489
479
535
497
496
495
503
457
533
524
509
508
487
485
480
471
491
508
486
469
460
465
457
484
430
465
480
454
480
474
466
499
494
454
510
463
481
473
462
470
436
461
426
471
456
459
450
439
453
454
400
477
450
454
440
452
440
422
436
422
460
421
419
405
437
451
406
380
422
426
445
440
419
390
417
371
428
397
416
412
387
415
385
405
407
402
406
364
398
426
446
399
409
420
369
393
410
383
384
375
388
355
381
408
380
410
375
385
353
390
370
384
372
360
392
379
387
349
366
356
368
372
359
362
395
374
332
367
349
352
367
366
346
378
366
345
358
357
345
339
364
315
313
349
353
331
362
345
352
304
324
348
304
346
326
350
320
363
308
308
336
356
327
294
343
333
333
322
296
328
314
312
308
317
303
307
335
315
315
305
306
281
280
323
301
309
289
316
297
295
282
292
283
329
300
282
285
306
280
275
271
327
320
288
296
299
273
289
282
265
269
265
268
271
295
257
307
258
292
266
282
265
250
275
267
258
271
251
266
244
277
262
269
280
252
248
229
278
242
254
243
261
253
241
250
234
238
232
242
234
222
248
240
216
231
245
219
231
239
220
228
228
238
212
243
227
226
216
204
238
252
210
234
205
216
204
244
248
209
209
216
225
225
242
187
238
207
214
211
221
218
197
223
203
209
236
193
209
207
218
196
180
222
206
200
201
210
201
164
192
180
193
217
195
206
201
173
168
184
188
193
187
184
197
170
174
184
193
188
176
178
179
187
166
174
161
178
185
188
184
179
164
166
168
180
178
174
176
182
195
147
157
174
168
161
170
171
164
160
158
159
171
155
133
141
169
165
171
157
144
156
180
146
138
163
149
143
159
156
141
155
144
166
142
129
157
140
154
149
131
139
138
160
153
140
140
146
150
136
161
140
127
143
140
137
145
133
147
146
136
128
123
141
151
143
147
140
132
118
139
115
129
144
134
128
146
129
124
123
120
95
148
123
118
125
138
118
133
130
116
122
111
102
113
134
113
100
136
117
127
129
132
115
121
100
111
108
125
118
112
119
127
134
111
106
114
101
127
116
98
116
117
122
119
117
118
114
99
112
100
103
106
97
100
107
114
106
108
108
108
97
97
97
106
104
110
114
98
110
100
92
108
132
111
97
102
99
107
102
113
85
91
109
104
105
95
104
98
90
101
92
119
96
84
95
97
82
106
90
90
82
103
82
96
103
82
82
96
82
101
82
81
81
97
81
112
83
100
96
79
73
99
92
88
84
85
79
85
73
74
82
80
80
92
90
95
91
94
100
87
110
87
89
79
81
83
85
68
82
89
85
70
92
67
76
74
89
83
81
75
83
80
82
91
76
58
70
73
78
71
84
96
91
72
77
71
63
74
66
76
71
70
71
68
77
79
75
81
60
68
70
75
69
65
78
76
67
69
66
77
72
64
79
72
76
75
72
77
79
70
62
71
65
63
68
68
71
72
77
67
70
68
70
69
56
76
51
78
59
69
82
64
73
72
56
62
73
75
60
64
69
68
65
62
70
61
60
63
57
51
65
56
66
82
63
65
56
54
67
64
65
54
51
61
72
71
56
67
59
68
60
54
47
81
59
67
53
55
65
73
67
46
61
55
56
60
66
54
45
68
50
47
61
59
65
51
61
63
52
58
64
51
65
39
57
60
50
68
61
45
37
62
53
66
66
51
49
50
66
48
52
54
52
51
43
47
46
58
64
45
41
62
51
44
48
62
56
49
56
74
45
49
66
59
46
49
51
49
47
55
55
58
56
61
38
46
43
64
44
45
47
44
55
41
55
42
53
44
38
43
54
45
50
46
44
44
45
46
46
54
45
42
33
48
49
46
53
51
50
40
30
48
36
41
48
39
45
50
53
42
38
43
44
52
39
43
41
41
37
41
50
36
49
38
45
28
38
39
40
49
37
49
37
40
37
34
35
42
44
39
35
42
33
37
35
37
32
35
49
39
39
32
32
38
36
36
33
34
37
32
38
27
40
37
33
44
32
33
33
48
35
40
40
28
39
29
35
36
33
36
38
31
32
38
27
32
33
37
34
33
29
42
32
37
29
32
43
40
41
33
29
25
27
35
35
38
30
36
27
37
31
38
41
30
25
34
23
36
31
24
27
25
30
38
26
36
28
29
37
19
21
27
31
35
28
27
27
32
20
25
27
31
31
31
24
31
32
25
33
33
31
26
34
40
26
17
16
29
26
29
29
27
30
24
28
29
22
21
23
29
29
30
24
27
28
16
27
23
23
24
23
26
24
28
17
31
22
25
23
28
22
25
26
19
26
21
25
24
16
26
20
24
18
20
22
22
19
19
23
24
21
17
27
23
29
17
17
27
14
19
27
25
22
26
13
24
22
24
26
19
17
24
19
23
25
18
15
17
18
15
16
20
23
20
16
26
21
17
18
19
21
20
21
16
18
28
14
15
16
26
24
19
21
25
19
15
22
21
16
18
22
23
25
16
20
18
15
19
19
17
9
14
19
27
12
15
25
16
19
7
19
22
22
23
12
12
20
12
21
18
18
13
15
19
12
17
15
11
14
12
18
15
16
14
18
20
14
17
15
8
19
14
11
16
18
16
20
14
18
10
18
18
20
20
14
13
15
22
17
21
16
14
13
13
16
24
21
13
15
18
12
16
12
17
9
16
15
17
9
11
5
11
19
17
11
16
22
12
18
9
24
14
16
14
16
12
8
17
15
11
16
15
13
9
18
10
11
12
11
17
8
11
8
7
17
11
13
13
10
13
16
16
9
14
14
7
13
13
15
10
16
9
11
7
14
15
12
13
17
11
10
9
11
11
8
9
9
16
11
7
13
14
9
11
8
15
12
7
11
7
10
9
11
12
9
12
17
8
11
10
10
9
9
12
8
11
11
9
13
13
12
13
17
12
11
7
9
8
10
8
9
15
12
7
7
8
9
16
9
12
10
8
7
3
11
11
7
9
5
12
11
6
12
10
8
11
12
15
5
10
5
14
9
10
9
11
12
5
12
8
7
9
6
11
14
14
9
6
8
7
13
9
8
12
8
11
11
7
10
7
13
11
5
13
10
9
11
6
7
12
10
9
9
5
4
14
10
13
10
10
11
9
7
12
9
10
11
10
9
8
3
7
7
11
10
7
11
9
10
13
9
4
12
7
7
9
5
8
11
10
8
9
12
6
11
5
5
12
13
11
5
15
10
9
9
9
9
4
9
8
17
4
15
5
11
5
10
7
8
9
8
6
14
13
10
9
10
7
9
11
4
7
6
8
4
8
10
7
6
11
7
8
4
10
10
6
3
12
10
5
8
9
15
11
8
10
5
4
11
6
3
5
6
5
7
9
7
7
3
3
7
8
9
8
6
8
8
9
9
9
5
5
10
8
12
7
5
6
7
9
10
7
8
10
6
3
2
5
7
4
2
6
7
8
9
9
8
6
17
9
10
8
6
7
8
9
7
9
6
9
4
2
8
8
8
6
9
5
8
6
10
6
10
4
6
6
4
3
4
4
7
8
4
5
6
8
5
5
10
7
8
6
4
5
7
1
4
10
6
5
3
10
5
9
9
6
10
8
6
8
6
7
6
9
3
6
11
4
10
4
3
5
7
3
4
9
6
5
4
10
3
2
6
8
3
6
4
3
6
3
6
8
2
9
8
3
6
3
2
5
10
6
7
7
5
5
5
6
7
4
4
5
9
7
3
7
5
7
2
8
4
7
10
6
1
4
7
3
5
5
3
3
6
6
4
3
8
8
6
2
3
0
5
4
7
2
4
8
4
6
2
3
5
8
4
6
3
8
4
1
4
4
8
3
6
4
4
2
2
7
5
3
11
7
3
4
5
3
7
11
1
5
4
6
9
2
4
7
2
1
7
3
6
0
7
7
2
6
4
6
5
4
5
4
3
4
5
5
7
4
6
4
5
5
5
7
7
6
3
6
5
5
1
5
4
7
0
4
4
0
1
6
2
6
4
4
3
4
4
3
2
3
7
5
4
8
8
4
3
4
5
2
1
3
1
2
3
3
6
6
6
9
3
6
5
5
4
5
7
6
7
6
0
7
2
1
6
4
1
4
3
4
8
4
2
5
3
3
2
6
3
2
4
1
4
5
3
1
1
4
2
3
3
4
6
1
2
3
4
4
4
8
5
4
3
5
4
3
2
5
4
3
6
2
2
1
1
1
2
3
5
2
6
3
4
7
3
4
3
6
5
2
5
2
3
3
5
2
4
3
3
4
5
5
3
1
3
8
6
5
1
1
3
7
4
2
10
8
2
3
2
4
4
5
5
6
2
2
2
2
5
3
3
3
3
1
2
6
2
6
4
3
2
4
5
6
4
3
7
4
5
5
4
1
5
4
2
2
4
2
1
1
2
1
2
1
5
3
0
5
5
3
2
7
4
3
5
2
5
5
5
4
4
3
3
3
2
3
0
5
1
5
2
3
5
1
0
5
2
8
7
1
2
6
0
3
3
6
2
2
4
2
6
2
0
0
5
3
5
0
7
2
0
2
5
2
2
3
2
2
3
3
2
1
1
1
8
4
2
4
4
4
1
3
3
3
1
1
3
2
2
3
6
1
4
4
2
4
2
8
3
2
2
4
1
0
3
2
1
6
3
1
3
1
1
4
2
2
2
2
4
1
3
2
0
2
3
2
4
1
3
1
3
0
2
5
4
4
1
2
3
2
6
0
1
3
2
3
0
2
5
3
3
3
2
2
3
3
0
2
3
1
1
3
0
4
2
1
1
1
2
3
2
5
2
2
2
3
1
1
4
4
4
4
1
0
0
4
1
3
4
4
2
1
3
0
0
1
3
1
2
3
3
0
3
0
0
2
3
2
1
1
0
2
2
0
2
2
0
1
0
0
1
1
0
1
0
3
3
5
2
3
2
2
1
3
2
0
4
2
0
2
1
1
3
1
0
3
2
4
2
1
2
1
2
0
2
1
2
2
4
2
1
5
0
0
3
3
1
1
2
1
1
2
3
0
2
3
1
1
2
5
3
0
2
1
1
2
2
3
1
1
1
2
2
4
2
1
0
3
3
1
0
0
2
1
2
1
3
2
2
1
3
3
4
3
2
2
1
2
1
0
3
0
1
1
2
1
2
1
0
3
3
2
2
1
0
1
0
2
0
6
0
2
0
2
1
1
1
0
2
2
3
1
0
2
3
1
2
2
2
3
1
2
2
0
0
1
2
2
0
2
1
2
2
1
0
1
0
2
1
2
2
2
1
0
1
1
1
0
3
1
0
4
3
0
1
1
2
0
1
3
1
0
1
1
4
0
1
1
3
0
1
0
4
0
2
2
0
0
1
1
2
0
2
0
1
0
1
0
0
0
3
1
1
0
2
0
1
0
0
0
1
4
1
2
0
1
0
0
1
0
2
2
1
2
1
2
0
1
0
1
0
1
3
3
0
0
0
1
1
0
1
0
1
0
0
0
1
1
0
1
0
0
1
2
3
1
1
0
2
2
2
1
0
2
3
2
3
2
1
0
0
0
3
1
0
0
0
0
0
1
0
0
0
0
0
1
0
1
1
1
1
1
0
1
1
5
0
2
1
1
0
1
0
1
2
2
0
2
1
0
1
1
1
0
1
3
1
0
2
0
1
1
2
2
2
0
0
1
1
2
0
1
2
2
0
1
3
0
0
0
1
4
1
0
1
0
1
0
1
1
1
0
1
0
1
0
0
0
2
1
0
0
0
0
0
1
1
3
0
1
0
1
2
0
0
1
0
1
0
0
0
0
1
1
1
0
3
2
2
1
0
3
1
3
0
0
0
1
1
3
0
0
1
1
0
0
0
0
0
1
1
0
1
0
1
0
1
1
0
0
1
1
1
0
0
1
0
0
0
0
0
3
0
1
2
0
0
0
0
1
0
3
0
1
0
1
0
1
0
0
1
3
0
0
1
1
0
0
0
0
1
1
0
1
3
0
0
2
2
5
1
0
0
0
1
1
1
1
2
0
1
0
1
1
1
0
0
0
0
0
0
1
0
1
0
0
0
0
0
0
0
1
0
0
0
2
0
0
0
0
0
0
1
0
0
1
1
1
0
0
0
0
1
0
0
0
0
1
0
0
0
0
0
0
2
0
0
0
0
0
1
0
0
0
0
1
1
1
0
0
0
1
1
0
0
1
1
1
0
0
1
0
0
0
0
0
0
0
1
0
2
0
0
0
1
2
0
0
2
1
0
0
0
0
0
0
0
1
0
0
0
0
1
0
0
1
0
0
0
2
1
0
0
1
0
0
0
0
0
1
0
0
1
0
2
0
1
0
0
0
1
0
1
0
0
0
0
1
0
0
0
0
0
1
0
0
0
0
0
0
1
0
0
1
0
0
1
0
0
0
0
0
0
0
1
0
0
0
0
0
0
0
0
1
0
1
0
0
0
0
1
0
0
1
0
0
1
0
0
1
0
1
0
1
0
1
0
0
0
0
0
0
0
0
0
0
0
0
0
1
0
1
1
0
0
1
0
1
0
0
1
0
0
0
0
1
0
1
0
0
0
1
1
0
2
0
0
0
0
0
1
0
2
0
1
0
0
1
0
2
0
1
1
0
0
0
1
0
0
0
0
0
0
0
0
0
0
2
1
1
0
0
0
0
0
0
0
0
0
0
0
0
0
0
0
0
0
0
0
0
0
0
0
0
0
1
1
0
0
0
0
0
0
0
1
0
0
1
0
0
0
0
0
1
0
1
0
0
0
0
0
0
0
1
0
0
0
1
0
0
0
2
0
1
0
0
0
0
1
0
0
0
0
0
2
1
0
1
0
0
0
0
0
0
1
0
0
0
0
0
0
0
0
0
0
0
0
0
1
0
1
1
0
0
0
0
0
0
0
0
0
0
0
0
0
0
0
0
0
0
2
0
0
0
0
0
0
0
0
0
0
0
0
0
0
0
0
0
1
0
1
0
0
0
0
0
0
0
0
0
0
0
0
0
1
0
0
0
0
0
0
0
0
0
0
0
0
0
0
0
1
0
0
0
0
1
0
1
1
0
0
0
0
0
1
1
0
0
0
1
0
1
0
0
0
0
0
0
0
0
0
0
0
0
0
0
0
1
0
0
0
0
0
0
0
1
2
0
0
0
0
0
2
1
0
0
0
0
0
0
0
0
0
0
1
1
0
0
0
0
0
0
0
0
0
1
0
0
1
0
0
0
0
0
0
0
0
0
0
0
1
1
0
0
0
0
0
0
0
0
0
0
0
0
0
0
0
0
0
0
0
0
0
0
0
0
0
0
0
0
0
0
0
0
0
0
0
0
0
0
0
0
0
0
0
0
0
0
0
0
0
0
0
1
0
0
2
1
0
2
0
1
0
0
0
0
0
0
0
0
0
0
0
0
0
0
0
0
0
0
0
0
1
0
0
0
0
0
0
0
0
0
0
0
0
0
0
0
0
0
0
2
0
0
0
0
0
0
0
0
0
0
0
0
1
0
0
0
0
0
0
0
0
1
0
0
0
0
0
0
1
0
0
0
0
0
0
0
0
0
0
0
0
0
0
0
0
0
0
0
0
0
0
0
0
0
0
0
0
0
0
0
0
0
0
0
0
0
0
1
0
0
0
0
0
0
0
0
0
0
0
0
0
0
0
0
1
0
0
0
0
0
0
0
0
0
0
0
0
0
0
0
0
0
0
0
0
0
0
0
1
0
0
0
0
0
0
1
0
0
0
0
0
0
0
0
0
0
0
0
2
0
0
0
0
0
0
0
0
0
0
0
0
0
0
0
0
1
0
0
0
1
0
0
0
0
0
0
0
0
0
0
0
0
0
0
0
0
0
0
1
0
0
0
0
0
0
0
0
0
0
0
0
0
0
0
0
0
0
0
0
0
0
0
0
0
0
0
0
0
0
0
0
0
0
0
0
0
1
0
0
0
0
0
0
0
0
0
1
0
0
0
0
0
0
0
0
0
0
0
0
0
0
0
0
0
0
0
0
0
0
0
0
0
1
0
0
0
0
0
0
0
0
0
0
0
0
0
0
0
0
0
0
0
0
0
0
0
0
0
0
0
0
0
0
0
0
0
0
0
0
0
0
0
0
0
0
0
0
0
0
0
0
1
0
0
0
0
0
1
0
0
0
0
0
0
0
0
0
0
0
0
0
1
0
0
0
0
0
0
0
0
0
0
0
0
0
0
0
0
1
0
0
0
0
0
0
0
0
0
0
0
0
0
0
0
0
0
0
0
0
0
0
0
0
0
0
0
0
0
0
1
0
0
0
0
0
0
0
0
0
0
0
0
0
0
0
0
0
0
0
0
0
0
0
0
0
0
0
0
0
0
0
0
0
0
0
0
0
0
0
0
0
0
0
0
0
0
0
0
0
0
1
0
0
0
0
0
0
0
0
0
0
0
0
0
0
0
1
0
0
0
0
0
0
0
0
0
0
0
0
0
0
0
0
0
0
0
0
0
0
0
0
0
0
0
0
0
0
0
0
0
0
0
0
1
0
0
0
0
0
0
0
0
0
0
0
0
0
0
0
0
0
0
0
0
0
0
0
0
0
0
0
0
0
0
0
0
0
0
0
0
0
0
0
0
0
0
0
0
0
0
0
0
0
0
0
0
0
0
0
0
0
0
0
0
0
0
0
0
0
0
0
0
0
0
0
0
0
0
0
0
0
0
0
0
0
0
1
0
0
0
0
1
0
0
0
0
0
0
0
0
0
0
0
0
0
0
0
0
0
0
0
0
0
0
0
0
0
0
0
0
0
0
0
0
0
0
0
0
0
0
0
0
0
1
0
0
0
0
0
0
0
0
0
0
0
0
0
0
0
0
0
0
0
0
0
0
0
0
0
0
0
0
0
0
0
0
0
0
0
0
0
0
0
0
0
0
0
0
0
0
0
0
0
0
0
0
0
0
1
0
0
0
0
0
0
0
0
0
0
0
0
0
0
0
0
0
0
0
0
0
0
0
0
0
0
0
0
0
0
0
0
0
0
0
0
0
0
0
0
0
0
0
0
0
0
0
1
0
0
0
0
0
0
0
0
0
0
0
0
0
0
0
0
0
0
0
0
0
0
0
0
0
0
0
0
0
0
0
0
0
0
1
0
0
0
0
0
0
0
0
0
0
0
0
0
0
0
0
0
0
0
0
0
0
0
0
0
0
0
0
0
0
0
0
0
0
0
0
0
0
0
0
0
0
0
0
0
0
0
0
0
0
0
0
0
0
0
0
0
0
0
0
0
0
0
0
0
0
0
0
0
0
0
0
0
0
0
0
0
0
0
0
0
0
0
0
0
0
0
0
0
0
0
0
0
0
0
0
0
0
0
0
0
0
0
0
0
0
0
0
0
0
0
0
0
0
0
0
0
0
0
0
0
0
0
0
0
0
0
0
0
0
0
0
0
0
0
0
0
0
0
0
0
0
0
0
0
0
0
0
0
0
0
0
0
0
0
0
0
0
0
0
0
0
0
0
0
0
0
0
0
0
0
0
0
0
0
0
0
0
0
0
0
0
0
0
0
0
0
0
0
0
0
0
0
0
0
0
0
0
0
0
0
0
0
0
0
0
0
0
0
0
0
0
0
0
0
0
0
0
0
0
0
0
0
0
0
0
0
0
0
0
0
0
0
0
0
0
0
0
0
0
0
0
0
0
0
0
0
0
0
0
0
0
0
0
0
0
0
0
1
0
0
0
0
0
0
0
0
0
0
0
0
0
0
0
0
0
0
0
0
0
0
0
0
0
0
1
0
0
0
0
0
0
0
0
0
0
0
0
0
0
0
0
0
0
0
0
0
0
0
0
0
0
0
0
0
0
0
0
0
0
0
0
0
0
0
0
0
0
0
0
0
0
0
0
1
0
0
0
0
0
0
0
0
0
0
0
0
0
0
0
0
0
0
0
0
0
0
0
0
0
0
0
0
0
0
0
0
0
0
0
0
0
0
0
0
0
0
0
0
0
0
0
0
0
0
0
0
0
0
0
0
0
0
0
0
0
0
0
0
0
0
0
0
0
0
0
0
0
0
0
0
0
0
0
0
0
0
0
0
0
0
0
0
0
0
0
0
0
0
0
0
0
0
0
0
0
0
0
0
0
0
0
0
0
0
0
0
0
0
0
0
0
0
0
0
0
0
0
0
0
0
0
0
0
0
0
0
0
0
0
0
0
0
0
0
0
0
0
0
0
0
0
0
0
0
0
0
0
0
0
0
0
0
0
0
0
0
0
0
0
0
0
0
0
0
0
0
0
0
0
0
0
0
0
0
0
0
0
0
0
0
0
0
0
0
0
0
0
0
0
0
0
0
0
0
0
0
0
0
0
0
0
0
0
0
0
0
0
0
0
0
0
0
0
0
0
0
0
0
0
0
0
0
0
0
0
0
0
0
0
0
0
0
0
0
0
0
0
0
0
0
0
0
0
0
0
0
0
0
0
0
0
0
0
0
0
0
0
0
0
0
0
0
0
0
0
0
0
0
0
0
0
0
0
0
0
0
0
0
0
0
0
0
0
0
0
0
0
0
0
0
0
0
0
0
0
0
0
0
0
0
0
0
0
0
0
0
0
0
0
0
0
0
0
0
0
0
0
0
0
0
0
0
0
0
0
0
0
0
0
0
0
0
0
0
0
0
0
0
0
0
0
0
0
0
0
0
0
0
0
0
0
0
0
0
0
0
0
0
0
0
0
0
0
0
0
0
0
0
0
0
0
0
0
0
0
0
0
0
0
0
0
0
0
0
0
0
0
0
0
0
0
0
0
0
0
0
0
0
0
0
0
0
0
0
0
0
0
0
0
0
0
0
0
0
0
0
0
0
0
0
0
0
0
0
0
0
0
0
0
0
0
0
0
0
0
0
0
0
0
0
0
0
0
0
0
0
0
0
0
0
0
0
0
0
0
0
0
0
0
0
0
0
0
0
0
0
0
0
0
0
0
0
0
0
0
0
0
0
0
0
0
0
0
0
0
0
0
0
0
0
0
0
0
0
0
0
0
0
0
0
0
0
1
0
0
0
0
0
0
0
0
0
0
0
0
0
0
0
0
0
0
0
0
0
0
0
0
0
0
0
0
0
0
0
0
0
0
0
0
0
0
0
0
0
0
0
0
0
0
0
0
0
0
0
0
0
0
0
0
0
0
0
0
0
0
0
0
0
0
0
0
0
0
0
0
0
0
0
0
0
0
0
0
0
0
0
0
0
0
0
0
0
0
0
0
0
0
1
0
0
0
0
0
0
0
0
0
0
0
0
0
0
0
0
0
0
0
0
0
1
0
0
0
0
0
0
0
0
0
0
0
0
0
0
0
0
0
0
0
0
0
0
