1
0
1
0
1
0
0
0
0
0
0
0
0
2
0
1
0
1
1
0
1
3
2
6
5
5
14
15
18
32
31
47
44
47
55
65
81
91
89
118
127
113
128
165
166
201
195
198
247
259
259
263
283
310
300
303
298
307
348
331
363
345
356
329
380
372
377
365
365
373
430
369
404
411
413
401
382
427
415
443
404
437
451
448
432
462
481
452
491
481
517
512
506
534
565
501
544
513
549
522
552
563
576
575
600
609
623
615
642
625
651
600
654
718
627
655
670
697
664
661
712
710
743
732
776
800
778
770
748
780
758
821
851
804
862
860
818
879
827
850
868
908
867
879
901
924
867
962
891
944
964
934
991
966
1013
985
993
999
1023
993
1006
1069
1067
1002
1093
1043
1125
1112
1078
1090
1104
1176
1162
1111
1113
1192
1120
1207
1217
1128
1115
1188
1183
1170
1212
1287
1284
1284
1237
1271
1313
1257
1286
1272
1337
1314
1323
1382
1359
1320
1390
1371
1345
1453
1482
1462
1529
1430
1461
1424
1497
1504
1518
1502
1596
1592
1535
1632
1590
1651
1629
1666
1773
1821
1676
1715
1770
1784
1871
1902
1864
1964
1974
2088
2090
2044
2250
2244
2358
2389
2475
2534
2699
2775
2925
2944
3139
3342
3438
3580
3848
3962
4163
4295
4336
4363
4494
4406
4337
4394
4423
4245
3908
3628
3429
3164
2899
2658
2270
2107
1971
1766
1640
1565
1488
1460
1421
1390
1393
1385
1457
1432
1394
1369
1455
1423
1465
1531
1429
1484
1456
1559
1531
1567
1561
1536
1525
1554
1514
1523
1588
1574
1580
1566
1570
1585
1615
1550
1649
1568
1606
1631
1647
1660
1667
1658
1659
1679
1712
1738
1682
1663
1730
1716
1742
1670
1751
1742
1755
1823
1820
1758
1756
1737
1769
1729
1787
1798
1759
1823
1894
1800
1849
1823
1851
1883
1852
1903
1824
1829
1793
1853
1834
1968
1844
1896
1846
1849
1834
1878
1911
1920
1888
1872
1875
1930
1920
1903
2026
1881
1996
1898
1970
1910
1892
1980
1955
2007
1951
1943
1923
2012
1984
1993
2048
1954
1990
1982
1951
1945
1942
1983
1965
1940
2090
2019
1977
2022
2054
2070
2062
2040
2095
2031
2000
1972
2041
2065
2050
2077
2069
2089
2030
2049
2105
2120
2072
2169
2158
2079
2116
2102
1994
2097
2089
2102
2115
2194
2211
2190
2150
2112
2210
2138
2160
2199
2122
2215
2148
2121
2124
2076
2198
2235
2199
2128
2219
2170
2195
2202
2151
2233
2144
2090
2152
2284
2212
2186
2156
2259
2178
2158
2235
2218
2192
2218
2237
2199
2215
2119
2156
2148
2105
2230
2225
2195
2228
2214
2282
2193
2247
2250
2166
2199
2195
2291
2257
2250
2247
2152
2219
2215
2163
2232
2320
2196
2243
2291
2256
2221
2213
2222
2264
2253
2238
2149
2226
2214
2234
2345
2153
2245
2227
2151
2229
2244
2227
2229
2274
2164
2175
2108
2179
2168
2284
2151
2190
2112
2210
2192
2137
2142
2234
2237
2172
2126
2179
2301
2170
2166
2177
2156
2204
2161
2132
2075
2071
2136
2222
2134
2182
2096
2116
2139
2115
2142
2136
2133
2083
2098
2167
2037
2058
2086
2005
2039
2039
2112
2134
2042
2088
2120
1984
2040
2079
2055
2111
1999
2030
1975
1980
2051
2041
2099
2021
1994
1992
1950
1942
1918
1953
1978
1987
1972
2032
2010
1948
2022
1869
1943
2001
1909
1930
1927
2001
1938
1944
1959
1897
1922
1905
1975
1878
2008
1873
1921
1892
2011
1869
1981
1902
1937
1947
1869
1953
1985
1964
1870
1996
1911
1942
1875
1901
1969
1933
1853
1843
1924
1962
1970
1845
1907
1885
1961
1880
1957
1894
1830
1950
1906
1902
1810
1901
1905
1893
1909
1935
1961
1863
1882
1793
1833
1854
1950
1924
1892
1805
1937
1828
1792
1838
1915
1883
1861
1899
1850
1890
1875
1885
1812
1885
1852
1853
1810
1867
1812
1829
1919
1810
1772
1827
1771
1886
1747
1774
1829
1773
1841
1816
1883
1818
1845
1833
1788
1841
1883
1810
1838
1791
1754
1860
1846
1819
1772
1809
1824
1850
1823
1777
1745
1754
1715
1738
1794
1841
1762
1757
1755
1751
1761
1750
1771
1735
1720
1668
1810
1812
1709
1767
1759
1755
1720
1630
1771
1723
1702
1742
1721
1761
1700
1757
1755
1757
1790
1697
1706
1730
1763
1713
1717
1656
1751
1706
1730
1672
1671
1731
1698
1761
1687
1678
1746
1718
1654
1695
1673
1685
1624
1774
1783
1664
1650
1682
1739
1729
1657
1685
1675
1683
1617
1685
1718
1734
1716
1696
1691
1679
1659
1619
1663
1662
1592
1683
1670
1650
1701
1681
1625
1578
1620
1620
1650
1714
1613
1621
1673
1644
1710
1669
1621
1682
1642
1634
1566
1601
1576
1618
1616
1689
1622
1630
1655
1612
1583
1558
1616
1579
1639
1639
1596
1655
1558
1605
1632
1540
1607
1653
1591
1654
1622
1580
1610
1597
1608
1612
1580
1615
1560
1596
1614
1538
1541
1587
1601
1591
1575
1576
1540
1587
1585
1522
1607
1546
1475
1560
1561
1629
1571
1580
1565
1557
1520
1620
1499
1574
1561
1577
1549
1504
1546
1547
1546
1536
1596
1559
1575
1590
1640
1509
1561
1546
1540
1551
1488
1519
1464
1580
1506
1538
1568
1564
1488
1471
1488
1472
1481
1509
1449
1501
1493
1496
1492
1517
1436
1549
1489
1520
1550
1496
1545
1432
1520
1505
1476
1568
1511
1521
1460
1555
1481
1428
1425
1529
1523
1505
1545
1488
1459
1509
1502
1503
1487
1539
1576
1510
1565
1446
1533
1472
1533
1519
1443
1459
1469
1448
1501
1430
1459
1477
1456
1496
1537
1488
1488
1437
1451
1493
1525
1461
1477
1538
1468
1420
1449
1392
1463
1502
1443
1488
1428
1437
1485
1391
1488
1485
1461
1443
1418
1491
1460
1394
1458
1426
1517
1461
1419
1438
1458
1491
1471
1508
1501
1469
1439
1464
1479
1498
1438
1465
1447
1448
1456
1449
1379
1471
1522
1440
1460
1446
1484
1457
1445
1439
1435
1409
1458
1473
1427
1435
1379
1456
1409
1417
1487
1383
1478
1464
1385
1400
1452
1406
1469
1413
1428
1457
1436
1491
1408
1450
1376
1426
1471
1411
1438
1474
1453
1484
1410
1391
1439
1409
1380
1397
1371
1410
1465
1349
1453
1426
1411
1418
1470
1439
1392
1476
1443
1414
1413
1423
1465
1426
1477
1346
1462
1397
1366
1423
1403
1429
1389
1448
1375
1374
1401
1437
1467
1447
1421
1360
1363
1406
1396
1402
1474
1491
1471
1498
1410
1413
1393
1447
1436
1461
1384
1405
1398
1394
1474
1388
1347
1418
1499
1407
1419
1387
1410
1399
1424
1382
1396
1385
1430
1385
1390
1409
1399
1429
1401
1381
1388
1360
1436
1410
1406
1376
1355
1478
1427
1449
1398
1414
1434
1368
1444
1421
1316
1370
1366
1380
1361
1379
1361
1435
1530
1447
1370
1396
1405
1359
1373
1383
1422
1426
1404
1367
1403
1378
1446
1400
1398
1392
1498
1443
1334
1360
1367
1427
1372
1365
1399
1331
1393
1364
1433
1380
1443
1410
1450
1394
1433
1430
1403
1340
1351
1425
1355
1428
1320
1326
1403
1357
1403
1347
1420
1444
1374
1358
1360
1377
1362
1448
1401
1357
1362
1363
1424
1408
1438
1413
1329
1351
1387
1402
1382
1408
1358
1383
1366
1411
1376
1399
1248
1373
1372
1440
1395
1345
1443
1307
1395
1363
1368
1377
1334
1416
1415
1343
1389
1431
1466
1415
1405
1368
1359
1364
1376
1323
1401
1400
1349
1356
1326
1380
1391
1354
1379
1294
1333
1413
1345
1357
1350
1374
1406
1353
1406
1302
1409
1374
1366
1405
1342
1430
1377
1347
1418
1349
1396
1334
1376
1395
1326
1392
1449
1331
1386
1438
1418
1336
1290
1285
1338
1337
1331
1401
1437
1436
1328
1337
1408
1387
1431
1418
1379
1375
1361
1390
1320
1308
1377
1386
1383
1419
1379
1445
1361
1315
1402
1304
1303
1407
1329
1369
1420
1434
1367
1397
1368
1277
1359
1417
1372
1329
1376
1329
1420
1368
1366
1359
1355
1325
1344
1416
1327
1356
1355
1351
1329
1447
1367
1338
1338
1386
1366
1355
1425
1346
1328
1381
1355
1369
1372
1365
1361
1330
1280
1381
1351
1388
1343
1422
1355
1361
1377
1371
1444
1340
1407
1378
1414
1366
1361
1426
1353
1375
1334
1343
1269
1294
1352
1373
1333
1312
1335
1271
1378
1287
1340
1318
1459
1298
1311
1388
1347
1394
1398
1346
1413
1350
1342
1383
1289
1373
1356
1379
1357
1273
1302
1336
1334
1394
1368
1338
1298
1262
1313
1299
1339
1377
1345
1407
1406
1324
1301
1427
1279
1295
1349
1333
1300
1358
1355
1334
1378
1347
1247
1304
1356
1321
1260
1328
1321
1339
1302
1263
1321
1320
1302
1376
1353
1248
1293
1344
1318
1285
1300
1330
1287
1281
1316
1304
1294
1337
1335
1373
1363
1331
1279
1405
1283
1294
1258
1333
1240
1334
1329
1295
1235
1244
1281
1300
1292
1282
1260
1257
1256
1250
1293
1209
1306
1243
1303
1281
1230
1285
1291
1287
1253
1288
1281
1303
1290
1285
1277
1254
1207
1276
1256
1233
1283
1311
1265
1299
1249
1261
1245
1202
1186
1292
1272
1254
1208
1205
1261
1245
1276
1245
1282
1224
1238
1246
1203
1252
1199
1207
1257
1231
1199
1214
1210
1167
1299
1229
1220
1233
1278
1197
1157
1220
1202
1205
1227
1214
1204
1182
1127
1207
1235
1211
1218
1169
1193
1258
1193
1166
1203
1148
1139
1165
1168
1208
1162
1181
1145
1179
1198
1199
1160
1226
1194
1168
1109
1147
1151
1185
1157
1169
1170
1155
1168
1132
1155
1184
1153
1135
1110
1112
1141
1086
1139
1095
1125
1109
1182
1109
1111
1179
1092
1078
1116
1093
1104
1115
1040
1066
1082
1089
1088
1040
1095
1111
1163
1108
1103
1116
1006
1070
1061
1047
1064
1106
1063
1046
1023
1097
1009
1028
1082
1064
1046
1037
1072
1084
1061
1101
1028
1000
1053
1025
1010
1016
1062
1085
1047
1023
1028
1006
1044
1014
1050
971
988
1026
1100
1008
935
990
1028
1013
962
989
962
1043
934
998
1045
975
989
987
991
1006
1042
986
966
946
978
949
887
920
908
989
958
978
948
940
950
983
984
978
936
955
996
890
929
905
922
949
956
918
855
885
927
868
944
912
934
908
977
894
928
970
908
961
910
856
890
908
899
910
915
911
894
899
891
921
874
917
887
930
960
899
881
860
827
862
904
899
871
890
899
782
835
825
828
899
867
842
837
846
899
863
846
817
831
894
847
850
822
860
842
843
836
817
871
812
830
828
840
812
825
881
828
793
852
791
812
862
819
817
824
811
831
831
880
789
831
799
849
839
829
843
855
827
819
769
836
843
838
821
777
811
768
872
817
808
789
706
809
830
814
860
800
798
797
800
822
799
829
828
736
797
784
768
785
787
843
757
790
774
771
824
791
803
804
838
872
760
771
795
802
771
832
781
809
784
819
823
782
839
790
811
806
887
793
879
778
779
836
829
799
783
831
789
841
822
774
785
816
724
792
772
840
829
816
863
858
807
839
881
827
808
848
766
802
839
779
804
795
842
848
827
847
830
825
844
855
793
851
795
797
775
842
870
914
847
825
866
854
837
847
882
873
879
838
887
876
837
907
862
877
837
925
853
878
852
863
903
879
882
939
871
917
894
930
945
891
928
891
895
893
983
913
920
902
920
942
944
954
924
882
928
913
960
962
952
991
1000
928
989
993
1022
992
906
976
1009
989
963
1025
996
992
979
989
1042
1076
1012
1024
1031
1072
988
1001
1057
1038
1100
1088
1040
1017
1044
1082
1115
1114
1068
1021
1071
1002
1091
1038
1081
1124
1078
1104
1119
1133
1118
1146
1103
1093
1183
1134
1093
1119
1083
1191
1108
1193
1138
1151
1182
1161
1178
1171
1114
1153
1171
1141
1157
1244
1148
1170
1180
1253
1190
1206
1247
1220
1257
1236
1238
1259
1291
1195
1264
1287
1307
1236
1314
1293
1283
1294
1330
1299
1247
1291
1262
1324
1273
1277
1395
1284
1424
1360
1370
1296
1352
1344
1383
1354
1331
1371
1371
1338
1404
1356
1364
1391
1387
1395
1409
1380
1441
1432
1466
1382
1432
1421
1401
1358
1455
1468
1456
1474
1510
1493
1535
1490
1504
1543
1496
1499
1478
1504
1459
1555
1516
1546
1506
1553
1493
1557
1463
1524
1563
1523
1589
1565
1549
1609
1596
1668
1665
1667
1581
1682
1649
1670
1628
1688
1671
1711
1605
1666
1715
1760
1603
1703
1672
1747
1689
1777
1701
1672
1710
1684
1667
1700
1743
1721
1712
1752
1724
1758
1798
1787
1716
1794
1733
1748
1802
1800
1824
1789
1757
1714
1851
1742
1775
1742
1831
1847
1819
1804
1822
1904
1871
1892
1800
1827
1866
1847
1870
1921
1910
1876
1868
1872
1878
1879
1904
1946
1979
1875
1816
1892
1881
1995
1925
1900
1892
1878
1949
1864
1850
1929
1983
1908
1915
1911
1928
1943
1973
2004
1908
1938
1960
2046
1993
2126
2025
1966
2010
2013
2093
2092
2016
2024
2076
2098
1989
2047
2013
2063
2099
2075
2051
2066
2026
2065
2084
2106
2030
2038
2062
2163
2001
2092
2056
2023
2185
2073
2002
2092
2079
2116
2092
2102
2175
2028
2031
2077
2150
2047
2075
2091
2016
2097
2105
2095
2047
2094
2174
2170
2069
2120
2156
2202
2127
2146
2111
2158
2143
2158
2168
2091
2071
2233
2245
2141
2118
2148
2218
2108
2191
2119
2131
2183
2132
2178
2133
2086
2154
2082
2130
2206
2131
2129
2098
2225
2148
2211
2153
2174
2109
2141
2131
2085
2145
2197
2156
2128
2052
2143
2216
2138
2147
2183
2178
2132
2151
2158
2175
2241
2089
2107
2190
2173
2125
2087
2053
2135
2084
2182
2147
2143
2162
2119
2121
2118
2128
2160
2069
2093
2151
2136
2106
2193
2208
2102
2031
2097
2068
2128
2119
2092
2061
2098
2116
2152
2071
2073
2067
2122
2109
2118
2130
2110
2117
2167
2070
2057
2030
2106
2094
2075
2104
2130
2032
2118
2089
2062
2072
2040
2066
2056
2040
2086
2012
2000
2029
2044
2027
2036
2087
1984
2040
2010
2064
1993
1961
2040
2052
1997
2010
1919
2052
1954
1985
2031
2012
1938
1996
1986
1923
1985
1910
1971
2002
2012
1908
1923
1945
1992
1972
2008
1914
1948
1928
1961
1910
1913
1833
1924
1845
1910
1901
1970
1852
1900
1856
1945
1866
1925
1940
1780
1864
1862
1830
1866
1899
1816
1888
1862
1872
1824
1864
1788
1893
1825
1854
1840
1832
1779
1788
1876
1777
1717
1743
1744
1716
1821
1785
1803
1806
1834
1783
1792
1677
1670
1721
1767
1727
1806
1698
1729
1724
1755
1767
1702
1724
1657
1684
1726
1664
1671
1748
1722
1665
1702
1709
1787
1650
1641
1633
1635
1641
1678
1661
1643
1625
1706
1609
1674
1559
1580
1654
1671
1599
1679
1512
1554
1608
1621
1530
1674
1531
1512
1572
1556
1552
1519
1593
1534
1584
1503
1550
1578
1499
1583
1575
1545
1480
1458
1448
1451
1577
1484
1443
1491
1512
1514
1434
1486
1443
1432
1509
1377
1381
1430
1407
1407
1408
1445
1376
1382
1406
1466
1450
1474
1387
1381
1422
1363
1416
1378
1383
1374
1345
1436
1337
1326
1393
1369
1412
1339
1408
1353
1267
1305
1329
1268
1352
1277
1195
1362
1305
1294
1247
1326
1305
1216
1308
1268
1256
1332
1266
1273
1280
1246
1289
1258
1201
1261
1252
1274
1303
1218
1171
1207
1197
1236
1249
1239
1194
1182
1183
1176
1183
1213
1114
1157
1246
1217
1153
1171
1147
1173
1183
1150
1177
1142
1143
1134
1165
1143
1122
1162
1150
1158
1193
1178
1161
1116
1132
1106
1154
1123
1078
1122
1139
1105
1133
1117
1063
1049
1045
1088
1075
1102
1020
1060
1122
1023
1016
1072
1024
1051
1050
1050
1017
1079
1010
1029
1055
1043
925
995
1019
985
984
979
957
974
1045
1014
1034
1066
968
956
987
1045
960
969
970
983
1019
918
995
876
1019
946
922
982
941
958
943
953
909
885
918
881
872
924
892
891
930
902
896
927
891
948
908
844
932
861
893
873
930
897
876
895
882
839
834
899
872
927
881
813
891
816
873
804
880
898
885
871
811
866
819
797
845
790
818
788
852
793
798
872
838
795
839
777
810
847
842
790
834
812
809
720
809
772
824
805
757
818
827
828
789
774
789
760
770
759
814
789
754
805
769
789
758
779
771
800
776
754
752
677
784
764
751
683
720
741
702
738
758
713
721
785
747
705
723
760
706
752
705
735
748
701
716
701
711
726
761
679
742
715
694
680
720
700
701
712
689
706
676
696
770
690
698
710
650
647
673
693
678
698
675
626
692
656
618
623
651
639
663
644
611
567
641
679
660
681
674
658
653
698
643
621
599
694
655
618
648
652
635
585
659
649
666
617
651
624
654
631
665
610
588
658
611
592
658
590
599
613
584
597
642
601
616
616
599
586
685
634
597
546
561
615
627
606
620
592
589
576
600
623
594
588
604
618
610
592
589
609
558
596
585
613
579
564
583
594
577
600
547
571
575
543
590
560
540
561
573
567
588
556
622
556
526
541
531
538
521
593
595
528
530
554
566
584
544
571
568
586
522
508
513
540
551
495
572
549
523
510
549
499
573
527
533
549
489
493
527
540
502
545
490
567
534
537
522
525
507
526
503
510
538
475
519
545
509
516
476
524
465
512
519
499
491
523
510
511
509
500
481
495
458
478
528
463
458
529
497
477
529
493
510
446
458
500
479
466
501
477
502
473
445
482
513
467
512
507
481
529
474
470
503
468
492
503
498
511
454
442
471
459
499
518
456
483
465
495
464
429
476
477
456
419
429
471
471
449
467
482
453
454
493
446
451
437
466
451
481
446
459
449
389
443
433
460
446
466
465
466
425
473
489
427
472
475
426
466
413
441
458
445
396
420
417
406
415
429
455
417
441
438
431
421
428
414
421
386
388
446
402
368
409
449
417
436
432
436
395
396
404
392
423
414
423
399
388
417
430
416
442
403
403
412
425
384
410
378
398
411
413
394
400
412
396
381
372
396
380
406
402
455
412
416
405
408
390
391
401
394
411
432
380
399
377
408
383
408
405
391
394
382
419
380
372
397
390
368
382
383
398
375
392
392
365
376
375
390
336
381
386
388
385
390
371
347
365
427
387
385
372
359
349
359
345
366
379
360
347
383
347
355
356
385
364
409
329
378
367
341
367
357
340
329
351
375
338
357
340
376
336
326
337
375
341
352
336
366
359
342
341
362
361
352
358
321
367
343
324
381
364
348
331
340
345
321
354
303
358
336
367
344
354
327
351
336
359
351
332
326
319
348
329
326
311
362
321
330
313
358
345
360
320
342
309
345
352
339
318
324
342
312
321
310
331
321
304
297
322
267
281
319
330
317
299
287
315
290
319
317
312
325
289
290
301
288
308
311
322
300
314
319
300
310
299
282
286
303
299
322
266
301
287
332
272
298
308
323
288
297
307
284
307
323
273
293
299
298
312
292
291
317
299
270
310
297
299
264
271
279
313
300
276
268
304
287
303
283
283
276
265
289
292
267
245
274
292
251
238
277
294
272
259
280
279
265
267
276
235
267
286
283
256
273
258
244
244
275
260
244
258
274
251
258
251
266
256
254
254
270
268
269
268
265
250
248
247
243
244
283
239
261
257
241
248
232
263
252
251
253
252
235
221
243
249
215
216
231
225
250
237
241
246
222
259
245
241
229
230
222
260
249
229
208
194
210
220
226
212
236
235
208
227
208
219
214
227
208
211
208
235
211
224
265
241
229
210
213
223
226
202
226
218
207
201
212
212
218
191
198
199
198
200
209
216
205
225
213
217
221
197
221
166
232
211
213
206
203
197
195
195
202
223
207
178
208
177
220
174
196
186
204
178
210
202
227
202
183
179
182
192
168
196
200
216
165
164
202
176
181
179
200
219
178
166
179
189
173
188
182
171
179
170
167
184
180
200
181
179
159
192
171
167
166
158
189
173
170
158
135
156
183
178
180
166
164
150
182
190
174
157
138
161
168
169
154
180
171
149
161
155
150
164
164
170
159
151
179
144
151
148
142
125
144
166
152
142
155
156
114
138
140
140
151
140
161
151
160
146
133
139
151
126
158
142
161
169
133
137
124
161
127
163
132
149
148
129
132
133
118
127
150
162
165
118
146
122
139
133
139
151
157
121
147
131
111
133
137
121
136
127
147
131
125
137
120
133
123
114
134
133
113
127
121
124
129
130
125
129
119
111
124
128
142
160
118
129
114
127
134
109
119
116
119
114
116
119
103
125
129
104
101
121
122
112
110
113
95
117
109
114
104
100
105
114
111
126
112
93
95
110
123
118
116
106
102
141
102
101
89
115
113
105
96
99
92
102
92
99
104
104
89
104
91
102
91
80
102
94
127
107
96
107
93
94
90
100
104
101
92
96
89
94
98
102
86
101
94
88
89
84
102
85
83
101
107
107
99
85
82
95
90
89
90
84
73
81
80
78
82
97
89
103
68
90
74
90
88
91
95
96
71
81
72
88
84
108
92
78
75
100
72
95
84
67
74
86
92
83
69
89
77
79
80
91
76
75
78
78
68
85
85
69
89
80
87
83
74
82
95
80
85
67
85
76
76
75
88
66
68
74
87
78
70
72
76
63
73
72
64
77
53
76
76
84
76
57
75
83
63
77
64
74
70
95
69
53
67
86
81
72
65
71
52
67
64
56
69
73
60
73
56
77
64
62
62
60
55
74
81
66
63
71
78
56
76
70
73
78
72
72
57
72
69
44
67
85
90
45
58
70
53
75
54
83
63
67
64
70
54
46
49
66
55
61
57
44
61
54
57
63
64
47
51
58
61
59
46
59
72
50
65
44
52
53
56
54
65
63
58
46
59
61
41
61
59
52
68
58
57
49
47
51
53
60
57
66
47
63
56
55
44
43
65
70
50
46
50
67
46
45
51
56
47
50
58
52
47
55
50
60
44
51
51
63
40
49
57
47
43
46
42
51
48
49
48
54
40
61
46
51
55
65
41
54
38
55
57
38
48
57
52
62
41
35
37
43
40
46
53
46
48
52
59
69
47
35
55
56
35
49
45
49
57
43
48
43
43
44
47
46
46
37
48
38
45
40
58
44
39
40
44
49
42
49
54
47
36
34
46
43
40
38
38
36
44
47
55
44
52
43
49
34
36
43
41
29
50
49
35
46
42
43
42
32
47
57
42
35
30
34
30
48
41
36
42
35
36
34
44
31
45
36
38
41
41
27
29
32
36
42
39
33
37
35
36
38
36
37
40
40
33
30
37
38
25
35
35
43
25
33
31
39
39
30
25
46
33
39
34
27
37
28
40
28
37
25
31
34
26
29
32
29
22
28
38
46
33
26
26
26
26
31
31
30
30
31
32
27
30
40
27
30
28
28
38
41
25
25
27
36
30
34
39
38
33
22
23
33
34
35
29
31
23
32
37
22
32
20
36
21
26
25
28
24
25
28
25
34
27
25
26
27
22
27
34
23
21
16
31
23
22
17
28
22
26
23
23
21
31
26
17
21
24
18
26
22
27
15
22
21
17
22
26
22
34
25
25
25
18
13
19
30
13
22
23
19
29
19
21
22
19
18
17
19
19
12
10
17
16
23
23
24
17
27
17
18
18
17
14
24
16
18
23
15
24
14
19
17
12
12
19
20
21
15
15
14
16
13
12
16
14
20
10
10
15
16
12
13
17
17
20
21
14
15
18
18
16
18
11
19
8
11
19
13
15
14
16
13
18
10
12
16
14
10
15
6
16
12
10
16
7
16
14
10
9
17
14
15
10
13
12
20
13
9
8
5
15
14
12
12
10
4
14
11
7
19
16
12
19
14
20
12
9
17
10
9
9
10
17
7
11
10
14
10
11
15
3
10
12
8
8
10
14
3
12
9
15
14
6
9
10
9
5
15
12
9
13
10
7
9
8
8
13
12
8
6
10
14
8
5
12
11
7
12
15
12
6
15
9
7
13
12
9
10
9
11
4
5
4
12
7
6
15
12
13
8
9
12
3
6
7
11
11
6
10
4
9
7
12
5
5
4
8
6
13
7
10
6
10
10
6
9
12
4
4
6
2
8
7
6
7
13
6
4
4
5
6
11
8
9
8
10
10
5
10
9
9
4
10
7
3
1
6
9
8
9
7
9
9
7
7
5
10
4
8
8
10
5
13
7
3
9
7
9
7
8
7
8
6
5
6
5
7
4
6
4
4
4
8
10
4
4
9
9
4
7
9
5
4
5
7
3
10
4
5
11
4
8
6
6
4
9
6
5
3
6
5
3
4
4
5
3
4
5
6
3
9
6
7
7
3
3
6
3
6
5
4
8
5
6
5
3
5
5
9
8
5
8
5
3
12
6
3
7
7
5
6
5
3
6
7
1
5
6
4
5
10
6
7
4
5
7
6
6
8
13
6
4
6
4
9
4
6
6
3
4
7
4
7
5
3
3
5
4
5
1
5
6
5
3
6
3
6
5
9
4
7
6
8
9
5
1
4
6
6
3
5
7
1
4
4
6
4
3
7
6
6
6
4
2
7
2
6
8
3
5
4
4
7
5
3
3
2
9
7
8
2
3
3
4
6
10
4
5
2
2
8
4
7
6
3
11
3
4
4
9
8
3
1
7
7
6
7
7
5
5
3
1
3
4
8
2
2
2
2
1
3
5
1
3
6
2
7
3
2
2
4
7
5
5
5
8
5
4
4
2
1
6
4
5
4
2
1
6
3
5
6
5
4
1
3
4
6
5
2
5
7
6
1
4
6
4
4
4
2
3
10
3
5
2
7
3
7
2
1
6
3
5
0
2
2
2
4
4
1
5
5
4
2
3
1
6
3
4
4
3
3
2
6
2
4
1
7
3
4
4
5
4
2
3
2
1
5
4
2
4
4
7
2
6
6
2
3
5
5
6
6
3
4
3
2
5
0
5
5
1
3
3
7
4
6
8
5
6
1
3
6
3
1
8
1
3
2
1
3
6
3
4
3
1
2
3
2
3
1
7
1
5
5
7
2
2
1
6
3
1
2
5
2
3
2
3
3
3
5
7
3
3
4
1
6
3
4
2
1
6
5
4
4
3
5
3
4
4
1
6
1
6
1
2
2
1
3
4
6
3
4
7
4
3
5
4
8
2
1
4
2
0
4
2
2
5
2
4
5
4
5
5
1
1
2
5
2
0
0
1
2
3
2
2
3
1
3
1
2
2
6
1
6
1
2
3
4
3
3
4
0
3
2
5
2
3
2
2
2
5
1
4
5
2
1
2
3
4
3
1
4
5
1
2
0
5
0
0
4
1
3
1
4
2
1
3
4
6
3
0
1
1
0
3
5
3
3
1
7
6
3
3
3
1
4
7
3
0
3
1
1
2
2
2
2
3
1
2
0
2
3
1
3
3
6
2
0
3
3
1
2
1
2
1
1
3
1
3
2
4
2
0
3
0
0
5
2
2
1
3
3
0
4
6
4
0
3
1
1
4
7
4
2
2
2
1
5
2
3
0
2
3
2
2
2
3
2
2
2
1
1
2
1
4
2
1
1
4
4
1
1
1
2
1
3
0
1
1
2
1
1
3
0
2
5
2
0
1
2
4
2
0
1
1
1
3
1
1
0
3
1
2
1
1
3
2
2
2
0
2
1
2
1
5
0
1
0
2
3
3
1
3
2
1
2
3
5
0
1
1
0
0
5
2
1
4
2
1
1
2
4
2
2
2
2
2
2
2
3
2
2
0
3
0
3
2
3
2
1
1
2
2
1
1
2
1
3
5
2
2
2
3
2
0
5
3
1
1
3
1
1
3
1
1
2
1
3
3
1
0
3
0
1
3
2
2
4
3
3
1
1
1
2
2
7
0
1
1
2
3
2
0
0
3
3
1
2
1
0
1
2
2
2
2
1
2
2
1
3
0
0
2
2
5
1
1
0
2
2
1
1
0
1
3
1
1
3
3
1
2
4
2
1
1
1
1
2
4
0
4
3
1
0
0
2
1
1
2
1
2
3
1
5
2
2
1
1
2
4
2
0
1
1
2
3
1
0
1
1
2
2
0
0
2
2
1
0
2
2
0
0
0
0
0
1
2
1
3
0
0
1
0
2
2
3
0
0
1
2
0
1
1
1
0
1
2
0
0
2
2
0
2
2
2
0
3
2
2
1
2
0
1
0
2
0
2
0
0
0
1
0
1
2
1
0
1
0
2
2
2
1
3
1
1
1
2
0
1
0
2
1
5
4
1
1
0
1
2
1
1
5
1
1
0
2
3
2
2
2
1
0
0
2
2
2
0
3
1
1
1
2
1
4
0
1
2
1
0
2
1
2
0
1
1
1
1
0
2
1
0
2
2
1
1
1
1
3
0
1
0
0
0
0
0
3
2
1
0
1
0
1
2
1
0
2
2
0
1
2
2
1
2
1
0
3
1
1
0
0
0
0
2
1
3
0
2
1
0
2
1
1
0
2
3
1
2
1
0
1
1
0
0
1
1
1
3
0
2
2
1
1
0
3
4
1
0
0
0
2
1
1
1
0
1
0
1
2
1
2
0
1
1
1
0
1
1
1
1
3
0
1
1
0
1
0
2
0
1
1
2
2
0
0
0
1
0
0
1
1
1
1
1
3
0
0
0
3
1
1
2
1
0
0
0
1
0
2
0
1
0
0
1
0
1
4
0
0
2
2
1
0
0
1
0
0
0
0
0
2
1
0
3
1
2
0
0
1
1
1
2
0
0
0
0
0
2
1
0
0
0
1
1
0
0
2
2
0
1
1
1
1
1
1
0
0
0
0
2
2
0
0
1
1
0
0
1
1
0
1
1
1
1
0
5
1
2
0
0
0
0
2
0
1
1
1
0
0
1
2
0
2
0
2
1
1
1
0
1
1
0
1
0
1
0
3
0
0
0
1
0
0
1
2
0
0
1
0
2
2
0
0
0
1
2
0
0
1
0
1
1
3
0
0
0
0
0
1
0
0
0
2
2
1
0
1
2
0
0
2
0
0
1
0
1
2
0
0
2
0
1
0
0
0
1
0
0
0
2
1
1
1
1
0
0
0
1
1
1
0
0
1
1
0
0
2
1
1
0
1
1
0
0
0
1
0
1
0
1
0
1
0
0
2
0
2
1
1
0
2
1
1
1
1
0
0
0
4
0
0
0
1
0
2
1
0
0
2
0
2
2
2
0
1
0
0
1
0
1
0
1
0
1
0
0
0
0
1
0
1
0
0
1
1
0
1
0
0
0
0
0
1
0
0
0
1
0
2
0
0
1
1
0
0
0
1
2
0
0
0
0
0
0
0
1
0
0
0
0
1
0
0
0
0
0
0
1
0
0
0
0
0
1
0
1
1
0
1
0
0
0
0
3
0
1
1
2
0
0
1
0
2
0
0
0
0
0
0
1
0
1
0
1
0
0
1
0
0
2
1
2
0
0
1
0
0
0
1
0
0
0
1
0
0
1
1
0
1
0
0
1
0
0
1
1
0
0
0
0
0
3
0
1
1
0
0
1
1
1
0
0
0
2
0
0
1
1
0
0
1
1
0
0
0
0
1
0
0
1
0
0
0
0
1
0
0
0
0
0
2
0
0
0
0
0
0
0
0
0
0
0
1
0
0
1
1
2
0
0
1
0
1
0
2
0
1
0
0
0
1
0
0
1
0
1
1
0
0
0
0
0
0
1
0
0
0
2
1
0
0
1
0
0
0
0
0
0
0
0
0
0
0
0
1
0
0
0
0
1
0
0
0
1
1
0
0
0
0
0
0
0
2
1
0
0
1
0
0
0
0
0
0
0
0
0
1
0
1
0
0
0
0
0
0
1
0
1
0
0
0
0
0
1
0
0
0
0
0
0
0
0
0
0
0
1
0
0
0
1
0
0
0
0
0
1
0
0
0
0
0
0
0
0
0
1
1
0
1
0
0
0
0
1
0
1
0
0
0
0
1
0
0
1
0
0
0
1
0
0
0
0
0
0
0
0
0
0
0
0
0
0
1
0
0
0
0
0
0
0
0
0
0
0
0
0
0
0
0
0
0
0
0
1
1
0
1
0
1
0
0
0
0
0
1
0
0
0
0
0
0
0
0
0
0
0
0
0
1
0
0
0
0
0
0
0
0
0
0
0
0
0
0
0
2
0
0
0
0
0
0
0
0
0
0
2
0
0
0
0
0
0
0
0
0
0
0
0
0
1
0
0
0
0
1
0
0
0
0
0
0
0
0
0
0
1
0
0
0
0
0
0
0
0
0
0
0
0
0
0
0
0
0
1
0
0
0
0
0
1
0
0
0
0
0
1
0
0
0
0
0
0
0
0
0
0
1
1
0
0
0
0
0
0
0
0
0
2
0
0
0
0
0
0
0
0
0
0
0
0
0
0
0
0
0
1
0
1
2
0
0
0
0
0
1
0
0
0
0
0
0
0
0
0
0
1
0
0
0
0
0
0
0
0
0
0
0
0
0
0
1
0
0
0
0
0
0
0
0
0
0
0
0
0
0
0
0
0
0
1
0
0
0
0
0
0
0
0
0
0
0
0
0
1
0
0
0
0
0
0
0
1
0
0
1
0
0
0
0
0
0
0
0
0
0
0
0
0
0
1
0
0
0
0
0
0
0
0
0
1
0
0
0
0
0
2
0
0
1
0
0
0
0
1
0
0
0
0
0
1
0
0
0
0
1
0
0
0
0
0
0
0
0
0
0
0
0
0
0
0
0
0
0
0
0
0
0
0
0
0
0
0
0
0
0
0
0
0
0
0
0
0
0
0
0
0
0
0
0
0
0
0
1
0
0
0
0
0
0
0
0
0
0
0
0
1
0
0
0
0
0
0
0
0
0
0
0
0
0
0
0
0
0
0
0
0
0
0
0
0
0
0
0
0
0
0
0
0
0
0
0
0
0
0
0
0
1
1
0
0
0
1
0
0
0
0
0
0
0
0
0
0
0
0
0
0
0
0
0
0
0
0
0
0
0
0
0
0
0
0
0
0
0
0
0
0
0
0
0
0
0
0
0
0
0
0
0
0
0
0
0
0
0
0
0
0
0
1
0
0
0
0
0
0
0
0
0
0
0
0
0
0
0
0
0
0
0
0
0
0
0
0
0
0
0
0
0
0
0
0
0
0
0
0
0
0
0
0
0
0
0
0
0
0
1
0
0
0
0
0
0
0
0
0
0
0
0
0
0
0
0
0
0
0
0
0
0
0
0
0
0
0
0
0
1
0
0
0
0
0
0
0
0
0
1
0
0
0
0
0
0
0
0
1
0
0
0
0
0
1
0
0
0
0
0
0
0
1
0
0
0
0
0
0
0
0
0
0
0
0
0
0
0
0
0
0
0
0
0
0
0
0
0
0
0
0
0
0
0
0
0
0
0
0
0
0
0
0
0
0
0
0
0
0
0
0
0
0
0
0
0
0
0
0
0
0
0
0
0
0
0
0
0
0
0
0
0
0
0
1
0
0
0
0
0
0
0
0
0
0
0
0
0
0
0
0
0
0
0
0
0
0
0
0
0
0
0
0
0
0
0
0
0
0
0
0
0
0
0
0
0
0
0
0
0
1
0
0
0
0
0
0
0
0
0
0
0
0
0
0
0
0
0
0
0
0
0
0
0
0
0
0
0
0
0
0
0
0
0
0
0
0
1
0
0
0
0
0
0
0
0
0
0
0
0
0
0
0
0
0
0
1
0
0
0
0
0
0
0
0
1
0
0
0
0
0
0
0
0
0
0
0
0
0
0
0
0
1
0
0
0
0
0
0
0
0
0
0
0
0
0
0
0
0
0
0
0
0
0
0
0
0
0
0
0
1
0
0
0
0
0
0
0
0
0
0
0
0
0
0
0
0
0
0
0
0
0
0
0
0
0
0
0
0
0
0
0
0
0
0
0
0
0
0
0
0
0
0
0
0
0
0
0
0
0
0
0
0
0
1
0
0
0
0
0
0
0
0
0
0
0
0
0
0
0
1
0
0
0
0
0
0
0
0
0
0
0
0
0
0
0
0
0
0
0
0
0
0
0
0
0
0
0
0
0
0
0
0
0
0
0
0
0
0
0
0
0
0
0
0
0
0
0
0
0
0
0
0
0
0
0
0
0
0
0
0
0
0
0
0
0
0
0
0
0
0
0
0
0
0
0
0
0
0
0
0
0
0
0
1
0
0
0
0
0
0
0
0
0
0
0
0
0
0
0
0
0
0
0
0
0
0
0
0
0
0
0
0
0
0
0
0
0
0
0
0
0
0
0
0
0
0
0
0
0
0
0
0
0
0
0
0
0
0
0
0
0
0
0
0
0
0
0
0
0
0
0
0
0
0
0
0
0
0
0
0
0
0
0
0
0
0
0
0
0
0
0
0
0
0
0
0
0
0
0
0
0
0
0
0
0
0
0
0
0
1
0
0
0
0
0
0
0
0
0
0
0
0
0
0
0
0
0
0
0
0
0
0
0
0
0
0
1
0
0
0
0
0
0
0
0
0
0
0
0
0
0
0
0
0
0
0
0
0
0
0
0
0
0
0
0
0
0
0
0
0
0
0
0
0
0
0
0
0
0
0
0
0
0
0
0
0
0
0
0
0
0
0
0
0
0
0
0
0
0
0
0
0
0
0
0
0
0
0
0
0
0
0
0
0
0
0
0
0
0
0
0
0
0
0
0
0
0
0
0
0
0
0
0
0
0
0
0
0
0
0
0
0
0
0
0
0
0
0
0
0
0
0
0
0
0
0
0
0
0
0
0
0
0
0
0
0
0
0
0
0
0
0
0
0
0
0
0
0
0
0
0
0
0
0
0
0
0
0
0
0
0
0
0
0
0
0
0
0
0
0
0
0
0
0
0
0
0
0
0
0
0
0
0
0
0
0
0
0
0
0
0
0
0
0
0
0
0
0
0
0
0
0
0
0
0
0
0
0
0
0
0
0
0
0
0
0
0
0
0
0
0
0
0
0
0
0
0
0
0
0
0
0
0
0
0
0
0
0
0
0
0
0
0
0
0
0
0
0
0
0
0
0
0
0
0
0
0
0
0
0
0
0
0
0
0
0
0
0
0
0
0
0
0
1
0
0
0
0
0
0
0
0
0
0
0
0
0
0
0
0
0
0
0
0
0
0
0
0
0
0
0
0
0
0
0
0
0
0
0
0
0
0
0
0
0
0
0
0
0
0
0
0
0
0
0
0
0
0
0
0
0
0
0
0
0
0
0
0
0
0
0
0
0
0
0
0
0
0
0
0
0
0
0
0
0
0
0
0
0
0
0
0
0
0
0
0
0
0
0
0
0
0
0
0
0
0
0
0
0
0
0
0
0
0
0
0
0
0
0
0
0
0
0
0
0
0
0
0
0
0
0
0
0
0
0
0
0
0
0
1
0
0
0
0
0
0
0
0
0
0
0
0
0
0
0
0
0
0
0
0
0
0
0
0
0
0
0
0
0
0
0
0
0
0
0
0
0
0
0
0
0
0
0
0
0
0
0
0
0
0
0
0
0
0
0
0
0
0
0
0
0
0
0
0
0
0
0
0
0
0
0
0
0
0
0
0
0
0
0
0
0
0
0
0
0
0
0
0
1
0
0
0
0
0
0
0
0
0
0
0
0
0
0
0
0
0
0
0
0
0
0
0
0
0
0
0
0
0
0
0
0
0
0
0
0
0
0
0
0
0
0
0
0
0
0
0
0
0
0
0
0
0
0
0
0
0
0
0
0
0
0
0
0
0
0
0
0
0
0
0
0
0
0
0
0
0
0
0
0
0
0
0
0
0
0
0
1
0
0
0
0
0
0
0
0
0
0
0
0
0
0
0
0
0
0
0
0
0
0
0
0
0
0
0
0
0
0
0
0
0
0
0
0
0
0
0
0
0
0
0
0
0
0
0
0
0
0
0
0
0
0
0
0
0
0
0
0
0
0
0
0
0
0
0
0
0
0
0
0
0
0
0
0
0
0
0
0
0
0
