0
0
0
0
0
0
0
0
0
0
0
0
0
1
1
0
1
2
4
8
10
24
29
49
60
84
98
119
139
198
228
263
302
344
355
395
436
490
520
550
638
671
738
833
900
892
1000
1115
1124
1198
1224
1288
1344
1347
1313
1387
1301
1390
1413
1374
1474
1406
1412
1521
1526
1514
1515
1461
1538
1480
1501
1617
1602
1538
1584
1617
1526
1661
1562
1518
1574
1624
1590
1634
1534
1596
1622
1650
1703
1644
1560
1617
1618
1586
1585
1582
1584
1651
1542
1528
1646
1586
1582
1599
1659
1631
1669
1580
1597
1578
1663
1620
1641
1605
1616
1681
1530
1615
1658
1636
1586
1557
1560
1626
1578
1612
1523
1609
1621
1671
1564
1560
1551
1564
1626
1598
1631
1564
1586
1565
1539
1556
1579
1580
1610
1588
1559
1626
1611
1621
1589
1609
1724
1650
1605
1575
1649
1692
1627
1672
1617
1643
1661
1706
1683
1672
1690
1640
1676
1674
1680
1710
1705
1788
1762
1681
1773
1751
1786
1800
1818
1841
1866
1824
1815
1903
1922
1892
1845
1777
1887
1976
1944
1922
1927
2002
2033
1983
2022
2091
2103
2075
2162
2065
2076
2203
2172
2202
2228
2209
2298
2277
2304
2360
2364
2321
2453
2380
2490
2437
2508
2547
2562
2601
2592
2680
2619
2695
2677
2774
2789
2890
2851
2989
2986
2860
2941
3059
3061
3204
3289
3175
3247
3341
3405
3429
3564
3488
3562
3654
3796
3722
3709
3810
3783
3761
3835
3779
3790
3810
3624
3537
3457
3336
3277
3191
3145
3063
2895
2910
2801
2711
2580
2653
2547
2594
2643
2554
2589
2639
2641
2597
2555
2671
2584
2581
2666
2654
2653
2597
2666
2679
2613
2572
2640
2690
2675
2603
2725
2668
2674
2620
2623
2763
2744
2713
2566
2716
2732
2701
2768
2791
2680
2708
2736
2850
2750
2706
2703
2584
2797
2832
2744
2669
2775
2805
2712
2744
2731
2778
2811
2605
2761
2717
2738
2689
2630
2717
2631
2727
2716
2679
2610
2601
2686
2736
2631
2675
2569
2530
2677
2608
2604
2601
2749
2734
2601
2631
2574
2576
2612
2587
2580
2524
2710
2601
2453
2626
2592
2596
2581
2570
2484
2565
2476
2493
2525
2475
2541
2511
2536
2406
2449
2499
2521
2404
2430
2419
2513
2344
2472
2498
2469
2337
2354
2282
2351
2340
2357
2300
2180
2297
2257
2241
2299
2297
2238
2307
2241
2294
2266
2195
2182
2253
2241
2242
2213
2068
2198
2149
2156
2117
2162
2123
2143
2066
2017
2059
2044
2201
2095
1984
2137
2012
2016
1934
1996
1952
2009
2034
1977
1886
1997
1942
1919
1891
1939
1908
1898
1950
1860
1909
1908
1928
1895
1871
1817
1761
1764
1787
1763
1788
1777
1762
1722
1723
1735
1721
1689
1676
1649
1643
1601
1634
1637
1677
1589
1608
1649
1622
1578
1556
1621
1611
1589
1600
1552
1530
1569
1480
1552
1466
1432
1493
1466
1478
1402
1466
1439
1451
1479
1409
1412
1425
1317
1403
1359
1428
1351
1265
1327
1340
1342
1356
1269
1289
1204
1298
1288
1254
1299
1221
1300
1294
1249
1276
1231
1208
1189
1116
1167
1162
1180
1143
1115
1165
1109
1163
1074
1166
1102
1070
1042
1096
1118
1061
1054
1028
1011
1052
1055
1025
1048
1028
1039
1030
958
1005
957
1003
981
1005
968
958
925
930
918
918
976
890
931
926
825
859
879
928
905
942
849
887
863
793
826
811
856
806
746
808
803
831
792
794
792
777
769
797
795
780
770
741
812
760
754
762
758
760
766
744
722
745
758
690
794
689
673
738
698
699
734
665
688
666
678
675
680
665
729
702
634
644
662
653
632
662
658
637
608
675
659
650
666
671
597
633
599
599
607
615
609
660
591
578
631
591
574
544
585
548
625
616
587
609
557
608
593
574
557
577
570
610
550
570
571
501
550
576
559
543
520
553
528
555
530
541
546
520
497
569
504
527
554
506
491
525
512
562
572
532
530
494
492
501
523
505
532
519
502
518
552
538
495
520
554
504
481
501
512
502
471
493
536
490
508
514
503
475
484
511
499
480
501
494
490
498
478
456
465
469
465
454
481
469
463
486
477
442
467
517
464
486
487
498
461
454
483
533
491
467
493
457
467
426
496
489
454
468
464
431
472
454
459
448
467
458
419
460
467
468
481
409
472
422
449
478
440
476
471
476
464
449
428
462
472
436
429
457
453
438
398
474
437
448
460
474
446
424
418
412
461
422
474
446
454
427
440
450
450
442
429
458
433
447
454
438
417
436
430
440
458
389
482
415
449
466
436
438
432
408
439
428
464
444
452
408
443
415
402
416
473
412
466
430
443
437
402
410
423
432
462
413
474
445
418
462
439
431
442
439
397
427
444
438
418
464
424
392
424
440
437
433
409
439
394
449
433
392
434
421
448
388
426
404
430
427
406
379
443
442
440
428
409
396
399
387
393
414
375
387
366
418
424
426
408
365
440
431
422
397
421
440
395
418
430
439
399
375
414
401
414
419
428
436
418
415
412
390
404
427
400
433
418
431
420
419
377
398
422
417
429
387
381
422
419
411
398
397
430
418
449
381
418
429
412
404
419
411
460
426
399
394
439
396
412
418
403
400
400
424
435
423
394
448
396
433
444
399
389
412
405
417
433
387
397
422
438
412
389
427
375
436
441
412
445
422
416
395
407
460
379
417
382
424
389
409
426
415
383
411
446
387
423
399
453
398
393
406
421
387
423
398
456
413
441
414
429
404
419
444
431
455
421
413
416
423
379
404
413
439
398
446
454
421
430
445
418
422
400
429
425
451
439
432
462
422
445
461
443
449
466
414
441
413
439
483
439
412
469
461
420
437
453
457
467
441
449
469
473
450
486
430
463
468
457
474
470
454
449
461
475
447
455
443
439
433
460
466
435
500
420
474
446
446
438
493
450
478
472
466
423
458
496
517
475
467
470
434
427
503
484
486
460
444
484
468
471
468
478
464
531
447
488
496
493
493
465
497
466
503
511
472
474
484
490
496
461
511
455
474
545
512
473
490
534
515
492
490
522
539
465
470
484
523
482
523
515
478
495
520
509
486
500
476
511
550
488
512
513
477
508
469
526
541
524
516
521
500
500
519
520
529
530
469
475
491
500
502
522
515
517
516
509
571
517
527
524
492
518
529
508
497
513
521
519
502
544
506
517
497
512
590
500
531
522
568
494
488
550
504
513
509
554
501
478
540
494
549
492
521
535
491
500
539
538
484
494
509
500
531
541
509
532
561
544
544
572
524
496
496
490
521
509
509
528
476
541
506
502
543
537
562
485
498
518
531
490
504
494
522
522
525
541
500
518
500
485
529
540
486
531
540
511
533
490
530
543
572
485
521
508
489
513
529
506
527
552
542
540
515
465
482
506
515
479
501
472
535
531
444
526
519
543
481
508
471
478
522
506
507
466
513
480
508
487
465
460
485
479
526
526
478
531
507
480
476
506
455
516
499
471
454
469
513
453
472
453
430
445
464
474
461
431
434
451
447
457
498
450
468
484
480
429
461
479
438
453
469
451
475
416
489
478
437
436
443
437
472
460
463
449
424
415
424
423
440
449
479
456
421
435
403
425
445
466
461
400
440
419
430
371
453
421
397
398
419
450
384
408
398
436
446
402
414
401
446
403
437
406
396
417
434
407
401
416
419
417
401
378
404
383
375
412
365
438
416
396
374
401
391
371
364
396
376
416
388
375
420
387
401
391
362
386
376
378
377
391
380
381
377
350
395
332
399
376
392
383
390
370
362
356
383
409
345
366
352
397
361
354
382
362
377
337
365
350
336
373
354
368
356
359
361
362
334
355
358
356
351
310
371
339
375
330
323
363
325
347
308
339
342
350
354
340
334
360
374
337
364
338
316
321
357
335
328
355
341
316
339
347
344
314
340
357
332
317
323
327
290
361
356
323
315
324
322
309
357
344
349
309
337
300
304
316
320
321
312
310
339
337
284
301
337
339
308
313
295
298
312
341
328
320
317
315
323
312
304
346
334
312
313
272
312
291
297
310
314
306
287
305
278
291
306
298
280
280
291
299
298
295
312
269
305
293
286
314
289
282
278
276
289
276
268
311
298
310
298
269
268
295
306
274
295
286
311
297
261
252
278
280
290
285
248
266
283
288
235
253
278
259
276
272
288
260
287
271
262
306
281
277
274
266
287
239
254
276
253
261
268
274
261
278
259
281
237
269
254
255
271
298
291
265
257
253
268
245
281
243
228
270
224
236
239
297
264
233
269
260
276
276
265
242
272
256
273
295
254
283
268
241
257
265
253
240
248
257
268
254
245
251
222
245
241
248
231
250
232
239
262
249
236
256
242
235
249
262
259
233
244
227
277
255
252
225
271
232
257
220
259
248
213
265
261
265
262
222
217
237
233
236
225
243
247
231
234
238
242
228
217
220
237
220
214
221
259
239
230
227
254
228
234
235
222
227
224
217
229
225
225
220
211
254
226
220
247
223
228
249
247
213
244
227
215
215
215
215
189
200
230
238
206
223
225
234
220
243
225
202
238
206
215
194
231
234
222
201
213
210
242
236
212
208
213
249
208
202
193
205
212
207
218
232
230
233
223
210
210
199
219
209
213
219
220
230
186
208
223
211
186
167
238
199
234
200
211
216
206
221
202
215
205
209
192
211
204
175
194
208
218
207
209
220
222
198
217
191
206
231
208
209
196
207
192
198
194
192
206
191
199
184
190
183
182
179
183
191
177
182
209
200
193
209
173
191
194
165
188
191
186
182
191
194
192
182
192
172
195
172
181
170
207
193
187
184
167
172
197
192
175
192
193
187
184
182
177
185
179
148
150
155
157
200
181
170
171
194
181
165
179
206
187
162
167
191
173
165
155
176
151
187
177
167
180
187
158
181
168
168
192
157
192
169
184
172
164
199
166
163
179
146
164
159
166
155
170
147
171
176
161
194
171
156
166
154
177
150
171
159
159
151
171
175
168
158
184
149
183
175
145
149
174
162
180
174
156
134
173
157
158
166
157
140
155
142
179
152
162
179
142
169
153
166
169
150
148
170
170
172
158
142
158
151
163
173
148
144
167
171
141
150
181
161
158
144
143
155
181
160
183
165
152
166
164
189
145
169
131
173
158
155
151
153
151
160
152
135
155
143
132
148
143
156
160
140
142
129
153
154
134
133
141
165
129
159
141
153
147
137
131
135
138
150
138
149
160
145
143
148
136
139
135
141
146
137
130
147
152
123
129
147
142
136
148
155
154
147
155
149
131
143
139
121
124
152
164
132
139
129
114
154
129
141
148
132
148
131
153
153
143
157
127
146
134
147
151
125
154
129
131
130
139
126
128
153
147
125
148
168
128
138
118
136
139
114
135
122
125
133
128
138
140
133
127
115
141
145
126
125
123
115
130
138
139
164
130
132
127
137
123
142
132
128
126
120
117
155
165
128
139
120
118
123
133
137
117
149
126
129
156
116
136
132
120
111
124
137
115
124
141
111
136
119
139
122
144
131
131
126
144
139
142
136
116
118
136
112
126
129
103
109
130
131
142
147
130
110
106
115
118
128
154
140
116
110
125
122
127
115
123
130
124
108
120
130
126
127
126
108
135
126
109
110
104
118
130
125
98
112
110
122
94
110
119
144
122
134
124
130
120
106
128
136
112
107
131
113
133
130
129
109
116
119
134
109
122
102
118
100
120
107
115
112
117
122
110
119
121
120
123
113
136
101
103
120
113
112
116
101
105
118
122
122
112
111
115
113
111
116
134
136
99
108
101
107
116
118
104
102
137
120
113
100
114
126
102
102
97
109
115
114
114
122
115
111
87
101
96
110
110
101
100
105
95
130
88
101
102
104
112
113
102
111
108
120
119
109
109
103
120
119
105
131
102
116
106
129
107
120
111
125
126
122
119
111
126
102
105
111
117
123
94
127
119
122
118
97
106
113
109
105
102
100
112
103
116
110
109
125
99
114
107
103
101
82
92
118
129
100
108
102
103
113
103
94
110
103
115
109
104
91
106
115
127
114
95
120
98
104
111
105
104
115
122
102
87
113
95
108
108
109
106
116
89
117
98
122
116
125
119
106
91
111
107
105
81
126
112
93
107
111
105
101
85
101
115
114
94
113
108
116
106
98
92
111
102
92
106
94
114
84
121
103
101
108
114
112
87
100
98
122
113
109
101
104
103
95
109
107
90
91
100
89
92
101
90
92
127
103
99
90
111
106
99
91
98
103
100
96
113
79
114
104
95
105
103
116
91
94
83
90
103
99
96
92
101
97
95
86
105
122
98
115
107
103
84
118
112
96
108
102
95
95
101
121
93
91
100
102
98
121
103
116
83
127
102
88
116
96
111
103
101
103
89
116
104
102
102
85
107
82
112
90
104
96
104
105
103
98
90
97
105
96
94
104
95
101
87
118
108
105
107
90
103
92
92
108
91
70
96
96
101
91
111
101
96
98
106
111
107
98
100
94
105
102
94
100
77
123
86
107
108
115
98
115
99
109
98
108
116
96
101
115
101
99
89
93
89
119
97
98
92
101
109
97
94
105
104
104
97
107
114
105
95
99
104
83
101
101
68
113
90
99
104
83
98
91
87
97
89
106
106
102
87
86
94
94
90
103
93
98
107
94
98
92
110
96
93
103
93
105
100
100
87
98
90
113
91
88
101
95
80
95
80
102
86
109
98
89
87
98
93
75
86
93
99
87
102
92
90
91
87
98
113
89
88
123
89
90
111
97
97
99
95
94
98
81
96
111
98
105
92
95
105
92
94
92
85
102
115
111
93
100
108
114
104
108
87
86
98
100
104
79
90
71
90
112
88
75
91
97
107
95
89
103
95
80
90
94
97
109
110
77
75
96
103
100
92
104
88
94
107
99
85
117
92
85
100
97
98
102
94
95
101
93
103
90
88
86
95
106
105
79
79
93
122
91
96
88
84
90
87
81
78
93
97
79
86
70
101
101
102
96
104
81
88
103
84
85
89
82
83
91
69
88
118
96
91
94
101
102
77
94
84
95
71
107
96
99
89
100
89
109
101
85
94
97
77
96
94
93
98
95
118
101
103
78
90
88
96
113
106
101
93
103
68
84
109
89
102
95
90
88
105
105
86
78
86
82
97
98
97
91
104
87
106
121
93
84
91
92
87
103
90
78
88
82
108
80
107
74
86
98
106
90
100
83
90
107
87
87
91
89
96
95
90
117
94
85
96
102
89
103
94
95
89
111
103
99
95
87
83
102
96
107
90
102
87
110
81
90
81
105
75
97
92
87
92
114
104
94
95
91
105
81
71
102
92
89
103
94
93
102
84
97
83
93
98
85
95
86
101
100
93
109
102
97
96
91
89
98
91
83
107
90
106
104
91
99
91
91
85
107
80
108
86
89
78
93
89
89
92
76
92
91
84
93
92
84
86
94
94
76
90
80
98
92
85
91
95
105
77
85
79
93
104
89
97
84
90
92
88
95
100
88
103
87
109
91
83
101
98
79
97
95
96
73
77
104
108
84
86
76
81
86
74
89
107
103
89
80
82
84
86
80
97
95
91
84
88
89
71
87
95
102
95
77
84
75
76
78
77
83
97
84
95
96
81
79
91
103
96
97
67
80
73
81
85
91
89
96
84
97
87
102
94
73
66
77
80
91
82
94
84
75
100
91
83
98
83
99
78
90
85
103
95
81
88
91
110
81
85
85
97
95
69
85
84
93
103
82
94
83
82
90
92
60
65
77
72
80
79
90
90
87
79
98
92
82
78
87
95
96
88
95
85
95
89
103
90
88
88
100
80
91
71
93
103
86
101
105
84
83
93
78
70
85
84
82
86
83
73
97
82
86
85
85
100
94
94
104
87
96
86
89
89
89
102
84
99
74
96
89
86
100
85
85
80
94
72
101
84
73
93
65
82
80
94
95
94
75
77
79
91
80
87
89
99
98
84
85
97
77
85
86
81
89
90
90
69
78
86
71
72
82
79
92
83
102
67
90
83
89
97
86
67
84
101
76
80
96
91
77
65
83
92
86
76
86
87
83
85
85
92
89
79
90
72
90
82
94
74
91
81
64
69
88
92
79
76
81
106
82
75
114
95
81
103
93
64
69
85
91
83
72
82
74
66
79
80
99
90
76
95
76
75
75
82
75
77
74
94
75
85
82
85
76
76
97
80
71
80
71
90
92
84
81
74
86
65
76
100
68
74
81
89
85
69
85
79
77
91
74
72
76
93
77
69
63
81
86
87
81
73
92
77
100
70
71
86
79
85
91
66
101
79
84
90
68
115
85
64
68
84
79
70
75
93
81
69
89
83
70
81
66
82
81
71
72
72
84
77
80
85
67
89
80
89
83
85
97
96
65
89
73
81
75
73
93
92
75
86
89
76
79
92
85
77
77
82
64
64
87
75
68
77
82
79
80
83
73
88
77
83
84
62
85
68
69
73
70
77
79
87
77
77
94
73
56
90
86
77
96
73
76
94
93
86
89
87
88
86
84
86
97
102
77
95
65
83
81
93
54
83
66
80
99
83
75
64
71
91
87
79
77
78
87
81
77
74
82
66
78
75
84
100
83
69
86
70
78
65
77
83
80
80
79
68
75
107
89
86
86
94
82
77
76
74
76
75
90
83
71
73
95
84
87
78
92
69
91
82
79
66
75
75
71
75
70
81
99
85
82
59
80
84
85
55
94
88
87
90
70
94
83
90
74
81
67
76
89
68
79
77
82
77
88
73
78
85
71
65
81
76
71
84
84
97
88
91
89
75
80
85
80
90
82
81
83
102
79
66
71
95
68
95
78
73
81
79
77
88
79
83
81
80
79
86
81
87
76
77
65
77
74
69
66
88
87
73
77
56
75
82
77
64
95
86
62
72
72
70
72
78
77
86
72
78
73
81
86
59
74
75
77
93
78
78
93
91
55
86
90
57
87
80
79
96
77
75
87
62
86
72
84
76
83
58
59
100
83
65
83
83
60
82
71
81
79
70
89
80
81
70
83
76
70
81
79
89
59
81
77
78
77
73
91
65
90
88
85
74
91
80
75
89
77
81
73
84
67
69
68
80
60
72
71
79
78
79
79
78
69
87
90
82
80
78
62
84
88
79
71
72
61
76
76
83
88
78
87
75
83
70
95
76
84
78
75
68
84
66
101
72
81
70
82
76
89
87
69
89
57
83
77
64
86
66
76
60
80
76
67
72
110
84
85
69
84
90
74
66
72
79
70
72
80
81
77
80
70
78
62
89
60
77
92
76
80
75
68
79
78
57
83
77
95
76
79
91
79
94
62
84
74
67
80
75
101
82
86
75
89
81
89
76
103
75
75
79
83
79
74
91
76
90
78
79
69
71
78
74
72
81
75
76
59
76
89
95
80
68
77
69
79
70
93
97
74
87
72
88
89
81
78
81
70
87
66
85
77
85
68
87
79
97
79
66
78
87
76
80
68
79
99
83
70
77
78
72
80
74
69
71
78
72
98
74
81
81
80
64
77
81
74
74
75
60
94
82
74
78
78
91
68
91
80
76
90
91
80
86
81
89
104
86
85
66
83
65
96
61
91
66
89
85
79
69
101
92
87
82
62
78
79
75
72
66
83
76
84
82
74
83
73
79
73
68
71
52
84
82
75
79
86
89
78
84
83
87
67
88
92
70
63
86
86
82
73
70
68
79
82
62
91
80
86
74
75
68
82
89
76
73
75
77
66
78
62
86
70
74
93
68
77
96
81
78
65
63
71
76
83
68
76
89
76
68
71
87
72
76
66
72
72
74
79
90
84
77
63
96
71
83
77
81
79
79
73
73
71
67
66
72
74
77
71
85
75
72
85
71
74
79
91
79
87
75
89
87
73
72
68
80
80
76
74
82
84
77
77
68
75
87
80
84
74
75
79
76
92
84
75
91
79
58
80
78
94
73
80
85
92
69
88
94
85
63
79
83
69
84
67
75
64
78
74
69
65
61
74
72
83
83
73
73
66
78
81
88
55
80
81
67
68
74
68
80
68
71
66
71
74
76
63
84
79
74
83
91
77
76
68
65
71
51
81
80
88
94
72
70
68
67
72
76
65
64
72
73
67
76
70
59
65
60
81
75
80
71
66
76
81
59
73
64
63
66
76
62
77
81
77
76
80
74
85
85
76
72
64
55
64
74
74
73
78
70
79
68
70
71
70
76
58
63
71
64
71
78
83
80
77
71
65
76
66
58
69
80
64
73
61
68
72
77
61
82
89
75
62
76
36
83
65
67
69
63
68
77
64
61
67
63
62
62
69
75
53
74
63
72
72
54
73
72
65
67
68
56
67
67
54
59
59
64
50
58
60
55
73
67
67
83
62
67
65
54
59
68
62
65
60
83
83
58
71
66
72
55
55
69
71
55
65
72
74
89
67
75
55
56
75
61
56
64
74
68
57
60
53
61
59
74
54
67
62
58
58
56
64
61
75
79
59
61
78
57
79
55
65
71
61
71
62
72
63
62
61
71
55
60
68
48
72
50
69
54
67
60
73
72
52
56
62
60
57
64
50
68
67
47
57
60
61
57
66
74
56
64
60
56
49
65
62
55
38
62
65
63
52
54
50
68
57
60
68
59
58
56
53
52
59
47
60
47
62
64
63
61
52
49
62
71
51
51
39
50
67
46
59
49
53
51
52
67
39
57
61
41
44
63
59
55
62
51
54
45
57
61
60
61
48
63
59
64
61
53
54
54
51
65
45
49
57
54
49
54
50
52
54
49
62
53
46
68
55
51
46
57
53
61
46
52
65
59
53
41
51
37
46
53
52
44
44
57
58
45
42
49
38
58
50
59
46
55
50
64
55
42
47
43
40
58
53
54
51
59
50
44
50
38
74
68
49
53
49
54
42
54
46
65
55
47
49
49
44
33
58
55
35
50
56
56
48
45
51
55
42
47
53
42
43
46
43
38
42
56
42
40
45
47
57
40
40
53
51
48
53
44
50
49
46
51
50
43
42
41
55
44
43
47
40
41
45
33
47
45
58
52
57
43
49
60
48
49
49
41
42
47
37
52
37
40
36
47
37
54
45
44
47
45
42
42
49
41
44
58
43
44
39
33
48
47
38
40
50
51
47
40
37
52
37
36
43
35
54
42
52
37
48
37
41
36
50
32
38
44
40
43
54
44
49
41
30
40
46
44
40
46
48
39
44
43
39
42
57
43
46
42
45
45
48
43
56
42
59
50
50
51
52
45
44
53
43
47
45
38
43
44
39
44
35
41
55
43
50
36
51
33
37
39
44
45
30
35
46
48
34
35
35
44
32
44
40
45
41
51
47
35
37
39
43
45
58
39
28
52
42
40
42
44
42
42
36
35
43
30
30
38
37
49
46
45
56
41
39
36
33
36
41
55
41
34
33
48
41
44
39
47
27
37
47
47
40
34
44
50
43
39
37
38
50
38
36
39
35
34
41
44
40
50
47
43
36
42
41
42
47
42
42
27
33
37
38
33
41
43
36
27
32
23
42
35
61
36
36
41
44
33
39
56
43
45
47
36
30
36
42
40
35
34
33
26
42
46
35
36
52
43
42
33
36
40
29
40
35
39
37
40
35
42
55
40
42
43
34
35
38
44
39
40
38
34
37
42
32
36
38
34
44
38
35
43
36
40
36
48
36
48
34
42
37
35
32
35
40
33
28
42
37
42
37
35
30
45
40
47
38
30
31
41
37
43
42
37
30
31
31
36
38
35
33
38
29
27
28
44
31
41
34
35
30
49
42
39
31
37
26
31
37
31
43
38
35
30
37
29
35
36
34
33
32
35
43
29
37
33
30
36
34
32
25
31
49
20
41
38
37
35
38
45
30
28
37
48
33
29
37
42
34
37
29
27
32
22
43
35
34
23
35
42
32
36
37
27
35
38
38
38
33
41
30
31
37
29
30
25
34
31
26
32
32
38
26
36
18
32
28
23
27
42
27
23
22
34
24
31
28
28
40
34
33
46
30
29
37
25
33
27
25
29
32
25
31
35
24
34
18
25
26
29
31
26
28
31
33
33
24
27
24
32
26
26
17
25
27
31
40
29
32
30
35
33
23
17
22
24
25
26
17
33
29
21
28
29
31
25
26
22
38
23
32
28
27
24
26
26
33
22
22
25
26
23
35
29
22
26
28
19
22
38
26
17
25
27
25
23
19
33
19
26
20
32
15
22
27
26
21
35
23
23
31
24
24
25
25
21
22
24
29
25
14
34
17
21
21
21
30
15
27
26
20
33
36
13
15
22
26
19
21
22
18
25
24
36
21
23
18
24
24
23
32
24
20
17
19
23
25
27
20
15
30
19
15
22
21
16
18
25
27
20
18
24
17
18
17
16
15
19
24
23
21
14
18
16
11
21
13
19
19
19
20
20
18
16
14
16
11
18
18
13
17
21
18
22
21
24
17
25
14
19
15
23
16
21
19
17
14
18
14
16
19
27
16
24
16
21
18
12
14
10
14
17
25
16
17
17
19
20
19
18
18
14
17
21
21
24
19
21
17
6
19
19
14
22
15
14
19
10
10
19
15
16
17
27
13
17
21
16
20
23
19
16
22
18
22
23
25
20
16
20
10
12
15
16
17
19
12
14
15
17
11
15
27
20
21
14
14
17
22
12
18
9
14
15
12
15
6
11
8
15
14
8
13
14
17
24
20
17
11
13
8
10
13
12
13
8
10
9
10
11
16
13
6
8
18
16
13
12
8
12
19
12
7
13
12
14
15
10
9
13
14
16
24
15
11
15
9
14
10
18
12
16
8
9
16
8
11
9
14
11
9
17
11
16
17
10
15
18
21
18
13
9
4
12
16
15
6
15
8
11
12
9
9
5
12
9
10
16
10
12
9
15
20
15
13
22
13
12
11
12
11
8
8
13
18
11
10
7
17
11
15
7
12
14
12
7
8
8
6
3
12
16
11
10
13
10
9
11
14
9
7
7
7
11
2
8
13
10
9
6
8
8
8
8
13
7
11
9
9
7
2
9
11
5
9
5
9
8
10
12
7
11
7
15
10
8
6
12
5
7
9
9
11
8
9
13
8
14
10
8
13
12
10
14
6
9
8
6
3
6
6
6
9
3
8
6
10
7
8
14
9
9
7
8
12
4
8
7
16
12
6
11
7
8
3
7
12
10
8
4
9
7
9
5
6
14
9
12
4
7
8
11
11
6
4
12
14
6
10
8
5
7
5
7
9
8
11
6
6
7
8
9
6
11
2
4
6
5
7
8
12
6
6
11
5
9
7
4
7
8
5
8
6
8
6
7
8
4
7
7
7
6
11
4
7
7
9
6
7
7
3
9
9
6
10
7
7
7
6
10
7
6
5
11
8
8
5
8
5
5
7
8
7
9
8
6
11
2
7
7
6
2
5
4
6
8
4
5
6
5
5
7
5
12
3
4
5
9
6
3
6
5
7
8
8
5
9
9
5
5
7
3
5
4
4
9
9
1
5
6
4
2
1
6
6
6
7
9
5
4
6
3
7
5
6
6
4
2
11
8
6
2
4
2
9
6
2
4
3
5
2
8
2
5
5
6
6
5
9
8
5
5
4
4
4
4
5
6
6
6
5
4
4
1
4
7
5
5
5
4
4
4
7
10
3
2
5
4
7
6
4
8
2
4
3
3
3
3
3
5
6
5
2
2
3
7
3
3
7
8
4
2
4
8
1
2
6
3
5
2
4
3
7
5
1
2
7
4
4
5
4
4
3
5
9
4
6
6
4
5
4
3
4
5
2
3
1
2
5
4
5
4
6
2
2
2
4
3
3
3
6
7
5
6
5
2
3
5
5
2
2
5
5
1
6
2
3
3
3
5
3
2
2
5
4
3
3
3
2
5
3
2
1
5
2
3
1
5
5
5
4
4
1
5
3
1
4
4
6
5
3
3
1
3
4
3
3
2
2
6
5
2
3
1
4
4
1
4
4
6
2
2
0
3
3
2
5
0
4
0
2
1
3
1
3
4
3
3
3
3
1
2
5
7
2
0
1
1
4
2
4
2
2
0
3
2
1
3
4
3
2
1
0
1
1
3
3
3
2
0
6
2
2
0
2
2
1
0
2
2
2
3
4
1
2
2
3
1
5
2
4
1
6
2
3
2
0
4
1
3
1
0
2
0
1
0
0
2
3
1
3
1
4
4
1
0
1
3
1
2
1
1
1
1
0
1
4
3
1
0
1
2
3
2
1
1
0
3
3
2
0
1
1
0
0
2
0
0
2
1
1
1
1
1
0
0
0
0
0
1
3
1
3
1
2
2
0
5
2
2
1
1
0
2
2
0
1
2
3
3
2
1
1
1
2
1
2
1
0
2
1
5
2
1
3
2
0
1
2
2
2
1
0
1
1
2
0
2
0
1
0
3
0
1
0
4
2
0
1
2
0
3
1
0
3
1
1
0
3
0
0
0
1
1
0
0
0
1
0
1
3
0
3
2
1
0
1
0
1
0
0
1
2
0
0
1
1
1
0
0
0
1
2
2
2
1
0
1
0
0
0
0
0
2
2
1
1
0
0
0
1
2
1
1
1
0
0
0
2
0
1
2
1
0
0
0
1
3
1
1
0
0
2
2
0
0
1
0
1
1
1
0
0
0
3
0
0
0
0
2
1
0
0
1
0
2
0
0
2
3
1
0
0
2
0
0
1
0
0
0
1
0
3
2
0
1
2
1
1
0
1
0
0
2
0
1
0
1
0
0
0
0
2
2
2
0
0
0
0
1
0
0
0
1
1
0
0
0
0
0
0
1
0
0
1
0
0
2
2
0
1
2
0
0
0
0
0
1
0
0
1
0
1
0
0
1
1
3
0
0
1
0
0
1
0
0
0
1
1
0
0
0
0
0
1
0
0
0
0
0
0
1
0
0
0
2
0
0
1
2
0
1
0
0
0
2
0
1
1
3
0
1
0
0
0
1
0
0
0
0
1
0
0
0
0
0
0
0
0
1
0
0
0
0
0
3
0
0
0
0
0
0
0
0
1
1
0
0
0
0
0
0
2
0
1
0
0
0
0
0
1
0
0
0
0
0
1
0
1
0
0
0
1
0
0
0
0
0
0
0
0
0
0
0
0
0
0
0
0
0
0
0
0
0
0
1
0
0
0
1
0
0
0
1
0
0
0
1
1
0
0
1
0
0
0
0
0
0
0
1
0
2
1
0
1
0
0
0
0
0
0
0
1
0
0
0
0
0
0
0
0
0
1
0
0
0
0
0
0
0
0
0
0
0
0
0
0
0
0
0
0
0
0
0
1
1
0
0
0
1
0
0
0
0
0
0
0
0
0
1
0
0
0
1
0
0
0
0
0
0
0
1
0
0
0
0
0
0
0
0
0
0
0
0
0
0
0
0
0
0
0
0
0
0
0
0
0
0
0
0
0
0
0
0
0
0
0
0
0
0
0
0
0
0
0
0
0
0
1
0
0
0
0
0
0
0
0
0
0
1
0
0
0
0
0
0
0
0
0
0
0
0
0
0
0
0
0
0
0
0
0
0
0
0
0
0
0
0
0
0
0
0
0
0
0
0
0
0
0
0
0
0
0
0
0
0
0
0
0
0
0
0
0
0
0
0
0
0
0
0
0
0
0
0
0
0
0
0
1
1
0
0
0
0
0
0
0
0
0
0
0
0
0
0
0
0
0
1
0
0
0
0
0
0
1
0
0
0
1
0
0
0
0
0
0
0
0
0
0
0
0
0
0
0
0
0
0
0
0
0
0
0
0
0
0
0
0
0
0
0
0
0
0
0
0
0
0
0
0
0
0
0
0
0
0
0
0
0
0
0
0
0
0
0
0
0
0
0
0
0
0
0
0
1
0
0
0
0
0
0
0
0
0
0
0
0
0
0
0
0
0
0
0
0
0
0
0
0
0
0
0
0
0
0
0
0
0
0
0
0
0
0
1
0
0
0
0
0
0
0
0
0
0
0
0
0
0
0
0
0
0
0
0
0
0
0
0
0
0
0
0
0
0
0
0
0
0
0
0
0
0
0
0
0
0
0
1
1
0
0
0
0
0
0
0
0
1
0
0
0
0
0
0
0
0
0
0
0
0
0
0
0
0
0
0
0
0
0
1
0
0
0
0
0
0
0
0
0
0
0
0
0
0
0
0
0
0
0
0
0
0
0
0
0
0
0
0
0
0
0
0
0
0
1
0
0
0
0
0
0
0
0
0
0
0
0
0
0
0
0
0
0
0
0
0
0
0
0
0
0
0
0
0
0
0
0
0
0
0
0
0
0
0
0
0
0
0
0
0
0
0
0
0
0
0
0
0
0
0
0
0
0
0
0
0
0
0
1
0
0
0
0
0
0
0
0
0
0
0
0
0
0
0
0
0
0
0
0
0
0
0
0
0
0
0
0
0
0
0
0
0
0
0
0
0
0
0
0
0
0
0
0
0
0
0
0
0
0
0
0
0
0
0
0
0
0
0
1
0
0
0
0
0
0
0
0
0
0
0
0
0
0
0
0
0
0
0
0
0
0
0
0
0
0
0
0
0
0
0
0
0
0
0
0
0
0
0
0
0
0
0
0
0
0
0
0
0
0
0
0
0
0
0
0
0
0
0
0
0
0
0
0
0
0
0
0
0
0
0
0
0
0
0
0
0
0
0
0
0
0
0
0
0
0
0
0
0
0
0
0
0
0
0
0
0
0
0
0
0
0
0
0
0
0
0
0
0
0
0
0
0
0
0
0
1
0
0
0
0
0
0
0
0
0
0
0
0
0
0
0
0
0
0
0
0
0
0
0
0
0
0
0
0
0
0
0
0
0
0
0
0
0
0
0
0
0
0
0
0
0
0
0
0
0
0
0
0
0
0
0
0
0
0
0
0
0
0
0
0
0
0
0
0
0
0
0
0
0
0
0
1
0
0
0
0
0
0
0
0
0
0
0
0
0
0
0
0
0
0
0
0
0
0
0
0
0
0
0
0
0
0
0
0
0
0
0
0
0
0
0
0
0
0
0
0
0
0
0
0
0
0
0
0
0
0
0
0
0
1
0
0
0
0
0
0
0
0
0
0
0
0
0
0
0
0
0
0
0
0
0
0
0
0
0
0
0
0
0
0
0
0
0
0
0
0
0
0
0
0
0
0
0
0
0
0
0
0
0
0
0
0
0
0
0
0
0
0
0
0
0
0
0
0
0
0
0
0
0
0
0
0
0
0
0
0
0
0
0
0
0
0
0
0
0
0
0
0
0
0
0
0
0
0
0
0
0
0
0
0
0
0
0
0
0
0
0
0
0
0
0
0
0
0
0
0
0
0
0
0
0
0
0
0
0
0
0
0
0
0
0
0
0
0
0
0
0
0
0
0
0
0
0
0
0
0
0
0
0
0
1
0
0
0
0
0
0
0
0
0
0
0
0
0
0
0
0
0
0
0
0
0
0
0
0
0
0
0
0
0
0
0
0
0
0
0
0
0
0
0
0
0
0
0
0
0
0
0
0
0
0
0
0
0
0
0
0
0
0
0
0
0
0
0
0
0
0
0
0
0
0
0
0
0
0
0
0
0
0
1
0
0
0
0
0
0
0
0
0
1
0
0
0
0
0
0
0
0
0
0
0
0
0
0
0
0
0
0
0
0
0
0
0
0
0
0
0
0
0
0
0
0
0
0
0
0
0
0
0
0
0
0
0
0
0
0
0
0
0
0
0
0
0
0
0
0
0
0
0
0
0
0
0
0
0
0
0
0
0
0
0
0
0
0
0
0
0
0
0
0
0
0
0
0
0
0
0
0
0
0
0
0
0
0
1
0
0
0
0
0
0
0
0
0
0
1
0
0
0
1
0
0
0
0
0
0
0
0
0
0
0
0
0
0
0
0
0
0
0
0
0
0
0
0
0
0
0
0
0
0
0
0
0
0
0
0
0
0
0
0
0
0
0
0
0
0
0
0
0
0
0
0
0
0
0
0
0
0
0
0
0
0
0
0
0
0
0
0
0
0
0
1
0
0
0
0
0
0
0
0
0
0
0
0
0
0
0
0
0
0
0
0
0
0
0
0
0
0
0
0
0
0
0
0
0
0
0
0
0
0
0
0
0
0
0
0
0
0
0
0
0
0
0
0
0
0
0
0
0
0
0
0
0
0
0
0
0
0
0
0
0
0
0
0
0
0
0
0
0
0
0
0
0
0
0
0
0
0
0
0
0
0
0
0
0
0
0
0
0
0
0
0
0
0
0
0
0
0
0
0
0
0
0
0
0
0
0
0
0
0
0
0
0
0
0
0
0
0
0
0
0
0
0
0
0
0
0
0
0
0
0
0
0
0
1
0
0
0
0
0
0
0
0
0
0
0
0
0
0
0
0
0
0
0
0
0
0
0
0
0
0
0
0
0
0
0
0
0
0
0
0
0
0
1
0
0
0
0
0
0
0
0
0
0
0
0
0
0
0
0
0
0
0
0
0
0
0
1
0
0
0
0
0
0
0
0
0
0
0
0
0
0
0
0
0
0
0
0
0
0
0
0
0
0
0
0
0
0
0
0
0
0
0
0
0
0
0
0
0
0
0
0
0
0
0
0
0
0
0
0
0
0
0
0
0
0
0
0
0
0
0
0
0
0
0
0
0
0
0
0
0
0
0
0
0
0
0
0
0
0
0
0
0
0
0
0
0
0
0
0
0
0
0
0
0
0
0
0
0
0
0
0
0
0
0
0
0
