0
0
0
0
0
0
0
0
0
0
0
0
0
0
0
0
0
0
0
0
0
0
0
0
0
1
1
8
9
12
10
19
17
20
20
22
25
25
18
29
25
27
29
39
53
36
39
43
53
68
39
50
48
56
51
76
59
91
70
52
83
76
76
76
81
72
76
86
69
91
83
86
78
96
88
95
81
99
112
106
102
118
100
94
116
117
128
128
130
128
120
144
138
133
129
133
151
145
180
154
173
172
173
162
172
158
186
200
170
194
187
185
178
215
183
195
211
183
214
213
233
214
222
215
226
237
191
208
206
224
258
249
240
248
242
242
294
265
237
280
269
291
283
274
284
275
277
274
255
286
284
294
290
306
304
309
310
326
309
344
300
313
346
324
335
342
346
339
337
335
377
356
378
358
393
380
381
389
397
406
384
428
446
392
389
451
427
418
416
457
467
453
470
472
467
482
500
469
475
522
474
519
512
477
533
532
529
586
546
535
531
562
587
551
665
610
640
628
617
648
718
634
682
670
708
676
726
757
734
754
753
774
806
814
810
856
834
858
898
926
885
946
957
928
928
959
959
1013
1012
1008
1079
1052
1124
1101
1088
1127
1074
998
1002
907
900
814
686
624
554
483
437
422
383
454
416
423
432
405
470
442
416
440
433
419
451
445
435
455
494
468
499
452
509
460
518
460
515
484
459
472
465
504
460
503
496
529
537
520
530
529
505
525
538
526
542
474
507
518
521
521
566
509
552
549
571
556
575
594
586
561
535
534
593
566
609
569
573
564
544
579
586
542
566
603
523
579
597
570
571
566
585
603
618
605
591
604
630
585
601
571
615
622
580
598
582
585
627
640
660
638
586
658
658
617
635
619
585
599
607
614
613
626
612
669
611
602
653
611
628
646
610
625
636
625
676
650
644
684
629
670
640
612
636
605
598
654
629
603
649
638
642
621
621
681
605
634
712
647
646
677
632
667
705
667
633
640
604
685
644
632
605
691
654
638
667
673
661
673
671
690
672
657
667
681
677
634
588
674
653
650
647
648
677
619
655
686
626
620
677
624
638
643
670
640
623
671
616
603
663
600
649
678
602
670
642
639
635
643
669
608
613
658
640
629
642
599
624
643
620
635
636
616
618
626
682
646
611
662
582
655
657
596
608
646
667
633
668
638
641
656
660
615
678
650
661
696
635
673
680
634
725
668
690
721
648
664
682
669
701
668
694
687
699
727
673
699
712
687
667
698
679
683
701
704
687
718
738
713
676
694
753
724
685
703
660
711
714
688
724
692
732
743
684
702
776
751
703
752
729
731
765
647
687
731
722
717
754
724
743
765
760
695
689
750
734
720
714
753
717
717
787
730
740
739
723
730
770
776
728
720
739
796
714
719
716
747
750
709
646
770
722
733
718
776
735
788
759
746
788
753
759
705
787
757
719
762
704
751
769
749
727
739
751
727
712
775
745
706
720
762
674
738
743
748
719
753
783
724
769
750
711
700
712
733
748
718
763
727
705
752
710
758
741
757
707
721
702
743
684
739
753
703
692
755
693
734
672
686
766
726
743
683
657
697
709
696
728
709
709
727
740
685
754
711
719
673
752
689
701
721
693
690
678
716
708
713
665
683
659
698
639
669
716
669
739
652
669
684
721
662
679
709
695
683
698
731
700
683
693
702
644
679
708
704
696
709
678
661
691
717
687
730
669
635
707
702
693
654
670
656
664
694
653
677
694
671
673
681
660
721
680
685
684
620
662
673
684
658
668
663
680
659
656
667
683
666
632
686
684
644
651
653
658
629
656
662
636
695
717
666
600
647
641
620
677
650
629
653
620
589
650
649
659
632
586
604
647
611
617
665
610
651
648
655
620
631
665
595
596
624
635
625
638
621
661
615
610
644
628
636
609
636
664
614
645
604
609
649
637
641
678
608
650
576
589
557
614
600
567
581
608
614
628
588
626
603
611
617
602
516
583
592
610
570
564
605
606
608
577
588
637
562
566
597
618
634
605
548
575
607
574
562
554
601
545
580
605
536
580
584
582
589
542
535
596
575
574
571
591
615
593
598
553
566
583
589
578
548
567
535
575
594
532
574
584
562
548
536
548
544
633
590
550
561
538
567
560
549
585
561
626
541
571
604
589
568
533
582
587
550
538
520
548
555
539
519
508
582
566
552
530
569
563
518
504
564
517
539
549
547
507
542
546
496
513
547
576
521
545
544
516
512
594
547
525
510
523
509
491
529
519
527
558
529
534
520
509
548
509
528
531
537
553
520
520
499
534
574
517
526
514
551
546
541
526
538
525
485
507
492
533
528
496
504
526
545
468
549
556
516
540
549
468
498
461
506
511
519
499
526
487
510
490
513
493
497
505
474
522
494
506
533
564
522
550
510
499
534
477
475
467
521
505
456
494
489
504
473
505
491
484
487
513
497
491
513
474
548
508
544
495
529
479
495
500
493
534
478
463
523
499
488
474
496
458
474
503
493
496
498
465
445
465
490
502
467
498
481
513
491
440
500
521
518
509
495
495
514
469
478
499
465
457
450
478
510
452
479
474
459
471
456
497
450
467
440
479
453
436
493
474
477
453
465
479
489
512
462
479
432
469
468
482
453
490
491
510
454
521
433
452
491
460
471
480
454
436
487
458
475
442
473
482
492
449
443
460
470
473
473
440
479
459
453
444
463
467
438
450
472
431
455
455
465
451
446
425
429
464
457
478
494
447
456
456
477
466
453
441
465
427
441
479
483
449
472
463
485
429
433
454
458
446
427
458
446
466
464
458
454
456
430
446
427
453
473
438
426
462
426
430
434
435
427
476
427
430
476
446
432
431
401
428
439
437
417
445
420
426
430
443
446
411
407
442
443
438
399
446
431
443
417
466
419
428
420
427
432
439
380
416
412
413
416
387
433
409
418
428
414
409
431
427
432
420
400
401
387
433
408
391
408
384
416
390
400
423
439
405
439
369
418
409
392
391
394
413
400
415
383
397
378
412
375
383
401
382
388
387
413
388
388
363
375
428
384
418
381
358
396
365
391
359
393
405
414
403
371
396
380
367
392
358
364
340
371
384
364
399
386
355
344
387
395
372
351
394
379
394
345
401
338
366
356
372
367
335
373
384
373
356
368
364
385
350
346
369
345
362
313
361
320
319
337
343
349
381
339
403
347
355
377
364
293
392
334
343
393
330
357
332
363
322
335
343
359
364
302
328
348
326
338
323
336
318
334
370
315
341
337
351
309
365
314
306
340
341
315
287
310
357
327
308
307
337
315
291
328
307
323
338
306
302
299
279
320
328
293
322
322
325
298
326
308
321
286
294
279
284
320
281
313
288
315
289
326
301
303
320
325
281
276
291
293
338
321
298
291
298
257
295
288
292
266
285
293
261
271
313
302
272
287
270
294
259
313
287
287
272
290
284
270
241
260
247
277
278
283
285
280
270
258
282
287
294
298
299
259
286
281
282
289
258
261
262
231
260
247
283
262
261
289
271
296
245
281
267
282
245
227
271
271
272
257
266
255
261
241
254
271
274
260
275
280
279
223
245
269
243
279
261
265
240
278
258
270
262
266
242
261
244
252
249
265
245
242
257
229
264
253
245
255
232
269
260
243
211
253
238
246
243
275
248
217
287
241
285
240
257
230
247
273
237
229
260
236
220
238
257
261
271
225
242
217
264
241
244
271
225
262
235
237
264
236
263
256
207
272
280
248
271
243
236
278
261
241
272
236
234
228
253
262
242
265
249
263
239
251
242
242
264
241
255
242
236
262
258
251
244
264
243
218
258
256
236
275
251
254
263
253
264
253
266
277
237
238
255
275
266
238
238
261
280
254
243
243
257
247
275
278
241
269
229
256
266
290
245
257
275
283
296
272
258
286
258
266
242
260
295
275
268
324
269
306
265
282
255
271
272
317
263
292
288
276
260
289
288
279
302
314
285
278
278
292
310
283
284
297
289
306
315
299
295
299
289
322
287
325
279
302
314
313
301
310
294
305
293
327
314
311
286
298
320
309
298
309
348
312
349
332
338
358
306
343
324
353
355
332
323
328
345
341
342
324
383
346
319
360
340
374
340
370
376
367
380
352
370
339
378
349
369
406
383
397
386
388
346
379
391
415
391
424
405
375
426
414
379
388
394
371
407
429
420
392
404
380
449
421
400
388
398
443
410
443
465
406
432
469
410
432
485
417
465
427
426
479
476
461
474
478
488
448
481
465
460
476
458
468
441
478
500
518
506
485
502
495
500
472
509
532
519
525
505
566
558
518
522
524
518
524
551
542
558
554
557
539
534
533
536
567
586
594
576
558
563
585
580
565
615
533
614
628
568
580
589
583
596
564
658
618
628
638
579
640
581
612
596
613
643
649
630
623
615
636
616
630
626
642
610
658
676
689
643
626
731
655
671
692
685
698
679
732
660
658
679
657
656
714
663
745
711
686
689
732
736
711
724
690
718
720
722
707
751
699
738
680
791
747
748
793
794
793
802
758
730
785
725
727
742
768
790
777
766
770
846
742
838
747
781
797
826
800
788
790
768
790
801
825
785
787
818
801
803
844
795
860
820
872
853
860
805
848
834
821
822
859
819
886
839
902
843
844
875
899
833
824
829
843
862
824
812
882
906
881
856
820
833
861
846
829
809
904
877
946
868
864
876
817
877
904
881
926
857
851
903
855
837
884
899
880
863
904
902
915
830
907
932
892
906
869
948
952
902
908
859
875
913
905
914
829
859
895
893
906
896
879
838
902
867
906
924
889
895
984
839
946
917
934
887
879
888
932
940
879
896
839
946
899
905
890
880
943
876
859
866
898
886
891
897
898
881
916
885
944
864
866
888
889
959
855
897
891
863
907
879
852
872
892
841
899
916
865
912
840
838
845
839
859
875
878
878
902
877
858
918
828
889
865
907
830
856
882
815
865
832
862
899
856
843
855
855
888
889
847
888
893
841
889
831
832
838
851
842
779
819
856
829
881
853
780
813
799
818
873
789
790
826
829
815
842
814
777
809
813
801
814
779
770
811
819
826
764
771
829
827
782
762
788
735
799
743
771
835
765
741
784
736
770
786
759
771
813
754
818
754
753
734
683
781
708
722
710
768
751
746
756
710
699
745
733
790
789
699
696
739
722
736
720
716
709
687
687
695
679
705
690
692
691
690
673
707
707
666
694
625
644
690
657
652
679
678
685
677
655
677
659
605
682
643
676
663
682
657
637
668
631
617
690
666
648
605
659
668
605
632
623
677
610
623
636
631
654
632
631
595
657
615
589
590
592
560
594
647
622
612
673
572
635
596
584
595
607
616
612
605
584
590
544
529
558
525
556
612
566
580
581
518
526
564
561
575
544
553
528
555
548
527
526
513
529
587
590
537
533
535
505
566
538
500
530
527
481
549
497
521
511
514
516
503
533
524
529
521
467
497
460
504
494
475
507
490
530
463
520
494
474
524
460
472
449
481
503
482
483
437
488
455
498
500
480
477
460
446
434
461
424
415
455
480
436
449
435
451
424
434
440
433
456
428
447
409
414
455
417
386
436
451
438
421
447
415
401
444
416
410
405
431
398
414
410
413
422
377
443
430
390
402
382
413
410
433
382
404
388
391
418
361
401
365
384
403
382
395
388
363
401
410
374
362
349
382
393
356
333
389
372
391
377
372
360
371
401
364
364
357
327
382
349
356
376
367
373
366
374
324
334
370
362
366
340
357
347
368
344
350
363
358
334
362
340
377
354
367
335
319
354
331
337
339
308
356
349
327
315
323
304
316
328
366
350
321
317
337
306
340
357
321
333
358
320
304
316
323
332
303
319
305
294
315
335
314
278
332
288
280
334
336
322
342
326
311
318
266
322
279
316
305
336
333
310
291
317
298
314
289
304
280
299
328
263
302
299
307
308
267
288
283
320
318
327
269
275
280
300
276
292
307
271
305
299
291
310
301
317
289
301
288
311
305
276
306
298
275
263
265
283
279
267
312
292
314
306
264
261
257
285
302
242
275
251
316
296
264
303
281
255
310
282
299
235
231
272
282
247
294
269
295
280
279
296
265
303
250
270
285
274
272
283
278
299
279
252
250
274
268
295
257
263
251
275
236
257
276
255
260
275
257
269
252
274
243
241
258
238
260
258
269
269
252
240
277
248
270
245
235
258
256
261
231
238
234
262
255
233
234
225
244
232
270
260
267
268
243
231
276
266
240
252
226
250
249
253
249
219
246
224
279
233
259
276
259
261
255
270
234
275
239
239
227
243
206
232
246
209
243
227
219
230
219
231
239
206
219
232
229
252
214
221
214
230
228
212
226
238
215
257
234
243
241
218
232
224
213
218
233
192
231
223
264
232
253
240
224
234
241
207
200
221
221
201
229
213
224
211
239
221
199
226
222
208
203
233
219
257
247
202
230
238
236
224
237
205
228
214
241
231
214
204
195
224
210
215
230
229
218
207
223
200
205
221
214
224
224
213
216
201
229
216
214
211
198
206
202
223
194
216
198
215
200
254
212
223
229
194
203
218
233
232
234
225
210
220
194
226
212
237
235
237
213
216
233
211
206
202
201
195
223
212
197
237
208
217
178
202
211
224
203
215
189
184
205
200
227
231
187
232
189
180
218
188
205
207
211
203
222
208
187
187
198
236
195
205
192
195
181
185
200
203
205
192
180
210
198
204
165
208
208
182
220
201
187
176
196
197
208
178
187
208
192
192
212
186
207
197
186
191
230
197
161
173
196
210
201
181
159
197
198
200
202
182
222
195
198
182
201
188
211
227
203
195
195
178
193
195
190
163
169
204
187
195
191
176
186
187
184
155
184
167
181
166
178
202
184
182
180
179
220
186
179
183
211
160
170
191
195
182
175
189
177
188
158
182
193
169
186
182
194
184
178
176
201
162
184
178
163
155
196
173
178
198
152
177
174
170
178
171
180
151
172
193
165
161
175
161
189
166
164
160
172
171
175
169
193
183
159
165
176
165
161
156
178
189
158
178
176
158
165
184
156
168
167
184
180
159
176
153
157
155
150
163
166
145
137
172
155
148
171
145
175
158
138
159
168
180
179
160
150
140
156
169
180
157
145
173
145
160
162
163
162
136
142
143
152
145
166
141
137
144
136
152
132
157
145
162
159
150
161
154
163
156
163
140
150
146
134
131
130
148
154
165
164
145
146
167
127
145
156
153
149
142
147
150
126
154
142
129
141
139
142
140
144
136
150
112
133
148
150
134
152
167
153
141
147
124
179
145
149
122
121
135
136
148
132
152
142
122
151
171
134
147
160
115
141
132
120
134
129
128
141
135
128
135
120
140
141
151
144
154
117
121
126
129
131
117
122
115
130
137
124
127
145
146
122
107
126
152
133
165
101
115
126
148
104
118
114
136
110
106
118
117
133
138
113
122
110
126
127
122
119
127
101
120
114
147
117
111
123
110
95
101
126
116
115
107
104
115
102
130
115
132
113
100
111
121
114
114
105
113
102
107
88
108
100
114
99
110
130
115
112
115
104
133
113
116
98
106
128
101
105
113
121
116
116
109
102
104
119
98
110
106
111
92
108
96
112
118
112
111
104
106
109
96
107
106
109
87
100
101
99
96
118
111
106
84
101
104
100
92
82
98
106
97
94
98
95
107
96
113
106
87
86
128
95
96
99
95
102
78
97
95
92
105
77
98
101
84
114
86
112
93
101
93
106
106
100
88
106
96
94
90
117
95
104
87
93
96
104
89
90
95
81
91
106
92
91
87
92
100
86
97
83
98
83
97
91
94
96
76
91
107
106
91
85
89
96
91
91
86
88
105
107
81
81
78
80
95
74
98
69
78
92
79
80
86
95
83
82
77
95
74
74
67
82
87
83
79
83
84
80
91
85
91
72
86
84
80
84
94
108
83
87
91
76
105
84
75
71
88
93
67
80
78
82
97
94
82
87
76
100
83
79
64
83
90
72
87
76
87
88
91
92
59
78
66
90
69
77
91
91
99
101
82
81
64
75
52
93
76
64
66
65
66
70
76
83
89
65
66
66
68
58
86
91
69
89
77
89
70
68
79
87
84
74
75
99
66
87
86
69
78
86
66
88
91
75
88
64
84
92
88
82
79
85
77
71
85
75
98
76
65
77
71
80
77
83
68
71
68
82
57
73
86
77
74
78
53
66
63
72
82
86
69
69
79
83
62
85
74
68
76
87
75
73
80
85
82
78
69
69
73
71
67
67
67
64
66
87
62
73
65
67
79
62
77
84
84
91
89
73
71
85
71
70
63
55
72
73
59
74
66
65
68
77
77
73
88
74
62
63
55
62
68
67
57
67
68
67
86
70
83
61
70
88
68
69
72
69
72
74
73
78
77
79
81
86
67
74
83
79
60
70
78
60
72
66
77
53
77
76
81
71
67
67
67
66
70
82
67
58
72
66
76
70
77
64
78
70
65
89
69
62
78
62
77
63
73
59
62
58
61
65
58
86
68
59
75
83
77
67
77
70
57
68
55
76
82
60
63
81
68
74
70
70
76
72
68
69
57
62
57
84
69
82
74
55
74
52
67
61
65
78
78
53
71
80
67
69
80
70
74
82
60
69
61
63
78
81
69
70
78
60
93
63
73
71
53
52
70
57
60
75
66
65
78
77
73
74
67
71
67
70
64
66
68
65
82
63
68
66
78
80
71
76
67
78
58
81
76
54
81
67
68
74
61
78
58
70
74
68
60
59
63
65
63
67
58
68
67
71
73
58
69
57
85
65
59
57
66
78
66
52
77
66
62
72
58
68
67
85
69
74
66
69
73
71
85
76
74
65
80
65
69
66
72
62
63
70
81
58
74
67
60
49
64
71
61
65
91
59
72
70
60
58
56
63
61
76
65
66
66
73
59
71
74
69
70
68
58
75
60
88
74
65
65
58
53
58
59
73
62
82
78
52
53
81
83
70
68
70
58
51
73
78
68
68
65
69
57
62
62
64
66
57
49
66
68
65
69
70
60
62
84
62
64
54
74
95
62
71
74
80
63
73
56
74
72
59
66
75
59
54
72
68
80
53
64
75
62
60
68
56
69
70
42
62
61
61
55
75
77
51
76
61
71
58
61
64
55
60
68
71
96
79
70
71
72
70
62
68
70
56
52
66
73
71
73
74
62
70
64
69
52
84
58
72
64
79
66
72
51
67
81
62
75
61
54
61
73
69
58
70
51
74
62
59
68
67
61
83
72
58
74
73
49
65
76
57
62
61
70
64
67
56
58
66
49
68
65
64
70
58
54
51
71
75
77
67
60
74
72
62
60
61
64
72
72
63
64
58
59
63
61
56
64
57
75
66
57
55
63
63
76
55
68
60
63
58
63
68
59
72
66
54
58
67
63
56
55
71
53
65
69
63
65
61
68
66
58
64
69
75
55
62
60
69
53
59
56
66
60
58
56
63
73
64
72
58
57
66
58
73
71
49
59
62
66
73
69
72
60
77
63
62
68
61
55
70
65
75
70
70
63
45
75
66
58
64
55
91
55
63
59
73
60
46
69
50
64
57
51
52
65
48
52
66
66
74
47
62
61
66
66
43
58
64
64
57
57
63
68
76
51
57
57
73
72
61
57
49
70
67
54
66
62
54
48
52
62
60
72
67
60
53
66
63
69
60
68
63
58
67
58
59
75
50
68
63
53
71
67
64
55
45
67
61
57
65
57
53
52
75
61
65
62
48
66
51
68
66
64
57
44
41
73
67
57
58
58
60
57
63
63
54
50
68
69
43
54
62
59
68
55
65
60
43
59
61
53
50
48
69
62
61
61
63
67
59
58
69
69
55
68
55
54
48
61
63
55
58
51
44
69
52
57
55
61
54
62
58
47
53
57
65
67
47
64
63
48
45
51
57
52
65
60
51
48
64
53
55
41
45
58
50
40
41
54
48
56
53
58
56
54
52
63
51
63
53
62
36
62
54
67
68
57
58
64
54
46
55
60
55
51
39
66
49
60
58
51
59
60
56
54
54
73
55
57
46
64
57
50
57
56
44
60
62
56
56
71
57
45
46
43
44
63
43
51
56
52
60
58
49
58
52
53
41
69
57
58
48
61
60
60
51
52
67
60
56
62
68
45
43
45
55
51
57
56
57
55
62
38
56
51
50
57
61
54
53
47
49
46
65
57
57
49
62
62
52
47
46
39
66
55
50
49
49
50
41
61
63
53
53
49
36
55
49
52
41
60
60
44
51
42
53
47
51
47
63
48
49
57
65
46
55
58
40
60
43
45
51
46
45
66
41
50
53
53
30
50
37
60
50
55
52
56
50
52
46
59
45
63
46
48
55
53
48
63
48
43
48
46
42
49
46
59
51
57
45
47
41
60
61
55
50
57
49
43
50
47
50
52
44
57
47
40
49
39
43
51
57
44
41
44
40
47
48
48
49
43
56
47
47
56
52
51
52
56
47
51
45
43
39
47
55
48
42
48
58
64
47
48
53
42
46
41
44
45
56
57
50
57
52
45
37
49
38
55
48
49
69
46
43
41
36
63
45
52
54
53
46
59
51
49
48
53
51
64
39
43
59
46
56
59
37
43
52
41
46
43
42
58
58
61
50
43
52
55
52
50
47
46
56
44
46
45
50
40
46
61
43
39
43
44
50
49
45
51
51
65
53
49
52
34
58
57
64
59
63
51
41
50
50
61
62
50
53
49
45
53
53
47
52
56
46
41
56
53
56
51
36
43
48
47
63
55
54
55
55
58
40
50
40
61
53
56
58
46
51
37
59
46
59
59
62
43
53
51
46
58
58
40
38
53
62
51
43
48
51
55
56
48
57
46
57
49
44
58
38
46
67
52
62
58
48
38
52
57
51
59
66
58
55
68
51
51
49
59
58
47
54
60
45
72
58
53
42
48
67
64
44
52
43
67
59
55
67
66
60
64
55
44
60
70
68
51
53
54
58
63
51
45
60
50
45
71
59
57
47
47
50
69
54
46
50
59
50
59
62
57
68
61
64
58
59
64
42
62
47
55
59
62
53
45
63
68
70
53
61
47
68
58
74
56
46
55
70
54
71
60
60
69
63
55
69
52
55
67
71
59
52
61
51
71
79
54
66
55
59
62
74
62
67
80
61
64
60
51
72
53
57
61
46
73
59
73
62
64
69
65
70
66
69
53
57
77
63
71
68
76
62
68
48
58
65
65
61
58
67
66
70
57
72
66
63
67
64
61
67
60
81
72
56
60
58
50
72
72
72
59
74
71
63
68
61
66
58
76
75
78
76
70
76
54
72
58
66
60
56
68
70
67
82
77
71
58
74
70
79
64
63
74
74
67
64
53
71
77
58
64
62
58
66
58
71
71
62
75
65
73
66
75
59
57
69
67
75
68
76
84
56
77
62
77
62
76
68
84
56
67
83
56
64
84
73
67
80
68
69
65
87
69
59
91
69
63
73
68
74
70
75
66
58
69
77
71
68
60
76
76
70
75
72
72
76
67
65
58
60
69
70
84
66
69
64
88
77
62
69
63
47
89
70
76
63
78
62
82
54
65
60
72
71
76
89
82
72
63
68
72
66
77
66
77
61
77
63
54
62
74
76
72
75
66
63
84
82
76
90
72
65
67
68
55
79
66
69
84
73
80
78
71
78
72
73
66
57
79
77
56
68
77
63
63
74
76
62
68
63
75
51
62
60
80
77
74
64
73
78
64
74
73
74
73
56
70
54
66
57
74
72
60
75
59
72
78
65
70
73
74
81
80
74
86
67
78
78
81
62
55
70
67
68
70
57
72
61
67
59
61
61
60
78
57
66
62
65
68
64
68
65
64
95
55
43
65
56
55
64
72
71
59
67
70
87
59
59
69
80
75
61
66
62
73
68
63
60
55
66
57
57
50
50
65
62
57
60
68
50
64
57
68
64
61
65
77
65
50
60
54
70
61
67
73
64
61
61
51
54
59
53
64
56
65
61
68
50
71
51
51
47
51
45
80
50
43
49
55
57
53
67
53
71
53
55
44
65
56
63
55
49
50
52
61
54
61
65
81
57
55
64
52
54
64
68
60
62
69
50
38
46
54
42
66
48
56
46
58
49
58
46
54
58
53
48
50
40
46
41
57
36
40
57
60
55
46
64
36
45
55
46
46
43
43
57
56
52
59
39
44
36
34
54
33
61
50
52
53
53
51
43
53
46
57
36
48
57
50
54
41
51
59
43
41
54
46
51
50
50
38
45
42
42
59
43
55
50
43
48
52
37
41
47
44
41
31
56
36
42
50
43
36
45
42
51
41
43
38
43
60
41
46
46
43
44
38
54
36
45
34
42
53
37
37
49
43
46
46
31
40
44
48
44
28
32
49
37
29
53
48
46
47
42
36
42
41
34
48
36
42
45
40
39
41
47
35
45
31
35
42
43
37
39
47
48
45
39
38
43
49
45
36
38
44
42
30
50
37
39
35
26
45
39
33
38
28
46
35
28
42
29
34
32
28
30
40
21
38
30
23
43
41
38
31
39
25
29
35
41
31
38
35
44
35
37
34
37
26
37
31
33
30
26
43
34
37
37
41
29
31
36
37
31
29
29
44
31
33
34
18
35
35
28
35
25
23
39
38
31
34
28
35
36
32
23
35
28
32
29
21
30
38
38
39
24
36
33
34
33
21
28
28
29
25
31
28
35
34
42
39
22
37
24
27
29
23
28
24
31
28
21
33
38
23
26
30
17
36
29
28
17
28
16
26
25
32
32
26
22
26
33
28
26
40
27
25
26
28
22
36
30
19
26
21
24
18
39
32
29
28
28
21
34
36
25
33
20
19
32
29
29
30
34
36
20
26
28
27
26
27
16
21
27
18
28
21
32
25
29
30
26
26
29
35
27
23
23
23
29
22
24
28
22
21
29
28
33
22
19
23
25
17
45
23
21
26
20
27
20
27
25
19
16
21
23
18
20
21
25
21
24
15
26
30
17
25
25
22
19
21
27
21
24
15
24
15
26
29
23
32
20
19
25
17
27
19
27
23
31
17
25
23
24
28
19
21
20
18
24
26
18
18
22
17
15
23
20
25
23
19
22
19
16
16
17
16
23
20
20
17
12
14
23
19
24
21
12
14
11
22
21
16
14
23
18
26
25
13
23
20
21
17
19
24
19
19
26
21
20
26
26
15
19
13
21
13
21
20
18
25
14
24
20
23
14
13
19
13
15
14
20
23
20
22
14
15
11
17
24
19
11
18
15
22
13
22
12
22
29
18
22
21
23
21
22
17
30
14
17
12
12
24
24
25
16
25
18
29
18
15
11
25
20
15
14
18
10
11
14
25
17
15
21
17
12
16
24
23
19
22
18
16
25
15
20
13
11
19
17
17
13
12
9
14
21
14
26
24
21
12
12
24
19
12
23
16
15
15
18
17
13
15
14
16
18
18
17
14
13
11
19
12
16
20
19
17
19
14
14
13
18
22
16
14
17
20
25
13
11
22
17
8
10
19
13
16
18
9
17
20
22
16
22
19
15
15
19
15
25
22
13
20
17
17
20
17
22
12
14
16
17
16
14
11
16
14
17
22
11
15
13
22
9
24
20
18
17
19
11
17
19
12
11
16
17
15
19
18
18
21
23
16
12
17
13
15
12
19
16
16
14
12
15
17
17
15
16
15
12
18
22
20
18
4
13
12
19
17
10
14
13
13
10
20
17
12
15
21
13
17
10
13
20
14
10
12
10
11
18
14
14
15
18
18
11
8
16
17
19
23
16
13
13
13
12
15
12
12
17
17
14
19
9
11
12
15
8
14
12
15
20
15
16
12
16
12
13
17
13
13
11
16
13
8
13
18
8
11
20
11
14
17
15
13
15
12
9
16
12
14
22
20
10
16
10
19
17
9
12
18
11
10
12
10
10
17
16
7
13
11
18
13
11
11
13
12
9
7
18
12
17
14
18
14
11
20
11
14
21
19
11
8
20
16
13
13
16
11
11
9
12
10
11
9
10
8
14
13
17
15
14
5
9
13
13
12
12
10
14
15
7
6
14
9
8
20
11
9
19
11
10
13
13
10
14
14
13
16
8
15
12
14
16
13
11
6
10
13
11
9
11
6
7
5
10
9
11
12
13
6
9
16
7
9
8
10
13
10
10
6
8
12
9
16
17
8
14
11
10
7
7
14
9
15
14
11
14
13
7
8
16
4
10
11
12
6
13
11
12
9
6
12
9
12
8
10
8
8
17
8
9
9
10
8
5
5
6
8
6
14
8
7
6
9
3
8
7
9
8
12
12
9
8
7
6
9
9
12
10
4
9
5
9
8
10
8
7
7
13
15
11
4
9
6
5
10
9
6
12
5
10
6
8
6
6
6
6
5
7
7
5
7
12
10
8
5
7
3
3
8
4
4
5
12
4
10
7
7
8
5
6
5
8
3
4
9
5
9
8
7
9
9
6
6
10
6
4
5
10
1
11
5
1
4
3
7
8
2
4
4
8
9
10
5
4
2
9
5
4
6
4
3
6
4
7
4
2
9
8
6
4
2
6
4
6
10
7
8
3
9
10
4
4
8
5
8
3
3
4
5
5
5
1
6
3
4
8
8
7
4
4
6
6
5
3
3
2
5
4
3
5
3
3
1
5
3
7
2
5
8
4
4
6
2
4
5
2
4
8
5
6
3
2
3
8
5
6
2
2
5
2
1
1
1
4
3
3
3
9
3
2
4
7
2
4
3
6
3
1
4
3
6
5
3
6
5
5
6
2
1
3
2
3
1
2
1
3
2
2
2
4
1
3
4
3
4
4
7
1
6
4
1
3
5
4
2
6
2
3
4
3
4
2
5
1
4
3
1
5
3
2
2
1
2
2
3
3
2
2
5
1
2
4
4
2
3
5
4
3
1
2
2
0
3
2
3
5
3
3
1
4
1
4
2
4
3
4
2
1
5
2
3
1
1
0
1
1
2
1
2
0
6
1
2
1
4
4
0
2
5
2
0
1
2
4
3
3
0
3
0
2
2
2
2
1
1
4
2
3
3
2
3
3
0
0
2
4
4
0
4
3
5
2
0
4
2
0
1
3
1
0
1
7
0
3
3
1
2
0
2
2
2
2
2
3
1
2
0
2
4
0
3
0
1
0
6
2
1
2
2
2
1
4
0
1
1
4
0
3
2
1
1
0
3
2
2
0
1
1
2
5
3
0
0
1
2
5
1
2
1
3
3
2
1
2
3
2
1
2
2
2
1
3
1
0
3
3
1
2
3
1
2
1
0
2
0
1
0
1
1
0
2
2
2
3
1
0
0
0
2
1
1
3
1
1
3
2
3
0
1
2
3
2
0
0
1
2
2
1
2
0
0
2
1
0
2
1
0
1
0
1
0
1
0
3
3
1
1
2
1
0
1
0
0
1
0
0
2
0
2
2
0
0
2
2
1
1
1
0
0
0
1
1
1
0
0
2
1
1
2
0
3
0
0
1
5
0
0
0
1
1
0
2
1
0
1
1
1
4
0
4
0
1
1
0
1
0
1
1
1
1
1
2
1
0
0
2
1
0
2
1
0
1
1
0
0
1
1
0
1
0
1
2
2
0
2
0
2
2
1
2
1
0
3
0
2
0
1
0
0
3
0
1
2
0
1
0
0
1
1
2
1
2
1
2
3
0
1
1
0
1
3
1
0
0
1
1
1
0
1
0
0
1
0
1
0
1
2
0
1
0
0
0
0
0
0
0
1
0
0
0
2
1
0
1
1
0
0
1
0
2
1
0
1
2
1
0
2
0
0
0
0
0
0
1
0
0
0
0
0
0
0
0
1
0
1
2
0
0
0
0
0
1
0
0
2
2
0
1
0
0
0
0
0
0
0
0
0
0
0
1
0
1
0
0
0
0
0
1
0
0
0
0
2
0
2
0
0
0
2
0
0
2
0
0
3
1
0
0
2
0
0
1
0
0
1
1
0
1
2
1
0
0
0
0
0
0
0
0
0
0
1
0
0
0
0
0
0
2
1
1
0
0
0
0
0
1
0
0
0
0
0
1
0
0
0
0
0
0
0
1
0
0
1
0
0
1
0
1
0
0
1
0
0
0
0
0
0
0
0
0
0
0
4
1
1
2
1
0
0
0
0
0
0
0
1
1
0
0
0
1
0
0
0
0
0
1
0
0
1
0
0
1
0
0
0
1
0
0
0
0
0
0
0
0
0
0
0
0
0
0
0
0
0
0
1
0
0
0
0
0
0
0
0
1
0
0
1
0
0
0
0
0
1
0
1
1
0
0
1
0
0
0
0
0
0
0
0
0
1
0
0
0
0
1
0
1
1
1
1
0
2
0
1
1
0
0
0
0
0
0
0
0
1
0
1
0
1
0
1
1
0
0
1
0
0
0
0
0
0
0
1
0
0
1
0
0
0
0
0
0
0
1
0
0
0
0
0
0
0
0
0
0
0
0
0
0
0
0
0
0
0
0
1
0
0
1
0
1
0
1
0
1
0
0
0
0
0
0
0
0
0
1
0
1
0
0
1
0
1
0
2
1
0
0
1
0
0
1
0
0
1
0
0
1
0
1
0
0
0
0
0
0
0
1
0
1
0
0
0
0
0
0
0
0
1
0
0
0
1
0
0
0
0
1
0
0
0
0
1
0
0
0
0
0
0
0
1
0
1
0
0
0
0
0
0
0
0
0
0
0
0
0
0
0
1
0
0
0
0
0
0
0
0
0
0
0
0
0
0
0
1
0
0
0
0
0
0
0
0
0
0
0
1
0
0
0
0
0
0
0
0
0
0
0
0
0
0
0
0
1
0
0
0
0
0
0
0
0
0
1
0
1
0
0
0
0
0
0
0
0
0
0
0
0
0
0
0
0
1
0
0
0
1
0
0
0
0
0
0
0
0
0
0
0
0
0
0
1
0
0
0
0
0
0
0
0
0
0
1
0
0
0
0
0
0
0
0
0
0
1
0
0
0
0
0
0
0
0
0
0
0
0
0
0
0
0
0
0
0
0
0
0
0
0
0
0
0
0
0
0
0
0
0
0
1
0
0
0
0
0
0
0
0
0
0
1
0
0
0
0
0
0
0
0
0
0
0
0
0
0
0
0
0
0
0
1
0
0
0
1
0
0
0
1
0
0
0
0
0
0
0
0
0
0
0
1
0
0
0
0
0
0
0
0
0
0
0
0
0
0
0
0
0
0
0
0
1
1
0
0
0
0
0
0
0
0
0
0
0
0
0
1
0
0
0
0
0
0
0
0
0
0
1
0
0
0
0
0
0
0
0
0
0
0
0
0
1
0
0
0
0
0
0
0
0
0
0
0
0
0
0
0
1
0
0
0
0
0
0
0
0
1
0
0
0
0
0
0
0
0
0
0
0
0
0
0
0
0
0
0
0
0
0
0
0
0
0
0
0
0
0
0
0
0
0
0
0
0
1
0
1
0
0
0
0
2
0
0
0
0
0
0
0
0
1
0
0
0
0
0
0
0
0
0
0
0
1
0
0
0
0
0
0
0
0
0
0
0
0
0
0
0
0
0
0
0
0
0
0
0
0
0
0
0
0
0
0
0
0
0
1
0
0
0
0
0
0
0
1
0
0
0
0
0
0
0
0
0
0
0
0
0
0
0
0
0
0
0
0
0
0
0
0
0
0
0
0
0
0
0
0
0
0
0
0
0
0
0
1
0
0
0
0
0
0
0
0
1
0
0
0
0
0
0
0
0
2
0
0
0
0
1
0
0
0
0
0
0
0
0
0
0
0
0
0
0
0
0
0
0
0
0
0
0
1
0
0
0
0
0
0
0
0
0
0
0
0
1
0
0
0
0
0
0
0
0
0
0
0
0
0
0
0
0
0
0
0
0
0
0
0
0
0
0
0
0
1
0
0
0
0
0
1
0
0
0
0
0
0
0
0
0
0
0
0
0
0
0
0
0
0
0
0
0
0
1
0
0
0
0
0
0
0
0
0
0
0
0
0
0
0
0
0
0
0
0
0
0
0
0
0
0
0
0
0
0
0
0
0
0
0
0
0
0
0
1
0
0
0
0
0
0
0
0
0
0
0
0
0
0
0
0
0
0
0
0
0
0
0
0
0
0
0
0
0
1
0
0
0
0
0
0
0
0
0
0
0
0
0
0
0
0
0
0
0
0
0
0
0
0
0
0
0
0
0
0
1
0
0
0
0
0
0
0
0
0
0
1
0
0
0
0
0
0
0
0
0
0
0
0
0
0
0
1
0
0
0
1
0
0
0
0
0
0
0
0
0
0
0
1
0
0
0
0
0
0
0
0
0
0
0
0
0
0
0
0
0
0
0
0
0
0
0
0
0
0
0
0
0
0
0
0
0
0
0
0
0
0
0
