0
0
0
0
0
0
0
0
0
0
0
0
0
0
0
0
0
0
0
0
0
0
0
0
0
0
3
3
2
3
2
6
8
8
11
8
4
8
8
12
13
9
9
18
14
20
19
18
19
23
24
16
13
22
24
27
23
22
24
26
23
23
24
27
30
30
24
33
37
36
23
38
36
33
32
28
36
38
31
42
45
41
46
49
29
42
47
43
47
39
58
57
50
50
49
51
45
54
55
51
52
52
61
69
65
49
75
62
70
58
69
78
62
69
64
74
75
67
77
67
86
103
89
90
81
78
86
91
79
82
81
95
89
85
94
85
94
94
82
105
72
119
98
92
95
109
117
83
112
109
114
102
96
109
108
99
95
121
105
130
114
127
137
138
116
122
121
119
105
135
136
111
121
141
131
145
155
140
149
138
126
130
142
136
151
147
149
169
159
176
190
164
183
160
189
157
210
189
176
183
159
185
186
178
206
200
185
213
224
179
209
206
187
195
221
246
233
219
232
230
229
227
270
249
221
232
272
245
242
280
265
287
266
261
285
296
313
291
308
303
326
292
279
335
285
327
322
346
356
331
345
379
363
413
389
394
413
377
391
354
326
305
284
281
195
168
176
160
139
149
181
176
160
156
165
158
193
160
165
177
161
180
152
155
159
161
146
158
168
136
165
187
176
181
180
162
178
192
154
191
151
197
202
195
171
175
184
174
161
189
200
201
200
174
183
198
206
208
211
190
200
214
185
169
210
216
201
216
190
216
231
220
225
211
189
214
205
219
204
199
227
217
196
224
205
228
221
224
233
201
228
242
238
209
208
221
215
217
242
214
208
191
234
239
228
220
213
246
210
203
229
218
225
234
221
226
205
235
229
212
235
214
219
222
221
224
213
211
241
241
226
200
222
245
236
231
215
243
261
229
221
241
225
237
214
222
212
253
242
241
230
205
232
230
234
205
239
226
218
223
223
248
255
239
208
224
219
220
230
222
230
237
222
218
210
249
246
225
202
244
223
209
206
241
214
224
214
245
230
217
250
231
245
231
240
228
212
234
248
246
235
242
225
242
228
228
247
237
211
217
232
241
228
229
238
220
222
261
230
268
237
231
223
210
201
223
217
208
219
226
203
242
220
212
225
215
214
220
223
194
234
236
232
221
217
249
212
217
245
239
223
236
258
254
237
241
239
220
227
220
227
225
267
233
253
221
212
230
239
234
211
225
228
228
227
239
231
233
222
261
265
250
234
254
250
246
234
257
230
249
275
263
254
240
249
249
267
286
257
239
275
249
253
260
265
255
247
269
257
271
251
246
254
260
272
263
234
262
270
275
256
255
244
287
279
242
264
250
266
249
267
278
269
258
288
264
270
233
256
264
240
242
271
280
252
272
266
287
255
271
262
310
268
269
261
282
280
285
284
241
267
269
273
274
293
282
262
280
282
272
261
262
269
307
271
263
285
270
250
252
246
290
284
317
282
297
285
281
289
290
301
257
277
253
280
277
283
255
278
275
296
298
264
289
261
273
295
293
267
277
267
293
283
269
264
263
265
256
310
284
278
279
314
277
275
246
261
285
251
255
291
288
284
249
287
238
278
321
281
262
262
291
264
255
270
263
265
275
262
256
261
269
271
264
309
287
266
252
272
259
271
304
271
288
258
268
263
269
243
264
267
224
255
265
269
258
256
281
277
268
268
252
275
290
287
262
246
243
247
275
265
253
283
274
252
265
264
276
300
264
269
242
239
259
245
255
263
249
267
263
241
245
259
243
250
266
233
269
249
263
255
266
264
249
271
278
226
279
250
262
244
253
255
278
229
265
241
247
251
232
246
244
264
250
243
213
247
223
233
230
237
235
248
222
257
242
240
278
231
243
270
257
261
278
252
254
252
241
251
256
231
250
240
241
228
247
268
237
241
219
230
228
248
229
239
246
235
262
230
246
220
234
219
215
247
244
228
252
261
236
229
247
224
201
241
210
236
227
237
225
237
261
223
242
211
203
238
233
225
243
207
237
248
222
217
195
247
272
252
233
270
210
206
238
217
217
210
235
205
229
213
215
227
218
230
218
252
184
221
212
211
208
235
186
199
223
233
214
201
215
233
231
232
181
241
217
202
194
227
232
215
252
222
233
220
227
225
240
229
201
226
206
226
196
212
198
194
212
193
223
213
193
203
222
214
204
209
187
222
201
191
207
199
197
214
208
198
217
228
202
224
216
215
212
191
192
228
211
206
221
215
198
210
204
209
178
194
200
206
192
177
198
220
195
184
205
194
198
223
211
208
201
208
207
204
226
204
197
227
203
217
182
204
193
179
187
212
203
179
209
196
211
209
199
183
182
195
196
210
187
180
211
195
196
192
181
191
214
197
169
196
174
199
189
201
193
182
183
202
215
183
173
200
181
192
195
189
182
185
209
185
173
185
189
187
193
166
175
191
183
178
185
193
194
215
221
191
185
174
199
182
189
188
186
175
182
202
174
177
194
172
201
171
200
189
195
192
196
211
213
177
157
182
198
166
183
174
170
183
170
196
187
180
171
167
196
184
171
173
194
180
187
173
163
198
167
175
192
181
156
160
177
175
188
173
166
201
193
187
200
172
143
174
170
160
193
187
180
189
180
172
182
201
190
189
171
172
181
165
203
182
172
199
161
173
180
169
166
171
159
168
176
175
184
182
149
178
169
192
182
154
165
189
154
160
156
161
173
155
174
178
187
167
173
204
175
177
176
166
177
164
166
172
181
175
164
193
172
167
166
168
158
168
159
179
175
161
197
185
163
192
175
163
181
187
151
167
168
158
168
163
165
184
155
161
160
147
155
179
157
163
184
145
159
157
141
150
180
176
156
166
147
162
162
144
168
168
187
165
146
161
152
160
160
146
160
181
145
134
166
126
154
140
179
152
169
163
183
165
157
172
136
166
150
172
159
169
163
152
151
157
167
169
160
158
180
163
158
160
155
131
149
145
178
164
169
154
154
155
172
154
154
158
173
156
155
174
162
158
171
179
175
165
148
154
154
177
156
151
168
163
137
157
167
137
158
134
159
147
152
120
144
140
127
171
162
142
164
156
148
147
163
136
157
156
150
163
161
145
149
133
177
155
135
115
134
136
134
165
141
139
146
141
146
167
145
151
140
156
154
139
151
142
135
143
136
142
138
151
178
136
148
127
147
155
137
154
149
133
133
132
166
127
141
138
123
149
136
156
147
142
132
138
130
127
143
145
148
134
135
131
148
147
139
163
137
135
129
137
126
122
129
121
136
144
145
119
117
134
131
142
115
149
123
125
100
120
138
125
133
115
130
137
129
135
133
121
138
128
131
125
110
154
119
118
152
134
120
105
128
139
137
144
117
126
142
127
113
129
118
128
114
125
140
134
138
125
131
123
117
128
119
137
123
121
131
139
117
99
121
120
105
129
121
113
115
131
121
136
136
135
124
150
136
120
122
117
121
110
129
123
105
125
104
111
131
110
100
131
107
134
141
119
119
110
136
121
132
116
126
111
120
114
122
101
117
110
117
96
108
131
128
125
100
91
102
121
115
110
91
103
116
126
118
118
108
101
132
117
109
102
119
133
131
89
119
101
103
115
117
109
90
102
112
113
130
110
108
99
122
96
100
102
104
101
101
85
105
100
93
114
89
114
91
101
126
116
113
99
93
99
105
89
124
113
107
107
92
91
101
127
126
97
101
103
84
108
93
111
111
103
91
104
102
98
106
109
109
96
98
117
116
94
117
117
108
98
111
111
101
114
118
103
100
99
99
90
102
114
95
93
104
100
93
90
102
100
88
117
110
86
93
94
108
96
77
100
99
102
126
87
86
102
94
81
89
90
72
109
78
94
103
115
109
92
99
92
84
110
89
95
105
101
106
86
89
99
99
88
89
83
78
119
107
117
102
101
93
93
95
103
111
99
93
101
99
85
103
79
114
86
97
97
88
91
91
118
109
104
80
96
101
101
90
93
93
89
108
88
91
100
110
95
100
91
98
97
93
91
87
98
99
105
92
110
98
100
102
103
100
104
102
101
111
99
93
124
93
92
98
109
111
110
108
113
110
100
122
83
104
118
106
115
77
99
122
110
96
104
102
89
91
108
105
122
113
112
109
92
90
92
113
115
114
88
117
112
96
122
109
103
112
120
111
105
105
87
117
106
130
120
101
112
99
110
118
118
104
118
104
117
121
114
109
101
111
93
113
106
140
119
125
102
108
128
139
134
114
95
121
115
120
108
118
125
128
127
106
133
130
120
133
122
119
140
131
129
125
111
133
136
129
136
127
154
114
135
133
128
129
154
115
134
132
139
114
134
148
135
139
126
147
142
158
149
122
129
124
122
145
141
157
144
125
134
120
144
151
144
145
144
151
170
144
160
143
156
144
150
148
149
160
145
143
157
150
152
186
149
141
153
133
148
152
158
160
161
164
145
160
130
148
172
177
166
149
177
184
169
171
165
194
172
182
162
168
191
178
201
166
174
172
183
175
156
170
176
174
175
196
186
179
194
231
204
198
173
168
210
193
182
183
175
204
185
217
163
187
200
201
184
199
216
184
179
184
210
192
194
206
186
209
216
207
211
195
218
206
192
200
207
230
202
233
222
216
215
220
224
213
237
224
209
218
199
194
246
206
217
208
207
208
218
207
208
220
239
200
230
230
232
223
213
257
226
241
227
237
212
223
245
232
231
246
236
248
247
223
248
253
252
230
228
249
252
245
234
252
244
254
248
274
265
269
256
245
265
242
241
263
259
261
247
253
236
248
280
246
289
255
255
230
234
252
261
270
242
262
248
268
275
254
227
250
249
263
278
258
271
256
300
266
270
268
263
241
304
273
280
299
303
258
280
245
267
296
257
287
267
253
271
261
279
293
283
304
267
250
267
277
305
261
272
304
282
279
275
286
268
283
262
286
265
312
293
235
295
313
265
294
270
287
276
309
293
320
298
303
301
288
300
282
294
273
290
290
282
291
272
281
283
303
300
293
287
298
285
313
313
265
306
314
299
292
259
307
279
261
288
287
277
254
308
284
261
290
282
295
269
305
282
263
284
300
311
321
316
285
270
294
301
302
279
301
296
299
292
266
282
281
280
286
286
248
308
297
276
273
284
315
310
296
286
297
273
307
272
270
297
289
307
291
297
297
275
300
276
260
264
308
274
279
268
326
273
306
292
293
289
259
285
277
258
319
272
291
266
250
291
274
278
283
271
263
289
260
287
277
248
279
308
257
292
264
256
261
275
251
283
257
287
263
273
264
283
278
279
243
263
250
250
263
284
251
261
256
255
260
264
272
256
241
286
281
254
276
258
253
251
258
268
265
237
246
275
255
257
259
244
266
256
264
240
239
211
218
241
245
235
257
267
254
252
236
252
225
225
244
239
229
234
245
234
237
250
246
219
244
220
235
256
246
262
236
247
218
241
229
226
204
228
217
246
233
225
236
215
213
231
197
210
220
218
202
207
242
207
230
218
233
210
221
209
237
215
220
224
210
238
229
235
195
212
208
212
232
225
207
213
206
216
198
210
186
193
193
196
204
187
215
184
175
190
200
197
182
191
203
211
225
200
206
208
202
191
213
189
195
207
172
187
214
188
170
192
202
179
186
176
186
180
206
180
193
173
186
179
178
180
203
202
166
169
201
193
192
207
191
202
198
176
157
172
183
194
170
161
182
169
179
187
172
167
166
209
183
179
172
156
170
179
192
175
201
164
172
164
145
147
158
189
167
168
159
163
148
168
167
167
171
156
160
131
177
143
146
180
139
176
160
157
151
187
178
170
171
177
160
155
159
134
149
133
145
151
165
139
152
161
139
145
139
150
146
144
145
124
169
138
145
143
167
149
153
146
124
143
147
153
137
131
147
159
122
166
150
151
163
137
141
158
134
138
149
121
159
125
139
131
146
137
135
153
137
123
135
148
150
158
132
144
127
131
150
123
128
142
119
135
121
137
153
142
126
139
141
147
136
118
141
145
119
131
150
111
148
135
138
151
134
128
127
128
120
107
127
124
131
134
120
122
123
112
125
116
100
120
120
108
123
122
135
118
137
120
129
133
111
98
128
107
108
143
123
108
130
114
133
108
118
104
126
115
109
124
113
118
117
119
120
121
109
111
132
120
113
120
135
110
103
122
106
124
128
114
109
109
112
130
106
121
113
120
128
115
119
109
103
95
105
104
124
118
129
132
96
112
122
114
113
110
118
113
124
99
107
117
108
113
126
109
109
97
119
109
109
123
121
102
101
94
123
109
113
97
105
125
92
115
114
107
106
93
87
97
112
114
112
130
110
110
115
102
105
100
103
101
111
112
96
109
91
100
115
110
99
103
108
96
104
104
101
104
110
97
94
88
92
98
98
97
105
98
123
96
109
100
104
92
96
100
118
98
103
103
98
102
110
85
102
109
95
104
113
106
96
128
101
96
93
106
109
98
96
94
89
73
112
113
94
82
109
102
113
102
103
110
103
96
102
101
98
105
95
110
98
87
90
106
84
87
86
104
103
102
98
81
92
105
81
79
88
96
99
92
94
102
105
90
81
98
97
91
93
98
98
89
100
95
91
79
83
93
81
89
72
91
92
98
102
100
107
108
96
90
79
100
84
108
80
99
81
88
85
91
105
93
90
88
72
83
103
96
92
87
79
100
74
86
76
91
79
98
90
85
97
88
85
104
91
79
81
88
88
95
96
105
100
101
103
83
92
90
95
93
94
84
84
84
85
73
99
82
91
85
115
71
92
100
85
90
80
106
94
83
93
88
87
81
77
85
87
90
88
92
69
82
75
78
93
75
86
101
82
72
73
72
59
88
111
80
74
78
71
97
79
78
92
91
76
68
73
81
83
88
71
79
96
77
84
95
87
75
85
85
75
78
82
66
83
66
81
91
87
98
87
90
76
86
88
84
77
84
91
81
76
105
88
81
86
70
61
80
89
73
65
81
89
92
84
85
98
88
68
77
75
77
77
82
77
72
93
90
72
79
73
73
86
67
66
74
85
67
73
74
83
80
103
80
78
74
66
74
71
68
72
76
66
79
92
83
69
91
80
79
62
78
51
74
84
74
92
66
60
80
80
81
69
78
75
70
64
80
62
81
77
68
68
76
56
63
79
76
77
77
76
79
74
76
82
63
50
64
71
78
74
79
92
89
66
60
70
80
82
82
68
68
68
89
74
84
63
68
63
69
69
68
84
58
68
77
80
57
60
70
54
53
67
72
68
71
68
61
60
58
64
57
72
68
62
63
74
70
71
74
64
76
67
56
72
62
65
65
80
72
63
58
67
70
64
60
60
60
74
53
61
72
55
57
74
68
57
59
48
58
61
71
69
57
64
67
63
54
59
59
66
57
62
60
64
61
64
53
67
52
54
68
60
66
59
53
60
56
76
63
58
58
58
59
61
62
54
60
58
60
54
48
54
63
51
61
65
52
67
70
47
55
57
64
63
62
60
67
57
51
48
56
35
62
64
65
48
65
49
61
54
54
52
54
61
50
53
54
61
54
49
46
47
51
51
53
59
52
49
60
56
51
58
47
42
50
62
46
60
60
51
69
54
58
61
66
52
60
45
48
58
51
44
61
63
66
57
56
53
58
48
47
41
50
51
54
56
57
48
51
62
59
44
53
46
46
47
60
63
35
64
50
43
51
56
58
59
34
56
50
54
52
59
40
52
44
53
47
44
39
44
46
53
65
53
44
47
51
54
46
48
54
45
43
47
46
43
54
59
42
49
50
44
47
39
57
41
49
39
34
44
49
52
45
41
48
43
43
56
43
47
55
39
46
32
35
49
30
51
44
33
38
51
46
43
45
49
43
44
46
41
44
36
48
42
35
34
26
33
50
41
47
38
39
45
36
43
58
39
39
53
55
38
36
32
31
40
32
46
37
48
39
51
37
42
41
36
39
57
34
42
30
37
45
43
42
45
32
45
42
32
46
30
33
50
44
46
32
40
35
46
29
39
33
33
34
29
36
44
53
47
48
40
32
29
36
51
37
31
35
31
41
35
35
30
44
29
43
31
38
37
39
39
39
52
40
44
35
46
42
29
39
43
41
36
39
37
27
41
32
45
26
35
36
40
27
38
46
41
35
29
35
34
32
31
36
43
38
29
41
41
29
21
38
26
31
36
37
36
29
34
27
29
35
27
44
27
33
40
28
32
31
30
35
21
25
33
33
46
35
37
38
42
21
34
41
28
41
33
31
36
31
35
39
38
29
44
34
26
27
17
32
24
41
36
26
33
33
29
34
35
30
39
23
28
29
29
36
32
24
35
26
28
35
24
29
29
35
28
37
40
29
43
25
36
33
24
22
30
31
40
25
33
30
34
23
33
30
29
21
44
46
29
40
35
35
27
39
34
31
29
33
31
24
27
19
30
27
23
27
32
30
24
29
27
39
34
31
33
32
31
36
26
33
35
26
29
28
32
29
37
34
37
28
35
28
28
40
29
43
39
31
28
25
34
34
30
40
31
30
27
28
34
28
18
30
23
26
24
45
28
28
19
37
27
24
34
32
27
32
22
30
20
33
27
19
32
26
36
30
36
33
22
24
44
28
29
22
33
24
32
25
29
28
30
34
34
21
35
28
37
33
19
24
35
26
26
23
31
22
34
21
44
27
32
25
28
22
22
22
44
33
29
17
24
30
29
34
25
23
25
29
23
34
33
22
34
21
30
29
25
26
24
29
29
27
26
30
29
35
24
26
28
37
30
35
27
26
35
33
23
19
30
27
13
26
28
30
37
22
30
27
25
26
32
30
25
29
18
28
22
27
29
31
21
34
31
25
26
32
21
33
30
19
31
18
29
23
30
30
34
39
24
22
21
21
31
21
35
28
28
36
17
27
22
25
28
21
21
29
23
26
31
26
19
23
31
34
25
14
28
23
18
21
16
23
30
25
22
26
28
39
23
27
28
35
29
25
27
19
31
23
34
34
38
19
25
32
31
22
20
21
29
25
25
35
21
26
33
20
26
20
33
19
18
23
22
28
26
27
20
27
34
24
26
31
30
31
28
21
25
28
30
23
19
24
25
36
25
22
28
33
25
21
27
30
16
29
26
19
28
25
21
28
28
22
25
30
24
29
18
25
24
22
29
26
25
20
17
17
21
29
32
32
25
29
26
28
27
25
21
18
25
30
20
23
25
23
37
17
21
27
21
33
24
32
30
26
27
27
34
24
18
34
26
29
24
31
21
24
20
29
24
23
21
22
29
21
22
34
23
27
30
22
22
24
23
21
24
28
25
19
31
31
22
21
18
28
27
28
24
19
26
22
22
25
28
20
26
21
34
25
26
20
21
23
21
24
18
35
24
19
26
21
23
30
23
27
24
24
26
22
25
20
34
27
27
27
26
23
24
33
22
32
18
22
16
32
25
22
26
28
23
29
38
20
29
30
31
25
25
19
31
25
19
30
19
26
26
23
33
22
24
32
23
27
20
27
24
37
26
31
30
19
19
25
20
27
30
16
23
24
22
13
28
24
29
26
27
30
21
27
33
25
26
30
18
36
18
22
21
22
30
17
26
15
29
21
22
20
24
24
25
31
28
23
11
23
20
29
20
16
25
23
33
20
27
24
17
19
31
22
21
30
22
38
35
18
24
19
34
28
25
28
31
32
29
23
24
32
17
21
30
36
20
27
20
23
33
28
26
29
15
31
24
28
21
25
28
25
22
18
20
28
26
20
20
21
25
20
31
21
34
23
31
22
26
29
23
19
23
22
33
29
16
27
20
20
17
27
27
23
28
23
26
24
24
32
25
32
31
17
23
21
21
25
14
24
28
23
21
26
19
29
26
22
33
20
22
20
35
31
23
32
29
25
22
25
26
19
32
27
28
18
24
24
26
25
24
24
20
17
34
22
28
22
23
27
27
24
25
22
20
22
24
23
27
17
19
26
24
23
21
21
22
20
22
19
21
18
23
22
26
16
26
22
36
30
26
22
30
27
18
23
25
19
25
22
26
24
20
21
23
15
29
23
15
16
31
21
19
20
23
30
20
25
22
27
24
30
17
23
19
29
22
20
14
18
17
25
30
19
28
24
26
22
18
19
27
33
20
23
19
24
20
28
27
23
20
18
24
26
21
34
19
21
18
27
28
33
23
22
24
18
34
20
24
21
16
23
22
30
20
22
20
17
18
24
22
17
30
30
21
20
17
22
28
17
19
28
18
24
31
16
23
27
14
24
28
21
23
24
34
27
28
23
21
24
31
12
18
24
18
24
17
28
16
20
23
28
22
26
18
23
28
28
26
22
29
27
31
19
29
16
27
18
17
19
14
19
13
21
16
24
14
23
32
21
22
17
22
16
17
24
26
29
25
23
15
27
20
15
20
20
19
16
22
20
16
27
20
16
16
21
28
21
25
30
18
28
21
25
19
16
30
19
20
18
27
14
20
23
23
19
18
24
21
19
16
16
16
26
21
19
18
17
13
22
17
24
23
17
22
19
23
18
18
22
19
29
23
20
10
13
20
24
18
24
26
24
17
22
18
17
14
19
18
17
16
16
22
16
24
16
16
21
15
22
25
20
14
12
22
18
22
10
26
16
18
20
30
27
24
24
25
24
26
21
23
25
21
19
25
20
17
16
25
16
16
20
22
21
17
12
16
13
30
29
25
14
14
26
20
21
29
20
21
20
15
24
24
14
19
20
22
22
20
16
24
19
13
25
25
25
21
16
21
21
18
13
16
22
21
29
20
23
12
18
11
19
18
23
19
19
17
13
14
18
22
24
19
15
21
21
23
11
22
22
10
13
17
22
23
23
14
11
23
24
22
14
21
13
23
27
19
21
22
20
21
16
16
20
14
19
26
23
23
20
23
21
20
19
12
12
24
19
22
18
18
20
16
15
12
17
17
17
22
22
28
27
17
20
18
24
19
14
17
18
25
27
19
21
21
22
21
18
20
17
14
20
18
21
15
26
14
17
27
21
25
12
11
28
26
16
22
13
15
16
24
17
20
21
22
21
20
19
18
27
23
16
21
21
19
16
26
21
22
19
26
22
26
16
18
20
16
24
11
20
15
19
20
19
11
22
16
23
16
30
22
21
21
20
26
18
19
13
20
22
25
15
24
20
22
26
25
14
19
19
21
16
14
19
18
15
27
19
24
23
30
20
20
15
30
18
24
15
22
19
18
23
19
21
26
23
18
24
17
24
23
28
19
12
23
16
18
17
22
30
21
23
25
29
25
18
19
20
27
19
22
22
11
15
23
30
24
24
18
20
33
16
22
20
29
28
31
19
25
20
22
25
26
20
15
28
19
25
24
23
17
10
17
31
20
19
19
31
18
22
16
21
21
21
18
23
18
14
27
23
23
25
23
21
21
21
16
28
18
25
26
27
26
18
22
24
17
26
21
30
24
18
22
26
24
23
24
27
23
31
22
24
22
15
27
21
22
21
21
32
18
20
24
21
19
26
19
23
27
25
22
31
35
23
23
20
32
26
23
21
25
31
30
39
22
16
25
42
26
25
20
30
27
29
25
20
30
37
21
29
31
30
29
27
21
24
17
28
25
25
24
21
32
37
23
18
28
21
22
22
24
21
28
25
21
23
25
30
29
19
31
27
29
24
27
34
31
31
17
23
20
18
33
33
21
14
36
21
27
36
26
19
22
25
21
26
28
22
18
35
20
17
28
24
31
26
33
18
23
25
31
22
37
23
16
18
26
27
29
22
24
32
24
33
23
23
20
27
30
35
33
29
30
22
27
29
21
18
27
32
30
31
32
23
30
28
26
30
40
21
24
30
24
26
24
23
25
27
23
30
34
28
29
34
26
29
27
32
21
19
28
28
30
24
22
24
18
30
32
23
16
31
27
27
22
29
27
22
26
22
30
27
31
25
23
37
15
21
40
26
22
24
33
27
29
17
30
38
33
24
30
24
30
16
32
33
25
22
27
34
19
18
32
28
24
20
26
26
22
26
28
33
33
19
28
32
32
22
26
30
20
22
14
29
29
28
28
30
23
30
27
27
29
31
22
21
32
25
29
21
31
22
23
27
23
22
19
21
25
24
24
25
20
27
26
30
18
29
21
29
21
26
30
20
23
25
21
23
25
24
24
25
21
24
26
22
23
29
15
23
29
21
24
28
23
32
29
25
26
20
28
24
22
26
24
31
28
20
19
33
20
15
18
33
30
18
20
27
25
25
18
14
23
21
13
26
21
25
22
30
21
25
22
20
30
17
36
18
19
26
21
28
22
19
24
29
22
21
26
17
19
27
18
23
19
26
17
24
28
20
24
30
12
15
20
24
18
25
15
15
23
26
20
17
15
25
16
22
17
15
21
27
26
23
22
26
18
33
20
26
22
31
23
18
24
21
14
16
23
18
20
23
17
21
15
21
23
21
18
27
15
19
26
25
8
22
29
23
26
17
22
15
19
22
19
22
14
16
14
24
16
27
21
20
16
27
22
19
18
13
13
19
27
17
19
15
18
23
23
18
26
16
23
27
21
15
19
22
18
24
24
15
19
18
18
18
18
17
16
22
15
20
15
14
23
20
19
18
23
21
27
21
16
16
24
10
13
21
20
15
13
27
22
14
13
22
21
18
22
15
20
19
23
16
16
14
21
14
18
13
11
19
19
25
12
19
18
15
18
12
14
16
17
13
18
11
21
16
17
21
19
13
21
12
20
18
12
16
10
10
16
14
15
19
20
21
16
7
20
19
10
6
13
13
14
15
15
12
22
19
11
17
22
10
10
8
23
14
17
14
15
7
10
11
16
7
10
15
18
13
18
12
14
12
19
14
16
13
11
13
17
16
16
14
15
11
15
16
14
13
12
13
19
7
7
16
10
12
10
9
16
14
10
13
14
15
11
13
11
16
11
9
12
15
20
16
12
11
4
15
10
14
7
14
12
18
13
7
17
14
17
11
7
11
12
18
8
12
7
14
8
11
10
14
12
16
8
12
16
10
11
13
13
14
10
14
14
14
14
14
15
7
8
14
11
8
8
10
11
13
10
15
11
9
9
7
18
6
11
19
12
13
10
9
10
12
10
12
8
13
12
11
16
13
10
16
8
10
11
12
12
14
12
15
15
8
13
9
11
7
13
7
12
11
12
15
14
15
12
12
9
12
11
6
12
14
11
9
15
16
11
11
10
9
7
7
13
9
12
16
13
16
10
10
13
11
7
11
11
4
9
8
7
6
11
14
12
16
4
5
7
11
12
12
6
12
10
4
7
8
9
8
7
9
5
13
11
9
10
6
15
7
10
8
10
6
7
10
7
16
6
5
5
2
1
10
15
9
4
7
9
10
6
8
8
15
8
11
12
8
6
6
5
10
3
8
8
15
1
8
5
5
5
10
13
6
7
10
9
5
10
8
9
12
12
6
10
13
6
8
12
11
8
10
10
8
10
6
6
10
7
5
5
7
11
6
5
10
11
13
7
16
2
13
7
6
11
6
5
11
12
12
6
9
16
7
8
4
8
8
10
8
3
7
5
12
12
8
9
4
2
4
7
6
5
5
7
6
7
3
11
9
9
9
14
6
8
5
9
7
8
5
7
9
5
3
10
9
8
1
6
5
5
12
4
4
9
6
8
11
8
3
6
10
7
9
3
6
8
8
3
8
6
8
3
7
11
5
3
10
8
9
16
6
8
3
9
9
11
13
14
7
11
5
9
10
3
5
5
8
6
7
6
6
11
7
10
8
6
2
6
8
6
9
4
4
7
3
2
9
6
7
5
8
11
6
7
3
3
6
6
7
6
5
7
9
9
5
6
7
4
7
5
6
4
9
5
3
6
5
10
6
6
5
3
5
8
7
7
10
10
12
9
5
12
4
6
12
6
4
4
12
6
11
9
9
10
8
3
4
8
13
6
5
9
9
5
7
2
4
8
4
9
13
5
7
6
6
7
5
9
6
10
4
5
6
7
4
5
9
3
8
4
6
6
5
9
7
3
6
10
6
6
3
2
2
7
7
5
2
14
2
8
2
7
4
6
4
3
5
8
5
5
4
5
4
3
5
8
5
6
7
5
3
3
3
10
5
4
6
4
1
6
3
6
4
2
5
8
5
6
0
4
2
8
8
7
5
7
8
5
4
10
7
5
4
8
2
4
4
5
4
2
9
4
2
7
3
7
5
3
9
3
0
5
4
5
5
5
5
3
6
7
5
7
2
8
4
10
6
3
6
4
3
1
2
3
5
10
8
4
7
4
5
4
4
11
5
7
5
7
6
8
3
2
7
4
1
2
6
6
1
5
3
5
2
2
2
2
6
3
5
8
3
1
1
3
8
4
6
6
5
6
5
3
5
7
1
2
4
8
6
4
9
0
4
3
4
1
3
6
4
3
2
4
2
4
3
1
1
4
5
9
5
3
1
2
3
6
2
5
2
8
2
1
5
1
3
4
2
5
2
6
3
6
3
4
1
4
1
4
5
5
3
2
3
7
5
4
3
6
3
5
7
3
5
2
4
4
5
4
1
0
5
4
3
6
5
3
3
0
4
5
4
4
7
1
3
2
4
5
1
4
2
5
6
2
4
1
1
0
3
4
2
3
2
3
5
4
1
4
1
3
5
5
0
2
2
1
4
1
3
6
2
3
2
1
1
7
4
0
4
2
7
2
3
2
3
3
3
1
3
0
3
2
4
1
5
5
2
3
1
2
0
3
2
5
0
4
3
2
0
3
0
2
2
7
2
1
6
2
2
2
1
1
1
1
3
5
2
1
3
2
1
3
3
3
4
5
3
5
4
0
4
2
2
3
3
1
5
1
1
2
2
3
4
1
1
2
2
2
1
1
1
1
1
4
1
1
0
1
4
3
2
1
3
1
0
1
1
1
6
0
1
1
2
0
0
2
2
1
3
0
4
6
0
1
2
4
2
1
0
3
0
2
0
0
3
2
0
2
2
1
2
2
3
1
0
4
0
1
3
0
2
1
1
2
2
1
0
2
3
1
1
2
2
0
3
0
2
0
1
2
3
2
4
1
0
0
0
2
1
0
4
1
2
1
1
2
0
1
0
0
1
0
1
3
1
1
1
1
0
1
1
2
1
0
0
4
2
0
2
0
0
1
2
1
3
1
1
1
0
1
1
0
4
0
3
1
2
2
1
0
0
0
1
1
0
1
4
1
1
2
0
1
1
2
1
2
0
0
4
1
0
1
1
1
0
1
1
0
1
0
1
0
2
2
1
2
1
0
0
0
2
0
1
1
0
3
1
1
1
2
1
0
0
0
0
2
0
0
0
1
0
1
1
2
0
0
0
0
1
0
1
1
0
1
0
1
2
2
1
0
1
0
0
2
1
0
2
0
1
1
2
0
2
0
0
1
0
2
1
0
1
1
1
0
1
2
0
1
0
0
0
1
1
2
0
0
0
0
2
2
1
2
1
2
0
1
1
0
0
0
2
1
1
0
1
2
2
0
1
1
0
0
1
1
2
0
0
0
0
0
0
0
0
1
0
0
1
0
2
1
0
0
0
0
2
1
0
0
0
3
3
1
0
0
1
1
0
0
2
1
1
0
1
0
0
0
0
0
0
0
0
0
0
0
0
0
0
0
0
1
1
1
0
0
0
1
0
1
0
1
0
0
0
0
3
0
0
0
0
0
0
1
2
0
0
0
1
0
1
0
0
0
1
1
0
0
0
0
2
1
0
0
0
0
0
0
0
2
0
1
1
0
0
1
0
0
2
0
0
0
0
0
0
1
0
0
0
0
1
1
0
0
0
0
0
0
0
0
0
0
0
0
0
1
1
0
0
0
0
0
0
0
0
1
0
0
0
0
0
2
0
0
1
2
0
0
0
0
0
1
1
0
0
1
0
0
1
1
0
0
1
0
0
0
0
0
0
0
0
1
1
0
0
0
0
0
3
0
0
0
0
1
0
0
2
0
1
0
0
0
0
0
1
2
0
1
0
0
0
0
0
0
0
1
0
0
0
0
0
0
0
0
1
0
0
0
0
0
0
0
0
0
1
0
0
1
0
0
0
0
0
1
0
1
0
1
0
0
0
0
0
0
1
0
0
2
0
0
0
0
1
1
0
0
1
0
0
1
0
1
0
0
0
0
0
0
0
0
1
0
0
0
0
1
1
0
0
0
0
0
0
0
0
0
0
0
0
0
1
1
0
0
0
0
0
0
0
0
0
1
0
0
0
0
0
0
0
0
0
0
0
0
0
0
0
0
0
1
0
0
0
0
0
0
0
0
0
1
0
0
0
1
0
0
0
1
0
0
0
0
0
0
0
0
0
1
0
0
0
0
0
0
0
0
0
0
0
0
1
0
0
0
0
0
0
0
0
0
0
0
1
0
0
0
0
0
0
0
0
0
1
0
0
0
0
0
0
0
0
0
0
0
0
0
0
0
0
0
0
0
0
0
0
0
1
0
0
0
0
0
1
0
0
0
0
0
0
0
0
0
0
0
0
0
0
0
0
0
0
0
0
0
0
0
0
0
0
1
0
0
0
0
0
0
0
1
0
0
0
0
0
0
0
0
0
0
0
0
0
0
0
0
0
0
0
1
0
0
0
0
0
0
0
0
0
0
0
0
0
0
0
0
0
0
0
0
0
0
0
0
0
0
0
0
0
0
0
0
0
0
0
0
0
0
0
0
1
0
0
0
0
0
0
0
0
0
0
0
0
0
0
0
0
0
0
0
0
0
0
0
0
0
0
0
0
0
0
0
1
0
0
0
0
0
0
0
0
0
0
0
0
1
0
0
0
0
0
0
0
0
0
0
0
0
0
0
0
0
0
0
0
0
0
2
0
0
0
0
0
0
0
0
0
0
0
0
0
0
0
0
0
0
0
0
0
0
0
0
0
0
0
0
0
1
0
0
0
0
0
0
0
0
0
0
0
0
0
0
0
0
0
0
0
0
0
0
0
0
0
1
0
0
0
0
0
0
0
0
0
0
0
0
0
0
0
0
0
0
0
0
0
0
0
0
0
0
0
0
0
0
0
0
0
0
0
0
0
0
0
0
0
0
0
0
0
0
0
0
0
0
0
0
0
0
0
0
0
0
0
0
0
0
0
0
0
0
0
0
0
0
0
0
0
0
0
0
0
0
0
0
0
0
0
0
0
0
0
0
0
0
0
0
1
0
0
0
0
0
0
0
0
0
0
0
0
0
0
0
0
0
0
0
0
0
0
0
0
0
0
0
0
0
0
0
0
0
0
0
0
0
0
0
0
0
0
0
0
0
0
0
0
0
0
0
0
0
0
0
0
0
0
0
0
0
0
0
0
0
0
0
0
0
0
0
0
0
0
0
0
0
0
0
0
0
0
1
0
0
0
0
0
0
0
0
0
0
0
0
0
0
0
0
0
0
0
1
0
0
0
0
0
0
0
0
0
0
0
0
0
0
0
0
0
0
0
0
0
0
0
0
1
0
0
0
0
0
0
0
0
0
0
0
0
0
0
0
0
0
0
0
0
0
0
0
0
0
0
0
0
0
0
0
0
0
0
0
0
0
0
0
0
0
0
0
0
0
0
0
0
0
0
0
0
0
0
0
0
0
0
0
0
0
0
0
0
0
0
0
0
0
0
0
0
0
0
0
0
0
0
0
0
0
0
0
0
0
0
0
0
1
0
0
0
0
0
0
0
0
0
0
0
0
0
0
0
0
0
0
0
0
0
0
0
0
0
0
0
0
0
0
0
0
0
0
0
0
0
0
0
0
0
0
0
0
0
0
0
0
0
0
0
0
0
0
0
0
0
0
0
0
0
0
0
0
0
0
0
0
0
0
0
0
0
0
0
0
0
0
0
0
0
0
0
0
0
0
0
0
1
0
0
0
0
0
0
0
0
0
0
0
0
0
1
0
0
0
0
0
0
0
0
0
0
0
0
0
0
0
0
0
0
0
0
0
0
0
0
0
0
0
0
0
0
0
0
0
0
0
0
0
0
0
0
0
0
0
0
0
0
0
0
0
0
0
0
0
0
0
0
0
0
0
0
0
0
1
0
0
0
0
0
0
0
0
0
0
0
0
0
0
0
0
0
0
0
0
0
0
0
0
0
0
0
0
0
0
0
0
0
0
0
0
0
0
0
0
0
0
0
0
0
0
0
0
0
0
0
0
0
0
0
0
0
1
0
0
0
0
0
0
0
0
0
0
0
0
0
0
0
0
0
0
0
0
0
0
0
0
0
0
0
0
0
0
0
0
0
0
0
0
0
0
0
0
0
0
1
0
0
0
0
0
0
0
0
0
0
0
0
0
0
0
0
0
0
0
0
0
0
0
0
0
1
0
0
0
0
0
0
0
0
0
0
0
0
0
0
0
