0
0
0
0
0
0
0
0
0
0
0
0
0
0
0
0
0
0
0
1
0
0
2
1
3
3
0
6
3
4
5
10
9
7
10
11
16
15
20
19
22
25
17
22
15
29
29
24
40
39
49
40
37
32
40
48
55
27
38
44
35
42
44
50
44
41
50
60
51
64
57
60
61
59
61
64
58
65
76
76
66
67
78
55
72
79
78
67
72
91
69
80
85
81
106
80
75
84
95
82
93
91
115
78
102
96
127
116
119
110
96
120
111
111
122
114
109
96
131
130
138
119
128
116
138
136
138
141
121
132
166
132
129
156
159
140
151
171
148
186
170
167
158
155
181
173
189
182
176
181
182
187
170
176
192
188
196
197
185
216
214
189
221
205
200
250
224
234
206
212
219
222
213
221
232
245
254
267
251
259
254
256
250
261
260
285
236
280
222
260
284
277
274
300
286
262
272
303
326
314
303
331
335
290
332
324
344
329
339
337
391
321
344
354
363
391
376
356
367
375
376
375
447
425
449
417
411
396
420
430
431
431
432
429
490
509
500
485
469
533
503
529
537
591
529
507
538
547
573
567
575
562
535
574
557
586
524
525
559
483
502
513
486
506
484
432
394
374
361
373
358
332
301
301
296
307
269
276
276
285
293
271
275
267
286
289
306
323
291
315
299
274
291
302
292
282
307
299
315
308
305
317
306
316
294
325
348
299
309
351
313
308
310
330
309
326
318
326
331
341
352
320
380
341
364
366
354
372
367
343
339
335
367
352
373
368
353
345
356
350
368
343
347
339
343
350
354
356
366
370
349
366
346
368
386
368
372
348
365
358
341
393
414
398
412
341
373
396
375
394
390
390
371
393
325
419
392
393
408
401
370
392
362
395
423
390
417
385
389
390
391
352
374
406
413
401
379
388
416
402
396
413
397
435
437
428
405
408
395
408
410
401
408
407
421
385
385
419
399
412
401
405
466
417
416
418
423
402
432
385
436
412
393
437
453
435
430
424
462
426
458
436
482
432
427
432
404
428
389
379
378
465
456
405
447
480
451
428
451
443
426
412
437
440
444
457
428
432
462
431
463
448
438
439
423
420
477
418
429
474
446
418
466
458
443
448
428
440
463
482
466
457
440
428
468
444
413
457
452
454
411
452
417
463
411
446
447
440
463
438
437
485
437
427
476
472
490
398
473
420
462
429
458
424
468
461
471
492
446
438
472
428
456
437
441
444
427
466
405
402
432
460
462
437
426
427
398
436
441
443
454
431
447
410
448
394
455
495
458
413
401
424
460
436
479
437
402
421
451
439
447
451
450
430
438
395
425
428
433
455
459
443
429
422
452
459
441
408
435
415
425
457
440
433
439
487
461
393
447
408
469
443
435
433
443
438
471
416
432
438
419
411
398
417
467
428
431
437
442
401
434
444
459
424
405
406
451
443
401
461
437
446
419
441
431
430
427
437
417
442
411
462
450
439
457
428
450
438
437
446
457
430
404
445
467
445
469
401
436
424
432
433
432
411
462
439
426
404
425
416
419
442
401
420
417
443
448
454
441
421
435
446
461
436
426
426
436
421
409
427
415
436
410
414
393
407
389
427
451
407
445
408
410
438
407
405
421
412
383
435
439
401
414
397
402
396
414
421
405
384
396
426
390
437
443
385
397
402
422
412
430
405
398
382
384
421
391
428
408
401
420
388
401
430
424
410
390
384
395
417
385
408
406
384
389
379
400
414
383
370
397
405
393
408
410
375
408
383
413
399
384
381
382
374
395
403
375
393
397
373
382
414
371
412
406
379
382
401
375
388
390
376
442
412
406
394
395
363
382
382
372
384
344
358
370
394
391
361
378
398
348
373
370
393
402
384
358
338
391
374
384
380
379
385
343
368
365
385
389
333
376
417
353
384
401
373
385
346
397
374
367
343
368
373
375
365
343
357
374
372
360
347
386
361
349
364
356
387
359
342
385
335
366
355
351
344
354
342
318
338
360
358
355
366
328
348
358
370
348
367
349
378
324
336
384
321
364
336
332
309
331
310
389
355
345
361
324
341
324
351
341
318
348
343
337
357
327
340
336
344
316
339
348
332
313
371
343
348
324
333
326
347
335
373
351
300
339
335
332
333
321
347
339
327
314
316
332
325
326
352
331
305
343
337
339
338
353
355
323
331
338
340
331
301
335
324
355
312
305
310
307
333
343
367
334
325
349
337
310
275
304
314
278
281
310
297
289
280
319
324
332
313
317
334
307
312
308
299
307
298
330
317
302
302
305
318
310
308
301
310
324
305
277
290
327
296
321
323
304
300
332
307
281
305
313
297
316
294
319
277
291
299
288
321
328
304
313
300
328
298
281
287
300
299
291
299
299
298
331
333
281
342
288
323
333
279
333
307
290
319
282
315
291
282
304
283
303
289
298
289
258
290
288
294
287
301
293
301
302
288
300
317
324
308
293
295
311
288
289
280
283
285
296
300
257
252
270
297
270
308
294
297
275
278
303
298
259
297
282
288
288
296
281
265
300
265
300
278
293
250
291
280
301
259
273
303
323
268
287
319
268
259
288
302
264
279
297
259
266
295
277
301
279
312
278
308
290
297
264
324
257
293
258
282
297
256
291
274
252
275
267
306
285
280
293
275
268
260
264
293
255
276
258
250
251
281
258
276
285
257
292
266
261
309
252
268
238
232
257
272
263
278
256
268
264
284
248
281
267
279
255
249
263
247
289
260
249
269
282
253
254
249
250
277
290
276
255
246
253
286
247
247
249
228
275
263
257
270
290
261
255
241
276
247
268
223
289
267
236
238
261
252
216
229
260
238
250
256
253
254
249
239
246
250
280
224
243
240
255
250
216
228
231
255
252
276
251
238
236
230
265
232
252
259
238
238
246
259
257
229
258
206
226
250
225
250
236
237
234
214
239
253
246
218
236
221
257
254
247
234
247
275
235
224
254
227
237
209
250
242
232
238
221
213
234
219
224
222
226
240
258
237
233
241
226
209
212
219
220
214
243
241
239
214
214
228
216
246
196
227
215
224
234
201
234
205
217
215
209
223
203
202
227
247
202
237
241
227
222
192
220
223
235
247
235
227
219
198
194
210
198
212
216
213
201
189
200
211
209
211
191
223
193
201
229
212
226
212
234
214
192
199
224
181
211
219
210
218
201
215
205
232
182
181
203
194
182
189
203
188
195
215
194
203
188
172
198
179
202
180
215
169
175
199
191
203
180
179
184
215
178
181
195
209
193
186
165
191
182
196
193
197
204
159
196
185
188
170
197
185
201
212
200
183
170
174
166
200
179
165
180
189
182
189
149
193
158
184
178
181
178
178
188
178
184
194
172
190
187
195
176
180
199
166
200
178
155
186
172
169
195
152
176
172
189
152
165
182
169
155
162
181
187
188
198
174
174
182
172
182
207
151
177
172
200
177
177
140
151
176
155
184
197
166
174
171
153
160
180
185
160
187
189
154
186
149
157
146
196
186
164
171
162
166
175
170
173
175
171
202
181
174
168
162
158
145
177
174
175
181
164
156
157
177
154
176
170
178
184
180
157
157
160
162
166
186
172
177
184
163
181
191
202
192
162
153
152
163
172
172
178
180
179
154
148
166
163
194
155
188
195
134
149
176
156
168
183
173
164
140
172
160
179
165
152
178
158
166
153
169
181
170
145
162
149
173
181
177
219
169
188
170
172
181
158
176
182
175
171
150
189
192
182
174
165
161
182
177
166
182
174
167
179
174
164
190
203
185
186
194
212
195
175
198
179
182
185
171
206
208
164
174
198
176
154
195
184
202
188
197
168
188
198
194
179
185
190
191
189
213
187
187
182
212
193
187
198
193
202
198
195
216
218
186
179
203
177
183
214
230
189
196
204
196
214
232
206
207
223
232
202
229
207
227
226
204
198
212
223
198
249
216
206
239
215
208
235
236
242
185
219
208
216
256
232
224
187
237
222
212
232
234
224
225
244
220
249
225
237
224
256
258
243
219
266
264
232
253
254
282
282
253
260
264
253
246
251
259
267
245
215
240
241
278
254
259
304
286
258
284
264
257
242
244
271
228
244
264
254
303
263
299
270
292
251
317
274
307
286
269
279
279
286
261
306
261
283
296
265
261
313
311
286
298
295
284
287
317
299
281
309
300
309
290
291
306
318
309
310
301
332
353
320
325
291
309
313
329
345
323
339
309
326
322
366
315
373
340
325
338
323
318
341
365
311
355
383
340
316
346
358
343
357
326
389
352
375
387
324
409
357
358
370
349
348
349
352
360
393
365
373
345
367
374
403
382
351
366
380
377
410
340
385
396
356
372
377
372
372
389
372
368
377
401
382
411
393
386
380
420
397
374
405
398
375
451
337
416
404
415
408
385
394
381
396
412
394
415
418
441
414
422
408
411
421
415
450
470
445
389
402
427
433
401
429
445
461
432
416
453
414
470
464
416
461
471
452
448
427
421
449
448
413
438
427
440
465
456
462
446
451
454
484
453
388
446
481
473
480
489
447
457
459
441
437
458
445
436
459
445
424
462
447
454
467
433
416
488
452
466
492
426
514
490
486
435
490
469
494
470
474
462
500
465
457
437
487
451
480
463
495
462
486
462
448
484
445
503
473
470
456
479
454
463
464
473
445
483
511
441
449
465
477
454
480
479
480
458
482
485
471
462
490
476
467
473
519
501
439
474
472
513
478
480
484
492
487
498
466
508
476
474
470
503
475
492
475
478
502
484
463
464
490
501
489
485
495
479
480
486
452
490
465
461
456
458
508
505
481
491
462
445
550
515
488
505
481
473
493
471
446
507
467
454
502
450
524
499
468
486
497
489
492
518
460
471
467
477
497
470
474
510
471
469
495
454
461
484
447
476
427
489
476
453
448
456
470
463
457
503
460
452
430
472
456
442
479
429
446
461
472
445
446
464
415
442
441
451
480
440
472
444
459
461
467
443
469
475
434
470
442
457
473
424
453
419
412
456
416
450
437
424
422
462
440
473
464
469
448
452
454
430
429
428
457
409
414
413
442
452
444
419
432
445
419
408
429
462
417
430
393
416
438
408
413
407
408
434
423
412
415
396
408
397
382
406
411
434
415
445
418
406
392
408
389
415
399
425
404
391
381
412
355
366
394
386
374
389
367
375
384
382
414
379
392
392
359
370
373
365
397
370
386
375
390
387
391
356
348
353
352
399
360
360
369
365
337
353
384
386
348
349
360
324
350
354
354
356
353
345
352
376
359
373
355
349
317
348
346
352
318
316
356
336
325
329
374
312
345
382
303
326
341
348
322
326
317
351
302
330
311
312
316
313
318
324
324
339
335
336
297
335
332
327
318
341
305
343
320
322
308
356
265
337
330
310
322
290
294
336
293
317
309
306
298
311
294
292
294
283
300
314
282
293
263
253
318
286
293
326
300
277
274
318
270
294
308
296
278
244
279
260
288
296
279
247
247
293
275
277
263
256
274
273
297
267
277
265
280
279
281
279
242
266
292
269
277
271
268
276
265
245
266
274
276
252
270
250
250
245
272
248
259
258
255
270
226
239
246
256
286
269
267
242
256
248
245
212
242
262
222
226
243
213
278
228
214
234
218
229
221
227
242
223
227
215
237
217
256
253
232
238
244
231
238
211
236
209
208
230
213
232
227
212
217
247
238
231
204
221
223
237
237
236
244
209
206
222
199
227
244
224
229
200
246
214
213
216
223
201
217
225
190
209
196
198
213
199
218
198
208
219
196
207
225
204
220
192
195
222
207
220
179
212
215
207
187
204
186
196
214
198
188
239
200
185
199
204
217
194
195
194
197
198
192
181
172
233
189
181
212
180
186
183
194
205
202
187
183
211
191
205
209
203
162
181
176
160
197
205
179
194
181
169
175
199
184
184
199
204
185
199
183
178
188
167
193
188
140
201
172
183
165
175
161
168
180
150
151
197
168
158
180
190
177
177
193
196
172
193
167
162
182
172
169
135
164
152
193
158
162
183
186
168
178
175
166
165
157
175
153
161
187
166
156
155
188
168
159
152
182
178
164
152
169
161
189
172
173
138
155
154
170
160
176
142
181
137
157
148
141
142
138
161
173
166
161
158
140
176
154
157
164
175
144
133
162
152
138
160
160
165
147
148
142
152
151
152
127
144
160
177
148
155
165
144
140
167
143
155
135
166
157
147
151
137
154
150
147
152
154
168
151
168
146
134
158
164
146
149
143
136
146
149
153
167
141
141
147
144
145
129
153
139
149
143
155
140
150
136
144
133
152
126
139
140
135
153
131
141
125
127
153
134
135
147
145
137
124
139
165
139
126
133
152
142
139
135
130
133
152
137
113
172
145
122
117
134
164
122
143
144
136
141
118
130
122
118
148
124
140
163
134
153
118
143
152
143
122
149
129
145
121
130
130
138
137
125
134
133
111
137
130
143
134
124
141
136
112
121
138
119
142
132
129
128
130
138
99
122
137
143
122
132
131
103
112
116
127
137
128
136
117
110
118
123
135
133
132
119
115
148
132
131
133
140
114
151
117
117
124
139
124
139
149
122
140
132
135
125
108
136
133
124
125
106
123
127
133
119
108
126
118
111
120
116
128
117
123
110
128
112
111
123
107
127
140
128
116
102
109
105
102
117
110
131
124
125
117
129
118
116
108
112
129
116
110
121
115
129
118
109
123
106
108
109
126
105
113
115
122
106
130
105
125
119
128
126
91
106
109
126
119
115
126
112
107
112
118
105
106
82
101
90
120
104
122
104
133
127
116
91
106
119
113
112
106
99
121
117
131
103
117
117
108
115
109
104
101
104
97
112
126
105
114
89
108
135
110
112
128
108
109
113
90
102
88
105
123
94
98
123
95
120
108
83
94
113
113
105
96
116
111
90
83
99
96
116
117
100
117
113
106
95
106
107
99
113
116
95
94
105
91
130
109
93
108
107
100
101
115
96
88
83
99
97
105
87
89
95
87
107
100
111
92
92
109
107
104
84
119
98
103
98
113
106
112
82
100
94
94
90
101
104
107
98
90
98
86
113
88
83
87
106
113
93
98
91
101
100
95
104
100
97
89
109
106
89
101
93
94
105
80
96
86
95
102
93
104
88
99
66
88
100
109
96
101
87
119
91
85
91
97
96
94
82
89
118
94
92
96
105
79
113
89
90
87
80
96
83
88
88
91
97
94
104
100
76
91
77
90
101
91
99
81
77
82
92
91
96
89
102
85
86
84
76
98
79
81
104
82
73
74
81
99
91
99
95
91
68
75
82
91
87
92
87
97
71
79
75
76
86
80
71
99
94
83
100
90
94
74
81
82
92
85
83
87
72
78
74
95
85
74
76
101
77
65
67
75
93
84
86
103
75
89
81
96
76
77
85
77
80
87
77
87
101
79
76
86
77
74
90
74
81
75
81
81
97
74
95
61
60
80
74
82
87
82
76
75
86
78
86
72
72
88
75
63
89
75
66
75
60
93
100
77
76
59
93
77
71
72
74
95
62
82
71
65
69
75
78
68
88
87
69
76
72
87
78
65
77
87
75
89
60
70
63
66
77
73
91
75
60
62
73
65
75
70
69
90
66
90
79
56
84
56
80
75
73
90
78
60
68
67
77
80
67
67
60
70
74
78
68
60
84
62
71
68
67
56
73
54
65
76
54
55
71
79
66
76
73
44
65
72
62
67
59
66
70
64
72
77
50
74
57
78
58
70
66
79
56
74
67
63
72
65
70
78
58
62
61
74
61
71
65
69
66
61
58
69
77
55
68
77
68
58
66
68
56
67
79
60
56
63
65
45
73
72
60
78
56
69
59
77
77
64
68
67
65
71
58
45
56
62
82
61
59
76
68
58
78
61
66
74
46
64
61
76
54
61
61
66
52
51
61
68
63
58
53
75
45
67
77
48
54
58
59
60
61
59
50
58
60
59
69
56
44
76
72
51
72
45
62
50
54
64
48
52
64
65
61
69
45
64
51
54
48
56
54
54
45
52
59
45
65
55
63
51
56
58
56
44
50
52
59
65
70
59
64
52
63
41
51
55
52
48
86
51
51
51
52
55
58
44
49
61
67
60
49
61
58
60
61
59
55
57
60
48
48
54
69
55
58
51
68
65
47
53
55
50
52
58
61
55
60
58
55
45
51
51
55
58
58
62
56
50
36
49
48
57
55
60
69
67
60
54
47
53
57
48
50
52
53
42
52
55
57
52
51
46
46
57
49
54
56
44
40
60
52
49
56
57
64
36
56
47
38
62
55
54
65
55
45
58
56
61
55
54
44
49
55
54
48
55
49
38
46
61
54
56
57
64
48
47
57
65
50
60
52
46
54
44
56
55
63
60
56
43
52
50
43
50
54
52
53
35
46
56
56
56
59
59
45
54
31
54
52
41
60
49
45
58
48
55
52
63
50
53
38
42
40
51
52
59
42
62
64
48
44
66
49
60
47
48
42
52
41
56
62
53
42
64
47
52
43
51
54
63
41
37
55
51
46
63
53
53
43
61
52
54
53
45
49
55
62
52
51
48
43
59
57
48
42
41
64
45
49
57
60
44
54
53
65
43
46
40
78
62
59
55
50
59
51
51
45
52
48
50
46
45
52
57
43
53
51
56
57
43
63
47
54
55
45
59
38
39
43
52
43
42
43
46
46
55
42
48
75
53
47
45
46
55
48
48
52
51
44
39
49
42
55
60
56
62
51
42
54
52
46
34
47
53
54
47
46
34
52
50
45
46
60
44
59
55
56
49
42
49
43
52
47
53
45
50
52
56
53
50
64
57
61
53
50
49
53
51
58
56
45
56
44
43
55
54
47
41
49
60
44
59
47
54
46
57
49
56
33
60
36
35
52
60
47
54
69
54
49
61
55
49
34
46
65
49
50
38
51
61
45
53
48
61
50
48
57
40
49
43
38
57
47
51
48
57
55
50
41
61
44
47
46
48
52
54
55
43
58
49
55
36
48
53
57
50
47
41
41
39
52
53
48
49
40
35
44
47
44
48
58
41
53
46
47
54
43
55
47
56
62
48
42
61
53
54
49
48
49
51
59
54
38
48
40
53
58
46
49
43
55
38
56
51
49
58
54
49
59
48
56
50
40
59
46
48
58
59
60
54
61
43
49
49
50
43
53
58
45
50
49
34
46
40
47
40
40
49
40
46
41
48
49
54
45
53
59
57
42
29
51
45
43
53
35
41
53
51
56
48
48
46
54
54
43
53
48
53
42
41
54
39
39
41
53
56
51
41
49
51
59
46
40
53
44
46
52
47
48
45
49
56
48
44
37
41
45
47
43
48
53
54
38
43
50
52
51
44
49
48
40
44
51
52
47
38
52
63
37
40
30
50
42
46
54
37
33
36
48
42
48
39
37
52
35
50
51
39
51
44
42
46
49
39
44
37
46
52
44
45
50
34
42
29
50
48
39
41
36
44
51
53
40
46
44
48
46
41
43
42
56
48
59
36
49
41
49
43
52
45
45
52
29
45
44
38
39
45
51
43
46
32
55
43
39
39
39
39
35
42
40
43
44
46
42
47
45
48
49
47
39
44
33
45
46
40
34
41
44
43
40
36
45
36
42
49
42
48
45
48
51
44
38
37
41
31
39
43
41
42
40
37
36
61
33
37
36
44
34
40
39
42
32
46
37
33
40
40
45
39
39
40
33
42
36
53
34
47
37
32
37
38
40
50
36
36
35
31
39
36
56
39
34
55
49
39
46
46
46
42
44
38
51
40
38
47
45
43
43
46
35
39
41
28
30
35
44
39
49
47
57
43
48
34
43
47
39
41
41
42
40
32
44
39
25
42
35
37
40
34
39
49
47
36
42
41
36
30
35
32
42
28
41
40
35
40
45
35
36
41
44
31
46
43
25
41
32
47
39
45
43
38
38
51
38
34
37
25
42
33
31
30
47
39
36
35
27
35
35
35
37
36
37
41
30
34
32
45
38
39
41
46
49
40
34
38
37
38
40
46
41
37
40
39
36
42
33
47
35
39
51
33
40
45
42
43
40
38
28
35
35
41
34
36
39
37
30
39
38
36
35
39
48
34
39
32
40
41
42
44
43
41
43
40
36
32
37
40
30
32
35
46
48
32
41
31
44
46
35
43
41
48
48
38
48
41
40
35
36
34
35
48
40
46
50
31
32
35
37
39
43
40
47
53
40
31
44
46
41
23
40
44
35
32
37
58
36
39
39
38
40
43
42
41
34
33
43
34
37
37
44
30
51
41
42
46
36
43
41
47
32
39
46
37
43
52
44
28
39
43
40
40
36
27
49
43
32
38
34
48
46
36
50
36
43
42
48
32
40
43
52
43
46
37
23
48
39
36
46
32
42
39
42
48
34
50
35
33
41
53
50
47
44
51
44
52
45
51
48
51
27
44
53
47
42
39
41
22
53
45
44
47
38
47
42
40
38
42
39
50
37
31
47
45
38
33
35
36
45
49
36
47
40
49
43
43
49
44
47
43
49
26
35
52
49
48
48
41
45
45
45
59
48
34
53
47
50
44
39
51
55
38
43
40
46
51
39
42
46
57
35
49
41
46
55
51
37
38
47
52
47
42
43
50
52
57
38
52
42
57
33
40
49
41
42
50
46
61
53
40
40
47
54
42
55
38
46
44
44
45
51
48
53
58
46
47
58
48
56
46
56
40
54
57
56
47
43
57
44
46
57
49
47
42
45
44
54
48
56
43
44
47
48
53
47
52
54
44
39
54
63
57
40
50
43
40
48
53
48
46
51
49
39
47
52
43
48
55
38
51
38
38
47
51
43
60
45
51
43
66
51
48
45
49
49
52
36
49
44
50
43
47
44
41
56
45
49
60
47
47
45
48
46
49
52
44
41
46
43
49
61
57
41
45
60
54
40
50
43
59
47
46
42
47
62
40
35
47
43
45
52
51
53
61
37
41
60
42
47
35
40
49
44
49
45
56
57
39
49
49
41
39
41
41
44
47
50
49
50
54
47
45
48
56
36
47
49
41
59
38
34
44
34
48
50
44
42
48
51
48
41
41
48
50
55
53
51
53
47
46
58
36
41
44
44
43
40
52
37
40
42
47
41
40
50
56
40
51
40
53
37
41
46
56
45
48
44
45
37
40
36
51
39
46
39
51
48
46
44
41
51
43
44
46
39
42
34
45
43
49
51
42
47
45
38
39
41
41
41
53
47
36
38
53
49
50
37
42
41
48
48
42
36
45
38
37
41
38
31
57
42
41
35
44
35
39
31
48
36
44
39
38
45
38
37
36
42
31
42
31
35
48
30
31
37
24
28
44
33
42
42
38
39
34
42
38
42
37
36
37
45
39
30
43
29
46
31
45
33
35
43
18
32
44
32
28
23
38
29
41
35
29
27
40
28
42
24
35
48
29
41
41
30
32
37
27
30
35
31
36
43
24
31
29
39
40
35
35
29
32
44
33
33
39
30
23
44
42
35
14
37
31
36
42
28
29
34
41
37
27
30
26
34
26
22
26
36
26
40
30
31
29
34
35
34
26
34
27
27
29
37
26
31
27
25
37
30
32
31
28
32
38
43
33
29
29
28
22
22
25
26
29
33
29
27
25
20
23
26
30
26
29
32
21
23
25
23
28
24
26
36
26
26
23
31
27
28
26
24
24
31
24
36
43
30
24
23
20
22
28
28
36
18
28
27
36
28
32
16
21
23
19
19
23
22
24
24
24
17
30
26
28
23
23
24
25
30
21
23
26
15
28
22
25
16
20
24
22
25
24
19
31
17
22
20
27
20
25
26
26
17
20
23
27
25
22
24
14
22
18
24
19
21
18
25
22
19
25
20
20
18
20
23
19
26
24
16
22
27
29
21
13
21
18
19
19
24
23
21
16
14
23
25
18
22
22
25
21
15
23
30
24
16
27
23
11
18
20
20
21
21
23
19
15
22
22
15
12
20
18
29
24
21
16
22
20
17
20
23
20
17
15
18
13
19
18
12
19
19
18
21
21
14
15
18
23
18
18
18
18
12
15
20
15
14
23
15
15
13
15
16
20
23
20
21
19
15
23
20
9
14
12
15
16
21
19
23
19
17
13
17
16
14
15
12
20
16
11
14
26
14
16
14
18
19
18
20
18
12
15
15
15
13
17
6
19
14
21
12
27
15
18
17
11
18
17
10
13
22
18
12
17
14
12
17
14
13
13
18
14
13
15
13
12
20
14
16
14
16
18
16
17
13
16
18
10
15
27
20
16
14
18
22
9
17
15
17
20
15
16
9
19
19
12
21
13
14
16
13
14
22
18
11
11
17
20
13
16
12
10
23
9
16
27
19
14
13
16
15
12
9
16
13
15
13
11
15
11
20
10
25
15
9
7
10
11
20
12
16
8
11
11
12
15
10
16
19
11
19
8
18
16
14
16
4
8
16
9
15
14
18
10
13
17
13
16
18
7
14
19
15
16
19
12
17
13
14
20
12
11
9
11
14
14
15
10
15
14
4
9
16
11
13
11
22
13
11
10
10
17
12
10
14
13
12
11
11
18
8
16
15
5
14
12
9
13
13
11
8
11
11
11
9
11
10
6
5
15
10
9
12
14
12
18
10
13
12
7
10
12
14
17
13
11
13
13
9
9
17
16
6
6
17
7
11
7
14
9
11
14
12
16
6
6
12
17
12
19
12
11
10
12
13
7
16
11
7
6
11
23
9
10
20
12
16
12
7
11
8
10
10
7
8
9
7
13
9
17
13
11
11
13
14
13
12
16
6
5
11
6
5
7
15
10
14
8
8
11
11
12
13
15
11
8
12
12
16
8
10
17
4
6
8
15
7
14
9
13
9
13
6
17
6
14
13
12
9
10
6
14
13
4
6
9
4
13
5
4
13
7
8
8
14
6
13
14
10
9
7
10
6
6
4
8
4
12
12
7
12
7
12
11
5
12
11
6
10
7
8
4
12
9
12
7
6
8
9
5
13
6
5
13
9
12
6
6
8
7
12
12
5
5
11
3
7
8
4
12
7
9
7
8
10
9
7
13
6
7
6
4
8
11
4
6
7
11
12
11
8
11
9
8
10
7
10
5
5
12
8
10
13
5
9
4
5
6
14
5
3
11
1
12
8
8
10
5
13
9
5
6
7
7
8
4
12
7
9
9
8
6
8
7
12
5
5
5
8
8
4
4
6
9
12
9
3
9
4
5
10
3
6
3
5
4
4
5
6
4
5
7
8
6
9
8
9
3
7
10
8
4
8
4
5
10
5
8
10
5
9
4
5
5
2
6
3
5
5
8
6
6
7
1
9
6
4
6
6
4
2
9
5
5
3
5
5
4
5
9
6
9
8
3
5
5
4
7
13
5
10
4
4
7
3
6
4
4
8
4
8
5
5
5
7
7
5
6
7
6
5
3
1
8
3
3
2
3
4
7
6
5
10
6
1
6
5
6
3
3
6
3
7
3
5
2
7
4
6
4
4
7
2
4
2
0
1
6
5
9
4
7
5
4
0
5
3
4
5
7
3
7
4
3
4
1
3
4
4
4
5
5
3
7
4
5
4
5
3
4
3
2
4
3
6
1
7
0
4
5
4
4
2
3
4
2
4
2
1
2
6
8
4
4
0
4
2
2
5
0
4
4
1
3
2
6
4
1
3
3
1
2
1
3
3
2
6
1
2
5
6
2
7
3
3
2
4
4
1
1
3
1
3
5
3
0
3
3
5
1
4
3
3
1
3
3
2
3
2
1
2
3
4
1
3
2
4
1
0
4
2
1
1
2
0
3
3
2
3
0
1
3
1
3
1
3
1
2
2
4
0
3
3
2
2
2
2
0
2
0
1
5
1
4
1
1
3
1
1
1
2
2
1
3
3
1
1
0
1
5
1
2
0
6
1
1
4
1
2
1
3
1
2
5
2
3
1
3
1
2
3
2
0
2
1
1
1
0
0
1
1
1
1
3
3
1
1
1
0
4
2
3
0
3
1
1
1
1
0
1
1
2
4
0
2
3
0
0
1
2
2
0
3
3
1
3
0
1
1
1
1
2
2
1
1
1
2
0
1
4
3
0
0
2
1
3
0
1
3
2
2
4
1
0
4
1
2
2
0
2
1
2
1
0
1
2
0
2
1
1
0
2
3
1
0
1
0
3
1
0
2
2
3
3
2
3
1
3
1
3
1
1
1
0
1
2
3
2
0
3
1
0
2
0
1
0
1
0
1
1
2
0
1
1
1
3
0
1
1
0
2
3
1
0
0
2
1
3
3
0
1
2
1
1
0
2
3
1
0
2
3
0
1
1
1
0
0
3
0
3
0
0
0
3
0
0
2
0
1
1
2
1
1
1
0
1
1
0
0
2
2
0
0
0
0
1
0
1
1
0
1
1
0
1
2
1
1
0
2
0
0
0
0
0
1
0
1
0
1
1
0
0
1
0
0
1
2
2
0
2
0
1
0
4
3
0
1
0
3
1
2
0
0
0
0
1
1
0
2
0
1
2
0
2
0
0
1
0
1
0
1
2
0
0
0
0
2
0
2
0
0
0
1
2
0
1
0
1
0
0
1
1
0
0
1
0
1
0
0
0
2
0
1
1
1
0
0
2
1
1
0
0
0
1
1
1
0
0
1
1
1
0
1
0
0
0
1
0
0
0
0
0
1
0
0
0
2
0
1
1
1
0
0
1
0
1
0
0
2
1
0
0
0
2
0
1
0
0
0
0
2
1
0
0
0
0
0
0
0
2
0
0
0
1
0
0
0
1
0
1
0
0
0
1
2
1
0
0
0
0
0
0
1
1
0
0
1
0
0
1
0
0
0
0
0
0
1
1
0
0
1
2
0
0
0
0
1
0
0
0
0
0
0
0
0
0
0
1
0
0
0
0
0
1
0
0
0
0
0
0
0
0
0
1
1
0
0
1
0
0
1
0
0
0
0
1
0
0
0
1
0
0
1
0
0
1
0
1
0
1
0
0
0
0
2
1
0
0
0
0
1
1
0
0
1
0
0
0
1
0
0
1
0
0
0
0
0
0
0
0
1
0
0
1
0
0
0
0
0
0
0
0
0
0
0
0
0
0
0
0
0
1
0
0
0
0
0
1
0
0
0
0
0
0
0
0
1
0
0
0
0
0
0
2
0
0
0
0
0
0
1
1
0
0
0
0
0
0
0
0
0
0
0
1
0
0
0
0
0
0
1
0
0
0
0
0
1
0
0
0
0
0
0
0
1
0
0
0
0
0
0
0
0
0
0
0
0
0
0
0
0
0
0
0
0
0
0
0
0
0
0
0
0
1
0
0
0
0
0
0
0
0
0
0
0
0
0
0
0
0
0
0
0
0
0
0
0
0
0
0
0
0
0
0
0
0
0
0
0
0
0
0
0
0
0
0
1
0
0
0
0
0
0
0
0
0
0
0
0
0
0
0
2
0
0
0
0
1
0
0
0
2
0
0
0
0
0
0
0
1
0
0
0
0
0
0
0
0
0
0
0
0
0
0
0
1
1
0
0
0
0
0
0
0
0
0
0
0
0
0
0
0
0
0
0
0
0
0
0
0
0
0
0
0
0
1
0
0
0
0
0
0
0
0
1
0
0
0
0
0
0
0
0
0
1
0
0
0
0
0
0
0
0
0
0
0
0
1
0
0
0
0
0
0
0
0
0
0
0
0
0
0
0
0
0
0
0
0
0
0
1
0
0
1
0
0
0
0
0
0
0
0
0
0
0
0
0
0
0
0
0
0
0
0
0
0
0
0
0
0
0
0
0
0
0
0
0
0
0
0
0
1
0
0
0
0
0
0
0
1
0
0
0
0
0
0
0
0
0
0
0
0
0
1
0
1
0
0
0
0
0
0
0
0
0
0
0
0
0
0
0
0
0
0
0
0
0
0
0
0
0
0
0
0
0
0
0
0
0
0
0
0
0
0
0
0
0
0
0
0
0
0
0
0
0
0
0
0
0
0
0
0
0
0
0
1
0
1
0
0
0
0
0
0
0
0
0
0
0
0
0
0
0
0
0
0
0
1
0
0
0
0
0
0
1
0
0
0
0
0
0
0
0
0
0
0
0
0
0
0
0
0
0
0
0
0
0
0
0
0
0
0
0
0
0
0
0
0
1
0
0
0
0
0
0
0
0
0
0
0
0
0
0
0
0
0
0
0
0
0
0
0
0
0
0
0
0
0
0
0
0
0
0
0
0
0
0
0
0
0
0
0
0
1
0
0
1
0
0
0
0
0
0
0
0
0
0
1
0
0
0
0
0
0
0
0
0
0
0
0
0
0
0
0
0
0
0
0
0
0
0
1
0
0
0
0
0
0
0
0
0
0
0
0
0
0
0
0
0
0
0
0
0
0
0
0
0
0
0
0
0
0
0
0
0
0
0
0
0
0
0
0
0
0
0
0
0
0
1
0
1
0
0
1
0
0
0
0
1
1
0
0
0
0
0
1
0
0
0
0
0
0
1
0
0
0
0
0
0
0
0
0
0
0
0
0
0
0
0
0
0
0
0
0
0
0
0
0
0
0
0
0
0
0
0
0
0
0
0
0
0
0
0
0
0
0
0
0
0
0
0
0
0
0
0
0
0
0
0
0
0
0
0
0
0
0
0
0
0
0
0
0
0
0
0
0
0
0
0
0
0
0
0
0
0
0
0
0
0
0
0
0
0
0
1
0
0
0
0
0
0
0
0
0
0
0
0
0
0
0
0
0
0
0
0
0
0
1
0
0
0
0
0
0
0
0
0
0
0
0
0
0
0
0
0
0
0
0
0
0
1
0
0
0
0
0
0
0
0
0
0
0
0
0
0
0
0
1
0
0
0
0
0
0
0
1
0
0
0
0
0
0
0
0
0
0
0
0
0
0
0
0
0
0
0
0
0
0
0
0
0
0
0
0
0
0
0
0
0
0
0
0
0
0
0
0
0
0
0
0
0
0
0
0
0
0
0
0
0
0
0
0
0
0
0
0
0
0
0
0
0
0
0
0
0
0
0
0
0
0
1
0
0
0
1
0
0
0
0
0
0
1
0
0
0
0
0
0
0
0
0
0
0
0
0
1
0
0
0
0
0
0
0
0
0
0
0
0
0
0
0
0
0
0
0
0
0
0
0
0
0
0
0
0
0
0
0
0
0
0
0
0
0
1
0
0
0
0
0
0
0
0
0
0
0
0
0
0
0
0
0
0
0
0
0
0
0
0
0
0
0
0
0
0
0
0
0
0
0
1
0
0
0
0
0
0
0
0
0
0
0
0
0
0
0
0
0
0
0
0
0
0
0
0
0
0
0
0
0
0
0
0
0
0
0
0
0
0
0
0
0
0
0
0
0
0
0
0
0
0
0
0
0
0
0
0
0
0
0
0
0
0
0
1
0
1
0
0
0
0
0
0
0
0
0
0
0
0
0
0
0
0
0
0
0
0
0
0
0
0
0
0
0
0
0
0
0
0
0
0
0
0
0
0
0
0
0
0
0
0
0
0
0
0
0
0
0
0
0
0
0
0
0
0
0
0
0
0
0
0
0
0
0
0
0
0
0
0
0
0
0
0
0
0
0
0
0
0
0
0
0
0
0
0
0
0
0
0
0
0
0
0
0
0
0
0
0
0
0
0
0
0
0
0
0
0
1
0
0
0
0
0
0
0
0
0
0
0
0
0
0
1
0
0
0
0
0
0
0
0
0
0
0
0
0
0
0
0
0
0
0
0
0
0
0
0
0
0
0
0
0
0
0
0
0
0
0
0
0
0
0
0
0
0
0
0
0
0
0
0
0
0
0
0
0
0
0
0
0
0
0
0
0
0
0
0
0
0
0
0
0
0
0
0
0
0
0
0
0
0
0
0
0
0
0
0
0
0
0
0
0
0
0
0
0
0
0
0
0
0
0
0
0
0
0
0
0
0
0
0
0
0
0
0
0
0
0
0
0
0
0
0
0
0
0
0
0
1
0
0
0
0
0
0
0
0
0
0
0
0
0
0
0
0
0
0
0
0
0
0
0
1
0
0
0
0
0
0
0
0
0
0
0
0
1
0
0
0
0
0
0
0
0
0
0
0
0
0
0
0
0
0
0
0
0
0
0
0
0
0
0
0
0
0
0
0
0
0
0
0
0
0
0
0
0
0
0
0
0
0
0
0
0
0
0
0
0
0
0
0
0
0
0
0
0
0
0
0
0
0
0
0
0
0
0
0
0
0
0
0
0
0
0
0
0
0
0
0
0
0
0
0
0
0
0
0
0
0
0
0
0
0
0
0
0
0
0
0
0
0
0
0
0
0
0
0
0
0
0
0
0
0
0
0
0
0
0
0
0
0
0
0
0
0
0
0
0
0
0
