0.000000000 0.000000000 5.127048721 inf
0.000000000 0.000000000 5.127048721 inf
0.000000000 0.000000000 5.127048721 inf
0.000000000 0.000000000 5.127048721 inf
0.000000000 0.000000000 5.127048721 inf
0.000000000 0.000000000 5.127048721 inf
0.000000000 0.000000000 5.127048721 inf
0.000000000 0.000000000 5.127048721 inf
0.000000000 0.000000000 5.127048721 inf
0.000000000 0.000000000 5.127048721 inf
0.000000000 0.000000000 5.127048721 inf
0.000000000 0.000000000 5.127048721 inf
1.075291991 11.907299995 5.127048721 0.430580293
1.159036994 11.925252914 5.127048721 0.429932074
1.257212996 11.953577995 5.127048721 0.428913311
1.344308019 12.185766220 5.127048721 0.420740775
1.443513989 11.936023712 4.878772399 0.408743524
1.544782043 11.912087440 4.636521595 0.389228304
1.641926050 11.786020279 4.369932401 0.370772517
1.730824947 11.894135475 4.104283378 0.345067818
1.831576943 11.667133331 3.822380144 0.327619479
1.932072043 11.957568169 3.499415594 0.292652782
2.034369946 11.732959747 3.143179773 0.267893169
2.132030010 11.928045273 2.755705197 0.231027392
2.218868017 11.737747192 2.301894314 0.196110401
2.321938992 11.908098221 1.735319707 0.145726016
2.421660900 12.066479683 0.993286501 0.082317836
2.523700953 11.839479446 -0.049134173 -0.004150028
2.618784904 12.010627747 -0.058235519 -0.004848666
2.717217922 11.742135048 -0.045194013 -0.003848875
2.816423893 11.811950684 -0.029993019 -0.002539210
2.915371895 11.898523331 -0.009464035 -0.000795396
3.014836073 12.107971191 -0.004582916 -0.000378504
3.117908001 11.766470909 0.007305136 0.000620843
3.219691038 12.021798134 0.000769028 0.000063969
3.321474075 12.027382851 -0.010819277 -0.000899554
3.424545050 11.632823944 -0.013417488 -0.001153416
3.523751020 11.590135574 0.001712878 0.000147788
3.619864941 11.902113914 0.007403466 0.000622030
3.717525005 11.952779770 0.025346492 0.002120552
3.814153910 11.799983025 0.026925199 0.002281800
3.919286966 11.726575851 0.017072284 0.001455863
4.018751144 11.679101944 0.044519896 0.003811928
4.120018959 11.681894302 0.031260779 0.002676003
4.219739914 12.009032249 0.050454395 0.004201371
4.324357986 12.020601273 0.024760225 0.002059816
4.426139832 11.869001389 0.030104303 0.002536380
4.519935131 11.856634140 0.034358149 0.002897800
4.618626118 11.992276192 0.048631138 0.004055205
4.721181870 11.827909470 0.032988161 0.002789010
4.819872856 11.632823944 0.043563673 0.003744892
4.921914101 12.003846169 0.047964819 0.003995788
5.024726868 12.010627747 0.042446309 0.003534063
5.127799034 12.096002579 0.034412567 0.002844954
5.229580879 12.117147446 0.029696965 0.002450821
5.332910061 12.061293602 0.046136585 0.003825177
5.428250790 11.713011742 0.039525804 0.003374521
5.530034065 12.149461746 0.034469302 0.002837105
5.625891209 11.721389771 0.034033165 0.002903509
5.725355148 12.070071220 0.000170652 0.000014138
5.825334072 11.614072800 0.010842757 0.000933588
5.928146839 12.046932220 0.003453403 0.000286662
6.039979935 11.952381134 -0.006801428 -0.000569044
6.132743835 11.898523331 -0.001109221 -0.000093223
6.235300064 11.752906799 -0.010492561 -0.000892763
6.337597847 11.915279388 -0.028133538 -0.002361131
6.440412045 11.800781250 -0.079877507 -0.006768832
6.543225765 12.038952827 -0.074085250 -0.006153795
6.647069931 12.068874359 -0.077430264 -0.006415699
6.744987965 11.825515747 -0.065524078 -0.005540907
6.847286224 12.118344307 -0.055367146 -0.004568871
6.952418804 11.908496857 -0.052316933 -0.004393244
7.041317940 12.019005775 -0.063810933 -0.005309169
7.146450043 12.166217804 -0.041440032 -0.003406156
7.242822170 11.636413574 -0.059026673 -0.005072583
7.354138851 12.029377937 -0.054810359 -0.004556375
7.447676182 11.717001915 -0.092036878 -0.007854985
7.549974918 11.809956551 -0.073404869 -0.006215507
7.653304100 12.086029053 -0.050386767 -0.004169009
7.756374836 11.705033302 -0.062543945 -0.005343338
7.858931065 11.722986221 -0.065355634 -0.005574999
7.961228848 11.354757309 -0.063902812 -0.005627845
8.062754631 11.900917053 -0.054489747 -0.004578618
8.165310860 11.734155655 -0.038996464 -0.003323329
8.269669533 11.879373550 -0.033087671 -0.002785304
8.370938301 11.813945770 -0.031259439 -0.002645978
8.472721100 11.734555244 -0.039777418 -0.003389768
8.568319321 11.839479446 -0.029216172 -0.002467691
8.661856651 11.953179359 -0.019229718 -0.001608753
8.776007652 11.724581718 0.007628122 0.000650609
8.867741585 11.718597412 -0.010782177 -0.000920091
8.969781876 11.488004684 -0.005105853 -0.000444451
9.072338104 11.953577995 -0.001651987 -0.000138200
9.173863411 12.121135712 0.021943352 0.001810338
9.276162148 11.600508690 0.044271421 0.003816334
9.399332047 11.889347076 0.039246318 0.003300965
9.487199783 11.799184799 0.033872544 0.002870753
9.584344864 12.047330856 0.015915959 0.001321119
9.686642647 11.912087440 0.016749148 0.001406063
9.788683891 11.711416245 0.025771537 0.002200548
9.886858940 11.878176689 0.025456353 0.002143120
9.989672661 11.395848274 0.021285404 0.001867821
10.092228889 11.891740799 0.017602219 0.001480205
10.187569618 11.762881279 0.007928435 0.000674022
10.281106949 11.872591972 0.007102529 0.000598229
10.389590263 11.658355713 -0.011133047 -0.000954941
10.488537788 11.643994331 -0.011828965 -0.001015885
10.590064049 11.915279388 -0.030221953 -0.002536403
10.692619324 12.166217804 -0.022537180 -0.001852439
10.795948982 11.872193336 -0.002003938 -0.000168793
10.898246765 11.807962418 -0.002928241 -0.000247989
11.001059532 11.790008545 0.001001037 0.000084906
11.100782394 11.977115631 0.003482226 0.000290740
11.201019287 11.749714851 0.017030439 0.001449434
11.303317070 12.054512024 0.026309066 0.002182508
11.400203705 11.764875412 0.002819636 0.000239666
11.501472473 11.762481689 -0.004143092 -0.000352229
11.600935936 11.851845741 -0.025308600 -0.002135414
11.705553055 11.647584915 -0.013573701 -0.001165366
11.805274010 11.660350800 -0.016617410 -0.001425121
11.904223442 11.594525337 -0.006144450 -0.000529944
12.006778717 11.886554718 0.001893453 0.000159294
12.109849930 11.849452972 -0.021844825 -0.001843530
12.212922096 11.809956551 -0.026135996 -0.002213048
12.312384605 11.835089684 -0.005000276 -0.000422496
12.415199280 12.015015602 -0.014602751 -0.001215375
12.518269539 11.815940857 -0.028575428 -0.002418379
12.618764877 11.882165909 -0.034232433 -0.002880993
12.712043762 11.808361053 -0.018577261 -0.001573229
12.812796593 11.865409851 -0.022585428 -0.001903468
12.909940720 11.526702881 -0.003805717 -0.000330165
13.014301300 11.614072800 0.001799159 0.000154912
13.116599083 11.873389244 0.015518031 0.001306959
13.218381882 11.926848412 0.023260396 0.001950255
13.321454048 11.819531441 0.034661505 0.002932562
13.434574127 11.930837631 0.024676022 0.002068256
13.528627396 12.123130798 0.021997482 0.001814505
13.631441116 11.640005112 0.033005385 0.002835513
13.733481407 11.674713135 0.018115894 0.001551721
13.836036682 11.815542221 0.005016358 0.000424556
13.938336372 11.592928886 0.007843440 0.000676571
14.041665077 11.569391251 0.029850345 0.002580114
14.143190384 11.710618019 0.041176134 0.003516137
14.238015175 11.863815308 0.040129480 0.003382511
14.339797974 11.768465996 0.023865906 0.002027954
14.434366226 11.828308105 0.039525244 0.003341581
14.534603119 11.900518417 0.020583184 0.001729604
14.635870934 12.048527718 -0.007260377 -0.000602595
14.739714622 11.870996475 0.008065815 0.000679456
14.841498375 12.151855469 0.016630271 0.001368538
14.944312096 11.813147545 0.040099031 0.003394441
15.047124863 12.016213417 0.049091543 0.004085442
15.137312889 11.961956024 0.068463011 0.005723396
15.251979828 11.573779106 0.064307779 0.005556334
15.351443291 11.626838684 0.052761875 0.004537938
15.443949699 11.854240417 0.047417241 0.004000024
15.540322304 11.985493660 0.042843685 0.003574628
15.644939423 12.016612053 0.043646589 0.003632188
15.745433807 11.751311302 0.040146877 0.003416374
15.846444130 11.565799713 0.035222492 0.003045400
15.949772835 12.023393631 0.034371987 0.002858759
16.052585602 11.819531441 0.032477880 0.002747815
16.156173706 11.597716331 0.019953878 0.001720501
16.255893707 12.037755966 0.022658683 0.001882301
16.358192444 11.878576279 0.019197296 0.001616128
16.455595016 12.238427162 0.029760902 0.002431759
16.559696198 11.907698631 0.024781914 0.002081167
16.651945114 11.871793747 0.036497596 0.003074312
16.748832703 11.979510307 0.069534244 0.005804431
16.851388931 11.841872215 0.044462388 0.003754676
16.953945160 11.806365967 0.027643904 0.002341441
17.057788849 12.056108475 0.041883525 0.003474050
17.156738281 12.201325417 0.046966037 0.003849257
17.259550095 12.021398544 0.067259387 0.005594972
17.353603363 11.854639053 0.049988921 0.004216824
17.451263428 12.024191856 0.020701505 0.001721655
17.548151016 11.959562302 0.024263548 0.002028799
17.650449753 11.713411331 0.034418782 0.002938408
17.753263474 11.796392441 0.014755522 0.001250850
17.855560303 11.867803574 -0.001907588 -0.000160736
17.958890915 11.800381660 -0.013680599 -0.001159335
18.058870316 11.880969048 0.042230649 0.003554479
18.157045364 11.945998192 0.019977153 0.001672288
18.249809265 12.352525711 -0.002913137 -0.000235833
18.345922470 11.827111244 0.015311721 0.001294629
18.448736191 11.925651550 0.005070940 0.000425213
18.547943115 12.218878746 -0.011648262 -0.000953300
18.646892548 11.948790550 0.002413112 0.000201954
18.736047745 12.165419579 0.013591504 0.001117224
18.838603973 11.837084770 0.017150449 0.001448874
18.940128326 11.845862389 0.009225058 0.000778758
19.041654587 11.915678024 -0.014158847 -0.001188254
19.144210815 12.235634804 -0.030474306 -0.002490619
19.244705200 12.009830475 -0.053095781 -0.004421027
19.340562820 11.616067886 -0.053757350 -0.004627844
19.436418533 11.838681221 -0.046314646 -0.003912146
19.534336090 12.566363335 -0.046528785 -0.003702645
19.634571075 11.653967857 -0.041458453 -0.003557454
19.737644196 11.666335106 -0.050190184 -0.004302138
19.840457916 12.211697578 -0.047502795 -0.003889942
19.925748825 11.907698631 -0.054733882 -0.004596512
20.035261154 11.844664574 -0.074119478 -0.006257626
20.133953094 12.084432602 -0.045996234 -0.003806239
20.227233887 11.883762360 -0.046601186 -0.003921417
20.331850052 11.930438995 -0.023407570 -0.001962004
20.432601929 11.914081573 -0.028962470 -0.002430944
20.535415649 11.485213280 -0.034790540 -0.003029159
20.629468918 11.632823944 -0.037172134 -0.003195452
20.719913483 11.771259308 -0.000938528 -0.000079730
20.819892883 12.046532631 -0.008021317 -0.000665861
20.922449112 12.118344307 -0.040293197 -0.003324975
21.025262833 12.080044746 -0.058138195 -0.004812747
21.125499725 12.099193573 -0.001843347 -0.000152353
21.223417282 11.819131851 -0.006821264 -0.000577137
21.314893723 11.564204216 -0.030458575 -0.002633867
21.412553787 11.911290169 -0.012847835 -0.001078627
21.513046265 11.611280441 0.003617078 0.000311514
21.616634369 12.056108475 0.006118165 0.000507474
21.711202621 11.863017082 0.023145544 0.001951067
21.801132202 12.016213417 0.021303938 0.001772933
21.901884079 11.886554718 0.015579810 0.001310709
22.004697800 11.875782967 0.027192265 0.002289724
22.107511520 11.859026909 0.003787122 0.000319345
22.195636749 12.145471573 -0.013561795 -0.001116613
22.292781830 11.670723915 -0.020646189 -0.001769058
22.391731262 11.658755302 -0.040713723 -0.003492116
22.494285583 11.660350800 -0.003624525 -0.000310842
22.593235016 12.075655937 0.023371545 0.001935427
22.683937073 12.023793221 0.041181227 0.003424978
22.779279709 11.730167389 0.045366346 0.003867494
22.881061554 11.822723389 0.013884256 0.001174370
22.984132767 12.101986885 0.010087797 0.000833565
23.067363739 11.956371307 -0.012896841 -0.001078658
23.171979904 11.942008972 -0.000923967 -0.000077371
23.267578125 11.840676308 -0.003586656 -0.000302910
23.370393753 11.725778580 0.030188434 0.002574536
23.466506958 12.010229111 0.027948647 0.002327070
23.559270859 11.907698631 0.015158658 0.001273013
23.655126572 11.877379417 0.022492425 0.001893719
23.757167816 11.912884712 0.093743701 0.007869102
23.858951569 11.418189049 0.173195814 0.015168414
23.947334290 12.222069740 0.263033217 0.021521168
24.040872574 12.106774330 0.407800185 0.033683636
24.143428802 11.939215660 0.655005565 0.054861691
24.245725632 12.007835388 0.970564000 0.080827557
24.332820892 11.717400551 1.328384863 0.113368563
24.427389145 11.802776337 1.826565635 0.154757286
24.529945374 11.808759689 2.457596609 0.208116405
24.609567642 11.909295082 3.243554872 0.272354900
24.729131699 11.869798660 4.141267395 0.348891124
24.817771912 12.291486740 5.256223956 0.427631260
24.916719437 11.869798660 6.573842432 0.553829313
25.016956329 11.711814880 8.180214949 0.698458354
25.101732254 12.041746140 10.032441592 0.833138440
25.200166702 12.773417473 12.159869282 0.951966794
25.301433563 13.451230049 14.538876658 1.080858524
25.380798340 13.758818626 17.112110938 1.243719494
25.483354568 14.771748543 20.028432705 1.355860658
25.578695297 16.175647736 23.181301864 1.433098831
25.664245605 17.599893570 26.573309394 1.509856255
25.766286850 18.927194595 30.257441390 1.598622619
25.850803375 21.566238403 34.184131077 1.585076194
25.947433472 24.023361206 38.396734939 1.598308189
26.034528732 27.366548538 42.875568473 1.566714502
26.127035141 30.152803421 47.649493075 1.580267427
26.225725174 34.822494507 52.492899428 1.507442249
26.308441162 39.698440552 57.639541834 1.451934661
26.407388687 45.682666779 62.980391714 1.378649631
26.488557816 51.769821167 68.430001333 1.321812589
26.577714920 58.563110352 74.151460638 1.266180368
26.668933868 65.432205200 80.047178494 1.223360549
26.748298645 72.466857910 86.082305466 1.187885165
26.842607498 80.440643311 92.391519953 1.148567641
26.926610947 88.235694885 98.702806918 1.118626731
27.005203247 96.876518250 105.247992107 1.086413860
27.098482132 106.727745056 111.943798128 1.048872513
27.184289932 116.057151794 118.640583044 1.022259992
27.262107849 126.376350403 125.622153910 0.994032139
27.346885681 137.625900269 132.742172020 0.964514468
27.440679550 148.450561523 140.122787741 0.943902039
27.517467499 159.318710327 147.557996614 0.926181214
27.596574783 171.721618652 154.977543313 0.902492910
27.674394608 184.908859253 162.770791166 0.880275785
27.758396149 197.830795288 170.752040010 0.863121638
27.836730957 211.730957031 179.062899922 0.845709586
27.927949905 226.566650391 187.632936687 0.828157791
28.008087158 242.002746582 196.482218941 0.811900781
28.085390091 257.882507324 205.709410772 0.797686562
28.162694931 272.925628662 215.199149686 0.788490076
28.239740372 291.097747803 224.929659925 0.772694607
28.317043304 307.665252686 235.170369516 0.764370911
28.392801285 325.740417480 245.545138929 0.753806177
28.467269897 344.706420898 256.214621690 0.743283577
28.538646698 364.638275146 267.398163555 0.733324453
28.606931686 384.491546631 278.896260059 0.725363828
28.680370331 404.662384033 290.362972174 0.717543769
28.752519608 424.317352295 302.485104420 0.712874698
28.827245712 447.398101807 314.971050598 0.704006229
28.887800217 469.774322510 326.653541719 0.695341414
28.962270737 492.882232666 336.585678158 0.682892699
29.032358170 516.653930664 345.050301502 0.667855756
29.092655182 541.102722168 352.184208248 0.650863863
29.168413162 566.986450195 358.692687119 0.632630087
29.224843979 592.759338379 365.130005705 0.615983557
29.297252655 619.510009766 371.115651205 0.599047062
29.353425980 645.600036621 377.515225231 0.584750935
29.423772812 673.750610352 384.010978491 0.569960120
29.478656769 701.069824219 390.944617324 0.557640058
29.544107437 730.512634277 398.457445805 0.545449082
29.606466293 759.480224609 406.691977929 0.535487251
29.659290314 787.807189941 415.439421637 0.527336418
29.711856842 819.621337891 422.539481682 0.515530114
29.787097931 853.578979492 425.951511448 0.499018277
29.787355423 853.904113770 426.146070581 0.499056116
29.714691162 821.926818848 423.234187468 0.514929283
29.660320282 788.182189941 416.007486468 0.527806251
29.607238770 759.954223633 407.490515399 0.536204027
29.546684265 730.153137207 399.047597513 0.546525896
29.479173660 702.806030273 391.549026881 0.557122463
29.426605225 673.056091309 384.407562729 0.571137484
29.357290268 645.652709961 377.816677273 0.585170125
29.298282623 619.705871582 371.486725513 0.599456521
29.232316971 593.815368652 365.376362211 0.615302974
29.169700623 567.915649414 359.124041185 0.632354543
29.098066330 541.460937500 352.554394202 0.651116950
29.035451889 516.939208984 345.407772543 0.668178708
28.963558197 493.587158203 337.104540097 0.682968620
28.888832092 470.026062012 327.171538924 0.696071059
28.831111908 448.209564209 315.535118217 0.703990150
28.755353928 423.413726807 302.976372929 0.715556331
28.681142807 405.053344727 290.688378214 0.717654556
28.608734131 384.008026123 279.187269531 0.727034985
28.535812378 363.964447021 267.772308962 0.735710070
28.468816757 344.426757812 256.609524073 0.745033649
28.390996933 325.249694824 245.740878361 0.755545300
28.316528320 307.297424316 235.477144032 0.766284145
28.241285324 290.192535400 225.262639206 0.776252356
28.163724899 272.897705078 215.461993491 0.789533915
28.087194443 256.731536865 205.981132256 0.802321112
28.009632111 241.513641357 196.676028238 0.814347492
27.928979874 226.141357422 187.778327437 0.830358186
27.842657089 211.375488281 179.247422744 0.848004772
27.758396149 197.741027832 170.876510773 0.864142928
27.675939560 184.223861694 162.805342365 0.883736454
27.598121643 171.920288086 154.904642794 0.901025961
27.519014359 159.281219482 147.520354412 0.926162889
27.442483902 148.375961304 140.009770983 0.943614921
27.351779938 137.021484375 132.641317781 0.968032994
27.263654709 126.351219177 125.478134084 0.993090014
27.185577393 116.233886719 118.462012398 1.019169330
27.102090836 106.563377380 111.694363657 1.048149621
27.007007599 96.588874817 104.973489666 1.086807253
26.928157806 88.457107544 98.486338418 1.113379593
26.846216202 80.317764282 92.119717193 1.146940755
26.750616074 72.191986084 85.867649343 1.189434645
26.670478821 65.639656067 79.850953795 1.216504756
26.582094193 58.028919220 73.991509883 1.275079924
26.490104675 51.127910614 68.327891631 1.336410794
26.407646179 45.549018860 62.858818142 1.380025733
26.309728622 39.789402008 57.528492774 1.445824513
26.227014542 34.610252380 52.357191446 1.512765376
26.128580093 30.011575699 47.537283402 1.583964930
26.037620544 27.264417648 42.795777853 1.569656774
25.948722839 24.174562454 38.334252068 1.585726821
25.849773407 21.327268600 34.091235301 1.598481078
25.768346786 19.691978455 30.141182180 1.530632498
25.666048050 17.794181824 26.449134882 1.486392302
25.584106445 16.412624359 23.066318344 1.405400979
25.485158920 15.220565796 19.916179157 1.308504521
25.387241364 14.392349243 16.995858421 1.180895359
25.304525375 13.588467598 14.400573646 1.059764358
25.202486038 12.522478104 12.019171070 0.959807713
25.109979630 12.154249191 9.945744672 0.818293628
25.021080017 11.980307579 8.125138846 0.678207867
24.918266296 12.159833908 6.540170024 0.537850276
24.820348740 12.374468803 5.229763446 0.422625288
24.736087799 11.791206360 4.132980157 0.350513767
24.617298126 11.726177216 3.253250697 0.277434891
24.531749725 11.993074417 2.478545586 0.206664738
24.430738449 12.220872879 1.853447827 0.151662475
24.340551376 12.066879272 1.366336959 0.113230350
24.247787476 12.220872879 0.955898795 0.078218537
24.144973755 12.050921440 0.638598366 0.052991663
24.042675018 11.865409851 0.371384368 0.031299750
23.951456070 12.484578133 0.211362997 0.016929927
23.860755920 12.092411995 0.083773149 0.006927745
23.758714676 11.870996475 -0.005963222 -0.000502335
23.656415939 11.716603279 -0.048041306 -0.004100276
23.562105179 12.271939278 -0.034147645 -0.002782579
23.471660614 12.111561775 -0.031261673 -0.002581143
23.372196198 11.793998718 -0.027259180 -0.002311275
23.269124985 12.061293602 -0.037253456 -0.003088678
23.173011780 12.121535301 -0.026110116 -0.002154027
23.072774887 12.239225388 0.003399233 0.000277733
22.985420227 12.218081474 0.020453344 0.001674023
22.883380890 12.275927544 -0.008886025 -0.000723858
22.781082153 12.177786827 0.005609965 0.000460672
22.690637589 12.253586769 -0.017425439 -0.001422068
22.594781876 12.538834572 -0.033750201 -0.002691654
22.496089935 11.844265938 -0.021456757 -0.001811573
22.393018723 11.987090111 -0.055901096 -0.004663442
22.294586182 12.064485550 -0.044036130 -0.003650063
22.199502945 12.336967468 -0.016097550 -0.001304822
22.108800888 11.816739082 0.018999192 0.001607820
22.006500244 12.156642914 -0.023726489 -0.001951730
21.903430939 11.960359573 -0.029220456 -0.002443108
21.802677155 11.944401741 -0.008632071 -0.000722688
21.707595825 12.196139336 -0.014906559 -0.001222236
21.618438721 11.992674828 -0.016978063 -0.001415703
21.515623093 11.929242134 -0.015716289 -0.001317459
21.414613724 12.428326607 -0.012501231 -0.001005866
21.316438675 11.901715279 -0.009921159 -0.000833591
21.224704742 12.330583572 -0.013287091 -0.001077572
21.126529694 12.411171913 -0.035827794 -0.002886737
21.027065277 12.170605659 -0.075733842 -0.006222685
20.924251556 12.286700249 -0.070798098 -0.005762173
20.821697235 11.945199966 -0.071585002 -0.005992784
20.724035263 11.911290169 -0.070936197 -0.005955375
20.625860214 11.959562302 -0.062179655 -0.005199158
20.536188126 12.644955635 -0.040662150 -0.003215682
20.434663773 12.237230301 -0.019653582 -0.001606048
20.331592560 12.162227631 -0.003480079 -0.000286138
20.229551315 12.335371971 0.008700486 0.000705328
20.127252579 12.222469330 0.014976558 0.001225330
20.036550522 12.050921440 0.024253323 0.002012570
19.930902481 12.028979301 0.029784238 0.002476040
19.842004776 11.964349747 0.002406759 0.000201161
19.739189148 12.145072937 0.018974908 0.001562354
19.636375427 12.373271942 0.017973180 0.001452581
19.535366058 12.360505104 -0.011727053 -0.000948752
19.436159134 12.358909607 -0.050962442 -0.004123539
19.340303421 12.334573746 -0.060631123 -0.004915543
19.245994568 12.251991272 -0.035849105 -0.002925982
19.146272659 11.842270851 -0.030063821 -0.002538687
19.043458939 12.155047417 -0.026501345 -0.002180275
18.940645218 11.824718475 -0.049699383 -0.004203008
18.839120865 12.088422775 -0.054076596 -0.004473420
18.736305237 12.177388191 -0.048796842 -0.004007168
18.642768860 12.022994995 -0.062270598 -0.005179292
18.551807404 12.179383278 -0.060393926 -0.004958701
18.450540543 12.320212364 -0.052662329 -0.004274466
18.347726822 12.354122162 -0.036650972 -0.002966700
18.251354218 12.188958168 0.004399484 0.000360940
18.156272888 12.039352417 0.023872786 0.001982896
18.060157776 12.405187607 -0.003014314 -0.000242988
17.960952759 12.818497658 -0.012154663 -0.000948213
17.857364655 12.251591682 -0.017352335 -0.001416333
17.754808426 12.050124168 -0.013821721 -0.001147019
17.651996613 12.403193474 -0.012029445 -0.000969867
17.550727844 12.420746803 0.024345009 0.001960028
17.452810287 12.157839775 0.038056545 0.003130206
17.352830887 12.253586769 0.059979892 0.004894885
17.255428314 12.176988602 0.077668546 0.006378305
17.154161453 12.301061630 0.097524470 0.007928134
17.058305740 12.167813301 0.132854213 0.010918495
16.955749512 12.250395775 0.150186134 0.012259696
16.853450775 12.151455879 0.133417540 0.010979552
16.750120163 11.819930077 0.106026002 0.008970104
16.654264450 11.969137192 0.114857674 0.009596153
16.560728073 12.475401878 0.148557108 0.011908002
16.455595016 12.204517365 0.143454287 0.011754196
16.360511780 12.131110191 0.105545294 0.008700382
16.258213043 11.998259544 0.097240335 0.008104537
16.156688690 12.092013359 0.103576126 0.008565664
16.054132462 11.950386047 0.077476292 0.006483162
15.951318741 11.995866776 0.045947432 0.003830272
15.849535942 12.198532104 0.056977740 0.004670869
15.750329971 12.012621880 0.047557452 0.003958957
15.648031235 11.876181602 0.032811278 0.002762780
15.544186592 11.763678551 0.009326151 0.000792792
15.448330879 11.878974915 -0.024163059 -0.002034103
15.350413322 12.273136139 -0.035073160 -0.002857718
15.255329132 12.411970139 -0.035612976 -0.002869244
15.141950607 11.989084244 -0.022683067 -0.001891977
15.049186707 11.724581718 -0.015784403 -0.001346266
14.946114540 11.957168579 -0.043850845 -0.003667327
14.843816757 12.028979301 -0.048750732 -0.004052774
14.740230560 12.090416908 -0.052623113 -0.004352465
14.637159348 12.050921440 -0.035133417 -0.002915413
14.535119057 12.212894440 -0.020529154 -0.001680941
14.437458038 12.273934364 -0.010603443 -0.000863899
14.339541435 11.837084770 -0.020371319 -0.001720974
14.238272667 12.054113388 -0.036762233 -0.003049767
14.143962860 12.212097168 -0.047293294 -0.003872659
14.043725967 12.228054047 -0.037236584 -0.003045177
13.940654755 12.531254768 -0.030360391 -0.002422773
13.837841034 12.091215134 -0.022159263 -0.001832675
13.735284805 12.013818741 -0.006084506 -0.000506459
13.632987022 12.132307053 -0.030688615 -0.002529495
13.530173302 12.095205307 -0.016728818 -0.001383095
13.435605049 12.145471573 0.010347439 0.000851959
13.332792282 12.027382851 0.023434470 0.001948426
13.234101295 12.075655937 0.028629589 0.002370852
13.138759613 11.857032776 0.032673496 0.002755622
13.037750244 11.795992851 0.039344979 0.003335453
12.931328773 12.007037163 0.052972970 0.004411827
12.832896233 12.289891243 0.051599540 0.004198535
12.730081558 12.203319550 0.065039628 0.005329667
12.627526283 12.304253578 0.061868879 0.005028251
12.525742531 12.127120972 0.042022017 0.003465127
12.421898842 12.315423965 0.055973147 0.004544963
12.319085121 12.208106995 0.012765512 0.001045659
12.217817307 11.680297852 0.023817067 0.002039080
12.118353844 12.166616440 0.021185451 0.001741277
12.025588989 11.960359573 0.011675883 0.000976215
11.907056808 12.023793221 0.015621147 0.001299186
11.809396744 12.027382851 -0.014340229 -0.001192298
11.710190773 12.086427689 -0.021397409 -0.001770367
11.605316162 12.043740273 -0.037383862 -0.003104008
11.513324738 12.038554192 -0.023633951 -0.001963189
11.407160759 11.749714851 -0.007740338 -0.000658768
11.305378914 11.904506683 0.003440765 0.000289030
11.207717896 12.096002579 -0.022293166 -0.001843019
11.105936050 12.160632133 -0.028025685 -0.002304624
11.003637314 12.279519081 -0.061589237 -0.005015607
10.909069061 11.699847221 -0.072004348 -0.006154298
10.798524857 12.299066544 -0.093559260 -0.007607021
10.694422722 11.845064163 -0.101470788 -0.008566504
10.591867447 12.139088631 -0.075573305 -0.006225616
10.490083694 12.137093544 -0.096733041 -0.007970033
10.390362740 11.951582909 -0.077084136 -0.006449701
10.284457207 12.456651688 -0.060004471 -0.004817063
10.197104454 12.220474243 -0.053950410 -0.004414756
10.099444389 12.332578659 -0.039192925 -0.003177999
9.996629715 12.082038879 -0.050409965 -0.004172306
9.894846916 12.127519608 -0.035760404 -0.002948699
9.789198875 12.002649307 -0.020924358 -0.001743312
9.688188553 12.318615913 -0.007451212 -0.000604874
9.586405754 12.077651024 -0.007609778 -0.000630071
9.483851433 12.427129745 -0.020157536 -0.001622059
9.380520821 12.237230301 -0.015191542 -0.001241420
9.278480530 12.230447769 0.025285539 0.002067425
9.175925255 12.111961365 0.006805232 0.000561860
9.073884010 12.102386475 0.031058456 0.002566308
8.971586227 12.398803711 0.038955162 0.003141848
8.870318413 11.951582909 0.039379386 0.003294910
8.779872894 11.924854279 0.061431381 0.005151541
8.665205956 12.101188660 0.042117247 0.003480422
8.569091797 11.896528244 0.047091241 0.003958402
8.471947670 12.364893913 0.039417530 0.003187858
8.369648933 11.957168579 0.037226100 0.003113287
8.269927979 12.257178307 0.029615797 0.002416200
8.164538383 12.148664474 0.043368687 0.003569832
8.064043045 12.189356804 0.030289741 0.002484933
7.963033199 12.334175110 0.046579027 0.003776420
7.859961987 11.925651550 0.026132718 0.002191303
7.757921219 11.928045273 0.035272781 0.002957130
7.655364990 12.288695335 0.016137733 0.001313218
7.551520824 12.055708885 0.011654117 0.000966689
7.449480057 12.030574799 0.011535412 0.000958841
7.348213196 12.150259972 -0.010385281 -0.000854737
7.244368076 11.985095024 0.021207043 0.001769451
7.148253918 12.146669388 0.033065125 0.002722156
7.039772034 11.968338966 0.022989405 0.001920852
6.950614929 12.044537544 0.041318110 0.003430444
6.849605083 12.201724052 0.009346240 0.000765977
6.745244980 12.251591682 0.032232863 0.002630912
6.650935173 12.034166336 0.022891952 0.001902247
6.545545101 12.149063110 0.036662509 0.003017723
6.441957951 11.902512550 0.006967051 0.000585343
6.339917183 12.133105278 -0.014363897 -0.001183860
6.237103939 11.820728302 -0.014785603 -0.001250820
6.134805202 12.273534775 -0.005853051 -0.000476884
6.032506943 12.157441139 -0.013331218 -0.001096548
5.929693222 12.097598076 -0.004879771 -0.000403367
5.826879978 12.147466660 0.008806222 0.000724943
5.735146046 11.707825661 -0.008697684 -0.000742895
5.628725052 12.054113388 -0.000961587 -0.000079773
5.534414768 12.242017746 -0.006518587 -0.000532477
5.429540157 11.992674828 -0.013026316 -0.001086189
5.334456921 12.343750000 0.001491655 0.000120843
5.232158184 11.857032776 -0.017108326 -0.001442884
5.128571987 12.069671631 -0.012184627 -0.001009524
5.026789188 11.786418915 -0.016587760 -0.001407362
4.925262928 12.445879936 -0.021552493 -0.001731697
4.822192192 12.167413712 -0.011060225 -0.000909004
4.723759174 12.244011879 -0.005284297 -0.000431582
4.619657040 12.106374741 0.007636616 0.000630793
4.520451069 12.007037163 0.003068202 0.000255534
4.428460121 11.970334053 0.007204144 0.000601833
4.327191830 11.904108047 0.012278685 0.001031466
4.224121094 12.289891243 0.011246559 0.000915106
4.123884201 12.053315163 0.040052722 0.003322963
4.021070004 12.107571602 0.041057809 0.003391085
3.920833111 12.311036110 0.025804817 0.002096072
3.816473961 11.902113914 0.039184749 0.003292251
3.718039989 12.276725769 0.026890108 0.002190332
3.622699022 11.835089684 0.037789498 0.003193005
3.523751020 12.196537971 0.039690119 0.003254212
3.427378893 12.092810631 0.051757582 0.004280029
3.323276997 12.096402168 0.025499404 0.002108016
3.222009897 11.940812111 0.038248948 0.003203212
3.119453907 12.143876076 0.033966968 0.002797045
3.017927885 11.971929550 0.032249849 0.002693789
2.919495106 11.931237221 0.032135201 0.002693367
2.821835041 11.964349747 0.064869965 0.005421938
2.723659992 12.003846169 0.079283975 0.006604881
2.626773119 11.969535828 0.052835131 0.004414134
2.526535988 12.078049660 0.053350027 0.004417106
2.424237967 12.148264885 0.050458844 0.004153584
2.325289011 11.933630943 1.054413048 0.088356432
2.221960068 11.979110718 1.804697245 0.150653691
2.136152983 12.094008446 2.371620553 0.196098801
2.036432028 12.030176163 2.858853291 0.237640185
1.935680032 12.163824081 3.260363911 0.268037740
1.833381057 12.114354134 3.621257701 0.298922886
1.734689951 11.745725632 3.948498332 0.336164700
1.643471956 11.916874886 4.260351125 0.357505736
1.547101021 12.000654221 4.545865503 0.378801474
1.444802046 12.073660851 4.828643579 0.399932021
1.347141981 11.576572418 5.107955357 0.441232100
1.256955028 11.926449776 5.383809666 0.451417628
