0.000000000 0.000000000 0.551702662 inf
0.000000000 0.000000000 0.551702662 inf
0.000000000 0.000000000 0.551702662 inf
0.000000000 0.000000000 0.551702662 inf
0.000000000 0.000000000 0.551702662 inf
0.000000000 0.000000000 0.551702662 inf
0.000000000 0.000000000 0.551702662 inf
0.000000000 0.000000000 0.551702662 inf
0.000000000 0.000000000 0.551702662 inf
0.000000000 0.000000000 0.551702662 inf
0.000000000 0.000000000 0.551702662 inf
0.000000000 0.000000000 0.551702662 inf
12.832380295 6.851028919 0.551702662 0.080528439
12.930297852 7.945343971 0.551702662 0.069437228
13.033885002 7.651319027 0.551702662 0.072105563
13.129483223 8.895639420 0.551702662 0.062019450
13.228946686 7.729911804 0.551755850 0.071379320
13.325576782 7.299447060 0.554743849 0.075998065
13.424525261 8.642307281 0.552502574 0.063929985
13.527338982 8.456397057 0.549538521 0.064984948
13.629636765 7.972472191 0.549193754 0.068886255
13.732451439 6.972708225 0.544892496 0.078146464
13.827276230 8.884069443 0.541576781 0.060960440
13.933955193 7.865952969 0.533975057 0.067884344
14.031872749 7.043322086 0.525708155 0.074639233
14.123605728 7.104760170 0.516414457 0.072685699
14.223585129 7.180959225 0.490913295 0.068363192
14.326657295 6.732940197 -0.014072913 -0.002090159
14.428955078 7.569933891 -0.112540428 -0.014866765
14.532026291 6.564583778 -0.051318205 -0.007817435
14.634840012 7.636558056 -0.074288428 -0.009727999
14.737911224 8.231389999 0.011659033 0.001416411
14.839694023 9.002158165 0.023664147 0.002628719
14.934262276 7.844010830 0.029598581 0.003773399
15.022130966 7.705575943 0.140207908 0.018195643
15.124943733 8.420491219 0.255668882 0.030362704
15.226469994 7.544401169 0.288462796 0.038235347
15.329025269 7.925396919 0.251365098 0.031716405
15.420759201 7.159814835 0.328637193 0.045900236
15.518160820 7.516076088 0.282189475 0.037544787
15.615820885 8.269688606 0.257890851 0.031185074
15.718119621 8.246549606 0.209305711 0.025381004
15.820675850 7.145852089 0.152163710 0.021293991
15.922716141 7.069252968 0.086083758 0.012177207
16.023984909 8.548953056 0.063713180 0.007452746
16.119066238 7.514879227 -0.068386473 -0.009100143
16.225746155 7.972472191 -0.092338415 -0.011582156
16.313871384 7.938162804 -0.024828513 -0.003127740
16.414108276 8.313972473 0.022749279 0.002736271
16.516407013 8.662652969 0.024094794 0.002781457
16.616643906 8.941517830 0.026121135 0.002921331
16.722034454 8.134446144 0.058433266 0.007183435
16.819179535 8.064230919 -0.052847348 -0.006553303
16.907047272 7.965690136 -0.049083111 -0.006161815
17.006769180 6.961137772 -0.098710976 -0.014180293
17.109582901 8.149207115 -0.128427703 -0.015759534
17.212139130 7.760231972 -0.110454210 -0.014233364
17.315210342 7.585493088 -0.053299030 -0.007026442
17.413642883 7.944944859 -0.125600170 -0.015808816
17.503314972 7.845208168 -0.206167864 -0.026279464
17.599943161 7.136277199 -0.209254482 -0.029322639
17.701469421 7.805313110 -0.270694225 -0.034680764
17.804798126 8.681404114 -0.205184003 -0.023634887
17.907354355 7.571129799 -0.212962989 -0.028128297
18.008365631 7.944944859 -0.153754892 -0.019352544
18.105508804 8.110508919 -0.135790222 -0.016742503
18.191316605 7.869943142 -0.036418799 -0.004627581
18.294645309 6.408595085 -0.038121828 -0.005948547
18.397459030 7.818877220 0.015522444 0.001985252
18.497438431 7.755445004 0.054816681 0.007068154
18.594583511 7.742678165 -0.011086849 -0.001431914
18.683223724 7.733501911 0.023873694 0.003087048
18.783975601 8.364639282 0.092135321 0.011014859
18.886789322 7.429903030 0.111532099 0.015011246
18.988830566 7.394794941 0.081441548 0.011013361
19.079275131 7.101568222 0.112488995 0.015840022
19.171009064 7.160213947 0.081168943 0.011336106
19.273565292 8.722893715 0.059171827 0.006783509
19.376121521 7.611024857 0.157134249 0.020645610
19.478162766 8.275274277 0.163473817 0.019754489
19.572729111 7.227635860 0.207439870 0.028700930
19.664463043 8.161574364 0.280746638 0.034398588
19.762895584 7.323781967 0.320100088 0.043706938
19.865709305 8.246549606 0.162037202 0.019649091
19.966461182 8.126866341 0.141200264 0.017374503
20.055360794 7.506102085 0.157725460 0.021012965
20.149929047 7.907843113 0.118434070 0.014976786
20.252742767 8.848961830 0.046556941 0.005261289
20.355041504 8.313972473 0.079513086 0.009563790
20.452701569 7.177766800 0.055123869 0.007679808
20.537477493 8.222213745 -0.014354777 -0.001745853
20.639259338 7.997207165 -0.085053829 -0.010635441
20.741558075 7.488149166 -0.085016372 -0.011353456
20.838960648 8.468764305 -0.047548255 -0.005614545
20.927602768 8.161174774 -0.072267302 -0.008855012
21.025777817 8.411315918 0.009733576 0.001157200
21.128334045 8.739649773 -0.027619055 -0.003160202
21.229343414 8.482328415 0.000141119 0.000016637
21.309223175 6.890524864 0.000810497 0.000117625
21.414613724 7.642142773 0.074387803 0.009733893
21.515367508 8.302802086 0.162641084 0.019588698
21.616634369 7.455434799 0.104343092 0.013995574
21.701152802 6.911668777 0.054172503 0.007837833
21.798555374 7.874730110 0.138396849 0.017574805
21.901626587 7.922204971 0.177392874 0.022391856
21.996709824 7.265934944 0.084597475 0.011643027
22.082517624 7.555172920 0.148570629 0.019664756
22.185071945 8.669434547 0.128129418 0.014779444
22.274486542 7.685628891 0.081646241 0.010623235
22.366477966 7.813691139 0.105449952 0.013495536
22.468776703 8.826621056 0.096437090 0.010925709
22.567724228 8.071412086 0.093955691 0.011640552
22.650697708 8.170351028 0.198505175 0.024295795
22.752222061 8.639115334 0.210946545 0.024417609
22.830299377 8.905612946 0.118146322 0.013266501
22.935689926 9.303763390 0.040847969 0.004390478
23.035669327 7.708368778 0.132523688 0.017192183
23.128690720 7.419929028 0.060351949 0.008133764
23.216043472 8.510654449 0.036105704 0.004242412
23.317825317 8.345089912 -0.009200265 -0.001102476
23.403633118 7.473388195 0.021773293 0.002913443
23.499490738 8.857739449 -0.004954143 -0.000559301
23.591480255 7.803717136 0.063976764 0.008198242
23.680379868 7.930982113 0.235492092 0.029692677
23.780874252 8.015559196 0.294248223 0.036709631
23.860496521 7.791749001 0.461664975 0.059250494
23.963052750 7.603045940 0.699610976 0.092017197
24.047313690 8.877286911 0.927539308 0.104484548
24.143684387 7.714752197 1.158335361 0.150145505
24.233100891 7.741082191 1.488634731 0.192303181
24.323545456 7.227635860 1.877931703 0.259826552
24.411670685 9.128624916 2.294943070 0.251400741
24.504434586 7.539614201 2.717412455 0.360417971
24.587923050 8.897633553 3.212568705 0.361058779
24.684551239 7.652915001 3.838731114 0.501603783
24.765720367 8.775156975 4.466779407 0.509025584
24.864412308 8.645896912 5.092610935 0.589020548
24.942745209 9.919340134 5.961622186 0.601009957
25.038602829 10.426802635 6.771717673 0.649452944
25.122863770 9.868274689 7.745440203 0.784882915
25.201713562 11.548247337 8.829621059 0.764585378
25.300146103 11.735752106 9.907492744 0.844214555
25.380540848 12.593091965 11.023479276 0.875359229
25.459390640 12.788975716 12.357773925 0.966283321
25.557823181 14.066806793 13.705191384 0.974292999
25.638219833 14.934519768 15.218841664 1.019037900
25.715522766 15.288387299 16.656664062 1.089497783
25.804164886 17.496566772 18.494200901 1.057018851
25.894094467 19.498489380 19.906014006 1.020900318
25.973201752 20.960235596 21.107695525 1.007035223
26.050504684 21.965187073 21.998262492 1.001505811
26.128580093 23.655132294 22.892112759 0.967744017
26.209491730 26.715465546 23.599850995 0.883377868
26.292207718 28.050745010 24.472443634 0.872434712
26.372861862 31.480903625 25.334758151 0.804765913
26.454544067 34.512111664 26.132599914 0.757200839
26.532363892 36.065219879 27.166781937 0.753268163
26.607862473 38.669952393 28.215956572 0.729661011
26.690578461 42.147983551 29.408772203 0.697750396
26.757574081 45.661121368 30.675936826 0.671817422
26.831270218 50.229480743 31.851616461 0.634121954
26.901615143 52.190708160 32.862428233 0.629660516
26.988712311 58.414703369 33.614925141 0.575453151
26.989999771 56.334987640 33.624803378 0.596872473
26.903162003 51.561569214 33.313658593 0.646094739
26.830240250 47.947097778 32.342635063 0.674548337
26.761438370 45.189964294 31.197065713 0.690353847
26.691608429 41.005393982 29.810567928 0.726991379
26.610698700 39.653358459 28.658342163 0.722721688
26.532363892 36.416690826 27.501233479 0.755182112
26.454544067 33.828712463 26.447254943 0.781799040
26.375179291 29.507703781 25.591907059 0.867295783
26.291433334 29.018592834 24.769420014 0.853570680
26.209491730 27.006298065 23.938204468 0.886393404
26.130128860 23.478397369 23.100717295 0.983913720
26.052309036 22.483022690 22.129568045 0.984279042
25.974748611 20.432825089 21.075581240 1.031457038
25.893579483 17.074079514 19.895912753 1.165270007
25.801071167 17.312650681 18.130697437 1.047251387
25.717069626 14.608180046 16.471693785 1.127566455
25.639766693 14.811244965 14.989511912 1.012035919
25.560142517 13.357077599 13.635507201 1.020845099
25.463514328 13.196302414 12.284236868 0.930884765
25.382087708 11.795594215 11.027737148 0.934903062
25.300403595 11.925252914 9.824504734 0.823840367
25.202486038 11.028017998 8.712660700 0.790047740
25.124408722 9.705903053 7.616561275 0.784734943
25.039890289 9.577840805 6.737522788 0.703449026
24.944807053 9.227165222 5.829505232 0.631776401
24.866731644 8.908005714 4.952308886 0.555939123
24.766235352 8.760395050 4.306661130 0.491605813
24.685840607 7.558363914 3.638193205 0.481346657
24.591014862 7.511686802 3.102418295 0.413012200
24.505981445 9.480895996 2.729143013 0.287857077
24.411670685 8.015159607 2.292751860 0.286051928
24.324317932 7.717145920 2.059180525 0.266831876
24.234130859 7.180160999 1.699785337 0.236733596
24.145231247 7.689618111 1.467495315 0.190841118
24.046283722 8.378203392 1.200419543 0.143278873
23.964857101 7.324580193 0.990759968 0.135265086
23.863073349 7.345725060 0.767280248 0.104452623
23.782936096 8.254130363 0.579597300 0.070219063
23.681409836 8.025532722 0.464415844 0.057867292
23.595861435 7.790153027 0.291527749 0.037422596
23.501035690 8.179527283 0.228550630 0.027941790
23.410074234 7.407561779 0.161185601 0.021759603
23.320661545 7.842016220 0.051086439 0.006514452
23.217847824 7.120718002 0.139804301 0.019633456
23.138481140 7.486951828 0.155728522 0.020799990
23.037214279 7.559560776 0.140606378 0.018599808
22.942388535 6.794377804 0.113655419 0.016727863
22.834163666 7.921008110 0.082469888 0.010411539
22.753768921 7.190135002 0.163302611 0.022712037
22.653274536 7.494532108 0.183472902 0.024480901
22.570301056 7.770605087 0.156287015 0.020112593
22.470321655 7.590280056 0.189485394 0.024964216
22.368282318 7.730310917 0.131627338 0.017027431
22.273456573 7.814888000 0.092236826 0.011802706
22.187133789 8.716910362 0.072502966 0.008317507
22.084577560 7.379634857 0.109191555 0.014796336
21.998512268 7.661293030 0.081836455 0.010681807
21.903430939 8.396554947 0.075774708 0.009024500
21.800874710 6.600489140 0.054868891 0.008312852
21.705532074 7.686028004 0.080650586 0.010493142
21.618696213 6.111378193 0.103221486 0.016890050
21.517169952 7.609827995 0.114269348 0.015016022
21.416418076 7.960504055 0.207893310 0.026115596
21.311027527 6.817118168 0.149524862 0.021933735
21.230117798 7.188938141 0.157413499 0.021896627
21.130395889 7.168192863 0.142345352 0.019857913
21.027580261 7.255561829 0.051800385 0.007139404
20.930952072 8.635524750 0.056931336 0.006592690
20.842311859 7.492537975 0.056759809 0.007575512
20.743619919 7.378837109 0.011460425 0.001553148
20.641063690 6.701423168 -0.040163262 -0.005993244
20.541858673 7.221252918 -0.051252019 -0.007097386
20.456050873 7.638154030 -0.137212405 -0.017964079
20.357360840 7.428307056 -0.223253973 -0.030054489
20.255062103 7.424316883 -0.132058609 -0.017787308
20.152763367 7.111940861 -0.169331768 -0.023809502
20.060256958 7.189735889 -0.076499954 -0.010640162
19.970069885 6.665916920 -0.131821194 -0.019775403
19.867771149 7.870341778 -0.134646845 -0.017108132
19.764957428 7.589481831 -0.047729430 -0.006288892
19.672967911 7.659697056 -0.076935988 -0.010044260
19.579944611 8.586454391 -0.100773892 -0.011736380
19.479965210 7.307026863 -0.069872706 -0.009562399
19.378440857 7.224843025 -0.175445787 -0.024283682
19.276142120 7.820871830 -0.161888998 -0.020699610
19.177192688 6.971111774 -0.198009524 -0.028404296
19.084686279 7.623792171 -0.130576473 -0.017127496
18.991407394 8.541771889 -0.087534072 -0.010247765
18.888593674 7.818877220 -0.088429200 -0.011309706
18.786294937 6.853023052 -0.050698837 -0.007398025
18.685543060 7.775791168 -0.032537041 -0.004184403
18.591491699 7.366469860 0.003770821 0.000511890
18.500530243 8.234183311 -0.004488194 -0.000545069
18.399005890 7.061274052 0.036168010 0.005122023
18.296190262 6.769244194 0.008909310 0.001316145
18.193378448 8.237374306 0.041019773 0.004979715
18.108600616 8.247747421 0.098052845 0.011888439
18.010425568 7.340937138 0.069144197 0.009418988
17.909416199 8.089762688 0.074128796 0.009163284
17.806344986 7.340937138 0.024610789 0.003352540
17.704046249 8.252533913 0.009105293 0.001103333
17.604839325 7.359687805 0.032315422 0.004390869
17.508211136 7.243594170 0.039946505 0.005514735
17.418796539 7.509293079 -0.035397131 -0.004713777
17.316497803 7.099574089 -0.061210157 -0.008621666
17.213941574 7.399582863 0.036805914 0.004974053
17.111129761 7.433493137 0.034514677 0.004643130
17.008829117 8.092157364 0.073959619 0.009139666
16.912458420 7.919810772 0.084376840 0.010653896
16.820724487 7.824862003 0.145554667 0.018601563
16.724096298 7.153830051 0.206096519 0.028809256
16.619220734 6.646767139 0.169884053 0.025558899
16.530836105 6.985474110 0.140877636 0.020167226
16.416685104 7.692410946 0.132027288 0.017163317
16.317995071 8.687388420 0.106121713 0.012215606
16.228322983 7.604242802 0.166574922 0.021905524
16.124994278 7.859570026 0.145128367 0.018465179
16.027076721 7.480967999 0.159738066 0.021352593
15.925292969 7.844409943 0.171057053 0.021806236
15.822479248 7.763423920 0.131579882 0.016948692
15.719408035 6.769244194 0.206637505 0.030525934
15.618141174 7.416737080 0.158737277 0.021402576
15.517645836 7.144655228 0.139987379 0.019593301
15.418954849 6.683469772 0.086517551 0.012945005
15.331859589 6.992654800 0.046377088 0.006632258
15.228530884 7.305430889 0.066722626 0.009133291
15.126748085 7.370059967 0.105976341 0.014379305
15.024191856 7.181756973 0.162509710 0.022628127
14.937611580 7.752253056 0.166487253 0.021475983
14.841239929 7.256759167 0.122275284 0.016849847
14.737911224 6.580542088 0.051284008 0.007793280
14.636644363 6.904088974 0.029107990 0.004216051
14.534088135 7.171782970 -0.018089657 -0.002522338
14.431274414 7.336150169 -0.073439202 -0.010010591
14.328975677 7.893082142 -0.135488420 -0.017165464
14.226935387 6.481204033 -0.192863971 -0.029757429
14.131593704 8.132451057 0.446122158 0.054857036
14.039860725 7.670468807 0.481676024 0.062796165
13.936273575 7.555571079 0.496757633 0.065747199
13.835521698 7.484159946 0.507763590 0.067845101
13.735027313 6.560993195 0.514785833 0.078461571
13.632471085 6.882945061 0.519250621 0.075440181
13.529399872 7.117526054 0.522781528 0.073449893
13.426586151 7.654510975 0.526674675 0.068805790
13.331761360 7.735097885 0.527963878 0.068255617
13.237965584 7.124308109 0.531112462 0.074549339
13.139274597 7.367667198 0.537135561 0.072904428
13.038265228 7.490942001 0.541868309 0.072336471
