0.000000000 0.000000000 -0.448273934 -inf
0.000000000 0.000000000 -0.448273934 -inf
0.000000000 0.000000000 -0.448273934 -inf
0.000000000 0.000000000 -0.448273934 -inf
0.000000000 0.000000000 -0.448273934 -inf
0.000000000 0.000000000 -0.448273934 -inf
0.000000000 0.000000000 -0.448273934 -inf
0.000000000 0.000000000 -0.448273934 -inf
0.000000000 0.000000000 -0.448273934 -inf
0.000000000 0.000000000 -0.448273934 -inf
0.000000000 0.000000000 -0.448273934 -inf
0.000000000 0.000000000 -0.448273934 -inf
12.577535629 -4.177946091 -0.448273934 0.107295289
12.680091858 -5.005177021 -0.448273934 0.089562054
12.783420563 -6.935382843 -0.448273934 0.064635788
12.887007713 -6.935382843 -0.448273934 0.064635788
12.989306450 -4.453689098 -0.452885974 0.101687829
13.095985413 -3.350714922 -0.457011913 0.136392359
13.196737289 -5.832407951 -0.458442654 0.078602639
13.298262596 -6.935382843 -0.463153634 0.066781264
13.402364731 -5.280920982 -0.465400174 0.088128600
13.508012772 -4.453689098 -0.466522854 0.104749758
13.613403320 -6.108151913 -0.463109759 0.075818311
13.713125229 -5.832407951 -0.464784814 0.079690038
13.812072754 -6.108151913 -0.470091217 0.076961285
13.928800583 -7.762613773 -0.473695940 0.061022737
14.020277023 -6.108151913 -0.487722539 0.079847808
14.122318268 -7.762613773 -0.797847270 0.102780751
14.225905418 -6.935382843 -0.667587123 0.096258150
14.331809998 -7.486869812 -0.643905968 0.086004697
14.433077812 -6.659638882 -0.665495281 0.099929635
14.534860611 -7.486869812 -0.785401441 0.104903846
14.637159348 -7.486869812 -0.679686884 0.090783852
14.742033958 -6.935382843 -0.461853003 0.066593729
14.843044281 -7.762613773 -0.386235140 0.049755810
14.946372986 -7.211126804 -0.376689021 0.052237193
15.050732613 -6.935382843 -0.410066719 0.059126760
15.154062271 -5.832407951 -0.117428927 0.020133867
15.257905960 -6.935382843 -0.040869147 0.005892847
15.361750603 -7.486869812 -0.074441509 0.009942942
15.461986542 -6.659638882 -0.096987818 0.014563525
15.580262184 -6.935382843 -0.051484178 0.007423408
15.669160843 -8.314101219 -0.056352542 0.006777948
15.770686150 -6.659638882 -0.058552111 0.008792085
15.875819206 -7.762613773 -0.110206305 0.014197062
15.980952263 -6.659638882 -0.110166918 0.016542476
16.080673218 -8.314101219 -0.060517270 0.007278871
16.184774399 -7.211126804 -0.126210816 0.017502232
16.287330627 -6.659638882 -0.270531258 0.040622512
16.392721176 -6.659638882 -0.324396028 0.048710753
16.493215561 -6.659638882 -0.358878601 0.053888598
16.595256805 -9.141331673 -0.343939095 0.037624616
16.701419830 -4.729433060 -0.344058150 0.072748286
16.804748535 -6.659638882 -0.352709502 0.052962256
16.908077240 -8.865589142 -0.336553936 0.037961824
17.009346008 -8.589844704 -0.222130971 0.025859719
17.110355377 -5.832407951 -0.241503891 0.041407236
17.231979370 -8.314101219 -0.206008806 0.024778241
17.319847107 -6.659638882 -0.172447258 0.025894386
17.421630859 -8.314101219 -0.029341447 0.003529118
17.525991440 -6.935382843 -0.006808947 0.000981769
17.635246277 -6.935382843 0.112657041 -0.016243810
17.732648849 -8.038357735 0.062008440 -0.007714068
17.835205078 -9.417076111 -0.150884691 0.016022456
17.939565659 -8.589844704 0.009433863 -0.001098258
18.045986176 -7.486869812 0.068537095 -0.009154306
18.144676208 -7.211126804 0.097713104 -0.013550324
18.245428085 -7.762613773 -0.040086439 0.005164039
18.353910446 -9.141331673 0.190298291 -0.020817349
18.454921722 -7.762613773 0.371122925 -0.047809016
18.559795380 -5.556663990 0.231215315 -0.041610455
18.659774780 -8.589844704 0.235550061 -0.027421923
18.759239197 -7.486869812 0.370602154 -0.049500280
18.885501862 -6.108151913 0.273178449 -0.044723585
18.971565247 -5.832407951 0.293100741 -0.050253813
19.073091507 -6.659638882 0.214694402 -0.032238145
19.179769516 -6.108151913 0.252563133 -0.041348535
19.288511276 -7.211126804 0.194334368 -0.026949237
19.393642426 -11.071537971 0.236321386 -0.021344946
19.490787506 -5.556663990 0.119940946 -0.021585064
19.593858719 -7.211126804 0.046645094 -0.006468489
19.693065643 -7.762613773 -0.027503121 0.003543023
19.794332504 -8.038357735 -0.032888039 0.004091388
19.900754929 -6.383894920 -0.087972404 0.013780365
20.003309250 -5.280920982 -0.132382033 0.025067982
20.106897354 -8.314101219 -0.247976007 0.029825955
20.215122223 -6.108151913 -0.254200984 0.041616677
20.318708420 -6.659638882 -0.453479105 0.068093648
20.408638000 -8.038357735 -0.499581622 0.062149713
20.533611298 -7.762613773 -0.408093559 0.052571669
20.621995926 -7.762613773 -0.391890023 0.050484287
20.722747803 -7.211126804 -0.431906038 0.059894390
20.829685211 -8.865589142 -0.443732920 0.050051149
20.934043884 -6.108151913 -0.544104597 0.089078432
21.034023285 -7.211126804 -0.874476910 0.121267720
21.138641357 -7.211126804 -0.751607231 0.104228819
21.238361359 -8.314101219 -0.706224573 0.084942985
21.344526291 -7.486869812 -0.790864558 0.105633539
21.442186356 -7.762613773 -0.870409796 0.112128443
21.549638748 -6.108151913 -0.938677341 0.153676162
21.652193069 -8.589844704 -0.904115346 0.105253980
21.751914978 -9.141331673 -1.039790134 0.113746024
21.858852386 -9.417076111 -0.963024858 0.102263680
21.959346771 -8.038357735 -0.923822987 0.114926832
22.056232452 -7.211126804 -0.944292361 0.130949349
22.180950165 -8.865589142 -1.021239153 0.115191347
22.266498566 -9.141331673 -1.119868456 0.122506052
22.369054794 -9.417076111 -1.007757618 0.107013855
22.474445343 -9.968564034 -1.285964974 0.129002028
22.581638336 -9.968564034 -1.177769600 0.118148371
22.678525925 -8.038357735 -1.252530346 0.155819184
22.783916473 -7.762613773 -1.371542026 0.176685594
22.883895874 -9.417076111 -1.405456304 0.149245508
22.987997055 -9.141331673 -1.391487580 0.152219352
23.086431503 -10.795795441 -1.200191153 0.111172091
23.191564560 -10.520051003 -0.966822099 0.091902796
23.295150757 -10.520051003 -0.907469958 0.086260985
23.396934509 -9.417076111 -0.957576047 0.101685070
23.503097534 -9.692819595 -0.999087465 0.103075009
23.603591919 -9.417076111 -0.816428574 0.086696610
23.704858780 -10.795795441 -0.609401286 0.056448021
23.808961868 -11.347282410 -0.497633997 0.043854905
23.911001205 -8.589844704 -0.561807783 0.065403718
24.015361786 -13.553232193 -0.419928316 0.030983629
24.116628647 -10.244306564 -0.411822816 0.040200165
24.220474243 -12.450257301 -0.190215332 0.015278024
24.322513580 -13.553232193 0.126040989 -0.009299700
24.425069809 -11.347282410 0.554599177 -0.048875066
24.526338577 -11.623025894 1.033896712 -0.088952457
24.630697250 -8.589844704 1.652171181 -0.192340053
24.728614807 -9.692819595 2.459431589 -0.253737477
24.833232880 -10.244306564 3.268900337 -0.319094349
24.938623428 -11.623025894 4.145065824 -0.356625363
25.034994125 -11.347282410 5.217362482 -0.459789604
25.138580322 -9.141331673 6.533580013 -0.714729565
25.239849091 -9.692819595 7.930330101 -0.818165449
25.330036163 -9.692819595 9.389415294 -0.968698035
25.449857712 -12.450257301 10.856930306 -0.872024573
25.536951065 -8.865589142 12.878349655 -1.452621980
25.637962341 -10.520051003 14.650238512 -1.392601472
25.741806030 -6.935382843 16.953865620 -2.444546466
25.844619751 -7.211126804 19.262556513 -2.671226985
25.946660995 -5.556663990 21.482208248 -3.866026142
26.049732208 -2.799226999 24.068812961 -8.598378398
26.152288437 -0.317534000 26.861687879 -84.594682479
26.255102158 5.197340012 29.982833862 5.768880580
26.346576691 6.024571896 33.190783976 5.509235270
26.442434311 8.230521202 36.586199563 4.445186236
26.544216156 11.539445877 39.958168437 3.462745860
26.642906189 17.330064774 43.658953322 2.519260827
26.746751785 20.087501526 47.523422749 2.365820492
26.848535538 24.499399185 51.603027971 2.106297692
26.938463211 27.532581329 55.803064946 2.026801057
27.054420471 36.356380463 60.010978396 1.650631268
27.146926880 40.492534637 64.717138001 1.598248630
27.237886429 49.316333771 69.364896169 1.406529863
27.338897705 55.658439636 74.375255811 1.336279930
27.441194534 59.794593811 79.466977502 1.328999370
27.539369583 68.342651367 84.814102417 1.241012760
27.630331039 77.166450500 90.497440941 1.172756300
27.725414276 85.163017273 96.466065084 1.132722491
27.828227997 93.711067200 102.761455884 1.096577586
27.922279358 104.189331055 109.447916609 1.050471440
28.011178970 112.737388611 116.265058755 1.031291040
28.111673355 125.697341919 123.336205448 0.981215701
28.211652756 135.072631836 131.007417504 0.969903494
28.299264908 148.308319092 139.033197318 0.937460543
28.397697449 159.613815308 147.333502358 0.923062343
28.475515366 174.503982544 156.110617183 0.894596300
28.580133438 189.945632935 165.157315849 0.869497831
28.674701691 203.457061768 174.739197503 0.858850492
28.757415771 218.898712158 184.992461531 0.845105299
28.857395172 235.443344116 195.756462102 0.831437656
28.947582245 253.366683960 207.006908761 0.817024976
29.038799286 272.668731689 218.814199459 0.802490986
29.120742798 291.970794678 231.381686473 0.792482299
29.218145370 310.721374512 244.641239288 0.787333152
29.299829483 333.883850098 258.362911217 0.773810746
29.393880844 354.013122559 272.739669883 0.770422486
29.479173660 376.348358154 287.858282102 0.764871896
29.559568405 401.716796875 303.848503685 0.756374904
29.655681610 430.118408203 320.368569343 0.744838080
29.735820770 455.486816406 338.026765217 0.742121952
29.818792343 484.715637207 356.165054180 0.734791756
29.899446487 511.187042236 375.884220092 0.735316409
29.991952896 544.827758789 396.355599541 0.727487895
30.070028305 574.883850098 417.995056161 0.727094797
30.147848129 608.800292969 440.546081782 0.723629878
30.227212906 647.404418945 463.970556291 0.716662634
30.312761307 684.354125977 488.907301689 0.714406888
30.390838623 722.682495117 515.415020630 0.713197046
30.465564728 763.216796875 543.271873096 0.711818549
30.539518356 804.302612305 572.140718381 0.711350069
30.617853165 846.215637207 603.126489759 0.712733804
30.690002441 890.334655762 634.876149782 0.713075859
30.766275406 938.865539551 667.941210864 0.711434367
30.842805862 989.326660156 703.547558725 0.711137774
30.916501999 1041.166503906 740.148737847 0.710884124
30.988651276 1092.730468750 778.917497250 0.712817588
31.051010132 1145.673339844 819.919780177 0.715666283
31.120584488 1203.579467773 862.916312671 0.716958320
31.190156937 1268.103515625 906.813876635 0.715094521
31.255348206 1321.597778320 953.728214080 0.721647864
31.315645218 1384.743164062 1002.474704021 0.723942699
31.382642746 1454.781982422 1054.576166900 0.724903236
31.441392899 1525.372436523 1107.931055530 0.726334782
31.509677887 1592.378173828 1164.193173716 0.731103448
31.563789368 1665.450195312 1223.655629077 0.734729644
31.618160248 1739.073730469 1286.123176389 0.739544939
31.683610916 1816.833496094 1350.672870625 0.743421383
31.739011765 1892.111572266 1418.705966145 0.749800375
31.790805817 1975.937622070 1489.542624637 0.753840915
31.848009109 2058.936523438 1562.603302064 0.758937094
31.900060654 2146.071533203 1638.906855947 0.763677646
31.951337814 2235.412353516 1716.643989211 0.767931691
32.002101898 2325.856445312 1799.657514489 0.773761217
32.046680450 2411.061279297 1885.966310905 0.782214176
32.099502563 2517.773925781 1974.629166778 0.784275803
32.144596100 2604.633300781 2067.077104101 0.793615402
32.185054779 2705.555419922 2164.381909048 0.799976926
32.234527588 2806.477783203 2264.285140333 0.806806722
32.276012421 2913.190429688 2369.921162398 0.813513987
32.316982269 3018.800292969 2476.993839079 0.820522591
32.360275269 3126.340332031 2590.168793249 0.828498666
32.397380829 3231.950195312 2710.323963706 0.838603258
32.438606262 3346.935302734 2829.882729830 0.845514620
32.474941254 3459.714599609 2953.977229539 0.853821072
32.514106750 3576.354003906 3083.718210796 0.862251949
32.546833038 3696.578369141 3215.060360672 0.869739537
32.582649231 3808.254638672 3352.237914330 0.880255716
32.618724823 3935.923828125 3494.434518630 0.887830830
32.649387360 4057.251220703 3639.338680674 0.896996139
32.679279327 4169.203125000 3791.926906895 0.909508794
32.712776184 4309.280761719 3945.628551743 0.915611855
32.742153168 4431.986816406 4104.077761209 0.926013080
32.772560120 4558.277343750 4273.459815377 0.937516411
32.802963257 4689.807128906 4442.343908854 0.947233817
32.828731537 4829.333496094 4617.901068641 0.956219129
32.854499817 4954.245605469 4799.984929951 0.968862933
32.880268097 5089.083984375 4982.450930376 0.979046710
32.906810760 5221.992675781 5174.958335198 0.990993028
32.931030273 5362.622070312 5366.100041041 1.000648558
32.957057953 5495.806152344 5568.011630045 1.013138287
32.981277466 5635.332519531 5767.812671556 1.023508844
33.003955841 5782.303710938 5978.731677398 1.033970538
33.024570465 5922.381835938 6194.729046124 1.045986094
33.049564362 6067.422851562 6406.421036928 1.055871858
33.068115234 6208.327636719 6630.155134847 1.067945431
33.086410522 6339.306152344 6861.034574455 1.082300556
33.111923218 6508.888671875 7096.080152628 1.090213785
33.129959106 6651.447753906 7337.373930752 1.103124343
33.145935059 6794.007324219 7579.341817251 1.115592235
33.166034698 6942.909179688 7815.603484809 1.125695769
33.185359955 7096.773925781 8069.730226120 1.137098393
33.202365875 7239.885253906 8332.071329693 1.150856821
33.218341827 7395.404296875 8606.466499005 1.163758755
33.236122131 7535.757812500 8873.230345958 1.177483482
33.250293732 7695.413574219 9155.451360871 1.189728307
33.267044067 7839.903320312 9426.356489932 1.202356216
33.283279419 7993.492675781 9700.104129323 1.213500096
33.294872284 8148.736328125 9981.810241011 1.224951924
33.313682556 8298.464843750 10273.604639536 1.238012673
33.326824188 8457.844726562 10561.367102896 1.248706668
33.339710236 8608.676757812 10863.207798197 1.261890544
33.351562500 8754.544921875 11179.415449691 1.276984189
33.367797852 8926.884765625 11467.770625067 1.284632985
33.380420685 9079.647460938 11766.830504265 1.295956760
33.394851685 9232.133789062 12090.752888455 1.309637963
33.404644012 9385.447265625 12409.994791235 1.322259285
33.416755676 9546.756835938 12708.036904046 1.331136544
33.425773621 9696.209960938 13029.691462180 1.343792215
33.440975189 9851.729492188 13362.563906118 1.356367318
33.450511932 10011.936523438 13689.274287750 1.367295353
33.464168549 10171.316406250 14033.276169369 1.379691242
33.473445892 10323.527343750 14345.271182451 1.389570706
33.484008789 10481.528320312 14685.896566838 1.401121680
33.494831085 10635.668945312 15070.154647270 1.416944691
33.502304077 10795.600585938 15423.858394798 1.428717029
33.513641357 10958.013671875 15796.176326763 1.441518217
33.522144318 11108.569335938 16171.008348053 1.455723762
33.532711029 11255.541015625 16583.099352677 1.473327611
33.543273926 11429.535156250 16981.601905155 1.485764878
33.551006317 11578.436523438 17389.907195065 1.501921884
33.558994293 11731.474609375 17756.996502249 1.513620162
33.571361542 11892.508789062 18161.041708802 1.527099288
33.575744629 12051.061523438 18583.818254045 1.542089734
33.584247589 12199.962890625 19053.126352032 1.561736419
33.591461182 12361.548828125 19458.856349565 1.574143873
33.600738525 12511.829101562 19862.863010361 1.587526720
33.611560822 12662.936523438 20246.448921405 1.598874707
33.614135742 12822.591796875 20658.903067817 1.611133178
33.621868134 12979.490234375 21026.232624719 1.619958276
33.627277374 13137.215820312 21371.135193226 1.626762891
33.634235382 13287.496093750 21776.289258707 1.638855741
33.643253326 13447.427734375 22181.632947561 1.649507503
33.648151398 13597.983398438 22607.703621062 1.662577675
33.652786255 13735.028320312 22998.757570061 1.674460149
33.661033630 13917.018554688 23336.239966216 1.676813168
33.668506622 14065.093750000 23721.940486671 1.686582465
33.674690247 14213.167968750 24020.797877794 1.690038275
33.680103302 14370.341796875 24187.583784569 1.683159950
33.686542511 14520.345703125 24413.529584495 1.681332530
33.692211151 14665.387695312 24580.636006395 1.676098615
33.700973511 14812.358398438 24768.836162775 1.672173701
33.704067230 14956.296875000 24895.726161019 1.664564856
33.709220886 15104.647460938 24830.749053815 1.643914505
33.717208862 15243.346679688 24963.067086564 1.637636906
33.722618103 15387.008789062 25065.700593234 1.629017110
33.728031158 15536.461914062 25296.471397989 1.628200265
33.730606079 15667.164062500 25535.173912978 1.629852972
33.735759735 15813.032226562 25614.835216697 1.619856005
33.740142822 15952.283203125 25786.832801518 1.616497932
33.747100830 16106.148437500 26022.154437323 1.615665877
33.743747711 16108.078125000 26122.627981627 1.621709789
33.741172791 15955.591796875 26026.169235271 1.631162891
33.735244751 15821.581054688 25924.878634372 1.638576988
33.731380463 15675.988281250 25897.796109649 1.652067841
33.727256775 15535.083007812 25710.721230933 1.655010225
33.721847534 15391.696289062 25441.760641446 1.652953655
33.714889526 15245.828125000 25338.517684191 1.661996808
33.711795807 15101.889648438 25088.565221506 1.661286488
33.704067230 14952.436523438 24849.373499909 1.661894599
33.701232910 14808.222656250 24597.260234686 1.661054186
33.697368622 14664.835937500 24359.276395307 1.661067093
33.687316895 14520.345703125 24112.183252937 1.660579145
33.680358887 14369.238281250 23865.696653929 1.660888085
33.674434662 14212.891601562 23669.601760821 1.665361450
33.668762207 14068.126953125 23323.752356457 1.657914549
33.662837982 13924.188476562 22957.945108983 1.648781554
33.654850006 13736.958007812 22510.994006246 1.638717538
33.649955750 13602.395507812 22141.656915922 1.627776292
33.644798279 13449.357421875 21733.010365197 1.615914403
33.636295319 13293.287109375 21323.072072162 1.604048111
33.628051758 13140.524414062 20933.505767330 1.593049494
33.623672485 12980.869140625 20567.718503371 1.584463897
33.613620758 12827.831054688 20149.058730417 1.570729973
33.606407166 12679.481445312 19759.782311604 1.558406185
33.597389221 12521.480468750 19401.556503337 1.549461867
33.589656830 12368.994140625 19046.495671485 1.539858088
33.581409454 12214.853515625 18708.642443963 1.531630520
33.574710846 12063.194335938 18341.913906896 1.520485652
33.568786621 11894.990234375 17995.108407551 1.512830869
33.556674957 11736.713867188 17619.455468184 1.501225613
33.548171997 11584.778320312 17284.871746040 1.492033017
33.539669037 11433.119140625 16926.950193262 1.480519007
33.531162262 11263.537109375 16567.911106430 1.470933238
33.521629333 11119.047851562 16188.946803830 1.455965207
33.510807037 10957.737304688 15833.325594995 1.444944805
33.501274109 10804.148437500 15486.003615115 1.433338657
33.492511749 10648.352539062 15128.556542338 1.420741517
33.480659485 10492.005859375 14788.339007842 1.409486347
33.469577789 10328.490234375 14454.122775515 1.399441975
33.462104797 10179.312500000 14118.336670465 1.386963675
33.449478149 10020.484375000 13747.388115010 1.371928502
33.437885284 9861.104492188 13428.727649553 1.361787380
33.427577972 9702.276367188 13079.775513019 1.348114094
33.418300629 9556.958984375 12742.441649908 1.333315511
33.403869629 9395.374023438 12436.295307284 1.323661546
33.394077301 9236.269531250 12114.353266162 1.311606729
33.380165100 9082.680664062 11809.466437609 1.300218171
33.367023468 8935.984375000 11514.490387467 1.288553102
33.350788116 8764.471679688 11221.463300962 1.280335394
33.337905884 8616.949218750 10914.249932832 1.266602559
33.325538635 8467.220703125 10602.549150322 1.252187645
33.310848236 8311.149414062 10326.926394481 1.242538893
33.295646667 8163.075195312 10035.838683317 1.229418870
33.282245636 8002.316406250 9747.842453871 1.218127597
33.266784668 7851.484375000 9460.229382561 1.204896925
33.247974396 7703.961914062 9182.429202718 1.191909995
33.236381531 7544.857421875 8896.761879697 1.179182241
33.216796875 7400.643554688 8622.809769575 1.165143235
33.199531555 7246.778808594 8366.131076130 1.154462044
33.183555603 7102.840332031 8108.896808113 1.141641432
33.165004730 6950.905761719 7855.233374529 1.130102125
33.147998810 6795.662109375 7612.826163299 1.120247894
33.130474091 6650.345214844 7371.143866999 1.108385148
33.110633850 6512.197265625 7136.669367392 1.095892688
33.087184906 6345.647949219 6912.514001024 1.089331469
33.066055298 6208.052246094 6672.806110557 1.074863072
33.050853729 6066.871093750 6445.901635585 1.062475457
33.025600433 5926.517578125 6230.125629944 1.051228744
33.003955841 5782.855468750 6015.102033023 1.040161226
32.979988098 5640.571289062 5803.492928315 1.028883890
32.956283569 5501.872558594 5600.098978061 1.017853271
32.930259705 5367.309570312 5392.704633519 1.004731433
32.906295776 5226.956054688 5206.597392528 0.996105063
32.883102417 5092.117187500 5018.102873706 0.985464923
32.855533600 4961.414550781 4833.156781963 0.974148951
32.829765320 4834.020996094 4648.732630786 0.961669930
32.801677704 4695.873535156 4474.360622804 0.952828178
32.772300720 4559.932128906 4303.815002453 0.943833128
32.745246887 4433.916992188 4131.943139460 0.931894563
32.718448639 4312.313964844 3970.139132281 0.920651688
32.678764343 4173.615234375 3819.013619321 0.915037301
32.650161743 4057.526855469 3667.265447832 0.903817911
32.620788574 3939.508544922 3520.482372015 0.893634912
32.585998535 3814.596679688 3376.209003575 0.885076271
32.549411774 3697.681396484 3235.733882139 0.875071034
32.514881134 3574.699707031 3100.398191125 0.867317102
32.476230621 3463.574951172 2969.254975393 0.857280416
32.442989349 3338.938720703 2843.750704419 0.851692991
32.403049469 3226.986816406 2720.381529065 0.843009806
32.363880157 3124.961669922 2600.723882027 0.832241850
32.320590973 3019.076171875 2485.429909881 0.823241869
32.282970428 2915.672119141 2376.685407905 0.815141522
32.237361908 2809.235107422 2272.219001606 0.808839031
32.187370300 2707.209960938 2171.417895489 0.802086992
32.147689819 2607.390625000 2073.737734277 0.795330671
32.105945587 2510.604736328 1980.048404336 0.788673890
32.053379059 2407.752197266 1891.583553916 0.785622190
32.004936218 2324.753417969 1805.448243715 0.776619245
31.954687119 2233.482177734 1721.387607290 0.770719205
31.901863098 2145.795654297 1643.005074241 0.765685712
31.849554062 2057.557861328 1566.565028647 0.761371069
31.795700073 1974.558959961 1492.977615366 0.756106880
31.743133545 1888.802612305 1421.431397647 0.752556878
31.683095932 1812.697387695 1355.150237609 0.747587682
31.622541428 1734.110351562 1291.462029031 0.744740395
31.566108704 1663.244262695 1229.739364565 0.739361856
31.510709763 1586.863281250 1170.367275224 0.737535041
31.449380875 1517.100097656 1113.996479526 0.734293328
31.384704590 1446.785400391 1060.444595920 0.732966061
31.319253922 1381.434204102 1008.286378424 0.729883751
31.256637573 1320.770629883 958.514442249 0.725723620
31.196598053 1261.485717773 911.312057794 0.722411713
31.126251221 1198.616088867 867.068443042 0.723391294
31.055391312 1144.846069336 823.398026209 0.719221604
30.993289948 1088.318603516 782.067518266 0.718601626
30.921655655 1036.754516602 742.399550346 0.716080363
30.845640182 984.087524414 705.381138506 0.716786994
30.769882202 932.799194336 669.570665520 0.717807937
30.699022293 884.544006348 635.718667567 0.718696484
30.624036789 839.873535156 603.824670241 0.718947133
30.546476364 794.375854492 573.088852222 0.721432870
30.473552704 757.701904297 543.765885672 0.717651470
30.397537231 716.340393066 515.872263705 0.720149623
30.322296143 678.563476562 489.773124576 0.721779379
30.234428406 636.650451660 464.866127424 0.730174818
30.151197433 601.630981445 440.805548571 0.732684257
30.072347641 570.196228027 418.052289013 0.733172667
29.995044708 539.037170410 396.590835978 0.735739310
29.903053284 505.672180176 376.142021560 0.743845591
29.821626663 476.167602539 356.025739827 0.747689969
29.737623215 450.247680664 337.577342801 0.749759204
29.659547806 422.949066162 319.862777691 0.756267842
29.569101334 398.132141113 303.095126198 0.761292784
29.479429245 373.039459229 286.948382143 0.769217237
29.400064468 347.671020508 271.813128477 0.781811288
29.306528091 325.611541748 257.496117937 0.790807711
29.221494675 304.930755615 244.037587020 0.800304930
29.131048203 288.386138916 230.746681068 0.800130970
29.041376114 263.293457031 218.140578202 0.828507403
28.954540253 249.230529785 206.276287773 0.827652567
28.861001968 234.064620972 195.168388052 0.833822674
28.767465591 212.832351685 184.599351663 0.867346295
28.679855347 196.287734985 174.380145107 0.888390429
28.587348938 183.879257202 164.718392946 0.895796489
28.482215881 169.264846802 155.701916248 0.919871546
28.397180557 153.547454834 147.013981995 0.957449814
28.307508469 142.793457031 138.713265357 0.971425920
28.215518951 130.660720825 130.679448084 1.000143327
28.113992691 120.733955383 123.137585447 1.019908484
28.012983322 106.671028137 115.958213500 1.087063803
27.926918030 98.122970581 109.210026089 1.112991438
27.830289841 87.644706726 102.780673299 1.172696871
27.727474213 79.372398376 96.677983625 1.218030267
27.637546539 73.581779480 90.466402193 1.229467442
27.542978287 63.930751801 84.998434919 1.329539111
27.444028854 57.037158966 79.473575856 1.393364910
27.341215134 48.489101410 73.995155850 1.526016232
27.239690781 41.871253967 69.021521177 1.648422596
27.149761200 36.080635071 64.306349703 1.782295394
27.057512283 30.290018082 59.699672742 1.970935527
26.942071915 23.672168732 55.315300630 2.336722979
26.851110458 18.708782196 51.198879026 2.736622752
26.748813629 16.502832413 47.223303349 2.861527171
26.648834229 9.333496094 43.545191918 4.665474918
26.551689148 6.024571896 39.690483081 6.588100162
26.445783615 2.715646982 36.223914604 13.338962995
26.350442886 -0.317534000 32.956643795 -103.789338552
26.256904602 -3.074970961 29.789478956 -9.687726921
26.155122757 -3.626457930 26.910383798 -7.420569691
26.052566528 -7.762613773 24.001354444 -3.091916608
25.950010300 -9.141331673 21.305205269 -2.330645691
25.846939087 -10.520051003 18.756466822 -1.782925465
25.744640350 -11.898770332 16.354993765 -1.374511257
25.642084122 -12.726000786 14.166756787 -1.113213572
25.539270401 -14.656207085 12.110293285 -0.826291087
25.452175140 -14.656207085 10.211054471 -0.696705117
25.332870483 -15.207694054 8.680140149 -0.570772934
25.239849091 -16.034925461 7.392639622 -0.461033613
25.141416550 -17.965131760 5.827027996 -0.324352088
25.037570953 -14.380462646 4.786177808 -0.332825023
24.940168381 -14.380462646 3.857649372 -0.268256277
24.836067200 -16.310668945 3.138754182 -0.192435650
24.731191635 -14.380462646 2.468895212 -0.171683990
24.631469727 -16.862155914 1.944667746 -0.115327349
24.530202866 -16.310668945 1.371212668 -0.084068451
24.426101685 -15.483437538 0.896792539 -0.057919473
24.323802948 -15.759181023 0.568413240 -0.036068704
24.222793579 -13.828975677 0.319921911 -0.023134173
24.119720459 -14.380462646 0.073841465 -0.005134846
24.014589310 -14.104719162 -0.129559194 0.009185521
23.912805557 -13.828975677 -0.299591806 0.021664063
23.811279297 -15.759181023 -0.398547230 0.025289844
23.707178116 -17.137899399 -0.249822947 0.014577221
23.605138779 -12.450257301 -0.253092781 0.020328317
23.504127502 -15.483437538 -0.096070486 0.006204726
23.400026321 -15.483437538 -0.087075267 0.005623768
23.297727585 -16.862155914 -0.052233658 0.003097686
23.194398880 -15.759181023 -0.067483209 0.004282152
23.090553284 -16.310668945 -0.063963941 0.003921601
22.989286423 -15.759181023 0.056122827 -0.003561278
22.884927750 -13.828975677 0.033443287 -0.002418349
22.784690857 -15.207694054 0.148196074 -0.009744809
22.680587769 -15.483437538 0.291992268 -0.018858362
22.580350876 -14.380462646 0.196731161 -0.013680447
22.475990295 -14.380462646 0.164329663 -0.011427286
22.373178482 -13.001744270 0.029081447 -0.002236734
22.269590378 -14.104719162 -0.025961938 0.001840656
22.181980133 -17.689386368 -0.097485256 0.005510946
22.059841156 -14.380462646 -0.089285504 0.006208806
21.959089279 -14.931949615 -0.312127549 0.020903335
21.857048035 -16.034925461 -0.302413648 0.018859685
21.753976822 -16.586412430 -0.306789867 0.018496457
21.653224945 -13.828975677 -0.156425649 0.011311441
21.548091888 -16.034925461 -0.249551823 0.015563017
21.443990707 -15.483437538 -0.117567105 0.007593088
21.345556259 -13.553232193 -0.164237800 0.012117980
21.239650726 -16.586412430 -0.305704104 0.018430996
21.139413834 -16.862155914 -0.392258500 0.023262654
21.034538269 -14.931949615 -0.355637798 0.023817238
20.938682556 -15.483437538 -0.449763900 0.029048065
20.829685211 -14.104719162 -0.443546030 0.031446640
20.725582123 -15.759181023 -0.688999909 0.043720540
20.622253418 -13.553232193 -0.895433742 0.066067911
20.534643173 -13.277487755 -0.754417616 0.056819304
20.414049149 -14.104719162 -0.758332374 0.053764443
20.316904068 -14.931949615 -0.759465815 0.050861799
20.217182159 -14.656207085 -0.704944111 0.048098673
20.112049103 -15.759181023 -0.558746438 0.035455297
20.007432938 -12.726000786 -0.658951418 0.051779929
19.904361725 -15.759181023 -0.537705118 0.034120118
19.798971176 -13.277487755 -0.396850239 0.029888955
19.700023651 -13.553232193 -0.474257937 0.034992239
19.593858719 -13.001744270 -0.137024906 0.010538963
19.497488022 -14.656207085 0.067602954 -0.004612582
19.387458801 -13.553232193 0.157937598 -0.011653132
19.291860580 -15.207694054 0.152646104 -0.010037426
19.185697556 -12.450257301 0.087164211 -0.007000997
19.076440811 -11.898770332 0.176265274 -0.014813739
18.976461411 -13.828975677 0.231285616 -0.016724711
18.887821198 -14.656207085 0.211792140 -0.014450679
18.762588501 -14.104719162 0.205508547 -0.014570198
18.663640976 -13.828975677 0.233306093 -0.016870815
18.562372208 -14.656207085 0.328283167 -0.022398917
18.458271027 -13.277487755 0.456584616 -0.034387877
18.355714798 -14.656207085 0.430707664 -0.029387389
18.250324249 -15.483437538 0.615952147 -0.039781356
18.148542404 -13.828975677 0.612487703 -0.044290171
18.048046112 -17.689386368 0.536910568 -0.030352131
17.942140579 -15.207694054 0.473397828 -0.031128837
17.840358734 -15.207694054 0.554456960 -0.036458976
17.737028122 -13.001744270 0.561879066 -0.043215668
17.640142441 -13.277487755 0.616135027 -0.046404488
17.533979416 -14.104719162 0.724407343 -0.051359218
17.425495148 -15.759181023 0.982298381 -0.062331817
17.326290131 -14.931949615 1.160269307 -0.077703805
17.236618042 -14.380462646 1.272466771 -0.088485802
17.114479065 -14.104719162 1.351823518 -0.095841931
17.013984680 -15.483437538 1.591666691 -0.102798018
16.912973404 -14.931949615 1.982375548 -0.132760664
16.807584763 -15.483437538 1.977101156 -0.127691357
16.710954666 -16.034925461 2.019377538 -0.125936197
16.599636078 -15.483437538 2.145158969 -0.138545395
16.497339249 -14.104719162 2.099972922 -0.148884419
16.397359848 -14.931949615 2.147934493 -0.143848228
16.291969299 -15.759181023 2.240574330 -0.142175810
16.187610626 -15.759181023 2.298123565 -0.145827601
16.084796906 -14.931949615 2.183321991 -0.146218146
15.991258621 -18.792362213 1.914072440 -0.101853743
15.893082619 -22.377031326 1.618666441 -0.072336067
15.781765938 -19.619592667 1.337750115 -0.068184398
15.679209709 -17.965131760 1.027650049 -0.057202478
15.592630386 -18.240875244 0.652196731 -0.035754684
15.477448463 -21.549798965 0.279288399 -0.012960139
15.388548851 -23.755748749 -0.009421377 0.000396594
15.278520584 -19.068105698 -0.343493743 0.018014047
15.173387527 -18.792362213 -0.606581423 0.032278083
15.066967010 -19.619592667 -0.848623197 0.043253864
14.952300072 -18.792362213 -1.068319929 0.056848624
14.849486351 -16.586412430 -1.226611783 0.073952809
14.753887177 -19.895336151 -1.460730553 0.073420753
14.647465706 -19.619592667 -1.678321622 0.085543143
14.543107033 -19.343849182 -1.956855506 0.101161640
14.435397148 -16.862155914 -2.231029554 0.132309864
14.336191177 -15.759181023 -2.381370748 0.151110057
14.228481293 -14.380462646 -2.159518582 0.150170313
14.123864174 -14.656207085 -2.175900884 0.148462755
14.021050453 -14.104719162 -2.286517600 0.162110112
13.926224709 -14.380462646 -1.313767920 0.091357834
13.813877106 -14.380462646 -1.230669147 0.085579246
13.713125229 -14.104719162 -1.181666663 0.083778106
13.610053062 -14.656207085 -1.168591103 0.079733528
13.508786201 -14.380462646 -1.159267014 0.080614028
13.403394699 -15.207694054 -1.147149072 0.075432151
13.300065994 -17.689386368 -1.138594209 0.064365953
13.196222305 -15.759181023 -1.139044186 0.072278133
13.096242905 -15.207694054 -1.124877425 0.073967652
12.990337372 -14.104719162 -1.110693990 0.078746268
12.887007713 -14.931949615 -1.096254295 0.073416689
12.784452438 -13.001744270 -1.091664933 0.083962960
