0.000000000 0.000000000 -1.274954632 -inf
0.000000000 0.000000000 -1.274954632 -inf
0.000000000 0.000000000 -1.274954632 -inf
0.000000000 0.000000000 -1.274954632 -inf
0.000000000 0.000000000 -1.274954632 -inf
0.000000000 0.000000000 -1.274954632 -inf
0.000000000 0.000000000 -1.274954632 -inf
0.000000000 0.000000000 -1.274954632 -inf
0.000000000 0.000000000 -1.274954632 -inf
0.000000000 0.000000000 -1.274954632 -inf
0.000000000 0.000000000 -1.274954632 -inf
0.000000000 0.000000000 -1.274954632 -inf
9.410927773 73.306037903 -1.274954632 -0.017392219
9.043478012 -17.689386368 -1.274954632 0.072074554
9.147065163 -11.071537971 -1.274954632 0.115156055
9.250136375 -18.792362213 -1.274954632 0.067844299
9.351919174 -16.034925461 -1.288363238 0.080347317
9.455763817 -16.034925461 -1.314433584 0.081973165
9.558061600 -18.240875244 -1.322395575 0.072496279
9.661132812 -18.240875244 -1.348886186 0.073948545
9.764719963 -17.689386368 -1.375727124 0.077771331
9.867017746 -16.862155914 -1.383905201 0.082071664
9.971893311 -15.483437538 -1.398938255 0.090350625
10.074192047 -17.413644791 -1.439236880 0.082649951
10.174943924 -18.792362213 -1.493795598 0.079489507
10.281106949 -14.380462646 -1.569801056 0.109162069
10.382374763 -17.413644791 -1.807124603 0.103776356
10.484930992 -19.068105698 -4.044420879 0.212103968
10.588774681 -17.137899399 -0.037442351 0.002184769
10.692876816 -13.828975677 -0.125868119 0.009101767
10.794659615 -18.516618729 0.245977311 -0.013284138
10.897730827 -15.207694054 0.139279394 -0.009158482
11.000802994 -17.413644791 -0.030134682 0.001730521
11.103615761 -14.656207085 -0.085147197 0.005809634
11.206687927 -17.689386368 -0.121758283 0.006883126
11.309759140 -17.689386368 -0.052825238 0.002986267
11.413602829 -14.380462646 -0.287754567 0.020010105
11.516674995 -14.931949615 -0.268339550 0.017970831
11.620003700 -17.689386368 -0.163810234 0.009260368
11.722817421 -17.413644791 -0.159403447 0.009153939
11.824857712 -15.483437538 -0.585342961 0.037804458
11.933856010 -18.240875244 -0.334522967 0.018339195
12.032546997 -18.792362213 -0.397895515 0.021173257
12.135618210 -15.207694054 -0.644592302 0.042385933
12.238689423 -17.137899399 -1.028950684 0.060039487
12.342790604 -16.310668945 -0.777898338 0.047692608
12.445346832 -16.586412430 -1.164742518 0.070222691
12.548933983 -20.446825027 -1.183003994 0.057857589
12.651231766 -18.792362213 -1.287314565 0.068502009
12.755333900 -16.310668945 -1.130017115 0.069280857
12.856860161 -14.380462646 -1.455196226 0.101192588
12.959931374 -19.895336151 -1.418980619 0.071322274
13.064032555 -16.586412430 -1.450234174 0.087435073
13.167103767 -16.586412430 -1.065272976 0.064225641
13.271464348 -16.310668945 -1.254836147 0.076933457
13.373762131 -22.101287842 -1.021953744 0.046239556
13.474257469 -15.483437538 -0.983260699 0.063504031
13.589955330 -17.689386368 -1.063885980 0.060142616
13.684265137 -19.068105698 -0.975599062 0.051163921
13.786047935 -23.480005264 -0.931426361 0.039668916
13.891180038 -16.586412430 -0.855369712 0.051570508
13.997602463 -22.652774811 -0.623240110 0.027512749
14.097838402 -20.171081543 -0.452120718 0.022414302
14.201683044 -19.619592667 -0.531949709 0.027113188
14.305011749 -18.240875244 -0.419177886 0.022980141
14.408598900 -23.480005264 -0.271685838 0.011570944
14.508834839 -17.689386368 -0.106470623 0.006018899
14.610876083 -22.377031326 -0.261702824 0.011695154
14.714463234 -15.207694054 0.277872419 -0.018271831
14.818306923 -22.101287842 0.430383913 -0.019473250
14.923954964 -15.483437538 0.382431326 -0.024699381
15.023934364 -20.722568512 0.368145794 -0.017765452
15.124428749 -20.171081543 0.585362508 -0.029019887
15.243991852 -16.862155914 0.757325120 -0.044912710
15.339332581 -21.274055481 0.664760857 -0.031247491
15.435961723 -19.068105698 0.400108697 -0.020983138
15.539548874 -17.413644791 0.437349805 -0.025115351
15.644424438 -18.240875244 0.078919095 -0.004326497
15.746722221 -18.516618729 -0.193457842 0.010447795
15.849535942 -16.862155914 -0.226946594 0.013458931
15.951318741 -18.792362213 -0.239874759 0.012764481
16.057224274 -20.722568512 -0.410396340 0.019804318
16.156946182 -20.722568512 -0.305606510 0.014747521
16.259244919 -12.450257301 -0.555700342 0.044633643
16.363861084 -18.792362213 -0.349107287 0.018577084
16.466417313 -22.652774811 -0.476985140 0.021056367
16.570003510 -16.310668945 -0.123706128 0.007584369
16.671529770 -19.068105698 -0.223362913 0.011713954
16.773311615 -17.689386368 -0.457373932 0.025855839
16.886175156 -20.722568512 -0.477151489 0.023025692
16.980228424 -19.068105698 -0.428236059 0.022458238
17.082784653 -20.998311996 -0.423968504 0.020190599
17.188947678 -21.549798965 -0.251173128 0.011655474
17.293306351 -22.652774811 -0.403393642 0.017807692
17.393285751 -19.343849182 -0.264025190 0.013649051
17.495326996 -20.446825027 -0.089135517 0.004359382
17.598913193 -17.689386368 0.085828900 -0.004852000
17.703273773 -18.792362213 0.083758710 -0.004457061
17.804025650 -19.895336151 -0.043697158 0.002196352
17.907096863 -19.619592667 0.343324335 -0.017499055
18.011199951 -18.240875244 0.344415272 -0.018881510
18.112981796 -16.862155914 0.302252959 -0.017924930
18.217342377 -19.068105698 0.309709275 -0.016242268
18.319639206 -21.825542450 0.117877324 -0.005400889
18.421422958 -21.825542450 -0.020768128 0.000951552
18.530420303 -16.310668945 0.094807710 -0.005812619
18.629369736 -19.068105698 0.088340162 -0.004632876
18.731924057 -17.965131760 -0.764481910 0.042553649
18.834480286 -22.652774811 -1.248613331 0.055119664
18.938583374 -17.689386368 -1.572430428 0.088891180
19.040882111 -18.792362213 -1.477466067 0.078620561
19.144210815 -16.862155914 -1.630918632 0.096720647
19.246509552 -17.689386368 -1.491041404 0.084290171
19.349838257 -19.619592667 -1.490591214 0.075974626
19.453166962 -19.619592667 -1.450056692 0.073908603
19.555723190 -19.895336151 -1.116342973 0.056110787
19.658794403 -16.586412430 -0.889382076 0.053621124
19.762380600 -22.101287842 -1.158507039 0.052418078
19.869832993 -22.928518295 -0.920188482 0.040132924
19.972389221 -23.755748749 -0.890787104 0.037497749
20.059225082 -16.586412430 -1.411780278 0.085116675
20.174409866 -20.171081543 -1.234167210 0.061184979
20.277994156 -32.579547882 -1.140914150 0.035019336
20.374624252 -26.513185501 -0.969560629 0.036568998
20.475376129 -22.928518295 -1.130947378 0.049324922
20.584117889 -19.343849182 -0.865352443 0.044735277
20.679716110 -22.377031326 -0.561400811 0.025088261
20.779436111 -20.446825027 -0.332063958 0.016240368
20.876840591 -21.825542450 0.192078234 -0.008800617
20.985322952 -20.171081543 0.113593425 -0.005631499
21.084527969 -15.483437538 0.168132594 -0.010858867
21.184764862 -18.516618729 0.429032721 -0.023170144
21.295824051 -28.443391800 0.714753245 -0.025128974
21.391166687 -18.240875244 0.737442396 -0.040428016
21.498102188 -18.792362213 0.571091307 -0.030389543
21.602977753 -27.891904831 0.484041426 -0.017354190
21.695999146 -22.377031326 0.823375034 -0.036795544
21.804996490 -21.274055481 1.049322999 -0.049324070
21.902141571 -21.274055481 0.130035907 -0.006112417
22.004182816 -22.101287842 -0.091171654 0.004125174
22.108026505 -20.171081543 -0.114088205 0.005656028
22.210840225 -18.516618729 0.189732201 -0.010246590
22.313396454 -21.825542450 0.116966991 -0.005359179
22.416725159 -16.310668945 0.273183354 -0.016748752
22.519023895 -24.307235718 0.401052225 -0.016499294
22.622352600 -22.377031326 0.373424325 -0.016687840
22.724136353 -18.792362213 0.925776006 -0.049263419
22.825145721 -21.825542450 0.984534835 -0.045109295
22.928731918 -20.722568512 0.739719998 -0.035696347
23.033092499 -22.928518295 0.899974480 -0.039251314
23.136163712 -20.722568512 1.082140632 -0.052220391
23.233308792 -20.998311996 0.708445424 -0.033738208
23.320919037 -19.343849182 0.616975844 -0.031895195
23.446922302 -25.410211563 0.487753442 -0.019195174
23.542779922 -19.619592667 0.489993548 -0.024974705
23.639923096 -19.619592667 0.628580058 -0.032038385
23.744798660 -17.689386368 0.554850226 -0.031366279
23.852767944 -20.722568512 0.933652514 -0.045054864
23.946046829 -18.792362213 0.780160590 -0.041514770
24.046541214 -17.689386368 1.004887046 -0.056807343
24.145488739 -21.825542450 0.868519581 -0.039793723
24.248817444 -17.137899399 0.682786811 -0.039840753
24.350601196 -22.377031326 0.863705841 -0.038597874
24.452642441 -17.137899399 0.766778159 -0.044741665
24.555713654 -20.446825027 0.795497508 -0.038905674
24.658784866 -19.619592667 0.805290854 -0.041045238
24.769844055 -19.343849182 1.092002917 -0.056452204
24.864412308 -19.895336151 1.036196456 -0.052082380
24.962072372 -21.549798965 0.944595596 -0.043833151
25.070297241 -19.343849182 0.684679181 -0.035395188
25.171564102 -16.034925461 0.791012519 -0.049330602
25.270254135 -21.274055481 0.949943768 -0.044652688
25.369718552 -15.483437538 1.231077597 -0.079509320
25.472274780 -20.722568512 0.995682732 -0.048048230
25.573026657 -20.171081543 1.390737197 -0.068947081
25.667852402 -17.965131760 1.944087381 -0.108214479
25.766801834 -20.446825027 1.987848611 -0.097220405
25.872707367 -17.965131760 2.628316867 -0.146301007
25.973716736 -19.343849182 2.846269784 -0.147140818
26.076272964 -18.240875244 3.396231650 -0.186187976
26.178829193 -16.034925461 3.713383355 -0.231580955
26.281127930 -13.277487755 4.181009574 -0.314894628
26.384714127 -18.240875244 4.671038853 -0.256075369
26.487527847 -20.446825027 5.513396143 -0.269645587
26.577457428 -16.862155914 5.925962594 -0.351435642
26.692382812 -16.310668945 6.510780605 -0.399173120
26.776126862 -15.207694054 7.471640169 -0.491306581
26.875333786 -14.931949615 8.491254806 -0.568663505
26.983299255 -20.171081543 9.352218828 -0.463644887
27.081476212 -11.623025894 10.313745465 -0.887354598
27.183258057 -9.692819595 11.264063416 -1.162103896
27.287103653 -13.277487755 12.266272137 -0.923839838
27.388628006 -7.762613773 12.902796840 -1.662171688
27.489122391 -8.589844704 14.078243536 -1.638940403
27.576734543 -7.762613773 15.371861510 -1.980242990
27.681350708 -7.486869812 16.948178073 -2.263720153
27.779268265 -5.005177021 18.275872756 -3.651393883
27.879762650 -3.902201891 20.191722331 -5.174443275
27.984638214 3.542877913 21.753712294 6.140124732
28.084875107 -0.317534000 22.973450903 -72.349578081
28.171970367 1.612671971 24.161811887 14.982471523
28.281999588 5.748827934 25.958791831 4.515492919
28.370124817 13.745394707 28.218141406 2.052916050
28.472166061 7.127545834 30.214074147 4.239057153
28.574722290 15.951345444 32.110810784 2.013047169
28.677278519 17.605806351 34.612215806 1.965954590
28.769527435 18.433038712 37.435235620 2.030877068
28.863836288 17.330064774 39.936299520 2.304451832
28.962785721 26.153862000 42.883374835 1.639657456
29.064310074 32.495967865 45.973180714 1.414734927
29.160940170 39.389560699 49.567804218 1.258399518
29.252157211 36.632122040 53.184455124 1.451852968
29.348787308 46.834640503 57.286019029 1.223154879
29.451343536 50.419307709 61.766220695 1.225050948
29.550550461 51.798027039 66.817274883 1.289957914
29.643829346 51.798027039 72.147709277 1.392865972
29.735046387 66.136703491 77.971931575 1.178950983
29.837860107 77.442192078 83.996355567 1.084632980
29.921091080 78.545166016 91.481476390 1.164699001
30.018493652 89.023429871 99.067689231 1.112827144
30.118215561 96.744255066 107.638956317 1.112613418
30.210464478 106.946769714 116.662413322 1.090845601
30.301681519 113.288871765 126.525516263 1.116839759
30.396764755 122.939903259 136.862056084 1.113243564
30.482830048 134.521133423 148.902468296 1.106907625
30.584354401 150.514282227 162.071987160 1.076788095
30.664751053 160.716796875 176.802485805 1.100087167
30.763956070 176.709930420 192.441763477 1.089026310
30.844867706 192.978805542 210.235585091 1.089423186
30.944332123 207.317474365 229.484295957 1.106922109
31.024211884 228.825485229 250.288546568 1.093796639
31.112079620 247.851806641 272.766577417 1.100522853
31.197629929 263.017700195 298.069471492 1.133267728
31.285240173 292.246551514 325.608262124 1.114156045
31.364089966 318.442199707 357.096956778 1.121387043
31.446804047 343.810607910 391.430665560 1.138506656
31.532869339 370.006256104 428.345779352 1.157671721
31.614038467 402.819763184 469.110651337 1.164567120
31.689794540 433.703063965 514.326102541 1.185894556
31.768129349 475.340362549 562.772168779 1.183935161
31.839506149 512.565734863 616.455801934 1.202686329
31.916294098 556.684753418 674.823226422 1.212217907
31.981229782 601.079467773 738.944164353 1.229361846
32.051059723 653.470825195 808.323611836 1.236969702
32.118572235 706.413574219 885.267806107 1.253186290
32.181961060 764.871276855 967.856439792 1.265384737
32.245864868 827.465087891 1059.304450322 1.280180235
32.306159973 891.161865234 1159.717769565 1.301354799
32.361560822 955.685913086 1268.476084394 1.327293902
32.420314789 1049.990234375 1385.971200923 1.319984849
32.470302582 1125.268310547 1517.080704826 1.348194640
32.517715454 1203.579467773 1660.018294329 1.379234474
32.567188263 1294.574951172 1812.628672443 1.400172830
32.609962463 1398.530273438 1978.684624018 1.414831457
32.655315399 1486.768310547 2160.235840531 1.452974095
32.688812256 1590.447875977 2357.722017663 1.482426462
32.729267120 1699.090942383 2572.380795692 1.513974756
32.762508392 1804.700805664 2803.640789576 1.553521105
32.797813416 1920.513183594 3058.241113986 1.592408290
32.827445984 2038.531494141 3333.906129251 1.635444995
32.860168457 2165.925048828 3631.265759368 1.676542668
32.881816864 2286.700683594 3954.989232602 1.729561399
32.905521393 2423.469726562 4301.230157345 1.774823143
32.929744720 2553.344970703 4672.822605538 1.830078841
32.953193665 2672.466308594 5072.118417819 1.897916693
32.978443146 2824.952392578 5492.092327508 1.944136242
32.993648529 2961.445556641 5945.176105909 2.007525039
33.013488770 3091.872314453 6430.965208825 2.079958211
33.028175354 3236.913574219 6931.088924613 2.141264747
33.046985626 3386.642333984 7470.838086385 2.205971977
33.061672211 3534.992675781 8016.853551582 2.267855774
33.080486298 3673.416015625 8618.927968773 2.346297814
33.088989258 3826.453613281 9230.388660727 2.412256777
33.104705811 3972.597900391 9871.818098706 2.484977928
33.117076874 4120.120605469 10524.011121803 2.554296859
33.129959106 4272.331054688 11211.421740285 2.624193115
33.142326355 4430.332519531 11872.738594436 2.679875278
33.152378082 4580.061035156 12614.046085431 2.754121831
33.159851074 4737.510742188 13408.097822611 2.830198928
33.171443939 4891.651367188 14219.351638242 2.906861215
33.180721283 5029.523437500 15034.231671609 2.989196066
33.189224243 5199.105957031 15802.875817047 3.039537172
33.196441650 5352.143554688 16673.175885751 3.115233311
33.207778931 5493.875976562 17527.428252140 3.190357468
33.216022491 5660.976562500 18486.856667806 3.265665643
33.221435547 5813.462890625 19428.314261217 3.341952056
33.228134155 5966.776367188 20393.314172265 3.417811045
33.235607147 6122.020019531 21234.778991172 3.468590257
33.243339539 6275.057617188 22306.599635369 3.554803955
33.248489380 6439.952636719 23333.649738435 3.623264184
33.252357483 6598.505371094 24403.901588615 3.698398382
33.261890411 6752.094238281 25411.846912363 3.763550391
33.262405396 6910.371093750 26384.043315678 3.818035668
33.267818451 7063.684570312 27330.378854903 3.869139198
33.276321411 7227.200683594 28456.814296613 3.937460096
33.280960083 7384.650390625 29500.394134342 3.994826102
33.285854340 7517.007324219 30588.989927608 4.069304260
33.290493011 7702.307128906 31793.330607940 4.127767184
33.295646667 7853.139160156 32886.069834219 4.187633654
33.296676636 8001.213378906 33657.440690076 4.206542070
33.301830292 8154.802734375 34367.511187372 4.214389030
33.309303284 8313.355468750 35073.217582564 4.218900264
33.314456940 8454.536132812 35738.160728121 4.227098940
33.313426971 8611.709960938 36213.995266146 4.205203778
33.316776276 8756.199218750 36567.689457895 4.176205742
33.319095612 8903.998046875 37030.516545087 4.158863956
33.325794220 9052.900390625 37657.325465611 4.159697317
33.329143524 9193.253906250 37861.540904235 4.118404788
33.334812164 9342.155273438 38743.759579905 4.147197134
33.335586548 9478.648437500 39724.354737542 4.190930279
33.339450836 9626.722656250 40219.779482623 4.177930633
33.339965820 9771.763671875 40815.529892633 4.176884671
33.341255188 9931.695312500 40639.130576979 4.091862396
33.346149445 9929.213867188 40502.725515552 4.079147258
33.342029572 9770.936523438 40189.600361620 4.113177920
33.336875916 9638.579101562 40040.338228467 4.154174366
33.335071564 9489.402343750 39531.309179048 4.165837610
33.331977844 9340.776367188 38730.903487300 4.146433012
33.331462860 9197.941406250 38174.474646224 4.150328096
33.326309204 9054.002929688 37735.651153728 4.167841721
33.320125580 8897.931640625 37049.874545489 4.163874937
33.321155548 8756.475585938 36256.163117164 4.140497254
33.313167572 8611.709960938 35721.838145826 4.148054023
33.316776276 8460.050781250 35264.434235581 4.168347821
33.305438995 8324.936523438 34758.922208054 4.175277747
33.302860260 8160.869140625 34168.739596432 4.186899582
33.300285339 8004.246582031 33500.594344568 4.185352613
33.292552948 7856.447753906 32574.830009080 4.146254265
33.289718628 7705.616210938 31412.689915520 4.076596739
33.285339355 7518.662109375 30453.891703650 4.050440259
33.281215668 7383.823242188 29334.124574662 3.972755524
33.275806427 7230.509765625 28220.103283509 3.902920292
33.269622803 7072.784179688 27268.593860801 3.855425695
33.265239716 6918.919433594 26240.131943488 3.792518788
33.260345459 6755.127441406 25210.473795809 3.732050063
33.252613068 6598.505371094 24290.260544068 3.681176142
33.245658875 6452.912597656 23246.850484416 3.602536085
33.241275787 6292.429687500 22259.537116230 3.537510663
33.236122131 6133.601074219 21272.184069129 3.468139485
33.228908539 5984.975585938 20480.253759818 3.421944412
33.222465515 5821.459472656 19563.977275110 3.360665374
33.214992523 5662.630859375 18658.209878972 3.294971956
33.205974579 5506.008789062 17793.083898564 3.231575644
33.196697235 5352.419433594 16882.175590353 3.154120450
33.190769196 5203.517578125 15959.431628251 3.067046741
33.178661346 5034.486816406 15117.642734508 3.002817027
33.170673370 4896.339355469 14308.029109982 2.922189021
33.163715363 4741.646972656 13502.137550624 2.847562804
33.151344299 4580.888671875 12721.288801591 2.777035137
33.139236450 4435.571289062 11975.934547343 2.699975666
33.131504059 4278.949218750 11236.161322872 2.625916025
33.116817474 4128.944335938 10550.624200338 2.555283710
33.103675842 3982.524658203 9875.298334125 2.479657800
33.091564178 3830.038330078 9222.283478146 2.407882816
33.081516266 3678.930664062 8615.180090697 2.341762017
33.065540314 3527.823242188 8016.495121364 2.272363033
33.049819946 3397.947998047 7463.668894273 2.196522401
33.033329010 3237.740722656 6929.017321325 2.140077886
33.014003754 3092.699707031 6432.443662372 2.079879805
32.993133545 2963.375732422 5952.152801550 2.008571757
32.975868225 2835.706542969 5500.540376134 1.939742457
32.954994202 2680.738525391 5087.205847076 1.897688193
32.931804657 2553.344970703 4678.586846944 1.832336367
32.908611298 2429.260253906 4311.877920021 1.774975700
32.883361816 2290.561279297 3973.973008785 1.734934160
32.853984833 2170.612792969 3651.814696054 1.682388820
32.828990936 2050.664062500 3355.489293310 1.636293996
32.797039032 1929.336914062 3082.802990495 1.597856221
32.763282776 1819.866699219 2825.430727820 1.552548178
32.730300903 1699.642456055 2592.128480431 1.525102219
32.690616608 1594.584106445 2375.865870619 1.489959583
32.654800415 1494.764892578 2178.414742613 1.457362796
32.612026215 1404.320922852 1995.226725504 1.420776899
32.570537567 1303.122924805 1828.746305098 1.403356714
32.520290375 1206.061157227 1674.828276345 1.388676077
32.472106934 1128.301513672 1531.743036604 1.357565348
32.424694061 1046.405639648 1399.907690212 1.337825062
32.359500885 959.546325684 1280.274475487 1.334249782
32.310283661 895.298034668 1170.822430728 1.307746008
32.252563477 821.674438477 1070.074996011 1.302310192
32.188400269 769.007385254 977.595493012 1.271243309
32.123466492 703.104675293 893.789839653 1.271204518
32.059047699 647.128723145 816.698040039 1.262033365
31.986383438 602.733947754 746.218505736 1.238056208
31.918870926 551.997131348 680.142141405 1.232147964
31.845947266 517.253417969 621.180908916 1.200921806
31.771736145 470.652709961 566.481225525 1.203607700
31.695722580 432.875823975 517.185620893 1.194766703
31.618417740 397.304901123 471.554533594 1.186883253
31.538021088 370.282012939 430.843755825 1.163555724
31.454534531 340.777435303 393.366387964 1.154320525
31.372077942 312.375823975 358.383137203 1.147281927
31.290136337 293.625274658 327.352753087 1.114865719
31.203813553 262.190490723 299.587401179 1.142632596
31.122386932 246.197341919 273.944282163 1.112702030
31.028850555 225.516571045 251.477198404 1.115116274
30.948196411 204.560043335 230.233815017 1.125507266
30.856462479 185.533721924 210.971188659 1.137104277
30.768079758 171.470794678 194.444960517 1.133982967
30.670934677 162.371261597 178.608910889 1.100003222
30.587446213 148.032577515 164.426098565 1.110742658
30.486694336 135.624114990 150.890713535 1.112565516
30.405269623 123.215644836 138.871987430 1.127064567
30.304773331 107.222511292 128.116437848 1.194865111
30.222831726 98.398712158 118.415665590 1.203426986
30.123884201 95.641273499 109.108926558 1.140814238
30.021070480 87.368965149 100.702787452 1.152615088
29.932943344 73.581779480 93.156180375 1.266022391
29.840694427 69.721366882 85.592667857 1.227638982
29.737623215 60.070339203 79.309284282 1.320273621
29.647436142 50.695053101 73.559799242 1.451025194
29.556734085 48.764846802 67.874079605 1.391864920
29.453920364 47.110385895 62.987946524 1.337028881
29.358322144 30.565761566 58.418286552 1.911232816
29.259372711 31.392993927 54.209698747 1.726808818
29.168928146 29.187042236 50.038190110 1.714397427
29.067144394 25.050886154 46.182177792 1.843534696
28.964847565 21.466218948 42.948248412 2.000736530
28.869247437 16.227088928 39.504187078 2.434459271
28.780864716 14.296882629 36.729928166 2.569086501
28.680885315 13.193907738 34.061074500 2.581575920
28.577814102 7.954776764 31.282812250 3.932582042
28.475257874 3.818622112 28.796907535 7.541177600
28.376567841 5.197340012 26.758822895 5.148561155
28.293594360 2.164160013 24.546174035 11.342125298
28.178670883 -6.935382843 22.850120455 -3.294716524
28.088224411 -1.420508981 21.405582584 -15.068952660
27.987215042 -6.108151913 20.102619192 -3.291113168
27.884916306 -4.729433060 18.045588556 -3.815592340
27.785968781 -7.486869812 17.394990988 -2.323399688
27.684959412 -9.968564034 16.260095989 -1.631137236
27.590906143 -10.244306564 15.207589716 -1.484491861
27.495565414 -17.137899399 14.101626315 -0.822832833
27.391977310 -10.520051003 13.122111165 -1.247342923
27.289421082 -13.277487755 12.158248657 -0.915704001
27.186351776 -13.277487755 11.143518650 -0.839279151
27.087402344 -15.759181023 10.056416107 -0.638130630
26.984331131 -19.068105698 9.463936486 -0.496322846
26.884351730 -18.516618729 8.944069902 -0.483029328
26.785919189 -17.413644791 8.199149610 -0.470846265
26.696504593 -20.998311996 7.360455615 -0.350526062
26.585445404 -20.722568512 7.066674049 -0.341013424
26.490362167 -25.410211563 6.701659914 -0.263738848
26.387805939 -16.310668945 6.138061690 -0.376321885
26.284734726 -25.961698532 5.601084060 -0.215744130
26.182693481 -22.652774811 4.968539229 -0.219334685
26.080396652 -25.134468079 4.364708007 -0.173654282
25.978355408 -23.480005264 3.995665145 -0.170173094
25.881982803 -24.858724594 3.985709142 -0.160334418
25.776851654 -22.652774811 3.398673249 -0.150033419
25.683313370 -22.101287842 2.481269625 -0.112268101
25.585395813 -22.101287842 2.064940999 -0.093430800
25.485158920 -27.064674377 1.475723304 -0.054525810
25.382345200 -26.237442017 1.405466105 -0.053567192
25.279273987 -25.961698532 1.120932016 -0.043176374
25.177232742 -23.204261780 0.776843976 -0.033478504
25.076480865 -24.307235718 0.432698062 -0.017801204
24.970317841 -30.097854614 0.415720770 -0.013812306
24.868019104 -23.755748749 0.654370860 -0.027545790
24.768554688 -26.788930893 -0.055187568 0.002060088
24.663423538 -23.755748749 0.011382331 -0.000479140
24.562154770 -22.652774811 -0.091118635 0.004022405
24.459341049 -27.064674377 -0.060579506 0.002238324
24.361680984 -26.788930893 -0.098342751 0.003671022
24.262474060 -24.858724594 -0.186099112 0.007486270
24.155281067 -17.413644791 -0.091522817 0.005255810
24.061485291 -25.961698532 -0.316077807 0.012174774
23.959703445 -21.274055481 -0.447803503 0.021049278
23.861528397 -26.788930893 -0.556090004 0.020758201
23.754590988 -24.307235718 -0.510217309 0.020990347
23.652551651 -24.858724594 -0.520048402 0.020920156
23.552055359 -21.549798965 -0.510431860 0.023686154
23.450014114 -27.340417862 -0.588763701 0.021534554
23.336378098 -27.064674377 -0.427651127 0.015801082
23.243614197 -20.998311996 -0.139300439 0.006633887
23.140800476 -24.031492233 -0.058956535 0.002453303
23.037988663 -24.582979202 -0.154404502 0.006280952
22.935174942 -24.307235718 -0.153101690 0.006298606
22.834936142 -24.858724594 0.211328672 -0.008501187
22.728773117 -22.652774811 0.345741135 -0.015262639
22.626218796 -27.891904831 0.403336822 -0.014460713
22.522888184 -23.480005264 0.124913640 -0.005320001
22.421106339 -25.134468079 0.430580956 -0.017131095
22.320095062 -20.446825027 0.448698407 -0.021944649
22.219085693 -23.480005264 0.544672851 -0.023197305
22.114210129 -22.652774811 0.493773282 -0.021797475
22.009336472 -25.685955048 0.495106555 -0.019275380
21.908584595 -23.204261780 0.681440894 -0.029367058
21.820972443 -20.998311996 0.772829712 -0.036804373
21.702440262 -29.270622253 0.907804488 -0.031014185
21.608388901 -22.928518295 0.718692079 -0.031344899
21.509954453 -22.928518295 0.589782650 -0.025722667
21.406368256 -25.685955048 0.710897310 -0.027676499
21.303554535 -27.340417862 0.558920547 -0.020443014
21.198938370 -23.755748749 0.611249109 -0.025730576
21.096897125 -24.307235718 0.291250365 -0.011982044
21.000524521 -26.513185501 0.681997782 -0.025722966
20.894618988 -27.891904831 0.743916294 -0.026671405
20.792837143 -28.167648315 0.584078701 -0.020735799
20.691310883 -24.031492233 0.059973386 -0.002495616
20.589012146 -24.031492233 0.199689124 -0.008309477
20.485425949 -24.307235718 -0.010491204 0.000431608
20.382354736 -30.925085068 -0.035743694 0.001155816
20.279798508 -23.755748749 -0.144433742 0.006079949
20.177501678 -24.582979202 -0.417425419 0.016980262
20.071336746 -25.410211563 -0.088961872 0.003501028
19.971099854 -23.480005264 -0.129291769 0.005506463
19.868286133 -27.064674377 -0.136387802 0.005039329
19.765731812 -22.928518295 -0.460585860 0.020087903
19.662658691 -25.685955048 -0.315349593 0.012277122
19.559072495 -21.825542450 -0.679688192 0.031141869
19.456773758 -28.167648315 -0.801281574 0.028446875
19.354476929 -27.340417862 -0.685347042 0.025067175
19.252178192 -22.101287842 -0.576163216 0.026069215
19.149364471 -20.722568512 -0.498426348 0.024052344
19.045778275 -28.719135284 -0.512276305 0.017837456
18.946571350 -24.031492233 -0.563087052 0.023431215
18.841695786 -24.031492233 -0.712218456 0.029636880
18.736820221 -25.134468079 -0.196681296 0.007825162
18.635038376 -24.858724594 -0.552761332 0.022236110
18.544336319 -26.513185501 -0.628317111 0.023698288
18.425804138 -26.788930893 -0.581088929 0.021691382
18.324277878 -27.616161346 -0.859926407 0.031138521
18.223268509 -19.619592667 -0.788551791 0.040192057
18.118135452 -25.410211563 -0.585188711 0.023029667
18.017898560 -20.446825027 -0.474925063 0.023227326
17.913280487 -23.755748749 -1.055079432 0.044413647
17.810209274 -25.410211563 -0.733395313 0.028862228
17.708684921 -23.755748749 -0.629928300 0.026516878
17.604066849 -22.652774811 -0.914359791 0.040364141
17.500738144 -25.134468079 -1.020686311 0.040609028
17.399728775 -24.582979202 -0.596120440 0.024249316
17.296915054 -22.652774811 -0.890640253 0.039317049
17.193586349 -26.788930893 -0.710958039 0.026539246
17.087165833 -19.343849182 -0.632151215 0.032679701
16.984609604 -22.928518295 -0.564145802 0.024604547
16.891843796 -24.031492233 -0.370354530 0.015411216
16.777177811 -20.446825027 -0.358880422 0.017551890
16.674879074 -22.377031326 -0.108522156 0.004849712
16.574384689 -28.719135284 -0.437877423 0.015246887
16.470024109 -24.582979202 -0.119564571 0.004863714
16.368242264 -16.862155914 -0.341941464 0.020278633
16.263366699 -25.134468079 -0.332144212 0.013214690
16.160295486 -22.101287842 -0.150882400 0.006826860
16.060316086 -20.722568512 -0.116335511 0.005613952
15.955183983 -25.134468079 -0.310410308 0.012349985
15.852885246 -25.961698532 -0.275995481 0.010630872
15.749040604 -18.516618729 0.029078084 -0.001570378
15.648547173 -26.237442017 -0.263105591 0.010027867
15.542898178 -23.480005264 0.140083003 -0.005966055
15.439311981 -23.480005264 -0.047082301 0.002005208
15.336498260 -23.755748749 -0.155945134 0.006564522
15.246567726 -20.171081543 -0.075953861 0.003765483
15.127263069 -22.928518295 -0.329833411 0.014385291
15.025480270 -21.274055481 -0.515157364 0.024215287
14.924728394 -26.237442017 -0.231790711 0.008834349
14.820111275 -22.377031326 -0.114422065 0.005113371
14.716265678 -22.928518295 -0.488185032 0.021291608
14.613195419 -24.031492233 -0.431168572 0.017941814
14.509608269 -23.204261780 -0.451404617 0.019453522
14.407825470 -20.446825027 -0.545153378 0.026662006
14.305011749 -21.549798965 -0.647369631 0.030040634
14.202198029 -26.513185501 -0.510623717 0.019259237
14.098869324 -18.516618729 -0.675167717 0.036462797
13.996829033 -25.685955048 -0.458593110 0.017853847
13.890922546 -23.480005264 -0.270238327 0.011509296
13.788108826 -21.274055481 -0.296088854 0.013917838
13.685037613 -23.204261780 -0.343484465 0.014802646
13.587377548 -21.274055481 -0.651301370 0.030614820
13.477349281 -20.446825027 -0.604059384 0.029542943
13.375050545 -21.549798965 -0.479781039 0.022263829
13.273010254 -22.652774811 -0.336250081 0.014843660
13.169680595 -22.377031326 -0.251155323 0.011223800
13.065836906 -21.274055481 -0.087336797 0.004105320
12.962508202 -22.928518295 0.156221288 -0.006813405
12.859436035 -23.204261780 -0.042342458 0.001824771
12.758169174 -18.516618729 0.076356885 -0.004123695
12.653808594 -21.274055481 0.096822954 -0.004551222
12.550479889 -23.755748749 0.549807327 -0.023144180
12.447408676 -22.377031326 0.230629874 -0.010306545
12.345110893 -24.582979202 0.641799994 -0.026107494
12.241008759 -20.998311996 0.767862449 -0.036567818
12.137680054 -20.171081543 0.594159034 -0.029455983
12.035381317 -19.343849182 0.511021398 -0.026417772
11.935916901 -22.377031326 0.238085762 -0.010639738
11.827949524 -25.410211563 0.149742984 -0.005893024
11.726940155 -20.722568512 0.154161399 -0.007439300
11.623868942 -23.480005264 0.220984368 -0.009411598
11.520540237 -24.307235718 0.042194407 -0.001735878
11.417725563 -24.582979202 0.145689714 -0.005926447
11.312850952 -17.965131760 0.030365180 -0.001690229
11.209522247 -25.961698532 0.008832211 -0.000340202
11.107481956 -23.480005264 -0.507883363 0.021630462
11.003894806 -25.685955048 -0.540257354 0.021033181
10.901338577 -20.998311996 -0.406602597 0.019363585
10.798009872 -25.961698532 -0.404464057 0.015579260
10.694681168 -23.480005264 -0.392578857 0.016719709
10.591094017 -20.722568512 -0.538046405 0.025964272
10.488022804 -20.171081543 -0.782594480 0.038797844
10.384435654 -18.792362213 -1.082061060 0.057579832
10.284972191 -22.652774811 -1.955334091 0.086317641
10.172367096 -23.204261780 -2.028562829 0.087421994
10.077026367 -23.204261780 -2.092584716 0.090181051
9.973955154 -19.343849182 -2.114453757 0.109308842
9.869853020 -25.134468079 -2.123730398 0.084494742
9.767039299 -19.895336151 -2.127608570 0.106940066
9.664740562 -20.998311996 -2.171080492 0.103393096
9.558835030 -17.413644791 -2.162380476 0.124177362
9.458083153 -22.652774811 -2.167496980 0.095683509
9.354237556 -22.928518295 -2.156944397 0.094072559
9.251939774 -22.101287842 -2.174955345 0.098408534
9.148352623 -19.895336151 -2.159005817 0.108518187
