0.000000000 0.000000000 -0.652751578 -inf
0.000000000 0.000000000 -0.652751578 -inf
0.000000000 0.000000000 -0.652751578 -inf
0.000000000 0.000000000 -0.652751578 -inf
0.000000000 0.000000000 -0.652751578 -inf
0.000000000 0.000000000 -0.652751578 -inf
0.000000000 0.000000000 -0.652751578 -inf
0.000000000 0.000000000 -0.652751578 -inf
0.000000000 0.000000000 -0.652751578 -inf
0.000000000 0.000000000 -0.652751578 -inf
0.000000000 0.000000000 -0.652751578 -inf
0.000000000 0.000000000 -0.652751578 -inf
17.161634445 -11.071537971 -0.652751578 0.058957624
17.263158798 -10.520051003 -0.652751578 0.062048328
17.365457535 -13.001744270 -0.652751578 0.050204924
17.468271255 -11.071537971 -0.652751578 0.058957624
17.571342468 -11.347282410 -0.648193830 0.057123266
17.676990509 -11.623025894 -0.649691967 0.055896973
17.777999878 -12.726000786 -0.654146313 0.051402347
17.880813599 -12.726000786 -0.657325572 0.051652171
17.985174179 -11.623025894 -0.663363134 0.057073187
18.088245392 -13.828975677 -0.660266130 0.047745122
18.193893433 -11.623025894 -0.661058786 0.056874930
18.296707153 -11.347282410 -0.650651202 0.057339826
18.395654678 -11.071537971 -0.650661623 0.058768856
18.513156891 -10.520051003 -0.650978536 0.061879789
18.603601456 -11.623025894 -0.609295076 0.052421382
18.706157684 -13.001744270 -0.099546416 0.007656389
18.810516357 -11.898770332 0.139964125 -0.011762907
18.920803070 -10.795795441 0.212009933 -0.019638195
19.019493103 -13.277487755 0.184035956 -0.013860751
19.122049332 -11.071537971 0.350655281 -0.031671777
19.222545624 -13.001744270 0.302586531 -0.023272764
19.332574844 -14.104719162 0.341385424 -0.024203631
19.430749893 -13.828975677 0.327333056 -0.023670087
19.532531738 -14.931949615 0.146572306 -0.009816019
19.637149811 -11.898770332 0.169257666 -0.014224803
19.742023468 -13.277487755 0.087363739 -0.006579840
19.847415924 -9.692819595 0.149845670 -0.015459451
19.948167801 -13.277487755 0.340574966 -0.025650558
20.045827866 -13.553232193 0.426912980 -0.031498979
20.170028687 -6.659638882 0.530426973 -0.079648008
20.258411407 -11.623025894 0.552433491 -0.047529232
20.360195160 -8.865589142 0.601949110 -0.067897249
20.464811325 -12.174512863 0.433692960 -0.035623024
20.576387405 -11.347282410 0.503766607 -0.044395353
20.670955658 -9.968564034 0.455217765 -0.045665330
20.773252487 -13.277487755 0.390763212 -0.029430508
20.874521255 -11.623025894 -0.028153754 0.002422240
20.986610413 -11.347282410 -0.301193171 0.026543199
21.086074829 -14.104719162 -0.459776774 0.032597372
21.185796738 -11.898770332 -0.691790411 0.058139656
21.290929794 -11.347282410 -0.615383110 0.054231761
21.400957108 -11.071537971 -0.725670726 0.065543805
21.504543304 -9.141331673 -0.681650525 0.074567968
21.602462769 -11.071537971 -0.782368706 0.070664862
21.698833466 -11.347282410 -0.889696649 0.078406143
21.821746826 -11.623025894 -0.575757204 0.049535913
21.916572571 -9.692819595 -0.499403028 0.051522988
22.014747620 -14.380462646 -0.301866640 0.020991441
22.127609253 -11.623025894 -0.186043023 0.016006419
22.232484818 -11.071537971 -0.059483657 0.005372664
22.329114914 -13.553232193 0.117570283 -0.008674704
22.443782806 -17.689386368 0.108832201 -0.006152401
22.537834167 -14.380462646 0.242006701 -0.016828854
22.647346497 -12.726000786 0.176564106 -0.013874281
22.742687225 -12.726000786 0.189214906 -0.014868371
22.842668533 -10.520051003 0.160411162 -0.015248135
22.954500198 -12.174512863 0.199339600 -0.016373518
23.056798935 -13.277487755 0.304620026 -0.022942595
23.161157608 -12.174512863 0.561351700 -0.046108761
23.262426376 -11.898770332 0.654353322 -0.054993357
23.354932785 -11.898770332 0.731047236 -0.061438890
23.471660614 -11.071537971 0.771711956 -0.069702327
23.573442459 -11.898770332 0.980985726 -0.082444295
23.676771164 -9.968564034 0.981163833 -0.098425794
23.781389236 -10.520051003 1.181410326 -0.112300817
23.883945465 -11.071537971 1.419023101 -0.128168562
23.986244202 -10.795795441 1.587480831 -0.147046213
24.089315414 -9.968564034 1.630333306 -0.163547458
24.192644119 -13.553232193 2.258044966 -0.166605643
24.295972824 -9.417076111 3.414354703 -0.362570575
24.398271561 -12.174512863 4.960357993 -0.407437903
24.501342773 -11.623025894 6.687275321 -0.575347193
24.605703354 -10.795795441 8.837565836 -0.818611828
24.708774567 -10.244306564 11.463593305 -1.119020915
24.812103271 -11.071537971 14.759657089 -1.333117145
24.914916992 -11.071537971 18.524792425 -1.673190524
25.013864517 -11.347282410 23.128814324 -2.038269031
25.121574402 -10.520051003 28.024685892 -2.663930611
25.224130630 -9.141331673 33.573824598 -3.672749857
25.325139999 -8.314101219 39.824401146 -4.789982717
25.430015564 -8.038357735 46.622845240 -5.800046076
25.532829285 -6.383894920 54.024310788 -8.462593990
25.628942490 -3.626457930 62.329629160 -17.187467874
25.725057602 3.818622112 71.363215981 18.688211057
25.820913315 12.366677284 80.698108727 6.525447933
25.920892715 20.638988495 90.874497289 4.403049951
26.023706436 23.396425247 101.437827222 4.335612221
26.119819641 34.701915741 112.357300501 3.237783797
26.208719254 47.110385895 124.175334715 2.635837775
26.306894302 61.173313141 136.514797012 2.231607052
26.409709930 73.306037903 149.493027328 2.039300331
26.494226456 92.608093262 163.001763156 1.760124385
26.589309692 103.362098694 176.922914544 1.711680749
26.692897797 122.112670898 190.990163154 1.564048692
26.772003174 140.036010742 206.109287698 1.471830614
26.870695114 158.786590576 221.346156797 1.393985197
26.954183578 179.467361450 236.589546666 1.318287318
27.054161072 205.387268066 252.204826628 1.227947716
27.133785248 229.101226807 268.294030216 1.171071993
27.231702805 251.987960815 284.720654362 1.129897847
27.312356949 276.529144287 302.212122115 1.092876206
27.399192810 302.173309326 320.158736508 1.059520238
27.490926743 325.611541748 338.096375324 1.038342724
27.570034027 358.700775146 356.688387852 0.994389788
27.657386780 387.929595947 376.018711557 0.969296273
27.742420197 422.397583008 396.024108214 0.937562439
27.827196121 456.314056396 416.076660390 0.911820827
27.905015945 489.127563477 437.758757125 0.894978713
27.982576370 520.838073730 459.683998870 0.882585245
28.067094803 567.990234375 481.496430276 0.847719558
28.140275955 602.182495117 505.048697293 0.838697075
28.218353271 639.683593750 528.478108794 0.826155484
28.303644180 684.905578613 552.899025567 0.807263136
28.386100769 730.954772949 577.747725423 0.790401468
28.457477570 770.386108398 604.134671862 0.784197255
28.530658722 821.674438477 630.440541389 0.767263179
28.602293015 868.275146484 657.604783399 0.757369120
28.679080963 920.114990234 685.778248345 0.745317983
28.755353928 972.782043457 713.397376257 0.733357879
28.831626892 1024.621826172 742.967452196 0.725113826
28.902746201 1079.770629883 773.166424139 0.716046911
28.964330673 1131.610351562 803.693620762 0.710221164
29.039316177 1194.204223633 834.764916174 0.699013535
29.114816666 1256.522338867 867.384187185 0.690305425
29.168928146 1307.534912109 901.035599748 0.689110166
29.245458603 1379.779785156 935.770838044 0.678203035
29.306785583 1436.858642578 971.950577855 0.676441335
29.374040604 1501.658447266 1008.773255397 0.671772770
29.444900513 1570.594360352 1045.886056147 0.665917364
29.503910065 1639.530273438 1083.308611667 0.660743281
29.566526413 1708.190429688 1121.811110428 0.656724854
29.631717682 1778.229370117 1162.385108127 0.653675576
29.687118530 1852.680175781 1204.125488925 0.649937050
29.758495331 1927.682495117 1247.218141496 0.647003926
29.812608719 2006.269409180 1291.506040621 0.643735101
29.866462708 2084.029052734 1335.296321240 0.640728266
29.936035156 2163.994873047 1379.678073987 0.637560694
29.992210388 2243.684814453 1425.861990462 0.635500130
30.044519424 2330.543945312 1473.810707557 0.632389151
30.097600937 2416.300292969 1521.797043744 0.629804602
30.147848129 2495.163085938 1572.336389610 0.630153756
30.216905594 2596.912353516 1623.195976106 0.625048425
30.268957138 2684.047363281 1676.745806371 0.624707980
30.316112518 2769.252197266 1728.908407181 0.624323205
30.373058319 2864.108154297 1782.551413459 0.622375734
30.427429199 2962.824462891 1838.152483020 0.620405463
30.471233368 3055.750000000 1894.899632965 0.620109509
30.520965576 3150.605712891 1951.679507402 0.619461680
30.565286636 3249.046386719 2011.167680080 0.619002452
30.611927032 3351.898681641 2069.051634198 0.617277499
30.662946701 3449.236328125 2129.905043108 0.617500467
30.713708878 3551.261474609 2193.119985502 0.617560830
30.763956070 3655.768310547 2255.321721613 0.616921405
30.800546646 3761.102294922 2315.815258184 0.615727804
30.846414566 3868.642333984 2381.869894066 0.615686251
30.894084930 3977.836914062 2449.430350481 0.615769425
30.931190491 4078.207763672 2518.563649435 0.617566293
30.974479675 4200.086425781 2585.624914157 0.615612312
31.022922516 4301.008789062 2654.092689360 0.617086088
31.056163788 4417.647949219 2723.749880123 0.616561100
31.100999832 4533.460449219 2792.686846603 0.616016590
31.144290924 4653.960449219 2863.857985900 0.615359330
31.179334641 4763.430664062 2939.668427071 0.617132616
31.221593857 4882.276367188 3012.152880956 0.616956652
31.255865097 5000.019042969 3088.558807904 0.617709409
31.294515610 5119.967285156 3169.527748616 0.619052344
31.332653046 5236.882812500 3250.096774227 0.620616670
31.362543106 5361.794433594 3330.511952683 0.621156218
31.408668518 5482.294433594 3407.823977955 0.621605428
31.436239243 5609.136718750 3492.444363510 0.622634915
31.475149155 5733.772949219 3575.906523763 0.623656806
31.513027191 5860.615234375 3658.389745918 0.624233054
31.539825439 5980.839355469 3742.279067965 0.625711350
31.577962875 6121.468750000 3831.250025149 0.625871042
31.612234116 6242.795898438 3912.872762614 0.626782106
31.641866684 6369.362304688 4002.914043318 0.628463864
31.668922424 6505.579589844 4090.397706187 0.628752235
31.699071884 6638.763671875 4177.318674423 0.629231417
31.738754272 6766.157226562 4267.836792707 0.630762285
31.769159317 6899.617187500 4355.510729085 0.631268462
31.796731949 7037.213378906 4451.739663652 0.632599784
31.823530197 7171.500488281 4549.614290849 0.634402005
31.849039078 7306.615234375 4646.100155302 0.635875848
31.878673553 7439.247558594 4753.268557670 0.638944802
31.908563614 7582.634277344 4847.102922363 0.639237334
31.939485550 7719.679199219 4951.245868732 0.641379744
31.966798782 7862.238769531 5048.071655993 0.642065422
31.997720718 7997.904296875 5146.780965787 0.643516198
32.018333435 8129.434082031 5253.549870972 0.646238080
32.048999786 8281.920898438 5359.248644540 0.647102129
32.073734283 8416.758789062 5461.927648635 0.648934796
32.098728180 8554.907226562 5563.729893033 0.650355374
32.123725891 8700.223632812 5677.755907271 0.652598847
32.150779724 8851.331054688 5800.340865328 0.655307188
32.173973083 8988.100585938 5910.654636790 0.657608866
32.193042755 9132.314453125 6012.801757066 0.658409408
32.215717316 9280.664062500 6120.130548340 0.659449637
32.239936829 9427.911132812 6236.576590853 0.661501419
32.261581421 9570.747070312 6366.429582533 0.665196722
32.286834717 9720.750976562 6487.639158166 0.667401024
32.311573029 9871.858398438 6612.250390314 0.669808067
32.336051941 10015.245117188 6735.804612658 0.672555143
32.353572845 10172.418945312 6855.271294234 0.673907684
32.374961853 10316.357421875 6961.581398119 0.674810024
32.392227173 10454.504882812 7089.549617663 0.678133465
32.415931702 10619.951171875 7200.612909289 0.678026932
32.439895630 10766.371093750 7312.149045263 0.679165615
32.457420349 10910.861328125 7433.308322151 0.681276033
32.475196838 11066.656250000 7546.661802117 0.681927913
32.493236542 11222.451171875 7659.614329860 0.682525966
32.518745422 11371.628906250 7776.421186565 0.683844087
32.538585663 11526.044921875 7893.691818308 0.684856937
32.554046631 11672.464843750 8031.729053317 0.688091946
32.571311951 11835.705078125 8162.375829509 0.689640015
32.595275879 11990.397460938 8303.223733743 0.692489449
32.610221863 12137.369140625 8437.712051702 0.695184595
32.625682831 12294.542968750 8550.551783758 0.695475367
32.647327423 12449.235351562 8665.430470008 0.696061262
32.666912079 12605.857421875 8789.146482748 0.697227185
32.677734375 12756.689453125 8918.551764596 0.699127450
32.698863983 12901.178710938 9061.613854939 0.702386507
32.718704224 13076.828125000 9203.067048871 0.703769061
32.728496552 13222.144531250 9334.146222190 0.705947980
32.749626160 13379.594726562 9459.623639176 0.707018698
32.764827728 13542.007812500 9613.581213338 0.709908113
32.778999329 13699.181640625 9763.004987010 0.712670672
32.800903320 13854.424804688 9901.834877124 0.714705592
32.809406281 14010.771484375 10027.736225374 0.715716207
32.828216553 14170.703125000 10177.121019735 0.718180385
32.841617584 14332.289062500 10321.191224796 0.720135575
32.856048584 14483.671875000 10459.016895688 0.722124678
32.876918793 14640.294921875 10583.556346664 0.722905953
32.887226105 14802.156250000 10751.672210957 0.726358514
32.905265808 14962.915039062 10873.855136358 0.726720369
32.917633057 15125.878906250 11007.006183522 0.727693660
32.930774689 15283.053710938 11150.760633219 0.729616008
32.942626953 15428.094726562 11290.576333059 0.731819225
32.958343506 15614.221679688 11421.100498062 0.731454999
32.976123810 15769.464843750 11578.656010661 0.734245336
32.983856201 15924.157226562 11725.649604872 0.736343496
33.002666473 16086.846679688 11859.425045375 0.737212537
33.011428833 16248.708007812 12026.557018994 0.740154664
33.027404785 16406.433593750 12130.279824181 0.739361163
33.037193298 16564.986328125 12302.798112271 0.742698960
33.054973602 16723.814453125 12442.192573454 0.743980544
33.062705994 16885.951171875 12597.938995142 0.746060371
33.082031250 17045.882812500 12775.863103228 0.749498471
33.086925507 17202.781250000 12886.912472699 0.749117964
33.106254578 17365.746093750 13052.134153033 0.751602268
33.113208771 17526.503906250 13172.106425606 0.751553561
33.130733490 17687.814453125 13312.020780716 0.752609703
33.137432098 17848.021484375 13483.373751603 0.755454814
33.148254395 17996.095703125 13634.407763605 0.757631432
33.162940979 18170.089843750 13810.901615636 0.760089891
33.170158386 18321.472656250 13957.029239468 0.761785338
33.186134338 18480.300781250 14115.330142933 0.763804134
33.193088531 18639.406250000 14269.999720714 0.765582311
33.209583282 18805.679687500 14465.435834196 0.769205691
33.215766907 18963.128906250 14615.511210291 0.770733104
33.229164124 19122.232421875 14820.338309282 0.775031805
33.239471436 19277.751953125 14929.459900032 0.774439880
33.246688843 19437.683593750 15106.408504078 0.777171232
33.261375427 19597.064453125 15244.042258000 0.777873762
33.268074036 19756.994140625 15429.641541917 0.780971105
33.281990051 19918.304687500 15548.062359019 0.780591652
33.291007996 20070.240234375 15743.143563065 0.784402348
33.297706604 20235.685546875 15863.983606801 0.783960769
33.312911987 20396.720703125 16015.615179098 0.785205397
33.318065643 20540.382812500 16199.854811843 0.788683198
33.327598572 20707.207031250 16316.057823782 0.787941020
33.342029572 20859.970703125 16479.639433343 0.790012588
33.345119476 21010.525390625 16614.177090183 0.790754956
33.354911804 21170.181640625 16787.410558610 0.792974328
33.367023468 21330.388671875 16888.136741885 0.791740695
33.372432709 21478.738281250 17089.732947881 0.795658140
33.387638092 21635.636718750 17280.448408907 0.798703021
33.394336700 21789.226562500 17424.164234801 0.799668781
33.399490356 21944.746093750 17634.489293877 0.803585934
33.411087036 22093.371093750 17789.330734841 0.805188609
33.419075012 22248.064453125 17993.502864765 0.808767113
33.424999237 22404.134765625 18060.470406526 0.806122200
33.435050964 22558.826171875 18200.093468468 0.806783710
33.445873260 22710.761718750 18468.524828110 0.813205874
33.450767517 22861.318359375 18678.294546944 0.817026134
33.462364197 22998.914062500 18939.310508409 0.823487164
33.472156525 23181.179687500 19139.654380910 0.825654891
33.476535797 23320.707031250 19240.672806686 0.825046718
33.485553741 23469.607421875 19447.054869425 0.828605887
33.494060516 23618.785156250 19680.447776692 0.833254024
33.497665405 23772.099609375 19829.397118307 0.834145803
33.502563477 23915.486328125 19992.759139948 0.835975437
33.514415741 24061.906250000 20010.702851136 0.831634146
33.519569397 24201.707031250 20116.407641139 0.831197883
33.526527405 24348.955078125 20308.468481903 0.834059138
33.533481598 24487.103515625 20405.765952597 0.833327059
33.547138214 24625.250000000 20532.065016187 0.833780978
33.548942566 24768.912109375 20767.307500313 0.838442456
33.549976349 24918.917968750 20973.181399482 0.841656986
33.554611206 25059.271484375 21124.407945514 0.842977736
33.561828613 25196.867187500 21278.988814150 0.844509306
33.574455261 25343.562500000 21119.331842877 0.833321355
33.574195862 25345.492187500 21043.190938690 0.830253790
33.564918518 25193.558593750 20736.664321584 0.823093897
33.554611206 25062.580078125 20442.677747294 0.815665334
33.549976349 24921.951171875 20344.778895874 0.816339730
33.548942566 24777.185546875 20258.146740444 0.817612909
33.542503357 24632.695312500 20006.454895160 0.812191059
33.528587341 24497.304687500 19989.019055089 0.815968096
33.524978638 24351.988281250 19892.107189012 0.816857620
33.520599365 24205.292968750 19712.463120679 0.814386471
33.512611389 24063.007812500 19686.239564027 0.818112171
33.503078461 23917.966796875 19720.825849909 0.824519325
33.498439789 23773.201171875 19591.597710273 0.824104317
33.495346069 23625.679687500 19447.111754161 0.823134488
33.481689453 23476.501953125 19149.163111152 0.815673611
33.473445892 23325.669921875 18952.424937891 0.812513638
33.470611572 23190.832031250 18818.150971382 0.811447858
33.455150604 23009.943359375 18608.805292235 0.808728861
33.448448181 22867.660156250 18456.901454514 0.807118058
33.444583893 22720.412109375 18232.432145147 0.802469254
33.435306549 22566.271484375 17976.943901337 0.796628894
33.421909332 22412.406250000 17872.238202463 0.797426122
33.419845581 22259.369140625 17708.443041797 0.795550086
33.408508301 22100.541015625 17495.725362449 0.791642401
33.396656036 21952.742187500 17345.529843938 0.790130440
33.393562317 21801.634765625 17165.296120376 0.787339863
33.384803772 21644.460937500 17053.670071716 0.787899968
33.370887756 21493.078125000 16811.391712811 0.782177016
33.364444733 21348.037109375 16675.185605267 0.781110953
33.348213196 21185.072265625 16606.193037083 0.783862940
33.343830109 21022.107421875 16446.937331109 0.782363871
33.335842133 20870.447265625 16331.077955580 0.782497747
33.323219299 20722.097656250 16178.484783577 0.780735862
33.317806244 20549.482421875 16061.461502998 0.781599321
33.307243347 20403.062500000 15858.705675751 0.777270847
33.293842316 20249.472656250 15746.598043571 0.777630031
33.288948059 20085.130859375 15633.850560762 0.778379323
33.274257660 19928.232421875 15467.867657218 0.776178606
33.265754700 19763.337890625 15359.396093431 0.777166093
33.257251740 19603.406250000 15225.319779727 0.776667054
33.242565155 19452.298828125 15068.186566136 0.774622408
33.237411499 19284.921875000 14936.448589832 0.774514343
33.218856812 19136.847656250 14853.988908884 0.776198315
33.213703156 18975.812500000 14679.644094199 0.773597657
33.204685211 18819.466796875 14543.110951948 0.772769553
33.190769196 18652.917968750 14328.810969975 0.768180667
33.183555603 18490.228515625 14182.131091491 0.767006805
33.165775299 18331.951171875 14028.530250992 0.765250252
33.162685394 18182.773437500 13859.026905934 0.762206434
33.141811371 18004.091796875 13728.171711037 0.762502872
33.135368347 17854.914062500 13552.025535647 0.759008164
33.124290466 17695.259765625 13402.426756979 0.757402092
33.111404419 17534.500000000 13238.887653665 0.755019399
33.099552155 17373.191406250 13115.541845217 0.754929911
33.086669922 17209.951171875 12951.694091646 0.752570066
33.075073242 17051.121093750 12797.713322422 0.750549671
33.060901642 16895.050781250 12626.882220713 0.747371664
33.053169250 16734.568359375 12491.354972371 0.746440225
33.035133362 16572.982421875 12333.854163534 0.744214520
33.025085449 16420.496093750 12168.762157435 0.741071530
33.008850098 16263.046875000 12051.978982220 0.741065255
32.998283386 16095.394531250 11893.597886252 0.738944166
32.983081818 15933.256835938 11745.279364160 0.737154964
32.970714569 15775.255859375 11609.207913692 0.735912496
32.957828522 15622.494140625 11466.136561840 0.733950447
32.937988281 15438.848632812 11319.754306641 0.733199384
32.931030273 15292.428710938 11190.124652017 0.731742803
32.910930634 15138.011718750 11026.062575024 0.728369272
32.905006409 14970.083984375 10910.244109617 0.728803133
32.883617401 14813.461914062 10780.990642983 0.727783330
32.868415833 14654.633789062 10631.146127476 0.725446045
32.854499817 14493.047851562 10495.403940529 0.724168170
32.839813232 14338.630859375 10372.299310047 0.723381431
32.827960968 14176.217773438 10241.019644514 0.722408460
32.807346344 14023.456054688 10083.491136470 0.719044656
32.798069000 13867.936523438 9949.446211544 0.717442440
32.777969360 13716.277343750 9811.342026844 0.715306477
32.759159088 13549.452148438 9668.761886563 0.713590615
32.750141144 13392.830078125 9529.913444648 0.711568308
32.726692200 13235.104492188 9388.885628226 0.709392633
32.716129303 13089.511718750 9261.326336463 0.707537954
32.697834015 12916.896484375 9118.161099865 0.705909590
32.674640656 12770.476562500 8989.878194287 0.703957926
32.666912079 12615.508789062 8852.990555880 0.701754539
32.646812439 12459.713867188 8751.099714686 0.702351579
32.624908447 12300.333984375 8611.616096595 0.700112380
32.609191895 12147.847656250 8481.429147533 0.698183694
32.595020294 11989.018554688 8345.606801466 0.696104253
32.571826935 11843.150390625 8204.223890806 0.692739991
32.550441742 11681.013671875 8070.992776647 0.690949690
32.534980774 11530.732421875 7939.007036139 0.688508479
32.517715454 11379.349609375 7819.279920892 0.687146471
32.494781494 11230.171875000 7702.033871023 0.685834015
32.476745605 11076.583007812 7587.362835815 0.684991286
32.454841614 10920.511718750 7482.571962508 0.685185104
32.438350677 10774.918945312 7369.521049941 0.683951414
32.416706085 10629.602539062 7263.824999089 0.683358100
32.393257141 10458.365234375 7155.529770081 0.684191995
32.375991821 10321.872070312 7031.778473195 0.681250303
32.357696533 10176.003906250 6928.817567679 0.680897691
32.331157684 10029.860351562 6815.999278313 0.679570706
32.311573029 9876.822265625 6696.459681782 0.677997386
32.286579132 9730.402343750 6583.727825211 0.676614141
32.261840820 9582.878906250 6478.927262371 0.676094035
32.237617493 9434.529296875 6344.578996408 0.672484954
32.218036652 9283.973632812 6219.351977866 0.669901943
32.194072723 9140.585937500 6099.482290130 0.667296641
32.174747467 8994.717773438 5987.454329322 0.665663390
32.153358459 8854.088867188 5875.449481336 0.663586007
32.126815796 8705.187500000 5765.294640436 0.662282649
32.103626251 8556.285156250 5642.543241409 0.659461804
32.079147339 8419.516601562 5528.791185434 0.656663731
32.053119659 8285.504882812 5421.541714000 0.654340537
32.025035858 8132.467285156 5319.653001330 0.654125349
32.001327515 7997.353027344 5204.370183028 0.650761591
31.972982407 7861.411132812 5100.105915218 0.648751964
31.944896698 7718.576171875 5000.042116280 0.647793324
31.919128418 7580.979980469 4889.387124092 0.644954496
31.891042709 7440.626464844 4785.588753813 0.643170138
31.853162766 7307.717773438 4679.217177225 0.640311698
31.828168869 7170.122070312 4571.590848741 0.637588984
31.798534393 7033.904296875 4476.362447181 0.636397974
31.771736145 6903.753417969 4372.543648884 0.633357448
31.743392944 6765.054199219 4283.158408668 0.633129947
31.712728500 6635.730468750 4186.181073790 0.630854597
31.673561096 6499.789062500 4098.472777204 0.630554736
31.644186020 6368.810546875 4007.321195251 0.629210300
31.617130280 6239.486816406 3922.447579582 0.628649069
31.587753296 6117.056640625 3834.895882722 0.626918485
31.541629791 5974.497070312 3752.026509678 0.628007088
31.514316559 5857.306152344 3671.883597145 0.626889478
31.487001419 5733.497070312 3586.095529355 0.625463916
31.441392899 5609.412597656 3501.046569884 0.624137824
31.410987854 5479.261230469 3422.768199719 0.624676951
31.373365402 5356.003906250 3344.060934223 0.624357449
31.335229874 5234.952636719 3258.431396945 0.622437608
31.306112289 5120.794433594 3176.795888563 0.620371688
31.258441925 4992.297851562 3100.213997194 0.620999405
31.230611801 4879.519042969 3026.424834448 0.620230151
31.181911469 4761.224609375 2954.355621028 0.620503308
31.151504517 4647.342773438 2881.799044117 0.620096082
31.104091644 4530.703125000 2807.611977009 0.619685709
31.068275452 4411.582031250 2735.332494403 0.620034372
31.024984360 4299.905761719 2665.148000187 0.619815444
30.987878799 4194.295898438 2597.544174721 0.619303988
30.944589615 4073.520019531 2528.700640670 0.620765487
30.896402359 3970.116210938 2459.501849785 0.619503742
30.853113174 3868.918212891 2391.672833925 0.618176116
30.814203262 3758.620605469 2320.965886392 0.617504699
30.767564774 3656.871337891 2255.604397723 0.616812622
30.716285706 3550.709960938 2192.970491628 0.617614651
30.670934677 3450.339355469 2131.252762735 0.617693665
30.629449844 3348.589843750 2068.339190477 0.617674689
30.583324432 3247.116210938 2007.868722115 0.618354439
30.533849716 3149.227050781 1950.630974138 0.619399917
30.482830048 3052.165283203 1890.763835507 0.619482780
30.432582855 2958.963867188 1835.833234365 0.620431109
30.381046295 2863.281005859 1778.847407433 0.621261903
30.328479767 2772.009765625 1726.086330552 0.622684073
30.277975082 2677.981201172 1671.561904484 0.624187318
30.226440430 2595.258056641 1621.188325561 0.624673266
30.162792206 2493.508544922 1571.898307944 0.630396199
30.107135773 2416.024658203 1521.970514150 0.629948254
30.047868729 2331.646972656 1472.858423971 0.631681572
29.995044708 2246.993652344 1425.670554178 0.634479120
29.942220688 2164.546386719 1379.606570601 0.637365214
29.883985519 2082.374755859 1334.940670045 0.641066487
29.814926147 2003.511962891 1290.330777989 0.644034476
29.762361526 1929.336914062 1246.963399132 0.646317079
29.704383850 1854.886108398 1204.948823818 0.649607983
29.635068893 1779.332397461 1164.003218926 0.654179748
29.581470490 1708.190429688 1124.316996894 0.658191837
29.511640549 1639.806030273 1085.946366896 0.662240745
29.453405380 1569.767089844 1048.488750723 0.667926317
29.378162384 1502.209960938 1011.929036712 0.673626898
29.323276520 1434.376953125 975.766932832 0.680272317
29.253446579 1371.783203125 940.077361645 0.685295869
29.182327271 1306.983398438 906.351688143 0.693468402
29.118423462 1251.558959961 871.510208090 0.696339714
29.045757294 1188.413574219 837.529481670 0.704745806
28.980049133 1132.713378906 804.899858551 0.710594466
28.911506653 1073.152709961 774.107759436 0.721339798
28.835235596 1019.106933594 744.411469595 0.730454720
28.758962631 964.785461426 714.250500052 0.740320546
28.690935135 921.493713379 685.425425631 0.743819969
28.615949631 868.826660156 657.423707223 0.756679942
28.543542862 820.020019531 629.573589219 0.767753926
28.471908569 772.316345215 603.225401820 0.781059996
28.394861221 726.542907715 577.116686714 0.794332558
28.316785812 679.390686035 552.020282135 0.812522593
28.235101700 641.613830566 527.434124034 0.822042947
28.153675079 597.494812012 503.711988944 0.843039937
28.084102631 564.129821777 480.374866004 0.851532480
27.987731934 521.941040039 458.233272640 0.877940682
27.910169601 488.576049805 436.174617010 0.892746620
27.831062317 455.762573242 415.330183381 0.911286288
27.753242493 419.640136719 394.950590681 0.941164956
27.671817780 387.653869629 375.213721131 0.967909134
27.575445175 355.667602539 356.097651272 1.001209131
27.495565414 326.714508057 337.534002924 1.033116053
27.412334442 300.794586182 319.207691896 1.061214884
27.316736221 272.668731689 301.234892876 1.104765079
27.238143921 248.679031372 283.855767787 1.141454373
27.143575668 221.104660034 267.389101603 1.209332728
27.057769775 200.423889160 251.570069772 1.255190042
26.969644547 178.640136719 236.232754160 1.322394611
26.877136230 160.716796875 220.815789746 1.373943446
26.780508041 139.760269165 205.968377579 1.473726251
26.697277069 121.561187744 191.218294623 1.573020947
26.594463348 102.534866333 177.075083276 1.726974342
26.507625580 85.714500427 163.205938473 1.904064513
26.413574219 72.203063965 149.671585321 2.072925678
26.312564850 58.967365265 136.779029505 2.319571663
26.218769073 45.731666565 124.301102021 2.718053186
26.128065109 37.735099792 112.405222232 2.978797535
26.027055740 23.672168732 101.302935536 4.279410843
25.927591324 18.708782196 90.648183436 4.845220950
25.828643799 10.712215424 80.481784206 7.513084924
25.739744186 3.267133951 71.144164680 21.775710988
25.638734818 -5.556663990 62.555481164 -11.257740485
25.537466049 -8.314101219 54.688463931 -6.577796263
25.434911728 -9.968564034 47.283396268 -4.743250493
25.331581116 -12.174512863 40.182145291 -3.300513601
25.228511810 -13.828975677 33.913017153 -2.452315916
25.127759933 -14.380462646 28.335325818 -1.970404327
25.020822525 -15.483437538 23.377004942 -1.509807166
24.918781281 -14.931949615 18.983075087 -1.271305863
24.816741943 -13.828975677 15.043773728 -1.087844398
24.713153839 -11.898770332 11.661479243 -0.980057512
24.610340118 -11.071537971 8.903650011 -0.804192700
24.507785797 -13.828975677 6.320609848 -0.457055533
24.404455185 -13.277487755 4.542211097 -0.342098685
24.301126480 -9.968564034 3.029281760 -0.303883463
24.198055267 -14.104719162 1.737134685 -0.123159821
24.095241547 -12.726000786 0.844221466 -0.066338316
23.991912842 -16.310668945 0.339748185 -0.020829813
23.888841629 -13.828975677 0.144657826 -0.010460487
23.786027908 -11.347282410 -0.133605655 0.011774243
23.682699203 -13.277487755 -0.248965987 0.018750986
23.579370499 -14.931949615 -0.116040948 0.007771319
23.481452942 -13.277487755 -0.131122376 0.009875541
23.372711182 -12.450257301 0.222355165 -0.017859483
23.269897461 -11.898770332 0.310278198 -0.026076493
23.167341232 -12.450257301 0.418029743 -0.033575992
23.063756943 -13.553232193 0.338301350 -0.024960935
22.960941315 -11.898770332 0.217599224 -0.018287539
22.858127594 -13.828975677 0.291917751 -0.021109138
22.754541397 -15.483437538 0.233460375 -0.015078071
22.651212692 -13.001744270 0.101250888 -0.007787485
22.548398972 -13.553232193 0.095775498 -0.007066617
22.445327759 -11.898770332 0.041903594 -0.003521674
22.341226578 -14.656207085 0.177171859 -0.012088520
22.238670349 -11.898770332 0.155411240 -0.013061118
22.136371613 -12.450257301 0.065148420 -0.005232697
22.029434204 -14.931949615 -0.011334535 0.000759079
21.928682327 -11.898770332 0.019383556 -0.001629039
21.835660934 -16.862155914 -0.122362545 0.007256637
21.714294434 -13.001744270 -0.225355696 0.017332728
21.617664337 -14.380462646 -0.313078326 0.021771089
21.516912460 -13.277487755 -0.258545779 0.019472492
21.410749435 -13.553232193 -0.321862721 0.023748042
21.309223175 -14.104719162 -0.288510489 0.020454891
21.202287674 -12.450257301 -0.341148186 0.027400894
21.098701477 -14.656207085 -0.218591097 0.014914575
20.997947693 -12.726000786 -0.273359212 0.021480371
20.889465332 -13.277487755 -0.243414779 0.018332894
20.789487839 -12.726000786 -0.396062322 0.031122293
20.684354782 -12.450257301 -0.328321618 0.026370669
20.588239670 -13.828975677 -0.618291829 0.044709879
20.478210449 -12.174512863 -0.639069349 0.052492396
20.369470596 -12.174512863 -0.394626769 0.032414173
20.274644852 -10.795795441 -0.372425187 0.034497244
20.177757263 -12.174512863 -0.099390598 0.008163825
20.055877686 -13.001744270 -0.168788724 0.012982006
19.966203690 -14.931949615 -0.067689022 0.004533167
19.863132477 -11.898770332 -0.047282135 0.003973699
19.756711960 -15.207694054 -0.089008223 0.005852842
19.654413223 -11.898770332 -0.105010372 0.008825313
19.546703339 -13.001744270 -0.149001486 0.011460115
19.443632126 -12.450257301 -0.023425272 0.001881509
19.346488953 -13.277487755 0.101282764 -0.007628157
19.231306076 -11.898770332 0.074417156 -0.006254189
19.131584167 -12.726000786 0.228036940 -0.017918979
19.030574799 -9.417076111 0.063932896 -0.006789039
18.930595398 -13.277487755 0.138206170 -0.010409060
18.819278717 -15.207694054 0.096400471 -0.006338928
18.712856293 -14.656207085 0.036426948 -0.002485428
18.611331940 -13.828975677 -0.110292725 0.007975480
18.523464203 -11.898770332 -0.659311351 0.055410041
18.401838303 -13.277487755 -0.679248665 0.051157921
18.305467606 -13.001744270 -0.680624741 0.052348725
18.205745697 -11.623025894 -0.689504182 0.059322262
18.099582672 -11.347282410 -0.686514530 0.060500348
17.992904663 -12.450257301 -0.692821498 0.055647163
17.888029099 -13.001744270 -0.695361304 0.053482155
17.784957886 -14.931949615 -0.699242718 0.046828628
17.685750961 -11.898770332 -0.700467864 0.058868929
17.577783585 -15.483437538 -0.705752023 0.045581094
17.476774216 -10.520051003 -0.708491638 0.067346787
17.373188019 -13.001744270 -0.722277822 0.055552379
