0.000000000 0.000000000 0.558309751 inf
0.000000000 0.000000000 0.558309751 inf
0.000000000 0.000000000 0.558309751 inf
0.000000000 0.000000000 0.558309751 inf
0.000000000 0.000000000 0.558309751 inf
0.000000000 0.000000000 0.558309751 inf
0.000000000 0.000000000 0.558309751 inf
0.000000000 0.000000000 0.558309751 inf
0.000000000 0.000000000 0.558309751 inf
0.000000000 0.000000000 0.558309751 inf
0.000000000 0.000000000 0.558309751 inf
0.000000000 0.000000000 0.558309751 inf
13.077690125 5.007886887 0.558309751 0.111486095
12.934163094 7.220853806 0.558309751 0.077319077
13.039811134 7.744672775 0.558309751 0.072089521
13.142883301 7.715150833 0.558309751 0.072365371
13.238480568 8.042687416 0.557314719 0.069294589
13.330730438 7.767413139 0.555481654 0.071514370
13.425040245 7.472190857 0.552305163 0.073914756
13.529142380 7.736693859 0.550335566 0.071133171
13.630410194 8.185112000 0.549279022 0.067107087
13.733223915 8.384186745 0.546571346 0.065190741
13.834749222 7.737492085 0.544486543 0.070369900
13.939366341 7.202501774 0.539928828 0.074964067
14.038057327 8.333919525 0.536569937 0.064383863
14.135974884 7.520463943 0.529089563 0.070353314
14.227192879 8.102130890 0.511035212 0.063074174
14.328203201 7.996408939 0.201946420 0.025254639
14.429212570 7.793744087 0.041894526 0.005375404
14.531768799 8.237374306 0.010887632 0.001321736
14.634581566 7.651718140 0.025439312 0.003324654
14.738427162 8.000000000 0.022428723 0.002803590
14.840209961 7.839223862 0.033340468 0.004253032
14.941992760 7.540810108 0.020045092 0.002658215
15.022645950 7.847601891 -0.014075654 -0.001793625
15.125202179 8.125269890 -0.010448092 -0.001285876
15.228015900 7.785765171 0.013670932 0.001755888
15.330313683 8.031517029 0.043161664 0.005374036
15.423077583 7.595466137 0.022482446 0.002959982
15.525633812 8.138435364 -0.041428450 -0.005090469
15.621489525 7.861565113 -0.010060554 -0.001279714
15.718634605 7.862761974 -0.006932436 -0.000881679
15.820675850 7.710762024 0.042311345 0.005487310
15.923488617 7.686028004 0.060607316 0.007885388
16.026044846 7.980052948 0.042872276 0.005372430
16.126539230 8.219820023 0.061223870 0.007448322
16.228580475 7.994016171 0.064340263 0.008048553
16.320314407 7.893480778 0.087096253 0.011033948
16.420551300 7.777785778 0.074670427 0.009600474
16.516407013 7.753449917 0.050213579 0.006476289
16.618963242 8.110110283 0.018060389 0.002226898
16.722034454 7.990824223 0.016265749 0.002035553
16.822013855 7.853984833 0.055739985 0.007097032
16.914005280 7.684432030 0.057376580 0.007466600
17.008573532 7.539215088 0.030509833 0.004046818
17.109840393 7.923800945 0.024740308 0.003122278
17.211622238 8.300008774 0.012582972 0.001516019
17.314952850 8.485918999 0.009788426 0.001153490
17.415962219 8.116891861 -0.006315045 -0.000778013
17.509498596 7.750657082 -0.020311155 -0.002620572
17.602521896 7.864756107 -0.020707329 -0.002632927
17.702243805 8.217427254 -0.002766099 -0.000336614
17.804798126 8.205857277 0.011396095 0.001388776
17.907611847 7.814888000 0.020935648 0.002678944
18.009395599 7.931779861 -0.008772678 -0.001106016
18.109632492 7.506501198 -0.021223058 -0.002827290
18.191316605 7.681240082 -0.033224718 -0.004325437
18.294387817 8.696563721 -0.034896276 -0.004012651
18.396944046 7.871539116 -0.035294100 -0.004483761
18.499242783 7.860367775 -0.043072852 -0.005479750
18.592264175 7.641744137 -0.070442860 -0.009218165
18.684770584 7.800127029 -0.078811229 -0.010103839
18.784748077 7.949333191 -0.043495522 -0.005471594
18.886789322 7.901061058 0.006823668 0.000863639
18.989345551 7.974466801 0.027119708 0.003400818
19.081336975 7.901061058 0.021017471 0.002660082
19.173328400 7.938961029 0.042164505 0.005311086
19.273565292 8.100135803 0.064465316 0.007958548
19.376379013 8.138435364 0.066474658 0.008167990
19.478935242 7.639750004 0.057980905 0.007589372
19.577882767 7.937764168 0.054714648 0.006892955
19.670389175 7.575119972 0.044230391 0.005838903
19.763153076 7.835632801 0.007423943 0.000947459
19.865968704 7.992021084 0.048615205 0.006082968
19.965431213 8.063432693 0.027166361 0.003369081
20.057422638 7.928587914 0.030582276 0.003857216
20.151475906 7.850792885 -0.000123349 -0.000015712
20.252742767 8.151201248 0.003005550 0.000368725
20.355813980 8.184713364 0.014749787 0.001802114
20.454246521 8.072608948 0.022597630 0.002799297
20.541084290 8.032713890 0.063537799 0.007909879
20.639259338 8.372219086 0.071470155 0.008536584
20.742073059 8.043884277 0.080244881 0.009975887
20.836641312 7.716348171 0.082633127 0.010708839
20.927345276 7.932578087 0.100667522 0.012690392
21.025777817 7.900661945 0.055068133 0.006970066
21.128591537 8.235777855 0.036175731 0.004392509
21.227798462 7.675654888 -0.001956919 -0.000254951
21.309223175 7.842414856 -0.020716150 -0.002641552
21.413068771 7.660494804 -0.030700092 -0.004007586
21.515108109 8.060640335 -0.046599671 -0.005781138
21.613283157 7.758635998 -0.046764770 -0.006027447
21.699863434 8.143621445 -0.062440408 -0.007667401
21.798555374 8.144020081 -0.059128106 -0.007260309
21.901626587 8.145216942 -0.026741723 -0.003283120
21.994132996 8.615576744 -0.013352362 -0.001549793
22.082773209 8.205059052 -0.016181343 -0.001972118
22.184814453 8.197079659 0.027853559 0.003397986
22.273456573 7.936566830 0.023528809 0.002964608
22.365962982 8.136440277 0.006715898 0.000825410
22.468776703 7.653713226 0.002267150 0.000296216
22.559993744 7.762626171 -0.016601197 -0.002138606
22.649665833 7.833240032 -0.006087321 -0.000777114
22.751707077 7.883506775 -0.029879905 -0.003790179
22.829526901 7.857974052 -0.044975354 -0.005723531
22.934143066 7.678448200 -0.050019134 -0.006514224
23.035411835 8.049867630 -0.026136975 -0.003246883
23.126113892 7.896671772 -0.061648823 -0.007806937
23.216043472 7.877123833 -0.062758629 -0.007967201
23.316280365 8.282854080 -0.074525086 -0.008997513
23.400026321 8.109312057 -0.064114836 -0.007906322
23.499490738 7.896273136 -0.026585780 -0.003366877
23.584781647 8.261710167 0.005232742 0.000633373
23.679864883 7.842016220 0.027932778 0.003561938
23.778297424 7.986435890 0.030929335 0.003872733
23.860239029 7.966487885 0.069114689 0.008675679
23.962795258 7.777785778 0.150779967 0.019385976
24.041902542 7.867948055 0.682811140 0.086783890
24.143684387 7.911034107 2.143943287 0.271006705
24.228977203 7.887097836 4.996058552 0.633447011
24.321741104 8.245752335 9.403278368 1.140378462
24.403682709 8.303200722 15.353057156 1.849052874
24.504177094 7.717545033 23.314001910 3.020909086
24.583541870 7.835234165 33.194432435 4.236559078
24.683521271 7.648924828 45.131498383 5.900371542
24.762886047 7.959307194 59.027951125 7.416217227
24.864154816 7.852787971 75.161823344 9.571355246
24.942487717 8.156388283 93.478550354 11.460777383
25.037313461 8.018351555 114.227912757 14.245809999
25.122863770 7.984440804 137.280199608 17.193464513
25.202228546 8.308786392 162.685850811 19.579977524
25.297569275 9.509619713 190.917007575 20.076197928
25.380540848 16.403846741 221.553960600 13.506219858
25.456041336 31.141397476 255.440489128 8.202601997
25.520717621 54.199813843 291.818941452 5.384131803
25.586942673 80.966850281 331.479296236 4.094012489
25.646980286 109.535148621 374.043440096 3.414825696
25.715522766 145.713378906 420.687321889 2.887087823
25.774789810 182.645217896 465.864851657 2.550654526
25.843074799 221.765304565 508.039986022 2.290890304
25.896156311 261.853637695 547.273684269 2.089998402
25.947948456 305.842468262 586.366858711 1.917218567
25.999485016 351.305023193 623.208116641 1.773980090
26.051277161 397.607360840 661.419982536 1.663500347
26.102556229 444.431945801 699.212628886 1.573272658
26.154092789 492.643646240 737.727523556 1.497487137
26.205369949 542.569641113 777.896722733 1.433726961
26.256904602 593.685668945 814.910467887 1.372629508
26.300195694 646.596984863 849.727811133 1.314153686
26.338331223 698.691711426 882.906504527 1.263656760
26.386001587 752.773132324 916.227240985 1.217135949
26.436506271 806.037536621 945.217570433 1.172671901
26.484178543 866.794555664 963.575740427 1.111654122
26.482889175 866.918212891 963.947471764 1.111924352
26.437280655 806.649902344 950.534209512 1.178372683
26.387033463 752.940673828 921.212594759 1.223486294
26.342712402 699.545837402 888.588541234 1.270236336
26.305606842 645.883300781 854.397794828 1.322836175
26.257677078 593.038208008 818.483253758 1.380152649
26.206142426 542.244506836 781.186774516 1.440654105
26.154607773 491.951080322 740.335963098 1.504897525
26.104101181 443.216735840 701.060696295 1.581755921
26.053855896 395.936584473 663.261684045 1.675171505
26.001287460 350.079864502 624.487436568 1.783842774
25.948722839 304.188812256 587.047408691 1.929878368
25.896928787 260.863433838 547.765670777 2.099817758
25.844877243 221.069534302 508.199167469 2.298820455
25.780199051 181.567260742 466.224217797 2.567776899
25.717069626 146.003417969 420.781296341 2.881996204
25.659091949 110.117210388 374.139093540 3.397644130
25.589260101 82.439369202 331.435426584 4.020353744
25.527675629 55.181228638 291.680403797 5.285862802
25.458875656 32.758735657 255.138248496 7.788403410
25.381830215 16.774070740 221.268257444 13.191088846
25.302722931 10.104850769 190.595616922 18.861794328
25.204805374 7.791349888 162.347004698 20.836826357
25.124408722 7.760631084 136.975762380 17.650080372
25.043239594 7.879518032 113.997171720 14.467531041
24.944549561 7.784169197 93.477720108 12.008695821
24.866472244 7.692410946 75.236451738 9.780607441
24.767009735 7.741480827 59.230450580 7.651049186
24.685583115 7.736693859 45.470388877 5.877237707
24.590499878 7.370059967 33.597660539 4.558668544
24.506238937 7.871938229 23.810387756 3.024717301
24.408321381 7.480967999 15.867264813 2.121017603
24.324575424 7.716746807 9.846334919 1.275969676
24.232069016 7.697197914 5.351480712 0.695250502
24.145231247 7.501712799 2.415004531 0.321927085
24.045509338 7.591077805 0.847258291 0.111612384
23.964857101 7.732705116 0.247679544 0.032030129
23.863330841 8.023937225 0.067896310 0.008461720
23.780616760 7.747066975 0.052948352 0.006834632
23.681409836 7.534825802 0.048803116 0.006477006
23.594057083 7.552380085 0.041224710 0.005458506
23.501035690 7.523256779 0.038160607 0.005072352
23.403375626 7.857175827 0.005920643 0.000753533
23.320144653 7.430700779 0.004514144 0.000607499
23.217847824 7.545598030 0.006535746 0.000866167
23.129978180 7.396790028 0.016765851 0.002266639
23.037214279 7.477777004 0.015194508 0.002031955
22.938781738 7.560758114 0.033250770 0.004397809
22.832876205 7.427907944 0.061658980 0.008300989
22.753768921 7.656105995 0.046511913 0.006075140
22.651470184 7.313409805 0.057053656 0.007801239
22.567466736 7.828851223 0.045216163 0.005775581
22.470321655 7.913029194 0.036275302 0.004584250
22.367250443 7.720336914 0.021816959 0.002825908
22.276033401 7.587885857 0.027390383 0.003609752
22.186876297 7.504905224 0.042629669 0.005680241
22.084835052 7.512485027 0.069613757 0.009266409
21.996967316 8.034708023 0.082274450 0.010239881
21.903430939 7.538815975 0.037365898 0.004956468
21.800615311 7.478175163 0.064139220 0.008576855
21.702955246 7.717145920 0.051637320 0.006691246
21.617406845 7.395593166 0.081528309 0.011023904
21.516912460 7.471792221 0.082565620 0.011050310
21.416418076 7.065264225 0.063181588 0.008942565
21.311285019 7.709167004 0.085367855 0.011073551
21.230890274 7.521660805 0.088553755 0.011773165
21.130395889 7.774195194 0.068290506 0.008784254
21.027580261 7.593871117 0.034307736 0.004517819
20.930952072 7.368065834 -0.007689827 -0.001043670
20.841794968 7.301441193 -0.039002207 -0.005341714
20.743619919 7.343729973 -0.040119291 -0.005463067
20.641063690 7.129096031 -0.036901885 -0.005176236
20.539281845 7.353304863 -0.023113783 -0.003143319
20.451927185 7.895474911 -0.051638148 -0.006540221
20.357360840 7.221652031 -0.046837367 -0.006485686
20.254289627 7.702383995 -0.047297236 -0.006140597
20.151990891 7.203699112 -0.081062678 -0.011252924
20.060514450 7.559162140 -0.097106740 -0.012846231
19.970069885 7.801323891 -0.099944777 -0.012811259
19.867771149 7.295456886 -0.097568942 -0.013373932
19.764957428 7.348916054 -0.089367259 -0.012160604
19.672451019 8.061437607 -0.102991711 -0.012775849
19.582521439 7.789354801 -0.130723486 -0.016782325
19.480995178 7.824862003 -0.126489653 -0.016165097
19.378183365 7.854783058 -0.093547820 -0.011909663
19.276399612 7.523655891 -0.054218832 -0.007206448
19.175132751 7.537619114 -0.056507973 -0.007496793
19.082626343 7.362480164 -0.042435769 -0.005763787
18.991664886 7.474185944 -0.024074379 -0.003221003
18.888593674 7.430302143 -0.046924594 -0.006315301
18.786552429 7.572327137 -0.020214395 -0.002669509
18.688377380 7.859969139 -0.000821265 -0.000104487
18.592521667 7.925396919 0.014446594 0.001822823
18.497953415 7.668075085 0.018812486 0.002453352
18.399005890 8.029123306 0.025060483 0.003121198
18.296449661 7.320590973 0.036099512 0.004931229
18.193378448 7.840022087 0.042855689 0.005466271
18.111694336 7.820074081 0.017059000 0.002181437
18.012229919 7.500117779 0.014434315 0.001924545
17.909673691 7.271121025 0.001463176 0.000201231
17.806859970 7.233221054 -0.005965643 -0.000824756
17.704561234 7.853187084 -0.017727823 -0.002257405
17.605871201 7.849995136 -0.015167189 -0.001932127
17.511045456 7.590280056 0.036908486 0.004862599
17.419054031 7.697197914 0.050571861 0.006570165
17.316755295 7.599057198 0.060953087 0.008021138
17.214458466 7.231625080 0.062447550 0.008635341
17.112159729 7.792547226 0.040396501 0.005183992
17.010892868 7.632966995 0.030154616 0.003950576
16.921220779 7.349713802 -0.009177891 -0.001248741
16.825105667 7.780976772 -0.019324645 -0.002483576
16.724096298 7.824063778 0.004023692 0.000514271
16.621025085 7.627780914 -0.027835285 -0.003649198
16.521045685 7.511686802 -0.053608079 -0.007136623
16.422870636 7.623393059 -0.066183575 -0.008681643
16.325468063 7.488946915 -0.055178754 -0.007368026
16.232702255 7.887895107 -0.024663808 -0.003126792
16.130147934 7.663685799 -0.031898742 -0.004162324
16.028621674 7.052497864 -0.044229515 -0.006271468
15.925292969 7.538416862 -0.053828863 -0.007140606
15.823767662 7.640945911 -0.055183324 -0.007222054
15.723273277 7.647728920 -0.034707571 -0.004538285
15.629994392 7.733102798 0.004957322 0.000641052
15.528468132 7.463015079 -0.005946202 -0.000796756
15.430808067 8.180724144 0.021513490 0.002629778
15.332633018 7.354502201 0.072233782 0.009821709
15.230591774 7.514879227 0.068162167 0.009070294
15.127005577 7.880314827 0.064759040 0.008217824
15.028057098 7.802521229 0.067971884 0.008711528
14.943281174 7.927790165 0.083573719 0.010541868
14.842785835 7.813691139 0.068421112 0.008756567
14.739973068 7.569933891 0.048591821 0.006419055
14.637159348 7.551581860 0.041495555 0.005494949
14.534088135 7.619003773 0.035174862 0.004616727
14.431531906 7.834036827 0.078225599 0.009985350
14.331295013 7.601450920 0.071916424 0.009460881
14.232604027 7.342533112 0.061134890 0.008326131
14.141901016 7.399184227 0.487396289 0.065871625
14.043725967 7.644536972 0.512851696 0.067087346
13.940397263 7.173778057 0.524286377 0.073083719
13.837326050 7.063667774 0.528035915 0.074753787
13.735284805 7.484159946 0.533817351 0.071326288
13.632213593 7.407561779 0.537941212 0.072620550
13.534037590 7.479771137 0.540012147 0.072196346
13.428647995 7.389210224 0.542048716 0.073356786
13.341036797 7.769806862 0.543331008 0.069928509
13.243635178 8.001196861 0.544855075 0.068096697
13.142367363 7.397986889 0.547251233 0.073972993
13.039553642 7.592275143 0.549624840 0.072392640
