0.000000000 0.000000000 -0.531818710 -inf
0.000000000 0.000000000 -0.531818710 -inf
0.000000000 0.000000000 -0.531818710 -inf
0.000000000 0.000000000 -0.531818710 -inf
0.000000000 0.000000000 -0.531818710 -inf
0.000000000 0.000000000 -0.531818710 -inf
0.000000000 0.000000000 -0.531818710 -inf
0.000000000 0.000000000 -0.531818710 -inf
0.000000000 0.000000000 -0.531818710 -inf
0.000000000 0.000000000 -0.531818710 -inf
0.000000000 0.000000000 -0.531818710 -inf
0.000000000 0.000000000 -0.531818710 -inf
12.577020645 -7.762613773 -0.531818710 0.068510263
12.682153702 -6.383894920 -0.531818710 0.083306307
12.782648087 -9.692819595 -0.531818710 0.054867287
12.885461807 -7.762613773 -0.531818710 0.068510263
12.986729622 -8.038357735 -0.525680951 0.065396561
13.092892647 -5.832407951 -0.528016895 0.090531544
13.195191383 -5.280920982 -0.517175749 0.097932870
13.297746658 -3.626457930 -0.523724320 0.144417592
13.401848793 -7.211126804 -0.525160189 0.072826370
13.505694389 -9.141331673 -0.523915350 0.057312804
13.612629890 -7.211126804 -0.530522052 0.073569924
13.712866783 -5.280920982 -0.538369018 0.101946047
13.812846184 -7.762613773 -0.541509554 0.069758662
13.934212685 -6.659638882 -0.540536910 0.081166099
14.022596359 -9.417076111 -0.513742379 0.054554341
14.124379158 -11.347282410 -0.387112661 0.034115011
14.227707863 -5.280920982 -0.273418394 0.051774756
14.334386826 -6.108151913 -0.147393570 0.024130633
14.433336258 -7.211126804 -0.341543183 0.047363358
14.536922455 -6.383894920 -0.323455957 0.050667494
14.639221191 -8.314101219 -0.230171852 0.027684514
14.743838310 -5.280920982 -0.123369169 0.023361298
14.846393585 -9.417076111 0.006261408 -0.000664899
14.947146416 -8.314101219 0.263587426 -0.031703659
15.055628777 -7.762613773 0.195879503 -0.025233705
15.156123161 -9.692819595 -0.019151523 0.001975846
15.261256218 -9.968564034 0.163171435 -0.016368600
15.361234665 -8.865589142 0.230152954 -0.025960255
15.461471558 -8.038357735 0.235642492 -0.029314756
15.579488754 -5.280920982 0.274837749 -0.052043526
15.669160843 -8.314101219 0.129643943 -0.015593260
15.771717072 -5.280920982 -0.157118422 0.029752087
15.877880096 -6.383894920 -0.011585518 0.001814804
15.983785629 -8.314101219 0.040998125 -0.004931155
16.082992554 -6.659638882 -0.048952998 0.007350699
16.185548782 -5.005177021 0.099702346 -0.019919844
16.289907455 -6.935382843 0.095382938 -0.013753089
16.395040512 -7.211126804 0.226749376 -0.031444375
16.493730545 -6.935382843 0.060586880 -0.008735910
16.596803665 -8.865589142 -0.007251268 0.000817912
16.702709198 -9.417076111 0.038977154 -0.004138987
16.803718567 -4.729433060 -0.298371297 0.063088174
16.909366608 -8.589844704 -0.582385495 0.067799304
17.010892868 -7.211126804 -0.862518434 0.119609384
17.109840393 -7.762613773 -0.985965715 0.127014656
17.233783722 -8.038357735 -0.802439422 0.099826289
17.320106506 -8.314101219 -0.847682255 0.101957173
17.421888351 -7.211126804 -0.673074548 0.093338332
17.530628204 -8.038357735 -0.446580460 0.055556181
17.639112473 -9.417076111 -0.472031215 0.050125029
17.734968185 -6.383894920 -0.266574091 0.041757280
17.838554382 -6.935382843 -0.205149652 0.029580148
17.941625595 -7.762613773 -0.294820401 0.037979527
18.050624847 -8.589844704 -0.193833155 0.022565385
18.144418716 -8.038357735 -0.123861654 0.015408826
18.247747421 -6.659638882 -0.122095074 0.018333588
18.355714798 -11.071537971 -0.273845424 0.024734181
18.456983566 -9.968564034 -0.101298902 0.010161835
18.560054779 -11.071537971 0.038303288 -0.003459618
18.661064148 -9.417076111 0.041688843 -0.004426941
18.759496689 -7.211126804 0.227027960 -0.031483008
18.884212494 -8.038357735 0.143320352 -0.017829556
18.976203918 -7.486869812 0.046735388 -0.006242313
19.072834015 -5.556663990 0.024479404 -0.004405414
19.182861328 -7.762613773 -0.073353871 0.009449636
19.292118073 -5.556663990 -0.201188040 0.036206623
19.387201309 -9.692819595 -0.205832769 0.021235593
19.497488022 -10.520051003 -0.052027622 0.004945568
19.593601227 -7.211126804 -0.077798733 0.010788707
19.699249268 -8.038357735 -0.035850318 0.004459906
19.795879364 -7.211126804 0.004078267 -0.000565552
19.901784897 -9.141331673 0.098346727 -0.010758468
20.008464813 -8.589844704 -0.108808010 0.012667052
20.107154846 -5.280920982 -0.270955103 0.051308305
20.211772919 -8.865589142 -0.472351188 0.053279165
20.313554764 -5.280920982 -0.530461740 0.100448717
20.409927368 -9.417076111 -0.406401564 0.043155812
20.533611298 -9.417076111 -0.334185181 0.035487149
20.622253418 -9.417076111 -0.343834649 0.036511826
20.724552155 -9.968564034 -0.176954461 0.017751249
20.828138351 -9.141331673 0.040221756 -0.004399989
20.942548752 -10.244306564 0.255663696 -0.024956662
21.033250809 -7.211126804 0.122623294 -0.017004734
21.138383865 -9.417076111 -0.570793172 0.060612569
21.239908218 -7.486869812 -0.522371338 0.069771660
21.346330643 -8.038357735 -0.469781736 0.058442502
21.444246292 -8.589844704 -0.364315439 0.042412343
21.547576904 -9.141331673 -0.310945226 0.034015310
21.653739929 -9.417076111 -0.407995267 0.043325047
21.754491806 -8.865589142 -0.194037792 0.021886621
21.856275558 -8.038357735 -0.272918853 0.033952066
21.961149216 -7.211126804 -0.122320153 0.016962696
22.056749344 -7.211126804 -0.213519298 0.029609700
22.179918289 -9.141331673 -0.188395694 0.020609218
22.268560410 -8.314101219 -0.250209475 0.030094591
22.372146606 -5.280920982 -0.314464074 0.059547203
22.478309631 -7.486869812 -0.428303873 0.057207335
22.581382751 -9.141331673 -0.572516660 0.062629459
22.700170517 -17.689386368 -0.511926169 0.028939736
22.784690857 -9.141331673 -0.629023128 0.068810886
22.884668350 -8.314101219 -0.522909220 0.062894257
22.987482071 -8.314101219 -0.527224979 0.063413346
23.089008331 -7.211126804 -0.639020287 0.088615872
23.193109512 -10.244306564 -0.530315259 0.051766828
23.294635773 -8.589844704 -0.623645190 0.072602615
23.398479462 -9.968564034 -0.629239674 0.063122399
23.502323151 -9.968564034 -0.498459033 0.050003093
23.603849411 -9.968564034 -0.265634025 0.026647171
23.704858780 -8.038357735 -0.177070551 0.022028200
23.809476852 -9.417076111 -0.167448611 0.017781380
23.910743713 -8.865589142 -0.087912617 0.009916162
24.012784958 -10.520051003 0.316692475 -0.030103701
24.116886139 -9.968564034 0.572444223 -0.057424943
24.219957352 -9.692819595 0.820540706 -0.084654491
24.323286057 -10.520051003 0.712982463 -0.067773670
24.426101685 -8.865589142 1.097915397 -0.123840095
24.528913498 -10.244306564 1.622228647 -0.158354168
24.631212234 -11.623025894 2.229121171 -0.191784927
24.730161667 -7.486869812 3.145039647 -0.420074040
24.835809708 -10.520051003 4.057341234 -0.385676955
24.938880920 -9.692819595 5.223394130 -0.538893155
25.037055969 -8.314101219 6.622217528 -0.796504319
25.137035370 -7.486869812 8.228297880 -1.099030447
25.238302231 -9.968564034 10.235326908 -1.026760411
25.330293655 -9.417076111 12.600236102 -1.338019992
25.448310852 -9.141331673 15.008752018 -1.641856193
25.537466049 -6.935382843 17.764825067 -2.561477206
25.638477325 -7.211126804 20.769965191 -2.880266254
25.742578506 -5.556663990 23.922914023 -4.305265545
25.844104767 -2.247740030 27.267764642 -12.131191452
25.947175980 -1.971995950 31.048045688 -15.744477413
26.049474716 -0.041790001 34.872683004 -834.474326168
26.151773453 1.888416052 38.967259584 20.634891101
26.253812790 6.576058865 43.387321097 6.597769574
26.343484879 10.712215424 48.142447694 4.494163512
26.439083099 14.572627068 53.066549047 3.641522479
26.541124344 21.466218948 58.329709836 2.717279181
26.642650604 26.981092453 63.926401976 2.369303692
26.745462418 36.080635071 69.996915774 1.940013407
26.838485718 42.974227905 75.975761290 1.767937785
26.926353455 48.489101410 82.421845264 1.699801458
27.044370651 57.312900543 88.886424037 1.550897323
27.132238388 67.515419006 95.883400172 1.420170408
27.231702805 74.409011841 102.873204431 1.382536898
27.321374893 82.681320190 110.231501899 1.333209262
27.416715622 96.744255066 117.828199776 1.217934850
27.517210007 102.534866333 125.663317600 1.225566698
27.601985931 115.494827271 133.739537110 1.157969931
27.699131012 130.384979248 141.836303618 1.087827021
27.801170349 140.311752319 150.190643915 1.070406730
27.883113861 155.753402710 159.076411875 1.021335066
27.982576370 171.195053101 168.317525802 0.983191528
28.077402115 186.360961914 177.998692857 0.955128644
28.163724899 205.111526489 188.227003389 0.917681257
28.265764236 220.001693726 199.012231108 0.904594086
28.345903397 239.855239868 210.389582613 0.877152330
28.433256149 257.227081299 222.464195049 0.864855263
28.530658722 279.010833740 234.434056518 0.840232809
28.623165131 297.209930420 247.219790745 0.831801920
28.704591751 320.372406006 260.285814660 0.812447670
28.796325684 341.328918457 274.034816272 0.802846760
28.884708405 366.973083496 288.654907854 0.786583324
28.964847565 391.790008545 303.611864256 0.774935189
29.057096481 415.779724121 319.383259783 0.768154966
29.141614914 441.423889160 335.941315934 0.761040180
29.219947815 470.101226807 352.637070711 0.750130080
29.301374435 499.054321289 370.757968906 0.742921067
29.392850876 530.213378906 389.493711066 0.734598044
29.477111816 565.508544922 408.598175245 0.722532275
29.554929733 598.597778320 429.159601704 0.716941521
29.632749557 633.617248535 450.033758881 0.710261218
29.712629318 671.945617676 472.458726197 0.703120481
29.787870407 705.034851074 495.952235547 0.703443574
29.877542496 745.844970703 519.829279887 0.696966931
29.947889328 784.724792480 545.024192315 0.694541829
30.022359848 827.465087891 571.533676985 0.690704279
30.101207733 871.308349609 598.685415509 0.687110844
30.175676346 920.114990234 627.169259016 0.681620521
30.250404358 964.233947754 657.291642895 0.681672373
30.327449799 1013.316345215 687.700089437 0.678662782
30.403465271 1063.777465820 719.452666480 0.676318769
30.470718384 1117.547485352 753.228816910 0.674001621
30.535137177 1169.662963867 788.758881207 0.674347146
30.611152649 1222.605834961 824.879961249 0.674690025
30.677377701 1281.890747070 862.845896439 0.673104083
30.742568970 1341.451416016 902.829889836 0.673024665
30.815750122 1405.148193359 944.510689865 0.672178703
30.871150970 1465.536010742 987.996125064 0.674153428
30.941238403 1526.751098633 1033.643200175 0.677021422
31.000505447 1601.477661133 1078.988420151 0.673745533
31.062864304 1666.828979492 1127.497516518 0.676432634
31.125221252 1736.867797852 1178.430001088 0.678479964
31.181652069 1809.388427734 1230.685962750 0.680166814
31.247619629 1887.148193359 1285.308318885 0.681084996
31.303020477 1958.565795898 1342.080656892 0.685236442
31.358421326 2038.807250977 1400.196896137 0.686772570
31.410987854 2119.600097656 1459.069585395 0.688370220
31.466129303 2203.977783203 1521.504586870 0.690344793
31.518953323 2286.149414062 1587.199744055 0.694267721
31.572551727 2376.593261719 1653.517342267 0.695751086
31.622541428 2465.934082031 1722.273185514 0.698426287
31.673303604 2553.069091797 1794.739024275 0.702973151
31.726127625 2645.718994141 1867.208847409 0.705747228
31.772251129 2741.677978516 1944.643456091 0.709289520
31.820953369 2829.916015625 2023.232671506 0.714944422
31.871715546 2937.731689453 2106.096932284 0.716912623
31.915006638 3036.723632812 2190.631312333 0.721379874
31.954946518 3131.855224609 2277.071771780 0.727068018
32.001327515 3235.810546875 2367.728272941 0.731726484
32.045131683 3347.211181641 2459.357742247 0.734748305
32.081466675 3448.408935547 2554.415612024 0.740751941
32.125785828 3556.224853516 2653.618558755 0.746189757
32.162120819 3667.625244141 2756.527508014 0.751583743
32.205924988 3783.989013672 2862.385595813 0.756446593
32.239681244 3895.941162109 2971.501894750 0.762717344
32.279876709 4010.374755859 3083.095113457 0.768779803
32.313117981 4130.323242188 3198.789275737 0.774464633
32.350482941 4246.135742188 3317.914054470 0.781396134
32.388103485 4370.220214844 3439.522257784 0.787036371
32.416961670 4494.580566406 3566.486601878 0.793508215
32.446853638 4606.256835938 3693.239852423 0.801787652
32.487567902 4740.819824219 3821.701569137 0.806126727
32.515655518 4860.492675781 3956.198209775 0.813950040
32.543739319 4982.646972656 4093.651400479 0.821581666
32.572601318 5115.831054688 4231.644317130 0.827166549
32.601974487 5250.394042969 4374.115623303 0.833102351
32.630062103 5384.129882812 4527.124371551 0.840827482
32.658924103 5510.972167969 4674.091670382 0.848142855
32.685722351 5641.123046875 4830.650575021 0.856327815
32.714839935 5780.925292969 4986.216685375 0.862529168
32.740093231 5908.870117188 5149.644687126 0.871510895
32.766376495 6043.984375000 5309.527009189 0.878481260
32.789825439 6182.683593750 5481.087105467 0.886522337
32.811985016 6326.346191406 5648.050844192 0.892782449
32.835948944 6465.045410156 5810.861407674 0.898812157
32.860427856 6604.295898438 5989.764144101 0.906949694
32.878463745 6736.101074219 6176.583309654 0.916937445
32.905780792 6902.650390625 6350.160274812 0.919959713
32.928710938 7031.422851562 6532.961118874 0.929109407
32.948295593 7172.603515625 6720.257801396 0.936934237
32.966075897 7316.541992188 6916.203280749 0.945283071
32.986946106 7476.197265625 7116.815878509 0.951929922
33.008594513 7606.348632812 7322.170049164 0.962639290
33.027660370 7759.937500000 7532.073823753 0.970635888
33.043636322 7905.254394531 7738.082593153 0.978853078
33.063220978 8052.777343750 7946.958764420 0.986859369
33.081256866 8194.785156250 8155.119226582 0.995159613
33.096977234 8348.098632812 8365.521690264 1.002087069
33.117332458 8496.173828125 8578.169834177 1.009650933
33.135112762 8643.420898438 8807.572858691 1.018991550
33.149543762 8798.388671875 9044.663974197 1.027990955
33.164745331 8949.220703125 9269.221114549 1.035757349
33.178661346 9087.918945312 9514.350860682 1.046922944
33.195926666 9257.501953125 9740.810687428 1.052207252
33.210868835 9398.682617188 9965.731344353 1.060332788
33.224269867 9546.756835938 10194.468914533 1.067846295
33.239471436 9701.724609375 10444.840429519 1.076596260
33.255706787 9861.380859375 10707.777135551 1.085829387
33.265499115 10008.351562500 10944.818252171 1.093568525
33.283020020 10160.010742188 11193.139228030 1.101685767
33.292552948 10309.188476562 11440.201415972 1.109709212
33.307758331 10468.843750000 11693.346055237 1.116966337
33.317035675 10611.678710938 11961.660126744 1.127216575
33.332752228 10772.437500000 12229.475083029 1.135256072
33.343315125 10925.475585938 12482.249928575 1.142490304
33.353366852 11080.995117188 12742.020962406 1.149898617
33.368568420 11234.583984375 13009.348233881 1.157973295
33.379905701 11387.897460938 13281.167761557 1.166252841
33.392532349 11529.905273438 13570.517656340 1.176984315
33.401809692 11697.557617188 13853.750292597 1.184328451
33.412372589 11840.944335938 14126.448808639 1.193017078
33.421134949 11989.845703125 14412.015782178 1.202018453
33.430412292 12148.123046875 14689.782505694 1.209222400
33.443553925 12306.675781250 14939.395720769 1.213926164
33.451026917 12450.614257812 15264.295502151 1.225987344
33.465972900 12605.857421875 15529.685461186 1.231942020
33.472412109 12753.931640625 15821.207151494 1.240496468
33.478599548 12912.484375000 16103.295878624 1.247110580
33.491481781 13058.904296875 16404.598744881 1.256200243
33.499210358 13213.596679688 16662.442979094 1.261007384
33.505138397 13369.667968750 16943.014270037 1.267272629
33.515960693 13521.050781250 17277.976635533 1.277857536
33.524978638 13668.849609375 17594.349394327 1.287185820
33.532451630 13822.163085938 17867.218280101 1.292649940
33.540184021 13960.586914062 18090.347319440 1.295815672
33.551261902 14135.958984375 18380.872050125 1.300291835
33.558219910 14274.934570312 18631.449366877 1.305186323
33.566467285 14424.663085938 18864.696084344 1.307808437
33.575485229 14574.943359375 19103.755357950 1.310725873
33.578575134 14724.671875000 19267.499968923 1.308518121
33.587337494 14867.507812500 19469.006307726 1.309500325
33.596099854 15010.894531250 19507.300659384 1.299542850
33.601253510 15151.248046875 19611.315562344 1.294369645
33.610530853 15299.597656250 19821.817273578 1.295577682
33.617229462 15432.782226562 19905.409374401 1.289813404
33.623928070 15578.650390625 20024.635478625 1.285389618
33.628051758 15717.349609375 20271.559203356 1.289756842
33.631401062 15860.460937500 20421.319815626 1.287561559
33.641708374 15998.608398438 20581.519233707 1.286456842
33.648666382 16131.516601562 20825.448180416 1.290978939
33.652786255 16285.657226562 21027.134131880 1.291144339
33.653305054 16282.348632812 20962.015309463 1.287407350
33.647377014 16139.789062500 20910.379139843 1.295579456
33.640678406 16001.641601562 20810.566359176 1.300526963
33.634494781 15860.184570312 20615.248611694 1.299811394
33.627277374 15725.622070312 20477.573310450 1.302178904
33.624702454 15585.543945312 20297.427794396 1.302323991
33.615425110 15440.227539062 20103.977047965 1.302051864
33.605632782 15301.803710938 19974.364581947 1.305360137
33.601509094 15161.174804688 19800.571717251 1.306005107
33.596614838 15016.409179688 19694.322062277 1.311520073
33.586563110 14874.401367188 19586.363216279 1.316783293
33.577804565 14731.565429688 19428.072001273 1.318805669
33.574195862 14581.836914062 19244.937348604 1.319788272
33.568271637 14427.420898438 19055.271102305 1.320767671
33.560024261 14279.070312500 18845.244513228 1.319780917
33.549976349 14142.025390625 18588.886719098 1.314443031
33.542503357 13965.274414062 18283.682207559 1.309224700
33.535030365 13819.405273438 18018.940790002 1.303886848
33.526012421 13676.845703125 17739.018210442 1.297010919
33.517505646 13521.327148438 17450.584341874 1.290597007
33.508232117 13368.013671875 17117.550487965 1.280485711
33.498954773 13222.144531250 16826.714157021 1.272616111
33.491222382 13060.283203125 16543.576846773 1.266708891
33.480659485 12921.308593750 16197.892178400 1.253579857
33.473445892 12766.064453125 15914.765546307 1.246646185
33.464168549 12611.372070312 15642.170407672 1.240322649
33.453861237 12461.091796875 15313.973366937 1.228943147
33.445098877 12308.881835938 14982.470345766 1.217208073
33.433502197 12148.123046875 14722.837507280 1.211943397
33.422939301 11995.636718750 14441.834927495 1.203923999
33.414176941 11847.837890625 14171.109451042 1.196092450
33.401809692 11698.384765625 13893.756173145 1.187664490
33.392532349 11532.663085938 13614.569742684 1.180522629
33.381454468 11385.967773438 13376.650625288 1.174836509
33.369857788 11237.617187500 13088.309677638 1.164687269
33.355941772 11081.270507812 12838.821379391 1.158605538
33.344089508 10927.681640625 12574.157853702 1.150670221
33.334297180 10775.470703125 12289.125746299 1.140472290
33.319351196 10620.227539062 12039.153304841 1.133605967
33.309818268 10468.016601562 11768.762675601 1.124259076
33.296161652 10309.740234375 11502.153411948 1.115658896
33.280700684 10161.389648438 11258.544000049 1.107972865
33.267818451 10011.384765625 11014.491347216 1.100196587
33.257766724 9856.416992188 10766.554188893 1.092339559
33.240501404 9706.963867188 10520.068957682 1.083765130
33.227104187 9550.617187500 10292.120992103 1.077639360
33.213962555 9399.785156250 10059.069062487 1.070138189
33.197471619 9256.950195312 9817.591140984 1.060564326
33.185359955 9088.747070312 9580.772661654 1.054135690
33.165519714 8946.738281250 9338.475132768 1.043785438
33.153408051 8792.045898438 9100.972677376 1.035137075
33.135887146 8646.729492188 8864.793536500 1.025219251
33.117076874 8498.930664062 8639.814054609 1.016576602
33.102645874 8346.168945312 8425.291364785 1.009480088
33.084091187 8200.024414062 8210.062345303 1.001224134
33.065280914 8058.016601562 7997.762919604 0.992522517
33.049304962 7903.324218750 7792.061665548 0.985922056
33.031269073 7759.386230469 7582.703482316 0.977229804
33.010139465 7606.899902344 7378.338268299 0.969953380
32.991584778 7469.303710938 7181.032417395 0.961405868
32.974319458 7316.817382812 6979.378312928 0.953881715
32.952159882 7172.603515625 6776.917730316 0.944833730
32.930774689 7030.595703125 6589.917628190 0.937319952
32.908870697 6899.065917969 6394.270464946 0.926831334
32.883617401 6737.204101562 6215.409741370 0.922550311
32.862487793 6603.468750000 6029.861964330 0.913135534
32.840328217 6465.596679688 5854.420635824 0.905472600
32.818424225 6323.312988281 5679.699387341 0.898215761
32.794719696 6180.753417969 5512.866385077 0.891940838
32.771011353 6045.363281250 5340.520726992 0.883407742
32.743957520 5906.939941406 5175.853061091 0.876232552
32.719219208 5770.446777344 5009.541951513 0.868137623
32.692680359 5636.159667969 4848.822936200 0.860306170
32.666652679 5505.732910156 4692.858491908 0.852358545
32.638309479 5375.582031250 4544.067998293 0.845316465
32.610221863 5249.566894531 4393.112338078 0.836852340
32.577495575 5111.970703125 4255.235888947 0.832406157
32.551212311 4980.440917969 4112.285122808 0.825686960
32.518745422 4861.319824219 3969.510251858 0.816549907
32.490917206 4744.404296875 3834.724866160 0.808262666
32.455101013 4600.190429688 3704.782203013 0.805354096
32.424434662 4487.962890625 3574.243953956 0.796406753
32.390678406 4364.429687500 3445.309470652 0.789406570
32.360015869 4240.344726562 3327.297872722 0.784676267
32.319561005 4130.599121094 3212.386731838 0.777704792
32.286064148 4008.168701172 3097.597099914 0.772821039
32.246894836 3889.598876953 2987.596682077 0.768098916
32.209274292 3782.334716797 2878.484414555 0.761033761
32.170364380 3663.764892578 2775.367546538 0.757517916
32.132743835 3546.573730469 2672.275534326 0.753480891
32.089710236 3442.894042969 2570.334045815 0.746562053
32.054409027 3337.560058594 2472.684869581 0.740866030
32.006481171 3233.880371094 2379.776560138 0.735888866
31.959583282 3127.167724609 2289.084868913 0.731999391
31.921962738 3026.245361328 2198.763983540 0.726565007
31.877899170 2930.286621094 2112.500708578 0.720919480
31.825849533 2823.022216797 2030.800025175 0.719370897
31.777662277 2733.681396484 1950.227338794 0.713406962
31.737981796 2641.307128906 1871.681323355 0.708619343
31.687475204 2545.348388672 1798.089777417 0.706421873
31.633106232 2454.353027344 1723.911511133 0.702389384
31.584146500 2363.081787109 1655.357816981 0.700508051
31.526685715 2273.740722656 1587.592868004 0.698229509
31.479013443 2191.844970703 1521.049026388 0.693958308
31.418460846 2105.812988281 1459.285570850 0.692979661
31.362543106 2034.119506836 1399.521971158 0.688023475
31.308689117 1953.878173828 1340.533621667 0.686088641
31.255092621 1878.048583984 1284.229299715 0.683810478
31.191444397 1800.840332031 1230.519385532 0.683302880
31.127798080 1725.838134766 1178.233103607 0.682701975
31.071882248 1658.005126953 1128.210607324 0.680462677
31.012359619 1593.205322266 1079.535517292 0.677587190
30.946908951 1524.545166016 1033.636555364 0.677996676
30.880170822 1459.469604492 987.244199708 0.676440398
30.819614410 1396.875854492 943.893976167 0.675717869
30.749269485 1336.212280273 902.306317686 0.675271685
30.689487457 1274.721435547 861.847866674 0.676106828
30.613473892 1213.506225586 823.718620982 0.678792250
30.541837692 1157.806030273 787.505543592 0.680170532
30.482057571 1107.620727539 752.334300677 0.679234581
30.406814575 1056.332397461 718.367463879 0.680058157
30.331056595 1005.319763184 685.443342654 0.681816242
30.257360458 955.134399414 654.349933069 0.685086762
30.189849854 907.155029297 623.960024565 0.687820719
30.113834381 864.414733887 595.370228704 0.688755299
30.035242081 817.814025879 568.052424323 0.694598535
29.957424164 776.452514648 541.534631904 0.697447200
29.888107300 741.157287598 516.348554951 0.696678780
29.795343399 700.071472168 492.191489807 0.703058915
29.723451614 663.397583008 468.465491668 0.706160987
29.640737534 625.896423340 446.321148700 0.713091068
29.558280945 593.358642578 425.115858020 0.716456840
29.479429245 559.717956543 404.683625960 0.723013477
29.400064468 526.628723145 385.601422255 0.732207351
29.311424255 496.021148682 367.232246073 0.740356025
29.224843979 467.619537354 349.323973721 0.747026045
29.144191742 439.493682861 332.406686668 0.756340079
29.063022614 413.022277832 315.803051529 0.764615055
28.966907501 386.826629639 300.341516479 0.776424097
28.887027740 361.733947754 285.821139394 0.790141874
28.802251816 339.674468994 271.503042019 0.799303647
28.706653595 315.409027100 257.996469729 0.817974273
28.625999451 293.625274658 245.102074344 0.834744470
28.535554886 272.944488525 232.394635311 0.851435530
28.435060501 253.642425537 220.477112927 0.869243828
28.348995209 231.582931519 208.532909095 0.900467525
28.268085480 217.244247437 197.566991516 0.909423351
28.165786743 200.148147583 186.850046530 0.933558710
28.082813263 183.879257202 176.533258135 0.960049876
27.984895706 167.058898926 167.042663959 0.999902819
27.888267517 154.650436401 157.539780741 1.018683066
27.804264069 140.311752319 148.773131469 1.060304137
27.701965332 129.282012939 140.241553253 1.084772352
27.607912064 113.013130188 131.902401474 1.167142271
27.520816803 102.810615540 123.916541623 1.205289366
27.420837402 93.435325623 116.127339900 1.242863330
27.323694229 82.405578613 108.558787540 1.317371826
27.234537125 73.857521057 101.385936548 1.372723253
27.135072708 65.309471130 94.538353630 1.447544315
27.050296783 56.209926605 87.784480969 1.561725593
26.929187775 49.592079163 81.472841157 1.642859959
26.842866898 39.665302277 75.222759233 1.896437312
26.748039246 34.426174164 69.292744514 2.012792481
26.645227432 28.359811783 63.481059582 2.238416110
26.543958664 17.605806351 57.904056594 3.288918181
26.442949295 17.330064774 52.705351031 3.041266823
26.350957870 7.679034233 47.805570613 6.225466532
26.255617142 6.024571896 43.081202217 7.150915113
26.154607773 3.818622112 38.417221934 10.060493237
26.052566528 -0.869020998 34.204230283 -39.359498036
25.949237823 -1.696251988 30.187846662 -17.796793677
25.847969055 -4.453689098 26.608634538 -5.974515497
25.745929718 -7.211126804 23.152041694 -3.210599719
25.643630981 -9.141331673 19.778664997 -2.163652486
25.540302277 -8.038357735 16.794344943 -2.089275633
25.455268860 -10.795795441 14.186012032 -1.314031199
25.336477280 -6.935382843 11.892133803 -1.714704735
25.249898911 -9.692819595 9.928311279 -1.024295478
25.148115158 -8.314101219 7.935029676 -0.954406191
25.043497086 -8.038357735 6.311900692 -0.785222666
24.942230225 -8.589844704 5.065609796 -0.589720766
24.836839676 -11.623025894 3.657483311 -0.314675657
24.733253479 -9.692819595 2.924183417 -0.301685530
24.634304047 -8.314101219 2.290685922 -0.275518166
24.531234741 -7.211126804 1.647480310 -0.228463644
24.426616669 -7.211126804 1.213223503 -0.168243263
24.325090408 -11.347282410 0.651738431 -0.057435640
24.223049164 -8.314101219 0.358044881 -0.043064773
24.119720459 -6.383894920 0.074048502 -0.011599267
24.015876770 -8.865589142 0.239955314 -0.027065919
23.913320541 -10.244306564 0.342121922 -0.033396299
23.817464828 -12.450257301 0.454971830 -0.036543167
23.707435608 -11.623025894 0.362637031 -0.031199882
23.606168747 -8.865589142 0.380787086 -0.042951132
23.504901886 -11.347282410 0.216146351 -0.019048292
23.399509430 -8.865589142 0.263861662 -0.029762451
23.297470093 -7.486869812 0.348423738 -0.046537972
23.194398880 -10.244306564 0.594017835 -0.057985168
23.090038300 -11.347282410 0.555578161 -0.048961341
22.990060806 -9.968564034 0.401425301 -0.040269120
22.885700226 -9.417076111 0.146081089 -0.015512361
22.784175873 -6.935382843 0.131776171 -0.019000562
22.679557800 -8.865589142 0.164308922 -0.018533334
22.580865860 -6.383894920 0.147037006 -0.023032492
22.476249695 -11.898770332 -0.147026870 0.012356476
22.372919083 -12.174512863 -0.358088181 0.029412937
22.270364761 -9.692819595 -0.346023523 0.035698954
22.182237625 -10.244306564 -0.143142521 0.013972885
22.059324265 -9.417076111 -0.000608784 0.000064647
21.962953568 -7.762613773 0.204322193 -0.026321314
21.859367371 -11.623025894 0.300689817 -0.025870184
21.755779266 -11.898770332 0.182747406 -0.015358512
21.653224945 -11.623025894 -0.036875647 0.003172637
21.548091888 -8.865589142 0.026913661 -0.003035744
21.443473816 -8.314101219 0.111030607 -0.013354493
21.345041275 -7.762613773 0.100041399 -0.012887592
21.248153687 -11.898770332 0.057902020 -0.004866219
21.141990662 -8.589844704 -0.106204494 0.012363960
21.035312653 -10.795795441 -0.224824780 0.020825217
20.939971924 -8.314101219 -0.546936464 0.065784196
20.830972672 -7.211126804 -0.560942211 0.077788427
20.725067139 -9.417076111 -0.506968243 0.053834995
20.623283386 -10.244306564 -0.591134587 0.057703719
20.535415649 -9.968564034 -0.406540256 0.040782229
20.411472321 -13.828975677 -0.618413967 0.044718711
20.316131592 -9.692819595 -0.872673126 0.090032948
20.214864731 -8.589844704 -0.880163484 0.102465587
20.111019135 -8.314101219 -0.737465409 0.088700557
20.009752274 -10.244306564 -0.777561185 0.075901788
19.904876709 -9.417076111 -0.868945895 0.092273428
19.797941208 -9.141331673 -0.874155596 0.095626723
19.700538635 -9.141331673 -0.917587993 0.100377935
19.593601227 -9.692819595 -0.757039328 0.078103107
19.496198654 -8.589844704 -0.789481529 0.091908708
19.390293121 -7.762613773 -0.585739512 0.075456480
19.290313721 -7.211126804 -0.728574682 0.101034790
19.186470032 -7.762613773 -0.820622018 0.105714653
19.077987671 -7.762613773 -0.827858695 0.106646900
18.977750778 -11.623025894 -0.938967725 0.080785136
18.888078690 -5.832407951 -0.820867143 0.140742409
18.764135361 -6.659638882 -0.394545755 0.059244317
18.663640976 -6.659638882 -0.338204884 0.050784268
18.565206528 -8.589844704 -0.457021476 0.053204859
18.460075378 -5.556663990 -0.371948578 0.066937389
18.360868454 -7.211126804 -0.299578735 0.041543956
18.252901077 -9.141331673 -0.283393489 0.031001335
18.149829865 -9.141331673 -0.096598230 0.010567195
18.052427292 -8.314101219 -0.058831496 0.007076110
17.947294235 -8.314101219 0.003561434 -0.000428361
17.845254898 -9.968564034 0.136304678 -0.013673452
17.739864349 -6.659638882 0.165438156 -0.024841911
17.643491745 -8.589844704 0.108170436 -0.012592828
17.535009384 -7.762613773 0.180372002 -0.023235988
17.426012039 -5.005177021 0.246215021 -0.049192071
17.328351974 -8.865589142 0.530749827 -0.059866278
17.243059158 -9.968564034 0.624639912 -0.062660972
17.115251541 -7.762613773 0.376022287 -0.048440164
17.017591476 -5.832407951 0.291722197 -0.050017454
16.918901443 -9.417076111 0.240787735 -0.025569267
16.812995911 -7.211126804 0.071819297 -0.009959511
16.711212158 -6.935382843 0.093486714 -0.013479676
16.605306625 -9.968564034 0.112599005 -0.011295409
16.502750397 -7.486869812 0.234051120 -0.031261545
16.402513504 -7.211126804 0.286778851 -0.039768938
16.298410416 -9.417076111 0.449264726 -0.047707454
16.193279266 -8.589844704 0.510184373 -0.059393899
16.088918686 -7.762613773 0.357369622 -0.046037280
15.991516113 -9.417076111 0.176723867 -0.018766320
15.882518768 -9.417076111 -0.025123061 0.002667820
15.775323868 -9.141331673 -0.533574668 0.058369468
15.674830437 -11.898770332 -0.519438188 0.043654779
15.586704254 -5.556663990 -0.350337776 0.063048220
15.465595245 -8.314101219 -0.379146915 0.045602875
15.366130829 -6.935382843 -0.786183945 0.113358406
15.264090538 -8.038357735 -0.750901090 0.093414739
15.158958435 -9.692819595 -0.714654462 0.073730296
15.056402206 -7.762613773 -0.783723837 0.100961333
14.950238228 -9.417076111 -0.860017034 0.091325272
14.847425461 -9.141331673 -1.053495698 0.115245320
14.744610786 -11.071537971 -0.931380812 0.084123887
14.640251160 -7.762613773 -0.957357525 0.123329275
14.537179947 -7.486869812 -1.019796291 0.136211303
14.434623718 -5.005177021 -1.009149052 0.201621051
14.334645271 -5.280920982 -1.039622582 0.196863878
14.227451324 -2.799226999 -1.101009808 0.393326375
14.123349190 -7.486869812 -1.094341973 0.146168158
14.021050453 -8.865589142 -0.905040385 0.102084630
13.924936295 -7.762613773 -0.561900743 0.072385508
13.814649582 -3.350714922 -0.528196679 0.157637009
13.714412689 -6.935382843 -0.521740700 0.075228825
13.611857414 -9.141331673 -0.514094707 0.056238492
13.507240295 -7.762613773 -0.501203716 0.064566360
13.403910637 -4.453689098 -0.497841688 0.111781868
13.299292564 -4.729433060 -0.487683048 0.103116598
13.196737289 -10.244306564 -0.478559498 0.046714680
13.094696999 -5.556663990 -0.460651130 0.082900663
12.989822388 -5.556663990 -0.456146204 0.082089938
12.888038635 -7.486869812 -0.452351490 0.060419308
12.785224915 -5.005177021 -0.459620533 0.091829026
