0.000000000 0.000000000 -0.839755359 -inf
0.000000000 0.000000000 -0.839755359 -inf
0.000000000 0.000000000 -0.839755359 -inf
0.000000000 0.000000000 -0.839755359 -inf
0.000000000 0.000000000 -0.839755359 -inf
0.000000000 0.000000000 -0.839755359 -inf
0.000000000 0.000000000 -0.839755359 -inf
0.000000000 0.000000000 -0.839755359 -inf
0.000000000 0.000000000 -0.839755359 -inf
0.000000000 0.000000000 -0.839755359 -inf
0.000000000 0.000000000 -0.839755359 -inf
0.000000000 0.000000000 -0.839755359 -inf
12.951943398 162.922744751 -0.839755359 -0.005154316
12.649944305 -29.822111130 -0.839755359 0.028158817
12.753273010 -19.068105698 -0.839755359 0.044039789
12.856860161 -23.755748749 -0.839755359 0.035349564
12.959416389 -14.380462646 -0.799712646 0.055611051
13.062229156 -30.097854614 -0.828005425 0.027510447
13.166073799 -40.300373077 -0.895531000 0.022221407
13.269145012 -15.207694054 -0.925242042 0.060840390
13.372216225 -20.998311996 -0.965792306 0.045993807
13.475029945 -24.582979202 -0.985462783 0.040087199
13.579647064 -9.692819595 -1.029694977 0.106232760
13.682460785 -3.074970961 -1.041486047 0.338697848
13.783212662 -13.277487755 -1.074526226 0.080928429
13.890665054 -12.450257301 -1.132235459 0.090940728
13.991416931 -35.061241150 -1.411224846 0.040250282
14.092943192 -18.240875244 -6.055192821 0.331957362
14.196786880 -10.795795441 2.490498563 -0.230691530
14.300889015 -20.446825027 2.248023921 -0.109944890
14.404217720 -23.204261780 2.182511416 -0.094056490
14.506516457 -1.971995950 1.447686048 -0.734122222
14.609587669 -17.137899399 2.401016384 -0.140099806
14.713689804 -26.788930893 1.820582503 -0.067960252
14.817019463 -18.240875244 0.023478401 -0.001287131
14.919058800 -20.722568512 0.132129146 -0.006376099
15.021615028 -15.207694054 -0.423176838 0.027826496
15.125202179 -19.895336151 -1.021791365 0.051358336
15.229561806 -10.520051003 -1.023893321 0.097327791
15.332374573 -11.898770332 -0.381572376 0.032068219
15.433643341 -9.968564034 0.517683571 -0.051931609
15.542640686 -20.998311996 -0.052562970 0.002503200
15.642877579 -26.237442017 -1.553566123 0.059211798
15.744661331 -13.001744270 -1.078071512 0.082917452
15.850565910 -10.795795441 -0.500723549 0.046381348
15.954925537 -17.965131760 0.039475019 -0.002197313
16.058254242 -24.307235718 -0.149258447 0.006140495
16.160552979 -5.556663990 0.393375611 -0.070793485
16.262336731 -14.380462646 -0.114523630 0.007963835
16.371334076 -23.204261780 -1.135718815 0.048944406
16.472860336 -16.310668945 -1.681995651 0.103122420
16.574899673 -21.549798965 -2.334939469 0.108350870
16.685958862 -18.516618729 -1.840556640 0.099400256
16.793926239 -23.755748749 -1.984054081 0.083518903
16.896224976 -20.722568512 -1.327197370 0.064045988
16.994400024 -6.659638882 -1.382736055 0.207629284
17.087938309 -32.303802490 -1.072829979 0.033210641
17.217292786 -25.410211563 -1.114773898 0.043871099
17.307479858 -8.865589142 -1.157936667 0.130610233
17.404882431 -14.380462646 -1.239164911 0.086170031
17.513879776 -5.005177021 -0.669636160 0.133788707
17.623136520 -13.553232193 -0.650544796 0.047999236
17.721826553 -22.928518295 -1.182717543 0.051582816
17.823867798 -26.237442017 -0.729672690 0.027810359
17.922300339 -25.410211563 -0.590230813 0.023228095
18.033102036 -26.237442017 -1.116168095 0.042541041
18.132307053 -25.961698532 -1.285935173 0.049532012
18.237182617 -12.450257301 -0.440078067 0.035346905
18.342830658 -18.240875244 0.221708306 -0.012154477
18.446418762 -14.380462646 -0.365841730 0.025440192
18.550003052 -25.410211563 -0.713895950 0.028094845
18.650241852 -22.101287842 0.294938038 -0.013344835
18.743263245 -17.137899399 -0.980861403 0.057233467
18.861795425 -11.347282410 -1.494126407 0.131672620
18.963836670 -25.134468079 -0.637046220 0.025345522
19.064588547 -17.137899399 0.290179891 -0.016932057
19.168689728 -19.343849182 1.702044972 -0.087988950
19.273050308 -22.101287842 2.227419472 -0.100782338
19.375089645 -25.134468079 1.649845572 -0.065640759
19.479192734 -22.377031326 1.764794094 -0.078866319
19.581232071 -24.858724594 1.935708261 -0.077868366
19.684820175 -26.237442017 1.816233998 -0.069222983
19.787118912 -3.902201891 0.965919847 -0.247532002
19.889415741 -9.141331673 1.844495518 -0.201775363
19.993518829 -24.307235718 1.605138915 -0.066035436
20.097105026 -23.480005264 2.010003020 -0.085604879
20.200176239 -15.483437538 1.148658624 -0.074186279
20.303504944 -27.616161346 0.752265426 -0.027240043
20.403484344 -21.825542450 0.986978581 -0.045221262
20.512739182 -15.759181023 1.720456360 -0.109171686
20.612718582 -9.141331673 0.610145814 -0.066745835
20.715532303 -10.520051003 0.877701324 -0.083431280
20.818603516 -16.862155914 0.805419323 -0.047764908
20.922191620 -25.961698532 0.460520223 -0.017738447
21.024747849 -10.795795441 -0.291975276 0.027045277
21.127817154 -9.692819595 -0.537667688 0.055470721
21.230632782 -12.726000786 -0.891400468 0.070045608
21.335248947 -24.582979202 -1.508195682 0.061351217
21.436775208 -9.417076111 -0.252825556 0.026847564
21.541391373 -22.101287842 0.103827626 -0.004697809
21.643690109 -15.483437538 -0.070699013 0.004566106
21.746503830 -25.410211563 -0.393177652 0.015473214
21.849832535 -20.998311996 -0.012970901 0.000617712
21.953676224 -15.483437538 -0.561161330 0.036242684
22.052625656 -13.001744270 -1.357830408 0.104434480
22.162397385 -29.822111130 -0.937512647 0.031436830
22.261861801 -15.207694054 -0.662833064 0.043585376
22.365962982 -18.516618729 -0.377719489 0.020398945
22.468002319 -20.171081543 -0.097389186 0.004828159
22.570817947 -23.755748749 -1.077932613 0.045375653
22.674146652 -17.965131760 -0.391536157 0.021794227
22.777732849 -16.862155914 0.570499565 -0.033833133
22.879257202 -19.343849182 0.602393954 -0.031141369
22.983360291 -10.795795441 0.898651845 -0.083240911
23.084627151 -20.998311996 1.159073847 -0.055198430
23.192594528 -14.656207085 1.464464801 -0.099921132
23.293605804 -17.413644791 1.453993389 -0.083497361
23.392810822 -13.553232193 0.588275506 -0.043404813
23.497169495 -16.310668945 0.242684908 -0.014878906
23.597923279 -25.961698532 0.456939028 -0.017600506
23.687852859 -11.898770332 1.162752828 -0.097720419
23.805353165 -21.274055481 0.761900035 -0.035813577
23.895540237 -20.446825027 1.397374020 -0.068341858
23.996036530 -14.380462646 1.436794866 -0.099912979
24.104003906 -25.961698532 1.078527753 -0.041543035
24.207590103 -13.828975677 0.211870868 -0.015320793
24.302158356 -10.520051003 0.632872670 -0.060158707
24.406002045 -23.204261780 1.021612855 -0.044026949
24.507526398 -6.659638882 2.038774387 -0.306138880
24.612918854 -22.377031326 4.346455747 -0.194237371
24.711608887 -8.865589142 6.789251492 -0.765798119
24.815967560 -20.446825027 10.636517993 -0.520203894
24.918781281 -24.582979202 16.283138814 -0.662374510
25.021852493 -20.446825027 24.002710807 -1.173908946
25.124666214 -16.862155914 32.432850690 -1.923410675
25.226707458 -11.347282410 41.075516529 -3.619854961
25.328233719 -11.898770332 52.416897588 -4.405236518
25.434654236 -8.865589142 64.874476038 -7.317559499
25.534374237 -14.931949615 79.103847856 -5.297623545
25.636930466 -19.619592667 95.179461727 -4.851245556
25.740259171 -24.307235718 112.967336773 -4.647477734
25.843589783 -8.865589142 132.747348173 -14.973325072
25.945888519 -9.968564034 155.291189104 -15.578090142
26.035816193 3.818622112 178.694182833 46.795461184
26.127807617 18.157295227 205.101179151 11.295800205
26.223922729 33.323200226 231.623943687 6.950831316
26.307668686 54.279720306 262.258031359 4.831602482
26.388320923 92.883842468 293.591370062 3.160844365
26.484434128 130.660720825 327.168913443 2.503957665
26.564830780 154.926177979 362.928928857 2.342592670
26.642906189 179.467361450 400.753994584 2.233018814
26.720468521 220.828918457 440.446384767 1.994514069
26.796483994 264.396423340 482.458906430 1.824755798
26.876363754 307.136688232 525.079407476 1.709595198
26.952379227 347.119537354 569.343278962 1.640193702
27.028652191 407.507415771 612.957361681 1.504162472
27.102605820 447.214508057 656.176077879 1.467251321
27.171405792 507.602386475 700.013697260 1.379059114
27.236597061 558.614990234 742.931628802 1.329952905
27.312612534 611.006286621 785.197492187 1.285089056
27.372137070 656.779724121 828.292247254 1.261141623
27.441968918 730.954772949 869.723764171 1.189846207
27.511026382 785.276306152 911.120536827 1.160254715
27.570806503 856.693908691 954.198288360 1.113814723
27.645534515 921.769409180 996.014684707 1.080546474
27.699903488 985.741943359 1038.364627699 1.053383834
27.770250320 1049.438720703 1079.865498377 1.028993382
27.828227997 1128.301513672 1121.642848853 0.994098506
27.881567001 1186.483398438 1164.120929236 0.981152312
27.957067490 1278.030273438 1207.122756411 0.944518124
28.008859634 1340.899902344 1249.918114893 0.932148711
28.061941147 1417.280883789 1293.905468093 0.912949213
28.131772995 1499.728271484 1335.645638018 0.890591758
28.188720703 1586.863281250 1378.707226483 0.868825464
28.240770340 1652.765991211 1422.441026797 0.860642725
28.292564392 1745.415893555 1466.694754651 0.840312478
28.346933365 1822.899902344 1511.645777685 0.829253310
28.403623581 1907.828979492 1556.444735954 0.815819842
28.460569382 1993.860961914 1600.569224812 0.802748665
28.516229630 2074.653808594 1648.913509403 0.794789715
28.568794250 2176.127441406 1695.371652992 0.779077374
28.624454498 2269.053222656 1742.316158709 0.767860419
28.673154831 2354.809570312 1790.024151736 0.760156649
28.722887039 2446.356445312 1839.470403412 0.751922479
28.765918732 2542.866699219 1888.459079960 0.742649656
28.823123932 2649.855224609 1939.259835019 0.731836146
28.863321304 2737.817382812 1989.554061745 0.726693487
28.911249161 2824.401123047 2043.247643008 0.723426863
28.962270737 2923.668701172 2093.561285179 0.716073365
29.012260437 3024.039550781 2147.722607754 0.710216441
29.053745270 3137.921630859 2198.901342365 0.700750879
29.095489502 3236.086425781 2256.376006571 0.697254557
29.142902374 3324.600097656 2314.366968294 0.696133941
29.193923950 3440.963867188 2369.579278284 0.688638233
29.229482651 3548.228271484 2426.977931885 0.683997124
29.272256851 3653.838134766 2480.167637397 0.678784212
29.322246552 3754.484619141 2537.593352229 0.675883273
29.356517792 3876.087646484 2592.853908991 0.668935831
29.400581360 3981.145996094 2649.505952793 0.665513386
29.447736740 4088.134521484 2708.814921779 0.662604155
29.477884293 4209.186035156 2770.970705319 0.658315095
29.527616501 4323.895507812 2830.071992321 0.654519053
29.555444717 4424.541992188 2893.788937618 0.654031297
29.602857590 4546.144531250 2956.582871552 0.650349511
29.632749557 4663.611328125 3017.115280270 0.646948270
29.682481766 4778.320800781 3072.913172208 0.643094782
29.709794998 4896.339355469 3132.161091346 0.639694446
29.748445511 5018.769531250 3200.050760223 0.637616599
29.787097931 5120.519042969 3263.059737190 0.637251753
29.817247391 5248.739746094 3324.434867738 0.633377730
29.862083435 5369.791015625 3387.136465257 0.630776217
29.890684128 5491.118652344 3452.009864891 0.628653301
29.929851532 5614.375976562 3509.120061860 0.625024059
29.965412140 5747.560058594 3577.523668196 0.622442155
29.993755341 5874.953613281 3643.858956952 0.620236209
30.026996613 5989.387207031 3705.607843078 0.618695655
30.063844681 6114.023437500 3778.033128430 0.617929121
30.096569061 6248.035156250 3839.813845455 0.614563419
30.123111725 6361.916992188 3908.011664671 0.614282090
30.159185410 6495.652832031 3972.434602428 0.611552788
30.196290970 6619.461914062 4045.400796064 0.611137408
30.225151062 6730.586425781 4104.157290020 0.609777073
30.251434326 6888.036132812 4173.421237251 0.605894214
30.279779434 7004.951171875 4242.975938370 0.605710994
30.310958862 7141.720214844 4310.395612704 0.603551453
30.347549438 7264.977539062 4381.830481837 0.603144395
30.377954483 7409.191894531 4442.282714012 0.599563728
30.405010223 7527.485839844 4512.254649333 0.599437149
30.431552887 7670.872558594 4576.710443111 0.596634921
30.457061768 7796.335937500 4645.909474667 0.595909349
30.485406876 7936.413574219 4721.520376427 0.594918641
30.512977600 8072.630859375 4796.104195152 0.594119102
30.541322708 8191.752441406 4869.053475563 0.594384841
30.575593948 8346.444335938 4940.283277881 0.591902741
30.596466064 8471.081054688 5014.807537978 0.591991448
30.622234344 8604.264648438 5082.009534289 0.590638450
30.653928757 8743.239257812 5145.609571541 0.588524392
30.683561325 8898.208007812 5212.132172782 0.585750768
30.705205917 9022.016601562 5297.009601547 0.587120356
30.729686737 9173.951171875 5385.713375940 0.587065843
30.756483078 9296.381835938 5471.701333650 0.588583971
30.781478882 9425.981445312 5539.256853501 0.587658366
30.804155350 9568.264648438 5608.014142008 0.586105668
30.831468582 9713.305664062 5685.424353276 0.585323323
30.852083206 9856.416992188 5771.773602773 0.585585371
30.872182846 9973.056640625 5857.991667530 0.587381771
30.898721695 10125.542968750 5939.834696085 0.586618882
30.921398163 10274.720703125 6024.195002619 0.586312288
30.947423935 10409.558593750 6113.831325601 0.587328586
30.972934723 10553.772460938 6191.025661398 0.586617315
30.998186111 10687.508789062 6281.925231396 0.587781994
31.021892548 10855.988281250 6372.123015799 0.586968487
31.037868500 10988.621093750 6462.413650322 0.588100508
31.057710648 11141.382812500 6544.763129344 0.587428261
31.076520920 11282.563476562 6630.247671539 0.587654365
31.101772308 11425.950195312 6726.288009040 0.588685220
31.126768112 11560.237304688 6818.641882169 0.589835805
31.149444580 11709.965820312 6900.704228690 0.589301825
31.164131165 11860.522460938 6997.621180401 0.589992659
31.180364609 11990.673828125 7084.795197741 0.590858804
31.204587936 12138.471679688 7178.525159632 0.591386243
31.229066849 12277.447265625 7291.362093314 0.593882583
31.250453949 12429.933593750 7389.775927319 0.594514514
31.259214401 12552.363281250 7502.324136183 0.597682203
31.281890869 12692.992187500 7610.978247802 0.599620494
31.306884766 12889.322265625 7699.600556506 0.597362716
31.321830750 13000.170898438 7788.554976525 0.599111738
31.333940506 13141.903320312 7871.506654554 0.598962453
31.358421326 13300.180664062 7974.863562065 0.599605657
31.377231598 13443.291015625 8090.956927376 0.601858348
31.391918182 13579.784179688 8203.058490971 0.604063981
31.410987854 13747.711914062 8319.094602853 0.605125759
31.430055618 13876.208984375 8402.704908624 0.605547590
31.441650391 14016.287109375 8498.587092387 0.606336544
31.461492538 14161.603515625 8600.316954425 0.607298245
31.479787827 14303.060546875 8727.419516552 0.610178464
31.491382599 14468.782226562 8834.437832695 0.610586136
31.513284683 14609.411132812 8901.690488414 0.609312067
31.526426315 14759.691406250 8986.312559343 0.608841493
31.540342331 14908.041992188 9094.214230785 0.610020701
31.560440063 15039.847656250 9193.302183399 0.611262986
31.571004868 15186.542968750 9295.882248954 0.612113123
31.590845108 15332.687500000 9401.689051861 0.613179461
31.604246140 15484.070312500 9503.341337754 0.613749560
31.617387772 15620.838867188 9605.503104309 0.614915958
31.638002396 15765.053710938 9680.124494672 0.614024200
31.646247864 15905.682617188 9780.249337474 0.614890261
31.667634964 16057.341796875 9879.348177881 0.615254275
31.673818588 16188.871093750 9962.021751327 0.615362349
31.694175720 16333.084960938 10074.303754311 0.616803487
31.703710556 16481.160156250 10161.012612234 0.616522897
31.719942093 16623.167968750 10261.310250341 0.617289693
31.738754272 16755.800781250 10352.065456254 0.617819798
31.745710373 16905.804687500 10449.700894570 0.618113192
31.762718201 17056.636718750 10542.863155818 0.618109146
31.771736145 17181.273437500 10663.503715970 0.620646878
31.784105301 17337.894531250 10772.500351668 0.621326905
31.797246933 17491.759765625 10874.236478686 0.621677671
31.818119049 17626.875000000 10952.774246225 0.621367897
31.823530197 17758.679687500 11059.769123822 0.622781047
31.841051102 17889.658203125 11139.940115669 0.622702792
31.849554062 18034.974609375 11178.937986353 0.619847725
31.861923218 18165.953125000 11263.963013954 0.620059016
31.874549866 18310.718750000 11278.527619864 0.615952207
31.884857178 18448.591796875 11373.583243663 0.616501431
31.899545670 18587.291015625 11397.228890874 0.613173210
31.903667450 18712.201171875 11479.811059366 0.613493354
31.924539566 18834.080078125 11536.785052502 0.612548370
31.926858902 18969.470703125 11500.435549568 0.606260224
31.942577362 19096.865234375 11545.902518674 0.604596743
31.952369690 19248.798828125 11511.422980657 0.598033315
31.958553314 19379.501953125 11519.381820984 0.594410623
31.977621078 19514.064453125 11529.022955926 0.590805825
31.975818634 19519.027343750 11506.193067961 0.589485985
31.956491470 19370.402343750 11313.543050048 0.584063400
31.952110291 19236.115234375 11276.009121610 0.586189518
31.940258026 19108.169921875 11119.759374463 0.581937434
31.927631378 18985.740234375 11122.135105779 0.585815194
31.922220230 18843.179687500 11069.470772449 0.587452381
31.901607513 18711.925781250 11072.072984128 0.591712105
31.899030685 18576.812500000 11004.422974664 0.592374121
31.878158569 18451.347656250 11002.493768896 0.596297570
31.874034882 18331.675781250 10946.449624338 0.597133058
31.854709625 18172.294921875 10946.191771638 0.602356049
31.848266602 18066.410156250 10898.216417323 0.603230876
31.831518173 17913.097656250 10848.601345010 0.605623972
31.823530197 17780.740234375 10811.482811242 0.608044585
31.810388565 17641.765625000 10703.585057788 0.606718471
31.797246933 17511.613281250 10655.869772201 0.608503032
31.777406693 17340.101562500 10568.519706247 0.609484303
31.770963669 17205.814453125 10427.674717256 0.606055281
31.751638412 17079.523437500 10368.825457367 0.607091029
31.745452881 16916.558593750 10261.410887625 0.606589741
31.726385117 16769.312500000 10180.052900456 0.607064416
31.718139648 16638.333984375 10124.885219970 0.608527586
31.696237564 16488.605468750 10004.896762029 0.606776406
31.688764572 16351.284179688 9951.952180812 0.608634287
31.668922424 16198.797851562 9848.035410873 0.607948534
31.660161972 16076.643554688 9752.322740196 0.606614354
31.642639160 15925.536132812 9662.548990778 0.606733042
31.624860764 15773.325195312 9575.573870292 0.607073889
31.615840912 15642.347656250 9446.261701337 0.603890280
31.593423843 15496.754882812 9356.875111576 0.603795774
31.585178375 15355.297851562 9276.545166945 0.604126684
31.565851212 15209.981445312 9164.505983650 0.602532358
31.543949127 15047.843750000 9037.851004823 0.600607712
31.539052963 14918.520507812 8953.746019794 0.600176540
31.514831543 14775.684570312 8852.237677605 0.599108463
31.504524231 14620.992187500 8765.821831001 0.599536729
31.488033295 14478.433593750 8683.947553753 0.599785018
31.464584351 14318.501953125 8630.142199758 0.602726614
31.454792023 14181.457031250 8539.238092791 0.602141097
31.436496735 14046.067382812 8453.956123782 0.601873528
31.414852142 13887.514648438 8350.779087984 0.601315592
31.403514862 13751.572265625 8277.798735615 0.601952895
31.385219574 13609.013671875 8199.922918432 0.602536166
31.360740662 13473.071289062 8104.405658331 0.601526221
31.348628998 13329.133789062 8008.507744521 0.600827321
31.332653046 13179.128906250 7894.929349348 0.599047889
31.308431625 13041.532226562 7801.852538974 0.598231282
31.287817001 12893.182617188 7713.590877160 0.598268954
31.271583557 12720.015625000 7622.329131309 0.599238975
31.256380081 12595.103515625 7546.074598164 0.599127636
31.232931137 12448.131835938 7446.416270695 0.598195486
31.218500137 12303.367187500 7354.971709622 0.597801528
31.204071045 12161.634765625 7259.490431082 0.596917320
31.179334641 12013.284179688 7148.737000014 0.595069333
31.155111313 11860.522460938 7051.780092052 0.594558976
31.132951736 11717.962890625 6948.568793442 0.592984366
31.118522644 11570.715820312 6845.925266979 0.591659615
31.100227356 11444.424804688 6752.955630780 0.590065097
31.075748444 11303.795898438 6654.307966225 0.588679062
31.050752640 11160.684570312 6541.849592833 0.586151284
31.027303696 11006.268554688 6450.531108498 0.586077932
31.006946564 10867.017578125 6359.944512682 0.585252068
30.990713120 10735.211914062 6257.680292711 0.582911669
30.970357895 10590.722656250 6156.739654035 0.581333291
30.944332123 10431.618164062 6070.096881690 0.581894083
30.921398163 10302.294921875 5988.441298457 0.581272556
30.895887375 10164.147460938 5900.832304867 0.580553591
30.870119095 10016.900390625 5822.721328322 0.581289730
30.844352722 9883.164062500 5758.529040049 0.582660472
30.819614410 9736.468750000 5693.751334404 0.584786074
30.793073654 9588.945312500 5617.768006708 0.585858801
30.770399094 9455.485351562 5532.588816019 0.585119495
30.744888306 9312.925781250 5457.565769197 0.586020537
30.718347549 9182.499023438 5384.580676041 0.586395998
30.692321777 9049.039062500 5310.559413156 0.586864459
30.669645309 8899.310546875 5239.460630451 0.588749050
30.640270233 8757.578125000 5165.926782218 0.589880753
30.613988876 8630.736328125 5086.906915715 0.589394314
30.587961197 8493.967773438 5011.725253184 0.590033467
30.563224792 8366.297851562 4944.738410187 0.591030644
30.535137177 8214.087890625 4885.296803641 0.594746108
30.509370804 8097.999511719 4806.715588771 0.593568273
30.483345032 7968.951171875 4733.600788715 0.594005495
30.457576752 7824.186035156 4668.994271950 0.596738658
30.430521011 7681.902343750 4592.359404694 0.597815385
30.397537231 7555.611816406 4515.592225303 0.597647462
30.365070343 7433.457031250 4446.703946309 0.598201339
30.336725235 7307.442382812 4371.100912244 0.598171109
30.303743362 7151.922851562 4303.173971651 0.601680703
30.277460098 7034.456054688 4233.278024218 0.601791808
30.250146866 6896.859863281 4154.418073288 0.602363707
30.219224930 6780.496093750 4090.373384740 0.603255769
30.179542542 6634.352050781 4017.273971139 0.605526198
30.149135590 6518.539550781 3951.172639660 0.606143847
30.122852325 6403.278808594 3876.019535542 0.605317940
30.094507217 6269.267089844 3809.337945314 0.607620937
30.047353745 6139.943359375 3740.026992089 0.609130536
30.019781113 6015.583007812 3673.665540681 0.610691522
29.992725372 5886.535156250 3604.943873234 0.612405053
29.951755524 5767.413574219 3545.055325784 0.614669865
29.916967392 5651.049804688 3483.487016872 0.616431838
29.888622284 5527.792480469 3417.456709192 0.618231730
29.843530655 5394.056640625 3357.273599528 0.622402363
29.813896179 5272.729492188 3292.426176068 0.624425391
29.778337479 5154.435546875 3227.014987243 0.626065640
29.736335754 5049.652832031 3169.700825306 0.627706682
29.707733154 4924.740722656 3112.974253397 0.632109268
29.662124634 4810.583007812 3053.546979512 0.634756115
29.632490158 4691.737304688 2993.541820687 0.638045489
29.582759857 4577.855468750 2936.784378748 0.641519681
29.553899765 4468.385253906 2878.951289060 0.644293436
29.507774353 4356.157226562 2823.167261540 0.648086631
29.471958160 4238.414550781 2760.229849207 0.651241122
29.428409576 4130.323242188 2700.204082417 0.653751274
29.394138336 4019.474365234 2642.605126716 0.657450424
29.349817276 3922.136718750 2584.803750684 0.659029487
29.301631927 3800.533691406 2527.215871524 0.664963417
29.268907547 3683.066894531 2473.240715502 0.671516643
29.221237183 3584.074951172 2417.363082947 0.674473362
29.174339294 3487.564697266 2364.891057596 0.678092383
29.134914398 3357.137939453 2313.708502579 0.689190776
29.092140198 3273.587646484 2260.710414573 0.690591076
29.041120529 3158.051025391 2210.919053289 0.700089718
28.995252609 3059.058837891 2160.614254265 0.706300326
28.956342697 2959.515380859 2112.267401399 0.713720704
28.906869888 2862.729492188 2058.830972522 0.719184603
28.859972000 2772.836914062 2007.613857652 0.724028827
28.809209824 2685.977783203 1957.382850432 0.728741266
28.757673264 2581.195068359 1909.747963225 0.739869678
28.706394196 2490.199707031 1858.811642405 0.746450832
28.656406403 2385.968505859 1811.984903861 0.759433706
28.607189178 2295.524658203 1761.381815977 0.767311216
28.553333282 2192.947998047 1712.275063564 0.780809698
28.501026154 2112.155029297 1668.749842928 0.790069772
28.448974609 2020.883911133 1623.095372204 0.803161113
28.397180557 1934.024536133 1576.808958016 0.815299356
28.345388412 1848.268310547 1533.842884486 0.829881071
28.293336868 1772.714477539 1489.617430463 0.840303077
28.241800308 1688.888427734 1446.280319821 0.856350423
28.182277679 1603.959350586 1402.436898760 0.874359377
28.119403839 1530.335815430 1361.104863229 0.889415806
28.061941147 1453.127563477 1319.533153266 0.908064224
28.010149002 1376.470825195 1277.120387955 0.927822344
27.957839966 1309.740844727 1232.088086812 0.940711357
27.881567001 1221.227050781 1189.810370788 0.974274497
27.829774857 1150.360961914 1146.314194514 0.996482176
27.766126633 1092.454833984 1104.213641822 1.010763656
27.701192856 1014.419311523 1060.559611187 1.045484445
27.647079468 945.207641602 1018.227238435 1.077252440
27.573125839 867.447937012 976.562212929 1.125787694
27.512828827 807.887268066 935.608517059 1.158092910
27.444028854 744.466247559 893.960992131 1.200807955
27.378063202 683.251098633 852.943297593 1.248359936
27.314674377 632.238525391 810.547458534 1.282027947
27.237886429 567.438781738 767.906753370 1.353285637
27.181196213 521.665283203 724.942457395 1.389669738
27.107759476 462.931884766 680.188898594 1.469306654
27.031229019 406.955932617 634.160900285 1.558303613
26.954698563 366.973083496 586.815921814 1.599070744
26.887443542 313.203063965 540.261412070 1.724955705
26.799575806 259.708770752 496.913529481 1.913349049
26.724334717 219.174453735 453.464492761 2.068966000
26.646257401 196.839218140 411.142404915 2.088721998
26.568180084 161.268280029 371.988154062 2.306641790
26.490619659 119.630981445 334.945474332 2.799822172
26.406616211 83.784301758 299.427713433 3.573792550
26.313594818 54.555465698 266.727239496 4.889102056
26.232683182 31.392993927 235.373366545 7.497639986
26.139146805 12.090932846 206.924114315 17.113990868
26.052051544 2.439903021 180.304340220 73.898158524
25.950525284 -16.034925461 156.524991833 -9.761504175
25.852092743 -17.689386368 133.266767965 -7.533713448
25.747732162 -14.931949615 112.450316295 -7.530852915
25.645177841 1.336928010 94.059387507 70.354863391
25.543136597 -5.832407951 77.415924711 -13.273407031
25.458360672 -10.795795441 62.205435873 -5.762005793
25.335962296 -8.314101219 49.104407547 -5.906159458
25.249383926 -3.074970961 38.896259123 -12.649309415
25.148630142 -12.726000786 28.596016144 -2.247054407
25.042467117 -16.034925461 20.178195594 -1.258390358
24.943260193 0.509697020 13.547500983 26.579517734
24.840705872 -12.450257301 9.586941224 -0.770019526
24.734798431 -3.074970961 6.479965397 -2.107325721
24.634820938 -11.898770332 4.326306924 -0.363592775
24.531749725 -15.759181023 2.591348875 -0.164434235
24.428419113 -20.722568512 1.376085940 -0.066405182
24.328182220 -7.762613773 1.716633187 -0.221141131
24.226400375 -9.417076111 2.420049448 -0.256985228
24.121782303 -12.450257301 2.694757995 -0.216441952
24.017423630 -18.792362213 1.699696910 -0.090446155
23.913579941 -6.935382843 1.329244143 -0.191661250
23.813598633 -1.696251988 1.037981989 -0.611926763
23.707693100 -20.722568512 0.766058581 -0.036967357
23.607198715 -9.141331673 0.577964534 -0.063225420
23.505674362 -15.207694054 0.273283856 -0.017970105
23.401313782 -12.726000786 0.380129901 -0.029870335
23.298757553 -28.167648315 -0.352953819 0.012530468
23.194398880 -19.068105698 -1.050839500 0.055109800
23.092357635 -15.759181023 -1.983086597 0.125836907
22.991090775 -5.556663990 -2.400338826 0.431974802
22.889823914 -5.280920982 -2.170181965 0.410947631
22.791646957 -12.450257301 -1.525411251 0.122520460
22.687030792 -16.586412430 -1.602669064 0.096625420
22.594781876 -12.174512863 -2.218876710 0.182255893
22.489133835 -7.762613773 -1.915524752 0.246762857
22.384000778 -11.347282410 -1.629065746 0.143564396
22.279125214 -7.762613773 -2.391371682 0.308062690
22.187133789 -10.520051003 -3.400250907 0.323216200
22.064220428 -17.689386368 -2.563307097 0.144906502
21.976352692 -6.383894920 -2.357859288 0.369344940
21.871992111 -9.417076111 -1.852237604 0.196689246
21.766344070 -12.450257301 -2.266013862 0.182005384
21.669200897 -0.041790001 -1.570281039 37.575520415
21.563552856 -5.280920982 -1.348741599 0.255398936
21.455842972 -4.729433060 -0.963838971 0.203795880
21.358955383 -11.071537971 -1.415981188 0.127893811
21.253307343 -12.450257301 -1.719262222 0.138090497
21.153585434 -13.553232193 -1.583809873 0.116858462
21.048969269 -3.074970961 -1.171090179 0.380845931
20.948474884 -14.931949615 -0.689651192 0.046186279
20.843856812 -8.038357735 -0.585342952 0.072818724
20.738208771 -2.247740030 -0.690424775 0.307163981
20.635910034 -3.350714922 -0.535451214 0.159802080
20.537992477 -14.380462646 -0.143311147 0.009965684
20.418172836 -15.483437538 0.391802337 -0.025304609
20.329015732 -14.656207085 -0.147000100 0.010029887
20.226459503 -1.696251988 0.191706343 -0.113017609
20.121585846 -3.350714922 0.351951162 -0.105037632
20.019544601 -3.350714922 -0.046764908 0.013956695
19.914669037 -8.589844704 -0.348678986 0.040592001
19.808763504 -4.729433060 -0.282875847 0.059811788
19.711103439 -7.486869812 -0.421998504 0.056365145
19.607000351 -7.486869812 0.216629074 -0.028934532
19.505218506 -7.486869812 0.058349017 -0.007793513
19.398796082 -12.726000786 -0.380511548 0.029900324
19.300621033 -11.071537971 0.640251985 -0.057828640
19.192911148 -3.902201891 0.408143498 -0.104593127
19.085460663 -11.623025894 -0.189572787 0.016310106
18.988830566 -13.001744270 -0.596209811 0.045856140
18.889366150 -8.038357735 0.032636818 -0.004060135
18.769031525 -1.144765019 0.554978186 -0.484796598
18.677297592 -12.450257301 0.482656844 -0.038766817
18.577575684 -6.383894920 0.390443478 -0.061160699
18.473215103 -9.692819595 -0.479131658 0.049431608
18.372205734 -6.383894920 -1.069452397 0.167523496
18.260116577 -13.277487755 -1.020972453 0.076895002
18.161682129 -3.626457930 -1.061460316 0.292698919
18.060930252 -14.931949615 -1.000330456 0.066992622
17.955797195 -0.317534000 -0.768695647 2.420829416
17.852985382 -5.832407951 -0.248269979 0.042567321
17.750429153 -18.240875244 0.511585853 -0.028046124
17.651222229 -4.453689098 0.264949910 -0.059489988
17.542997360 -4.177946091 0.334690806 -0.080108934
17.435802460 -6.383894920 0.330624550 -0.051790412
17.336597443 -12.450257301 0.583982810 -0.046905280
17.239967346 -9.417076111 0.969353167 -0.102935684
17.117828369 0.233953997 0.898951114 3.842426816
17.021198273 -12.174512863 0.962767253 -0.079080557
16.924570084 2.164160013 0.353753767 0.163460079
16.820724487 -2.247740030 0.474461440 -0.211083770
16.717653275 -7.486869812 0.311212992 -0.041567838
16.605821609 -9.968564034 0.878877099 -0.088164865
16.503522873 -9.141331673 0.863930593 -0.094508177
16.404317856 -12.174512863 1.745267138 -0.143354166
16.299699783 -17.413644791 1.093156241 -0.062775844
16.195339203 -16.586412430 1.293382118 -0.077978413
16.092010498 -1.420508981 2.038348183 -1.434942130
15.993320465 -13.828975677 1.735117277 -0.125469689
15.888703346 -5.005177021 1.334521448 -0.266628222
15.778931618 -7.486869812 0.749925731 -0.100165456
15.679468155 -14.656207085 0.836309667 -0.057061807
15.590568542 -14.656207085 0.787949193 -0.053762149
15.468428612 -5.832407951 0.306454251 -0.052543350
15.371285439 -0.317534000 0.087053124 -0.274153711
15.274912834 -8.865589142 -0.344324690 0.038838332
15.169523239 -7.486869812 -0.850960914 0.113660440
15.064647675 -12.726000786 -0.713520833 0.056067955
14.957196236 -13.001744270 -1.027410677 0.079020988
14.852063179 -16.862155914 -0.787152734 0.046681619
14.755949020 -6.383894920 -0.392528540 0.061487312
14.648496628 -15.483437538 -0.194640419 0.012570879
14.545167923 -12.174512863 0.468879150 -0.038513175
14.442354202 -8.589844704 0.116680047 -0.013583487
14.344436646 -7.486869812 -0.307062893 0.041013521
14.234923363 -2.247740030 -1.059682221 0.471443409
14.130563736 -6.935382843 -1.444936777 0.208342756
14.030069351 -7.486869812 -1.366678495 0.182543377
13.940654755 -10.244306564 -0.646471036 0.063105397
13.820060730 -2.247740030 -0.642794995 0.285973906
13.723431587 -13.277487755 -0.676806942 0.050974021
13.626544952 -8.314101219 -0.668503741 0.080406014
13.520124435 -14.104719162 -0.670314466 0.047524127
13.414217949 -4.177946091 -0.651306729 0.155891607
13.309858322 -14.104719162 -0.632384220 0.044834939
13.204467773 -13.828975677 -0.597192243 0.043184127
13.108096123 -5.005177021 -0.606002650 0.121075168
12.998582840 -13.001744270 -0.575251683 0.044244193
12.898345947 -11.623025894 -0.557214490 0.047940570
12.797594070 2.164160013 -0.554255517 -0.256106533
