0.000000000 0.000000000 -0.526593922 -inf
0.000000000 0.000000000 -0.526593922 -inf
0.000000000 0.000000000 -0.526593922 -inf
0.000000000 0.000000000 -0.526593922 -inf
0.000000000 0.000000000 -0.526593922 -inf
0.000000000 0.000000000 -0.526593922 -inf
0.000000000 0.000000000 -0.526593922 -inf
0.000000000 0.000000000 -0.526593922 -inf
0.000000000 0.000000000 -0.526593922 -inf
0.000000000 0.000000000 -0.526593922 -inf
0.000000000 0.000000000 -0.526593922 -inf
0.000000000 0.000000000 -0.526593922 -inf
18.118650436 139.760269165 -0.526593922 -0.003767837
17.279907227 -18.240875244 -0.526593922 0.028868896
17.374990463 -20.171081543 -0.526593922 0.026106380
17.476774216 -19.343849182 -0.526593922 0.027222810
17.580360413 -17.413644791 -0.553771475 0.031801009
17.692451477 -20.722568512 -0.583668925 0.028165858
17.793718338 -17.689386368 -0.608977496 0.034426152
17.894470215 -17.137899399 -0.626436766 0.036552716
17.999603271 -17.413644791 -0.648846344 0.037260800
18.107828140 -16.586412430 -0.675100569 0.040702025
18.211414337 -19.068105698 -0.691057255 0.036241526
18.312425613 -20.171081543 -0.738171616 0.036595540
18.403385162 -18.516618729 -0.780571853 0.042155205
18.523721695 -15.759181023 -0.851479785 0.054030713
18.620607376 -15.207694054 -0.986190326 0.064848117
18.720844269 -16.310668945 -5.446110255 0.333898645
18.827524185 -16.862155914 -1.140668542 0.067646661
18.935491562 -16.586412430 -1.128569198 0.068041790
19.037790298 -18.792362213 -1.248614111 0.066442638
19.139572144 -18.792362213 -1.334606062 0.071018537
19.239551544 -20.446825027 -1.361143000 0.066569895
19.348033905 -19.619592667 -1.352506276 0.068936512
19.450332642 -17.413644791 -1.248419922 0.071692052
19.551342010 -19.343849182 -1.218676594 0.063000729
19.656732559 -20.722568512 -1.159799429 0.055967938
19.760320663 -16.862155914 -1.215661459 0.072094071
19.863649368 -26.237442017 -1.464817187 0.055829268
19.966720581 -21.825542450 -1.536956263 0.070420072
20.058195114 -23.204261780 -1.393510943 0.060054095
20.173377991 -17.413644791 -1.285931956 0.073846226
20.282117844 -27.616161346 -1.167276416 0.042267874
20.375654221 -17.689386368 -0.764777139 0.043233673
20.481561661 -19.619592667 -0.779714363 0.039741618
20.585920334 -19.895336151 -0.572047929 0.028752866
20.689250946 -20.171081543 -0.468702856 0.023236377
20.792064667 -21.274055481 -0.293293933 0.013786461
20.894618988 -17.413644791 -0.121193987 0.006959714
20.998205185 -18.792362213 -0.262235272 0.013954354
21.101020813 -20.722568512 0.010224043 -0.000493377
21.204090118 -20.171081543 0.316221759 -0.015676986
21.307420731 -23.204261780 0.430418397 -0.018549110
21.410749435 -24.307235718 0.794539168 -0.032687352
21.513563156 -20.446825027 0.724506883 -0.035433711
21.616891861 -18.516618729 0.631866948 -0.034124316
21.719190598 -22.101287842 0.333746317 -0.015100763
21.828702927 -22.928518295 0.670284417 -0.029233656
21.926105499 -17.413644791 0.306033016 -0.017574323
22.029434204 -24.031492233 0.511336945 -0.021277786
22.132505417 -20.998311996 0.487827023 -0.023231726
22.236093521 -20.722568512 0.791862976 -0.038212588
22.338132858 -19.619592667 0.672077397 -0.034255421
22.441204071 -17.965131760 0.538469158 -0.029973015
22.544534683 -24.031492233 0.920278980 -0.038294708
22.647605896 -19.619592667 1.098298064 -0.055979657
22.750419617 -17.137899399 1.347475783 -0.078625493
22.853748322 -18.792362213 1.269060168 -0.067530636
22.956819534 -18.516618729 1.099779940 -0.059394210
23.059890747 -16.034925461 0.974639760 -0.060782307
23.163219452 -20.446825027 0.900274481 -0.044030038
23.266548157 -22.377031326 0.797534849 -0.035640780
23.368589401 -17.689386368 0.500841978 -0.028313135
23.479391098 -18.792362213 0.200423154 -0.010665139
23.575504303 -19.068105698 0.106683377 -0.005594860
23.678060532 -20.998311996 -0.167011177 0.007953553
23.782163620 -15.207694054 -0.203721570 0.013395954
23.886007309 -21.825542450 -0.620927840 0.028449595
23.987789154 -20.998311996 -0.612428529 0.029165608
24.091377258 -16.310668945 -0.760262666 0.046611372
24.193674088 -18.240875244 -1.006125078 0.055157719
24.297519684 -14.931949615 -0.478429111 0.032040633
24.399560928 -20.722568512 2.092543578 -0.100978968
24.503147125 -19.068105698 6.556526716 -0.343847827
24.606218338 -16.862155914 13.999189056 -0.830213475
24.709547043 -19.619592667 24.466861351 -1.247062657
24.814422607 -22.101287842 37.364339721 -1.690595588
24.915946960 -21.825542450 53.460016340 -2.449424406
25.018503189 -20.998311996 73.333086318 -3.492332447
25.129047394 -23.204261780 96.175302930 -4.144725820
25.228769302 -19.619592667 123.275051593 -6.283262537
25.327716827 -18.516618729 153.377453227 -8.283232240
25.433881760 -25.134468079 187.906055290 -7.476030712
25.534374237 -19.343849182 226.368046446 -11.702326890
25.641569138 -23.755748749 269.453248712 -11.342654427
25.740776062 -19.343849182 317.544617936 -16.415792687
25.841527939 -10.520051003 371.056095976 -35.271321012
25.921407700 22.844938278 430.153153267 18.829254342
25.998195648 60.621826172 495.153228047 8.167903531
26.074726105 117.976516724 566.535439828 4.802103466
26.139919281 177.812896729 645.448572893 3.629931151
26.204338074 237.649291992 731.983081837 3.080097886
26.260770798 311.824340820 826.197723464 2.649561357
26.329313278 389.032592773 929.294101198 2.388730709
26.379560471 463.483398438 1040.624600689 2.245225189
26.436765671 557.236267090 1158.350835303 2.078742723
26.488557816 632.238525391 1285.011337530 2.032478702
26.540094376 721.855224609 1418.954024360 1.965704446
26.591629028 816.711059570 1555.393162527 1.904459532
26.643165588 911.291198730 1694.770310751 1.859746164
26.692382812 1004.768310547 1829.396391843 1.820714659
26.737474442 1109.275146484 1956.349343944 1.763628573
26.773035049 1206.061157227 2073.139392965 1.718933887
26.823539734 1311.671020508 2185.625170290 1.666290660
26.869922638 1411.490234375 2292.572927844 1.624221601
26.902904510 1520.960449219 2395.441264078 1.574953027
26.952379227 1633.188232422 2496.863428074 1.528827712
26.996700287 1745.967407227 2593.799277623 1.485594328
27.030456543 1860.676757812 2691.518873355 1.446526841
27.078641891 1969.871215820 2784.688583906 1.413639918
27.107244492 2079.617187500 2878.209624717 1.384009347
27.156976700 2207.010742188 2968.675843315 1.345111642
27.184547424 2315.102294922 3057.879315444 1.320839827
27.222940445 2433.672119141 3146.305589633 1.292822301
27.261850357 2556.929687500 3234.535701983 1.265007684
27.296121597 2680.462890625 3320.241076577 1.238681978
27.338897705 2800.411376953 3400.471682809 1.214275771
27.364921570 2924.220214844 3480.023658326 1.190068942
27.403057098 3050.510742188 3563.371249662 1.168122833
27.441968918 3181.213378906 3643.612868978 1.145353183
27.468250275 3301.713378906 3721.714403492 1.127206991
27.500461578 3429.658447266 3807.644923890 1.110211114
27.542461395 3570.011962891 3888.453730788 1.089199076
27.571321487 3689.960449219 3968.817942283 1.075571946
27.597606659 3822.868896484 4055.332170785 1.060808592
27.631361008 3954.123046875 4133.896010170 1.045464686
27.667436600 4083.171142578 4220.862458219 1.033721662
27.699903488 4229.039550781 4297.394171424 1.016163155
27.725929260 4353.675781250 4384.025401909 1.006971034
27.751955032 4485.205566406 4469.287219956 0.996450922
27.782102585 4624.180175781 4552.488446777 0.984496337
27.817920685 4764.257812500 4637.744995244 0.973445430
27.848842621 4899.096679688 4714.983795650 0.962419014
27.879762650 5031.453613281 4800.925487581 0.954182599
27.905788422 5171.255859375 4881.072257908 0.943885275
27.931814194 5315.193847656 4954.415096607 0.932123125
27.957839966 5447.275390625 5034.738383222 0.924267275
27.983608246 5585.422851562 5113.099954306 0.915436501
28.009376526 5735.151855469 5180.786379342 0.903339007
28.035659790 5873.850585938 5245.920624619 0.893097390
28.061683655 6020.270507812 5324.790212636 0.884476903
28.087451935 6160.072753906 5399.433084478 0.876520993
28.112962723 6293.808593750 5472.521791170 0.869508774
28.142595291 6464.217773438 5548.438626008 0.858331019
28.166044235 6599.607910156 5627.781031255 0.852744755
28.190523148 6739.961914062 5706.829970644 0.846715463
28.217321396 6890.242187500 5780.928199465 0.839002178
28.242317200 7043.279785156 5841.061296385 0.829309849
28.267311096 7183.909179688 5897.281457650 0.820901449
28.293079376 7327.847167969 5963.529260741 0.813817363
28.318332672 7473.164062500 6032.551460279 0.807228559
28.344356537 7628.407714844 6098.875808078 0.799495260
28.369609833 7767.382812500 6159.131174089 0.792948065
28.395120621 7921.523437500 6217.145510294 0.784842153
28.421403885 8066.289062500 6296.077374163 0.780541997
28.439956665 8217.121093750 6374.491514294 0.775757281
28.465208054 8372.640625000 6451.903228418 0.770593594
28.480926514 8517.129882812 6523.383579765 0.765913362
28.499221802 8659.137695312 6595.096960991 0.761634379
28.525247574 8827.892578125 6682.864523213 0.757016974
28.550500870 8970.452148438 6770.283885254 0.754731620
28.576267242 9118.527343750 6847.946748686 0.750992621
28.601778030 9271.840820312 6920.734723866 0.746425101
28.623680115 9426.808593750 7016.971108255 0.744363380
28.632698059 9578.191406250 7107.591865245 0.742059911
28.653829575 9730.126953125 7181.701643855 0.738089203
28.679338455 9880.958007812 7258.018599418 0.734546042
28.705106735 10035.650390625 7348.743481875 0.732263799
28.728040695 10184.000976562 7421.617437425 0.728752624
28.737831116 10338.416992188 7475.170994403 0.723047929
28.759218216 10492.557617188 7538.622848999 0.718473334
28.782409668 10648.077148438 7614.646983236 0.715119441
28.807920456 10807.457031250 7671.118558559 0.709798664
28.827245712 10961.322265625 7740.604042955 0.706174297
28.835491180 11103.054687500 7842.350270711 0.706323664
28.859714508 11274.015625000 7922.952582473 0.702762250
28.885482788 11426.225585938 7999.861883173 0.700131625
28.906610489 11578.711914062 8077.649143400 0.697629339
28.915115356 11738.918945312 8124.730280845 0.692119123
28.937017441 11897.196289062 8171.420731413 0.686835834
28.962785721 12051.336914062 8273.424383949 0.686515068
28.979276657 12207.958984375 8356.401788621 0.684504412
28.989326477 12364.582031250 8428.001273001 0.681624438
29.014320374 12526.995117188 8500.717099395 0.678591875
29.039058685 12675.621093750 8543.346683697 0.673998270
29.048334122 12835.000976562 8633.944916317 0.672687515
29.066114426 12997.137695312 8723.801110723 0.671209409
29.090850830 13153.760742188 8781.281585344 0.667587145
29.110176086 13311.209960938 8848.306839309 0.664725961
29.118164062 13471.141601562 8907.450944768 0.661224654
29.142902374 13620.594726562 8981.580398921 0.659411764
29.158878326 13789.901367188 9076.794112743 0.658220380
29.169700623 13941.560546875 9125.976833671 0.654587899
29.194953918 14099.285156250 9167.471933817 0.650208279
29.212476730 14265.007812500 9261.635046556 0.649255519
29.220979691 14423.008789062 9321.491657861 0.646293141
29.245973587 14579.630859375 9391.534351919 0.644154467
29.261949539 14738.458984375 9442.310291642 0.640657907
29.272514343 14898.666992188 9518.814554126 0.638903773
29.297508240 15065.215820312 9595.966490866 0.636961767
29.307558060 15216.875000000 9619.009040930 0.632127756
29.323535919 15377.357421875 9714.086199414 0.631713625
29.348787308 15542.251953125 9779.880140435 0.629244730
29.355228424 15698.047851562 9826.876183208 0.625993517
29.375070572 15866.802734375 9871.428601371 0.622143526
29.396972656 16020.667968750 9937.573629612 0.620297084
29.401353836 16168.742187500 10004.189351550 0.618736401
29.426605225 16345.769531250 10050.030968926 0.614839879
29.441036224 16497.980468750 10157.636450523 0.615689688
29.452632904 16660.945312500 10195.554473955 0.611943337
29.476337433 16821.703125000 10273.077456824 0.610703766
29.481233597 16990.458984375 10359.621092008 0.609731679
29.503652573 17141.291015625 10425.442076747 0.608206352
29.521947861 17308.390625000 10487.772293697 0.605935729
29.530193329 17467.218750000 10578.312500339 0.605609436
29.552869797 17627.701171875 10643.113725605 0.603772076
29.556217194 17784.875000000 10712.683240913 0.602347964
29.581212997 17948.117187500 10814.921278392 0.602565783
29.594097137 18112.734375000 10839.143200537 0.598426664
29.607238770 18271.564453125 10955.022423933 0.599566745
29.627595901 18437.837890625 11022.891140906 0.597840767
29.633007050 18598.320312500 11094.239482157 0.596518357
29.654909134 18749.152343750 11178.975547552 0.596238984
29.661350250 18927.833984375 11266.317844773 0.595224887
29.684284210 19078.941406250 11317.762467498 0.593207046
29.688150406 19241.906250000 11438.674624634 0.594466810
29.710052490 19403.214843750 11476.554018893 0.591476934
29.720617294 19569.488281250 11614.690510348 0.593510180
29.736078262 19729.144531250 11662.327957002 0.591121827
29.750249863 19889.351562500 11741.106176196 0.590321215
29.761587143 20049.833984375 11822.282172334 0.589644891
29.781429291 20218.039062500 11890.130208909 0.588095125
29.787614822 20372.730468750 12020.884737069 0.590047797
29.810031891 20534.591796875 12093.129187654 0.588915003
29.813381195 20701.693359375 12159.969847719 0.587390106
29.834510803 20859.417968750 12244.836086460 0.587017150
29.839921951 21024.312500000 12313.682251503 0.585687748
29.862340927 21185.898437500 12411.752674918 0.585849720
29.864917755 21337.281250000 12510.264561663 0.586310150
29.888622284 21523.132812500 12604.925294624 0.585645473
29.890943527 21678.101562500 12691.465533322 0.585450967
29.911556244 21832.792968750 12775.997558651 0.585174676
29.916967392 22002.376953125 12864.298880962 0.584677688
29.939901352 22170.027343750 12945.348743611 0.583912169
29.942478180 22324.720703125 13032.805747087 0.583783597
29.962577820 22490.718750000 13128.872935206 0.583746259
29.968246460 22645.410156250 13203.135948709 0.583038057
29.981388092 22806.445312500 13291.061303644 0.582776541
29.993499756 22968.306640625 13354.799264791 0.581444661
30.008958817 23130.443359375 13412.619260222 0.579868663
30.019266129 23292.580078125 13510.435070854 0.580031711
30.027511597 23450.582031250 13552.489149438 0.577916963
30.045034409 23620.992187500 13713.847772997 0.580578820
30.046579361 23779.544921875 13714.847370649 0.576749783
30.068225861 23921.277343750 13855.671638908 0.579219556
30.071832657 24102.439453125 13894.537781141 0.576478485
30.095024109 24254.650390625 14009.666762753 0.577607450
30.096828461 24412.652343750 14093.156199909 0.577289022
30.114091873 24578.373046875 14157.995476486 0.576034689
30.122594833 24740.787109375 14213.157108232 0.574482818
30.131099701 24893.548828125 14297.039753312 0.574327102
30.148105621 25050.447265625 14324.374166316 0.571821094
30.150167465 25210.378906250 14468.577264416 0.573913519
30.172843933 25374.169921875 14521.431197258 0.572291872
30.174131393 25528.861328125 14619.630111296 0.572670670
30.190107346 25684.105468750 14691.973125470 0.572025884
30.199899673 25841.832031250 14719.274103617 0.569590967
30.201444626 26001.763671875 14854.374488904 0.571283344
30.224893570 26159.212890625 14917.586683820 0.570261297
30.225923538 26315.833984375 15042.252355812 0.571604623
30.239580154 26461.427734375 15130.231269749 0.571784388
30.251434326 26631.837890625 15256.127170698 0.572852960
30.255815506 26782.117187500 15265.004890512 0.569970058
30.276945114 26933.777343750 15399.921128394 0.571769824
30.277460098 27093.431640625 15379.502581043 0.567646904
30.293951035 27248.951171875 15452.436487050 0.567083716
30.302970886 27403.091796875 15567.987689544 0.568110628
30.303743362 27556.681640625 15532.380331154 0.563652058
30.324100494 27704.205078125 15662.097628211 0.565332865
30.328737259 27864.962890625 15709.850046986 0.563785070
30.336984634 28008.625000000 15750.784092110 0.562354778
30.354505539 28171.865234375 15786.459260506 0.560362586
30.354505539 28321.318359375 15852.964571058 0.559753765
30.366359711 28465.533203125 15926.603402862 0.559504833
30.380273819 28617.744140625 15918.144288055 0.556233371
30.381046295 28771.332031250 16067.369552165 0.558450667
30.395992279 28910.583984375 16062.074816703 0.555577668
30.406042099 29082.646484375 16093.942391215 0.553386446
30.410421371 29223.552734375 16182.841764410 0.553760246
30.429748535 29366.386718750 16100.156198015 0.548251181
30.431808472 29514.185546875 16199.184968696 0.548860986
30.438508987 29661.984375000 16180.370070058 0.545491828
30.456289291 29804.267578125 16114.495177535 0.540677443
30.457576752 29946.828125000 16237.530063897 0.542212016
30.461185455 30083.320312500 16181.336004714 0.537883978
30.480510712 30228.085937500 16188.233128709 0.535536162
30.483345032 30365.958984375 16229.600108215 0.534466905
30.489013672 30507.414062500 16114.076067927 0.528201965
30.507308960 30647.216796875 16205.234349957 0.528766917
30.509113312 30778.195312500 16189.762420123 0.526014026
30.511690140 30920.753906250 16081.895877603 0.520100381
30.529985428 31047.597656250 16296.551873153 0.524889302
30.534622192 31197.326171875 16146.190143907 0.517550448
30.534881592 31193.464843750 16134.922948565 0.517253310
30.529985428 31052.835937500 16169.321045538 0.520703522
30.513492584 30926.544921875 15940.323572797 0.515425296
30.509113312 30787.019531250 16045.358548468 0.521172845
30.507566452 30648.871093750 15982.671862458 0.521476690
30.490301132 30508.517578125 15923.480651475 0.521935575
30.483602524 30369.818359375 16047.122710507 0.528390474
30.479995728 30233.876953125 15922.580578068 0.526646999
30.462730408 30089.386718750 15956.616601569 0.530307140
30.457834244 29950.136718750 15904.034410902 0.531017089
30.456804276 29806.474609375 15822.061634696 0.530826334
30.436962128 29669.705078125 15903.600556711 0.536021525
30.431808472 29521.630859375 15804.285815402 0.535345960
30.428974152 29377.693359375 15739.316893616 0.535757410
30.408876419 29226.861328125 15738.954036906 0.538509895
30.406042099 29090.367187500 15641.205140123 0.537676442
30.393415451 28916.373046875 15639.112904775 0.540839367
30.380788803 28778.226562500 15540.633043245 0.540013576
30.380273819 28628.773437500 15456.626353231 0.539898308
30.363267899 28476.562500000 15353.646228760 0.539167824
30.354505539 28329.867187500 15332.547917121 0.541214959
30.353475571 28175.173828125 15307.757454203 0.543306584
30.331573486 28026.824218750 15178.357856660 0.541565385
30.328737259 27872.408203125 15192.978812757 0.545090281
30.315080643 27723.781250000 15032.897505799 0.542238354
30.303485870 27567.160156250 14984.371209603 0.543558753
30.301940918 27417.982421875 14907.026629338 0.543695244
30.281841278 27273.492187500 14803.154200199 0.542767098
30.277202606 27109.150390625 14743.796945852 0.543867909
30.266122818 26953.353515625 14698.288072586 0.545323166
30.251434326 26801.144531250 14629.881683451 0.545867796
30.250404358 26653.621093750 14520.208378090 0.544774323
30.226697922 26481.005859375 14489.159208188 0.547152902
30.225667953 26340.652343750 14338.582405222 0.544351834
30.209947586 26186.787109375 14342.230318927 0.547689576
30.199899673 26021.617187500 14206.009461357 0.545931076
30.197063446 25867.199218750 14148.340106190 0.546960650
30.174388885 25709.750000000 14090.378283082 0.548055826
30.172843933 25546.509765625 14004.073957314 0.548179539
30.151971817 25394.023437500 13883.479495900 0.546722323
30.148363113 25229.679687500 13815.724999925 0.547598113
30.127233505 25077.746093750 13686.817721682 0.545775433
30.122594833 24918.917968750 13670.047906730 0.548581119
30.112804413 24765.328125000 13560.170817056 0.547546584
30.096828461 24604.845703125 13510.252437417 0.549089094
30.092189789 24444.638671875 13421.419088648 0.549053691
30.071317673 24289.119140625 13346.350133753 0.549478557
30.069513321 24131.117187500 13319.214929175 0.551951856
30.046323776 23952.710937500 13224.129919896 0.552093245
30.044776917 23807.394531250 13143.152691271 0.552061784
30.023132324 23649.667968750 13082.203817322 0.553166490
30.019266129 23487.255859375 12969.910950826 0.552210570
29.998910904 23330.910156250 12980.673671454 0.556372365
29.993499756 23164.912109375 12868.536727311 0.555518478
29.970823288 23007.460937500 12875.677703058 0.559630536
29.967987061 22851.390625000 12765.866667417 0.558647256
29.947889328 22679.050781250 12758.677590744 0.562575467
29.941963196 22522.152343750 12631.306054093 0.560839207
29.926759720 22364.427734375 12613.508261779 0.563998704
29.916452408 22207.529296875 12538.549687799 0.564608044
29.898414612 22041.806640625 12489.336174509 0.566620349
29.890684128 21876.912109375 12447.131003614 0.568961970
29.875997543 21715.050781250 12377.202981867 0.569982687
29.864917755 21565.873046875 12354.726307138 0.572883197
29.844303131 21378.644531250 12238.987118151 0.572486581
29.839149475 21230.292968750 12235.802385584 0.576336954
29.817247391 21070.638671875 12116.251011273 0.575030079
29.813381195 20901.882812500 12110.510576109 0.579398071
29.792766571 20744.708984375 12002.768231299 0.578594197
29.787614822 20581.468750000 11970.023215743 0.581592274
29.765195847 20413.541015625 11866.183884300 0.581289835
29.760299683 20261.330078125 11773.410732813 0.581077880
29.736850739 20092.023437500 11702.950556119 0.582467495
29.734273911 19933.195312500 11609.549653887 0.582422912
29.710567474 19776.296875000 11558.206684438 0.584447470
29.704898834 19621.328125000 11487.688134839 0.585469447
29.684541702 19449.265625000 11371.215311415 0.584660394
29.674493790 19286.851562500 11332.225268342 0.587562217
29.658773422 19123.335937500 11239.453164861 0.587734964
29.638933182 18971.125000000 11180.190965113 0.589326725
29.633007050 18792.167968750 11089.180870279 0.590095879
29.609300613 18642.990234375 10999.023166713 0.589981705
29.606208801 18484.162109375 10928.301616365 0.591225155
29.581985474 18320.371093750 10857.357282724 0.592638502
29.573482513 18161.541015625 10747.755854865 0.591786559
29.555961609 17999.679687500 10716.195732710 0.595354802
29.534572601 17834.785156250 10610.538893420 0.594935055
29.529161453 17675.130859375 10577.923712211 0.598463672
29.504425049 17513.544921875 10500.925942753 0.599588832
29.499013901 17350.855468750 10433.485208018 0.601323965
29.478656769 17192.302734375 10362.359633194 0.602732501
29.459331512 17037.886718750 10315.350356448 0.605436022
29.452632904 16866.925781250 10220.249293701 0.605934325
29.428152084 16704.787109375 10185.238106311 0.609719719
29.417587280 16540.996093750 10131.693500706 0.612520156
29.401096344 16392.371093750 10022.206902799 0.611394584
29.377904892 16216.721679688 10004.467139226 0.616922911
29.374298096 16067.543945312 9931.702033256 0.618121977
29.349817276 15912.851562500 9869.023844283 0.620192038
29.331264496 15746.854492188 9789.745963141 0.621695334
29.323535919 15584.992187500 9751.489500711 0.625697426
29.298282623 15423.407226562 9672.078680634 0.627103891
29.290552139 15264.854492188 9588.495678217 0.628141964
29.272514343 15108.231445312 9551.706370997 0.632218695
29.247520447 14943.336914062 9466.169490950 0.633470927
29.239015579 14788.369140625 9392.116496677 0.635101573
29.220720291 14627.610351562 9340.526957437 0.638554537
29.197273254 14470.161132812 9272.649988777 0.640811799
29.190057755 14309.954101562 9211.654591676 0.643723560
29.169185638 14146.437500000 9110.349543808 0.644003096
29.144449234 13991.745117188 9069.308104623 0.648189917
29.140583038 13840.637695312 9013.484730656 0.651233341
29.117908478 13670.503906250 8919.216658765 0.652442421
29.093685150 13523.532226562 8846.170294778 0.654131639
29.079771042 13367.461914062 8780.425845724 0.656850635
29.066114426 13201.463867188 8714.985861779 0.660152991
29.040603638 13051.183593750 8656.792564714 0.663295593
29.025915146 12889.874023438 8556.931724455 0.663849135
29.011743546 12733.527343750 8491.027090185 0.666824428
28.989067078 12577.456054688 8438.748635355 0.670942407
28.964330673 12418.076171875 8368.350315673 0.673884602
28.956085205 12261.177734375 8307.340871939 0.677532049
28.937017441 12102.625000000 8229.605898279 0.679985201
28.911506653 11948.484375000 8137.055476067 0.681011518
28.888832092 11796.825195312 8072.081027879 0.684258764
28.880586624 11629.173828125 8022.511080185 0.689860793
28.859714508 11479.444335938 7950.685510694 0.692601948
28.834461212 11330.267578125 7896.570498553 0.696944749
28.809724808 11162.615234375 7822.447219139 0.700771912
28.800706863 11017.022460938 7726.700196350 0.701341966
28.782926559 10863.433593750 7646.060719620 0.703834626
28.757158279 10704.053710938 7580.479271878 0.708187709
28.731389999 10552.669921875 7501.502769478 0.710863016
28.712837219 10389.429687500 7445.288152618 0.716621449
28.698665619 10239.976562500 7394.170906427 0.722088655
28.679080963 10088.317382812 7328.018750655 0.726386619
28.654087067 9927.558593750 7243.542113758 0.729639825
28.629091263 9781.690429688 7176.508239445 0.733667487
28.607704163 9626.998046875 7106.266929403 0.738160213
28.587348938 9477.544921875 7020.496916269 0.740750582
28.573949814 9325.334960938 6924.388197314 0.742535065
28.551015854 9171.194335938 6853.249685754 0.747258147
28.525505066 9024.222656250 6777.514913788 0.751035870
28.499736786 8880.008789062 6690.050958291 0.753383371
28.474227905 8717.871093750 6601.165327875 0.757199236
28.454643250 8573.105468750 6530.172097561 0.761704393
28.433256149 8425.858398438 6460.506292274 0.766747551
28.411611557 8272.544921875 6386.315301702 0.771989196
28.395120621 8125.849609375 6304.692011329 0.775880962
28.370382309 7972.260253906 6230.655609749 0.781541923
28.344873428 7824.737304688 6167.202252028 0.788167323
28.319105148 7681.626464844 6109.314220741 0.795315191
28.293336868 7529.691894531 6047.945897829 0.803212931
28.267826080 7384.926269531 5984.682785671 0.810391677
28.242059708 7238.506347656 5918.603464571 0.817655353
28.216548920 7098.152832031 5846.647698980 0.823685801
28.191038132 6944.563476562 5785.544377147 0.833104110
28.164756775 6795.937500000 5710.692435354 0.840309734
28.138729095 6651.172363281 5635.070084601 0.847229598
28.116054535 6519.366699219 5559.597449514 0.852781828
28.087709427 6350.611816406 5488.701407799 0.864279154
28.061683655 6217.703125000 5420.875189094 0.871845291
28.036174774 6072.386230469 5339.343162445 0.879282536
28.009891510 5928.723632812 5259.051228732 0.887046109
27.984123230 5786.439941406 5192.739906165 0.897398048
27.958354950 5646.362304688 5133.314161974 0.909136517
27.932586670 5499.942382812 5065.646720020 0.921036325
27.906820297 5368.687988281 4986.361808886 0.928785919
27.881052017 5220.062500000 4913.603307491 0.941292045
27.851934433 5083.569335938 4844.026820058 0.952879070
27.821012497 4953.417968750 4758.627664823 0.960675577
27.792409897 4816.373535156 4680.269637496 0.971741416
27.753759384 4671.883789062 4605.447373513 0.985779523
27.726701736 4536.217773438 4520.592730377 0.996555491
27.700677872 4400.827636719 4444.129731148 1.009839534
27.674909592 4267.643554688 4357.483849738 1.021051499
27.645017624 4129.771972656 4278.346952112 1.035976558
27.604820251 4000.723632812 4195.670445750 1.048727888
27.573383331 3874.433105469 4116.011392469 1.062351906
27.546070099 3739.042968750 4036.236579141 1.079483871
27.519529343 3605.858642578 3958.280696292 1.097735959
27.483453751 3477.913574219 3873.632973666 1.113780688
27.443771362 3346.935302734 3799.692887846 1.135275272
27.417230606 3224.229492188 3717.733120339 1.153060950
27.387598038 3093.802734375 3642.613317078 1.177390296
27.341472626 2966.133300781 3567.009306559 1.202578895
27.314159393 2840.118408203 3482.821999815 1.226294647
27.283237457 2722.651611328 3394.726984499 1.246845895
27.237886429 2592.776367188 3304.849842155 1.274637444
27.209800720 2469.243164062 3220.047518514 1.304062542
27.163675308 2347.088623047 3134.647332636 1.335547070
27.133785248 2241.754638672 3050.865483365 1.360927477
27.091268539 2108.570312500 2965.279601202 1.406298658
27.056739807 1999.375854492 2866.407611581 1.433651209
27.018602371 1888.802612305 2765.025278090 1.463903777
26.979692459 1770.784301758 2665.752633627 1.505407875
26.931764603 1660.486816406 2571.245364821 1.548488877
26.900842667 1548.259155273 2466.290679301 1.592944354
26.850595474 1439.064575195 2362.228031480 1.641502454
26.814521790 1335.936523438 2253.064670050 1.686505781
26.772520065 1228.947875977 2138.963763920 1.740483714
26.722015381 1127.474243164 2016.807347190 1.788783522
26.672283173 1027.930786133 1884.110925091 1.832916136
26.627962112 928.111511230 1743.430507248 1.878470945
26.586734772 829.395263672 1599.180904622 1.928128812
26.536743164 736.469665527 1456.985502827 1.978337427
26.487785339 641.062316895 1318.462565972 2.056683931
26.438053131 564.129821777 1186.050125604 2.102441814
26.368221283 467.619537354 1063.195956463 2.273634593
26.314367294 397.304901123 948.810360673 2.388116426
26.258451462 318.166442871 842.944354929 2.649381711
26.205884933 239.855239868 746.348030705 3.111660313
26.133476257 182.776290894 657.875586364 3.599348598
26.076530457 117.700775146 577.326161808 4.905032793
26.000772476 62.000545502 504.238897890 8.132813894
25.924243927 24.775144577 438.687507658 17.706758735
25.842559814 -5.280920982 378.299689781 -71.635173305
25.743867874 -11.623025894 323.742647867 -27.853559892
25.641569138 -16.862155914 274.567487443 -16.283059464
25.538240433 -18.792362213 230.280111603 -12.253920449
25.435169220 -17.689386368 191.192952889 -10.808342862
25.331325531 -16.310668945 156.278438187 -9.581362893
25.229026794 -14.380462646 125.504828350 -8.727454146
25.128532410 -12.174512863 98.151001744 -8.062006492
25.022367477 -18.516618729 75.583100573 -4.081906188
24.920328140 -16.586412430 55.673215991 -3.356555628
24.816482544 -19.619592667 38.838880837 -1.979596697
24.715473175 -16.862155914 25.936546959 -1.538151295
24.611114502 -17.413644791 15.487978388 -0.889416235
24.508043289 -18.240875244 8.527793672 -0.467510114
24.415536880 -23.204261780 4.109203551 -0.177088312
24.304218292 -16.586412430 1.640614719 -0.098913175
24.198570251 -18.516618729 0.541328419 -0.029234734
24.095500946 -18.240875244 0.348573160 -0.019109454
23.992170334 -15.483437538 0.465015638 -0.030033101
23.892448425 -20.446825027 0.557611654 -0.027271308
23.786285400 -19.619592667 0.647018597 -0.032978187
23.683214188 -16.586412430 0.691191952 -0.041672179
23.579627991 -19.343849182 0.339665149 -0.017559336
23.482482910 -22.928518295 -0.156297289 0.006816720
23.373226166 -19.895336151 -0.238140813 0.011969680
23.270671844 -13.001744270 -0.206321771 0.015868776
23.167600632 -18.792362213 0.241778777 -0.012865800
23.064529419 -16.586412430 0.062016611 -0.003739001
22.962230682 -22.377031326 0.109531605 -0.004894823
22.858127594 -17.137899399 0.212942817 -0.012425258
22.755830765 -16.862155914 0.586333839 -0.034772175
22.652242661 -11.347282410 0.394402528 -0.034757444
22.548656464 -20.446825027 0.287888146 -0.014079846
22.447389603 -20.722568512 0.073326590 -0.003538489
22.342771530 -18.516618729 -0.220353892 0.011900331
22.239957809 -19.619592667 -0.208541606 0.010629253
22.136371613 -20.446825027 -0.297729188 0.014561145
22.031753540 -16.034925461 -0.479352347 0.029894267
21.929712296 -16.034925461 -0.360506308 0.022482568
21.827930450 -16.586412430 -0.146208969 0.008814985
21.719963074 -20.446825027 0.030669191 -0.001499949
21.619468689 -24.582979202 0.009784871 -0.000398034
21.517686844 -17.137899399 -0.175346632 0.010231513
21.412553787 -20.446825027 -0.641858674 0.031391606
21.308965683 -20.722568512 -0.214464105 0.010349301
21.200998306 -20.171081543 -0.396958561 0.019679587
21.100503922 -17.413644791 -0.688002651 0.039509400
21.001041412 -16.862155914 -1.003605992 0.059518249
20.894104004 -15.207694054 -0.995025912 0.065429112
20.790002823 -16.586412430 -0.790040954 0.047631817
20.687187195 -16.586412430 -0.585369161 0.035292090
20.587724686 -15.483437538 -0.513608038 0.033171448
20.478727341 -16.862155914 -0.398120768 0.023610312
20.371532440 -19.068105698 -0.752603806 0.039469249
20.268461227 -16.862155914 -0.968825285 0.057455600
20.177757263 -19.068105698 -1.117970157 0.058630373
20.053556442 -22.928518295 -1.090600880 0.047565258
19.958988190 -14.656207085 -0.591526167 0.040360113
19.859783173 -11.898770332 -0.613301941 0.051543304
19.752588272 -20.722568512 -0.316896204 0.015292323
19.645137787 -15.759181023 -0.318702663 0.020223301
19.537942886 -14.104719162 0.010273312 -0.000728360
19.436676025 -19.343849182 0.187318259 -0.009683608
19.339788437 -15.759181023 -0.016329631 0.001036198
19.231048584 -18.516618729 0.026160379 -0.001412805
19.130037308 -20.722568512 -0.119943423 0.005788058
19.026193619 -17.413644791 -0.180206703 0.010348592
18.928276062 -17.137899399 -0.277602859 0.016198185
18.817216873 -13.553232193 -0.359441598 0.026520729
18.713888168 -15.759181023 -0.122828109 0.007794067
18.611846924 -16.310668945 -0.031570012 0.001935544
18.521402359 -15.207694054 -0.854757349 0.056205586
18.401065826 -18.516618729 -0.867510802 0.046850390
18.303405762 -17.137899399 -0.893768581 0.052151583
18.204200745 -19.068105698 -0.919925050 0.048244176
18.096748352 -13.553232193 -0.915192311 0.067525760
17.993162155 -19.343849182 -0.924350970 0.047785266
17.888029099 -19.619592667 -0.937689084 0.047793504
17.786504745 -13.828975677 -0.935183856 0.067624955
17.684720993 -19.619592667 -0.943060637 0.048067289
17.578300476 -15.207694054 -0.942367718 0.061966510
17.476001740 -16.586412430 -0.934114015 0.056318027
17.371641159 -17.137899399 -0.935817702 0.054605158
