0.000000000 0.000000000 0.580034329 inf
0.000000000 0.000000000 0.580034329 inf
0.000000000 0.000000000 0.580034329 inf
0.000000000 0.000000000 0.580034329 inf
0.000000000 0.000000000 0.580034329 inf
0.000000000 0.000000000 0.580034329 inf
0.000000000 0.000000000 0.580034329 inf
0.000000000 0.000000000 0.580034329 inf
0.000000000 0.000000000 0.580034329 inf
0.000000000 0.000000000 0.580034329 inf
0.000000000 0.000000000 0.580034329 inf
0.000000000 0.000000000 0.580034329 inf
13.079751015 2.595845938 0.580034329 0.223447131
12.934420586 8.707335472 0.580034329 0.066614446
13.037235260 11.018044472 0.580034329 0.052644036
13.139533043 8.506664276 0.580034329 0.068185873
13.241315842 5.525722027 0.584126333 0.105710408
13.333564758 8.452806473 0.575453935 0.068078447
13.426328659 9.698721886 0.566294656 0.058388586
13.529142380 9.821199417 0.557459993 0.056760887
13.630410194 6.566578865 0.564119667 0.085907697
13.733223915 8.375410080 0.560344176 0.066903491
13.835264206 10.612712860 0.548710909 0.051703171
13.938336372 10.524944305 0.549621298 0.052220827
14.040119171 7.155426025 0.545328945 0.076211946
14.134686470 7.617407799 0.546964250 0.071804512
14.226420403 8.464376450 0.545833767 0.064485999
14.331036568 8.059043884 0.041957083 0.005206211
14.430500984 2.898247957 -0.499045441 -0.172188663
14.531768799 8.550149918 -0.354702363 -0.041484929
14.634840012 9.052026749 -0.270001584 -0.029827749
14.737653732 9.557094574 -0.243854096 -0.025515505
14.840467453 6.645968914 -0.388664605 -0.058481255
14.937354088 6.458065033 -0.491899741 -0.076168285
15.023419380 6.490378857 -0.341010621 -0.052540942
15.124943733 10.386907578 -0.132355191 -0.012742502
15.227758408 7.942152023 -0.112662839 -0.014185430
15.330056190 6.200344086 -0.151925733 -0.024502791
15.426942825 9.446586609 -0.165053354 -0.017472274
15.523572922 8.649887085 -0.055553790 -0.006422487
15.621747971 10.399674416 -0.066202481 -0.006365823
15.719408035 10.745162964 0.076438445 0.007113754
15.820675850 4.332867146 0.063978568 0.014765873
15.923488617 4.091901779 0.010581937 0.002586068
16.026302338 9.815215111 -0.237177750 -0.024164295
16.127054214 6.446495056 -0.014537081 -0.002255036
16.229354858 7.853187084 0.100328582 0.012775524
16.324436188 8.163169861 0.248648390 0.030459784
16.420034409 5.913898945 0.255895801 0.043270236
16.517953873 8.604007721 0.092506867 0.010751602
16.618448257 9.343658447 0.005810654 0.000621882
16.722034454 9.681965828 0.242970480 0.025095160
16.823043823 6.987469196 0.243923317 0.034908679
16.916582108 4.930890083 0.237604715 0.048186983
17.007799149 6.665119171 0.301758618 0.045274302
17.109582901 8.029521942 0.338758349 0.042189106
17.212396622 10.116420746 0.587833767 0.058106892
17.314952850 6.823501110 0.683451757 0.100161449
17.416219711 6.480804920 0.509522600 0.078620265
17.507438660 8.710127831 0.315508078 0.036223128
17.602521896 10.781068802 0.363329084 0.033700655
17.702758789 8.611987114 0.147045195 0.017074479
17.804798126 8.595231056 0.091915063 0.010693728
17.907869339 9.316130638 0.113190764 0.012149976
18.009910583 6.898503780 -0.008259222 -0.001197248
18.107313156 8.157585144 0.116072389 0.014228768
18.192089081 9.415069580 0.130087710 0.013816967
18.296707153 8.083779335 0.299996177 0.037110881
18.397201538 9.837555885 0.349319937 0.035508813
18.499757767 7.766614914 0.088913482 0.011448164
18.596128464 8.055852890 0.116070042 0.014408163
18.688892365 9.608160973 0.064852262 0.006749706
18.786037445 6.645171165 0.074275798 0.011177409
18.886531830 8.864122391 0.066727083 0.007527771
18.989345551 9.099901199 0.006644160 0.000730135
19.085460663 7.257956028 -0.181729883 -0.025038714
19.177450180 6.367104053 -0.208430730 -0.032735562
19.274854660 7.497324944 0.006445717 0.000859736
19.376636505 8.392964363 0.117453551 0.013994287
19.479192734 8.488712311 0.053008476 0.006244584
19.578914642 9.784496307 0.025187658 0.002574242
19.667554855 7.270322800 -0.143794177 -0.019778238
19.762895584 9.321316719 -0.054226607 -0.005817484
19.865709305 10.208578110 0.010719772 0.001050075
19.968780518 7.583498001 0.138590007 0.018275208
20.060771942 10.597153664 0.181111509 0.017090581
20.149671555 8.110508919 0.013384999 0.001650328
20.252742767 6.864193916 0.270959606 0.039474352
20.355556488 9.900988579 -0.067860842 -0.006853946
20.454246521 9.616140366 -0.048827180 -0.005077628
20.540569305 5.350584030 0.107903340 0.020166647
20.639518738 5.532903194 -0.040187109 -0.007263295
20.741815567 11.432950020 -0.122333219 -0.010700057
20.837156296 9.954847336 -0.119318527 -0.011985973
20.927345276 6.424153805 -0.042438968 -0.006606157
21.026035309 9.422250748 0.090068900 0.009559170
21.128849030 5.963768005 0.131826873 0.022104628
21.230117798 8.641907692 0.031062292 0.003594379
21.309482574 9.634889603 -0.005592167 -0.000580408
21.414356232 8.858936310 0.188741729 0.021305236
21.515108109 9.634889603 0.338833075 0.035167302
21.616634369 6.073478222 0.493052051 0.081181167
21.701152802 11.126158714 0.352993339 0.031726434
21.798812866 4.787269115 0.206011629 0.043033225
21.901626587 8.053059578 0.308897989 0.038357842
21.992586136 9.963624001 0.397517568 0.039896886
22.082258224 7.082818031 0.025523768 0.003603618
22.184814453 9.106284142 -0.250241264 -0.027480063
22.275260925 9.448182106 -0.126413897 -0.013379706
22.365962982 9.800852776 -0.003640829 -0.000371481
22.468519211 10.671756744 -0.105585403 -0.009893910
22.565921783 7.975265026 -0.227531886 -0.028529696
22.650182724 8.266896248 -0.338318449 -0.040924482
22.752222061 7.153830051 -0.337940767 -0.047239138
22.831071854 9.754574776 -0.323988925 -0.033214049
22.934915543 11.833495140 -0.198483311 -0.016773008
23.035669327 8.925161362 0.156702829 0.017557422
23.126628876 6.793580055 -0.215149457 -0.031669526
23.216043472 7.950929165 -0.083974831 -0.010561637
23.317825317 8.729676247 -0.361174676 -0.041373204
23.401571274 8.724888802 -0.419428871 -0.048072690
23.499231339 5.971347809 -0.185008683 -0.030982734
23.588645935 7.363277912 -0.589919084 -0.080116368
23.679864883 7.431099892 -0.514802290 -0.069276729
23.778554916 8.735261917 -0.236769489 -0.027105025
23.861011505 8.941119194 -0.054858477 -0.006135527
23.963052750 5.545670033 0.579543511 0.104503785
24.045509338 9.219585419 1.288584576 0.139766000
24.143684387 8.277667999 2.980533776 0.360069258
24.229749680 7.390407085 5.330256581 0.721239915
24.322256088 9.828779221 8.654859564 0.880563025
24.405487061 12.645752907 12.578653257 0.994693898
24.504177094 5.330636978 17.965114090 3.370162734
24.587923050 7.642541885 23.797612537 3.113834755
24.684293747 7.971674919 30.886369128 3.874514383
24.764690399 8.039496422 38.716178430 4.815746708
24.865184784 10.483452797 48.089190540 4.587151912
24.942487717 3.765960932 58.187625174 15.450937019
25.042209625 8.773161888 69.173872846 7.884714055
25.122863770 11.509149551 81.446724258 7.076693538
25.200939178 9.756967545 94.960205335 9.732553163
25.287519455 15.740795135 109.992363250 6.987725989
25.379768372 20.081752777 125.589909443 6.253931658
25.457328796 35.569725037 142.785205430 4.014234164
25.534891129 48.583816528 160.692521484 3.307531869
25.610906601 62.870956421 179.775379758 2.859434467
25.667852402 73.082839966 199.986633215 2.736437628
25.752885818 101.839828491 221.987105171 2.179767076
25.819110870 116.076698303 242.361284018 2.087940884
25.896156311 139.052536011 260.394207184 1.872631846
25.962894440 156.463043213 276.533383843 1.767403843
26.025510788 186.333892822 291.671252131 1.565315079
26.102041245 208.688964844 306.036285462 1.466470859
26.157957077 229.433486938 319.557161472 1.392809593
26.230880737 257.687805176 332.803744062 1.291499781
26.282930374 286.172729492 346.412096841 1.210500027
26.356626511 317.650939941 359.866678246 1.132899775
26.411769867 344.689666748 373.671055607 1.084079657
26.468200684 374.666656494 386.039190579 1.030353739
26.532621384 402.378387451 399.690209463 0.993319278
26.591629028 434.562347412 413.065100869 0.950531272
26.643423080 464.637878418 424.117407303 0.912791288
26.701658249 500.884735107 430.679789973 0.859838122
26.704235077 505.415191650 431.876232286 0.854497925
26.644453049 467.152038574 425.354520426 0.910526949
26.592660904 435.546173096 415.195535541 0.953275591
26.537002563 400.253997803 402.633460727 1.005944882
26.472581863 371.491424561 389.555256293 1.048625165
26.412801743 339.848815918 375.750956390 1.105641505
26.358688354 317.165008545 361.515164428 1.139833067
26.284477234 282.178833008 346.726435541 1.228747145
26.231910706 256.191345215 333.178902219 1.300508032
26.161306381 230.784332275 319.697777453 1.385266384
26.103328705 210.538894653 305.342977698 1.450292490
26.028087616 180.220809937 291.029686652 1.614850620
25.967533112 155.942413330 276.007100663 1.769929648
25.897443771 134.033370972 259.616855209 1.936956844
25.820398331 113.792320251 241.865209671 2.125496775
25.753917694 96.535812378 221.598094653 2.295501423
25.671718597 76.562065125 199.745858530 2.608940318
25.613225937 62.189952850 179.444481976 2.885425599
25.536436081 44.460685730 160.163927929 3.602371967
25.457845688 31.644870758 142.033138171 4.488346287
25.380025864 23.924022675 125.034924087 5.226333622
25.288034439 15.429216385 109.559028383 7.100751305
25.202486038 16.299720764 94.600192446 5.803792213
25.124151230 9.208414078 81.244203187 8.822822530
25.044528961 9.364402771 68.947340272 7.362705552
24.944807053 8.156786919 57.625621571 7.064745242
24.866731644 7.363677025 47.277665774 6.420388294
24.773193359 6.692646027 38.230811099 5.712361142
24.686098099 9.409483910 30.425149391 3.233455701
24.595911026 6.952761173 23.646975095 3.401091236
24.505981445 5.732776165 17.685556065 3.084989812
24.416566849 8.139632225 12.743667513 1.565631857
24.325349808 6.389444828 8.768480739 1.372338439
24.239542007 7.921805859 5.491292781 0.693186993
24.145488739 10.007108688 3.362133425 0.335974509
24.053239822 8.254528999 1.921067135 0.232728861
23.964857101 5.860838890 0.845250738 0.144220094
23.863330841 6.349152088 0.304261320 0.047921568
23.783966064 8.647493362 -0.086059678 -0.009951980
23.681667328 7.210082054 -0.267241682 -0.037064999
23.593027115 9.056414604 -0.303314638 -0.033491691
23.501035690 6.028397083 -0.596223076 -0.098902423
23.406724930 8.721299171 -0.714211707 -0.081892811
23.320144653 7.597461224 -0.733680731 -0.096569197
23.218362808 7.289473057 -0.948174213 -0.130074452
23.137708664 10.244482994 -0.926729916 -0.090461365
23.037214279 7.226438999 -0.441076722 -0.061036525
22.945480347 8.858138084 -0.282371092 -0.031877025
22.835710526 8.994578362 -0.255738587 -0.028432526
22.753768921 7.376842976 -0.337383253 -0.045735453
22.655593872 8.160376549 -0.302577952 -0.037078920
22.571332932 9.317326546 -0.070309301 -0.007546081
22.470321655 9.292593002 0.224176339 0.024124196
22.368797302 5.830120087 0.181708226 0.031167150
22.279382706 9.330891609 0.257443891 0.027590492
22.186876297 6.990661144 0.541887491 0.077515914
22.085351944 11.993473053 0.418185051 0.034867719
21.998256683 10.446351051 0.424358136 0.040622619
21.903430939 9.860296249 0.379974989 0.038535859
21.800874710 10.214562416 0.378814382 0.037085718
21.707851410 9.241127968 0.598872548 0.064805135
21.619726181 3.509037971 0.630645497 0.179720340
21.517169952 5.860838890 0.634134724 0.108198628
21.420282364 9.559489250 0.708385696 0.074102881
21.311542511 9.827980995 0.632293026 0.064336004
21.230890274 5.973341942 0.884093807 0.148006562
21.130395889 4.490052223 0.846762847 0.188586414
21.028097153 5.776261806 1.013919927 0.175532197
20.934816360 10.449144363 0.988213255 0.094573605
20.844888687 6.483198166 1.133478330 0.174833207
20.743877411 4.580214977 0.941175209 0.205487125
20.641063690 8.831008911 0.802150660 0.090833411
20.545207977 9.969608307 0.387720642 0.038890258
20.459400177 8.210246086 0.159176640 0.019387560
20.357618332 8.683796883 0.010423938 0.001200389
20.255062103 5.584368229 -0.301667841 -0.054020048
20.153793335 5.323057175 -0.567180698 -0.106551682
20.065153122 8.627146721 -0.309367003 -0.035859713
19.970327377 5.878393173 -0.355210829 -0.060426518
19.867771149 7.901858807 -0.586443955 -0.074215950
19.765214920 4.352814198 -0.778935251 -0.178949805
19.676832199 7.902257919 -0.719888626 -0.091099105
19.581491470 3.413690090 -0.673374460 -0.197257057
19.481254578 6.113372803 -0.446868977 -0.073096962
19.378698349 6.812331200 -0.601439405 -0.088286871
19.275884628 8.559326172 -0.697550016 -0.081495903
19.179254532 10.147139549 -0.425535259 -0.041936474
19.091644287 9.514806747 -0.507270210 -0.053313769
18.991922379 8.001196861 -0.799002883 -0.099860421
18.888851166 7.183352947 -0.943629009 -0.131363308
18.789129257 9.261874199 -0.785557654 -0.084816273
18.694562912 9.491269112 -0.469101537 -0.049424532
18.599994659 7.200905800 -0.272292586 -0.037813658
18.501819611 9.814018250 -0.274117742 -0.027931244
18.399005890 9.125034332 -0.291340719 -0.031927630
18.296964645 8.240166664 -0.168091325 -0.020399020
18.193893433 8.150801659 -0.052687058 -0.006464034
18.113239288 10.062562943 -0.139573741 -0.013870596
18.011714935 6.154863834 0.237502231 0.038587731
17.909416199 7.376443863 0.434691213 0.058929644
17.806859970 10.430791855 0.469839589 0.045043521
17.705076218 6.789989948 0.515426859 0.075909812
17.611282349 8.130057335 0.476111253 0.058561857
17.512592316 10.277196884 0.369469295 0.035950396
17.417251587 9.762952805 0.340631254 0.034890188
17.316755295 4.475689888 0.311527504 0.069604354
17.213941574 4.936077118 0.177561729 0.035972236
17.112674713 7.087605000 0.119648122 0.016881319
17.008573532 6.924036026 0.243319679 0.035141308
16.915035248 9.968411446 0.246800894 0.024758297
16.823301315 5.804586887 0.106301055 0.018313285
16.723838806 9.552706718 0.093223281 0.009758834
16.620508194 9.427836418 0.249996318 0.026516828
16.518468857 6.769244194 0.045457568 0.006715309
16.417715073 7.032549858 0.150403416 0.021386754
16.320571899 8.972636223 0.032901475 0.003666868
16.230127335 7.093588829 -0.038705444 -0.005456398
16.128086090 6.699428082 0.046631799 0.006960564
16.028106689 8.240166664 -0.096083026 -0.011660326
15.925551414 8.494695663 -0.130378776 -0.015348257
15.823251724 9.391930580 -0.144680714 -0.015404790
15.723273277 9.050031662 0.172786911 0.019092410
15.625870705 7.555571079 0.184830599 0.024462823
15.523572922 6.894913197 0.369255638 0.053554791
15.429778099 6.053929806 0.410817157 0.067859584
15.332374573 8.900027275 0.329558534 0.037028935
15.229561806 7.738289833 0.454253442 0.058702045
15.126748085 5.019456863 0.341087938 0.067953157
15.024450302 8.682600975 0.238266697 0.027441857
14.942250252 7.697996140 0.383817276 0.049859375
14.842529297 10.155118942 0.349822248 0.034447873
14.739199638 6.315240860 0.429132855 0.067951938
14.636901855 7.348117828 0.518597412 0.070575544
14.533829689 9.693935394 0.375570529 0.038742834
14.431016922 5.744744778 0.266433810 0.046378703
14.329749107 5.658970833 0.307520239 0.054342079
14.228223801 5.590352058 0.276699631 0.049495922
14.135459900 10.162698746 0.476894034 0.046925925
14.043468475 5.384096146 0.494383082 0.091822855
13.940912247 7.789354801 0.504514168 0.064769699
13.837841034 6.630808830 0.515000936 0.077667891
13.735027313 7.465807915 0.511517355 0.068514669
13.632213593 7.477377892 0.512605047 0.068554118
13.530173302 7.306628227 0.524550263 0.071791016
13.427102089 5.917490005 0.521274828 0.088090529
13.336399078 8.526612282 0.521798340 0.061196443
13.242089272 4.695909977 0.511535276 0.108932087
13.142367363 6.257393837 0.517244509 0.082661332
13.039296150 10.447547913 0.518433678 0.049622522
