0.000000000 0.000000000 5.221373843 inf
0.000000000 0.000000000 5.221373843 inf
0.000000000 0.000000000 5.221373843 inf
0.000000000 0.000000000 5.221373843 inf
0.000000000 0.000000000 5.221373843 inf
0.000000000 0.000000000 5.221373843 inf
0.000000000 0.000000000 5.221373843 inf
0.000000000 0.000000000 5.221373843 inf
0.000000000 0.000000000 5.221373843 inf
0.000000000 0.000000000 5.221373843 inf
0.000000000 0.000000000 5.221373843 inf
0.000000000 0.000000000 5.221373843 inf
1.431144953 10.933068275 5.221373843 0.477576259
1.158779025 14.947285652 5.221373843 0.349319198
1.255409002 12.145871162 5.221373843 0.429888789
1.342504025 16.720212936 5.221373843 0.312279148
1.443256021 9.838752747 5.030133565 0.511257239
1.544782043 11.898123741 4.741028475 0.398468580
1.637287974 14.419078827 4.485365009 0.311071537
1.731855989 15.068567276 4.096513674 0.271858206
1.830803990 8.771566391 3.912122747 0.446000472
1.932072043 10.905541420 3.553896517 0.325879879
2.035659075 13.154811859 3.133913550 0.238233248
2.134865046 7.436285973 2.723726548 0.366275122
2.220671892 13.864939690 1.989660070 0.143502973
2.325289011 4.608540058 1.380360095 0.299522208
2.422434092 13.106538773 0.754576202 0.057572500
2.524216890 14.607781410 -0.328929658 -0.022517427
2.625483990 12.042144775 -0.313063378 -0.025997311
2.727267027 14.436633110 -0.143557305 -0.009943960
2.823123932 13.012785912 -0.184823201 -0.014203200
2.920011044 13.410138130 0.098450170 0.007341473
3.018959045 11.531491280 -0.043994035 -0.003815121
3.119195938 12.372473717 -0.140416473 -0.011349103
3.220206022 9.669199944 -0.066201410 -0.006846627
3.322762012 14.500863075 -0.109727543 -0.007566966
3.426348925 11.306084633 -0.363241565 -0.032127972
3.528388977 10.679336548 -0.659902105 -0.061792425
3.629914045 11.964749336 -0.536113714 -0.044807768
3.722678900 6.745706081 -0.791275462 -0.117300613
3.818793058 11.748120308 -0.718948596 -0.061196904
3.923409939 14.972021103 -1.105849667 -0.073861081
4.021842957 12.636178970 -0.920377140 -0.072836665
4.122594833 12.973290443 -0.503819180 -0.038835111
4.224378109 11.892140388 -0.319600728 -0.026874954
4.327964783 11.193580627 0.004023921 0.000359485
4.430006027 11.616467476 -0.082501782 -0.007102140
4.532561779 11.573380470 0.098068714 0.008473645
4.629963875 10.263234138 0.121706407 0.011858485
4.734580994 10.300335884 0.071475228 0.006939116
4.827345848 7.381230831 -0.094505303 -0.012803461
4.925262928 10.084106445 0.244756622 0.024271523
5.028077126 7.184549809 0.206608258 0.028757301
5.130632877 11.497979164 -0.005176484 -0.000450208
5.232416153 11.157277107 0.211080680 0.018918655
5.334456921 10.029450417 0.072750959 0.007253733
5.435208797 11.994271278 0.043945604 0.003663883
5.539052963 12.934990883 0.176558808 0.013649705
5.636970997 15.173090935 0.248346558 0.016367565
5.735404015 14.095931053 0.301972479 0.021422670
5.830230236 14.022923470 0.595089222 0.042436887
5.934846878 8.677413940 0.656030225 0.075602043
6.037918091 12.402395248 0.875591221 0.070598558
6.137382030 11.730566025 0.953301099 0.081266419
6.237618923 9.617734909 0.918821998 0.095534136
6.339402199 10.398077965 0.801787142 0.077109168
6.441184998 13.685811996 0.469629136 0.034315036
6.554048061 10.781068802 0.612359264 0.056799495
6.649388790 8.521823883 0.379963725 0.044587137
6.750141144 14.121862411 0.557936354 0.039508695
6.853985786 13.908823967 0.172477273 0.012400565
6.955253124 10.895965576 -0.245638848 -0.022544018
7.048017025 10.093281746 -0.279830727 -0.027724454
7.159077168 11.245843887 -0.148771248 -0.013228998
7.251326084 10.485049248 0.094256536 0.008989613
7.352592945 15.473897934 0.176608389 0.011413310
7.450253010 12.581921577 0.122969863 0.009773536
7.553582191 14.878268242 -0.067086928 -0.004509055
7.657683849 12.780199051 0.031300585 0.002449147
7.757147789 12.373271942 0.013249888 0.001070848
7.863827229 11.107808113 -0.075237283 -0.006773369
7.962001801 10.660586357 -0.104166929 -0.009771219
8.064043045 15.934285164 -0.080700226 -0.005064565
8.166856766 13.148826599 -0.026583033 -0.002021704
8.269669533 15.801035881 -0.286612002 -0.018138811
8.373515129 7.055290222 0.067561905 0.009576063
8.476327896 7.423120975 0.176284368 0.023748012
8.576823235 11.563406944 0.014544701 0.001257821
8.667526245 13.312794685 -0.050960385 -0.003827925
8.783995628 12.825280190 -0.109854141 -0.008565438
8.877017975 11.123367310 -0.076052024 -0.006837140
8.977513313 8.707335472 -0.157285158 -0.018063523
9.075173378 11.781231880 0.071329716 0.006054521
9.179017067 12.849217415 0.208020438 0.016189347
9.285181046 11.643196106 0.330746831 0.028406876
9.382067680 12.716366768 0.250229825 0.019677777
9.484881401 13.086590767 0.161011876 0.012303577
9.586405754 10.629866600 0.090942460 0.008555372
9.687416077 14.033295631 0.537486236 0.038300785
9.791260719 11.394251823 0.583935298 0.051248235
9.894331932 15.912342072 0.953204359 0.059903461
9.997145653 12.159435272 0.614184750 0.050510960
10.099701881 10.707661629 0.364458420 0.034037163
10.201484680 13.165184021 0.387130904 0.029405658
10.291671753 12.246805191 0.569634381 0.046512896
10.404535294 14.681985855 0.674307783 0.045927560
10.496525764 7.696400166 0.596957741 0.077563241
10.594701767 15.500228882 0.379688138 0.024495647
10.695453644 11.668330193 0.112468579 0.009638790
10.798009872 13.469981194 0.130449442 0.009684456
10.901081085 10.535716057 0.049543023 0.004702388
11.003637314 11.626041412 0.193247110 0.016621918
11.105420113 12.462237358 -0.036585759 -0.002935730
11.208233833 15.589194298 -0.012983154 -0.000832830
11.310790062 11.851845741 0.044358507 0.003742751
11.413861275 14.338491440 0.074323588 0.005183501
11.516674995 11.720192909 0.103664074 0.008844912
11.618457794 13.119304657 0.158098810 0.012050853
11.722302437 13.654294968 0.184134621 0.013485473
11.817900658 14.596611023 0.286611454 0.019635479
11.906800270 13.914808273 0.167925744 0.012068132
12.012963295 12.737112999 0.233802464 0.018356001
12.111654282 13.083399773 -0.066112809 -0.005053183
12.215241432 9.253894806 0.037506410 0.004053040
12.315993309 12.728734970 -0.027048615 -0.002125004
12.419322014 12.355319023 -0.106091035 -0.008586669
12.522650719 15.011916161 -0.634735064 -0.042282082
12.625465393 8.533793449 -0.733637606 -0.085968522
12.727763176 15.079338074 -0.815466641 -0.054078411
12.830060959 12.310237885 -0.494501314 -0.040169923
12.927463531 14.553922653 -0.700808452 -0.048152548
13.032339096 9.946867943 -0.718078247 -0.072191392
13.135925293 13.957097054 -0.588830170 -0.042188585
13.229720116 15.151148796 -0.553675746 -0.036543483
13.343872070 14.111490250 -0.317480851 -0.022498039
13.448230743 11.461276054 -0.113911007 -0.009938772
13.535069466 11.902912140 -0.120942819 -0.010160776
13.640974998 13.019168854 -0.129172030 -0.009921680
13.737346649 11.812748909 -0.156135859 -0.013217572
13.839901924 12.845228195 -0.392142628 -0.030528273
13.940397263 10.751946449 -0.457408557 -0.042541930
14.042695045 6.174810886 -0.557248260 -0.090245397
14.148343086 11.919267654 -0.355590678 -0.029833266
14.248838425 11.332814217 -0.566122663 -0.049954288
14.351652145 14.662037849 -0.382118628 -0.026061768
14.453949928 9.758165359 -0.371604416 -0.038081381
14.553414345 10.135170937 -0.164527954 -0.016233367
14.649270058 15.108062744 -0.270018307 -0.017872464
14.752083778 12.259172440 -0.059090711 -0.004820122
14.848971367 15.025080681 0.201349617 0.013400901
14.947662354 13.562137604 0.313030399 0.023081199
15.050732613 10.658192635 0.200447689 0.018806912
15.150712013 11.688277245 0.227056068 0.019425965
15.254814148 10.932668686 0.318262867 0.029111178
15.357111931 11.396645546 0.338361674 0.029689585
15.459668159 10.678539276 0.520594696 0.048751490
15.558101654 10.364168167 0.302753559 0.029211564
15.662461281 12.423539162 -0.106090380 -0.008539465
15.763729095 12.290289879 -0.276689854 -0.022512883
15.857523918 12.142280579 -0.330136854 -0.027189032
15.957244873 12.005440712 -0.030983548 -0.002580792
16.054647446 12.867170334 -0.215269446 -0.016730131
16.155914307 12.465429306 -0.332279901 -0.026656114
16.258729935 13.621182442 -0.184767388 -0.013564710
16.361541748 13.124890327 -0.005283594 -0.000402563
16.464614868 11.649579048 0.378854893 0.032520908
16.566911697 10.573616028 0.349459611 0.033050151
16.669210434 12.355319023 0.315267501 0.025516743
16.751667023 12.266752243 0.215585222 0.017574760
16.854480743 12.316222191 0.200691037 0.016294854
16.955232620 13.946723938 0.099466249 0.007131872
17.057788849 9.596989632 0.020561615 0.002142507
17.160602570 11.268584251 -0.215561481 -0.019129420
17.262901306 9.415867805 -0.233051826 -0.024750966
17.364942551 11.818334579 -0.141707041 -0.011990441
17.466724396 14.146198273 -0.224728712 -0.015886156
17.558715820 11.317255020 -0.226740374 -0.020034927
17.654056549 12.145072937 -0.241928188 -0.019919863
17.754550934 11.354757309 -0.333907409 -0.029406829
17.856592178 14.687171936 -0.208633882 -0.014205177
17.959405899 15.266445160 -0.421155123 -0.027586980
18.062219620 9.990752220 -0.379353731 -0.037970487
18.164260864 12.785385132 -0.326262228 -0.025518373
18.265012741 10.745961189 -0.289714435 -0.026960309
18.349014282 12.892303467 -0.315077929 -0.024439227
18.450025558 11.090653419 -0.313378253 -0.028256068
18.551807404 12.214489937 -0.132755504 -0.010868690
18.653333664 10.056578636 -0.120589380 -0.011991094
18.744552612 11.449307442 -0.162600371 -0.014201765
18.853033066 13.323167801 -0.337331230 -0.025319146
18.948890686 10.670959473 -0.396260042 -0.037134434
19.043201447 12.063288689 -0.150060668 -0.012439449
19.144983292 10.921897888 -0.189367679 -0.017338349
19.247797012 9.960830688 -0.093035753 -0.009340160
19.349838257 12.128316879 -0.106809013 -0.008806582
19.445693970 7.004224777 0.039532240 0.005644056
19.547220230 12.354920387 0.351471295 0.028447880
19.637922287 13.747649193 0.282317791 0.020535714
19.739448547 11.776844025 0.397686410 0.033768504
19.840715408 10.816973686 0.316980319 0.029303974
19.942239761 11.110999107 0.303508178 0.027316011
20.044023514 12.212097168 0.304318082 0.024919396
20.137044907 14.000581741 0.400136840 0.028580015
20.231355667 11.611280441 0.385836016 0.033229412
20.331077576 11.437738419 0.061649917 0.005390044
20.433118820 10.901551247 0.374830394 0.034383216
20.536447525 13.355880737 0.294231128 0.022030081
20.638229370 11.644392967 0.406056478 0.034871417
20.739238739 12.998823166 0.122929413 0.009456965
20.829168320 12.105177879 0.015048604 0.001243154
20.923221588 11.208741188 0.276551163 0.024672812
21.025777817 13.077016830 0.080902926 0.006186650
21.128591537 12.320611000 -0.029983206 -0.002433581
21.230117798 12.528063774 0.202404411 0.016156081
21.325458527 11.463668823 0.158373716 0.013815273
21.415903091 10.302330971 0.214879516 0.020857369
21.515367508 12.304653168 0.109537291 0.008902103
21.618179321 12.741500854 0.102206003 0.008021504
21.719705582 13.278883934 0.009104661 0.000685650
21.812469482 6.918849945 -0.073631967 -0.010642226
21.903171539 15.081731796 -0.069055365 -0.004578742
22.004955292 11.565401077 -0.414560473 -0.035844885
22.107769012 13.279682159 -0.258754059 -0.019484959
22.209037781 8.145615578 -0.377466602 -0.046339850
22.304634094 11.845064163 -0.235046866 -0.019843444
22.393533707 15.700101852 -0.277037485 -0.017645585
22.494543076 13.949517250 -0.260453064 -0.018671117
22.597358704 10.066152573 -0.098115806 -0.009747101
22.697595596 14.003773689 0.107115546 0.007649049
22.792419434 11.636014938 0.251605219 0.021622971
22.884153366 14.298995018 0.092867035 0.006494655
22.984132767 11.574975967 0.223739590 0.019329594
23.075351715 12.021798134 0.246600630 0.020512791
23.188730240 8.717308998 0.169431160 0.019436177
23.271444321 11.077486992 -0.018225725 -0.001645294
23.370649338 12.653732300 -0.536962304 -0.042435093
23.473722458 7.643739223 -0.537648923 -0.070338470
23.573442459 12.903473854 -0.348309879 -0.026993497
23.665176392 10.262037277 -0.408194995 -0.039777189
23.758455276 12.959326744 -0.563279254 -0.043465163
23.860239029 10.919902802 -0.575550767 -0.052706583
23.961248398 12.750278473 -0.190481301 -0.014939384
24.047056198 13.213058472 0.044170720 0.003342960
24.143684387 14.725470543 0.341303316 0.023177753
24.246498108 13.671051025 1.045824706 0.076499218
24.348024368 9.994342804 2.399507708 0.240086593
24.434347153 15.826968193 4.762749642 0.300926216
24.530202866 12.283508301 8.560774975 0.696932404
24.627347946 10.199801445 13.570573084 1.330474241
24.735572815 7.709963799 19.041170341 2.469683495
24.828079224 8.803880692 26.546461403 3.015313625
24.916978836 8.511451721 35.133119883 4.127747068
25.019275665 14.909385681 44.661639991 2.995538579
25.111267090 9.285810471 56.337827713 6.067087832
25.202228546 12.997626305 69.506085646 5.347598401
25.303237915 11.651174545 84.406589636 7.244470444
25.394971848 13.873716354 100.833133655 7.267925268
25.483869553 13.213457108 119.075782734 9.011705397
25.582818985 18.339544296 138.987774490 7.578583865
25.663986206 21.238302231 160.823080623 7.572313402
25.748506546 34.792572021 184.498992812 5.302827072
25.837404251 49.584781647 209.494136237 4.224968413
25.919088364 78.029396057 236.699918675 3.033471110
25.997938156 101.100982666 265.410495213 2.625201934
26.068284988 118.117324829 295.941546708 2.505488057
26.153060913 153.932113647 327.309755431 2.126325350
26.221860886 177.586563110 360.373607945 2.029284207
26.288856506 207.619781494 395.282611193 1.903877407
26.360233307 246.478561401 431.227416533 1.749553446
26.437021255 283.683685303 467.737578752 1.648799712
26.512006760 319.780517578 503.437655331 1.574322473
26.566377640 360.918884277 535.317492042 1.483207212
26.642650604 402.513641357 562.617735613 1.397760666
26.695730209 441.469757080 584.649171286 1.324324400
26.771488190 484.939941406 600.475897222 1.238247968
26.824054718 533.433349609 610.761035946 1.144962227
26.899812698 579.432495117 615.840945970 1.062834672
26.953151703 622.255187988 614.977685999 0.988304634
27.014480591 670.129760742 610.039315740 0.910330135
27.081218719 724.303771973 600.324528711 0.828829770
27.133012772 773.516845703 585.518525584 0.756956398
27.185062408 824.961608887 567.154851902 0.687492419
27.250770569 882.264587402 544.688120347 0.617375023
27.312097549 933.312011719 519.142885017 0.556237227
27.364664078 989.041137695 490.632160103 0.496068507
27.416715622 1019.688720703 458.785978376 0.449927482
27.468509674 1033.873291016 424.254168572 0.410354124
27.519786835 1034.011718750 389.054322426 0.376257169
27.571321487 1033.975463867 351.736571439 0.340178838
27.624404907 1033.932373047 313.380795110 0.303096028
27.675167084 1033.974243164 274.577949136 0.265555889
27.726444244 1033.968627930 235.969812557 0.228217575
27.778753281 1033.988281250 198.484826745 0.191960422
27.829000473 1034.016113281 161.249036796 0.155944414
27.880535126 1033.952758789 126.047813027 0.121908677
27.931814194 1033.810668945 94.051063357 0.090975133
27.976392746 1033.985473633 65.273151441 0.063127726
28.022001266 1033.938354492 40.359822467 0.039035038
28.062973022 1033.932739258 21.536358742 0.020829555
28.112447739 1033.942749023 8.383311218 0.008108100
28.162694931 1033.845825195 2.126424470 0.002056810
28.207014084 1033.989013672 -0.043409484 -0.000041983
28.242059708 1033.951538086 -0.058111544 -0.000056203
28.292821884 1033.943115234 -0.049279309 -0.000047662
28.333276749 1033.952758789 -0.047856974 -0.000046285
28.370382309 1033.933959961 -0.053373021 -0.000051621
28.419342041 1033.858520508 -0.051062360 -0.000049390
28.448717117 1033.926757812 -0.048581985 -0.000046988
28.498706818 1033.937133789 -0.040771395 -0.000039433
28.529886246 1033.939208984 -0.017305265 -0.000016737
28.576009750 1033.922363281 -0.014972484 -0.000014481
28.606416702 1033.918823242 -0.067474098 -0.000065261
28.653570175 1033.883300781 -0.068735649 -0.000066483
28.653829575 1033.932373047 -0.079820557 -0.000077201
28.607446671 1033.891235352 -0.082064009 -0.000079374
28.576782227 1033.906005859 -0.091148384 -0.000088159
28.535039902 1033.923217773 -0.108167055 -0.000104618
28.499221802 1033.947143555 -0.107019148 -0.000103505
28.458509445 1033.942749023 -0.100906304 -0.000097594
28.422176361 1033.918823242 -0.107509045 -0.000103982
28.375020981 1033.955566406 -0.106786859 -0.000103280
28.343326569 1033.945190430 -0.086465278 -0.000083627
28.293594360 1033.921142578 -0.085141213 -0.000082348
28.253911972 1033.977050781 -0.081682923 -0.000078999
28.215776443 1033.927978516 -0.037520513 -0.000036289
28.164497375 1033.962646484 2.950481954 0.002853567
28.116569519 1033.963134766 10.375515998 0.010034706
28.079463959 1033.991821289 24.901536293 0.024082914
28.034627914 1033.975097656 44.895055529 0.043419861
27.984123230 1033.949096680 70.165239905 0.067861406
27.933103561 1033.989868164 99.911973337 0.096627613
27.885175705 1033.987060547 131.786094632 0.127454298
27.837245941 1034.000244141 166.287314058 0.160819415
27.795759201 1033.976196289 202.903146703 0.196235801
27.741905212 1034.027343750 240.566025343 0.232649578
27.689596176 1034.005737305 279.457318740 0.270266700
27.640380859 1033.916015625 317.254687558 0.306847638
27.585494995 1034.019287109 355.526372382 0.343829537
27.529321671 1033.990234375 391.170273424 0.378311381
27.477270126 1033.738891602 425.852581438 0.411953720
27.418777466 1014.796813965 459.355492127 0.452657602
27.366210938 981.388854980 490.127675882 0.499422500
27.314159393 923.604003906 517.251216721 0.560035702
27.261850357 872.134887695 542.616013264 0.622169828
27.196142197 819.871826172 564.397224243 0.688396901
27.134300232 764.516174316 582.377968964 0.761760167
27.082248688 721.624450684 595.726658368 0.825535579
27.027879715 670.530700684 605.516255253 0.903040315
26.954183578 621.555419922 610.867959714 0.982805298
26.901874542 574.180297852 611.258212583 1.064575387
26.829208374 523.883300781 605.835477373 1.156432122
26.773035049 484.676239014 595.613061459 1.228888511
26.700626373 436.099487305 580.486129851 1.331086476
26.644195557 404.453735352 558.442389083 1.380732431
26.570756912 359.618713379 531.079614119 1.476785257
26.514583588 320.990539551 499.136428803 1.554987974
26.438310623 280.362426758 463.247880789 1.652317988
26.361265182 246.928573608 426.875297010 1.728739978
26.293495178 208.021926880 391.832258038 1.883610367
26.226757050 181.209808350 357.585761236 1.973324537
26.154865265 150.798370361 324.770090991 2.153671092
26.072923660 122.141113281 293.744124126 2.404956990
26.000000000 92.643676758 263.515966781 2.844403158
25.921922684 69.422088623 234.809543669 3.382346287
25.839208603 54.697303772 207.601755342 3.795465974
25.747474670 36.905002594 182.795382034 4.953132887
25.665533066 21.648023605 159.633854815 7.374061380
25.584880829 13.958292961 137.829006408 9.874345437
25.485416412 14.297400475 118.191676179 8.266654934
25.393167496 11.196772575 100.024774712 8.933357719
25.304784775 11.308479309 83.545932464 7.387901607
25.202743530 15.760342598 68.786671389 4.364541631
25.112556458 12.323003769 55.597403755 4.511676276
25.020565033 12.146269798 44.139843377 3.634024611
24.918781281 10.495820999 34.612954938 3.297784417
24.826017380 9.123040199 25.828765698 2.831157721
24.736345291 10.827746391 18.462480352 1.705108310
24.625543594 7.924599171 12.599662840 1.589943235
24.531749725 12.878339767 8.235421314 0.639478494
24.431512833 15.183862686 5.223017752 0.343984786
24.347766876 12.038554192 2.786442588 0.231459903
24.248044968 16.068330765 1.240468910 0.077199613
24.145231247 15.500228882 0.544869526 0.035152354
24.043449402 14.179710388 0.228352971 0.016104206
23.960733414 10.713646889 -0.120274476 -0.011226287
23.861785889 13.589265823 -0.254496815 -0.018727783
23.758972168 10.490633965 -0.329503935 -0.031409344
23.660022736 13.696582794 -0.365782007 -0.026706078
23.572927475 10.074530602 -0.155115983 -0.015396845
23.475009918 7.667276859 -0.408646398 -0.053297462
23.372453690 12.373670578 -0.392208085 -0.031696988
23.274278641 12.174994469 -0.168910066 -0.013873523
23.184091568 10.727609634 -0.138229081 -0.012885357
23.080247879 10.679336548 0.217692037 0.020384416
22.985679626 8.432061195 0.060081517 0.007125365
22.885183334 10.814182281 -0.112233135 -0.010378328
22.795511246 12.630991936 0.088543793 0.007010043
22.700170517 13.487933159 -0.056252596 -0.004170587
22.598646164 15.002739906 -0.031035632 -0.002068664
22.496089935 15.234528542 -0.302760365 -0.019873301
22.395338058 15.164712906 -0.355048358 -0.023412798
22.308757782 14.385566711 -0.215484218 -0.014979196
22.211612701 9.250702858 -0.154246177 -0.016673995
22.109573364 8.515042305 -0.057744920 -0.006781519
22.006500244 15.852101326 0.120139285 0.007578761
21.904203415 13.549370766 0.427837860 0.031576216
21.814273834 11.900518417 0.617274930 0.051869583
21.721252441 13.362264633 0.569217380 0.042598870
21.619983673 11.377098083 0.400567486 0.035208230
21.516912460 14.580653191 0.471011794 0.032303888
21.417449951 12.511707306 0.643571697 0.051437560
21.328292847 9.662018776 0.696487005 0.072085039
21.230890274 10.771493912 0.781250854 0.072529480
21.130136490 8.309583664 0.564236621 0.067901912
21.027324677 14.016939163 0.415937625 0.029673927
20.924509048 14.141012192 0.208417064 0.014738483
20.831230164 8.232986450 0.108133484 0.013134175
20.735889435 12.420746803 -0.063799870 -0.005136557
20.639003754 8.580071449 -0.094825762 -0.011051862
20.537734985 10.770695686 0.103539805 0.009613103
20.434921265 11.276962280 -0.127843137 -0.011336664
20.332107544 8.422086716 -0.238059353 -0.028266077
20.234962463 12.187361717 -0.392060526 -0.032169434
20.137561798 15.683745384 -0.499946160 -0.031876707
20.046085358 12.198133469 -0.653502274 -0.053573957
19.943786621 13.025951385 -0.946973317 -0.072698975
19.842260361 12.729533195 -0.997189066 -0.078336656
19.740993500 10.426403999 -0.703531573 -0.067475956
19.641271591 14.259898186 -0.590008439 -0.041375361
19.548765182 11.599711418 -0.400647594 -0.034539445
19.450847626 12.099991798 -0.464148029 -0.038359367
19.351898193 10.228923798 -0.483287082 -0.047247109
19.249086380 11.878176689 -0.341715075 -0.028768311
19.146530151 14.883055687 -0.389175916 -0.026148926
19.044746399 12.305051804 -0.211193333 -0.017163140
18.949148178 11.771657944 -0.228527467 -0.019413363
18.851230621 11.978712082 0.004294758 0.000358533
18.746871948 14.326922417 0.318756324 0.022248765
18.654880524 12.178983688 0.355140954 0.029160147
18.553611755 14.966036797 0.332181229 0.022195671
18.450540543 14.105106354 0.492692837 0.034930104
18.349788666 12.305051804 0.406246985 0.033014651
18.263982773 9.638879776 0.384741648 0.039915598
18.166320801 11.417390823 0.453571774 0.039726395
18.063764572 12.861983299 0.547015994 0.042529677
17.960952759 11.221109390 0.479061850 0.042692913
17.858137131 10.195412636 0.345838834 0.033921024
17.755325317 13.572909355 0.364721695 0.026871298
17.657663345 12.563968658 0.358793194 0.028557314
17.558973312 12.982067108 0.369537061 0.028465194
17.465436935 14.135427475 0.208464588 0.014747668
17.367776871 9.711487770 0.233288722 0.024021934
17.264963150 11.304089546 0.464534231 0.041094352
17.162149429 12.047730446 0.393995412 0.032702874
17.059078217 9.301768303 0.356629589 0.038339978
16.956264496 9.580233574 0.175757607 0.018345858
16.855512619 12.553595543 -0.077131921 -0.006144210
16.752441406 11.775647163 -0.081412665 -0.006913647
16.669725418 12.688441277 -0.047242025 -0.003723233
16.569488525 8.345488548 0.039968094 0.004789186
16.465387344 13.446043968 -0.089674072 -0.006669179
16.363346100 14.103910446 0.231919331 0.016443619
16.260274887 13.731691360 0.271195174 0.019749583
16.157976151 12.610246658 0.303241619 0.024047239
16.057481766 9.203227997 0.188823934 0.020517142
15.956472397 14.370008469 0.002355797 0.000163938
15.857523918 12.027782440 -0.100975383 -0.008395179
15.764760017 8.418098450 0.126038399 0.014972312
15.664779663 10.668564796 -0.019332595 -0.001812108
15.560677528 12.157839775 -0.142561366 -0.011725880
15.463018417 11.565002441 0.100090482 0.008654601
15.358401299 13.449234962 -0.003279314 -0.000243829
15.255586624 11.217917442 -0.054367455 -0.004846484
15.152000427 13.339525223 -0.179573713 -0.013461777
15.051763535 10.821363449 -0.100646051 -0.009300681
14.949208260 12.818897247 0.257478404 0.020085847
14.848197937 7.121516228 -0.030976111 -0.004349651
14.753372192 12.585910797 -0.078431548 -0.006231694
14.644632339 9.287007332 -0.206545059 -0.022240217
14.546198845 12.488568306 -0.410555970 -0.032874543
14.454208374 13.250160217 -0.112145923 -0.008463741
14.353454590 10.645825386 -0.536901220 -0.050433029
14.250384331 9.649251938 -0.550801474 -0.057082298
14.147313118 14.124256134 -0.270258439 -0.019134348
14.044240952 13.153216362 -0.379825968 -0.028877041
13.941943169 10.075328827 -0.293339612 -0.029114644
13.840160370 15.557677269 -0.271913281 -0.017477756
13.740695953 11.949190140 -0.321221349 -0.026882269
13.645612717 13.975447655 -0.193042164 -0.013812950
13.536615372 9.744601250 -0.139484801 -0.014314059
13.449777603 9.521189690 -0.062233575 -0.006536323
13.348252296 14.948083878 -0.063834047 -0.004270383
13.245438576 10.311905861 0.215800554 0.020927320
13.142624855 11.806365967 0.122511948 0.010376770
13.039553642 14.139415741 0.257630595 0.018220738
12.936739922 9.507625580 0.108495504 0.011411419
12.835214615 16.066337585 0.006495854 0.000404315
12.732400894 11.837084770 0.130762732 0.011046870
12.632937431 10.767504692 0.325213887 0.030203273
12.537339211 15.020692825 0.132446315 0.008817590
12.430401802 10.455127716 0.083742571 0.008009713
12.328104019 12.054512024 0.173872655 0.014423865
12.236886024 11.245045662 -0.103391397 -0.009194396
12.133813858 10.530529022 -0.301743565 -0.028654170
12.034350395 9.463341713 -0.377286897 -0.039868253
11.914788246 11.504362106 -0.249832951 -0.021716367
11.824085236 10.733593941 -0.082377427 -0.007674729
11.724620819 11.958365440 -0.331164455 -0.027693120
11.623353958 12.686446190 -0.348695438 -0.027485667
11.518735886 12.382448196 -0.337093690 -0.027223509
11.415923119 13.929967880 -0.353771208 -0.025396412
11.313109398 12.433512688 -0.137138385 -0.011029738
11.210038185 11.383082390 -0.153562420 -0.013490408
11.106708527 11.315260887 -0.110013844 -0.009722608
11.005955696 13.126485825 -0.072408952 -0.005516248
10.905718803 11.694261551 -0.261048316 -0.022322770
10.801875114 12.533649445 -0.174739416 -0.013941623
10.698031425 13.047095299 0.064485282 0.004942501
10.599340439 15.387724876 0.015704934 0.001020614
10.500391006 11.405423164 -0.089032244 -0.007806132
10.409688950 12.309839249 -0.097973825 -0.007958985
10.298887253 12.065283775 -0.127835101 -0.010595283
10.205092430 13.436469078 0.134616611 0.010018749
10.102021217 14.402722359 0.311063205 0.021597528
9.998691559 12.585112572 0.344282885 0.027356361
9.896908760 10.621489525 0.586541318 0.055222134
9.792549133 11.413801193 0.484855367 0.042479745
9.689992905 8.467966080 0.434494583 0.051310383
9.592332840 11.454893112 0.457653857 0.039952696
9.489776611 12.670088768 0.429768697 0.033919944
9.389024734 12.048927307 0.456673899 0.037901623
9.291364670 12.113555908 0.370508926 0.030586306
9.188293457 7.946939945 0.534999526 0.067321451
9.088314056 13.385403633 0.636039174 0.047517370
8.989623070 15.237321854 0.341634262 0.022420886
8.889387131 15.093700409 0.267841331 0.017745240
8.787604332 13.614001274 0.172744473 0.012688736
8.681182861 9.694334030 0.144888672 0.014945707
8.581460953 9.755771637 -0.036364199 -0.003727455
8.478389740 11.225097656 -0.284907739 -0.025381315
8.375317574 7.968083858 -0.298058213 -0.037406511
8.273534775 11.753306389 -0.326021143 -0.027738675
8.171752930 12.347339630 -0.213386899 -0.017282014
8.067393303 12.229649544 -0.124619948 -0.010189985
7.967413902 13.207074165 -0.224439111 -0.016993856
7.867949963 10.497417450 -0.233409348 -0.022234931
7.768743992 13.738871574 -0.158630716 -0.011546124
7.669537067 8.782338142 -0.218588467 -0.024889553
7.565950871 9.047637939 -0.092826636 -0.010259765
7.464426041 12.923819542 -0.139578002 -0.010800058
7.364962101 13.299630165 -0.229929407 -0.017288406
7.263951778 12.822487831 -0.642600633 -0.050115129
7.164487839 11.988286972 -0.930390431 -0.077608288
7.059354782 13.085792542 -0.804305730 -0.061464044
6.959117889 13.157604218 -0.746634775 -0.056745496
6.857335091 11.073897362 -0.767742080 -0.069328986
6.753232956 13.315587997 -0.336939383 -0.025304131
6.650677204 10.301532745 -0.591125136 -0.057382251
6.548378944 13.749643326 -0.504065499 -0.036660260
6.447885036 14.088749886 -0.426484799 -0.030271302
6.345585823 11.452099800 -0.594138503 -0.051880311
6.243803024 10.627075195 -0.578181447 -0.054406451
6.145370007 12.720356941 -0.448919603 -0.035291431
6.053121090 14.095132828 -0.344981059 -0.024475190
5.945927143 11.589338303 -0.090815939 -0.007836163
5.845174789 10.212965965 -0.038371755 -0.003757161
5.746225834 15.436396599 -0.224485187 -0.014542590
5.643671036 14.935716629 -0.447514889 -0.029962733
5.542403221 12.285902023 -0.332897946 -0.027095930
5.438043118 13.543387413 -0.431338039 -0.031848608
5.336775780 13.545381546 -0.455608007 -0.033635672
5.238599777 9.608959198 -0.387932042 -0.040371911
5.138620853 17.152673721 -0.090796647 -0.005293440
5.037096024 11.160070419 0.094042319 0.008426678
4.933508873 11.372309685 -0.041065366 -0.003610996
4.837910175 14.377188683 0.019616187 0.001364397
4.741796017 14.267876625 0.146526433 0.010269673
4.637951851 9.146179199 0.530541811 0.058006934
4.535654068 14.582648277 0.747759856 0.051277370
4.433354855 12.172202110 0.834771779 0.068580177
4.330284119 11.611280441 0.836896004 0.072076117
4.228243828 15.101280212 0.926714599 0.061366625
4.126718044 16.344005585 0.609196976 0.037273419
4.027770042 11.838681221 0.586069964 0.049504666
3.936809063 14.211227417 0.366979218 0.025823189
3.832706928 12.965311050 0.113044101 0.008718966
3.736593008 13.651901245 0.125669805 0.009205297
3.634552956 7.591476917 0.333114565 0.043880073
3.531481028 12.321008682 0.208053575 0.016886083
3.431760073 14.100717545 0.277224652 0.019660322
3.328430891 10.503002167 0.261031824 0.024853068
3.226133108 11.974323273 0.000852570 0.000071200
3.128730059 8.603609085 -0.245426411 -0.028525984
3.030297041 9.015322685 -0.007631460 -0.000846499
2.937791109 9.474513054 0.014069598 0.001484994
2.835491896 13.273697853 0.166757187 0.012562979
2.732678890 13.396972656 -0.013677588 -0.001020946
2.631153107 14.776934624 -0.164805306 -0.011152875
2.530658960 10.376934052 -0.433295224 -0.041755611
2.435575008 16.174053192 -0.425390350 -0.026300788
2.344872952 15.676164627 0.578704192 0.036916185
2.241801023 11.361538887 1.352645024 0.119054737
2.140790939 12.211298943 1.908485756 0.156288513
2.044420004 9.797262192 2.654187079 0.270911100
1.947533011 12.529259682 3.090355168 0.246651059
1.851675987 13.811879158 3.386939561 0.245219316
1.752470016 14.778531075 3.816985533 0.258279088
1.650944948 14.664831161 4.153581812 0.283234206
1.553542972 12.225261688 4.643739839 0.379847889
1.458716989 10.132778168 5.121261155 0.505415304
1.365695000 10.277196884 5.593482317 0.544261473
1.267004013 16.257831573 5.875161565 0.361374242
