0.000000000 0.000000000 5.140738593 inf
0.000000000 0.000000000 5.140738593 inf
0.000000000 0.000000000 5.140738593 inf
0.000000000 0.000000000 5.140738593 inf
0.000000000 0.000000000 5.140738593 inf
0.000000000 0.000000000 5.140738593 inf
0.000000000 0.000000000 5.140738593 inf
0.000000000 0.000000000 5.140738593 inf
0.000000000 0.000000000 5.140738593 inf
0.000000000 0.000000000 5.140738593 inf
0.000000000 0.000000000 5.140738593 inf
0.000000000 0.000000000 5.140738593 inf
1.081990957 11.686283112 5.140738593 0.439895093
1.163674951 11.744130135 5.140738593 0.437728340
1.263911963 11.410209656 5.140738593 0.450538487
1.362344980 11.944003105 5.140738593 0.430403320
1.457429051 12.252788544 4.904957967 0.400313606
1.549419999 11.945598602 4.651629350 0.389401110
1.648110986 12.127918243 4.403641809 0.363099563
1.750923991 12.057703972 4.138218438 0.343201197
1.851161003 11.642797470 3.880214157 0.333271636
1.942378998 12.092411995 3.599205245 0.297641632
2.042357922 11.937220573 3.257189571 0.272859964
2.137957096 11.910093307 2.851818133 0.239445490
2.233813047 11.908896446 2.387649059 0.200492889
2.337914944 11.985095024 1.837900303 0.153348830
2.425784111 11.696255684 1.109591103 0.094867206
2.526535988 12.080444336 0.055256996 0.004574086
2.627803087 12.023393631 0.048971939 0.004073055
2.730102062 11.824318886 0.047849841 0.004046731
2.833173037 12.015415192 0.014574330 0.001212969
2.931091070 12.193744659 0.024599223 0.002017364
3.022824049 11.862218857 0.018691869 0.001575748
3.121773005 12.120737076 -0.010383241 -0.000856651
3.222266912 11.992276192 -0.016762628 -0.001397785
3.323792934 12.534446716 0.003086698 0.000246257
3.426348925 12.575538635 -0.020602193 -0.001638275
3.528904915 11.965147972 -0.020064959 -0.001676950
3.632234097 11.604099274 -0.011996878 -0.001033848
3.729635954 11.793600082 -0.028954825 -0.002455130
3.820338964 12.157441139 -0.029187926 -0.002400828
3.927017927 12.004643440 -0.028422677 -0.002367640
4.020297050 11.519521713 -0.053878413 -0.004677140
4.122337818 12.137493134 -0.049189839 -0.004052718
4.226181984 12.190952301 -0.033556421 -0.002752568
4.327964783 12.048527718 -0.072998871 -0.006058738
4.431035995 12.232044220 -0.058303726 -0.004766474
4.531788826 11.668330193 -0.067567543 -0.005790678
4.628675938 11.572582245 -0.076382292 -0.006600281
4.732262135 11.725778580 -0.073854834 -0.006298501
4.823738098 12.203719139 -0.069078582 -0.005660453
4.925778866 11.934826851 -0.024373879 -0.002042248
5.030653954 11.878176689 0.033803470 0.002845847
5.133467197 12.151455879 0.018707677 0.001539542
5.233962059 11.782828331 -0.039076526 -0.003316396
5.334713936 12.050921440 -0.046559462 -0.003863560
5.435982227 11.995866776 -0.033889358 -0.002825086
5.538794994 11.870996475 -0.002902087 -0.000244469
5.639804840 11.971929550 -0.027081118 -0.002262051
5.741073132 12.206111908 -0.030827157 -0.002525551
5.836413860 11.517128944 -0.030513397 -0.002649393
5.940773964 12.190552711 -0.059527685 -0.004883100
6.051318169 11.617664337 -0.074862809 -0.006443878
6.139700890 11.938418388 -0.104431428 -0.008747510
6.238649845 11.857032776 -0.108204594 -0.009125773
6.350224018 12.012223244 -0.142584355 -0.011869939
6.441957951 12.102386475 -0.114000494 -0.009419671
6.543741226 12.255183220 -0.100026311 -0.008161960
6.647842884 11.663942337 -0.111863557 -0.009590544
6.750141144 11.314862251 -0.066506111 -0.005877766
6.853469849 11.931237221 -0.076315401 -0.006396269
6.956026077 11.890145302 -0.081275465 -0.006835532
7.044925213 12.343750000 -0.086016865 -0.006968455
7.164487839 11.960759163 -0.094497245 -0.007900606
7.255190849 11.671920776 -0.088118402 -0.007549606
7.352850914 11.651574135 -0.025339257 -0.002174750
7.453344822 11.276962280 -0.052960489 -0.004696344
7.553325176 11.258609772 -0.026418259 -0.002346494
7.659488201 11.556224823 0.007014242 0.000606967
7.764877796 12.080842972 0.041833192 0.003462771
7.860476971 11.440529823 0.071134727 0.006217783
7.962259769 11.965945244 0.121325427 0.010139226
8.070485115 11.991079330 0.150311998 0.012535318
8.167630196 11.625244141 0.157352402 0.013535406
8.270701408 12.271141052 0.168539466 0.013734621
8.373256683 11.751311302 0.103668210 0.008821842
8.477358818 11.545055389 0.093556408 0.008103591
8.575792313 11.573380470 0.105747589 0.009137139
8.669587135 11.615669250 0.146384322 0.012602315
8.783480644 11.738545418 0.154501916 0.013161930
8.875472069 12.421145439 0.133824517 0.010773927
8.983181953 11.654766083 0.104698174 0.008983293
9.075945854 11.853442192 0.036172480 0.003051643
9.179017067 12.556388855 -0.013256725 -0.001055775
9.282604218 12.300662994 -0.027993379 -0.002275762
9.381810188 12.319014549 -0.054915365 -0.004457773
9.484881401 12.536441803 -0.107123438 -0.008544964
9.587436676 12.116747856 -0.095655988 -0.007894527
9.687416077 11.586147308 -0.094919424 -0.008192492
9.790744781 12.243613243 -0.077871355 -0.006360161
9.901547432 11.385476112 -0.052730889 -0.004631417
9.997145653 11.646786690 -0.097585115 -0.008378716
10.099185944 12.045335770 -0.111051150 -0.009219432
10.203545570 12.044937134 -0.121684664 -0.010102557
10.289610863 11.892140388 -0.132930307 -0.011177997
10.405566216 11.712613106 -0.186658682 -0.015936553
10.494979858 11.589736938 -0.124855590 -0.010772944
10.597536087 11.326031685 -0.140691913 -0.012421995
10.696999550 11.673116684 -0.140562896 -0.012041591
10.799814224 11.964749336 -0.119633148 -0.009998801
10.902885437 11.226694107 -0.085412920 -0.007608021
11.003379822 11.431754112 -0.019864499 -0.001737660
11.104905128 11.936423302 0.003341143 0.000279912
11.212356567 11.726177216 0.042144509 0.003594054
11.311046600 12.372473717 0.023410751 0.001892164
11.413346291 11.868601799 0.028976278 0.002441423
11.516674995 11.225097656 0.016185980 0.001441946
11.619746208 11.931635857 0.001532715 0.000128458
11.721014023 11.975520134 -0.004487369 -0.000374712
11.817128181 11.951981544 0.022486768 0.001881426
11.905769348 11.123764992 0.074379641 0.006686553
12.015025139 12.297869682 0.055689723 0.004528404
12.111654282 11.804770470 0.072907481 0.006176103
12.214468002 11.872989655 0.051017968 0.004296977
12.315993309 11.468057632 0.045793560 0.003993140
12.419063568 11.891342163 0.049678338 0.004177690
12.522393227 12.366090775 0.052597237 0.004253344
12.625206947 11.429759026 0.041103780 0.003596207
12.726217270 12.064485550 0.079454358 0.006585806
12.824392319 11.667133331 0.054709822 0.004689226
12.916641235 11.373107910 0.094292302 0.008290812
13.019712448 11.926848412 0.091965010 0.007710755
13.121237755 11.653569221 0.074898517 0.006427088
13.223020554 11.373107910 0.102555839 0.009017398
13.338718414 11.880570412 0.100080446 0.008423876
13.444108963 12.442290306 0.088052122 0.007076842
13.530430794 11.497579575 0.008818376 0.000766977
13.634275436 12.214091301 0.053947349 0.004416812
13.735027313 11.884160995 0.078030670 0.006565938
13.836810112 11.829106331 0.070361150 0.005948137
13.939366341 11.680297852 0.068645785 0.005877058
14.042437553 12.431917191 0.033060814 0.002659350
14.145508766 12.053713799 0.050998571 0.004230943
14.247291565 12.388032913 -0.003083358 -0.000248898
14.348559380 11.591333389 0.008109400 0.000699609
14.443385124 11.968338966 0.003271940 0.000273383
14.536922455 11.775247574 -0.047322544 -0.004018815
14.638447762 12.208905220 -0.053967375 -0.004420329
14.743323326 12.272337914 -0.081048679 -0.006604176
14.842270851 11.742933273 -0.125666707 -0.010701475
14.944568634 11.591333389 -0.151409418 -0.013062295
15.047640800 11.328426361 -0.112661004 -0.009944983
15.146074295 12.169010162 -0.149452204 -0.012281377
15.252753258 12.332978249 -0.101450804 -0.008225978
15.354792595 11.765274048 -0.094787695 -0.008056565
15.453742027 12.289891243 -0.152208728 -0.012384872
15.545990944 11.322840691 -0.143880424 -0.012707096
15.651896477 11.676308632 -0.117882041 -0.010095831
15.749814034 11.424572945 -0.116349300 -0.010184127
15.847474098 11.839479446 -0.054613323 -0.004612815
15.951061249 11.981104851 -0.073720505 -0.006153064
16.052585602 11.555827141 -0.084087143 -0.007276601
16.155399323 11.707427025 -0.093200033 -0.007960761
16.257955551 11.646388054 -0.068472586 -0.005879298
16.361026764 11.655962944 -0.027588727 -0.002366920
16.463582993 11.440929413 -0.010009575 -0.000874892
16.565881729 11.886954308 -0.008035808 -0.000676019
16.663541794 11.601306915 -0.005490240 -0.000473243
16.749090195 12.261566162 0.021549864 0.001757513
16.851903915 11.924056053 0.068354930 0.005732523
16.954202652 10.915115356 0.114389645 0.010479930
17.057273865 12.109966278 0.134985220 0.011146622
17.159315109 11.629233360 0.102669245 0.008828548
17.260066986 11.571784019 0.084404332 0.007293978
17.357212067 12.187761307 0.054413326 0.004464587
17.454614639 11.675111771 0.069389223 0.005943346
17.552274704 11.424572945 0.088156111 0.007716359
17.651479721 11.618062019 0.105607238 0.009089919
17.753004074 11.704633713 0.114861097 0.009813301
17.856334686 11.870596886 0.131328864 0.011063375
17.959405899 12.022596359 0.129142319 0.010741633
18.061189651 11.944401741 0.111510809 0.009335822
18.160652161 12.257975578 0.079112651 0.006453974
18.251098633 11.827111244 0.077718703 0.006571233
18.345922470 11.957965851 0.121937488 0.010197176
18.448736191 12.527665138 0.125392693 0.010009263
18.550003052 11.592928886 0.064842003 0.005593237
18.646118164 11.703836441 0.046933919 0.004010131
18.736564636 11.580960274 0.014453656 0.001248053
18.839635849 11.654367447 -0.018541845 -0.001590978
18.940645218 11.967540741 -0.027219905 -0.002274478
19.041654587 11.885757446 -0.034838826 -0.002931141
19.144468307 12.314227104 -0.069657406 -0.005656661
19.245994568 12.067676544 -0.064586269 -0.005352005
19.345199585 12.275528908 -0.035613762 -0.002901200
19.437191010 12.000654221 -0.031782276 -0.002648379
19.537170410 11.999855995 -0.048699754 -0.004058362
19.635087967 11.318053246 -0.033163363 -0.002930130
19.738159180 12.095205307 0.006087069 0.000503263
19.840200424 12.167413712 0.021755342 0.001788001
19.935024261 11.854240417 0.026608495 0.002244639
20.043249130 11.883362770 0.036734278 0.003091236
20.131891251 11.366326332 0.001637624 0.000144077
20.230325699 11.592130661 -0.018764049 -0.001618689
20.330303192 11.642797470 -0.055470741 -0.004764383
20.433118820 11.389863968 -0.080080278 -0.007030837
20.536188126 11.900518417 -0.087741929 -0.007372950
20.634363174 11.738545418 -0.124639052 -0.010617930
20.732797623 12.205713272 -0.066648571 -0.005460441
20.822727203 12.547612190 -0.063159891 -0.005033618
20.923221588 12.011425972 -0.018595651 -0.001548164
21.025777817 11.518324852 0.051828324 0.004499641
21.128849030 12.098794937 0.030989880 0.002561402
21.229085922 12.166616440 -0.024929259 -0.002048989
21.323911667 12.232044220 -0.046830534 -0.003828513
21.414613724 11.941210747 0.003179890 0.000266295
21.515108109 11.416993141 0.020107017 0.001761148
21.617923737 11.599711418 0.046709973 0.004026822
21.718158722 11.723784447 0.021440593 0.001828812
21.807830811 11.590933800 0.008369643 0.000722085
21.902399063 11.713011742 0.009053529 0.000772946
22.004697800 11.658755302 -0.022631925 -0.001941196
22.108026505 11.247838020 -0.008833315 -0.000785334
22.204656601 12.298269272 -0.003847217 -0.000312826
22.295616150 11.669128418 0.033933680 0.002907988
22.391988754 12.093210220 0.080516750 0.006658013
22.494543076 12.794561386 0.102199616 0.007987739
22.597358704 11.357548714 0.093634647 0.008244266
22.697851181 11.476835251 0.099927779 0.008706911
22.784431458 11.204751968 0.081775496 0.007298287
22.882091522 12.242815971 0.084497769 0.006901825
22.984132767 12.042144775 0.096193865 0.007988101
23.072517395 12.182574272 0.085101572 0.006985516
23.180742264 11.912884712 0.060698376 0.005095187
23.267837524 11.905703545 0.039906287 0.003351863
23.370908737 12.095603943 0.042827206 0.003540725
23.472690582 11.872591972 0.014621521 0.001231536
23.566743851 12.093608856 0.010130417 0.000837667
23.656158447 12.138291359 -0.035998716 -0.002965715
23.757167816 12.194542885 -0.000410454 -0.000033659
23.859466553 11.964349747 -0.017712062 -0.001480403
23.954034805 12.098794937 0.026948914 0.002227405
24.040613174 12.145471573 0.234694587 0.019323629
24.143684387 11.805967331 0.560333242 0.047461866
24.246240616 11.323240280 1.158032283 0.102270397
24.341840744 11.531491280 2.206963628 0.191385795
24.429965973 11.936821938 3.904900587 0.327130672
24.530202866 12.133105278 6.327420018 0.521500463
24.616525650 11.768465996 9.584818464 0.814449264
24.732995987 11.709820747 13.574634091 1.159252083
24.819318771 12.231644630 18.611688741 1.521601494
24.916978836 11.643196106 24.509832181 2.105077674
25.018503189 12.077651024 31.306851242 2.592130803
25.106628418 11.876181602 39.045549464 3.287719132
25.201196671 12.107571602 47.896050015 3.955875843
25.302722931 11.919667244 57.675621626 4.838693937
25.390590668 12.475801468 68.473342285 5.488492460
25.483612061 14.365619659 80.316464566 5.590880621
25.575088501 17.916259766 93.295421005 5.207304550
25.663986206 22.618663788 107.224124286 4.740515412
25.750566483 30.922773361 122.080668004 3.947921054
25.843074799 41.454212189 138.020978873 3.329480204
25.921922684 55.341602325 155.167050353 2.803804802
26.002834320 71.256050110 173.246993232 2.431330294
26.078334808 87.200424194 192.430128559 2.206756794
26.179086685 107.667266846 211.882737123 1.967940149
26.256647110 127.001502991 232.550788058 1.831086897
26.333951950 148.381546021 253.813417480 1.710545713
26.411254883 170.545913696 275.508717775 1.615451885
26.488557816 195.979675293 297.732463214 1.519200717
26.565862656 220.272430420 320.339742589 1.454288864
26.642650604 247.665832520 342.622437129 1.383406155
26.719438553 275.471740723 365.159184396 1.325577656
26.790815353 304.406646729 387.351529474 1.272480524
26.856523514 334.175384521 409.238248062 1.224621163
26.927127838 365.271392822 430.991194775 1.179920474
27.003915787 398.345031738 451.995625946 1.134683729
27.080444336 432.588348389 470.780863433 1.088288358
27.141515732 466.710418701 487.168435304 1.043834497
27.210315704 501.527038574 500.208793284 0.997371537
27.272415161 535.282470703 509.849064340 0.952486009
27.340442657 574.914001465 515.237979221 0.896200089
27.416200638 614.548706055 516.313041250 0.840149912
27.469797134 652.850158691 514.026577641 0.787357667
27.543493271 693.469848633 508.430774540 0.733169258
27.598121643 734.281494141 499.750200635 0.680597570
27.673105240 778.095581055 487.890034163 0.627030979
27.725929260 821.193969727 473.084833598 0.576093896
27.794471741 865.452880859 455.389776356 0.526186678
27.854253769 909.754516602 435.877359354 0.479115356
27.906562805 955.219482422 414.385551722 0.433811872
27.971754074 995.421875000 390.718556207 0.392515541
28.033081055 1021.973083496 364.783387904 0.356940309
28.086679459 1033.862548828 336.935724918 0.325899923
28.138471603 1034.107055664 308.165446730 0.298001493
28.195676804 1034.135009766 278.677429864 0.269478769
28.243604660 1034.110351562 247.870352383 0.239694296
28.313951492 1034.125122070 216.689603144 0.209539057
28.367290497 1034.123413086 187.072798239 0.180899877
28.419084549 1034.068359375 159.676561921 0.154415867
28.471393585 1034.112670898 133.893107999 0.129476325
28.521898270 1034.105957031 108.893445150 0.105302019
28.573432922 1034.085571289 85.218163861 0.082409199
28.624195099 1033.860107422 62.645598179 0.060593883
28.663362503 1034.066772461 41.992832874 0.040609402
28.709230423 1034.032958984 24.056326021 0.023264564
28.757158279 1034.056884766 10.522012966 0.010175468
28.808177948 1034.027709961 2.789642084 0.002697841
28.859199524 1034.012573242 -0.027188525 -0.000026294
28.901199341 1034.065185547 -0.097081939 -0.000093884
28.937274933 1034.059204102 -0.099666278 -0.000096384
28.988294601 1034.017333984 -0.102576434 -0.000099202
29.038799286 1034.028076172 -0.107732790 -0.000104187
29.039058685 1034.019287109 -0.103673772 -0.000100263
28.988811493 1034.070434570 -0.090669522 -0.000087682
28.938821793 1034.101928711 -0.090009235 -0.000087041
28.900684357 1034.062011719 -0.062765475 -0.000060698
28.859455109 1034.062377930 -0.021812004 -0.000021094
28.808694839 1034.068359375 2.729335832 0.002639415
28.757930756 1034.091552734 10.216963618 0.009880134
28.709745407 1034.095581055 23.708764178 0.022927053
28.666713715 1034.099975586 41.677033711 0.040302712
28.622392654 1034.099121094 62.367716977 0.060311159
28.575752258 1034.096313477 84.744777846 0.081950566
28.521381378 1034.122680664 108.334934007 0.104760234
28.470619202 1034.072753906 133.198173527 0.128809286
28.419857025 1034.143432617 158.915905258 0.153669114
28.368837357 1034.115112305 186.328301936 0.180181393
28.313436508 1034.111083984 216.051779478 0.208925117
28.245151520 1034.088745117 247.153251037 0.239005842
28.194904327 1034.098388672 277.834791532 0.268673459
28.138988495 1034.029663086 307.366889996 0.297251521
28.087194443 1033.951171875 336.117401968 0.325080537
28.034627914 1022.243164062 364.087709969 0.356165463
27.969434738 996.755187988 390.127650828 0.391397663
27.907335281 955.706604004 413.922038091 0.433105763
27.855026245 909.916870117 435.429263153 0.478537411
27.794471741 865.627624512 455.389454399 0.526080085
27.726959229 822.776977539 473.089012177 0.574990581
27.673877716 779.241760254 488.063195473 0.626330903
27.598894119 735.999755859 499.845746617 0.679138468
27.544782639 694.565368652 508.657715591 0.732339588
27.471858978 653.456542969 514.280504832 0.787015618
27.416715622 614.320495605 516.710090144 0.841108337
27.340185165 576.226501465 515.695205545 0.894952253
27.276023865 537.508178711 510.485336317 0.949725709
27.211088181 502.697540283 500.939984237 0.996503750
27.142288208 467.681060791 487.853700920 1.043133327
27.081218719 432.536895752 471.436348462 1.089933259
27.005460739 398.753540039 452.695439062 1.135276289
26.928157806 365.458923340 431.542947719 1.180824766
26.856523514 334.814086914 409.817599398 1.224015403
26.794679642 304.168487549 387.752674952 1.274795683
26.721242905 275.415863037 365.657755177 1.327656843
26.644453049 248.551483154 342.904813294 1.379612823
26.567407608 221.754531860 320.625280916 1.445856724
26.490104675 195.263565063 298.002921787 1.526157334
26.412801743 171.496215820 275.654704438 1.607351527
26.335496902 148.654418945 254.039033336 1.708923523
26.257936478 126.729820251 232.868053673 1.837515852
26.180374146 107.091987610 212.240433391 1.981851660
26.080137253 86.541358948 192.732750565 2.227059442
26.002576828 71.371345520 173.553213856 2.431693176
25.923212051 56.135910034 155.450894895 2.769188115
25.844619751 41.803691864 138.301995328 3.308367973
25.752628326 31.437416077 122.294905766 3.890106791
25.665275574 22.441930771 107.425137570 4.786804605
25.571996689 18.203901291 93.447207128 5.133361560
25.485158920 13.942336082 80.512282073 5.774662266
25.385437012 11.537474632 68.684569412 5.953171868
25.304010391 11.987888336 57.811909225 4.822526504
25.201969147 11.574577332 47.971759076 4.144579772
25.104051590 11.934826851 39.194923640 3.284079788
25.020822525 12.169408798 31.416885367 2.581627907
24.918523788 11.695857048 24.567634531 2.100541622
24.822925568 11.982701302 18.632797576 1.554974718
24.733768463 11.021236420 13.619140758 1.235718048
24.619102478 11.354757309 9.640243696 0.849004821
24.531749725 11.797189713 6.380704408 0.540866474
24.430480957 11.984696388 3.932991923 0.328167840
24.343385696 12.265954971 2.221954835 0.181148132
24.248044968 11.559816360 1.092129825 0.094476399
24.145231247 12.057305336 0.463371450 0.038430763
24.042417526 11.874984741 0.056657291 0.004771146
23.953775406 11.769662857 -0.057941781 -0.004922977
23.860755920 12.193346024 -0.034081074 -0.002795055
23.758714676 11.606094360 -0.095883505 -0.008261479
23.660280228 11.724581718 -0.093681120 -0.007990146
23.566486359 11.422577858 -0.113903455 -0.009971782
23.474494934 12.098396301 -0.150914706 -0.012473943
23.372196198 12.621417999 -0.154727255 -0.012259102
23.270156860 11.900917053 -0.172148177 -0.014465119
23.182544708 12.188958168 -0.087737591 -0.007198121
23.075351715 11.999855995 -0.061768724 -0.005147455
22.985679626 11.464068413 -0.042052638 -0.003668212
22.883380890 11.852643967 -0.030758141 -0.002595045
22.786493301 11.677905083 -0.069630967 -0.005962625
22.697851181 11.902113914 -0.058996232 -0.004956786
22.598388672 12.157441139 -0.039476798 -0.003247131
22.496089935 11.594923019 -0.047275693 -0.004077275
22.394050598 11.776445389 0.003878729 0.000329363
22.301542282 12.681260109 -0.011131678 -0.000877805
22.209293365 12.145471573 -0.034026645 -0.002801591
22.110603333 12.161030769 0.017494577 0.001438577
22.006759644 12.191749573 0.040454332 0.003318173
21.906265259 12.169010162 0.055081198 0.004526350
21.812211990 12.113157272 0.002381245 0.000196583
21.721767426 11.512740135 0.002346395 0.000203809
21.620241165 12.123130798 -0.035236362 -0.002906540
21.516912460 11.807164192 -0.044587791 -0.003776334
21.415386200 11.744528770 -0.033069660 -0.002815750
21.325458527 12.232442856 -0.007990422 -0.000653216
21.231662750 12.186963081 0.025755758 0.002113386
21.128849030 11.557023048 0.039894555 0.003451975
21.027065277 12.155844688 0.043145516 0.003549364
20.924768448 11.340792656 0.078494124 0.006921397
20.823757172 11.923257828 0.097369024 0.008166310
20.730220795 12.654929161 0.039850715 0.003149027
20.635395050 11.399838448 0.036112516 0.003167809
20.537734985 12.159435272 0.016215385 0.001333564
20.434663773 11.625641823 0.024422911 0.002100780
20.331592560 12.125125885 0.023945790 0.001974890
20.229808807 12.007037163 0.035267371 0.002937225
20.128541946 12.314625740 0.087334726 0.007091951
20.044281006 12.070469856 0.079804584 0.006611556
19.939920425 12.304653168 0.057126786 0.004642698
19.842004776 11.727374077 0.076705383 0.006540713
19.739704132 11.762481689 0.024961879 0.002122161
19.637149811 11.849452972 -0.030218115 -0.002550170
19.539232254 11.751311302 0.004530015 0.000385490
19.443374634 11.797589302 -0.018984563 -0.001609190
19.347776413 11.884959221 0.015679327 0.001319258
19.248569489 12.180180550 0.058514658 0.004804088
19.146272659 11.837882996 0.032894648 0.002778761
19.043716431 12.064086914 0.086701189 0.007186718
18.942705154 11.568593025 0.097519130 0.008429645
18.847881317 11.692267418 0.145458672 0.012440587
18.742231369 11.527501106 0.143445924 0.012443801
18.651529312 11.460079193 0.136017196 0.011868783
18.552839279 11.781231880 0.081018465 0.006876909
18.450540543 12.341754913 0.086396597 0.007000349
18.347726822 11.751311302 0.100820396 0.008579502
18.255477905 12.403990746 0.090473854 0.007293931
18.161941528 12.520483971 0.095829710 0.007653834
18.063249588 11.739342690 0.075925983 0.006467652
17.960693359 12.066879272 0.037952678 0.003145194
17.857879639 11.977115631 0.019369527 0.001617211
17.754808426 11.266589165 0.028603632 0.002538801
17.654056549 11.563008308 0.022728997 0.001965665
17.552789688 11.529096603 0.041450218 0.003595270
17.457706451 11.429759026 0.042880543 0.003751658
17.358499527 11.342787743 0.044321166 0.003907431
17.261871338 11.608488083 0.026512178 0.002283861
17.160602570 11.787615776 0.032842586 0.002786194
17.059078217 12.226059914 0.030686903 0.002509959
16.956521988 11.491196632 0.036023473 0.003134876
16.854480743 11.056343079 -0.037072721 -0.003353073
16.751667023 11.989882469 -0.032835290 -0.002738583
16.663284302 11.715006828 -0.065623512 -0.005601662
16.566654205 12.034962654 -0.139881266 -0.011622908
16.465902328 12.449071884 -0.176998980 -0.014217845
16.363346100 12.126722336 -0.146812727 -0.012106546
16.260274887 11.598913193 -0.181105061 -0.015613968
16.157203674 11.513538361 -0.176474474 -0.015327562
16.054647446 11.430557251 -0.190085512 -0.016629593
15.952864647 11.446913719 -0.162184058 -0.014168366
15.853916168 11.928842545 -0.139010351 -0.011653298
15.755225182 12.139488220 -0.134568495 -0.011085187
15.657822609 11.945998192 -0.127310050 -0.010657130
15.555008888 12.186564445 -0.111695130 -0.009165432
15.459668159 11.770859718 -0.103068863 -0.008756273
15.358401299 12.471014023 -0.042382749 -0.003398501
15.255329132 11.829504967 0.014440400 0.001220710
15.149681091 11.753705025 0.046994656 0.003998284
15.049960136 12.267949104 0.063599265 0.005184181
14.947662354 12.469817162 0.064706209 0.005189026
14.846393585 11.061927795 0.002678884 0.000242172
14.745641708 12.155047417 -0.044825024 -0.003687770
14.639221191 12.278720856 -0.047405037 -0.003860747
14.538984299 12.334175110 -0.018931575 -0.001534888
14.447250366 11.731364250 0.013615428 0.001160601
14.347013474 11.927645683 0.054913921 0.004603920
14.248579979 12.364893913 0.069218182 0.005597960
14.147569656 12.102785110 0.041022364 0.003389498
14.044240952 11.806365967 0.023829106 0.002018327
13.941169739 11.458482742 0.003912570 0.000341456
13.838871956 11.322840691 -0.007545899 -0.000666432
13.744303703 11.833495140 -0.030918442 -0.002612790
13.646386147 11.296111107 -0.040555346 -0.003590204
13.531204224 11.810356140 -0.031247238 -0.002645749
13.446169853 11.734555244 -0.041322871 -0.003521469
13.346191406 12.324600220 -0.043295760 -0.003512954
13.244922638 12.417554855 -0.038996466 -0.003140430
13.142367363 12.252389908 -0.030392490 -0.002480536
13.038781166 11.870198250 -0.028416298 -0.002393919
12.936224937 11.914081573 -0.079873459 -0.006704122
12.833926201 11.782428741 -0.045400792 -0.003853263
12.730340004 11.740539551 -0.034118523 -0.002906044
12.628557205 12.209303856 -0.091729668 -0.007513096
12.530638695 12.238427162 -0.082999238 -0.006781855
12.424218178 12.046532631 -0.037930620 -0.003148675
12.324753761 12.339759827 -0.043665339 -0.003538589
12.227093697 11.828308105 -0.000188950 -0.000015974
12.130464554 12.242815971 0.004980657 0.000406823
12.032546997 12.035362244 0.032641992 0.002712174
11.910407066 11.831500053 0.050284737 0.004250073
11.819961548 11.452499390 0.057232659 0.004997395
11.720755577 12.775411606 -0.005000427 -0.000391410
11.616911888 11.657158852 -0.002201923 -0.000188890
11.517704964 11.604099274 0.000695739 0.000059956
11.414892197 12.393218994 0.016963276 0.001368755
11.312078476 11.600908279 0.037176387 0.003204610
11.209522247 11.770461082 0.106301491 0.009031209
11.107481956 12.445481300 0.122573991 0.009848875
11.003894806 11.622850418 0.127058330 0.010931770
10.902626991 11.298106194 0.063903419 0.005656118
10.799814224 12.480588913 0.075094155 0.006016876
10.695453644 11.867803574 0.020207862 0.001702747
10.593413353 12.004643440 -0.010023414 -0.000834961
10.495238304 12.210900307 -0.055961341 -0.004582900
10.398865700 11.889347076 -0.043918117 -0.003693905
10.288579941 12.157441139 -0.062494463 -0.005140429
10.200712204 12.725144386 0.023177282 0.001821377
10.101247787 11.550640106 -0.056391923 -0.004882147
9.998949051 11.669128418 -0.020747988 -0.001778024
9.895105362 11.815542221 0.027687378 0.002343302
9.791775703 11.699048996 -0.015461967 -0.001321643
9.689477921 11.004480362 0.021527381 0.001956238
9.587180138 11.883762360 -0.000166423 -0.000014004
9.483851433 11.591333389 -0.027826663 -0.002400644
9.382325172 12.653332710 0.010187109 0.000805093
9.282088280 11.638808250 0.061194298 0.005257780
9.178758621 12.407979965 0.057423764 0.004627970
9.076975822 12.544021606 0.055018630 0.004386044
8.975708961 12.411570549 0.066629543 0.005368341
8.873667717 11.671920776 0.038751761 0.003320084
8.786314964 12.382048607 0.036321831 0.002933427
8.669328690 11.075892448 0.015599324 0.001408403
8.573472977 12.405187607 -0.015197148 -0.001225064
8.477617264 11.642397881 -0.025218799 -0.002166117
8.374802589 11.485611916 -0.006418718 -0.000558849
8.272247314 12.168610573 -0.045057436 -0.003702759
8.168917656 11.659153938 -0.023360859 -0.002003650
8.066103935 12.463034630 0.037975716 0.003047068
7.963548183 11.888948441 0.081398420 0.006846562
7.862022877 11.631228447 0.119512608 0.010275149
7.759467125 11.759689331 0.078079847 0.006639618
7.658456802 11.447711945 0.063090201 0.005511163
7.554871082 12.006637573 0.064347150 0.005359298
7.451798916 11.636413574 -0.003023157 -0.000259801
7.350789070 12.054512024 -0.033311877 -0.002763436
7.247975826 11.959562302 0.005021230 0.000419851
7.158045769 11.988286972 -0.039682999 -0.003310148
7.050335884 11.537075996 0.007171124 0.000621572
6.957314968 12.366490364 -0.050123746 -0.004053191
6.855016232 11.807562828 -0.037728363 -0.003195271
6.751945019 12.625407219 -0.033985978 -0.002691872
6.649903774 11.790408134 -0.041460241 -0.003516438
6.546833038 11.874984741 -0.032860193 -0.002767178
6.443761826 11.294514656 -0.106035646 -0.009388243
6.342236042 11.655164719 -0.132735023 -0.011388515
6.239164829 11.859425545 -0.105553644 -0.008900401
6.139700890 12.445481300 -0.089953839 -0.007227831
6.044360161 11.406221390 -0.102951980 -0.009025950
5.937681198 12.345744133 -0.119989815 -0.009719124
5.834095001 11.853042603 -0.122372829 -0.010324170
5.740042210 11.451301575 -0.108866572 -0.009506917
5.642897129 12.069272995 -0.076516237 -0.006339755
5.541114807 11.909693718 -0.082150732 -0.006897804
5.436755180 12.292683601 -0.026501612 -0.002155885
5.337032795 11.932832718 -0.033592277 -0.002815113
5.234220028 12.265556335 -0.004147751 -0.000338162
5.134240150 11.772853851 -0.050734430 -0.004309442
5.031426907 12.023793221 -0.002545347 -0.000211693
4.929129124 12.553196907 0.017992798 0.001433324
4.827087879 12.397209167 0.081467682 0.006571453
4.735096931 11.805169106 0.085357684 0.007230535
4.632798195 11.874187469 0.087110350 0.007336110
4.533850193 12.694424629 0.081980024 0.006457955
4.432839870 12.246805191 0.102410941 0.008362258
4.330026150 12.413564682 0.065987551 0.005315762
4.227985859 11.754901886 0.107232727 0.009122384
4.125172138 11.522713661 0.134691349 0.011689204
4.023904800 12.094407082 0.118657573 0.009810946
3.935005903 11.557421684 0.099250300 0.008587581
3.827296019 11.721389771 0.052115757 0.004446210
3.734273911 11.667531967 0.055812088 0.004783538
3.634552956 12.049325943 -0.000604356 -0.000050157
3.531481028 11.327228546 -0.006388638 -0.000564007
3.429697990 11.667531967 -0.028124675 -0.002410508
3.327657938 11.561411858 -0.074770803 -0.006467273
3.225874901 12.182972908 -0.097111001 -0.007971043
3.128730059 12.035760880 -0.133034347 -0.011053256
3.030812025 11.535879135 -0.045344864 -0.003930768
2.936244011 12.166616440 -0.112084657 -0.009212476
2.834976912 12.153450966 -0.155888527 -0.012826688
2.732420921 11.375501633 -0.172370055 -0.015152743
2.630379915 12.005042076 -0.089046043 -0.007417387
2.529370070 12.101986885 -0.059818671 -0.004942880
2.430680037 12.330983162 -0.067532893 -0.005476684
2.338946104 12.409975052 0.982052302 0.079134108
2.233813047 11.958365440 1.738934873 0.145415766
2.140017986 12.600273132 2.334471868 0.185271529
2.038492918 12.310237885 2.807124188 0.228031677
1.938771963 12.340558052 3.246409254 0.263068270
1.842399955 12.206910133 3.623031998 0.296801726
1.747316957 11.947593689 3.972853563 0.332523324
1.648884058 12.776209831 4.270428232 0.334248442
1.548130989 10.722422600 4.560139559 0.425290042
1.452275038 12.314227104 4.866288570 0.395176127
1.361057043 12.389229774 5.138040682 0.414718330
1.264170051 11.764078140 5.406937566 0.459614217
