0.000000000 0.000000000 -0.678109193 -inf
0.000000000 0.000000000 -0.678109193 -inf
0.000000000 0.000000000 -0.678109193 -inf
0.000000000 0.000000000 -0.678109193 -inf
0.000000000 0.000000000 -0.678109193 -inf
0.000000000 0.000000000 -0.678109193 -inf
0.000000000 0.000000000 -0.678109193 -inf
0.000000000 0.000000000 -0.678109193 -inf
0.000000000 0.000000000 -0.678109193 -inf
0.000000000 0.000000000 -0.678109193 -inf
0.000000000 0.000000000 -0.678109193 -inf
0.000000000 0.000000000 -0.678109193 -inf
12.581916809 -1.420508981 -0.678109193 0.477370578
12.692461014 -1.696251988 -0.678109193 0.399769137
12.792440414 -4.177946091 -0.678109193 0.162306832
12.894480705 -11.623025894 -0.678109193 0.058341881
12.992655754 -6.383894920 -0.728163096 0.114062513
13.099849701 -14.104719162 -0.801551237 0.056828585
13.198540688 -9.417076111 -0.807893181 0.085790236
13.300839424 -9.692819595 -0.812001290 0.083773486
13.406229973 -13.553232193 -0.808617336 0.059662324
13.511878014 -14.380462646 -0.809623759 0.056300258
13.620361328 -8.589844704 -0.821539055 0.095640734
13.719567299 -7.762613773 -0.796684370 0.102630943
13.813877106 -6.659638882 -0.772047586 0.115929347
13.936016083 -16.310668945 -0.775458452 0.047543020
14.024142265 -4.729433060 -0.832888081 0.176107383
14.123349190 -10.244306564 -1.381296408 0.134835521
14.230027199 -6.383894920 -0.701168026 0.109833892
14.339282990 -12.450257301 -0.322082251 0.025869526
14.435912132 -11.898770332 0.044602472 -0.003748494
14.537438393 -20.998311996 0.315306335 -0.015015794
14.639221191 -27.340417862 0.955785411 -0.034958698
14.746415138 -12.450257301 0.670311098 -0.053839136
14.847940445 -11.898770332 0.491890732 -0.041339627
14.948692322 -9.968564034 0.320312075 -0.032132218
15.057433128 -10.795795441 0.525913979 -0.048714704
15.159214973 -13.001744270 0.533894408 -0.041063291
15.265637398 -4.177946091 1.147646394 -0.274691528
15.365873337 -4.177946091 1.254962449 -0.300377846
15.463275909 -9.141331673 1.302506937 -0.142485470
15.585673332 -13.277487755 1.371557134 -0.103299446
15.674571991 -8.314101219 2.438282476 -0.293270723
15.776869774 -8.038357735 2.552775009 -0.317574198
15.884579659 -13.277487755 2.482006646 -0.186933454
15.993320465 -11.623025894 2.287596027 -0.196815876
16.090206146 -5.832407951 2.447749401 -0.419680760
16.193021774 -4.729433060 2.211247197 -0.467550163
16.295835495 -12.174512863 0.716782671 -0.058875676
16.402770996 -15.207694054 0.687703350 -0.045220751
16.499658585 -15.207694054 0.765243613 -0.050319503
16.604017258 -5.005177021 0.934014044 -0.186609592
16.712242126 -6.935382843 0.467364258 -0.067388386
16.812995911 -2.247740030 0.486894366 -0.216615071
16.917354584 -11.347282410 0.391296285 -0.034483700
17.019395828 -13.828975677 0.916635216 -0.066283667
17.115509033 -3.626457930 1.311306856 -0.361594394
17.236875534 1.888416052 0.967159194 0.512153661
17.331958771 -8.038357735 0.573311742 -0.071321999
17.428588867 -15.207694054 0.240498953 -0.015814295
17.542224884 -11.347282410 0.315733265 -0.027824571
17.648902893 -5.832407951 0.228147764 -0.039117251
17.747594833 -2.523483038 0.076798938 -0.030433705
17.848089218 -16.034925461 0.266210179 -0.016601897
17.948583603 -6.108151913 -0.234732478 0.038429378
18.058097839 -4.453689098 -1.177240684 0.264329336
18.154468536 -4.453689098 -0.724025054 0.162567489
18.253416061 -14.104719162 -0.281019088 0.019923763
18.366794586 -3.626457930 0.068534060 -0.018898347
18.465744019 -14.380462646 0.034053550 -0.002368043
18.571134567 -4.453689098 -0.359725765 0.080770291
18.673431396 -1.420508981 -1.230870890 0.866499900
18.765165329 -9.141331673 -0.950486231 0.103976780
18.886789322 -14.931949615 0.059149628 -0.003961280
18.985481262 -14.656207085 0.163694500 -0.011168954
19.080305099 -2.523483038 -0.716333233 0.283866871
19.193685532 -6.383894920 -1.137941606 0.178251933
19.297271729 -13.277487755 -0.352667347 0.026561301
19.398281097 -9.141331673 0.092623678 -0.010132405
19.503929138 -13.277487755 -0.480980368 0.036225254
19.604682922 -17.689386368 -1.118889724 0.063252037
19.709041595 6.024571896 -0.994264765 -0.165034924
19.809020996 -3.626457930 -1.229464357 0.339026229
19.913379669 -3.074970961 -1.274526754 0.414484159
20.018770218 -14.380462646 -1.227414012 0.085352888
20.119781494 -11.623025894 -1.099291061 0.094578733
20.223882675 -17.137899399 -0.751441216 0.043846751
20.326953888 -8.589844704 0.529622854 -0.061656860
20.418430328 -2.247740030 0.079749029 -0.035479650
20.535158157 -7.486869812 -0.056197945 0.007506200
20.631788254 -16.586412430 -0.337883717 0.020371115
20.734859467 -13.001744270 0.441717340 -0.033973699
20.841279984 1.612671971 1.042824230 0.646643737
20.946670532 -7.211126804 0.595238599 -0.082544464
21.044845581 -10.520051003 0.530502583 -0.050427758
21.152040482 -21.825542450 0.192951683 -0.008840636
21.250215530 -11.623025894 -0.176486786 0.015184237
21.360244751 -18.240875244 0.895059259 -0.049068877
21.455070496 -5.556663990 0.647520059 -0.116530361
21.567159653 -14.656207085 0.558525462 -0.038108459
21.665334702 -2.523483038 0.428214342 -0.169691785
21.767118454 -8.589844704 0.507038917 -0.059027716
21.869932175 3.818622112 -0.125092735 -0.032758605
21.973518372 -17.137899399 0.263575260 -0.015379671
22.062160492 -6.108151913 0.204175706 -0.033426756
22.184299469 -8.314101219 -0.048702256 0.005857790
22.280155182 -2.799226999 -0.764491312 0.273108009
22.380649567 -1.696251988 -0.448344702 0.264314916
22.482690811 -11.898770332 0.157826886 -0.013264134
22.588853836 -9.692819595 0.335256803 -0.034588161
22.683679581 -9.968564034 0.213355450 -0.021402827
22.791646957 -5.556663990 -0.098962930 0.017809774
22.887245178 -5.556663990 -0.564573437 0.101602947
22.992120743 -18.516618729 -1.713946162 0.092562589
23.090553284 -17.413644791 -1.260505764 0.072386096
23.196460724 -6.935382843 -2.099501604 0.302723246
23.300046921 -5.832407951 -1.755345488 0.300964113
23.399768829 -11.623025894 -1.729357516 0.148787203
23.508508682 -3.074970961 -1.161610544 0.377763094
23.607198715 -17.137899399 -1.695683789 0.098943502
23.705890656 -15.759181023 -1.574025152 0.099879883
23.811796188 -14.380462646 -1.391594568 0.096769805
23.912290573 -0.593276978 -0.725547699 1.222949359
24.014072418 -10.520051003 0.184040756 -0.017494284
24.116886139 -9.141331673 0.249778051 -0.027324033
24.220731735 -10.795795441 0.209830715 -0.019436337
24.323545456 -1.971995950 0.842655221 -0.427310828
24.425842285 -14.104719162 1.355964442 -0.096135515
24.528398514 -18.792362213 3.192472697 -0.169881394
24.632242203 -5.280920982 4.538680101 -0.859448592
24.732738495 -17.413644791 6.794631433 -0.390190079
24.837097168 -10.520051003 9.665891135 -0.918806490
24.940942764 -9.968564034 13.816554804 -1.386012545
25.039375305 -14.104719162 18.840856398 -1.335783874
25.142446518 -11.623025894 24.843134899 -2.137406827
25.248094559 -11.898770332 30.077609870 -2.527791446
25.331066132 -8.865589142 37.122933467 -4.187305871
25.452434540 -6.659638882 45.343097630 -6.808642095
25.537982941 -3.902201891 56.499341011 -14.478835947
25.642858505 -7.486869812 67.628958245 -9.033008446
25.745155334 -11.347282410 79.085962757 -6.969595001
25.847454071 0.233953997 92.858250171 396.908157868
25.947175980 -5.832407951 108.122688117 -18.538258815
26.048700333 16.502832413 123.659149431 7.493207611
26.138889313 23.672168732 140.424189812 5.932037381
26.231653214 40.768280029 159.855768999 3.921082000
26.331632614 43.525714874 178.755865442 4.106902459
26.411512375 67.515419006 199.259977848 2.951325501
26.512264252 92.883842468 220.553536208 2.374509176
26.591371536 106.946769714 243.918515537 2.280746919
26.684394836 115.494827271 268.584910241 2.325514628
26.770458221 152.444488525 293.411725959 1.924711932
26.848791122 180.846084595 319.752509242 1.768091966
26.949544907 225.240814209 346.078193793 1.536480833
27.027362823 248.127548218 374.255758762 1.508320061
27.106470108 265.775146484 402.775314904 1.515473964
27.184032440 320.923889160 431.253072895 1.343786136
27.261592865 352.358673096 459.129570752 1.303017652
27.339153290 388.205352783 487.320118069 1.255315298
27.417230606 433.978820801 515.742130769 1.188403918
27.493761063 484.439910889 544.877919758 1.124758525
27.571321487 513.393005371 574.471793048 1.118970822
27.647853851 558.063476562 602.261545379 1.079198999
27.724899292 599.149291992 631.148816546 1.053408266
27.802459717 666.430725098 660.059882931 0.990440353
27.878475189 719.373535156 689.811336999 0.958905636
27.950366974 762.389587402 718.169441924 0.941997968
28.010149002 811.196228027 748.393193985 0.922579726
28.085132599 863.036010742 779.793373892 0.903546740
28.162952423 927.835815430 809.977396347 0.872974920
28.218353271 987.947937012 841.478587505 0.851743858
28.292306900 1051.644775391 872.209681092 0.829376707
28.364456177 1095.487915039 904.676902987 0.825820979
28.421661377 1171.593261719 938.375489864 0.800939644
28.496902466 1227.293457031 971.704141817 0.791745557
28.550758362 1295.402099609 1007.275950812 0.777577828
28.625484467 1363.235107422 1043.348108316 0.765347153
28.680885315 1421.968505859 1078.317769241 0.758327463
28.748912811 1487.871215820 1113.649714071 0.748485287
28.807920456 1556.531494141 1148.998625837 0.738178848
28.868217468 1634.566894531 1185.357669723 0.725181498
28.934440613 1713.153930664 1222.253445622 0.713452203
28.988294601 1792.292358398 1259.030386047 0.702469315
29.045242310 1869.776245117 1298.689222110 0.694569324
29.106054306 1930.715698242 1338.773352370 0.693407814
29.168155670 2028.604736328 1378.064042155 0.679316191
29.220205307 2108.294677734 1421.337591445 0.674164578
29.271999359 2176.127441406 1464.186756981 0.672840537
29.326112747 2269.328857422 1505.897115586 0.663586994
29.389242172 2350.948974609 1551.000400802 0.659733758
29.443613052 2449.389648438 1593.512507289 0.650575342
29.499271393 2526.046386719 1638.856656726 0.648783279
29.548488617 2610.423828125 1684.910333881 0.645454702
29.604919434 2703.625244141 1731.884665310 0.640578671
29.652847290 2795.999511719 1775.855092122 0.635141417
29.703353882 2877.068115234 1822.786378738 0.633556908
29.752054214 2969.718017578 1868.894321651 0.629317097
29.798694611 3063.746582031 1917.041065168 0.625717896
29.848426819 3169.356445312 1966.976950625 0.620623456
29.892488480 3270.002929688 2020.708733667 0.617953188
29.941448212 3360.446777344 2069.733916770 0.615910340
29.992982864 3470.468505859 2123.236653273 0.611801159
30.040395737 3565.875976562 2179.122925284 0.611104520
30.077758789 3668.728271484 2236.202190388 0.609530612
30.122594833 3762.205322266 2295.850523126 0.610240624
30.173099518 3870.848388672 2351.697688598 0.607540635
30.216648102 3968.186035156 2409.921120825 0.607310519
30.254526138 4086.755615234 2468.869462653 0.604114778
30.301940918 4195.674316406 2528.483246933 0.602640495
30.346775055 4291.357421875 2586.086940538 0.602626788
30.379501343 4403.585449219 2645.423513128 0.600743086
30.428716660 4504.507324219 2705.203713370 0.600554848
30.459638596 4620.043945312 2768.202266848 0.599172281
30.507566452 4735.029296875 2829.777787649 0.597626247
30.538230896 4850.565917969 2894.778002691 0.596791808
30.585643768 4959.760253906 2963.287834087 0.597465942
30.612957001 5076.399902344 3031.737848326 0.597222029
30.661916733 5213.168945312 3100.831027717 0.594807316
30.689744949 5318.502929688 3171.506674887 0.596315677
30.728139877 5434.866699219 3245.182397432 0.597104322
30.766790390 5549.852050781 3315.723628716 0.597443607
30.800289154 5663.182617188 3384.556741259 0.597642169
30.841518402 5815.668945312 3455.321952873 0.594140070
30.869863510 5917.969726562 3531.999342393 0.596826193
30.902072906 6026.888671875 3608.627031424 0.598754553
30.943559647 6163.105957031 3679.061188966 0.596949203
30.972417831 6288.293457031 3759.607450513 0.597874046
30.999475479 6414.859863281 3833.737412962 0.597633852
31.033746719 6521.296875000 3913.297007089 0.600079567
31.067758560 6663.029296875 3987.834268023 0.598501686
31.101514816 6793.731933594 4072.508950118 0.599450934
31.127283096 6915.059082031 4148.317051308 0.599896111
31.155885696 7042.728515625 4234.785731539 0.601299017
31.189384460 7198.247558594 4311.089096683 0.598908146
31.220563889 7311.578613281 4399.872608829 0.601767804
31.253030777 7434.835937500 4484.949773404 0.603234531
31.281116486 7568.847167969 4563.899952044 0.602984821
31.307657242 7711.958496094 4645.494249823 0.602375422
31.333425522 7830.527832031 4727.703357141 0.603752832
31.359451294 7972.260253906 4814.824637520 0.603947248
31.386508942 8093.863281250 4903.241248271 0.605797390
31.412017822 8234.216796875 4986.998037113 0.605643276
31.439588547 8383.669921875 5077.803215343 0.605677855
31.466646194 8499.482421875 5171.604665347 0.608461128
31.491382599 8637.905273438 5257.065885004 0.608604253
31.516120911 8777.708007812 5348.414570474 0.609317895
31.540084839 8910.616210938 5438.907172280 0.610385078
31.566625595 9049.039062500 5535.820921726 0.611757877
31.591104507 9166.782226562 5633.011813956 0.614502633
31.617387772 9337.191406250 5733.480604432 0.614047668
31.642639160 9470.100585938 5834.706766600 0.616118774
31.668407440 9604.663085938 5927.308515340 0.617128208
31.690826416 9748.049804688 6012.163480029 0.616755515
31.715305328 9896.124023438 6103.516637300 0.616758301
31.736434937 10037.856445312 6208.643350603 0.618522828
31.753440857 10162.768554688 6312.740433652 0.621163456
31.774829865 10311.669921875 6403.379115186 0.620983717
31.797504425 10463.053710938 6510.891566742 0.622274505
31.823015213 10595.961914062 6626.126163027 0.625344468
31.845432281 10738.245117188 6726.063178354 0.626365212
31.863212585 10887.147460938 6839.384324748 0.628207191
31.882022858 11028.878906250 6953.614864779 0.630491542
31.902122498 11169.784179688 7062.710632559 0.632305022
31.925828934 11316.204101562 7184.069468237 0.634847994
31.943349838 11450.767578125 7290.095011903 0.636646842
31.960615158 11612.904296875 7395.134760692 0.636803212
31.978910446 11748.845703125 7509.492951159 0.639168574
32.003387451 11885.338867188 7602.309028952 0.639637550
32.023231506 12035.895507812 7711.101618279 0.640675354
32.033279419 12186.175781250 7813.368247547 0.641166547
32.055438995 12323.220703125 7910.377381266 0.641908278
32.079147339 12458.610351562 8030.500100656 0.644574304
32.090740204 12608.615234375 8144.016811554 0.645908901
32.106716156 12758.895507812 8270.173780695 0.648188848
32.128105164 12897.870117188 8367.190373381 0.648726518
32.140216827 13045.668945312 8481.323882180 0.650125641
32.159286499 13192.364257812 8589.618357936 0.651105305
32.180931091 13340.438476562 8716.592483662 0.653396251
32.189689636 13487.134765625 8838.208100950 0.655306576
32.209533691 13623.627929688 8960.188962479 0.657694779
32.228343964 13764.256835938 9073.905658030 0.659236875
32.237102509 13910.125000000 9219.839100557 0.662814971
32.259265900 14057.372070312 9356.029891445 0.665560380
32.267509460 14194.968750000 9478.280417701 0.667721119
32.286834717 14356.554687500 9575.042806282 0.666945727
32.305130005 14496.908203125 9743.495167621 0.672108496
32.313892365 14636.434570312 9861.445817269 0.673760113
32.335021973 14790.850585938 9968.741878233 0.673980298
32.342235565 14913.004882812 10094.717698722 0.676907020
32.361560822 15059.701171875 10239.635276596 0.679936153
32.367488861 15208.050781250 10352.787780832 0.680743899
32.388618469 15354.470703125 10484.221314333 0.682812291
32.398151398 15500.338867188 10632.473911286 0.685951062
32.414386749 15648.414062500 10721.955926516 0.685178439
32.423404694 15794.282226562 10882.609974693 0.689022130
32.439895630 15929.671875000 11006.350961995 0.690933941
32.446594238 16059.823242188 11100.374969308 0.691189112
32.466438293 16228.854492188 11259.513951445 0.693795977
32.474681854 16368.380859375 11364.371161268 0.694288046
32.490917206 16487.501953125 11478.557944728 0.696197518
32.495555878 16638.884765625 11568.947774823 0.695295865
32.515140533 16770.414062500 11622.673086448 0.693046280
32.520034790 16901.945312500 11695.058670577 0.691935659
32.536785126 17058.841796875 11732.484985353 0.687765625
32.545028687 17185.408203125 11794.856005499 0.686329697
32.557914734 17320.523437500 11812.118670878 0.681972385
32.570281982 17446.539062500 11919.295299735 0.683189672
32.574920654 17584.960937500 11941.836852850 0.679093738
32.592700958 17719.248046875 12011.469364348 0.677876924
32.596565247 17846.367187500 12061.616732844 0.675858375
32.609447479 17979.550781250 12153.713266442 0.675974245
32.620529175 18103.083984375 12226.984741907 0.675408939
32.627227783 18247.021484375 12359.238505301 0.677329093
32.627742767 18250.882812500 12387.367282679 0.678727019
32.621044159 18118.800781250 12313.687298084 0.679608295
32.609447479 17989.478515625 12283.661281861 0.682824756
32.597854614 17849.675781250 12202.005323659 0.683598149
32.591926575 17717.871093750 12123.957852004 0.684278477
32.574661255 17578.068359375 12042.062584765 0.685061768
32.570022583 17449.572265625 11996.581887261 0.687500055
32.556365967 17326.039062500 11870.131715037 0.685103599
32.545543671 17196.164062500 11805.977048539 0.686547128
32.537300110 17040.919921875 11718.701546167 0.687680102
32.520034790 16907.734375000 11652.919201127 0.689206427
32.516170502 16781.720703125 11575.006643998 0.689738964
32.498645782 16644.675781250 11513.491549609 0.691722188
32.492206573 16482.539062500 11434.645112258 0.693742940
32.479579926 16364.520507812 11298.309354484 0.690414934
32.467468262 16216.997070312 11189.786438949 0.690003605
32.446853638 16063.683593750 11034.240704605 0.686906004
32.441444397 15915.609375000 10950.564785538 0.688039303
32.424179077 15792.076171875 10828.656252845 0.685701876
32.414386749 15649.791992188 10672.178142810 0.681937380
32.398410797 15492.342773438 10577.202876988 0.682737468
32.389133453 15363.018554688 10424.375894226 0.678536959
32.368263245 15218.253906250 10317.420694143 0.677963501
32.360015869 15089.481445312 10212.419645508 0.676790629
32.340946198 14925.414062500 10071.221410387 0.674769984
32.331413269 14787.817382812 9941.181253527 0.672254802
32.313892365 14653.254882812 9817.393216657 0.669980376
32.304615021 14503.250000000 9702.422900428 0.668982669
32.286834717 14348.006835938 9551.124747834 0.665676066
32.264934540 14215.649414062 9464.623455368 0.665789031
32.258747101 14065.369140625 9356.831504355 0.665238958
32.237876892 13923.636718750 9248.548462848 0.664233680
32.228343964 13741.645507812 9116.970123167 0.663455488
32.210304260 13625.833984375 9034.716107633 0.663057844
32.188919067 13484.376953125 8920.350259426 0.661532253
32.179897308 13339.335937500 8802.135020719 0.659863059
32.158512115 13205.048828125 8692.478425417 0.658269313
32.144340515 13042.635742188 8598.104193450 0.659230570
32.129394531 12878.291992188 8486.015248926 0.658939497
32.107490540 12754.208007812 8368.012226266 0.656098146
32.089454651 12623.781250000 8235.040385970 0.652343400
32.077602386 12477.912109375 8104.221471613 0.649485379
32.055957794 12325.425781250 7986.655138764 0.647982088
32.034824371 12187.554687500 7897.773014163 0.648019493
32.023487091 12032.862304688 7798.978437698 0.648139922
32.002357483 11887.269531250 7677.000526533 0.645816981
31.981744766 11735.058593750 7566.451249446 0.644773197
31.964221954 11612.353515625 7441.118527871 0.640793317
31.948246002 11442.218750000 7340.506106772 0.641528209
31.926601410 11304.898437500 7219.881073325 0.638650680
31.904441833 11173.093750000 7094.020916316 0.634920021
31.886919022 11027.776367188 6980.699470130 0.633010612
31.869138718 10886.871093750 6867.180916806 0.630776360
31.848524094 10736.315429688 6764.201317132 0.630030047
31.824045181 10600.924804688 6670.172804720 0.629206690
31.799823761 10456.987304688 6555.482907070 0.626899767
31.776117325 10321.872070312 6446.857585356 0.624582202
31.759368896 10165.250000000 6344.891753766 0.624174689
31.741846085 10022.138671875 6235.147676191 0.622137438
31.718654633 9888.403320312 6123.434379136 0.619254108
31.694433212 9744.464843750 6029.192794897 0.618730006
31.668922424 9612.383789062 5937.694229453 0.617712979
31.643413544 9464.309570312 5847.141496158 0.617809620
31.620994568 9337.467773438 5750.554286158 0.615858006
31.592649460 9189.117187500 5670.316043128 0.617068640
31.569200516 9046.833984375 5579.847822129 0.616773540
31.544206619 8915.855468750 5476.187980486 0.614207801
31.520242691 8755.372070312 5381.557668970 0.614657792
31.497825623 8638.732421875 5296.586298124 0.613120773
31.470767975 8494.794921875 5210.692956534 0.613398323
31.441650391 8363.816406250 5120.265101068 0.612192431
31.418716431 8222.360351562 5021.412014823 0.610702013
31.391145706 8092.760253906 4931.517597773 0.609373989
31.362800598 7968.124023438 4850.200417880 0.608700417
31.336002350 7830.803710938 4761.242630167 0.608014555
31.309204102 7691.001953125 4678.939541817 0.608365408
31.282663345 7550.648437500 4598.422600802 0.609010291
31.256122589 7427.942382812 4511.829470222 0.607413095
31.227005005 7307.166503906 4431.469489125 0.606455250
31.201751709 7181.427246094 4346.065071181 0.605181244
31.163616180 7024.529296875 4259.267525794 0.606342055
31.129859924 6907.613769531 4173.208339791 0.604146161
31.103061676 6787.389648438 4086.137310100 0.602018968
31.075748444 6656.962890625 4008.866460970 0.602206521
31.043022156 6535.635742188 3927.050651019 0.600867430
31.007720947 6390.318847656 3849.239786993 0.602354887
30.974222183 6286.639160156 3768.209122465 0.599399620
30.946908951 6146.009765625 3690.727021091 0.600507835
30.914440155 6025.233886719 3616.979669286 0.600305272
30.872438431 5913.833496094 3538.068497896 0.598269887
30.844352722 5792.506347656 3466.607428803 0.598464157
30.812143326 5676.417968750 3396.342175132 0.598324893
30.770914078 5538.822265625 3323.508025155 0.600038757
30.740249634 5419.976562500 3251.747536750 0.599956014
30.700052261 5300.303710938 3182.752723084 0.600484972
30.664234161 5191.109375000 3115.240615802 0.600110765
30.624553680 5071.436523438 3047.519828350 0.600918461
30.587446213 4962.517578125 2974.905890665 0.599475134
30.553691864 4851.117187500 2910.476497583 0.599960047
30.509370804 4731.168945312 2849.062428535 0.602189958
30.471492767 4613.977539062 2784.997987619 0.603600248
30.432067871 4512.228027344 2723.750538570 0.603637609
30.386457443 4384.834472656 2658.975656893 0.606402744
30.354248047 4291.082031250 2597.983837634 0.605437934
30.303743362 4166.997070312 2536.757630461 0.608773557
30.267925262 4056.423828125 2474.504383029 0.610021163
30.225151062 3956.053222656 2416.185901966 0.610756672
30.176450729 3861.748779297 2357.238323886 0.610406958
30.132387161 3756.966308594 2302.330467160 0.612816373
30.092189789 3651.632080078 2249.472642924 0.616018425
30.045806885 3548.228271484 2195.301298728 0.618703514
29.996074677 3445.100097656 2138.219116780 0.620655150
29.946342468 3352.450195312 2083.153255279 0.621382313
29.906660080 3240.498291016 2028.667695635 0.626035725
29.862855911 3152.811767578 1975.195191571 0.626486875
29.813123703 3064.849609375 1922.480917446 0.627267619
29.762102127 2961.997070312 1872.186022005 0.632068830
29.710567474 2869.347167969 1823.632528785 0.635556599
29.659290314 2783.039550781 1774.226124104 0.637513802
29.608011246 2699.489013672 1726.423387263 0.639537104
29.555961609 2597.188232422 1679.839777868 0.646791695
29.504682541 2503.711181641 1633.790729785 0.652547603
29.453405380 2431.466308594 1588.936496480 0.653489004
29.401611328 2334.128662109 1543.301289707 0.661189469
29.345952988 2246.166503906 1498.368330395 0.667078032
29.285398483 2158.479980469 1456.647042917 0.674848530
29.225101471 2087.889648438 1413.997359996 0.677237593
29.172277451 2010.129882812 1373.748761209 0.683412934
29.117649078 1936.230590820 1331.514548293 0.687683871
29.061475754 1866.743164062 1292.199726752 0.692221486
28.993707657 1770.232788086 1254.298473447 0.708550018
28.938047409 1700.193969727 1217.038688791 0.715823436
28.884965897 1627.121826172 1179.081557187 0.724642457
28.812042236 1551.843750000 1140.896844596 0.735187962
28.757673264 1489.525756836 1102.980046915 0.740490751
28.694799423 1419.486816406 1065.257689361 0.750452683
28.628833771 1361.304931641 1030.280251016 0.756832821
28.566991806 1292.644775391 995.270252941 0.769948769
28.499994278 1222.054321289 961.127670977 0.786485228
28.432226181 1157.530273438 927.645399554 0.801400552
28.371156693 1091.903320312 896.162524488 0.820734316
28.294883728 1031.515380859 863.959293871 0.837563172
28.231752396 965.612670898 831.684735629 0.861302633
28.165012360 926.457092285 799.645268199 0.863121752
28.087966919 860.830078125 769.579241386 0.893996691
28.023031235 804.854125977 738.221238398 0.917211224
27.958354950 752.738525391 708.990099340 0.941880979
27.881567001 712.479980469 679.686538904 0.953972824
27.804779053 664.776306152 650.567449811 0.978626109
27.729021072 613.487976074 622.156652020 1.014130148
27.651975632 563.026855469 593.636742481 1.054366655
27.579309464 513.393005371 566.747602119 1.103925445
27.500202179 479.752258301 537.901819212 1.121207477
27.426765442 429.015411377 510.876128852 1.190810669
27.347915649 399.510833740 482.457630703 1.207620895
27.270612717 351.531433105 454.365542712 1.292531762
27.186351776 324.784301758 428.148475916 1.318254834
27.109046936 288.661865234 401.119537104 1.389582710
27.031229019 263.017700195 374.956652359 1.425594749
26.953666687 217.244247437 346.584603513 1.595368382
26.851884842 183.052032471 319.894982679 1.747563129
26.773550034 156.856384277 294.357546630 1.876605457
26.693927765 139.484527588 269.972444437 1.935501013
26.594463348 111.082923889 245.885119609 2.213527615
26.515871048 91.229377747 223.323841183 2.447937788
26.416666031 65.033721924 203.248745750 3.125282388
26.335496902 39.113815308 182.024055437 4.653702381
26.235260010 33.323200226 162.059468112 4.863262442
26.151773453 10.160726547 142.929015180 14.066810529
26.052566528 18.984525681 126.035812809 6.638870780
25.950782776 6.576058865 109.040844709 16.581488541
25.854412079 -14.380462646 94.526230832 -6.573239899
25.752370834 -10.244306564 80.060756152 -7.815146457
25.646722794 -14.931949615 67.359181847 -4.511077494
25.546485901 2.164160013 55.483382518 25.637375323
25.459648132 2.439903021 45.399374937 18.607040751
25.340343475 -8.589844704 37.085025517 -4.317310358
25.252990723 -6.383894920 29.949031208 -4.691341506
25.150177002 -9.417076111 22.864662589 -2.428000190
25.046075821 -20.171081543 16.906615342 -0.838161073
24.944034576 -38.645908356 11.689407559 -0.302474649
24.841220856 -5.005177021 8.049675584 -1.608269907
24.737892151 -1.144765019 5.747441221 -5.020629670
24.634820938 -3.902201891 3.688328966 -0.945191732
24.532007217 -9.968564034 2.389469790 -0.239700501
24.429193497 0.233953997 0.729571526 3.118440093
24.326894760 -9.141331673 -0.252870277 0.027662302
24.223566055 -0.593276978 0.252323839 -0.425305294
24.120752335 -8.038357735 0.229222881 -0.028516133
24.020257950 -10.244306564 0.299364546 -0.029222529
23.917701721 -7.486869812 -0.395564771 0.052834466
23.829576492 -12.174512863 -1.398927225 0.114906218
23.713619232 -16.586412430 -1.290611719 0.077811385
23.612352371 -9.692819595 -1.542827140 0.159172171
23.512889862 -7.211126804 -1.513103694 0.209829023
23.405694962 -6.383894920 -0.854439466 0.133842972
23.303396225 -11.071537971 0.655414245 -0.059198121
23.201097488 -11.347282410 0.432851578 -0.038145836
23.093389511 -12.450257301 -0.364379103 0.029266793
22.995986938 -3.902201891 -0.336425632 0.086214307
22.891111374 -8.038357735 -0.512998072 0.063818766
22.791904449 -8.038357735 -0.456422449 0.056780559
22.684194565 -11.898770332 -0.562596724 0.047281921
22.590658188 -7.211126804 -0.930917575 0.129094606
22.486814499 -3.626457930 -1.063963080 0.293389059
22.378330231 -8.038357735 -0.874187759 0.108752035
22.280155182 -3.902201891 -1.082972881 0.277528665
22.187133789 -11.347282410 -1.495670306 0.131808679
22.063964844 -7.762613773 -0.888742456 0.114490104
21.973260880 -9.417076111 -0.830462832 0.088186909
21.871219635 -8.589844704 -0.477308261 0.055566576
21.762994766 -2.523483038 -0.169380463 0.067121697
21.663274765 -6.659638882 -0.281441169 0.042260725
21.562778473 -1.144765019 0.501863570 -0.438398765
21.456100464 -12.174512863 1.509220740 -0.123965596
21.358697891 -2.799226999 1.429806300 -0.510786121
21.252792358 -17.137899399 1.759219970 -0.102650852
21.153070450 -5.556663990 1.852897106 -0.333454949
21.047164917 -9.968564034 1.592251629 -0.159727281
20.950019836 -6.659638882 1.780716397 -0.267389333
20.844114304 -9.692819595 1.819688044 -0.187735676
20.738208771 -5.832407951 1.654151012 -0.283613736
20.635652542 2.715646982 1.526085591 0.561960226
20.538249969 -8.865589142 1.641813990 -0.185189497
20.418945312 -6.383894920 1.523919293 -0.238713092
20.329015732 -13.828975677 1.097460223 -0.079359473
20.226974487 -14.380462646 0.834204182 -0.058009551
20.122100830 -2.799226999 0.111887289 -0.039970781
20.021863937 -17.137899399 -0.401701602 0.023439372
19.917245865 -20.171081543 -0.432679052 0.021450464
19.809793472 -11.347282410 -0.024974728 0.002200944
19.711103439 -14.380462646 -0.108154377 0.007520925
19.607515335 -10.795795441 -0.147296737 0.013643898
19.506505966 -0.869020998 -0.586435483 0.674823145
19.401374817 -12.726000786 -0.066602984 0.005233615
19.300878525 -14.380462646 0.059080122 -0.004108360
19.196519852 -6.935382843 0.347992331 -0.050176369
19.088037491 -11.898770332 0.073035465 -0.006138068
18.989088058 -8.589844704 -0.973505938 0.113332193
18.890398026 -8.314101219 -1.502154859 0.180675556
18.770318985 -1.420508981 -1.925438499 1.355456759
18.677040100 -4.453689098 -1.474535672 0.331081860
18.576803207 -2.799226999 -1.455116959 0.519828138
18.472959518 -1.971995950 -2.345498153 1.189403129
18.370145798 -15.759181023 -2.152493148 0.136586612
18.264755249 -12.450257301 -1.909785511 0.153393256
18.163745880 -14.104719162 -1.897062089 0.134498395
18.061962128 -0.317534000 -1.392418646 4.385100959
17.957344055 -4.729433060 -1.026991705 0.217149010
17.854530334 -16.310668945 -1.100151732 0.067449823
17.752489090 -13.553232193 -0.948240182 0.069964136
17.650964737 -13.553232193 -0.985613508 0.072721657
17.546604156 -8.314101219 -0.479568605 0.057681353
17.436576843 -4.453689098 -0.325782579 0.073148927
17.335823059 -1.420508981 0.134612361 -0.094763471
17.240226746 -5.280920982 0.138245509 -0.026178295
17.120147705 -12.174512863 0.108028159 -0.008873304
17.029445648 -4.177946091 0.240494856 -0.057562939
16.926372528 -0.317534000 -0.153674895 0.483963591
16.821241379 -3.350714922 -0.403574417 0.120444271
16.720745087 -0.041790001 0.273632940 -6.547808869
16.610202789 -4.177946091 0.371966670 -0.089030988
16.509191513 -8.865589142 0.262518750 -0.029610976
16.411531448 -9.968564034 -0.002153632 0.000216042
16.302791595 -13.001744270 -0.497602504 0.038271981
16.199977875 -5.005177021 0.207477709 -0.041452622
16.097938538 0.509697020 0.022049713 0.043260431
16.001308441 -15.759181023 -0.035638491 0.002261443
15.895401955 -5.005177021 -0.152828206 0.030534026
15.784085274 -13.277487755 -0.924933848 0.069661811
15.687456131 -6.108151913 -0.813243743 0.133140720
15.590568542 -12.726000786 -1.023050215 0.080390551
15.469202042 -13.001744270 -0.074067858 0.005696763
15.373346329 -6.383894920 -0.263871067 0.041333867
15.274912834 -9.968564034 0.571761352 -0.057356441
15.169007301 -11.623025894 0.319061403 -0.027450804
15.064390182 -5.005177021 -0.366175484 0.073159347
14.957196236 0.785440981 -0.464867362 -0.591855242
14.855669975 -10.244306564 -0.387113242 0.037788135
14.758009911 -2.247740030 -1.043700158 0.464333128
14.649527550 -10.244306564 -0.316124427 0.030858548
14.549290657 2.439903021 -0.475528556 -0.194896499
14.447250366 1.336928010 -0.953079296 -0.712887522
14.350362778 -2.247740030 0.903922757 -0.402147377
14.239303589 5.197340012 0.217240585 0.041798417
14.132109642 -12.450257301 0.524370302 -0.042117226
14.031872749 -3.626457930 0.417266068 -0.115061604
13.940654755 -16.034925461 -0.363233071 0.022652620
13.820576668 -5.280920982 -0.397319533 0.075236788
13.730388641 -27.064674377 -0.433537288 0.016018567
13.631182671 -6.935382843 -0.437027129 0.063014132
13.523988724 -3.350714922 -0.428140057 0.127775734
13.416537285 -9.141331673 -0.445030893 0.048683377
13.310889244 -7.486869812 -0.484218962 0.064675756
13.210137367 6.300314903 -0.475741554 -0.075510758
13.111961365 -13.001744270 -0.500426832 0.038489207
12.998582840 -6.383894920 -0.490461249 0.076827901
12.898345947 -6.935382843 -0.536470292 0.077352657
12.796048164 -29.822111130 -0.580574996 0.019467938
