0.000000000 0.000000000 5.208652619 inf
0.000000000 0.000000000 5.208652619 inf
0.000000000 0.000000000 5.208652619 inf
0.000000000 0.000000000 5.208652619 inf
0.000000000 0.000000000 5.208652619 inf
0.000000000 0.000000000 5.208652619 inf
0.000000000 0.000000000 5.208652619 inf
0.000000000 0.000000000 5.208652619 inf
0.000000000 0.000000000 5.208652619 inf
0.000000000 0.000000000 5.208652619 inf
0.000000000 0.000000000 5.208652619 inf
0.000000000 0.000000000 5.208652619 inf
1.078899026 12.421145439 5.208652619 0.419337544
1.161355972 12.029377937 5.208652619 0.432994345
1.262624025 11.899720192 5.208652619 0.437712193
1.355903029 12.507317543 5.208652619 0.416448419
1.457944036 11.837882996 4.965802933 0.419484036
1.547358036 12.589502335 4.698028247 0.373170291
1.647079945 11.971530914 4.454115520 0.372058975
1.742678046 12.528063774 4.216925062 0.336598307
1.838019013 11.993871689 3.931646471 0.327804613
1.936710000 11.546252251 3.627245952 0.314149204
2.036947012 12.131508827 3.268954466 0.269459843
2.137442112 11.011660576 2.859209074 0.259652852
2.229433060 12.587905884 2.381996193 0.189228948
2.336369038 12.143477440 1.819481852 0.149832028
2.426814079 12.355319023 1.101139288 0.089122692
2.527050972 12.506918907 0.060365696 0.004826584
2.627288103 11.430955887 0.069685172 0.006096181
2.730102062 12.431917191 0.070686054 0.005685853
2.833431005 12.238427162 0.014954299 0.001221913
2.932379007 12.358112335 0.057388552 0.004643796
3.028750896 11.894534111 -0.036865020 -0.003099324
3.124350071 12.517292023 0.006647753 0.000531086
3.221493959 12.936587334 -0.019940658 -0.001541416
3.324307919 12.290289879 0.001695155 0.000137926
3.426863909 12.398803711 -0.001984052 -0.000160020
3.528646946 11.942406654 -0.016695410 -0.001397994
3.629657030 11.849452972 -0.009407821 -0.000793946
3.728605032 11.897725105 -0.075435429 -0.006340324
3.818535089 12.314227104 -0.034668818 -0.002815347
3.925729036 12.646551132 -0.095745937 -0.007570913
4.020297050 12.236830711 -0.078874305 -0.006445648
4.121821880 12.074459076 -0.031895701 -0.002641584
4.224636078 12.325797081 -0.045173273 -0.003664937
4.327706814 11.557821274 -0.047839632 -0.004139157
4.431035995 12.493354797 -0.040458780 -0.003238424
4.533335209 10.967777252 -0.014772216 -0.001346874
4.626872063 12.366490364 -0.023719661 -0.001918059
4.732005119 11.855835915 0.038728349 0.003266606
4.824769020 12.050921440 0.105193308 0.008729068
4.924747944 12.169010162 0.195922724 0.016100136
5.027562141 12.473807335 0.171337986 0.013735821
5.129859924 12.276327133 0.159041263 0.012955118
5.231901169 12.262364388 0.146032201 0.011908976
5.332653046 12.435507774 0.069000674 0.005548682
5.431601048 11.217119217 0.045860837 0.004088468
5.543691158 12.215288162 0.115635923 0.009466492
5.636713028 12.544421196 0.129246015 0.010303067
5.732570171 12.696819305 0.110733451 0.008721354
5.829456806 11.890942574 0.104834912 0.008816367
5.933043003 12.227256775 0.083322332 0.006814475
6.038176060 12.402793884 0.041134187 0.003316526
6.137125015 12.324200630 -0.044424286 -0.003604638
6.237876892 12.875548363 -0.006891004 -0.000535201
6.339144230 12.518488884 -0.028458592 -0.002273325
6.441442966 13.582484245 -0.057178110 -0.004209695
6.544256210 11.644791603 -0.099178609 -0.008516993
6.647069931 12.282311440 -0.124254192 -0.010116515
6.750141144 12.391223907 -0.060864793 -0.004911927
6.852696896 11.313265800 -0.087638648 -0.007746538
6.954480171 11.724183083 -0.104487958 -0.008912174
7.044925213 12.879936218 -0.156407277 -0.012143482
7.154953957 12.393218994 -0.175034741 -0.014123428
7.245656967 12.038952827 -0.132673150 -0.011020323
7.348986149 11.980307579 -0.079326146 -0.006621378
7.449480057 12.515695572 -0.130515260 -0.010428127
7.552552223 11.239459991 -0.092520917 -0.008231794
7.654077053 12.050124168 -0.104324339 -0.008657532
7.757662773 12.690834999 -0.025291066 -0.001992861
7.858416080 12.269145966 -0.067332575 -0.005487959
7.961228848 11.971530914 -0.004763035 -0.000397864
8.063784599 11.619258881 0.100832163 0.008678020
8.166599274 11.539869308 0.124403134 0.010780290
8.269669533 13.160396576 0.100179041 0.007612160
8.372484207 11.732959747 0.117787059 0.010038989
8.473493576 11.678703308 0.051126351 0.004377742
8.572442055 12.337366104 0.059244369 0.004802027
8.663660049 11.903709412 0.087101049 0.007317135
8.781677246 12.552000999 0.128802992 0.010261550
8.871349335 12.581522942 0.059083864 0.004696082
8.972873688 11.680297852 0.049031625 0.004197806
9.073627472 12.803338051 0.095753475 0.007478790
9.174636841 11.817537308 0.017017990 0.001440062
9.276934624 13.385803223 0.018245083 0.001363017
9.380005836 10.838517189 0.053050091 0.004894589
9.481788635 12.835253716 0.041720145 0.003250434
9.585375786 12.441492081 -0.015322569 -0.001231570
9.687416077 13.058665276 -0.087428532 -0.006695059
9.790488243 11.676708221 -0.132479156 -0.011345591
9.893301010 12.220872879 -0.074231836 -0.006074184
9.995857239 11.941610336 -0.112351921 -0.009408440
10.099185944 12.797753334 -0.122065672 -0.009538055
10.199422836 11.971929550 -0.111289884 -0.009295902
10.285229683 12.666499138 -0.123891272 -0.009781019
10.397834778 11.186799049 -0.100880210 -0.009017790
10.490342140 12.194542885 -0.060182291 -0.004935182
10.591094017 12.590299606 -0.114128060 -0.009064761
10.693907738 11.853840828 -0.090055682 -0.007597173
10.796978951 12.370878220 -0.112903286 -0.009126538
10.899792671 12.269544601 -0.013209050 -0.001076572
11.002091408 11.919267654 -0.061658168 -0.005172983
11.104646683 11.449706078 -0.006996324 -0.000611048
11.207976341 11.539071083 0.019029223 0.001649112
11.311305046 12.068474770 0.056442059 0.004676818
11.412572861 12.106774330 0.055299601 0.004567658
11.514098167 11.941610336 0.066397809 0.005560206
11.611499786 12.489365578 0.073826412 0.005911142
11.717147827 12.185766220 0.086871581 0.007128939
11.812747002 12.251194000 0.059118853 0.004825558
11.906026840 12.178585052 0.092748303 0.007615688
12.009870529 12.417954445 0.015141619 0.001219333
12.110880852 11.782030106 0.010875674 0.000923073
12.212922096 11.895332336 0.099986143 0.008405494
12.315993309 12.104779243 0.010054893 0.000830655
12.419322014 12.493754387 0.043114606 0.003450893
12.522135735 12.680861473 0.018100063 0.001427353
12.625206947 12.392820358 -0.003095812 -0.000249807
12.726732254 12.306247711 -0.034189688 -0.002778238
12.824649811 11.829903603 -0.091353676 -0.007722267
12.920248985 12.577932358 -0.099317501 -0.007896171
13.020743370 12.261964798 -0.098866374 -0.008062849
13.121495247 12.501334190 -0.107351033 -0.008587166
13.221217155 11.720591545 -0.079143576 -0.006752524
13.332792282 11.847457886 -0.024494568 -0.002067496
13.438955307 12.120737076 -0.015793082 -0.001302980
13.528112411 11.801179886 -0.023130511 -0.001960017
13.633502007 11.997062683 -0.031551040 -0.002629897
13.733738899 13.120901108 -0.053189793 -0.004053822
13.836552620 10.953016281 -0.147726120 -0.013487255
13.939366341 12.394017220 -0.151364851 -0.012212735
14.041921616 11.535879135 -0.137757354 -0.011941643
14.144736290 11.923657417 -0.069750670 -0.005849771
14.242653847 12.257975578 -0.057958812 -0.004728253
14.345210075 11.779637337 -0.065641305 -0.005572438
14.443642616 12.053713799 -0.095533404 -0.007925641
14.537694931 12.154249191 -0.072111676 -0.005933042
14.639736176 12.182972908 -0.059449394 -0.004879712
14.742033958 12.230847359 -0.010270672 -0.000839735
14.842013359 12.981668472 -0.035855917 -0.002762042
14.944827080 12.193346024 0.016011790 0.001313158
15.047383308 11.998259544 -0.025061847 -0.002088790
15.145559311 11.711416245 -0.087936914 -0.007508649
15.253525734 12.124327660 -0.066257889 -0.005464871
15.356596947 10.810990334 0.060133191 0.005562228
15.456318855 12.030176163 0.026786241 0.002226588
15.550887108 11.899320602 0.030051736 0.002525500
15.651638985 12.570751190 -0.074697073 -0.005942133
15.758832932 11.929242134 -0.076396344 -0.006404124
15.854432106 11.664738655 -0.025411357 -0.002178476
15.950802803 11.758492470 -0.032749064 -0.002785141
16.056709290 11.846659660 -0.028308600 -0.002389585
16.155658722 11.955971718 0.007193800 0.000601691
16.258213043 12.287897110 0.030222442 0.002459529
16.361541748 11.862618446 0.073136918 0.006165327
16.462551117 13.025153160 0.118596665 0.009105203
16.563819885 11.264195442 0.138287594 0.012276740
16.661479950 11.183608055 0.175895179 0.015727946
16.748575211 12.349334717 0.143168274 0.011593197
16.851646423 12.915841103 0.193101635 0.014950760
16.954717636 12.553595543 0.092284824 0.007351266
17.057531357 11.728172302 0.105499654 0.008995405
17.159315109 10.801415443 0.118312923 0.010953465
17.260066986 12.054910660 0.142777678 0.011843943
17.355150223 12.587107658 0.155667283 0.012367200
17.449975967 12.147068024 0.151237366 0.012450524
17.548667908 12.074857712 0.142721956 0.011819763
17.650192261 12.485774994 0.069870912 0.005596041
17.753263474 12.266752243 0.017201395 0.001402278
17.855819702 12.549607277 0.056293520 0.004485680
17.958116531 11.805567741 0.051234424 0.004339853
18.059900284 12.146269798 0.127814394 0.010522934
18.156787872 12.648146629 0.084058795 0.006645938
18.250324249 11.832298279 0.021413076 0.001809714
18.345922470 12.769825935 0.013474396 0.001055175
18.448478699 11.721389771 0.068070311 0.005807358
18.549488068 12.366889000 0.095725423 0.007740461
18.643798828 12.522079468 0.098449577 0.007862079
18.735532761 12.030574799 0.008018628 0.000666521
18.839893341 12.496148109 -0.019443183 -0.001555934
18.939613342 12.531254768 0.001610829 0.000128545
19.041912079 12.421544075 0.019939319 0.001605221
19.145757675 11.317255020 0.028883378 0.002552154
19.245994568 11.497180939 0.025343853 0.002204354
19.343654633 12.617029190 0.007860843 0.000623034
19.436418533 12.368483543 -0.006892716 -0.000557281
19.537170410 12.504126549 -0.048968846 -0.003916215
19.635602951 12.368483543 -0.002265836 -0.000183194
19.737386703 12.218081474 -0.002416118 -0.000197749
19.840457916 11.942806244 0.037454146 0.003136126
19.936056137 12.334175110 0.125119246 0.010144111
20.038869858 12.242417336 0.076807193 0.006273858
20.126995087 12.695622444 0.079614194 0.006270996
20.228778839 12.218878746 0.039272698 0.003214100
20.330045700 12.009430885 -0.007367776 -0.000613499
20.433118820 12.234437943 -0.043592743 -0.003563118
20.535415649 12.634982109 -0.033150525 -0.002623710
20.630756378 12.591895103 -0.026858233 -0.002132978
20.726097107 11.981504440 -0.028099162 -0.002345212
20.821697235 11.953577995 -0.090862732 -0.007601300
20.922706604 11.676308632 -0.046129283 -0.003950673
21.025005341 11.963552475 -0.076823991 -0.006421503
21.127044678 13.063451767 -0.068540190 -0.005246714
21.225221634 11.826711655 -0.047412897 -0.004008967
21.320304871 13.297635078 -0.102678300 -0.007721546
21.412553787 13.179944992 -0.143313314 -0.010873590
21.515108109 12.092411995 -0.110335782 -0.009124382
21.617923737 12.268347740 -0.070883520 -0.005777756
21.717643738 11.388268471 -0.067968008 -0.005968248
21.806543350 11.732561111 -0.122542746 -0.010444671
21.901884079 11.383082390 -0.154800455 -0.013599168
22.004955292 12.039751053 -0.190615978 -0.015832219
22.108026505 12.056905746 -0.151497247 -0.012565185
22.202079773 13.090979576 -0.085023122 -0.006494787
22.299997330 12.009430885 -0.099803152 -0.008310398
22.391731262 12.607852936 -0.116021046 -0.009202284
22.494543076 11.637211800 -0.170787628 -0.014675992
22.596069336 12.080044746 -0.130573676 -0.010809039
22.692699432 12.406384468 -0.083942450 -0.006766069
22.782886505 11.322043419 -0.061969345 -0.005473336
22.881576538 11.798386574 0.061563170 0.005217931
22.983875275 12.569554329 0.097949041 0.007792563
23.067104340 12.795358658 0.114141721 0.008920557
23.173269272 11.742135048 0.179203053 0.015261539
23.268867493 11.258211136 0.152730482 0.013566141
23.370649338 11.784423828 0.144308500 0.012245698
23.471403122 11.470052719 0.084991062 0.007409823
23.562362671 12.204117775 0.114786436 0.009405550
23.656673431 12.665302277 0.091277688 0.007206910
23.757167816 12.006637573 0.186673259 0.015547505
23.859466553 12.015813828 0.244922960 0.020383385
23.949653625 11.696255684 0.421526668 0.036039454
24.041387558 12.927012444 0.537874871 0.041608598
24.143684387 11.910491943 0.737414398 0.061913009
24.246498108 12.755064964 1.188002992 0.093139705
24.340036392 12.881931305 1.653791958 0.128380747
24.429450989 11.565401077 2.408545609 0.208254395
24.529945374 12.304253578 3.430459150 0.278802702
24.615493774 12.920229912 4.675693582 0.361889348
24.734542847 12.429922104 6.220328395 0.500431808
24.817771912 12.420348167 8.111095387 0.653048955
24.917751312 12.025788307 10.364992684 0.861897151
25.018503189 12.794161797 12.958078579 1.012811842
25.106372833 11.970334053 15.957021161 1.333047273
25.203001022 12.767831802 19.376244556 1.517583005
25.302465439 13.306013107 23.191257702 1.742915591
25.384922028 14.654458046 27.432531232 1.871958086
25.483354568 14.859119415 31.975115404 2.151884948
25.575603485 15.937076569 37.078663558 2.326566193
25.663986206 19.890655518 42.484307666 2.135892788
25.766542435 21.740179062 48.338882609 2.223481346
25.844619751 26.594583511 54.586221636 2.052531547
25.946918488 30.945913315 61.160974627 1.976382923
26.025768280 35.392192841 68.124856368 1.924855481
26.111574173 42.796276093 75.535684880 1.765006019
26.205369949 50.680290222 83.016405410 1.638041239
26.299680710 58.294219971 91.064297100 1.562149680
26.385486603 66.965362549 99.203184977 1.481410407
26.468458176 75.855529785 107.573929116 1.418142216
26.565862656 85.589866638 116.144890133 1.356993470
26.644453049 97.030113220 125.035171071 1.288622335
26.726652145 108.969039917 133.911140076 1.228891621
26.820447922 119.407920837 143.197776565 1.199231806
26.900842667 132.757125854 152.374434609 1.147768405
26.978404999 145.742507935 161.633481887 1.109034586
27.058027267 159.868072510 171.329347021 1.071692079
27.149503708 174.159988403 180.726448695 1.037703610
27.235309601 189.428939819 190.607815812 1.006223315
27.313129425 205.165451050 200.466596535 0.977097243
27.390432358 220.985351562 210.663748275 0.953292817
27.467477798 237.327484131 221.167090137 0.931906774
27.545038223 257.421691895 231.811649542 0.900513270
27.622858047 274.167968750 242.613584499 0.884908568
27.700162888 293.210968018 253.661009313 0.865114327
27.776950836 312.747467041 265.177428629 0.847896327
27.854511261 335.063049316 276.543431784 0.825347445
27.931814194 355.035583496 288.466052675 0.812498989
28.008344650 378.261962891 300.909316550 0.795505089
28.084360123 399.956787109 313.219857334 0.783134247
28.152645111 423.054290771 326.006346721 0.770601679
28.218610764 448.153717041 339.209931462 0.756905317
28.292821884 471.305084229 352.784116465 0.748526015
28.369867325 498.070526123 366.429354000 0.735697727
28.440214157 525.402465820 379.977806873 0.723212835
28.501541138 551.674438477 392.640719545 0.711725417
28.576267242 579.215454102 403.712050780 0.696998065
28.634244919 605.176208496 412.506673053 0.681630684
28.706138611 636.030090332 418.689393528 0.658285512
28.780090332 666.593078613 424.048313458 0.636142689
28.833946228 696.525390625 430.716039945 0.618378089
28.905580521 727.886352539 438.174502726 0.601982028
28.963300705 758.650817871 445.869927926 0.587714292
29.032358170 793.352966309 453.028977232 0.571030798
29.091367722 825.917114258 459.261410203 0.556062348
29.143932343 857.721252441 464.281026203 0.541295934
29.212991714 893.317871094 468.750536055 0.524729832
29.271741867 926.760864258 473.539260093 0.510961650
29.323535919 961.921386719 477.363766970 0.496260686
29.375843048 993.698425293 480.493277728 0.483540343
29.435367584 1015.414794922 483.259123473 0.475922870
29.493860245 1029.478881836 486.703119752 0.472766492
29.547456741 1034.215576172 488.247346897 0.472094366
29.606723785 1034.277832031 490.245400990 0.473997785
29.606981277 1034.078002930 490.387505632 0.474226803
29.551580429 1034.080810547 488.790562950 0.472681204
29.496179581 1029.977172852 487.195032173 0.473015369
29.437944412 1015.421997070 483.865289246 0.476516454
29.378419876 994.304809570 481.462301024 0.484220026
29.324050903 961.633361816 477.976428537 0.497046429
29.272514343 928.665039062 473.958131340 0.510364999
29.216083527 891.814575195 469.297094459 0.526227209
29.145221710 859.948181152 464.751166999 0.540440898
29.092140198 825.616699219 459.730257418 0.556832557
29.036481857 791.846923828 453.567832167 0.572797366
28.963558197 759.002685547 446.304711523 0.588014667
28.907127380 726.667175293 438.615588123 0.603599011
28.836265564 697.028076172 431.065848245 0.618433981
28.782152176 666.973327637 424.194922454 0.635999829
28.706394196 635.504638672 418.738031847 0.658906334
28.639398575 606.371032715 412.670707923 0.680558084
28.577041626 579.865295410 404.035478742 0.696774720
28.503860474 552.647460938 392.950957649 0.711033680
28.441501617 523.625976562 380.304184719 0.726289760
28.370897293 499.797576904 366.711478456 0.733720001
28.294109344 472.160827637 353.195270131 0.748040179
28.220155716 447.444000244 339.496549918 0.758746457
28.153417587 422.411193848 326.484505347 0.772906850
28.086164474 400.267944336 313.604889794 0.783487397
28.009891510 377.193572998 301.254262368 0.798672841
27.932844162 355.044769287 289.059703762 0.814150014
27.855798721 333.872985840 276.964208685 0.829549620
27.778495789 312.784576416 265.626445452 0.849231278
27.701192856 293.022674561 253.994726444 0.866809119
27.624145508 274.153198242 242.890247636 0.885965399
27.546842575 255.991882324 232.221810242 0.907145212
27.469282150 236.685562134 221.505756667 0.935865097
27.391977310 220.757553101 211.016854537 0.955876035
27.314674377 205.116394043 200.606297588 0.978012014
27.235824585 189.016021729 190.837615946 1.009637248
27.151563644 172.768859863 180.836452782 1.046695874
27.058542252 158.562713623 171.211019043 1.079768472
26.979692459 144.855636597 161.471419802 1.114705811
26.902132034 131.146575928 152.162108950 1.160244618
26.821220398 119.103919983 142.978532997 1.200451950
26.726394653 106.829078674 133.734873959 1.251858348
26.644710541 97.449005127 124.839886703 1.281079130
26.566635132 85.656089783 116.027889771 1.354578408
26.467428207 75.672813416 107.338385369 1.418453742
26.387033463 66.996879578 98.990342717 1.477536616
26.302513123 56.863193512 90.729377290 1.595573018
26.206916809 50.391452789 82.762381227 1.642389267
26.109771729 40.314418793 75.249206581 1.866558141
26.026540756 36.277858734 67.866659021 1.870745997
25.948463440 30.717714310 60.821486403 1.980013415
25.846166611 25.671815872 54.157813263 2.109621444
25.767574310 22.879575729 48.055849034 2.100382000
25.665533066 20.331094742 42.274513677 2.079303363
25.580499649 17.037776947 36.908482339 2.166273361
25.485416412 13.985022545 31.932554445 2.283339504
25.385694504 14.110293388 27.394492789 1.941454514
25.304010391 12.661312103 23.245121703 1.835917282
25.201969147 11.543857574 19.381518408 1.678946425
25.108690262 12.819295883 15.992237421 1.247512934
25.020565033 11.865809441 12.986964765 1.094486207
24.918266296 12.704000473 10.309077633 0.811482781
24.821636200 12.138689995 8.047927114 0.662997994
24.734542847 12.528862000 6.014935484 0.480086339
24.618070602 12.073660851 4.605178566 0.381423549
24.531749725 12.694824219 3.363254636 0.264931170
24.431512833 12.472610474 2.363727958 0.189513491
24.342870712 11.500372887 1.634856842 0.142156855
24.247529984 12.160232544 1.042874812 0.085761091
24.145231247 11.477233887 0.582267626 0.050732401
24.043191910 11.946796417 0.279246145 0.023374144
23.955579758 11.427763939 0.195930911 0.017145166
23.861785889 12.115152359 0.080517620 0.006646026
23.758714676 11.754901886 0.047447091 0.004036366
23.659507751 11.580560684 0.076213297 0.006581141
23.569320679 11.958365440 0.043466793 0.003634844
23.474494934 12.096799850 -0.002847079 -0.000235358
23.372196198 12.736714363 -0.014718946 -0.001155631
23.270929337 13.313592911 -0.013942720 -0.001047255
23.180999756 11.981903076 -0.077874895 -0.006499376
23.073289871 11.750114441 -0.043981502 -0.003743070
22.985679626 12.214888573 -0.132225781 -0.010824968
22.883638382 12.114354134 -0.204769235 -0.016903025
22.783143997 11.972727776 -0.146385946 -0.012226616
22.691925049 11.930040359 -0.193794730 -0.016244264
22.598131180 12.332578659 -0.221738243 -0.017979877
22.496089935 11.751709938 -0.135837347 -0.011558943
22.393533707 11.993074417 -0.098926922 -0.008248671
22.299482346 12.065283775 -0.124762122 -0.010340587
22.206716537 12.222069740 -0.140429795 -0.011489854
22.109573364 11.899720192 -0.103434242 -0.008692157
22.006500244 13.067441940 -0.020642826 -0.001579714
21.903430939 11.709422112 0.013157293 0.001123650
21.805511475 12.039352417 -0.044832437 -0.003723825
21.713005066 12.652136803 -0.051915583 -0.004103306
21.618953705 11.578966141 -0.035462306 -0.003062649
21.515882492 12.847620964 -0.031573184 -0.002457512
21.414613724 12.846424103 0.004304498 0.000335074
21.318243027 11.797589302 0.011877450 0.001006769
21.227539062 12.816103935 0.035818190 0.002794780
21.129880905 13.274496078 0.033431955 0.002518510
21.027324677 11.062726021 0.068962075 0.006233733
20.924251556 12.341754913 0.140620030 0.011393844
20.822212219 12.681260109 0.161187030 0.012710648
20.728675842 12.938980103 0.154535881 0.011943436
20.634107590 12.352127075 0.165676290 0.013412774
20.536703110 11.261004448 0.190089387 0.016880322
20.434663773 11.860623360 0.091816267 0.007741268
20.331592560 12.645752907 0.089760743 0.007098094
20.230066299 11.215923309 0.044322095 0.003951712
20.128284454 12.101986885 0.007908825 0.000653515
20.037580490 12.555990219 0.047745766 0.003802628
19.939147949 11.598913193 0.043388001 0.003740695
19.842004776 12.123130798 0.027788096 0.002292155
19.744859695 12.007037163 -0.001394917 -0.000116175
19.637149811 12.481785774 -0.076528723 -0.006131232
19.540777206 11.476835251 -0.068108026 -0.005934391
19.442087173 11.448109627 -0.004429302 -0.000386902
19.345972061 11.999057770 -0.031345458 -0.002612327
19.248313904 12.368084908 -0.086736543 -0.007012932
19.146272659 11.932434082 -0.135908835 -0.011389867
19.043458939 12.039751053 -0.128385912 -0.010663502
18.940645218 12.801342964 -0.113493589 -0.008865756
18.841180801 12.658121109 -0.077983324 -0.006160735
18.738624573 13.078212738 -0.132089424 -0.010099960
18.648694992 12.358112335 -0.096508811 -0.007809349
18.551807404 12.233241081 -0.088265162 -0.007215190
18.450798035 11.649180412 -0.140875960 -0.012093208
18.347984314 11.756896973 -0.096160056 -0.008179034
18.255735397 13.022760391 -0.086199185 -0.006619118
18.163745880 12.772219658 -0.072507326 -0.005676956
18.063764572 10.896763802 -0.062755667 -0.005759111
17.960952759 12.206910133 0.001069201 0.000087590
17.857879639 12.400400162 0.054471641 0.004392732
17.754808426 12.510510445 0.048467348 0.003874130
17.652511597 12.123130798 0.033981835 0.002803058
17.550985336 11.766470909 0.104460696 0.008877827
17.452037811 12.767831802 0.140839596 0.011030815
17.357469559 11.891342163 0.094259555 0.007926738
17.255943298 12.525271416 0.088172470 0.007039566
17.158542633 12.568357468 0.028315134 0.002252891
17.058820724 12.165419579 0.045147989 0.003711174
16.956005096 12.683255196 -0.002609472 -0.000205741
16.853708267 12.115949631 0.050976181 0.004207362
16.750379562 12.162227631 0.069036740 0.005676324
16.659418106 12.225261688 -0.008834153 -0.000722615
16.567169189 11.797189713 -0.050221014 -0.004257032
16.464355469 11.934029579 0.034352697 0.002878550
16.363346100 12.167015076 0.031938167 0.002624980
16.260274887 12.604263306 0.011297261 0.000896305
16.157203674 12.390028000 0.012661183 0.001021885
16.054389954 11.463271141 0.025663117 0.002238725
15.953122139 11.872989655 0.071582445 0.006029016
15.851339340 12.414761543 0.051244655 0.004127720
15.759863853 11.878176689 0.065358554 0.005502406
15.660400391 12.271141052 0.115268008 0.009393422
15.558875084 11.713411331 0.041598134 0.003551325
15.460956573 12.870759964 0.056681356 0.004403886
15.358142853 11.859825134 0.021538770 0.001816112
15.261771202 12.344547272 0.000506818 0.000041056
15.150970459 12.620221138 -0.028572522 -0.002264027
15.049960136 12.256778717 0.023664268 0.001930709
14.946888924 12.148664474 0.026935559 0.002217162
14.844590187 12.266353607 0.031497188 0.002567771
14.743323326 12.364893913 0.048865963 0.003951992
14.638190269 11.885757446 0.008599077 0.000723477
14.537438393 12.060894966 -0.002112355 -0.000175141
14.443126678 11.886954308 0.071445794 0.006010437
14.349075317 11.933232307 0.037518023 0.003143995
14.246776581 12.236033440 0.027468358 0.002244874
14.147313118 10.988122940 0.003925343 0.000357235
14.043984413 12.895894051 -0.015384077 -0.001192944
13.940397263 11.870996475 -0.034578169 -0.002912828
13.838098526 12.136694908 -0.036020966 -0.002967939
13.736058235 12.467822075 -0.006058948 -0.000485967
13.634791374 12.577532768 -0.059387369 -0.004721703
13.530688286 11.185203552 -0.073591203 -0.006579335
13.440758705 12.388032913 -0.102569944 -0.008279760
13.338975906 12.258773804 -0.080272541 -0.006548171
13.241573334 11.816739082 -0.089617456 -0.007583941
13.140821457 12.289492607 -0.027532174 -0.002240302
13.038781166 12.003446579 -0.022481090 -0.001872886
12.935967445 11.559416771 -0.019318466 -0.001671232
12.832896233 12.921028137 0.001511476 0.000116978
12.730081558 12.017410278 0.068138493 0.005669981
12.627267838 12.786581993 0.058079710 0.004542239
12.526774406 12.357712746 0.167491630 0.013553611
12.422413826 12.955336571 0.181558560 0.014014191
12.319600105 11.509549141 0.194407425 0.016890968
12.219879150 11.974721909 0.235445173 0.019661849
12.121960640 12.850014687 0.174802009 0.013603254
12.026362419 11.938817024 0.133635395 0.011193353
11.908602715 12.527665138 0.166662671 0.013303570
11.811201096 11.810754776 0.196340747 0.016623895
11.716375351 12.188159943 0.157973558 0.012961231
11.611499786 10.889183998 0.156512621 0.014373219
11.515385628 12.247603416 0.180393617 0.014728891
11.412572861 12.117546082 0.220516695 0.018198131
11.309759140 12.010229111 0.259811447 0.021632514
11.209007263 11.203156471 0.229094257 0.020449081
11.106966019 12.115152359 0.249465546 0.020591202
11.003637314 11.439333916 0.198894592 0.017386903
10.901081085 11.030811310 0.191151710 0.017328890
10.798268318 12.015015602 0.113748210 0.009467171
10.695196152 11.270179749 0.137081784 0.012163230
10.593155861 12.561973572 0.134230106 0.010685431
10.491888046 12.128716469 0.029636979 0.002443538
10.398350716 12.330583572 0.041707372 0.003382433
10.286003113 11.188794136 0.000798188 0.000071338
10.200453758 12.396012306 0.002101311 0.000169515
10.100475311 12.256778717 -0.091113486 -0.007433722
9.997919083 11.349968910 -0.018880150 -0.001663454
9.894846916 11.322442055 -0.005413763 -0.000478144
9.792290688 11.768067360 -0.061159143 -0.005197042
9.689735413 11.497180939 0.007199047 0.000626158
9.586664200 11.511941910 -0.013288518 -0.001154325
9.484107971 11.843467712 -0.092250853 -0.007789176
9.380779266 11.521516800 -0.045703671 -0.003966810
9.280027390 11.994271278 -0.021449381 -0.001788302
9.177471161 11.784423828 -0.032177938 -0.002730548
9.073884010 11.745725632 0.012138321 0.001033424
8.971843719 12.499339104 -0.076467821 -0.006117749
8.870575905 11.497180939 -0.146327263 -0.012727230
8.780903816 11.730566025 -0.204791993 -0.017457981
8.665464401 11.731364250 -0.223104016 -0.019017738
8.574246407 12.910256386 -0.244343144 -0.018926281
8.476586342 11.565002441 -0.278738653 -0.024101910
8.374030113 11.145708084 -0.269608060 -0.024189406
8.272247314 12.374070168 -0.153040322 -0.012367824
8.168402672 10.426005363 -0.162476840 -0.015583806
8.065588951 12.670488358 -0.141434001 -0.011162474
7.963806152 12.772219658 -0.132177388 -0.010348819
7.861249924 11.438535690 -0.108678325 -0.009501070
7.759210110 12.245208740 -0.129841575 -0.010603460
7.657683849 11.863815308 -0.187974076 -0.015844319
7.554613113 11.723784447 -0.140292932 -0.011966523
7.451798916 12.607852936 -0.156467336 -0.012410308
7.352334976 12.760251999 -0.184924263 -0.014492211
7.251068115 12.394017220 -0.164601635 -0.013280733
7.161138058 12.943767548 -0.181021577 -0.013985231
7.050335884 11.816739082 -0.129472219 -0.010956679
6.957829952 12.142280579 -0.177203027 -0.014593883
6.855274200 12.377261162 -0.144831816 -0.011701443
6.752460003 10.673751831 -0.069614752 -0.006522051
6.649388790 12.269145966 -0.083895820 -0.006837951
6.546318054 12.082837105 0.039719148 0.003287237
6.444276810 12.303456306 -0.020782348 -0.001689147
6.341979027 11.764875412 -0.017048543 -0.001449105
6.239422798 12.848419189 0.053546345 0.004167543
6.138412952 13.051484108 0.003849758 0.000294967
6.043072224 11.574177742 0.029577347 0.002555460
5.936392784 12.672083855 0.059594903 0.004702850
5.831776142 12.140685081 0.011576950 0.000953566
5.735404015 12.363298416 -0.004593864 -0.000371573
5.636713028 12.787778854 -0.060893454 -0.004761848
5.540341854 11.715006828 -0.112463547 -0.009599956
5.436497211 12.120737076 -0.124325790 -0.010257280
5.335486889 12.163425446 -0.119393472 -0.009815777
5.233962059 11.936423302 -0.149699148 -0.012541374
5.130632877 12.173000336 -0.027922585 -0.002293813
5.028077126 11.938018799 -0.079603294 -0.006668049
4.924747944 12.716766357 -0.038656063 -0.003039771
4.830438137 11.537075996 0.016485982 0.001428957
4.734838963 11.760886192 0.140080553 0.011910714
4.622748852 12.931400299 0.073056240 0.005649523
4.527150154 12.125525475 0.049450818 0.004078241
4.430521011 12.220474243 0.178962787 0.014644504
4.328996181 12.617029190 0.212924697 0.016875977
4.225409031 11.921262741 0.192874167 0.016179005
4.123626232 12.927012444 0.188228798 0.014560889
4.021585941 12.290289879 0.157334376 0.012801519
3.923151970 12.791370392 0.114137300 0.008922992
3.823431015 12.226059914 0.061917930 0.005064422
3.721132994 12.568357468 0.123775331 0.009848171
3.624502897 11.869001389 0.142286166 0.011988049
3.528131962 13.137257576 0.129578298 0.009863421
3.427122116 11.845862389 0.146284667 0.012349009
3.324565887 11.359145164 0.131081613 0.011539743
3.221751928 10.735190392 0.158765223 0.014789232
3.121257067 12.680861473 0.202425816 0.015963097
3.020504951 11.730566025 0.126423756 0.010777294
2.923361063 10.674151421 0.145021324 0.013586216
2.826988935 11.028416634 0.164802676 0.014943458
2.729585886 12.389229774 0.149485507 0.012065763
2.628319025 11.910491943 0.203637752 0.017097342
2.526278019 11.861420631 0.147441192 0.012430315
2.425525904 13.154811859 0.130094171 0.009889474
2.330957890 12.966109276 1.086813239 0.083819534
2.224278927 11.081477165 1.806328623 0.163004318
2.138215065 11.973525047 2.346770990 0.195996666
2.037719965 12.240022659 2.821438824 0.230509281
1.935937047 12.007037163 3.166232873 0.263698099
1.834926963 11.705033302 3.525823449 0.301222846
1.739071012 12.195739746 3.876328536 0.317842838
1.646049023 11.740140915 4.236159150 0.360826942
1.547358036 12.457051277 4.486902145 0.360189747
1.447378993 11.724581718 4.772161169 0.407021869
1.350749969 11.577769279 5.109622543 0.441330486
1.263396978 11.686283112 5.434891745 0.465065898
