0.000000000 0.000000000 4.929308675 inf
0.000000000 0.000000000 4.929308675 inf
0.000000000 0.000000000 4.929308675 inf
0.000000000 0.000000000 4.929308675 inf
0.000000000 0.000000000 4.929308675 inf
0.000000000 0.000000000 4.929308675 inf
0.000000000 0.000000000 4.929308675 inf
0.000000000 0.000000000 4.929308675 inf
0.000000000 0.000000000 4.929308675 inf
0.000000000 0.000000000 4.929308675 inf
0.000000000 0.000000000 4.929308675 inf
0.000000000 0.000000000 4.929308675 inf
1.079156995 10.838517189 4.929308675 0.454795484
1.160325050 11.784823418 4.929308675 0.418275989
1.261850953 12.365692139 4.929308675 0.398627802
1.351523042 11.884160995 4.929308675 0.414779695
1.448668003 13.642724991 4.636659355 0.339863140
1.546584964 11.448509216 4.424934379 0.386507474
1.645275950 11.766072273 4.157035295 0.353306966
1.740617037 10.859662056 3.961121504 0.364755504
1.837245941 12.527265549 3.782694940 0.301956953
1.934133053 12.777405739 3.567995996 0.279242600
2.035916090 11.811552048 3.264436440 0.276376587
2.137183905 11.529894829 2.909779769 0.252368284
2.228143930 9.161338806 2.454252816 0.267892376
2.336112022 11.272573471 1.887705590 0.167460039
2.425525904 11.835887909 1.230537267 0.103966621
2.527308941 11.222306252 0.252931315 0.022538265
2.626773119 11.752906799 0.203022263 0.017274217
2.729585886 10.909131050 0.214259078 0.019640343
2.831111908 11.539469719 0.258908632 0.022436788
2.928771973 10.546088219 0.262494079 0.024890184
3.022309065 12.208905220 0.361132822 0.029579460
3.120742083 11.188794136 0.362883871 0.032432795
3.220978975 13.029541969 0.249662666 0.019161277
3.324565887 13.927574158 0.226227427 0.016243132
3.427895069 13.773180962 0.223410916 0.016220720
3.529934883 12.583119392 0.270595798 0.021504667
3.631717920 12.469018936 0.329204360 0.026401785
3.730667114 11.724581718 0.383766110 0.032731753
3.820080996 11.493591309 0.257538062 0.022407101
3.924956083 12.891506195 0.201289859 0.015614146
4.021585941 12.169010162 0.163652284 0.013448282
4.122852802 12.213293076 0.119565372 0.009789773
4.225151062 12.306247711 0.047442654 0.003855168
4.327964783 12.279917717 0.024858152 0.002024293
4.430521011 12.108369827 -0.011424090 -0.000943487
4.531272888 11.825915337 -0.075704917 -0.006401612
4.631251812 12.435109138 -0.209268408 -0.016828836
4.731489182 10.277995110 -0.352205944 -0.034267962
4.823996067 12.604661942 -0.262448059 -0.020821507
4.924489975 11.288929939 -0.108929291 -0.009649213
5.026016235 11.764875412 0.007155631 0.000608220
5.129086971 12.915442467 0.037950963 0.002938418
5.232416153 13.223430634 0.087458744 0.006613922
5.333940983 12.868765831 -0.029857201 -0.002320129
5.434692860 12.023793221 -0.025633324 -0.002131883
5.539052963 11.783625603 -0.008308301 -0.000705072
5.638001919 12.322205544 -0.025867494 -0.002099258
5.733600140 11.364729881 0.041479446 0.003649840
5.831260204 13.056270599 0.116922303 0.008955260
5.931755066 12.299864769 0.125564999 0.010208649
6.036888123 12.939778328 0.112825811 0.008719300
6.135836124 10.184640884 0.047957913 0.004708847
6.236845970 10.984930992 0.115776595 0.010539583
6.339402199 12.864377022 -0.062438725 -0.004853614
6.441699982 12.953742027 -0.046592317 -0.003596823
6.544514179 12.438698769 -0.110208734 -0.008860150
6.646554947 12.202920914 -0.194542351 -0.015942277
6.749884129 12.610646248 -0.206683024 -0.016389566
6.854759216 10.643033028 -0.171563043 -0.016119751
6.961695194 12.826078415 -0.095462752 -0.007442864
7.046471119 11.650775909 -0.093488777 -0.008024253
7.155211926 11.756498337 -0.119763817 -0.010187031
7.248748779 13.099357605 -0.128558109 -0.009814077
7.351562023 13.193509102 -0.189635524 -0.014373395
7.449995995 12.165819168 -0.119119173 -0.009791299
7.553067207 11.984696388 -0.086230827 -0.007195078
7.656653881 11.406620026 -0.010282015 -0.000901408
7.762816906 12.945363998 -0.085810354 -0.006628655
7.859446049 11.158473969 -0.157814306 -0.014143001
7.961486816 11.988286972 -0.173761622 -0.014494283
8.061982155 12.023393631 -0.134377714 -0.011176355
8.165825844 11.218714714 -0.186182222 -0.016595682
8.270186424 11.161665916 -0.269155196 -0.024114249
8.372225761 11.506755829 -0.179921911 -0.015636198
8.475040436 12.453859329 -0.254806048 -0.020460007
8.572699547 12.087225914 -0.175316567 -0.014504285
8.663402557 11.873389244 -0.112744544 -0.009495565
8.779616356 11.599711418 -0.097379671 -0.008395008
8.871090889 11.695857048 -0.034597012 -0.002958057
8.972873688 12.120737076 0.003346641 0.000276109
9.073369026 12.235236168 -0.039079854 -0.003194042
9.176697731 12.267949104 -0.062399504 -0.005086384
9.279253960 12.629397392 -0.097097848 -0.007688241
9.379490852 11.997860909 -0.031374354 -0.002614996
9.482303619 10.994905472 -0.017927859 -0.001630561
9.584859848 11.700245857 0.055596729 0.004751757
9.687416077 10.642634392 0.078431776 0.007369583
9.794868469 10.255654335 0.105585123 0.010295308
9.893044472 12.565565109 0.110577167 0.008800015
9.994827271 11.904108047 0.122370102 0.010279653
10.097382545 12.259571075 0.130358405 0.010633195
10.197361946 13.191116333 0.234178195 0.017752720
10.283683777 12.394415855 0.208335654 0.016808832
10.397578239 11.794398308 0.190930937 0.016188273
10.491114616 11.187197685 0.170200038 0.015213822
10.591867447 10.800617218 0.170993429 0.015831820
10.693392754 11.227092743 0.163469769 0.014560294
10.796978951 11.605694771 0.133425576 0.011496561
10.899277687 11.659153938 0.173046339 0.014842101
11.007760048 12.600671768 0.166697876 0.013229285
11.104905128 12.818897247 0.198910910 0.015517006
11.207717896 11.988286972 0.220551950 0.018397287
11.309759140 12.915841103 0.165190000 0.012789721
11.407935143 12.719558716 0.077629418 0.006103153
11.511006355 12.569554329 0.085523023 0.006803982
11.613304138 11.571386337 0.069608301 0.006015554
11.719209671 13.504289627 0.080726951 0.005977875
11.812488556 11.649579048 0.141103809 0.012112353
11.905254364 12.070469856 0.179154309 0.014842364
12.010128975 11.943204880 0.145839389 0.012211077
12.110365868 11.865809441 0.103548617 0.008726637
12.213437080 11.586944580 0.116677079 0.010069702
12.315993309 11.133739471 0.049370904 0.004434351
12.419063568 11.838681221 -0.005200369 -0.000439269
12.522135735 11.692666054 -0.067524419 -0.005774938
12.624949455 13.385803223 -0.049389837 -0.003689718
12.727763176 12.617427826 0.038917840 0.003084451
12.826710701 12.519685745 0.051913569 0.004146555
12.917672157 12.512904167 0.045390877 0.003627525
13.021258354 11.801579475 0.026303993 0.002228854
13.126133919 12.058102608 0.102593752 0.008508283
13.222763062 12.142280579 -0.006709639 -0.000552585
13.342067719 11.973923683 0.049013599 0.004093362
13.446169853 12.357314110 0.035576446 0.002878979
13.531719208 11.801179886 -0.057770226 -0.004895292
13.636593819 12.301061630 -0.105925516 -0.008611087
13.735543251 13.718923569 -0.066769678 -0.004866976
13.837067604 12.109966278 -0.124361890 -0.010269384
13.939366341 11.977515221 -0.163927586 -0.013686277
14.042695045 11.815940857 -0.200962552 -0.017007749
14.145508766 12.167413712 -0.231286132 -0.019008652
14.246519089 13.079809189 -0.198066780 -0.015142941
14.348816872 12.721953392 -0.229207340 -0.018016678
14.443900108 11.456089020 -0.220674419 -0.019262631
14.537438393 11.351165771 -0.177706387 -0.015655342
14.636644363 13.029143333 -0.218305938 -0.016755203
14.740488052 11.003282547 -0.236546178 -0.021497783
14.842529297 11.680297852 -0.235911287 -0.020197369
14.944312096 12.373271942 -0.238311793 -0.019260208
15.047640800 10.633458138 -0.250351939 -0.023543793
15.145300865 11.432152748 -0.209283346 -0.018306556
15.253525734 12.940575600 -0.171217745 -0.013231076
15.355566025 11.695857048 -0.091354898 -0.007810877
15.456833839 12.486971855 -0.053994875 -0.004324097
15.549856186 11.867803574 -0.067241181 -0.005665849
15.654473305 12.136296272 -0.102227334 -0.008423273
15.753421783 11.419784546 -0.102178892 -0.008947532
15.849535942 11.032007217 -0.030032564 -0.002722312
15.951061249 11.695857048 0.093346923 0.007981196
16.052585602 12.224064827 0.129204052 0.010569647
16.155658722 11.572980881 0.072971942 0.006305371
16.257955551 11.653967857 0.183287995 0.015727518
16.361541748 11.851845741 0.183290327 0.015465129
16.462036133 11.953577995 0.196536417 0.016441639
16.562015533 11.384677887 0.215404566 0.018920567
16.657615662 12.806529999 0.232478490 0.018153121
16.748832703 12.291486740 0.155931866 0.012686168
16.852161407 11.463668823 0.193862444 0.016911030
16.954460144 12.326993942 0.211461999 0.017154385
17.056758881 11.638808250 0.230888430 0.019837807
17.156221390 11.426567078 0.187402250 0.016400573
17.253108978 11.608886719 0.190852288 0.016440189
17.357727051 11.799184799 0.195229040 0.016545977
17.452037811 12.953343391 0.128247605 0.009900734
17.549440384 12.859589577 0.122396853 0.009517944
17.650192261 11.529096603 0.095320087 0.008267785
17.753263474 12.505723000 0.036043569 0.002882166
17.855819702 12.815305710 -0.010331260 -0.000806166
17.958890915 12.429523468 -0.050830837 -0.004089524
18.061704636 11.832298279 -0.071545805 -0.006046653
18.161167145 13.624374390 -0.153143890 -0.011240435
18.251354218 11.418587685 -0.090990496 -0.007968630
18.346439362 11.701044083 -0.080118348 -0.006847111
18.448995590 12.615832329 -0.106948569 -0.008477330
18.548715591 11.861820221 -0.092447984 -0.007793743
18.644571304 11.434146881 -0.159198385 -0.013923066
18.736305237 11.894932747 -0.227917666 -0.019160904
18.840150833 12.666499138 -0.226501356 -0.017881923
18.939355850 11.987888336 -0.185261811 -0.015454082
19.041654587 12.349734306 -0.133851436 -0.010838406
19.144468307 11.478830338 -0.076373716 -0.006653441
19.246509552 11.599311829 -0.155169981 -0.013377516
19.339788437 11.724581718 -0.093650770 -0.007987557
19.436676025 11.613674164 -0.106016353 -0.009128580
19.534078598 11.815142632 -0.054157938 -0.004583774
19.634830475 11.411007881 -0.101013977 -0.008852327
19.737386703 12.259172440 0.058026959 0.004733350
19.840457916 11.929640770 -0.025059435 -0.002100603
19.933479309 12.174994469 -0.019488531 -0.001600701
20.038097382 11.974323273 0.097540036 0.008145766
20.125707626 11.352762222 0.143224978 0.012615871
20.228006363 11.531091690 0.110259960 0.009561971
20.330045700 12.494951248 0.066307344 0.005306731
20.433118820 12.995231628 0.150841125 0.011607421
20.535930634 12.011027336 0.190431776 0.015854745
20.632045746 12.147466660 0.249407813 0.020531673
20.727128983 11.294116020 0.185183703 0.016396476
20.821697235 12.532851219 0.209450548 0.016712123
20.922706604 10.992113113 0.154688193 0.014072653
21.025520325 12.333776474 0.059364103 0.004813133
21.128334045 11.347176552 0.083677506 0.007374302
21.227024078 12.789773941 -0.013486312 -0.001054461
21.318758011 11.102621078 0.017486279 0.001574969
21.413326263 12.240422249 0.038033182 0.003107179
21.515108109 13.129677773 0.004125609 0.000314220
21.618179321 12.794960022 0.005191628 0.000405756
21.715324402 12.022994995 -0.051789897 -0.004307570
21.804224014 11.383879662 -0.187488774 -0.016469673
21.902141571 12.635780334 -0.124998165 -0.009892398
22.004955292 12.621417999 -0.058664498 -0.004648012
22.107769012 12.593091965 -0.059165098 -0.004698218
22.208005905 11.529496193 -0.004098547 -0.000355484
22.297420502 12.850414276 -0.158946266 -0.012368960
22.391988754 11.499974251 -0.123082218 -0.010702826
22.494543076 10.946232796 -0.213919232 -0.019542726
22.598131180 12.642561913 -0.165639333 -0.013101722
22.694503784 11.151692390 -0.257919964 -0.023128325
22.791389465 12.314625740 -0.183391132 -0.014892140
22.881576538 12.502531052 -0.344228350 -0.027532693
22.984905243 11.388268471 -0.310266432 -0.027244390
23.070455551 12.121933937 -0.248419322 -0.020493374
23.180225372 11.858628273 -0.127205393 -0.010726822
23.268352509 10.418025970 0.004373187 0.000419771
23.370649338 12.532851219 -0.032306105 -0.002577714
23.472690582 12.058102608 0.013146751 0.001090284
23.567001343 11.966343880 0.052210091 0.004363078
23.658735275 12.720755577 0.097441310 0.007660025
23.757167816 10.268818855 0.038934483 0.003791525
23.859981537 11.962754250 0.175871149 0.014701560
23.955579758 11.532288551 0.252027913 0.021854111
24.041387558 12.382048607 0.362306304 0.029260611
24.143684387 11.162463188 0.770773210 0.069050459
24.246757507 12.300264359 1.175158339 0.095539275
24.342355728 10.279590607 2.020354639 0.196540380
24.427904129 12.158637047 3.248563433 0.267181545
24.530202866 11.638808250 4.793610800 0.411864402
24.613691330 12.866770744 6.808253254 0.529134574
24.732995987 13.834220886 9.356523500 0.676331799
24.820863724 11.947993279 12.431059114 1.040430709
24.916978836 11.957965851 16.278645010 1.361322253
25.017473221 11.826711655 20.654646957 1.746440394
25.102249146 11.903310776 25.691399295 2.158340631
25.200166702 11.329623222 31.361603440 2.768106478
25.302722931 13.032732964 37.470282602 2.875090183
25.389301300 13.522642136 44.356804555 3.280187711
25.483612061 14.800473213 51.835064544 3.502257245
25.577150345 18.019588470 60.017209781 3.330664842
25.663986206 19.922969818 68.659829688 3.446264805
25.761905670 26.296169281 78.034264839 2.967514546
25.844362259 33.164066315 87.797203946 2.647359438
25.928880692 40.836639404 98.467214600 2.411246764
26.024478912 49.196601868 109.784283227 2.231541998
26.102041245 60.559448242 121.866081591 2.012338043
26.200216293 73.167816162 134.120561107 1.833054041
26.282157898 87.083129883 146.782165917 1.685540771
26.360233307 100.660537720 159.938634241 1.588891117
26.438568115 116.380699158 173.341799503 1.489437688
26.536228180 130.986206055 187.302865531 1.429943436
26.617139816 147.388168335 201.232058964 1.365320305
26.694442749 165.870635986 215.124629626 1.296942213
26.772003174 184.117340088 229.358693025 1.245720218
26.849565506 202.443038940 243.338846888 1.202011431
26.926868439 221.521942139 257.505295842 1.162436973
27.004171371 243.512374878 271.543509124 1.115111744
27.083536148 264.168731689 285.510526692 1.080788498
27.160324097 287.756134033 299.929188986 1.042303373
27.236856461 313.672637939 314.363232013 1.002201640
27.313129425 337.248474121 328.750820660 0.974802989
27.390432358 360.984313965 343.421814942 0.951348304
27.467735291 387.130981445 358.053048496 0.924888644
27.537050247 415.267211914 373.303642342 0.898948031
27.601985931 442.626281738 388.692554265 0.878150644
27.674394608 472.476806641 404.855881340 0.856879905
27.751182556 500.966918945 419.064128553 0.836510581
27.826166153 531.040039062 431.135154290 0.811869393
27.883113861 562.526245117 440.568657375 0.783196626
27.957323074 592.255859375 447.231812284 0.755132778
28.023031235 626.845458984 451.093376439 0.719624542
28.086420059 658.271057129 452.200013412 0.686951080
28.160890579 694.513916016 450.714400177 0.648963815
28.217580795 729.960449219 446.251482212 0.611336522
28.291532516 765.288940430 439.175016588 0.573868239
28.345645905 801.803466797 429.851269561 0.536105526
28.418569565 838.142883301 417.957550461 0.498671001
28.472938538 876.016235352 403.355383500 0.460442817
28.536842346 918.242553711 386.273357698 0.420665930
28.600490570 954.787414551 369.711354200 0.387218504
28.653829575 995.181335449 355.421603349 0.357142554
28.707683563 1016.389404297 342.451606278 0.336929532
28.774421692 1031.318481445 329.687055010 0.319675310
28.832658768 1034.221191406 316.724421240 0.306244374
28.885223389 1034.184448242 303.611682522 0.293575951
28.937274933 1034.133056641 288.787466398 0.279255619
28.988552094 1034.157348633 272.367101767 0.263371045
29.040861130 1034.202880859 252.836639706 0.244474894
29.094200134 1034.198486328 229.766247396 0.222168424
29.147024155 1034.190917969 202.345894368 0.195656228
29.196500778 1034.160522461 169.783244706 0.164174943
29.246746063 1034.176879883 134.171605604 0.129737580
29.298025131 1034.160156250 101.455611327 0.098104351
29.349817276 1034.164550781 81.096854234 0.078417747
29.350076675 1034.088745117 81.541587050 0.078853568
29.298540115 1034.100708008 102.132261826 0.098764328
29.247777939 1034.137084961 134.806253835 0.130356271
29.198303223 1034.113525391 170.388425461 0.164767621
29.147283554 1034.149047852 203.455910503 0.196737512
29.095489502 1034.145019531 231.298657068 0.223661723
29.042150497 1034.146972656 254.541171005 0.246136359
28.989326477 1034.146972656 274.153051419 0.265100666
28.938047409 1034.127441406 290.760557706 0.281165112
28.886255264 1034.191650391 305.368459568 0.295272602
28.834461212 1034.198120117 318.587076556 0.308052268
28.779575348 1031.190795898 331.377225749 0.321353941
28.713609695 1014.875793457 344.137812450 0.339093527
28.654602051 991.152343750 357.193255962 0.360381790
28.602293015 955.517456055 371.489838646 0.388783937
28.542253494 915.972900391 387.924530551 0.423510925
28.473712921 874.650268555 404.778590337 0.462789077
28.421661377 840.659851074 419.251324364 0.498716959
28.352088928 803.660583496 430.939706192 0.536221030
28.293336868 764.626708984 440.225968497 0.575739722
28.222732544 728.678649902 447.005082735 0.613446109
28.164239883 693.644165039 451.123103706 0.650366754
28.088224411 657.172363281 452.286930682 0.688231819
28.028444290 625.244079590 450.964911779 0.721262186
27.958612442 592.148559570 446.814440029 0.754564767
27.887750626 560.719787598 439.935607124 0.784590836
27.829000473 530.866882324 430.446145764 0.810836313
27.752470016 498.649810791 418.140819901 0.838546031
27.675939560 469.249725342 404.037518150 0.861028779
27.607654572 441.129852295 388.065322607 0.879707688
27.540401459 414.256683350 372.495412571 0.899189868
27.468765259 386.472320557 357.492865443 0.925015445
27.391721725 359.363372803 342.921338834 0.954246773
27.314931870 336.592224121 327.961051523 0.974357184
27.238660812 311.686676025 313.333406605 1.005283288
27.161613464 287.162902832 299.061291096 1.041434280
27.084053040 264.230957031 284.712923384 1.077515393
27.005460739 243.881393433 270.770343846 1.110254210
26.927900314 220.556884766 256.479181077 1.162870891
26.851110458 202.629348755 242.360056054 1.196075778
26.773292542 183.714797974 228.282091595 1.242589569
26.696247101 164.517410278 214.102073606 1.301394626
26.618942261 149.376525879 200.270686441 1.340710565
26.538290024 131.089126587 186.398527365 1.421922109
26.442434311 117.320625305 172.725855168 1.472254812
26.361780167 100.708412170 159.372693483 1.582516197
26.283960342 86.167144775 146.365950266 1.698628296
26.205112457 73.690437317 133.664265893 1.813861754
26.103586197 60.653202057 121.666634925 2.005939189
26.025768280 49.983726501 109.620562872 2.193125054
25.937900543 41.057258606 98.524270212 2.399679705
25.845907211 32.738788605 87.941436904 2.686154273
25.763450623 25.727668762 78.019776298 3.032524129
25.665533066 22.806169510 68.636190439 3.009544869
25.577150345 18.118925095 60.027651585 3.312980835
25.485158920 15.299957275 51.912911115 3.393010201
25.386468887 13.071829796 44.457412675 3.401009145
25.304010391 12.042942047 37.720792385 3.132190808
25.201713562 12.332978249 31.403476444 2.546301129
25.111524582 12.826875687 25.688304685 2.002693821
25.020565033 12.975684166 20.621618123 1.589250930
24.918266296 10.780270576 16.277779936 1.509960239
24.820348740 12.463434219 12.565325429 1.008175211
24.735572815 12.005042076 9.346220607 0.778524602
24.617298126 13.241382599 6.820407804 0.515082753
24.531749725 10.414035797 4.846537285 0.465385119
24.430480957 11.585747719 3.212379819 0.277269961
24.343385696 12.371276855 2.192104680 0.177193082
24.247787476 12.191749573 1.472570926 0.120784217
24.145231247 11.808361053 0.832204726 0.070475888
24.043449402 11.571386337 0.592416759 0.051196697
23.953519821 11.614472389 0.337894726 0.029092559
23.861785889 11.448109627 0.228149090 0.019928975
23.758714676 11.806365967 0.234008392 0.019820527
23.657703400 13.591260910 0.231357951 0.017022552
23.569320679 11.937620163 0.177171210 0.014841418
23.473722458 11.896128654 0.094576257 0.007950171
23.372196198 11.751709938 0.174075354 0.014812768
23.271186829 12.440295219 0.123983731 0.009966301
23.180742264 11.840676308 0.083428550 0.007045928
23.077154160 11.143712997 0.000120342 0.000010799
22.986452103 12.769427299 0.030416985 0.002382016
22.883123398 10.016683578 0.004799007 0.000479101
22.785720825 11.116983414 -0.102017269 -0.009176704
22.692441940 12.047330856 -0.144949223 -0.012031646
22.598646164 9.904579163 -0.085651718 -0.008647689
22.496089935 12.573144913 -0.072119925 -0.005736029
22.393791199 12.445081711 -0.156137702 -0.012546137
22.301284790 11.655164719 -0.091251167 -0.007829247
22.209552765 11.457285881 -0.094142273 -0.008216804
22.109573364 11.699447632 -0.281359648 -0.024048969
22.006500244 11.916874886 -0.287859541 -0.024155623
21.903945923 11.588540077 -0.246363899 -0.021259270
21.815046310 11.930438995 -0.276529424 -0.023178479
21.720478058 12.231644630 -0.289929729 -0.023703250
21.619983673 11.626838684 -0.373441280 -0.032118901
21.516912460 12.688839912 -0.341110045 -0.026882682
21.416933060 12.492157936 -0.305285163 -0.024438145
21.327777863 13.028345108 -0.128110542 -0.009833217
21.230373383 12.234437943 -0.082491482 -0.006742564
21.130136490 11.004480362 -0.081280547 -0.007386132
21.027324677 11.937620163 0.041668519 0.003490521
20.924768448 13.479555130 0.013510216 0.001002275
20.823499680 11.396246910 -0.052148144 -0.004575905
20.729963303 12.097598076 -0.013014591 -0.001075800
20.637714386 13.205477715 0.037166737 0.002814494
20.537734985 12.010627747 0.019511301 0.001624503
20.434663773 11.288131714 0.054334028 0.004813376
20.331850052 12.557187080 0.000810061 0.000064510
20.231870651 11.619258881 0.018040783 0.001552662
20.133438110 13.323567390 0.057825622 0.004340101
20.043766022 12.289492607 0.125413630 0.010204948
19.938890457 10.585983276 0.065649208 0.006201522
19.842004776 11.063124657 0.067076960 0.006063112
19.739448547 12.097199440 0.018620300 0.001539224
19.637149811 11.898123741 -0.016014409 -0.001345961
19.541292191 12.184169769 0.041043487 0.003368591
19.443891525 11.956769943 0.003890512 0.000325382
19.350868225 12.666897774 -0.081167237 -0.006407823
19.248828888 11.808759689 -0.043455320 -0.003679922
19.146272659 11.851048470 -0.053165265 -0.004486123
19.043973923 12.722351074 -0.076392704 -0.006004606
18.942705154 11.705033302 -0.103148679 -0.008812335
18.842212677 13.473172188 -0.044442768 -0.003298612
18.739139557 12.088422775 -0.069047288 -0.005711853
18.647922516 11.409013748 -0.073225545 -0.006418219
18.552839279 11.541463852 -0.165806370 -0.014366147
18.450798035 12.492956161 -0.151099006 -0.012094736
18.347726822 11.687081337 -0.133771786 -0.011446124
18.256250381 11.877379417 -0.112095175 -0.009437703
18.164775848 12.423539162 -0.045827513 -0.003688765
18.063764572 12.247203827 -0.053017560 -0.004328952
17.960952759 12.875548363 -0.044497365 -0.003455959
17.857879639 12.079247475 -0.058913119 -0.004877218
17.755067825 12.192547798 -0.070678181 -0.005796834
17.652252197 12.276327133 -0.022933584 -0.001868114
17.553047180 11.327628136 0.040264094 0.003554503
17.459510803 12.534446716 0.002324428 0.000185443
17.360818863 11.940413475 -0.002055142 -0.000172116
17.263416290 11.996266365 -0.079195665 -0.006601693
17.159315109 12.622215271 -0.019448297 -0.001540799
17.059078217 12.327392578 0.041842666 0.003394284
16.955749512 11.601306915 0.066902020 0.005766766
16.861696243 13.326358795 -0.028597404 -0.002145928
16.751152039 12.927411079 -0.014797800 -0.001144684
16.663026810 11.218714714 0.014949874 0.001332583
16.566654205 12.578729630 0.001363738 0.000108416
16.465644836 12.060894966 -0.015120776 -0.001253703
16.363346100 12.671685219 -0.083319518 -0.006575252
16.260532379 11.917673111 -0.041800163 -0.003507410
16.157461166 11.809557915 -0.087079390 -0.007373637
16.054647446 11.511143684 -0.083187709 -0.007226711
15.953638077 12.218480110 0.008876620 0.000726491
15.851855278 12.711180687 0.019369896 0.001523847
15.754967690 12.108369827 0.126500845 0.010447389
15.655245781 11.230684280 0.128999682 0.011486360
15.553206444 11.863815308 0.175601029 0.014801396
15.458894730 12.352525711 0.100641665 0.008147456
15.358142853 13.388994217 0.111273141 0.008310792
15.255329132 12.495349884 0.056985940 0.004560572
15.150712013 12.085230827 0.060766474 0.005028160
15.049701691 12.234039307 0.116188367 0.009497139
14.947146416 12.457051277 0.107017856 0.008590946
14.845106125 12.657322884 0.117491089 0.009282460
14.744869232 11.678703308 -0.068317760 -0.005849773
14.639477730 12.964512825 -0.065289906 -0.005036048
14.539240837 12.117944717 -0.071334033 -0.005886645
14.446735382 11.642397881 -0.075498390 -0.006484780
14.347529411 11.738944054 -0.089267213 -0.007604365
14.248323441 10.707262993 -0.139355217 -0.013015018
14.147054672 12.311434746 -0.121766395 -0.009890512
14.044240952 10.929877281 -0.026999392 -0.002470237
13.941169739 13.152418137 -0.020184389 -0.001534652
13.839129448 12.553995132 -0.037815363 -0.003012217
13.737346649 11.865409851 -0.102212078 -0.008614290
13.638139725 11.230684280 -0.083706418 -0.007453368
13.534037590 12.072464943 -0.098140462 -0.008129281
13.448746681 11.756498337 -0.091525703 -0.007785116
13.347478867 11.929640770 -0.148698926 -0.012464661
13.244922638 14.541954994 -0.154987062 -0.010657925
13.142109871 12.319812775 -0.126411949 -0.010260866
13.039296150 12.613039970 -0.220655605 -0.017494244
12.936224937 12.952545166 -0.115213291 -0.008895031
12.834442139 12.455056190 -0.159035691 -0.012768765
12.730596542 12.551202774 -0.076359066 -0.006083805
12.630103111 12.057305336 0.026942460 0.002234534
12.529607773 11.705830574 0.107025170 0.009142894
12.424990654 12.522876740 0.112224661 0.008961572
12.322435379 12.452662468 0.115962389 0.009312257
12.223485947 12.130311966 0.075703741 0.006240873
12.124538422 11.622850418 0.112860702 0.009710243
12.030742645 12.550404549 0.288739248 0.023006370
11.910149574 12.076454163 0.309054288 0.025591476
11.815838814 12.887117386 0.353450182 0.027426629
11.718437195 11.858628273 0.347058501 0.029266328
11.613045692 12.263561249 0.308441171 0.025151028
11.516416550 12.991243362 0.292167505 0.022489572
11.413861275 10.554066658 0.247342597 0.023435762
11.312078476 13.446842194 0.229941325 0.017100024
11.209522247 11.349570274 0.168425686 0.014839829
11.107481956 12.075655937 0.081710551 0.006766552
11.003637314 10.848490715 0.123045322 0.011342160
10.901081085 13.465991020 0.089724311 0.006663031
10.799298286 11.302494049 0.069365398 0.006137176
10.695712090 12.549607277 0.096149347 0.007661542
10.594185829 11.981504440 0.069985564 0.005841133
10.491629601 10.331454277 -0.021521067 -0.002083063
10.400155067 11.989482880 -0.085952405 -0.007168983
10.288579941 11.922859192 -0.152015584 -0.012749927
10.199938774 12.615432739 -0.181893799 -0.014418356
10.100216866 10.394886971 -0.147409415 -0.014180954
9.997919083 12.128316879 -0.080752213 -0.006658155
9.894846916 12.279120445 -0.154468452 -0.012579765
9.793064117 11.430157661 -0.078589449 -0.006875622
9.689477921 12.600273132 -0.231762499 -0.018393450
9.586921692 12.928209305 -0.244854752 -0.018939572
9.484881401 11.334011078 -0.238216778 -0.021017871
9.382325172 12.911453247 -0.208045264 -0.016113234
9.282604218 11.903310776 -0.268614626 -0.022566379
9.178758621 11.147702217 -0.231540946 -0.020770284
9.075688362 12.289891243 -0.274447721 -0.022331176
8.973132133 13.934356689 -0.281850152 -0.020226994
8.873926163 12.644158363 -0.080186909 -0.006341815
8.780388832 13.192711830 -0.067911305 -0.005147638
8.666495323 11.796392441 0.027912432 0.002366184
8.575792313 11.733757019 -0.022289873 -0.001899637
8.476843834 10.751148224 0.078603208 0.007311145
8.374802589 12.228452682 0.109223776 0.008931938
8.272247314 12.278322220 0.134639880 0.010965658
8.168917656 13.135263443 0.148382448 0.011296496
8.067908287 13.011190414 0.228697660 0.017576997
7.963291168 12.017808914 0.161751770 0.013459339
7.861249924 12.928209305 0.186151347 0.014398850
7.758436203 11.799983025 0.162797025 0.013796378
7.656653881 12.357314110 0.207554656 0.016796098
7.554871082 12.441890717 0.241028998 0.019372377
7.453344822 12.444285393 0.311573787 0.025037499
7.353365898 10.716039658 0.226289870 0.021116931
7.253386974 12.157441139 0.186189844 0.015314888
7.161653042 10.826948166 0.102054567 0.009425977
7.054202080 12.476598740 0.045328840 0.003633109
6.958087921 12.309041023 0.157062265 0.012759911
6.855532169 11.759689331 0.323998668 0.027551635
6.752460003 11.661547661 0.252016618 0.021610907
6.649647236 12.725543022 0.233600262 0.018356801
6.546318054 10.446351051 0.181034126 0.017329891
6.444276810 12.414761543 0.107795060 0.008682814
6.341463089 12.552798271 0.079909816 0.006365897
6.239422798 11.751311302 0.017717363 0.001507692
6.140216827 11.610083580 0.045335460 0.003904835
6.044618130 12.586709023 0.020273993 0.001610746
5.938970089 10.840512276 -0.014807943 -0.001365982
5.835125923 11.602902412 -0.039331192 -0.003389772
5.739785194 12.066081047 0.029239394 0.002423272
5.643155098 12.178585052 -0.004522790 -0.000371372
5.541114807 13.143641472 0.037956673 0.002887835
5.437786102 10.476271629 -0.002139283 -0.000204203
5.336517811 10.526539803 -0.078508376 -0.007458137
5.236538887 12.931000710 -0.051589761 -0.003989619
5.133467197 12.024591446 -0.034181102 -0.002842600
5.031941891 11.660350800 -0.081548907 -0.006993692
4.930417061 12.038554192 0.031684572 0.002631925
4.829407215 12.277922630 -0.049784132 -0.004054768
4.739735126 11.897326469 -0.135054722 -0.011351687
4.634602070 11.531889915 -0.116939804 -0.010140558
4.535911083 11.799584389 -0.135735507 -0.011503414
4.434385777 11.839479446 -0.154995817 -0.013091439
4.330542088 11.620855331 -0.134050511 -0.011535339
4.227212906 11.854639053 -0.086118568 -0.007264546
4.125688076 12.101188660 -0.102770960 -0.008492633
4.025193214 12.250795364 -0.122901615 -0.010032134
3.932686090 11.956769943 -0.199928464 -0.016720943
3.829615116 12.703600883 -0.102455526 -0.008065078
3.734532118 11.594125748 0.003929590 0.000338929
3.633007050 11.849054337 -0.042190587 -0.003560671
3.530966043 11.799184799 -0.067646062 -0.005733113
3.428925037 11.507554054 -0.075667067 -0.006575426
3.326112032 12.708388329 0.007550168 0.000594109
3.223298073 12.644556999 0.000308748 0.000024417
3.124607086 11.790008545 0.038576049 0.003271927
3.023854971 12.555590630 0.029704195 0.002365814
2.929801941 11.578966141 0.101625866 0.008776765
2.842191935 12.715968132 0.037025590 0.002911740
2.731132030 11.574577332 0.121400624 0.010488558
2.629606962 12.151455879 0.071628661 0.005894657
2.528597116 12.092810631 0.114828317 0.009495585
2.427587032 11.996664047 0.143412813 0.011954391
2.336112022 11.880171776 1.147735310 0.096609319
2.232525110 11.776045799 1.838214090 0.156097736
2.139760971 11.812350273 2.429626132 0.205685243
2.039009094 12.367686272 2.906528320 0.235009868
1.939286947 12.491359711 3.318884152 0.265694386
1.843945980 10.625080109 3.699993823 0.348232087
1.746286035 11.778040886 3.991216366 0.338869291
1.653779030 11.397443771 4.260187972 0.373784513
1.549677014 12.542426109 4.554269081 0.363109102
1.451243997 10.986926079 4.799072263 0.436798448
1.359253049 13.150024414 5.088159016 0.386931526
1.263653994 11.008069992 5.318784733 0.483171413
