0.000000000 0.000000000 -0.740155516 -inf
0.000000000 0.000000000 -0.740155516 -inf
0.000000000 0.000000000 -0.740155516 -inf
0.000000000 0.000000000 -0.740155516 -inf
0.000000000 0.000000000 -0.740155516 -inf
0.000000000 0.000000000 -0.740155516 -inf
0.000000000 0.000000000 -0.740155516 -inf
0.000000000 0.000000000 -0.740155516 -inf
0.000000000 0.000000000 -0.740155516 -inf
0.000000000 0.000000000 -0.740155516 -inf
0.000000000 0.000000000 -0.740155516 -inf
0.000000000 0.000000000 -0.740155516 -inf
17.160087585 -16.034925461 -0.740155516 0.046158962
17.261354446 -14.104719162 -0.740155516 0.052475736
17.364168167 -11.623025894 -0.740155516 0.063680106
17.467756271 -12.450257301 -0.740155516 0.059449014
17.576238632 -13.277487755 -0.746091281 0.056192203
17.673898697 -11.898770332 -0.753018490 0.063285404
17.775423050 -12.174512863 -0.752666521 0.061823132
17.879783630 -14.380462646 -0.759414158 0.052808743
17.983112335 -10.520051003 -0.761708131 0.072405365
18.085668564 -12.174512863 -0.760623919 0.062476744
18.189512253 -13.001744270 -0.763540327 0.058725992
18.292583466 -13.001744270 -0.763207679 0.058700407
18.394367218 -15.483437538 -0.763056647 0.049282121
18.500787735 -12.450257301 -0.772209670 0.062023591
18.601282120 -14.931949615 -0.783324023 0.052459595
18.704353333 -14.931949615 -0.995481801 0.066667905
18.807939529 -13.001744270 -1.106116588 0.085074477
18.911785126 -14.104719162 -1.200962621 0.085146156
19.014083862 -14.931949615 -1.117765816 0.074857326
19.117153168 -16.034925461 -0.990754089 0.061787259
19.220226288 -16.586412430 -0.924535948 0.055740562
19.323554993 -14.380462646 -0.752507924 0.052328492
19.426111221 -16.862155914 -0.718003066 0.042580739
19.529439926 -15.483437538 -0.676205132 0.043672804
19.633283615 -14.380462646 -0.426523101 0.029659901
19.735582352 -15.759181023 -0.296167871 0.018793354
19.842260361 -14.656207085 -0.011749505 0.000801674
19.944301605 -14.656207085 0.203722680 -0.013900096
20.045053482 -16.862155914 -0.076377553 0.004529525
20.159978867 -15.483437538 0.089165557 -0.005758770
20.253000259 -14.104719162 -0.119954845 0.008504589
20.355813980 -14.104719162 -0.102747553 0.007284622
20.458627701 -15.759181023 0.002558027 -0.000162320
20.565307617 -15.483437538 0.080973883 -0.005229710
20.665027618 -14.104719162 0.030067481 -0.002131732
20.769903183 -14.380462646 -0.083708078 0.005820959
20.870140076 -14.104719162 -0.198561476 0.014077662
20.977849960 -16.310668945 -0.130917736 0.008026509
21.076797485 -14.104719162 -0.264037604 0.018719806
21.179353714 -14.656207085 -0.476473484 0.032510013
21.284744263 -15.207694054 -0.833329133 0.054796548
21.388589859 -11.898770332 -0.826788713 0.069485223
21.492691040 -13.001744270 -0.866369772 0.066634888
21.602718353 -18.792362213 -0.718732941 0.038246014
21.694452286 -14.656207085 -0.759777304 0.051839968
21.822261810 -18.516618729 -0.610070776 0.032947202
21.907295227 -14.931949615 -0.463094499 0.031013666
22.011396408 -15.483437538 -0.396427770 0.025603343
22.120653152 -14.931949615 -0.297951972 0.019953990
22.227073669 -16.310668945 -0.383668172 0.023522528
22.322156906 -16.310668945 -0.394445274 0.024183268
22.425485611 -15.759181023 -0.265699431 0.016859977
22.529588699 -14.931949615 -0.006073775 0.000406764
22.638586044 -15.759181023 -0.178569554 0.011331144
22.735473633 -18.516618729 0.000563199 -0.000030416
22.836483002 -22.377031326 0.129223460 -0.005774826
22.945480347 -15.207694054 0.158401189 -0.010415858
23.047006607 -17.137899399 0.346913993 -0.020242504
23.154201508 -14.104719162 0.596595138 -0.042297555
23.254180908 -14.931949615 0.297123713 -0.019898521
23.349777222 -13.001744270 0.428970411 -0.032993297
23.471660614 -14.380462646 0.128599579 -0.008942659
23.570350647 -15.759181023 0.321262147 -0.020385713
23.668527603 -13.553232193 0.440619119 -0.032510261
23.779071808 -16.862155914 0.619825993 -0.036758407
23.882915497 -17.137899399 0.819402865 -0.047812328
23.984439850 -14.656207085 1.064946244 -0.072661790
24.088026047 -12.726000786 1.288972437 -0.101286528
24.190841675 -17.689386368 1.658647993 -0.093765151
24.294685364 -14.104719162 2.048896419 -0.145263184
24.392602921 -14.380462646 2.347455434 -0.163239215
24.492324829 -15.483437538 2.335850617 -0.150861242
24.602609634 -16.310668945 2.838865726 -0.174049620
24.706455231 -14.380462646 3.321217017 -0.230953419
24.810556412 -17.689386368 4.045131922 -0.228675650
24.909505844 -14.656207085 4.823001075 -0.329075664
25.002269745 -17.965131760 5.982383073 -0.332999677
25.121059418 -13.277487755 7.185820139 -0.541203296
25.216657639 -13.828975677 8.247228871 -0.596373084
25.316379547 -13.277487755 9.467781319 -0.713070235
25.425119400 -11.347282410 10.486745209 -0.924163587
25.532571793 -10.244306564 11.658518645 -1.138048590
25.624563217 -10.795795441 13.106163488 -1.214006282
25.729953766 -8.865589142 14.641771538 -1.651528320
25.828643799 -7.211126804 16.071464780 -2.228703671
25.930942535 -5.280920982 17.971897724 -3.403174898
26.027828217 -5.556663990 19.864116168 -3.574827667
26.129611969 -3.350714922 21.709880174 -6.479178528
26.232168198 -0.869020998 23.616968935 -27.176522749
26.333692551 1.061185002 25.727253776 24.243891235
26.436248779 3.818622112 27.820952813 7.285599883
26.539321899 9.333496094 30.086181489 3.223463233
26.638784409 13.193907738 32.338169654 2.450992556
26.745462418 14.021139145 34.958788752 2.493291621
26.847503662 16.227088928 37.681373672 2.322127760
26.948514938 18.433038712 40.377415486 2.190491547
27.051843643 23.672168732 43.385955280 1.832783290
27.153110504 28.359811783 46.480216155 1.638946567
27.243555069 30.565761566 49.772131968 1.628362240
27.340185165 36.907867432 53.085930704 1.438336441
27.441709518 44.628692627 56.694570177 1.270361439
27.544523239 48.489101410 60.633007047 1.250446085
27.646564484 52.901000977 64.510091708 1.219449359
27.745513916 59.518852234 68.665516975 1.153676766
27.843172073 65.860954285 73.140666665 1.110531535
27.938255310 74.409011841 77.702774480 1.044265641
28.037719727 79.923889160 82.660518913 1.034240448
28.136926651 89.023429871 88.044601982 0.989004828
28.235359192 97.847229004 93.721595071 0.957835966
28.338945389 107.222511292 99.637157683 0.929255960
28.421144485 113.564620972 105.859426322 0.932151452
28.523185730 125.421600342 112.062420333 0.893485811
28.624969482 135.072631836 118.696419662 0.878759953
28.718763351 147.756835938 125.874155546 0.851900724
28.807405472 156.304885864 133.323548124 0.852971085
28.908931732 170.092071533 141.462324684 0.831680886
28.996799469 184.706497192 150.170193946 0.813020637
29.090593338 195.736236572 159.204616039 0.813363018
29.192634583 211.177886963 168.615559391 0.798452725
29.277153015 227.171020508 178.570768036 0.786063150
29.374040604 241.233947754 189.107542711 0.783917622
29.472988129 260.536010742 200.381653739 0.769113080
29.556476593 277.632110596 212.148017703 0.764133577
29.656198502 295.555480957 224.841195361 0.760741079
29.734531403 316.511993408 237.805359347 0.751331274
29.836830139 339.398712158 251.880820566 0.742138410
29.916709900 356.770568848 267.154633754 0.748813543
30.013854980 380.760284424 283.254794695 0.743918960
30.095281601 406.955932617 299.882724435 0.736892377
30.190107346 432.048614502 317.866387319 0.735719029
30.275140762 460.725952148 336.924566689 0.731290619
30.353475571 487.473083496 356.848371388 0.732037077
30.437477112 516.701904297 378.473609956 0.732479611
30.532045364 548.963928223 400.935227551 0.730348948
30.610637665 580.950195312 424.562414348 0.730806905
30.687942505 614.866699219 450.031172192 0.731916646
30.767564774 649.886108398 476.552314976 0.733285892
30.850278854 687.663024902 504.550672048 0.733717902
30.935569763 730.679016113 534.494970209 0.731504475
31.016996384 765.422729492 565.643160484 0.738994465
31.078323364 812.850646973 599.529443542 0.737564085
31.174953461 865.517700195 634.231593453 0.732777150
31.240919113 910.739685059 671.682423090 0.737513072
31.311265945 957.064636230 710.414040399 0.742284286
31.384704590 1012.213378906 751.992745551 0.742919192
31.461233139 1068.465087891 795.190413345 0.744236215
31.532096863 1123.338134766 840.974528889 0.748638814
31.596258163 1183.725952148 889.712770390 0.751620566
31.667118073 1242.459350586 941.235363478 0.757558276
31.735919952 1308.637817383 994.020192202 0.759583881
31.796474457 1374.264892578 1050.127920347 0.764137923
31.857801437 1441.270629883 1109.993075822 0.770148959
31.925313950 1515.721435547 1172.751842393 0.773725181
31.980714798 1587.690429688 1239.027321751 0.780396039
32.041267395 1665.725952148 1307.607654203 0.785007673
32.102596283 1747.621826172 1377.967481799 0.788481502
32.156192780 1822.348388672 1456.178857997 0.799067218
32.212368011 1914.171020508 1534.264437405 0.801529446
32.262355804 1996.894165039 1617.943599910 0.810230020
32.314151764 2085.959472656 1705.853325255 0.817778748
32.366458893 2179.712158203 1798.074865462 0.824913904
32.416961670 2274.843750000 1893.898686307 0.832540119
32.466438293 2371.078369141 1993.313872707 0.840678190
32.515911102 2472.827880859 2099.033316102 0.848839231
32.559974670 2570.992675781 2206.291069798 0.858147552
32.602493286 2675.775146484 2317.255206657 0.866012680
32.647071838 2785.521240234 2434.929778479 0.874137933
32.690101624 2890.579589844 2557.627647408 0.884814816
32.727981567 3006.391845703 2682.352246899 0.892216446
32.771530151 3119.722656250 2814.844589955 0.902273984
32.808891296 3234.983398438 2951.954600030 0.912509969
32.845741272 3357.965087891 3092.482016885 0.920939300
32.877433777 3472.398681641 3238.255362671 0.932570151
32.917888641 3602.273925781 3388.861031704 0.940756062
32.951129913 3724.152832031 3548.944547215 0.952953519
32.983341217 3848.788818359 3713.410507975 0.964825737
33.013229370 3981.145996094 3882.306297781 0.975173054
33.047760010 4115.984375000 4057.383882356 0.985762703
33.074817657 4244.756835938 4236.661569984 0.998092879
33.108055115 4373.529296875 4418.484570126 1.010278946
33.135887146 4510.297851562 4605.652668045 1.021141579
33.161911011 4649.272949219 4799.298353170 1.032268573
33.189483643 4784.938964844 5000.917592718 1.045137175
33.215766907 4923.086425781 5204.068588179 1.057074392
33.240245819 5065.921875000 5417.738951340 1.069447790
33.265499115 5210.135742188 5631.800227586 1.080931574
33.288948059 5355.728515625 5848.888038535 1.092080755
33.312652588 5500.493652344 6072.615295100 1.104012781
33.333267212 5636.986816406 6308.063640289 1.119048855
33.355941772 5798.848632812 6536.257593622 1.127164720
33.376556396 5933.411132812 6771.119617108 1.141184972
33.397945404 6081.209960938 7013.050714238 1.153232787
33.417785645 6238.107910156 7268.243100977 1.165135840
33.438659668 6394.454589844 7523.749219936 1.176605309
33.456436157 6542.529296875 7790.186825400 1.190699571
33.474990845 6692.257812500 8039.219758404 1.201271676
33.495090485 6845.847167969 8291.410449742 1.211159152
33.510036469 7011.569335938 8556.922910637 1.220400527
33.527557373 7165.434082031 8825.209677672 1.231636434
33.545337677 7322.883789062 9094.141895505 1.241879860
33.559509277 7483.918457031 9372.065502275 1.252293909
33.578319550 7640.816406250 9646.781403397 1.262532809
33.594554901 7803.229492188 9930.125726066 1.272566152
33.611301422 7963.712402344 10210.430602548 1.282119455
33.625473022 8111.786621094 10497.980656380 1.294163807
33.641452789 8287.710937500 10790.269086335 1.301960115
33.653560638 8443.782226562 11087.215434420 1.313062694
33.666961670 8605.918945312 11377.374413645 1.322040619
33.678813934 8772.468750000 11669.408058821 1.330230793
33.694274902 8938.742187500 11968.350636732 1.338930063
33.708961487 9089.849609375 12264.550046977 1.349257752
33.723651886 9261.085937500 12561.043195938 1.356325088
33.733955383 9423.223632812 12848.040884502 1.363444336
33.745296478 9593.082031250 13153.722701195 1.371167541
33.756633759 9752.185546875 13470.684200626 1.381299006
33.768226624 9922.871093750 13782.140353066 1.388926675
33.781368256 10091.075195312 14124.185517894 1.399671021
33.791160583 10255.417968750 14447.614524655 1.408778713
33.803531647 10425.276367188 14764.890495592 1.416258905
33.814353943 10589.619140625 15051.948849266 1.421387176
33.824401855 10748.723632812 15364.238949242 1.429401246
33.835483551 10932.920898438 15656.686682523 1.432068047
33.846046448 11091.749023438 15972.331548748 1.440019199
33.857128143 11254.989257812 16307.959361044 1.448953792
33.865116119 11429.810546875 16673.754053037 1.458795313
33.878257751 11605.183593750 17011.296229752 1.465836029
33.887275696 11766.494140625 17311.276246802 1.471234850
33.895778656 11935.249023438 17602.401809940 1.474824847
33.907115936 12104.280273438 17903.130007400 1.479074311
33.914588928 12278.274414062 18224.667844069 1.484302047
33.923091888 12439.308593750 18559.071311542 1.491969684
33.931594849 12611.648437500 18895.328785941 1.498244173
33.939842224 12782.333984375 19188.384265935 1.501164364
33.949375153 12954.397460938 19525.339353032 1.507236397
33.960197449 13123.152343750 19874.920930323 1.514492891
33.964836121 13293.562500000 20229.522280124 1.521753276
33.974113464 13451.563476562 20520.149809360 1.525484368
33.983646393 13648.444335938 20846.454826414 1.527386881
33.989833832 13815.269531250 21180.557740425 1.533126639
33.997303009 13981.542968750 21436.506842197 1.533200369
34.006324768 14155.537109375 21773.585691261 1.538167399
34.015083313 14328.428710938 22062.052032224 1.539739805
34.020751953 14493.598632812 22356.231633185 1.542490047
34.029773712 14663.457031250 22661.873532423 1.545465949
34.036727905 14834.694335938 22947.437956294 1.546876359
34.043430328 15005.378906250 23263.963694607 1.550374958
34.050899506 15168.343750000 23610.058440624 1.556535033
34.059921265 15339.304687500 23974.810419104 1.562965917
34.065330505 15510.817382812 24292.330857397 1.566154140
34.069969177 15683.984375000 24597.829005439 1.568340571
34.076412201 15853.567382812 24900.145017751 1.570633563
34.088523865 16022.597656250 25302.092649719 1.579150472
34.092128754 16176.738281250 25651.021789901 1.585673289
34.098571777 16369.483398438 25930.285477809 1.584062542
34.108104706 16523.900390625 26296.899617304 1.591446268
34.112228394 16694.861328125 26718.919154263 1.600427738
34.117897034 16868.304687500 27035.136556669 1.602718060
34.124080658 17040.644531250 27354.656943743 1.605259525
34.130523682 17206.640625000 27660.248549629 1.607533344
34.134902954 17374.017578125 27968.763065676 1.609804004
34.141090393 17537.533203125 28268.273771704 1.611872858
34.145725250 17711.251953125 28647.398344057 1.617468851
34.150882721 17872.287109375 28950.836413724 1.619873060
34.160415649 18046.556640625 29169.031366219 1.616321160
34.165824890 18215.863281250 29453.025361415 1.616888802
34.168403625 18385.445312500 29889.735794348 1.625728139
34.173812866 18553.373046875 30368.786336548 1.636833705
34.179740906 18712.201171875 30589.761404585 1.634749494
34.187213898 18863.310546875 30878.867638590 1.636980294
34.191337585 19041.992187500 31197.973248934 1.638377589
34.194427490 19200.544921875 31382.586762904 1.634463339
34.202674866 19359.373046875 31659.439384943 1.635354580
34.206539154 19527.851562500 31951.761210434 1.636214875
34.214786530 19703.500000000 32222.158422647 1.635352015
34.217361450 19857.640625000 32550.661875812 1.639200874
34.223030090 20017.572265625 32754.815028459 1.636303074
34.225608826 20178.882812500 32978.901658030 1.634327429
34.232566833 20342.123046875 33355.746234580 1.639737709
34.237716675 20501.226562500 33805.390858493 1.648944796
34.242099762 20667.224609375 34079.104805841 1.648944425
34.244419098 20823.572265625 34337.204580954 1.648958408
34.248283386 20979.642578125 34851.291739502 1.661195686
34.254467010 21145.916015625 35193.916379282 1.664336336
34.259361267 21299.505859375 35475.387004126 1.665549766
34.263484955 21449.234375000 35765.373062206 1.667442876
34.268383026 21638.394531250 36142.962939775 1.670316293
34.271987915 21787.296875000 36649.120920955 1.682132535
34.276371002 21940.609375000 36815.495695972 1.677961403
34.281265259 22098.058593750 36969.091539161 1.672956535
34.283325195 22262.402343750 36901.077817942 1.657551474
34.292346954 22406.892578125 37057.435904209 1.653840923
34.295436859 22558.550781250 37136.972299631 1.646248142
34.296985626 22702.765625000 37377.279559749 1.646375608
34.299819946 22853.320312500 37421.354923373 1.637458120
34.303424835 22996.707031250 37389.254459108 1.625852537
34.307807922 23147.814453125 37373.840990178 1.614573206
34.309093475 23297.267578125 37636.597064937 1.615494046
34.317081451 23433.486328125 38109.730835189 1.626293685
34.321464539 23580.732421875 38236.382629367 1.621509542
34.321720123 23723.568359375 38352.726923995 1.616650849
34.325584412 23882.396484375 38402.641708921 1.607989455
34.325069427 23884.878906250 38528.542800655 1.613093495
34.323524475 23727.705078125 38474.430519532 1.621498177
34.321720123 23585.697265625 38189.098938035 1.619163449
34.318370819 23438.449218750 37616.302527476 1.604897243
34.311672211 23293.683593750 37317.697376565 1.602052214
34.307807922 23152.779296875 37272.258666096 1.609839501
34.304458618 23002.773437500 37467.454016851 1.628823329
34.301364899 22855.527343750 37486.235444908 1.640138724
34.298015594 22709.382812500 37448.341033079 1.649025046
34.294666290 22553.863281250 37321.215349448 1.654759315
34.290283203 22406.617187500 37099.987018500 1.655760292
34.287963867 22256.335937500 36916.600285852 1.658700713
34.279460907 22100.265625000 36923.114938373 1.670709102
34.276885986 21940.884765625 36789.070370859 1.676735955
34.272506714 21788.398437500 36427.483087139 1.671875204
34.269412994 21639.220703125 36012.507616155 1.664223870
34.263229370 21452.542968750 35645.446432527 1.661595387
34.258075714 21302.263671875 35383.338768532 1.661013088
34.252147675 21153.085937500 34949.548554633 1.652219854
34.248283386 20992.326171875 34693.494027732 1.652675065
34.246223450 20831.017578125 34356.628660881 1.649301506
34.243900299 20668.603515625 34039.952457700 1.646940125
34.237976074 20506.466796875 33651.684696523 1.641027927
34.233337402 20351.222656250 33259.254907475 1.634263232
34.227668762 20181.365234375 32946.333823652 1.632512639
34.221740723 20023.914062500 32754.532855332 1.635770747
34.218391418 19858.193359375 32441.085723576 1.633637317
34.215042114 19704.328125000 32284.431710189 1.638443671
34.207569122 19531.437500000 31868.506624428 1.631651875
34.201385498 19368.197265625 31525.985741572 1.627719158
34.196231842 19211.849609375 31330.118380383 1.630770541
34.192882538 19051.367187500 31086.322303740 1.631710837
34.187213898 18868.548828125 30818.190027162 1.633310029
34.177936554 18726.265625000 30400.713953892 1.623426398
34.174846649 18551.994140625 30078.998831886 1.621335076
34.170204163 18383.791015625 29693.561377872 1.615203380
34.165309906 18216.138671875 29324.423672129 1.609804591
34.157836914 18049.865234375 29102.183964052 1.612321399
34.151397705 17884.419921875 28857.421872773 1.613550901
34.146759033 17717.318359375 28656.071862423 1.617404580
34.142894745 17547.185546875 28380.781077235 1.617397901
34.134902954 17384.220703125 28106.449223840 1.616779360
34.131038666 17217.119140625 27857.312867770 1.618000819
34.122535706 17044.779296875 27541.479688822 1.615830819
34.116607666 16877.126953125 27322.531813094 1.618908946
34.114032745 16700.652343750 26980.597697548 1.615541545
34.106044769 16534.378906250 26591.794507667 1.608272960
34.100376129 16381.064453125 26247.181240665 1.602287893
34.090324402 16190.525390625 25951.963344823 1.602910512
34.087749481 16026.734375000 25548.282162831 1.594104049
34.079246521 15865.148437500 25213.538965097 1.589240659
34.070743561 15690.327148438 24859.591673766 1.584389633
34.065845490 15517.435546875 24563.624512493 1.582969328
34.059146881 15342.062500000 24174.909995153 1.575727514
34.053737640 15174.410156250 23793.460946418 1.567999066
34.045230865 15008.688476562 23455.419999423 1.562789449
34.039047241 14833.867187500 23155.993819120 1.561022054
34.031574249 14670.075195312 22781.835779144 1.552946081
34.021011353 14497.458984375 22402.955813167 1.545302238
34.018432617 14330.634765625 22073.389446283 1.540293909
34.007869720 14158.845703125 21781.755315040 1.538384962
33.998592377 13982.370117188 21497.622250474 1.537480561
33.990863800 13815.544921875 21131.911456342 1.529574952
33.984676361 13656.716796875 20818.962127140 1.524448551
33.975402832 13457.078125000 20434.309301493 1.518480395
33.967929840 13291.908203125 20135.133706003 1.514841466
33.958393097 13128.116210938 19832.893129064 1.510718888
33.951694489 12960.740234375 19477.472422636 1.502805555
33.940872192 12791.157226562 19175.321698512 1.499107654
33.932628632 12616.060546875 18871.617273317 1.495840734
33.924640656 12444.823242188 18569.014652626 1.492107545
33.915878296 12278.274414062 18233.215374179 1.484998198
33.905056000 12108.140625000 17918.428514172 1.479866238
33.893974304 11944.624023438 17572.639247725 1.471175586
33.888050079 11771.457031250 17246.933733581 1.465148595
33.880577087 11606.837890625 16902.138783226 1.456222525
33.868206024 11435.876953125 16599.310694520 1.451511831
33.855064392 11262.158203125 16309.739667967 1.448189536
33.847591400 11095.884765625 15984.204886691 1.440552531
33.835483551 10938.987304688 15636.471044751 1.429425833
33.825946808 10750.929687500 15330.404555667 1.425960824
33.817443848 10597.064453125 15007.388304814 1.416183545
33.804561615 10432.997070312 14669.117124688 1.406030983
33.794769287 10257.072265625 14402.084563379 1.404112615
33.783172607 10093.281250000 14073.736712551 1.394366843
33.770545959 9925.628906250 13767.505512837 1.387066315
33.757919312 9766.249023438 13459.334937518 1.378147834
33.746067047 9597.769531250 13161.559693857 1.371314413
33.731639862 9431.220703125 12827.221413112 1.360080717
33.722618103 9270.737304688 12523.296966142 1.350841530
33.705097198 9111.633789062 12223.812697114 1.341561017
33.696849823 8945.083984375 11945.569449397 1.335434018
33.685256958 8775.777343750 11650.947954201 1.327625747
33.668762207 8613.640625000 11346.246306133 1.317241664
33.652015686 8452.881835938 11052.355136508 1.307525096
33.640933990 8297.914062500 10740.774391719 1.294394508
33.623413086 8122.816406250 10469.355138497 1.288882404
33.608211517 7972.536132812 10203.369146893 1.279814726
33.598934174 7809.847167969 9924.397830730 1.270754423
33.578319550 7651.019042969 9657.479037879 1.262247419
33.563888550 7493.845214844 9391.255677535 1.253195844
33.546108246 7332.535156250 9120.704454197 1.243867811
33.530391693 7177.566894531 8847.131039532 1.232608650
33.509262085 7022.599121094 8579.549849099 1.221705768
33.495861053 6861.013183594 8319.253740234 1.212540119
33.475761414 6709.078613281 8065.788126234 1.202219946
33.458755493 6555.489257812 7797.124570700 1.189403912
33.438915253 6407.690429688 7544.575025751 1.177425019
33.418560028 6251.343750000 7296.244274392 1.167148147
33.397686005 6096.100097656 7039.168218123 1.154700235
33.375011444 5946.371093750 6791.579128480 1.142138461
33.359035492 5807.120605469 6558.426457389 1.129376657
33.336616516 5647.465332031 6324.015387147 1.119797115
33.313941956 5514.005371094 6091.302234451 1.104696464
33.291267395 5366.206542969 5875.531942341 1.094913492
33.267303467 5218.132324219 5649.881145185 1.082740106
33.241790771 5074.193847656 5440.001522356 1.072091782
33.215766907 4929.152832031 5226.545635412 1.060333452
33.190254211 4790.729492188 5022.431952283 1.048364755
33.166290283 4656.993652344 4819.274660260 1.034846732
33.138462067 4519.949218750 4621.997992583 1.022577416
33.108055115 4386.764648438 4433.140828065 1.010571841
33.079452515 4251.099121094 4251.729630556 1.000148317
33.048534393 4123.429687500 4070.909081375 0.987262883
33.014003754 3989.418212891 3897.022657014 0.976839842
32.984111786 3854.579589844 3729.073506416 0.967439748
32.954479218 3731.046386719 3563.728666167 0.955155283
32.919437408 3613.028076172 3405.342278745 0.942517525
32.882072449 3474.604736328 3254.235326132 0.936577128
32.850120544 3365.410156250 3105.581653416 0.922794402
32.808891296 3249.322021484 2964.401319595 0.912313800
32.775135040 3129.097900391 2829.028221914 0.904103455
32.731845856 3017.697265625 2696.022580981 0.893403925
32.692420959 2899.954833984 2568.973519555 0.885866735
32.649646759 2788.830078125 2446.533810688 0.877261698
32.604553223 2685.701904297 2327.736214021 0.866714288
32.563323975 2579.264892578 2216.175732728 0.859227658
32.519004822 2476.688232422 2106.460706034 0.850515086
32.469528198 2377.144775391 2002.124813146 0.842239326
32.423404694 2284.494873047 1902.294706425 0.832698173
32.373416901 2185.778564453 1806.408760485 0.826437220
32.320075989 2092.025634766 1713.721046258 0.819168283
32.269054413 2003.787719727 1626.037127994 0.811481731
32.217006683 1920.237426758 1542.199193759 0.803129432
32.159286499 1828.690429688 1463.918066724 0.800528095
32.106975555 1751.482299805 1385.678721931 0.791146289
32.050800323 1673.722534180 1313.122299856 0.784551963
31.986898422 1593.481079102 1244.832437051 0.781203149
31.927631378 1519.581787109 1178.598739382 0.775607308
31.864759445 1445.958251953 1115.791812806 0.771662537
31.799051285 1377.298095703 1055.464375938 0.766329656
31.741073608 1312.498291016 998.013870897 0.760392511
31.669696808 1246.319824219 944.670624817 0.757968064
31.603214264 1183.450195312 893.812170910 0.755259642
31.538021088 1126.646972656 845.031354963 0.750040940
31.468191147 1070.395263672 798.980940604 0.746435422
31.391660690 1018.279724121 756.048006109 0.742475754
31.320541382 963.406738281 714.322087887 0.741454320
31.250968933 915.427307129 675.425831508 0.737825741
31.179849625 869.378112793 637.419314149 0.733189972
31.088115692 819.192749023 602.210188683 0.735126366
31.021892548 773.143554688 568.298943807 0.735049708
30.945362091 731.506286621 536.678358536 0.733661991
30.862390518 690.971923828 506.612395778 0.733188105
30.779933929 653.195068359 478.516510402 0.732578266
30.692579269 615.969665527 451.610684750 0.733170333
30.613729477 583.983398438 426.414978206 0.730183391
30.536684036 549.515441895 402.527459442 0.732513463
30.449846268 517.253417969 380.087688122 0.734819094
30.360948563 486.921600342 359.067775508 0.737424208
30.278747559 456.865539551 339.118762713 0.742272580
30.199640274 431.221374512 319.908141216 0.741865223
30.099662781 404.749969482 301.891795951 0.745872313
30.020038605 379.933044434 284.994491576 0.750117674
29.922378540 359.803741455 268.663459742 0.746694458
29.840694427 340.225952148 253.232127575 0.744305736
29.740201950 315.960510254 238.973206199 0.756338841
29.660320282 297.209930420 225.716606351 0.759451765
29.567556381 280.389556885 212.983669431 0.759599151
29.479688644 260.536010742 201.076840054 0.771781373
29.378936768 244.267135620 190.180256671 0.778574884
29.295705795 229.652725220 179.575559838 0.781943953
29.196500778 212.005126953 169.379015873 0.798938301
29.104766846 197.390701294 159.905575287 0.810096799
29.010971069 182.776290894 150.891183178 0.825551183
28.913311005 168.161880493 142.284873106 0.846118470
28.814619064 158.786590576 134.329204953 0.845973230
28.731132507 146.653869629 126.943090905 0.865596600
28.629606247 133.969650269 119.783178213 0.894106822
28.527309418 125.145851135 113.126296054 0.903955625
28.428617477 113.288871765 106.570701505 0.940698763
28.345903397 105.292304993 100.194750754 0.951586640
28.242832184 95.089790344 94.356640071 0.992289916
28.141307831 88.747680664 88.760984428 1.000149905
28.051376343 81.302604675 83.266244344 1.024152236
27.959644318 69.445625305 78.254396808 1.126844153
27.856571198 65.860954285 73.267744120 1.112461016
27.753501892 58.691619873 68.647890880 1.169637012
27.650945663 51.246540070 64.471073740 1.258057103
27.552770615 47.110385895 60.417056243 1.282457256
27.450986862 42.698486328 56.530735082 1.323951736
27.355903625 37.735099792 52.783314288 1.398785602
27.261592865 31.117248535 49.242813537 1.582492536
27.160840988 28.911298752 45.883855322 1.587056179
27.058027267 23.672168732 42.849633670 1.810127080
26.954956055 19.811756134 39.868672888 2.012374502
26.852399826 16.502832413 36.885220086 2.235084206
26.762470245 13.745394707 34.172708817 2.486120591
26.646514893 9.333496094 31.629195128 3.388783239
26.549112320 7.679034233 29.115616914 3.791572746
26.450937271 4.094366074 26.870986018 6.562917320
26.346319199 3.818622112 24.906657827 6.522420154
26.248401642 -1.144765019 22.819076335 -19.933415110
26.146619797 -4.729433060 21.004110118 -4.441147565
26.046123505 -5.005177021 19.300200113 -3.856047455
25.948207855 -5.005177021 17.634120977 -3.523176284
25.844619751 -4.177946091 16.156784382 -3.867159612
25.745670319 -8.589844704 14.489245506 -1.686787830
25.640539169 -9.417076111 12.990487311 -1.379460796
25.537725449 -11.623025894 11.607582378 -0.998671300
25.434654236 -12.726000786 10.233539189 -0.804144158
25.331066132 -9.141331673 8.992823780 -0.983754239
25.228252411 -12.726000786 7.879537999 -0.619168436
25.126213074 -12.450257301 6.738652341 -0.541246030
25.021852493 -13.277487755 5.819939480 -0.438331376
24.919296265 -16.310668945 4.978028932 -0.305200783
24.817514420 -14.656207085 4.177610141 -0.285040333
24.713411331 -14.380462646 3.344260277 -0.232555820
24.610340118 -16.586412430 2.768596167 -0.166919530
24.507268906 -15.483437538 2.253467176 -0.145540496
24.403940201 -16.034925461 1.953750211 -0.121843423
24.305507660 -18.516618729 1.578580736 -0.085252106
24.198570251 -14.104719162 1.111160100 -0.078779314
24.094726562 -13.277487755 0.891061871 -0.067110728
23.992170334 -15.759181023 0.533126806 -0.033829601
23.888841629 -13.277487755 0.347810141 -0.026195478
23.785770416 -13.828975677 0.255055157 -0.018443532
23.681926727 -14.656207085 -0.003688331 0.000251657
23.579370499 -13.277487755 -0.127680417 0.009616308
23.477329254 -14.104719162 -0.259312879 0.018384831
23.367816925 -15.207694054 -0.363887706 0.023927869
23.269897461 -13.553232193 -0.023721003 0.001750210
23.167341232 -13.828975677 0.024889511 -0.001799809
23.063756943 -14.104719162 0.068042739 -0.004824112
22.960941315 -12.174512863 0.226521063 -0.018606171
22.857355118 -16.034925461 0.464786096 -0.028985859
22.754541397 -15.483437538 0.613368358 -0.039614482
22.652500153 -15.483437538 1.127362051 -0.072810837
22.548913956 -15.759181023 0.986938535 -0.062626258
22.446100235 -13.001744270 0.796352721 -0.061249683
22.345348358 -13.828975677 1.035455767 -0.074875811
22.239957809 -14.380462646 0.866657403 -0.060266309
22.136629105 -15.483437538 0.762381918 -0.049238544
22.032527924 -14.380462646 0.738026735 -0.051321488
21.930486679 -14.656207085 0.641678017 -0.043781997
21.828445435 -14.380462646 0.653295078 -0.045429351
21.721509933 -18.792362213 0.627547291 -0.033393742
21.618179321 -15.759181023 0.482451759 -0.030614012
21.516912460 -16.034925461 0.431911741 -0.026935687
21.412553787 -15.759181023 0.357906847 -0.022711005
21.310255051 -18.240875244 0.142386281 -0.007805891
21.203060150 -16.310668945 0.171145343 -0.010492846
21.103080750 -19.895336151 0.119328440 -0.005997810
20.998979568 -13.553232193 0.135348742 -0.009986455
20.891527176 -13.553232193 0.071007601 -0.005239164
20.790517807 -18.240875244 -0.174251900 0.009552826
20.684612274 -14.104719162 -0.290940713 0.020627189
20.587982178 -14.656207085 -0.426778721 0.029119316
20.476408005 -15.207694054 -0.542273540 0.035657841
20.370243073 -15.483437538 -0.606630029 0.039179286
20.267688751 -16.586412430 -0.497655500 0.030003806
20.177242279 -14.931949615 -0.708981299 0.047480826
20.054073334 -14.656207085 -0.737244834 0.050302567
19.958988190 -16.034925461 -0.701436929 0.043744321
19.859268188 -15.483437538 -0.648030126 0.041853117
19.751558304 -15.207694054 -0.690107002 0.045378806
19.646940231 -15.483437538 -0.586988009 0.037910703
19.539747238 -14.656207085 -0.490286366 0.033452473
19.438478470 -15.759181023 -0.102194263 0.006484745
19.337469101 -14.104719162 -0.225875549 0.016014183
19.228729248 -13.828975677 -0.320365556 0.023166253
19.127204895 -15.207694054 -0.031293702 0.002057755
19.026708603 -14.380462646 -0.025951484 0.001804635
18.928276062 -13.553232193 -0.026115465 0.001926881
18.822113037 -15.483437538 -0.107659046 0.006953175
18.716722488 -18.240875244 -0.052895164 0.002899815
18.611846924 -13.277487755 0.069452934 -0.005230879
18.521144867 -11.623025894 -0.749291699 0.064466147
18.401065826 -15.483437538 -0.782627315 0.050546096
18.302633286 -15.483437538 -0.791465760 0.051116928
18.202138901 -14.104719162 -0.797601261 0.056548539
18.095460892 -13.828975677 -0.802502942 0.058030541
17.989812851 -15.483437538 -0.805467016 0.052021201
17.885709763 -16.586412430 -0.810208600 0.048847730
17.783668518 -14.380462646 -0.811255786 0.056413747
17.682144165 -14.931949615 -0.816959874 0.054712204
17.576753616 -16.586412430 -0.823467590 0.049647119
17.473939896 -16.034925461 -0.825661028 0.051491417
17.371383667 -15.483437538 -0.830473157 0.053636226
