0.000000000 0.000000000 0.567479700 inf
0.000000000 0.000000000 0.567479700 inf
0.000000000 0.000000000 0.567479700 inf
0.000000000 0.000000000 0.567479700 inf
0.000000000 0.000000000 0.567479700 inf
0.000000000 0.000000000 0.567479700 inf
0.000000000 0.000000000 0.567479700 inf
0.000000000 0.000000000 0.567479700 inf
0.000000000 0.000000000 0.567479700 inf
0.000000000 0.000000000 0.567479700 inf
0.000000000 0.000000000 0.567479700 inf
0.000000000 0.000000000 0.567479700 inf
12.832637787 7.931779861 0.567479700 0.071545064
12.933648109 7.943348885 0.567479700 0.071440863
13.037491798 7.682037830 0.567479700 0.073870985
13.139533043 7.858771801 0.567479700 0.072209719
13.239769936 7.755045891 0.564257544 0.072760052
13.330471992 7.835632801 0.561940173 0.071715991
13.425040245 8.067023277 0.559041858 0.069299646
13.527338982 7.951726913 0.556066389 0.069930267
13.630151749 7.853187084 0.552779061 0.070389137
13.732966423 7.863161087 0.548760285 0.069788763
13.835521698 7.806909084 0.545414077 0.069862998
13.937820435 7.717545033 0.541299868 0.070138867
14.039344788 7.915023804 0.533438544 0.067395697
14.133655548 7.642940998 0.520138993 0.068054823
14.230543137 7.736693859 0.488031306 0.063080085
14.329749107 7.954918861 -0.025856236 -0.003250346
14.429470062 7.623792171 -0.007344490 -0.000963364
14.531768799 7.802918911 0.010952157 0.001403597
14.635354996 7.811696053 0.014311182 0.001832020
14.736365318 7.670867920 0.011055622 0.001441248
14.840209961 7.897869110 0.020068428 0.002540993
14.939930916 7.790552139 0.033394911 0.004286591
15.022645950 7.800127029 0.064722132 0.008297574
15.124687195 7.785366058 0.073656080 0.009460837
15.227758408 7.699991226 0.078819405 0.010236298
15.330313683 8.012765884 0.074042574 0.009240576
15.425139427 8.064629555 0.087078208 0.010797546
15.519965172 7.677649975 0.071514024 0.009314572
15.620459557 7.631771088 0.077296816 0.010128293
15.719149590 7.696400166 0.056293693 0.007314289
15.820933342 7.933375835 0.064086817 0.008078127
15.923488617 8.005186081 0.058231728 0.007274250
16.026044846 7.993617058 0.046239602 0.005784566
16.123704910 8.030320168 0.051179323 0.006373261
16.227033615 7.756640911 0.028329000 0.003652225
16.324693680 8.061837196 0.024093082 0.002988535
16.418231964 8.067820549 0.021613186 0.002678937
16.516923904 8.130057335 0.011261391 0.001385155
16.618190765 7.888692856 -0.014352088 -0.001819324
16.722291946 7.928987026 -0.019430061 -0.002450510
16.822528839 7.761030197 -0.023292082 -0.003001158
16.912715912 8.106518745 -0.006205197 -0.000765458
17.007541656 7.750257969 0.004113059 0.000530700
17.109840393 7.894279003 -0.005509625 -0.000697926
17.212139130 7.743076801 -0.045729447 -0.005905850
17.314952850 8.122476578 -0.055118096 -0.006785873
17.417251587 7.692011833 -0.062993723 -0.008189499
17.511819839 7.926991940 -0.051874295 -0.006544008
17.604839325 8.033512115 -0.047974452 -0.005971791
17.702499390 7.582301140 -0.038516604 -0.005079804
17.804540634 8.023937225 -0.050968347 -0.006352037
17.907869339 7.834835052 -0.045516881 -0.005809552
18.010168076 7.815287113 -0.033878486 -0.004334900
18.109889984 7.557167053 -0.027754547 -0.003672613
18.191316605 7.893879890 -0.017213369 -0.002180597
18.294902802 8.012367249 -0.016169884 -0.002018116
18.397459030 8.042287827 -0.029946557 -0.003723637
18.499242783 7.877123833 -0.016159537 -0.002051451
18.597417831 7.952126026 -0.018922741 -0.002379583
18.688892365 7.517671108 -0.028298378 -0.003764248
18.786811829 7.948935032 -0.018068266 -0.002273042
18.887048721 7.735496998 0.002939551 0.000380008
18.989860535 7.955317974 -0.002990933 -0.000375967
19.086748123 7.846405029 -0.015671978 -0.001997345
19.177967072 7.888692856 -0.010621162 -0.001346378
19.273822784 7.813292027 -0.029331784 -0.003754088
19.376636505 7.783370972 -0.018069808 -0.002321592
19.479192734 7.858771801 -0.033413234 -0.004251712
19.576595306 7.688022137 -0.026023621 -0.003384957
19.672193527 7.989227772 -0.050488396 -0.006319559
19.763153076 7.797732830 -0.068803150 -0.008823481
19.865968704 7.726719856 -0.051262845 -0.006634490
19.968008041 7.803717136 -0.036312783 -0.004653267
20.062833786 7.896671772 -0.033287969 -0.004215443
20.151475906 7.643340111 -0.019549584 -0.002557728
20.253000259 8.108913422 -0.047440719 -0.005850441
20.355813980 7.900661945 -0.042110521 -0.005329999
20.455535889 7.908640862 -0.049370322 -0.006242580
20.542116165 7.561555862 -0.030403171 -0.004020756
20.639518738 7.711161137 -0.030738383 -0.003986220
20.742073059 7.790153027 -0.028883408 -0.003707682
20.838960648 7.814888000 -0.026105467 -0.003340479
20.928632736 7.572327137 -0.025919536 -0.003422929
21.025777817 7.944944859 -0.022606093 -0.002845343
21.128591537 7.712757111 -0.017341855 -0.002248464
21.230117798 7.465408802 -0.009801131 -0.001312873
21.309482574 7.889890194 -0.008372805 -0.001061207
21.415130615 7.805313110 -0.004374216 -0.000560415
21.515367508 7.773796082 0.009095249 0.001169988
21.617406845 7.858771801 0.014341471 0.001824900
21.702699661 7.648526192 0.021900812 0.002863403
21.798812866 7.729911804 0.042405502 0.005485897
21.901626587 7.741480827 0.051636070 0.006670051
21.996452332 7.927790165 0.047268908 0.005962432
22.082773209 7.732306004 0.021695591 0.002805837
22.185329437 7.714353085 0.019765359 0.002562154
22.277063370 7.798930168 0.038183727 0.004896021
22.366992950 7.788557053 0.043582587 0.005595720
22.468776703 7.757439137 0.043517846 0.005609821
22.568239212 7.964494228 0.044061455 0.005532235
22.650182724 7.696001053 0.052519850 0.006824304
22.752222061 7.784567833 0.047546881 0.006107838
22.830556870 7.902657032 0.060006251 0.007593174
22.935947418 7.981248856 0.072004049 0.009021652
23.035411835 7.761030197 0.055592005 0.007162967
23.133844376 8.061038971 0.046535642 0.005772909
23.216300964 7.791349888 0.040706220 0.005224540
23.318342209 7.816483974 0.043859910 0.005611207
23.403890610 7.585093975 0.047365061 0.006244492
23.499490738 7.602248192 0.064866487 0.008532540
23.593542099 7.819275856 0.051417461 0.006575732
23.680122375 8.063832283 0.089333681 0.011078316
23.780874252 7.848001003 0.226437294 0.028852863
23.860755920 8.027128220 0.543379202 0.067692852
23.963310242 7.661692142 1.081603320 0.141170292
24.049375534 8.019548416 1.996994381 0.249015815
24.143684387 8.096145630 3.327343268 0.410978683
24.239542007 7.950530052 5.194981820 0.653413268
24.323028564 8.039496422 7.667858268 0.953773454
24.410381317 7.643739223 10.694717046 1.399147293
24.504434586 7.660494804 14.395060820 1.879129376
24.589210510 7.926194191 18.762108380 2.367101780
24.684551239 7.996408939 23.774368064 2.973130595
24.766752243 8.007181168 29.451911437 3.678187220
24.864927292 8.038698196 35.903078977 4.466280248
24.944292068 7.777387142 43.069713583 5.537812738
25.041179657 8.594034195 50.967877001 5.930611381
25.122863770 10.089291573 59.645753348 5.911788050
25.201196671 13.024753571 68.981711774 5.296200915
25.284170151 16.792423248 79.189956930 4.715814731
25.378995895 22.848058701 90.028235202 3.940301291
25.457328796 30.375017166 101.696590862 3.348034021
25.535148621 39.903499603 114.066535816 2.858559699
25.612451553 50.699440002 126.980814898 2.504580226
25.689754486 61.534080505 140.660454662 2.285895125
25.767059326 75.060821533 155.147384863 2.066955593
25.844362259 88.643020630 168.645758571 1.902527208
25.921407700 102.617378235 180.401573128 1.758002165
25.991754532 118.028755188 190.724893942 1.615918880
26.061843872 135.233398438 200.443678237 1.482205436
26.129354477 152.487915039 209.190029940 1.371846614
26.205112457 170.286605835 217.789957384 1.278961174
26.274684906 188.864822388 225.770943354 1.195410244
26.334466934 208.349472046 233.892406157 1.122596587
26.410739899 228.780410767 242.407819767 1.059565454
26.467685699 250.008453369 251.310138937 1.005206566
26.540094376 272.076690674 259.976222108 0.955525523
26.593433380 294.465270996 269.005290378 0.913538257
26.667387009 317.253173828 278.069199428 0.876489890
26.720468521 340.587677002 285.963695998 0.839618446
26.795967102 368.078796387 290.612574485 0.789539026
26.796741486 367.787170410 290.955166648 0.791096564
26.722272873 341.037689209 286.842550424 0.841087538
26.669963837 317.678466797 279.212796099 0.878916342
26.595752716 294.119384766 270.250203072 0.918845262
26.541124344 271.321075439 261.242877469 0.962855086
26.470777512 249.261611938 252.536583989 1.013138694
26.412027359 228.282119751 243.591985051 1.067065547
26.335754395 207.944137573 234.900847051 1.129634381
26.277519226 188.359756470 226.553285494 1.202769051
26.206399918 169.414505005 218.374641976 1.288996134
26.132446289 151.685241699 209.517472217 1.381264715
26.063646317 133.904510498 200.673795289 1.498633575
25.996650696 117.392433167 190.898386846 1.626155807
25.922695160 101.761634827 180.495645658 1.773710161
25.845651627 87.265846252 168.783294883 1.934127750
25.768604279 73.785385132 155.163884876 2.102908111
25.691043854 60.557453156 140.640467964 2.322430364
25.613998413 50.026016235 126.865305198 2.535986567
25.536693573 39.586334229 113.812155303 2.875036487
25.459133148 29.866359711 101.420186035 3.395800058
25.380540848 22.048566818 89.777812186 4.071820764
25.288291931 16.387489319 78.912358900 4.815402614
25.202228546 12.328190804 68.711280625 5.573508856
25.124408722 10.139559746 59.356415130 5.853944019
25.042209625 8.457992554 50.687308750 5.992829673
24.944292068 7.851990223 42.811652280 5.452331328
24.866731644 7.480568886 35.636727704 4.763906094
24.769327164 7.298250198 29.222854896 4.004090584
24.686355591 7.749460220 23.537122289 3.037259579
24.595394135 7.529640198 18.531696600 2.461166286
24.505981445 7.432694912 14.238661445 1.915679523
24.413990021 7.541209221 10.591501859 1.404483227
24.324575424 7.619003773 7.612458494 0.999140927
24.237737656 7.572725773 5.142173648 0.679038671
24.145231247 7.656505108 3.265339721 0.426479141
24.052209854 7.514081001 1.921395180 0.255705945
23.964857101 7.671665192 1.045463143 0.136275908
23.862815857 7.458228111 0.497214017 0.066666507
23.783966064 7.626983166 0.211386471 0.027715607
23.681409836 7.388811111 0.040703335 0.005508780
23.597150803 7.479372025 -0.023062870 -0.003083530
23.501035690 7.457828999 -0.032668668 -0.004380453
23.408271790 7.520064831 -0.021186825 -0.002817373
23.320661545 7.578311920 0.000637896 0.000084174
23.218105316 7.632170200 0.014650881 0.001919622
23.131525040 7.420726776 0.021274902 0.002866957
23.037214279 7.481766224 0.034889661 0.004663292
22.943420410 7.609827995 0.019578184 0.002572750
22.834421158 7.834435940 0.012904795 0.001647189
22.753768921 7.550384998 0.010393634 0.001376570
22.656623840 7.750657082 0.004099586 0.000528934
22.572620392 7.557167053 -0.013040665 -0.001725602
22.470579147 7.689218998 -0.022415773 -0.002915221
22.369054794 7.444664001 -0.020379745 -0.002737497
22.282217026 7.677250862 -0.023145178 -0.003014774
22.186876297 7.661293030 -0.020783429 -0.002712783
22.084835052 7.430700779 -0.021509096 -0.002894625
22.001089096 7.467004776 -0.020350709 -0.002725418
21.903430939 7.497324944 -0.030597545 -0.004081128
21.800874710 7.158617973 -0.021113134 -0.002949331
21.706047058 7.459824085 -0.011207069 -0.001502323
21.619468689 7.448653221 -0.010189204 -0.001367926
21.517169952 7.779382229 -0.006516899 -0.000837714
21.419252396 7.582301140 -0.001538599 -0.000202920
21.311285019 7.564348221 -0.013694595 -0.001810413
21.232950211 7.535224915 -0.002111048 -0.000280157
21.130395889 7.844809055 -0.024910829 -0.003175454
21.027839661 7.582301140 -0.013596805 -0.001793229
20.933271408 7.623393059 -0.025819156 -0.003386833
20.841279984 7.531634808 -0.029243583 -0.003882767
20.743877411 7.695601940 -0.032302688 -0.004197552
20.641578674 7.669271946 -0.041593839 -0.005423440
20.542116165 7.674857140 -0.048102785 -0.006267580
20.457082748 7.803717136 -0.033542343 -0.004298252
20.357360840 7.450249195 -0.024436613 -0.003279973
20.254547119 7.379236221 0.006177146 0.000837098
20.152505875 7.723528862 0.013215621 0.001711086
20.062061310 7.637754917 0.016055804 0.002102163
19.970327377 7.491740227 0.007737305 0.001032778
19.868028641 7.521262169 0.034279793 0.004557718
19.764957428 7.421924114 0.014135536 0.001904565
19.678377151 7.748661995 0.013193549 0.001702687
19.580717087 7.408758163 -0.016884874 -0.002279042
19.481254578 7.634562969 -0.022715055 -0.002975292
19.378183365 7.749460220 -0.020503711 -0.002645824
19.276142120 7.518867970 -0.018436986 -0.002452096
19.176935196 7.624589920 -0.023877864 -0.003131692
19.088552475 7.822069168 -0.020953908 -0.002678819
18.991149902 7.471792221 -0.021985373 -0.002942450
18.888851166 7.527645111 -0.027212571 -0.003615018
18.787584305 7.542805195 -0.023785693 -0.003153428
18.691984177 7.626584053 -0.013206266 -0.001731610
18.601282120 7.718740940 -0.001524248 -0.000197474
18.501560211 7.563150883 -0.015910804 -0.002103727
18.399005890 7.198912144 0.008311748 0.001154584
18.296707153 7.939360142 0.023056358 0.002904057
18.193378448 7.688819885 0.032760079 0.004260742
18.110147476 7.840819836 0.029344580 0.003742540
18.011972427 7.728714943 0.053811287 0.006962514
17.909416199 7.565145969 0.047410771 0.006267000
17.806859970 7.660893917 0.040606136 0.005300444
17.705076218 7.616611004 0.052017408 0.006829469
17.605871201 7.505303860 0.052924976 0.007051677
17.512075424 7.551980972 0.034838009 0.004613095
17.419311523 7.472589970 0.038671968 0.005175176
17.316755295 7.687623024 0.037359320 0.004859671
17.214199066 7.662489891 0.035214488 0.004595698
17.112159729 7.299846172 0.041112375 0.005631951
17.009088516 7.782573223 0.039408623 0.005063701
16.912715912 7.322586060 0.035657829 0.004869568
16.822786331 7.431897163 0.053350492 0.007178583
16.724353790 7.612620831 0.010521795 0.001382151
16.620252609 7.492138863 -0.008740512 -0.001166624
16.518468857 7.384024143 -0.036577883 -0.004953652
16.419519424 7.642940998 -0.039609341 -0.005182474
16.324951172 7.528442860 -0.031578855 -0.004194606
16.231414795 7.461420059 -0.034968317 -0.004686550
16.128343582 7.516475201 -0.038980930 -0.005186065
16.027591705 7.609429836 -0.014105145 -0.001853640
15.925551414 7.610626221 -0.014243475 -0.001871525
15.822221756 7.643340111 0.000813347 0.000106413
15.721212387 7.648127079 -0.006703150 -0.000876443
15.622262955 7.435886860 -0.023274019 -0.003129959
15.523315430 7.449450970 -0.008631713 -0.001158705
15.425655365 7.630574226 -0.022871893 -0.002997401
15.331344604 7.671665192 -0.015295686 -0.001993790
15.228789330 7.907044888 -0.008101214 -0.001024556
15.126748085 7.785765171 -0.008283418 -0.001063918
15.024191856 7.769806862 -0.016921024 -0.002177792
14.941735268 7.476181030 -0.017785235 -0.002378920
14.842785835 7.453042030 -0.015931837 -0.002137629
14.739457130 7.532033920 -0.019488968 -0.002587477
14.637159348 7.581502914 -0.005947414 -0.000784464
14.534345627 7.224443913 0.001603403 0.000221941
14.431531906 7.565545082 0.000009915 0.000001310
14.328975677 7.402773857 0.016416319 0.002217590
14.227707863 7.538018227 0.028710260 0.003808728
14.133655548 7.703580856 0.482099730 0.062581251
14.041406631 7.579906940 0.510770459 0.067384793
13.939366341 7.560359001 0.522460943 0.069105309
13.835780144 7.675255775 0.528776507 0.068893666
13.735027313 7.589481831 0.533138437 0.070247014
13.632213593 7.528442860 0.535595890 0.071142984
13.530173302 7.789354801 0.538012814 0.069070267
13.427874565 7.796136856 0.540120291 0.069280504
13.336656570 7.504506111 0.543236703 0.072388069
13.242089272 7.706374168 0.546309703 0.070890628
13.141078949 7.508097172 0.548938902 0.073112919
13.039553642 7.551183224 0.551260247 0.073003161
