0.000000000 0.000000000 -0.639323031 -inf
0.000000000 0.000000000 -0.639323031 -inf
0.000000000 0.000000000 -0.639323031 -inf
0.000000000 0.000000000 -0.639323031 -inf
0.000000000 0.000000000 -0.639323031 -inf
0.000000000 0.000000000 -0.639323031 -inf
0.000000000 0.000000000 -0.639323031 -inf
0.000000000 0.000000000 -0.639323031 -inf
0.000000000 0.000000000 -0.639323031 -inf
0.000000000 0.000000000 -0.639323031 -inf
0.000000000 0.000000000 -0.639323031 -inf
0.000000000 0.000000000 -0.639323031 -inf
12.583721161 -6.383894920 -0.639323031 0.100146233
12.690399170 -6.659638882 -0.639323031 0.095999654
12.801200867 -10.795795441 -0.639323031 0.059219632
12.890357971 -8.038357735 -0.639323031 0.079534036
13.004252434 -17.965131760 -0.633952443 0.035287937
13.101911545 -11.623025894 -0.632090261 0.054382591
13.201633453 -11.623025894 -0.619423654 0.053292805
13.301355362 -8.865589142 -0.607968137 0.068576169
13.408549309 -9.692819595 -0.608685806 0.062797600
13.514197350 -10.795795441 -0.600398939 0.055614146
13.632213593 -5.005177021 -0.588317160 0.117541729
13.720082283 -7.486869812 -0.580934117 0.077593725
13.816453934 -6.935382843 -0.556645790 0.080261725
13.937047005 -9.692819595 -0.523959650 0.054056474
14.026461601 -11.347282410 -0.420938907 0.037096010
14.125410080 -3.902201891 0.854413120 -0.218956667
14.231830597 -6.108151913 0.864244558 -0.141490351
14.341343880 -7.486869812 0.936034625 -0.125023494
14.439778328 -6.659638882 0.743065297 -0.111577416
14.541045189 -8.314101219 0.654972539 -0.078778514
14.639736176 -9.141331673 0.151841662 -0.016610453
14.747187614 -6.659638882 -0.142795412 0.021441915
14.848197937 -6.935382843 -0.249406381 0.035961444
14.949208260 -9.968564034 -0.446025873 0.044743242
15.059235573 -8.038357735 -0.638182868 0.079392195
15.163596153 -7.486869812 -0.930033427 0.124221931
15.268985748 -9.141331673 -0.780497041 0.085381110
15.367935181 -6.659638882 -0.963420082 0.144665514
15.463790894 -7.762613773 -0.995810534 0.128282891
15.586188316 -5.556663990 -0.974036431 0.175291584
15.674571991 -9.417076111 -1.064735262 0.113064315
15.775839806 -10.520051003 -0.675954885 0.064253955
15.885868073 -9.417076111 -0.592084212 0.062873466
15.989970207 -9.692819595 -0.596085324 0.061497619
16.089691162 -10.795795441 -0.361837759 0.033516545
16.193536758 -7.486869812 -0.551788141 0.073700780
16.301761627 -9.968564034 -0.600268811 0.060216177
16.404058456 -6.659638882 -0.509137302 0.076451188
16.503007889 -10.795795441 -0.326833378 0.030274136
16.607368469 -9.968564034 -0.586635503 0.058848546
16.718168259 -10.520051003 -0.523654972 0.049776847
16.816860199 -9.141331673 -0.776564328 0.084950897
16.924053192 -12.450257301 -0.667341742 0.053600639
17.023260117 -10.795795441 -0.408819701 0.037868419
17.119373322 -7.211126804 -0.102205125 0.014173253
17.236618042 -7.211126804 0.028371547 -0.003934412
17.337886810 -6.659638882 0.150038003 -0.022529450
17.440183640 -9.692819595 0.065959733 -0.006805010
17.545059204 -9.968564034 -0.048859738 0.004901382
17.648902893 -6.935382843 -0.060711503 0.008753879
17.751716614 -12.450257301 -0.078167464 0.006278381
17.853757858 -9.417076111 0.118161424 -0.012547570
17.956056595 -9.692819595 0.177416297 -0.018303889
18.058870316 -8.038357735 0.499662616 -0.062159788
18.158075333 -12.450257301 0.466257965 -0.037449665
18.259859085 -9.141331673 0.410674902 -0.044925063
18.373495102 -15.207694054 0.253260309 -0.016653433
18.468835831 -7.762613773 0.182109453 -0.023459811
18.574483871 -7.762613773 -0.139245980 0.017938028
18.673948288 -5.832407951 -0.394151380 0.067579529
18.766712189 -11.071537971 -0.209089878 0.018885351
18.886016846 -7.486869812 -0.117377893 0.015677833
18.985481262 -9.692819595 -0.061548569 0.006349914
19.085460663 -11.347282410 -0.063746255 0.005617755
19.193943024 -9.417076111 -0.165196262 0.017542203
19.297786713 -8.314101219 -0.025037035 0.003011394
19.398281097 -8.038357735 -0.282829396 0.035184973
19.502641678 -7.762613773 -0.226898840 0.029229696
19.604423523 -6.659638882 -0.190112353 0.028546946
19.708784103 -8.314101219 0.043899281 -0.005280099
19.805412292 -9.417076111 -0.244593140 0.025973363
19.913122177 -10.520051003 -0.216785844 0.020606920
20.017482758 -10.520051003 -0.421010200 0.040019787
20.119781494 -11.347282410 -0.467422452 0.041192458
20.223110199 -11.898770332 -0.304659372 0.025604274
20.326181412 -8.314101219 -0.276910175 0.033306087
20.415079117 -9.968564034 -0.504355405 0.050594590
20.535158157 -11.347282410 -0.389004098 0.034281697
20.630498886 -9.417076111 -0.368964589 0.039180377
20.735116959 -10.795795441 -0.601240248 0.055692075
20.839218140 -9.968564034 -0.855578686 0.085827676
20.945640564 -11.071537971 -0.988732450 0.089303984
21.041238785 -8.865589142 -0.838754199 0.094607835
21.149206161 -8.865589142 -0.536442501 0.060508387
21.249958038 -7.211126804 -0.343713661 0.047664348
21.353286743 -11.347282410 -0.272276024 0.023994822
21.449916840 -9.417076111 -0.096801331 0.010279340
21.555049896 -6.935382843 0.004665611 -0.000672726
21.660697937 -11.623025894 -0.080909792 0.006961164
21.759902954 -8.314101219 0.044591232 -0.005363326
21.861686707 -12.726000786 0.199410586 -0.015669541
21.965530396 -11.898770332 0.473800857 -0.039819313
22.059068680 -9.968564034 0.378963462 -0.038015853
22.184041977 -9.417076111 0.299856994 -0.031841836
22.273197174 -11.898770332 0.368429134 -0.030963631
22.376012802 -14.380462646 0.511719914 -0.035584385
22.480371475 -13.828975677 0.510697833 -0.036929549
22.588081360 -9.692819595 0.454224144 -0.046861921
22.681360245 -7.486869812 0.480478363 -0.064176134
22.785463333 -10.520051003 0.706061121 -0.067115751
22.885957718 -11.071537971 0.733943358 -0.066291003
22.991090775 -8.314101219 0.860910385 -0.103548220
23.089265823 -8.314101219 0.566585347 -0.068147516
23.194141388 -11.347282410 0.758862577 -0.066876151
23.296438217 -6.935382843 0.779415794 -0.112382519
23.398994446 -5.556663990 1.122503459 -0.202010318
23.504127502 -6.935382843 0.768873519 -0.110862448
23.605653763 -11.347282410 0.595032569 -0.052438333
23.705116272 -9.692819595 0.698697787 -0.072084060
23.812311172 -9.141331673 0.711565638 -0.077840479
23.911775589 -6.383894920 0.583194994 -0.091354103
24.013816833 -9.417076111 0.255066800 -0.027085562
24.117145538 -9.141331673 0.071326609 -0.007802650
24.220474243 -9.968564034 0.203261131 -0.020390212
24.323028564 -6.659638882 0.329531326 -0.049481861
24.425584793 -11.623025894 0.542150907 -0.046644558
24.528913498 -5.832407951 0.887141645 -0.152105554
24.632242203 -14.656207085 2.144017318 -0.146287324
24.732738495 -9.417076111 3.932160836 -0.417556446
24.837354660 -7.486869812 6.001976492 -0.801667004
24.940683365 -5.280920982 8.708717978 -1.649090757
25.040405273 -12.174512863 12.178511677 -1.000328458
25.145795822 -9.968564034 16.139457057 -1.619035300
25.248094559 -7.211126804 20.537320974 -2.848004415
25.335704803 -9.141331673 25.837296734 -2.826425915
25.455526352 -8.865589142 31.275496830 -3.527740382
25.540302277 -9.417076111 37.876988173 -4.022160140
25.644145966 -7.211126804 45.043239073 -6.246352379
25.747991562 -5.832407951 53.045429021 -9.094944912
25.849000931 -8.038357735 61.400941501 -7.638493275
25.947433472 -3.350714922 71.069061539 -21.210118794
26.049732208 -0.041790001 80.890019924 -1935.630959686
26.150484085 13.193907738 91.820046459 6.959276075
26.242218018 23.672168732 102.908279092 4.347226494
26.333692551 33.874687195 115.171748384 3.399935407
26.434961319 42.698486328 128.066907698 2.999331328
26.525920868 57.312900543 141.787999529 2.473928176
26.617139816 71.100090027 155.690860144 2.189742096
26.718921661 87.920455933 170.259682405 1.936519557
26.801895142 107.498252869 185.660091876 1.727098692
26.895431519 116.322052002 201.703219955 1.734006721
26.999019623 140.036010742 217.632194854 1.554115928
27.080961227 161.544021606 234.629471679 1.452418167
27.160583496 185.257980347 251.926648621 1.359869346
27.260305405 203.181320190 269.167241594 1.324763720
27.339670181 233.513137817 286.640353490 1.227512748
27.425476074 255.021133423 304.002581016 1.192068190
27.517982483 282.044036865 321.335667320 1.139310268
27.596059799 310.721374512 339.429590980 1.092392152
27.678258896 341.880401611 357.941388624 1.046978379
27.764066696 370.006256104 377.156422602 1.019324448
27.851934433 402.544036865 396.799092088 0.985728407
27.931041718 435.633270264 416.794816635 0.956756164
28.008602142 469.825500488 437.468296575 0.931129315
28.087194443 507.326629639 458.246981485 0.903258285
28.167848587 544.827758789 480.201647968 0.881382492
28.242059708 579.847229004 501.567424015 0.864999260
28.335081100 628.102355957 523.376742683 0.833266645
28.403366089 667.257995605 546.146980869 0.818494472
28.478349686 705.862121582 570.271884508 0.807908325
28.554880142 755.495971680 593.502596720 0.785580094
28.632442474 795.203063965 618.667365778 0.777999223
28.704591751 841.528015137 644.242140471 0.765562321
28.781894684 892.264831543 670.123066117 0.751036063
28.858167648 939.692749023 696.947140849 0.741675555
28.932378769 993.462768555 724.524997000 0.729292551
28.991388321 1049.162963867 753.159663678 0.717867185
29.065341949 1099.348388672 781.893211737 0.711233327
29.142644882 1159.184814453 811.116159911 0.699729801
29.210929871 1215.160766602 841.554791098 0.692546052
29.273544312 1272.239624023 873.424560478 0.686525199
29.348529816 1331.800292969 906.245872592 0.680466792
29.401868820 1391.912475586 940.089251758 0.675393941
29.477626801 1458.918212891 973.862484686 0.667523701
29.534830093 1521.511962891 1009.131310714 0.663242443
29.606466293 1586.311767578 1044.872024073 0.658680119
29.664701462 1656.074951172 1082.308584944 0.653538407
29.734016418 1729.422729492 1120.426859104 0.647861763
29.788644791 1798.358642578 1159.781993617 0.644911402
29.857187271 1871.706542969 1199.617154004 0.640921601
29.914648056 1940.642456055 1239.296412868 0.638601103
29.968503952 2021.711059570 1279.643944765 0.632950954
30.027511597 2095.886230469 1323.581114504 0.631513818
30.093219757 2173.921630859 1367.279551856 0.628946109
30.147590637 2254.163085938 1412.286899497 0.626523834
30.199125290 2335.507324219 1457.788479068 0.624184931
30.253753662 2419.333496094 1504.794176145 0.621987080
30.306835175 2501.780761719 1551.853202044 0.620299439
30.357856750 2583.401123047 1602.925563768 0.620471033
30.420986176 2676.051025391 1652.328099714 0.617450147
30.462215424 2752.431884766 1705.973636722 0.619805942
30.514009476 2843.978759766 1757.824285002 0.618086292
30.566316605 2942.970703125 1812.133585431 0.615749788
30.615533829 3034.793457031 1866.254577170 0.614952748
30.665266037 3126.616210938 1923.625931278 0.615242102
30.715513229 3220.644775391 1979.288076373 0.614562677
30.766017914 3319.085205078 2036.946756341 0.613707281
30.814977646 3421.110351562 2097.071879116 0.612979899
30.857494354 3513.208740234 2158.412569590 0.614370716
30.897949219 3619.921630859 2218.857425821 0.612957310
30.946651459 3722.222656250 2281.186895600 0.612856109
30.995094299 3826.729492188 2347.308491879 0.613398072
31.037611008 3937.854003906 2414.412869711 0.613129097
31.076520920 4041.258056641 2483.298266215 0.614486437
31.119552612 4140.525878906 2555.465194240 0.617183727
31.161554337 4263.507324219 2624.607528808 0.615598222
31.202268600 4365.808593750 2696.958132727 0.617745390
31.238084793 4468.109375000 2771.089433251 0.620192838
31.280858994 4585.300292969 2847.997793196 0.621114782
31.321056366 4703.594238281 2928.400792619 0.622587886
31.359193802 4812.513183594 3010.549064016 0.625566923
31.395269394 4933.289062500 3091.396299108 0.626640008
31.433919907 5042.207519531 3170.593207651 0.628810535
31.465614319 5154.986816406 3250.898052385 0.630631691
31.501432419 5281.001953125 3333.692090599 0.631261287
31.539052963 5405.362304688 3421.172751193 0.632922006
31.569717407 5525.862304688 3506.879352928 0.634630246
31.606306076 5646.913574219 3591.719549345 0.636050030
31.640577316 5772.101074219 3679.361657403 0.637438882
31.668664932 5894.807128906 3770.611993912 0.639649765
31.699071884 6011.722656250 3861.218887046 0.642281607
31.739526749 6147.112792969 3953.072149729 0.643077862
31.768644333 6270.094238281 4047.243105809 0.645483617
31.796989441 6397.212402344 4143.633018130 0.647724783
31.824817657 6530.672363281 4238.709985523 0.649046492
31.854450226 6664.959472656 4337.485933220 0.650789544
31.884599686 6787.665527344 4438.660015246 0.653930279
31.916809082 6918.643554688 4542.132971159 0.656506284
31.943866730 7051.827636719 4642.538120864 0.658345377
31.971694946 7186.666503906 4746.100167714 0.660403563
32.001068115 7316.266113281 4852.810550687 0.663290601
32.027355194 7445.589843750 4955.324143836 0.665538157
32.052604675 7583.737304688 5072.574380088 0.668875276
32.078887939 7719.403320312 5183.985763996 0.671552651
32.105171204 7856.172363281 5293.862471616 0.673847546
32.128879547 7991.562500000 5413.063359174 0.677347310
32.154388428 8117.577148438 5534.871572499 0.681837877
32.181446075 8279.990234375 5649.751877587 0.682337988
32.205150604 8410.692382812 5765.656486671 0.685515083
32.228599548 8548.013671875 5891.406024179 0.689213454
32.248184204 8690.572265625 6024.417528825 0.693212984
32.268798828 8836.992187500 6158.373077170 0.696885654
32.291732788 8971.831054688 6288.021322981 0.700862654
32.313377380 9111.082031250 6422.073817273 0.704864010
32.337081909 9250.056640625 6553.281109080 0.708458484
32.359760284 9398.958007812 6686.797262507 0.711440274
32.382434845 9534.072265625 6819.215235983 0.715246858
32.395576477 9682.698242188 6946.588068631 0.717422757
32.418251038 9820.294921875 7080.539783136 0.721010911
32.441184998 9968.644531250 7219.947078549 0.724265677
32.460510254 10114.513671875 7342.321222519 0.725919353
32.479320526 10253.488281250 7485.559170209 0.730050005
32.494007111 10391.911132812 7611.550454069 0.732449533
32.518230438 10554.600585938 7751.635822678 0.734431944
32.531631470 10693.575195312 7882.959314358 0.737167801
32.549152374 10832.549804688 8012.814980446 0.739697959
32.570537567 10983.657226562 8157.971306967 0.742737245
32.590637207 11133.937500000 8299.983849674 0.745467078
32.600170135 11276.497070312 8455.469959008 0.749831256
32.621559143 11419.883789062 8601.121305031 0.753170651
32.638050079 11565.751953125 8754.277099205 0.756913786
32.651966095 11711.344726562 8893.987230280 0.759433476
32.671806335 11860.522460938 9033.677222056 0.761659299
32.686237335 12004.184570312 9195.774306467 0.766047394
32.699893951 12156.395507812 9359.605526718 0.769932627
32.722568512 12296.473632812 9495.776134539 0.772235717
32.730815887 12453.647460938 9644.902469191 0.774464068
32.750656128 12595.655273438 9794.694132157 0.777624817
32.757873535 12735.732421875 9954.406990206 0.781612448
32.776939392 12894.561523438 10098.378425467 0.783150199
32.789825439 13031.054687500 10264.590134808 0.787702176
32.802707672 13178.577148438 10450.113970531 0.792962234
32.822292328 13324.721679688 10592.201350589 0.794928525
32.830535889 13479.414062500 10732.870109684 0.796241592
32.847801208 13620.042968750 10925.648472812 0.802174303
32.855533600 13768.944335938 11082.207047029 0.804869769
32.872539520 13915.088867188 11246.916460857 0.808253297
32.881557465 14061.508789062 11400.831857524 0.810782970
32.897277832 14201.862304688 11565.045112903 0.814332998
32.905780792 14349.384765625 11728.340860874 0.817341026
32.923042297 14492.220703125 11895.229939220 0.820801048
32.931545258 14637.261718750 12033.002376229 0.822080155
32.943401337 14785.887695312 12220.434447824 0.826493120
32.957057953 14926.241210938 12351.340450592 0.827491682
32.966331482 15057.770507812 12547.637902731 0.833299850
32.981021881 15231.764648438 12687.997550261 0.832995903
32.986946106 15369.361328125 12812.189366272 0.833618853
33.003955841 15504.200195312 12951.621568959 0.835362122
33.011684418 15645.380859375 13015.697703570 0.831919518
33.021217346 15797.590820312 13127.163495465 0.830959837
33.033329010 15933.256835938 13188.613454287 0.827741220
33.041576385 16070.301757812 13285.820979500 0.826731270
33.057037354 16206.794921875 13351.578401219 0.823825961
33.060642242 16350.733398438 13458.902162059 0.823137521
33.070949554 16476.472656250 13506.626091483 0.819752284
33.084091187 16623.167968750 13633.124545805 0.820127943
33.087699890 16753.318359375 13676.049125729 0.816318823
33.097492218 16887.330078125 13791.958830304 0.816704521
33.109603882 17023.271484375 13891.879267615 0.816052266
33.116043091 17152.871093750 13990.008476566 0.815607393
33.130218506 17295.431640625 14022.585118772 0.810768150
33.131504059 17296.533203125 14049.999628012 0.812301486
33.117076874 17149.011718750 14118.654575302 0.823292608
33.109859467 17022.720703125 14032.595299724 0.824345035
33.099037170 16888.708984375 14025.548782497 0.830468972
33.088989258 16753.593750000 13898.550844566 0.829586240
33.083835602 16620.685546875 13886.852148368 0.835516207
33.069404602 16488.328125000 13758.309635667 0.834427210
33.061416626 16353.765625000 13724.572861674 0.839230131
33.058067322 16213.688476562 13625.791443577 0.840388136
33.043380737 16074.162109375 13536.705165995 0.842140640
33.034103394 15943.183593750 13429.180347111 0.842314853
33.025600433 15804.484375000 13345.995765921 0.844443605
33.010654449 15657.789062500 13212.953018300 0.843858157
33.005500793 15509.163085938 13140.918056227 0.847300269
32.989780426 15372.945312500 12985.029481921 0.844667643
32.983081818 15240.037109375 12877.254383142 0.844962141
32.969425201 15061.080078125 12733.286840464 0.845443140
32.958087921 14928.170898438 12562.204018555 0.841509928
32.949840546 14782.302734375 12388.983978828 0.838095674
32.932575226 14637.537109375 12256.718149773 0.837348391
32.927680969 14493.047851562 12089.561494034 0.834162808
32.909130096 14348.833984375 11917.208516512 0.830534978
32.902172089 14201.035156250 11723.233677463 0.825519657
32.886711121 14061.233398438 11530.972789279 0.820054149
32.874084473 13907.918945312 11364.386629189 0.817116254
32.859138489 13768.117187500 11204.610992365 0.813808514
32.850376129 13616.458007812 11011.269920975 0.808673586
32.833370209 13476.380859375 10844.229609476 0.804684115
32.825897217 13323.618164062 10676.440398830 0.801316900
32.806316376 13178.301757812 10507.684803131 0.797347412
32.797294617 13028.572265625 10335.645904217 0.793306104
32.780548096 12892.630859375 10171.471366239 0.788936834
32.765602112 12735.181640625 10005.235234459 0.785637419
32.750915527 12600.342773438 9824.737895940 0.779719891
32.742927551 12448.408203125 9689.132565841 0.778343095
32.724372864 12301.161132812 9528.141930331 0.774572565
32.705562592 12153.362304688 9375.329718221 0.771418599
32.690616608 12004.460937500 9197.874787761 0.766204733
32.674125671 11859.695312500 9065.869386971 0.764426838
32.656860352 11713.275390625 8921.319114478 0.761641711
32.645267487 11568.785156250 8772.989407619 0.758332814
32.623363495 11423.468750000 8609.426036121 0.753661276
32.609191895 11274.842773438 8454.071422069 0.749817234
32.595020294 11130.353515625 8301.063601697 0.745804128
32.572860718 10983.381835938 8173.622458847 0.744180853
32.557914734 10832.549804688 8037.705991778 0.741995757
32.539360046 10689.990234375 7910.726799122 0.740012537
32.520034790 10550.463867188 7768.864464436 0.736352881
32.497875214 10394.393554688 7627.148355506 0.733775214
32.486278534 10257.900390625 7484.614436885 0.729643899
32.465663910 10113.410156250 7354.219353177 0.727175032
32.442729950 9969.471679688 7218.453005764 0.724055721
32.421600342 9828.015625000 7079.601617682 0.720349040
32.406654358 9673.047851562 6942.429471969 0.717708584
32.386299133 9534.072265625 6808.757722620 0.714150001
32.364139557 9395.097656250 6675.999481800 0.710583298
32.340175629 9248.677734375 6552.021854400 0.708427955
32.316982269 9110.254882812 6424.175817413 0.705158736
32.298171997 8968.247070312 6304.429408536 0.702972315
32.278331757 8828.444335938 6192.653951916 0.701443393
32.257717133 8689.194335938 6070.009303561 0.698569864
32.233238220 8544.980468750 5948.147401019 0.696098420
32.208499908 8410.416992188 5822.322836609 0.692275168
32.184280396 8276.405273438 5696.159222588 0.688240732
32.157737732 8114.543945312 5577.146520475 0.687302522
32.133003235 7989.907714844 5463.189064721 0.683761222
32.107490540 7849.554199219 5352.910819392 0.681938195
32.081981659 7708.649414062 5233.770765990 0.678947827
32.055698395 7575.740722656 5120.336363091 0.675885904
32.030704498 7440.350585938 5019.299661747 0.674605263
32.004161835 7303.030273438 4907.966105143 0.672045154
31.977878571 7174.533691406 4801.793456164 0.669283003
31.951854706 7041.349609375 4700.131930705 0.667504412
31.925571442 6912.301269531 4589.561939676 0.663970183
31.898256302 6776.083984375 4490.361342874 0.662677935
31.867334366 6648.690429688 4387.277977533 0.659870996
31.834609985 6515.782226562 4291.785665625 0.658675431
31.802143097 6385.906738281 4189.847120834 0.656108411
31.772251129 6261.546386719 4094.198281102 0.653863763
31.745969772 6138.840332031 3989.397424668 0.649861734
31.710666656 5999.313964844 3898.597005445 0.649840470
31.682838440 5884.053222656 3801.389063713 0.646049402
31.646247864 5760.520019531 3707.535977441 0.643611335
31.617130280 5637.262695312 3616.640666232 0.641559718
31.586208344 5514.280761719 3523.712534827 0.639015800
31.543949127 5390.747558594 3432.792344342 0.636793377
31.512769699 5268.041992188 3350.353286549 0.635976951
31.482105255 5152.229492188 3265.058569067 0.633717612
31.439073563 5030.626464844 3180.228140152 0.632173381
31.409183502 4915.641113281 3096.730032210 0.629974801
31.365892410 4797.623046875 3019.484032983 0.629370837
31.333168030 4685.119628906 2943.223638886 0.628206721
31.288074493 4572.616210938 2868.247661804 0.627266215
31.255092621 4458.458007812 2792.417838873 0.626319197
31.206390381 4349.539550781 2717.895101123 0.624869614
31.177015305 4244.480957031 2644.437091561 0.623029557
31.128055573 4126.462890625 2573.149197640 0.623572601
31.088888168 4023.334716797 2504.632366314 0.622526472
31.048175812 3920.482177734 2435.873554587 0.621319890
31.000762939 3812.942138672 2370.067125260 0.621584865
30.956184387 3709.538330078 2304.055146709 0.621116414
30.919336319 3603.376953125 2235.884344875 0.620496932
30.869089127 3502.730468750 2171.498072149 0.619944381
30.820903778 3405.117187500 2110.190695481 0.619711622
30.771171570 3300.058837891 2049.645412984 0.621093597
30.729942322 3205.754638672 1989.013465868 0.620450936
30.685623169 3116.965087891 1930.881343490 0.619474806
30.637437820 3019.351806641 1874.604693628 0.620863289
30.586158752 2928.632080078 1816.103688834 0.620120124
30.533592224 2828.537109375 1763.060500720 0.623311780
30.482313156 2745.262695312 1706.389834875 0.621576157
30.431808472 2660.333496094 1655.141212622 0.622155536
30.378984451 2562.996093750 1603.491266376 0.625631569
30.327964783 2485.236328125 1552.795369094 0.624807931
30.275140762 2400.031494141 1502.952037468 0.626221798
30.215616226 2319.514404297 1454.909611084 0.627247500
30.155063629 2238.997070312 1408.235825205 0.628958315
30.098115921 2152.413574219 1362.576343417 0.633045786
30.046064377 2080.720214844 1318.143440758 0.633503453
29.988603592 2001.581787109 1275.114533603 0.637053425
29.920576096 1924.097778320 1233.014170029 0.640827189
29.865690231 1847.716796875 1191.701345814 0.644958875
29.806423187 1779.608154297 1150.766880071 0.646640597
29.738655090 1712.602416992 1111.707121688 0.649133220
29.683254242 1636.772827148 1074.375354953 0.656398577
29.608785629 1571.421630859 1037.826809443 0.660438159
29.556217194 1505.518920898 1001.892276617 0.665479698
29.486387253 1442.649291992 966.642156015 0.670046533
29.418102264 1377.022338867 933.297359653 0.677764865
29.351621628 1318.288940430 898.927993480 0.681889960
29.290552139 1262.037109375 867.444314335 0.687336615
29.221494675 1198.891845703 835.240296379 0.696676935
29.144706726 1141.537109375 803.678689227 0.704032031
29.076936722 1084.182495117 773.764427078 0.713684671
29.012002945 1032.342651367 744.517193928 0.721191935
28.938047409 980.502868652 715.988703084 0.730226016
28.861259460 929.214538574 687.964956984 0.740372571
28.785503387 880.407897949 661.295566596 0.751124073
28.713867188 831.876953125 635.626001897 0.764086563
28.649705887 788.309448242 610.033933319 0.773850846
28.569826126 744.741943359 585.559402214 0.786258123
28.490461349 694.556640625 561.551309692 0.808503262
28.414188385 653.195068359 537.808030734 0.823349803
28.344615936 620.105834961 515.144921486 0.830737098
28.249015808 576.262573242 493.532201477 0.856436327
28.184080124 534.901000977 471.797524445 0.882027746
28.096471786 501.536010742 450.206313934 0.897655012
28.012210846 462.104675293 430.013616411 0.930554568
27.933618546 428.739685059 409.734047999 0.955670917
27.855541229 398.407867432 390.051164262 0.979024754
27.771537781 369.179046631 371.237327614 1.005575292
27.684959412 337.468505859 352.214900254 1.043697098
27.598894119 306.033721924 333.752101288 1.090572958
27.520816803 277.907867432 315.703694590 1.136001285
27.429342270 248.127548218 298.288086878 1.202156266
27.341989517 226.619537354 281.003384369 1.239978634
27.262880325 204.284301758 263.585412725 1.290287166
27.163160324 182.776290894 247.169779099 1.352307665
27.083021164 158.510848999 230.813791340 1.456138761
27.000049591 137.830062866 214.332853425 1.555051554
26.894401550 115.494827271 198.553329035 1.719153435
26.802667618 101.431892395 182.948716855 1.803660688
26.720983505 83.784301758 167.974647281 2.004846299
26.619459152 69.445625305 153.635102543 2.212307858
26.527725220 57.864387512 139.690404444 2.414099768
26.438053131 41.871253967 126.385592420 3.018433423
26.336013794 34.426174164 113.791808109 3.305386406
26.244794846 24.223655701 101.748056605 4.200359263
26.152545929 15.951345444 90.373157077 5.665550746
26.052051544 4.645853043 79.953501745 17.209649339
25.949752808 -1.144765019 70.338751082 -61.443833354
25.850030899 -2.247740030 61.338409068 -27.288924983
25.748506546 -9.968564034 52.897114997 -5.306392658
25.644145966 -10.520051003 45.126640532 -4.289583817
25.544940948 -11.071537971 37.967974087 -3.429331515
25.457071304 -10.795795441 31.557803332 -2.923156844
25.337766647 -8.038357735 26.091767091 -3.245907678
25.249898911 -10.520051003 20.927113267 -1.989259678
25.149404526 -8.589844704 16.480642589 -1.918619388
25.041179657 -7.762613773 12.931297463 -1.665843212
24.943004608 -9.417076111 9.696213546 -1.029641625
24.840963364 -13.001744270 7.138380062 -0.549032492
24.737892151 -10.520051003 4.942492640 -0.469816414
24.635335922 -8.038357735 3.043793449 -0.378658620
24.530975342 -11.623025894 1.604161432 -0.138015818
24.428934097 -9.968564034 0.630068281 -0.063205521
24.326637268 -11.898770332 0.074742419 -0.006281525
24.223566055 -11.347282410 -0.309519219 0.027276947
24.120237350 -12.174512863 -0.453869215 0.037280277
24.017164230 -8.314101219 -0.258998623 0.031151728
23.914352417 -8.865589142 -0.101583531 0.011458182
23.815402985 -9.417076111 0.104213655 -0.011066456
23.708982468 -7.211126804 0.049273469 -0.006832978
23.610290527 -7.211126804 0.189068650 -0.026219016
23.512115479 -12.450257301 -0.026093359 0.002095809
23.403375626 -10.795795441 -0.159472575 0.014771730
23.302108765 -9.692819595 -0.328154575 0.033855430
23.200582504 -11.071537971 -0.345567255 0.031212218
23.094419479 -8.314101219 -0.330230414 0.039719316
22.999593735 -9.417076111 -0.220425133 0.023406961
22.894975662 -6.935382843 -0.183577336 0.026469676
22.796028137 -8.589844704 -0.320413900 0.037301478
22.688060760 -10.795795441 -0.162184231 0.015022907
22.590915680 -7.211126804 -0.030993030 0.004297945
22.486040115 -12.174512863 -0.037423507 0.003073922
22.382968903 -11.071537971 -0.330239941 0.029827829
22.279125214 -12.174512863 -0.365640031 0.030033237
22.187133789 -10.795795441 -0.221280136 0.020496881
22.062932968 -11.623025894 -0.386473871 0.033250711
21.973775864 -7.762613773 -0.672403675 0.086620782
21.867355347 -9.968564034 -0.433150040 0.043451598
21.762994766 -7.762613773 -0.402864214 0.051898011
21.662500381 -6.383894920 -0.383188492 0.060024248
21.554275513 -9.141331673 -0.210116170 0.022985291
21.450431824 -13.277487755 -0.320010189 0.024101712
21.356121063 -8.589844704 -0.231032741 0.026896032
21.250473022 -7.211126804 -0.334713619 0.046416271
21.152812958 -9.968564034 -0.655240703 0.065730701
21.047164917 -9.968564034 -0.610957535 0.061288420
20.948732376 -6.659638882 -0.879603191 0.132079713
20.841279984 -5.556663990 -0.720759557 0.129710841
20.736663818 -9.141331673 -0.681852573 0.074590070
20.635395050 -11.623025894 -0.738587028 0.063545159
20.537992477 -8.865589142 -0.607656087 0.068540971
20.420234680 -6.935382843 -0.336007261 0.048448264
20.329015732 -10.244306564 -0.478001721 0.046660232
20.225429535 -8.314101219 -0.283161148 0.034057939
20.120037079 -9.141331673 -0.276500567 0.030247296
20.018770218 -10.244306564 -0.573513268 0.055983610
19.913379669 -8.314101219 -0.565705729 0.068041718
19.808504105 -10.520051003 -0.117819307 0.011199500
19.710329056 -9.968564034 -0.034663993 0.003477331
19.604166031 -4.729433060 -0.252084694 0.053301250
19.505733490 -8.314101219 -0.147399611 0.017728869
19.399311066 -6.659638882 -0.183128950 0.027498330
19.300106049 -8.589844704 -0.378581328 0.044073128
19.196519852 -7.486869812 -0.111757195 0.014927092
19.086233139 -4.453689098 -0.046045477 0.010338727
18.989088058 -8.589844704 0.126550819 -0.014732609
18.890140533 -9.968564034 0.253168029 -0.025396640
18.766969681 -6.935382843 0.075867605 -0.010939209
18.675750732 -10.244306564 0.119505280 -0.011665531
18.576288223 -9.417076111 0.296848065 -0.031522318
18.468578339 -5.832407951 0.334365306 -0.057328861
18.370660782 -8.038357735 0.459092888 -0.057112771
18.263465881 -11.071537971 0.549411284 -0.049623755
18.160137177 -9.692819595 0.590996396 -0.060972598
18.060930252 -6.108151913 0.336312956 -0.055059691
17.954252243 -8.589844704 -0.068411862 0.007964272
17.850923538 -6.108151913 0.006907556 -0.001130875
17.751459122 -6.659638882 -0.073574513 0.011047823
17.656633377 -15.759181023 -0.089708379 0.005692452
17.548151016 -9.141331673 -0.042765725 0.004678282
17.437606812 -8.314101219 -0.338783513 0.040748062
17.334535599 -10.244306564 -0.178907375 0.017464079
17.240226746 -7.211126804 0.169220602 -0.023466596
17.117055893 -7.486869812 -0.068751318 0.009182919
17.020940781 -11.623025894 -0.165245761 0.014217103
16.920703888 -8.589844704 -0.244815712 0.028500598
16.813510895 -8.865589142 -0.695027142 0.078396047
16.716623306 -10.244306564 -0.676979501 0.066083487
16.605564117 -7.211126804 -0.441023608 0.061158765
16.501203537 -2.523483038 -0.235276622 0.093234874
16.406379700 -5.005177021 -0.514019692 0.102697605
16.299957275 -9.417076111 -0.363668720 0.038618008
16.195081711 -8.589844704 -0.406636101 0.047339168
16.093042374 -7.762613773 -0.559876155 0.072124696
15.994866371 -9.968564034 -0.000650925 0.000065298
15.887672424 -7.486869812 0.147967164 -0.019763555
15.777643204 -11.071537971 0.128623577 -0.011617499
15.683849335 -13.001744270 0.215184912 -0.016550465
15.589281082 -6.383894920 -0.040980741 0.006419395
15.468172073 -5.280920982 -0.189279302 0.035842101
15.369738579 -6.108151913 0.120122505 -0.019665933
15.272594452 -3.350714922 0.068415840 -0.020418281
15.164627075 -8.865589142 0.332506843 -0.037505330
15.065936089 -9.417076111 0.543928311 -0.057759787
14.954104424 -10.244306564 0.421625133 -0.041157020
14.853094101 -5.832407951 0.039948817 -0.006849455
14.760845184 -10.520051003 -0.255442842 0.024281521
14.648755074 -9.968564034 -0.393777353 0.039501913
14.546713829 -7.762613773 -0.240737344 0.031012408
14.448538780 -10.244306564 -0.422130382 0.041206340
14.351136208 -9.968564034 -0.424345469 0.042568365
14.240077019 -8.038357735 -0.307833153 0.038295528
14.133913040 -7.762613773 -0.141429868 0.018219362
14.033933640 -5.005177021 0.161260257 -0.032218692
13.940912247 -6.383894920 -0.490971701 0.076907861
13.820834160 -9.692819595 -0.544460896 0.056171570
13.725493431 -6.659638882 -0.566024053 0.084993205
13.626803398 -11.623025894 -0.594270697 0.051128742
13.518577576 -9.417076111 -0.594476620 0.063127516
13.415248871 -6.935382843 -0.592138231 0.085379314
13.309858322 -7.486869812 -0.586071911 0.078279965
13.206787109 -6.659638882 -0.598441891 0.089861012
13.105261803 -4.729433060 -0.590858368 0.124932177
12.996264458 -10.244306564 -0.585021194 0.057106959
12.895254135 -5.556663990 -0.588473294 0.105904063
12.790121078 -6.108151913 -0.580330730 0.095009217
