0.000000000 0.000000000 5.164302298 inf
0.000000000 0.000000000 5.164302298 inf
0.000000000 0.000000000 5.164302298 inf
0.000000000 0.000000000 5.164302298 inf
0.000000000 0.000000000 5.164302298 inf
0.000000000 0.000000000 5.164302298 inf
0.000000000 0.000000000 5.164302298 inf
0.000000000 0.000000000 5.164302298 inf
0.000000000 0.000000000 5.164302298 inf
0.000000000 0.000000000 5.164302298 inf
0.000000000 0.000000000 5.164302298 inf
0.000000000 0.000000000 5.164302298 inf
1.059316039 11.869798660 5.164302298 0.435079183
1.134557962 11.517128944 5.164302298 0.448401882
1.240206003 11.985493660 5.164302298 0.430879398
1.323693991 11.578966141 5.164302298 0.446007203
1.419549942 11.978313446 4.921151427 0.410838425
1.519528985 11.868203163 4.666241224 0.393171667
1.625434995 11.717800140 4.409307427 0.376291401
1.714591980 12.136296272 4.154751998 0.342341016
1.808644056 11.867404938 3.868630947 0.325987945
1.907593012 11.901715279 3.548124942 0.298118789
2.010149002 11.677106857 3.186282341 0.272865735
2.111416101 12.076054573 2.795451495 0.231487153
2.199800014 11.942406654 2.321715387 0.194409339
2.302356005 12.197733879 1.750157919 0.143482219
2.396924019 11.785222054 1.026322948 0.087085584
2.498449087 11.636413574 0.012396659 0.001065333
2.601005077 11.693862915 -0.006016314 -0.000514485
2.701498985 11.991477966 -0.019063317 -0.001589739
2.801220894 11.819930077 -0.001084872 -0.000091783
2.893985033 12.057305336 -0.000290409 -0.000024086
2.994995117 11.914081573 0.005241612 0.000439951
3.095232010 12.018607140 0.015748346 0.001310330
3.195210934 12.315822601 0.020513535 0.001665624
3.296736002 11.999855995 0.032302516 0.002691909
3.400064945 11.753306389 0.041648018 0.003543515
3.502105951 11.545454025 0.034987067 0.003030376
3.604146957 11.913682938 0.017917223 0.001503920
3.695879936 11.563805580 0.039633188 0.003427348
3.789674997 11.679899216 0.054006522 0.004623886
3.895581007 11.989084244 0.061188407 0.005103676
3.993756056 11.956371307 0.062421202 0.005220748
4.096055031 11.570588112 0.026714453 0.002308824
4.198610783 12.007037163 0.005986713 0.000498600
4.301939964 12.052118301 0.018397111 0.001526463
4.403979778 12.204517365 0.023227641 0.001903200
4.506021023 11.903310776 0.042732334 0.003589954
4.602135181 12.096402168 0.056517298 0.004672240
4.699794769 12.176191330 0.068542283 0.005629205
4.799259186 11.880969048 0.067477590 0.005679469
4.899753094 12.108369827 0.068441333 0.005652399
5.001535892 11.824318886 0.057262917 0.004842809
5.103319168 11.884959221 0.031715255 0.002668520
5.206905842 12.117147446 0.024630632 0.002032709
5.308946133 12.139488220 -0.009518819 -0.000784120
5.409183025 11.764476776 -0.015325636 -0.001302704
5.512255192 12.074060440 -0.014144962 -0.001171517
5.606307030 11.638808250 -0.022894406 -0.001967075
5.706543922 11.825515747 -0.037864794 -0.003201957
5.807038784 12.068076134 -0.049582825 -0.004108594
5.909595013 12.129513741 -0.056438594 -0.004652997
6.011119843 12.141083717 -0.035974706 -0.002963056
6.111098766 12.204517365 -0.041980594 -0.003439759
6.217004776 12.083635330 -0.034185066 -0.002829038
6.314664841 11.554230690 -0.017975294 -0.001555733
6.415932178 11.873787880 -0.023666002 -0.001993130
6.518487930 11.926051140 -0.011310333 -0.000948372
6.621560097 11.918471336 -0.019529880 -0.001638623
6.724630833 11.859825134 -0.009868305 -0.000832078
6.827445030 11.776844025 0.001645954 0.000139762
6.929742813 12.139488220 0.036160264 0.002978731
7.028175831 11.957168579 0.022406808 0.001873923
7.134854794 11.824718475 0.046991582 0.003974013
7.231741905 12.121933937 0.040087324 0.003307007
7.326310158 11.748120308 0.038311336 0.003261061
7.430411816 11.764078140 0.047230273 0.004014787
7.529617786 12.040149689 0.073167894 0.006076992
7.631401062 11.906103134 0.086379835 0.007255089
7.731637955 11.932434082 0.096895277 0.008120328
7.835482121 11.977115631 0.120784938 0.010084643
7.937522888 11.912087440 0.112965070 0.009483230
8.038789749 11.973525047 0.105504830 0.008811510
8.141604424 11.923257828 0.114025621 0.009563294
8.244674683 12.163824081 0.092529927 0.007606977
8.347746849 11.966743469 0.071356676 0.005962915
8.450818062 12.317817688 0.059407836 0.004822919
8.553115845 11.921262741 0.070096788 0.005879980
8.644077301 12.246006966 0.078424030 0.006404049
8.759259224 12.191350937 0.051038239 0.004186430
8.856660843 12.115550995 0.046921563 0.003872838
8.952001572 12.055310249 0.035806399 0.002970176
9.054816246 12.274730682 0.024805164 0.002020832
9.161495209 12.058899879 0.007311939 0.000606352
9.261732101 11.940013885 -0.006293196 -0.000527068
9.361710548 12.276725769 -0.007414640 -0.000603959
9.459113121 12.321408272 -0.015820522 -0.001283986
9.562957764 12.037357330 -0.014599203 -0.001212825
9.663968086 12.260767937 -0.026205399 -0.002137337
9.765234947 11.787615776 -0.031126418 -0.002640603
9.868307114 11.847457886 -0.022659623 -0.001912615
9.971635818 12.089618683 -0.038180727 -0.003158142
10.074192047 12.104779243 -0.039281074 -0.003245088
10.176748276 12.256380081 -0.031085559 -0.002536276
10.273892403 11.816739082 -0.008128257 -0.000687860
10.379282951 11.891740799 -0.009389218 -0.000789558
10.478231430 12.156642914 0.018127587 0.001491167
10.577953339 12.168610573 0.023307682 0.001915394
10.673809052 11.790408134 0.024058808 0.002040541
10.775076866 11.983898163 0.019669498 0.001641327
10.879693985 12.171403885 0.006909821 0.000567709
10.980704308 12.017010689 0.002106275 0.000175274
11.086609840 12.250395775 0.028636882 0.002337629
11.189422607 11.992674828 0.024365330 0.002031684
11.285795212 12.159833908 0.032399610 0.002664478
11.388351440 12.142680168 -0.018574637 -0.001529698
11.491165161 11.949588776 -0.029850952 -0.002498074
11.594493866 11.815940857 -0.046196978 -0.003909716
11.697565079 12.359309196 -0.025922174 -0.002097381
11.800378799 12.289891243 -0.013170699 -0.001071669
11.891596794 11.946396828 -0.020734009 -0.001735587
12.004460335 12.492157936 -0.039546812 -0.003165731
12.092585564 12.208505630 -0.002448678 -0.000200571
12.195141792 11.908896446 0.009581580 0.000804573
12.293575287 12.029377937 -0.019786200 -0.001644823
12.398708344 12.014218330 -0.052989683 -0.004410581
12.498686790 11.792801857 -0.032572443 -0.002762061
12.600727081 12.237628937 -0.015345500 -0.001253960
12.702509880 12.019803047 -0.013056601 -0.001086257
12.805323601 11.985893250 0.014429098 0.001203840
12.907879829 11.486807823 0.030935441 0.002693128
13.010177612 12.066081047 0.048408353 0.004011937
13.112733841 11.737747192 0.022067227 0.001880022
13.213229179 12.309839249 0.008036354 0.000652840
13.313466072 12.036957741 0.047961220 0.003984497
13.423236847 12.149861336 0.087591445 0.007209255
13.519607544 11.903709412 0.088208844 0.007410198
13.627833366 12.556788445 0.101567877 0.008088683
13.720082283 12.153849602 0.103897674 0.008548540
13.816968918 11.861820221 0.099804651 0.008413941
13.918494225 11.595721245 0.092656670 0.007990591
14.020277023 12.269544601 0.060452212 0.004927013
14.122318268 12.387234688 0.023516239 0.001898425
14.224101067 11.912087440 0.057505281 0.004827473
14.326398849 12.586310387 0.059159307 0.004700290
14.428955078 12.263561249 0.057611151 0.004697751
14.530996323 12.305051804 0.012097081 0.000983099
14.632263184 11.788413048 0.017071718 0.001448178
14.735591888 12.125525475 -0.009264658 -0.000764062
14.836087227 12.472610474 0.005438091 0.000436003
14.935808182 12.550804138 -0.016779028 -0.001336889
15.033725739 12.277523994 -0.008260994 -0.000672855
15.125717163 11.932035446 -0.032200651 -0.002698672
15.238579750 12.010627747 -0.008784611 -0.000731403
15.332633018 12.209303856 -0.018768236 -0.001537208
15.434158325 12.048527718 -0.030624779 -0.002541786
15.536972046 11.647186279 -0.077692585 -0.006670502
15.640559196 11.782428741 -0.060242636 -0.005112922
15.742856979 12.491759300 -0.054242117 -0.004342232
15.845928192 12.201325417 -0.054267700 -0.004447689
15.944360733 12.196139336 -0.013005413 -0.001066355
16.039186478 12.008632660 0.009766531 0.000813292
16.141742706 12.268747330 0.025690514 0.002093980
16.237342834 12.109966278 0.021056172 0.001738747
16.340154648 12.208905220 0.029892373 0.002448407
16.440650940 11.877379417 0.044751171 0.003767765
16.543462753 12.259172440 0.078529659 0.006405788
16.645246506 11.987888336 0.091007467 0.007591618
16.747545242 12.088024139 0.073115434 0.006048584
16.849327087 11.928045273 0.083170824 0.006972712
16.943380356 12.194942474 0.076587135 0.006280238
17.045162201 11.915279388 0.083146558 0.006978146
17.138442993 12.292683601 0.053373055 0.004341855
17.239709854 11.975120544 0.053273253 0.004448661
17.341234207 12.357314110 0.072419730 0.005860475
17.444049835 12.350132942 0.074421892 0.006025999
17.546863556 12.371676445 0.071900751 0.005811723
17.649675369 12.220872879 0.051426585 0.004208094
17.747852325 12.425534248 0.063714190 0.005127682
17.843708038 12.332180023 0.039367047 0.003192221
17.946264267 12.075655937 0.018616651 0.001541668
18.040317535 12.279519081 0.002474029 0.000201476
18.140296936 12.197733879 -0.006173100 -0.000506086
18.242851257 12.057703972 -0.030213554 -0.002505747
18.343603134 12.446678162 -0.043586889 -0.003501889
18.442552567 11.985893250 -0.045051739 -0.003758730
18.531709671 12.361303329 -0.042206657 -0.003414418
18.629627228 12.210500717 -0.066732272 -0.005465154
18.732183456 12.596283913 -0.070450252 -0.005592939
18.835512161 12.208505630 -0.093365891 -0.007647610
18.938068390 12.217681885 -0.077676043 -0.006357674
19.040365219 12.149861336 -0.070036505 -0.005764387
19.137510300 12.050124168 -0.067234364 -0.005579558
19.227441788 12.315025330 -0.070076407 -0.005690318
19.325616837 11.881367683 -0.037412523 -0.003148840
19.428171158 11.821525574 -0.032210415 -0.002724726
19.531242371 12.228852272 -0.060994515 -0.004987755
19.634315491 11.967142105 -0.065555120 -0.005477926
19.735324860 11.984696388 -0.061646777 -0.005143791
19.835046768 12.052118301 -0.076148997 -0.006318308
19.918533325 12.418353081 -0.070147794 -0.005648720
20.021863937 12.236033440 -0.072955016 -0.005962309
20.123903275 12.087225914 -0.053411549 -0.004418843
20.226716995 12.037755966 -0.055358997 -0.004598780
20.327211380 12.046133995 -0.030794882 -0.002556412
20.427190781 12.273934364 -0.024197190 -0.001971429
20.521244049 12.144674301 0.008854513 0.000729086
20.615295410 12.028579712 0.017032576 0.001416009
20.716564178 12.073660851 0.015018099 0.001243873
20.819120407 12.427927971 0.036188766 0.002911891
20.919872284 12.077252388 0.027969526 0.002315885
21.014440536 11.775647163 0.009519725 0.000808425
21.109523773 11.936423302 0.000252428 0.000021148
21.207183838 12.140685081 0.006706594 0.000552407
21.309223175 11.983498573 -0.012350080 -0.001030591
21.412294388 11.899720192 -0.023244348 -0.001953353
21.506090164 12.210500717 -0.008850088 -0.000724793
21.612253189 12.190154076 0.005628742 0.000461745
21.699090958 11.989084244 -0.004183636 -0.000348954
21.799070358 11.993871689 -0.009798828 -0.000816986
21.901369095 12.075257301 -0.032761921 -0.002713145
22.003667831 12.488168716 -0.034988538 -0.002801735
22.100296021 12.173000336 -0.041401307 -0.003401077
22.188421249 12.113954544 -0.041889598 -0.003457962
22.288917542 12.212894440 -0.043455432 -0.003558160
22.391473770 12.191350937 -0.026984255 -0.002213393
22.491966248 12.109566689 -0.014647863 -0.001209611
22.580093384 11.840676308 -0.028884090 -0.002439395
22.679042816 12.353323936 -0.054092071 -0.004378746
22.778505325 11.943204880 -0.039160980 -0.003278934
22.881061554 12.001851082 -0.070530826 -0.005876662
22.983360291 12.017410278 -0.098822648 -0.008223290
23.062208176 12.188558578 -0.075110058 -0.006162341
23.166826248 11.948790550 -0.051321827 -0.004295148
23.268093109 12.061293602 -0.060149870 -0.004987016
23.370393753 11.772853851 -0.062975797 -0.005349238
23.460321426 11.847059250 -0.067699103 -0.005714423
23.556179047 11.888948441 -0.017886755 -0.001504486
23.654096603 12.093608856 -0.005119249 -0.000423302
23.756652832 12.031373024 -0.000232114 -0.000019292
23.850963593 11.941210747 0.048854488 0.004091251
23.940635681 12.218081474 0.079839312 0.006534521
24.040613174 12.119938850 0.138083280 0.011393067
24.142396927 11.793998718 0.160479098 0.013606844
24.237480164 12.214091301 0.249478756 0.020425486
24.327667236 11.638808250 0.293268713 0.025197486
24.427131653 11.756098747 0.342104467 0.029100170
24.530202866 12.251991272 0.435523672 0.035547175
24.609052658 12.281912804 0.548703396 0.044675728
24.723461151 11.974721909 0.631639140 0.052747708
24.813907623 12.065683365 0.768647656 0.063705273
24.916463852 11.951582909 0.887555926 0.074262626
25.008712769 12.378856659 1.035506348 0.083651211
25.098384857 12.112757683 1.174628588 0.096974497
25.200166702 12.044138908 1.346571334 0.111803039
25.300403595 12.640966415 1.513386092 0.119720759
25.381313324 12.404390335 1.700357139 0.137077042
25.483354568 12.943368912 1.945174432 0.150283473
25.579984665 12.708786964 2.181569101 0.171658326
25.664760590 13.283672333 2.393074110 0.180151546
25.767059326 13.057068825 2.639046109 0.202116275
25.860080719 13.149624825 2.886845578 0.219538247
25.947433472 13.927174568 3.136624094 0.225216111
26.050247192 14.162554741 3.418284082 0.241360697
26.127807617 14.069201469 3.751051713 0.266614400
26.230880737 14.949280739 4.115247608 0.275280643
26.332662582 15.163914680 4.468460252 0.294677222
26.415893555 15.758348465 4.846022986 0.307520994
26.514326096 15.820982933 5.330968986 0.336955612
26.608894348 16.374324799 5.798610816 0.354128240
26.694957733 16.645610809 6.324830735 0.379969880
26.795967102 17.358530045 6.895553221 0.397242923
26.875848770 18.294462204 7.527454781 0.411460840
26.977888107 18.666282654 8.238228044 0.441342725
27.057254791 19.053262711 8.996372050 0.472169632
27.158264160 19.612987518 9.918822848 0.505727281
27.240720749 20.705308914 10.833611344 0.523228675
27.338897705 21.211572647 11.845198433 0.558430939
27.423414230 21.802814484 12.984168507 0.595527175
27.519014359 23.094211578 14.241019216 0.616648859
27.597089767 24.687210083 15.594629179 0.631688600
27.698873520 25.226190567 17.056915079 0.676158972
27.777465820 26.597774506 18.625757120 0.700275022
27.876670837 28.742919922 20.304737429 0.706425704
27.957323074 29.753057480 22.092418259 0.742525983
28.041843414 31.905384064 23.939145673 0.750316800
28.137441635 33.290931702 25.914358738 0.778420952
28.216806412 35.651908875 28.011848507 0.785704031
28.314723969 37.861682892 30.270213584 0.799494668
28.395378113 40.445671082 32.598831175 0.805990612
28.472938538 43.926494598 35.092204117 0.798884692
28.560806274 46.100364685 37.640959077 0.816500245
28.653055191 49.583183289 40.425370397 0.815304055
28.730617523 52.803894043 43.276481003 0.819569878
28.809982300 56.899894714 46.224541625 0.812383606
28.900426865 60.819961548 49.390629203 0.812079257
28.974380493 64.503456116 52.796631448 0.818508567
29.065084457 69.223808289 56.385215962 0.814535018
29.142644882 73.277923584 59.708837517 0.814827094
29.220205307 78.511329651 62.319475079 0.793764102
29.297767639 82.695495605 64.497055875 0.779934329
29.375585556 88.141540527 66.401310625 0.753348651
29.461650848 94.005683899 68.057301994 0.723970075
29.539211273 99.555450439 69.743139545 0.700545668
29.611619949 105.536483765 71.296590546 0.675563445
29.687118530 112.226852417 72.970792630 0.650207959
29.762361526 118.581298828 74.959592523 0.632136713
29.838634491 126.363586426 77.020976039 0.609518756
29.915679932 133.722991943 79.230079085 0.592494065
29.991178513 141.057250977 81.635902524 0.578743042
30.062299728 150.341979980 84.150383874 0.559726458
30.123367310 158.481323242 86.255346691 0.544261904
30.200672150 169.681793213 87.645420040 0.516528134
30.202476501 169.611984253 87.834345809 0.517854597
30.125944138 158.878280640 86.745400680 0.545986527
30.063844681 150.320831299 84.861238552 0.564534122
29.993755341 140.949935913 82.313037431 0.583987761
29.916967392 133.400634766 79.768729330 0.597963641
29.839664459 126.253479004 77.459031234 0.613519975
29.763906479 118.816680908 75.252684123 0.633351172
29.687633514 112.536834717 73.273829322 0.651109741
29.612134933 105.190200806 71.573671598 0.680421475
29.537408829 99.115417480 69.919032662 0.705430441
29.460620880 93.376144409 68.180270912 0.730167982
29.377647400 88.020660400 66.457646501 0.755023266
29.298797607 83.023429871 64.527772028 0.777223636
29.221494675 77.254241943 62.296903587 0.806388129
29.143932343 72.693466187 59.706720976 0.821349209
29.066629410 68.241203308 56.316560452 0.825257436
28.980823517 63.936946869 52.711810812 0.824434281
28.905580521 60.553066254 49.302104088 0.814196657
28.812042236 56.531269073 46.099321639 0.815465890
28.732162476 53.108291626 43.144794967 0.812392823
28.654087067 49.709648132 40.287747064 0.810461320
28.562095642 46.603839874 37.551671866 0.805763473
28.474742889 43.383525848 34.977915898 0.806248806
28.396923065 40.213085175 32.438478990 0.806664767
28.311374664 37.961818695 30.131904979 0.793742397
28.217321396 35.666271210 27.892802117 0.782049852
28.138729095 33.470058441 25.822699524 0.771516416
28.047254562 32.050998688 23.822978024 0.743283486
27.958871841 30.001203537 21.948143188 0.731575424
27.880535126 28.574165344 20.227344050 0.707889235
27.779268265 27.002309799 18.601076407 0.688869824
27.700677872 25.261697769 17.089067808 0.676481366
27.598121643 24.085996628 15.657032007 0.650047090
27.520816803 23.296077728 14.277939009 0.612890255
27.423929214 21.663980484 13.073010308 0.603444520
27.340442657 21.311708450 11.908643104 0.558784066
27.243040085 19.924167633 10.865186071 0.545326975
27.160068512 19.408725739 9.883267561 0.509217745
27.059831619 19.056852341 8.984914293 0.471479452
26.979177475 18.318798065 8.228533777 0.449185244
26.879455566 18.140468597 7.508464737 0.413906879
26.798803329 17.276346207 6.847680718 0.396361629
26.696762085 16.816358566 6.267016948 0.372673842
26.614562988 16.267406464 5.705125768 0.350708995
26.515871048 15.816196442 5.230020809 0.330675003
26.420789719 15.432806969 4.762567882 0.308600237
26.335496902 15.135989189 4.321831197 0.285533449
26.233713150 14.956860542 3.968111917 0.265303799
26.131416321 14.602195740 3.632704864 0.248777987
26.052051544 13.673443794 3.275882169 0.239579891
25.951299667 13.899647713 2.998650403 0.215735713
25.868583679 13.444448471 2.724044259 0.202614802
25.768604279 13.392186165 2.526128006 0.188627008
25.667337418 13.361865997 2.300477759 0.172167402
25.584365845 12.862780571 2.087286980 0.162273388
25.485158920 12.901080132 1.895662902 0.146938309
25.384149551 12.766236305 1.684301370 0.131934059
25.302465439 12.570751190 1.510635805 0.120170687
25.201713562 12.391622543 1.332570740 0.107538035
25.099414825 11.936821938 1.165251967 0.097618275
25.010000229 12.236830711 1.023793573 0.083664929
24.917751312 12.440693855 0.897837613 0.072169416
24.816482544 12.002249718 0.776660198 0.064709552
24.727069855 12.125125885 0.662750102 0.054659235
24.611371994 12.447476387 0.556377887 0.044698047
24.531749725 12.330184937 0.502331573 0.040739987
24.428934097 12.053315163 0.420638629 0.034898169
24.331018448 11.726975441 0.339103804 0.028916561
24.243665695 12.217681885 0.294802881 0.024129199
24.145231247 11.922060966 0.216269867 0.018140309
24.042160034 11.898921967 0.186011796 0.015632660
23.943984985 11.981504440 0.140330049 0.011712223
23.857662201 11.940812111 0.109090786 0.009135960
23.758714676 12.142280579 0.074397635 0.006127155
23.655899048 12.245208740 0.064612204 0.005276529
23.556179047 12.055708885 0.063178684 0.005240562
23.468053818 11.991079330 0.056580320 0.004718534
23.371938705 12.008234024 0.027915158 0.002324668
23.269124985 11.876181602 0.027909321 0.002350025
23.167858124 11.934826851 0.022796978 0.001910122
23.064529419 11.910491943 -0.020929016 -0.001757192
22.985164642 12.011425972 -0.035971571 -0.002994779
22.882608414 12.362898827 -0.039264293 -0.003175978
22.780567169 11.756098747 -0.037418760 -0.003182923
22.683164597 12.228452682 -0.064117651 -0.005243317
22.590143204 11.914481163 -0.041905483 -0.003517189
22.495059967 12.058899879 -0.021335023 -0.001769235
22.393018723 11.916874886 -0.001778052 -0.000149205
22.290462494 12.120338440 -0.015646994 -0.001290970
22.195379257 11.884959221 -0.018088743 -0.001521986
22.106222153 12.200527191 -0.031818030 -0.002607923
22.006500244 11.982701302 -0.026211069 -0.002187409
21.903430939 12.101588249 0.011167103 0.000922780
21.801132202 12.086427689 0.024974537 0.002066329
21.703214645 12.043740273 0.057756942 0.004795598
21.611738205 12.320212364 0.068010777 0.005520260
21.507120132 11.972727776 0.087757338 0.007329770
21.413841248 12.054910660 0.089063244 0.007388130
21.311801910 12.317419052 0.073894751 0.005999207
21.213882446 12.295476913 0.082178586 0.006683644
21.117511749 11.828308105 0.056303939 0.004760101
21.022943497 11.871793747 0.065428414 0.005511249
20.923479080 11.798386574 0.069368662 0.005879504
20.821180344 12.368483543 0.081334989 0.006575987
20.720170975 11.999057770 0.072034840 0.006003375
20.621738434 12.063288689 0.087085114 0.007219019
20.532581329 11.939215660 0.082122648 0.006878396
20.434148788 11.484813690 0.066817256 0.005817879
20.331592560 11.815542221 0.037377751 0.003163439
20.230581284 11.636014938 0.028461960 0.002446023
20.129573822 11.920065880 0.015859219 0.001330464
20.030881882 11.789211273 -0.023863882 -0.002024214
19.925491333 11.974721909 -0.017582654 -0.001468314
19.841745377 11.867006302 -0.035040132 -0.002952736
19.740221024 12.097598076 -0.069948173 -0.005781989
19.637149811 12.173000336 -0.088727187 -0.007288851
19.533046722 11.934826851 -0.077492122 -0.006492941
19.430749893 11.867006302 -0.051780778 -0.004363424
19.331285477 11.873787880 -0.033334558 -0.002807407
19.236202240 12.000654221 -0.080708187 -0.006725316
19.141119003 11.846261024 -0.098109923 -0.008281932
19.042942047 11.835489273 -0.110422860 -0.009329810
18.940387726 12.211298943 -0.118312422 -0.009688766
18.837057114 12.328988075 -0.093436608 -0.007578611
18.734243393 12.026985168 -0.095035955 -0.007901893
18.634780884 12.128716469 -0.057591959 -0.004748397
18.537378311 12.284705162 -0.059964322 -0.004881218
18.448221207 11.899720192 -0.043413193 -0.003648253
18.346181870 12.196936607 -0.031878373 -0.002613638
18.245170593 12.214489937 -0.031883074 -0.002610267
18.144418716 11.967142105 -0.023369760 -0.001952827
18.045213699 11.948790550 -0.039156774 -0.003277049
17.958116531 11.668728828 -0.038629420 -0.003310508
17.847831726 11.856634140 -0.031729469 -0.002676094
17.753004074 12.333776474 -0.019901854 -0.001613606
17.651737213 12.233241081 -0.021253685 -0.001737372
17.548667908 12.097598076 -0.000040443 -0.000003343
17.447399139 12.157441139 0.000464638 0.000038218
17.345615387 12.120737076 -0.008204994 -0.000676939
17.245637894 12.243613243 -0.016447586 -0.001343360
17.146430969 11.823920250 -0.027045980 -0.002287395
17.055728912 12.185766220 -0.019693662 -0.001616120
16.953430176 12.032171249 -0.023520428 -0.001954795
16.852935791 11.933232307 -0.026283042 -0.002202508
16.749605179 12.234836578 -0.043446248 -0.003551028
16.648080826 11.873787880 -0.073241450 -0.006168331
16.549390793 12.176589966 -0.071598431 -0.005880007
16.446060181 12.163425446 -0.066100674 -0.005434380
16.348915100 12.145871162 -0.048584618 -0.004000093
16.246875763 12.076054573 -0.061399928 -0.005084436
16.154111862 12.171403885 -0.099904194 -0.008208108
16.053874969 11.975918770 -0.103344006 -0.008629318
15.951061249 12.336967468 -0.109680566 -0.008890399
15.848246574 12.120737076 -0.112815434 -0.009307638
15.745691299 11.983898163 -0.105235868 -0.008781439
15.643135071 12.319414139 -0.103640617 -0.008412788
15.541094780 11.937220573 -0.074548122 -0.006245015
15.440857887 11.943604469 -0.059993855 -0.005023095
15.341135979 12.310237885 -0.058817989 -0.004777973
15.249917984 12.260369301 -0.048008659 -0.003915760
15.128552437 12.453859329 -0.029571227 -0.002374463
15.043003082 12.214091301 -0.015222241 -0.001246285
14.944568634 12.185766220 -0.000605780 -0.000049712
14.842529297 12.301859856 -0.000436990 -0.000035522
14.739714622 12.644955635 0.015518756 0.001227269
14.636644363 12.615034103 0.010093494 0.000800116
14.533573151 12.161430359 0.014186042 0.001166478
14.431531906 12.349334717 0.044343441 0.003590755
14.329234123 12.250395775 0.054065825 0.004413394
14.227707863 12.118344307 0.059872950 0.004940687
14.132883072 12.085630417 0.078283306 0.006477387
14.030326843 12.062091827 0.063645472 0.005276487
13.929574966 11.934429169 0.091763160 0.007688944
13.831141472 12.304253578 0.113295993 0.009207872
13.733481407 12.267150879 0.118562093 0.009665007
13.631956100 11.840276718 0.123459368 0.010427068
13.529142380 12.267150879 0.122147719 0.009957301
13.428647995 11.966343880 0.118969876 0.009942041
13.327122688 12.207308769 0.115383209 0.009451978
13.223278046 11.965945244 0.095310014 0.007965105
13.124329567 12.384442329 0.072406624 0.005846579
13.021258354 12.145072937 0.032495279 0.002675594
12.918959618 11.918471336 0.021737144 0.001823820
12.824392319 11.868601799 -0.012988686 -0.001094374
12.724671364 12.134302139 -0.040857246 -0.003367087
12.626495361 12.071268082 -0.030153003 -0.002497915
12.523939133 12.269544601 -0.054569770 -0.004447579
12.420867920 11.960759163 -0.059760202 -0.004996355
12.317796707 12.064885139 -0.032930260 -0.002729430
12.215241432 11.953179359 -0.049091044 -0.004106944
12.113457680 11.990281105 -0.063061818 -0.005259411
12.013994217 11.867404938 -0.048387873 -0.004077376
11.905510902 12.114354134 -0.052051748 -0.004296700
11.803470612 12.145072937 -0.075374531 -0.006206182
11.701430321 12.292284966 -0.077390267 -0.006295841
11.598359108 11.974721909 -0.074637961 -0.006232960
11.496317863 12.245608330 -0.082917741 -0.006771223
11.395565987 12.218480110 -0.059081923 -0.004835456
11.291722298 12.423139572 -0.036743669 -0.002957680
11.191485405 12.420746803 -0.017082917 -0.001375353
11.096401215 11.927247047 -0.010038942 -0.000841681
10.997452736 12.538435936 -0.026438393 -0.002108588
10.900566101 12.270742416 -0.012843776 -0.001046699
10.796206474 11.882165909 0.015158462 0.001275732
10.693392754 12.207308769 0.027437711 0.002247646
10.591352463 12.202920914 0.029545983 0.002421222
10.488281250 12.173398972 0.038281463 0.003144682
10.388300896 12.048129082 0.030008215 0.002490695
10.283426285 12.683653831 0.019621911 0.001547024
10.184477806 12.117546082 0.039810280 0.003285342
10.086560249 12.288695335 0.019262514 0.001567499
9.982715607 12.049325943 0.034284621 0.002845356
9.881447792 11.742933273 0.012507024 0.001065068
9.780954361 11.982301712 -0.012021734 -0.001003291
9.682519913 12.085230827 -0.023338015 -0.001931119
9.585118294 12.027382851 -0.029172375 -0.002425497
9.480242729 12.482185364 -0.006062587 -0.000485699
9.379748344 11.792801857 -0.050610697 -0.004291660
9.276934624 11.852245331 -0.076744308 -0.006475086
9.174379349 11.997062683 -0.064153114 -0.005347402
9.071564674 12.281912804 -0.047209055 -0.003843787
8.968235970 12.153450966 -0.032827477 -0.002701083
8.865679741 12.579129219 -0.020744266 -0.001649102
8.765958786 12.397607803 0.004656950 0.000375633
8.659022331 11.874586105 -0.006973637 -0.000587274
8.558527946 12.378059387 -0.008052858 -0.000650575
8.457517624 12.127918243 0.018090832 0.001491668
8.354446411 12.464631081 0.017410057 0.001396757
8.254210472 12.555191994 0.031522095 0.002510682
8.148303986 12.141483307 0.037770694 0.003110880
8.046521187 12.034166336 0.029173491 0.002424222
7.954529762 12.044138908 0.018502980 0.001536264
7.853776932 12.539632797 -0.021091932 -0.001682021
7.753540993 12.514100075 -0.007177212 -0.000573530
7.653561115 12.293881416 -0.007058478 -0.000574146
7.548943996 11.901315689 0.011686948 0.000981988
7.447419167 11.928842545 -0.009583425 -0.000803383
7.344347000 11.981104851 -0.018329093 -0.001529833
7.241534233 11.878176689 -0.059947303 -0.005046844
7.140523911 11.812748909 -0.085588196 -0.007245409
7.036163807 12.179383278 -0.027315199 -0.002242741
6.935411930 11.543857574 -0.032781456 -0.002839732
6.834660053 12.199728966 -0.034886674 -0.002859627
6.733907223 12.287498474 -0.051649741 -0.004203438
6.634185791 12.201325417 -0.066930013 -0.005485471
6.533433914 12.356515884 -0.029180011 -0.002361508
6.431909084 12.471812248 -0.015392392 -0.001234174
6.336824894 12.500934601 -0.013038885 -0.001043033
6.238649845 12.340956688 -0.026605517 -0.002155872
6.135321140 12.546015739 -0.037941302 -0.003024171
6.030446053 12.123929024 -0.028914767 -0.002384934
5.927889824 12.497344971 -0.001175309 -0.000094045
5.824303150 12.439098358 -0.002322826 -0.000186736
5.722261906 12.552798271 -0.006214577 -0.000495075
5.620479107 12.477396965 0.020128074 0.001613163
5.520243168 11.639206886 0.053847563 0.004626394
5.416398048 12.152254105 0.068474223 0.005634693
5.324665070 12.347339630 0.096930899 0.007850347
5.228550911 12.247603416 0.082557922 0.006740741
5.131663799 12.109566689 0.059230785 0.004891239
5.025242805 11.634818077 0.068539620 0.005890906
4.924232960 12.117546082 0.044496712 0.003672089
4.819614887 12.304653168 0.016132135 0.001311060
4.718090057 12.057703972 0.006063225 0.000502851
4.614760876 12.015415192 -0.003568135 -0.000296963
4.517615795 11.876979828 -0.029487125 -0.002482712
4.411194801 11.958764076 -0.015804840 -0.001321611
4.310957909 12.413964272 -0.047122020 -0.003795888
4.206855774 12.435507774 -0.065533744 -0.005269889
4.111000061 12.072066307 -0.085844659 -0.007111016
4.011278152 12.031771660 -0.105265152 -0.008748932
3.916968107 11.973127365 -0.064990899 -0.005428064
3.812093019 12.406384468 -0.051311560 -0.004135900
3.712887049 12.480190277 -0.054848587 -0.004394852
3.611104012 12.554393768 -0.080137630 -0.006383234
3.510351896 12.119141579 -0.095633956 -0.007891149
3.413980007 12.506120682 -0.078659808 -0.006289705
3.309619904 12.463832855 -0.096703459 -0.007758726
3.212990999 12.125525475 -0.110513464 -0.009114117
3.117135048 12.264359474 -0.089812688 -0.007323064
3.015609026 12.309839249 -0.083898093 -0.006815531
2.913053036 12.087225914 -0.074912855 -0.006197688
2.812817097 12.433912277 -0.042564151 -0.003423231
2.712321997 12.277523994 -0.039002600 -0.003176748
2.610796928 12.177388191 -0.037427796 -0.003073549
2.512878895 12.218081474 -0.018107529 -0.001482027
2.417537928 12.101588249 0.004256249 0.000351710
2.320136070 12.026985168 1.074969912 0.089379832
2.217837095 12.096002579 1.835552443 0.151748682
2.120434999 12.547212601 2.425371597 0.193299633
2.029217005 12.551602364 2.905327267 0.231470627
1.929237962 12.554793358 3.336261589 0.265736081
1.829774022 12.676073074 3.701366354 0.291996294
1.728248000 12.440693855 4.033390074 0.324209415
1.630331039 12.145471573 4.359399516 0.358932092
1.539885998 12.441492081 4.664668533 0.374928385
1.442226052 12.569952965 4.956958174 0.394349779
1.341215968 12.143077850 5.254044512 0.432678154
1.245617032 12.139886856 5.530147282 0.455535323
