0.000000000 0.000000000 5.625780000 inf
0.000000000 0.000000000 5.625780000 inf
0.000000000 0.000000000 5.625780000 inf
0.000000000 0.000000000 5.625780000 inf
0.000000000 0.000000000 5.625780000 inf
0.000000000 0.000000000 5.625780000 inf
0.000000000 0.000000000 5.625780000 inf
0.000000000 0.000000000 5.625780000 inf
0.000000000 0.000000000 5.625780000 inf
0.000000000 0.000000000 5.625780000 inf
0.000000000 0.000000000 5.625780000 inf
0.000000000 0.000000000 5.625780000 inf
1.071169019 12.208106995 5.625780000 0.460823288
1.158005953 10.957004547 5.625780000 0.513441422
1.252573967 10.856868744 5.625780000 0.518177030
1.341472983 8.931544304 5.625780000 0.629877635
1.441967964 11.421779633 5.209896083 0.456136981
1.542978048 21.783266068 5.056096710 0.232109211
1.633165002 15.604752541 4.912596262 0.314814109
1.729022026 12.435907364 4.544055028 0.365397948
1.831576943 6.241436005 4.148757884 0.664712076
1.931041002 12.295476913 3.701468849 0.301043129
2.034369946 15.649833679 3.215322741 0.205454116
2.126104116 6.961935997 2.483069835 0.356663698
2.218095064 9.864685059 2.041669086 0.206967488
2.321166039 12.168610573 1.364126151 0.112102047
2.420629978 13.099757195 0.455290205 0.034755622
2.522413015 20.241729736 -0.925430595 -0.045718948
2.616723061 14.107500076 -0.853138240 -0.060474091
2.716187000 13.653896332 -0.858418056 -0.062869824
2.815908909 11.407018661 -0.677787107 -0.059418427
2.915115118 9.618133545 -0.716268154 -0.074470598
3.015609026 14.950477600 -0.697440021 -0.046650016
3.117135048 15.591189384 -0.307178282 -0.019702043
3.218918085 11.068311691 -0.228353893 -0.020631321
3.318639040 10.654203415 -0.023912362 -0.002244406
3.422998905 9.885828972 -0.493489742 -0.049918903
3.518855095 9.598586082 -0.424878742 -0.044264722
3.617031097 5.209355831 -0.138087593 -0.026507614
3.714174986 12.939778328 -0.481126774 -0.037181995
3.814153910 10.510581970 -0.836187115 -0.079556690
3.917741060 9.826784134 -0.689198474 -0.070134692
4.018751144 7.783770084 -0.563159688 -0.072350504
4.120533943 12.589102745 -0.147130835 -0.011687158
4.218708992 12.688441277 -0.081032034 -0.006386287
4.322811127 15.937076569 -0.060316148 -0.003784643
4.424078941 14.754593849 -0.165779269 -0.011235773
4.517873764 13.463198662 -0.431125115 -0.032022488
4.616565228 8.780741692 -0.163071157 -0.018571456
4.719635963 9.312141418 0.030404239 0.003265010
4.818841934 14.320938110 0.312081559 0.021791977
4.921141148 9.906574249 0.518791518 0.052368408
5.024984837 12.590699196 0.291075097 0.023118263
5.127283096 12.678866386 0.424581520 0.033487341
5.229838848 11.268982887 0.280181675 0.024863085
5.332653046 8.296817780 0.555340114 0.066934110
5.425158978 14.040476799 0.486514255 0.034650836
5.531837940 12.821290970 0.218724101 0.017059444
5.627179146 10.054983139 -0.146166097 -0.014536682
5.727674007 10.074530602 -0.253111355 -0.025123886
5.826107025 9.532361031 -0.415860566 -0.043626187
5.929693222 9.558691025 -0.258596661 -0.027053564
6.034052849 8.690180779 0.141560722 0.016289733
6.134290218 11.797589302 0.186843812 0.015837457
6.235042095 9.677179337 0.200262865 0.020694343
6.338370800 15.553688049 0.342701811 0.022033476
6.440412045 15.054603577 0.638004166 0.042379340
6.543741226 8.958273888 0.256203708 0.028599673
6.646039009 15.189846992 0.400911400 0.026393380
6.747821808 15.596774101 0.662159046 0.042454872
6.848832130 15.068567276 0.455995059 0.030261341
6.949584007 12.069272995 0.069253281 0.005737983
7.038999081 9.557494164 0.056662542 0.005928598
7.143874168 10.101659775 0.242168251 0.023973115
7.242049217 9.445389748 -0.119871686 -0.012691026
7.344604969 8.198277473 0.005126692 0.000625338
7.446646214 9.794869423 -0.020263125 -0.002068749
7.549458981 14.708715439 0.020813662 0.001415056
7.652273178 10.140756607 -0.174916550 -0.017248866
7.755086899 14.380780220 -0.247702333 -0.017224541
7.858158112 16.333631516 -0.489476258 -0.029967387
7.960971832 14.014944077 -0.111745273 -0.007973294
8.058374405 7.400381088 -0.055334813 -0.007477292
8.156806946 13.167577744 -0.178225189 -0.013535154
8.262713432 15.060189247 -0.001782371 -0.000118350
8.359600067 8.905612946 0.076871850 0.008631843
8.462413788 8.884069443 0.228482466 0.025718222
8.561362267 9.062000275 0.358500737 0.039560883
8.659022331 13.360269547 0.406123792 0.030397874
8.768019676 7.186543941 0.611916670 0.085147558
8.864907265 15.120031357 0.473947498 0.031345669
8.967205048 13.521045685 0.136342682 0.010083738
9.069246292 14.865502357 -0.059053913 -0.003972547
9.172833443 12.184169769 0.102925815 0.008447503
9.275646210 11.158075333 -0.216396609 -0.019393722
9.378459930 10.555264473 -0.201723544 -0.019111179
9.481016159 14.687171936 -0.021148779 -0.001439949
9.583572388 9.813220024 0.597248200 0.060861593
9.681489944 12.940176964 0.357409616 0.027620149
9.777345657 11.596519470 0.167924368 0.014480583
9.881706238 9.292194366 0.176549064 0.018999717
9.981427193 10.658592224 -0.110544349 -0.010371384
10.084499359 13.192313194 -0.062473630 -0.004735608
10.183705330 14.561902046 -0.324954078 -0.022315359
10.280850410 16.975938797 -0.253002476 -0.014903593
10.385466576 12.357712746 -0.397777121 -0.032188572
10.487250328 10.543695450 -0.063244611 -0.005998334
10.589548111 11.380289078 0.035278606 0.003099974
10.692619324 12.219278336 0.231694768 0.018961412
10.795174599 8.878085136 0.372917989 0.042004327
10.898761749 9.862291336 0.246263414 0.024970203
11.000029564 10.264032364 0.325578724 0.031720352
11.101297379 19.658067703 0.795382087 0.040460848
11.199729919 12.701207161 0.501215339 0.039462024
11.297390938 7.737891197 0.680112248 0.087893747
11.399431229 8.694568634 0.596789728 0.068639372
11.502759933 9.876652718 -0.047334007 -0.004792515
11.601450920 15.589592934 -0.374409711 -0.024016645
11.706068039 10.640239716 -0.008161459 -0.000767037
11.804759026 11.758092880 0.025488117 0.002167708
11.904223442 14.613367081 0.308935702 0.021140624
12.008067131 14.660841942 0.386097506 0.026335289
12.109593391 12.386037827 0.199603768 0.016115224
12.212663651 12.510909081 0.165343221 0.013215924
12.315219879 14.293808937 0.193910919 0.013566077
12.417260170 11.053152084 0.103391150 0.009353997
12.519301414 15.126414299 -0.100995996 -0.006676797
12.621084213 17.577951431 -0.206866081 -0.011768498
12.713333130 10.145145416 0.350970326 0.034594903
12.814343452 14.785712242 0.140087534 0.009474521
12.911486626 11.924056053 -0.440294023 -0.036924854
13.013270378 4.992726803 -0.680211414 -0.136240464
13.115310669 8.590842247 -0.881960362 -0.102662852
13.218640327 17.368902206 -1.068019148 -0.061490308
13.321195602 10.606328964 -1.038428540 -0.097906499
13.428133011 11.926051140 -1.105944522 -0.092733505
13.527338982 13.086192131 -1.024772578 -0.078309455
13.631182671 10.675745964 -0.867686926 -0.081276468
13.733481407 12.328988075 -0.759672424 -0.061616770
13.836036682 12.546415329 -0.539956504 -0.043036715
13.938851357 14.131037712 -0.203888966 -0.014428450
14.041406631 11.530294418 -0.109251899 -0.009475205
14.143447876 12.850414276 0.404370564 0.031467512
14.237500191 14.169735909 0.704513566 0.049719597
14.337737083 8.304397583 0.545036302 0.065632250
14.436169624 7.102765083 0.607214276 0.085489844
14.535634041 11.767667770 0.383121372 0.032557120
14.635354996 11.348772049 0.012202529 0.001075229
14.738683701 5.605113029 -0.340676853 -0.060779658
14.841755867 13.841003418 -0.457633526 -0.033063609
14.944568634 11.237465858 -0.415548679 -0.036978860
15.047383308 10.643431664 -0.102415921 -0.009622453
15.137827873 11.614472389 0.133390263 0.011484832
15.253009796 12.988051414 0.193787440 0.014920440
15.352474213 14.766163826 -0.045011159 -0.003048264
15.448845863 14.982792854 -0.065799289 -0.004391657
15.541352272 14.451394081 -0.047840180 -0.003310420
15.647257805 17.355339050 0.110643843 0.006375205
15.748525620 11.310872078 0.612901883 0.054186970
15.847990036 11.097833633 1.158220302 0.104364540
15.949772835 9.906972885 0.616877966 0.062267049
16.051813126 7.853187084 0.086209638 0.010977663
16.155399323 12.584315300 0.024101999 0.001915241
16.256666183 9.544328690 -0.075961649 -0.007958826
16.354843140 4.129004002 -0.320763500 -0.077685442
16.451471329 13.161194801 -0.159023223 -0.012082735
16.551967621 16.433368683 -0.106312130 -0.006469284
16.649368286 14.196066856 -0.183401932 -0.012919207
16.748060226 13.923584938 -0.082823762 -0.005948451
16.851388931 7.379236221 -0.052427445 -0.007104725
16.952913284 10.453532219 0.117820882 0.011270916
17.055469513 9.272246361 0.338521283 0.036509091
17.151584625 14.064015388 0.038207291 0.002716670
17.250274658 18.564550400 0.845686426 0.045553833
17.348966599 18.233823776 1.053439207 0.057773905
17.448944092 6.655145168 1.071635461 0.161023604
17.547636032 8.032713890 0.897280550 0.111703288
17.650192261 10.907136917 0.612244918 0.056132505
17.753004074 10.674151421 0.484474550 0.045387641
17.855045319 14.384369850 0.550974791 0.038303714
17.958375931 12.884325027 0.173647802 0.013477447
18.056808472 13.797516823 0.344170036 0.024944346
18.154983521 12.452262878 0.688484294 0.055289894
18.250066757 14.495278358 0.918313316 0.063352582
18.347469330 12.046133995 0.980899413 0.081428566
18.449510574 12.406384468 0.508113250 0.040955788
18.548715591 12.845228195 0.300755221 0.023413770
18.638387680 4.563059807 -0.028682747 -0.006285858
18.732440948 19.238773346 -0.289072655 -0.015025524
18.836542130 15.859681129 -0.197266805 -0.012438258
18.939613342 13.246170998 0.210854116 0.015918118
19.041397095 11.497579575 -0.332814910 -0.028946519
19.143953323 11.989882469 -0.713033052 -0.059469561
19.243417740 9.802847862 -0.753893661 -0.076905576
19.335666656 16.064342499 -0.923217406 -0.057469978
19.433067322 14.974414825 -0.768933312 -0.051349807
19.533046722 15.067769051 -0.833591651 -0.055322832
19.634315491 14.542753220 -0.797660002 -0.054849312
19.737127304 14.916168213 -0.759781927 -0.050936803
19.839942932 12.511307716 -0.688938235 -0.055065246
19.926521301 10.611515999 -0.717633433 -0.067627795
20.032169342 11.920465469 -0.706936404 -0.059304430
20.125450134 11.269382477 -0.675363365 -0.059929048
20.227748871 7.422323227 -1.376249713 -0.185420342
20.330045700 7.944147110 -1.023466116 -0.128832725
20.432859421 12.758655548 -0.779613233 -0.061104654
20.534128189 9.217590332 -0.796128165 -0.086370530
20.624315262 10.589973450 -0.816707003 -0.077120779
20.721202850 13.242580414 -0.925231772 -0.069867937
20.820150375 11.533884048 -1.068309811 -0.092623596
20.922449112 12.918634415 -0.981494321 -0.075975083
21.024488449 10.830139160 -0.860563838 -0.079460091
21.124210358 11.368321419 -0.361471077 -0.031796346
21.220582962 12.671685219 0.055357897 0.004368629
21.313346863 11.061927795 0.270460057 0.024449631
21.412553787 11.814345360 0.418639509 0.035434846
21.514850616 12.052516937 0.129785537 0.010768335
21.617923737 11.898921967 0.148807910 0.012505999
21.712490082 8.703744888 0.172481473 0.019816927
21.801389694 10.549280167 0.286729936 0.027180047
21.901884079 11.803174973 0.238339555 0.020192834
22.004955292 10.058174133 0.320737362 0.031888229
22.107511520 11.641999245 0.192757156 0.016557049
22.200275421 9.687550545 0.388881701 0.040142418
22.292009354 11.316457748 0.603745877 0.053351136
22.391473770 8.474349976 0.436975240 0.051564455
22.493770599 9.689545631 0.655808218 0.067682040
22.592977524 15.398896217 0.679372123 0.044118235
22.687288284 14.639697075 0.556654438 0.038023631
22.780567169 10.945036888 0.465510999 0.042531698
22.881061554 12.169408798 0.419508567 0.034472387
22.984132767 7.061274052 0.565672781 0.080109167
23.066074371 10.421615601 0.647321823 0.062113385
23.173011780 11.099430084 0.942175302 0.084885016
23.268867493 16.704254150 0.638583171 0.038228775
23.370649338 14.106701851 0.562551530 0.039878317
23.472175598 11.485213280 0.405047609 0.035266877
23.566228867 11.771657944 0.379188256 0.032211967
23.657962799 15.739598274 0.293797283 0.018666123
23.757167816 13.520647049 0.332890635 0.024620910
23.859981537 9.208414078 0.291963940 0.031706213
23.949138641 13.798315048 -0.106801748 -0.007740202
24.040613174 12.933395386 0.065947406 0.005099002
24.143428802 10.137166023 0.154887007 0.015279123
24.245468140 9.182882309 0.491039659 0.053473370
24.339263916 11.390662193 0.368750993 0.032373095
24.427389145 13.707754135 0.663886380 0.048431448
24.530202866 12.536441803 0.967401353 0.077167139
24.615493774 16.190807343 0.999651126 0.061741895
24.732738495 10.258048058 1.471065175 0.143405955
24.815710068 12.022196770 2.376069396 0.197640202
24.916719437 9.473714828 3.775501949 0.398523918
25.017730713 13.308806419 4.593699391 0.345162387
25.101217270 10.865646362 5.817875948 0.535437631
25.200166702 14.922950745 7.574710937 0.507588014
25.301176071 12.236432076 9.282687490 0.758610634
25.382345200 9.593798637 10.712536150 1.116610485
25.483612061 17.570371628 12.528440992 0.713043597
25.581272125 10.605133057 14.678642863 1.384107374
25.664760590 15.062980652 16.957508741 1.125773785
25.767059326 11.700245857 19.371972879 1.655689386
25.853895187 17.128337860 21.512109566 1.255936784
25.947433472 23.107376099 24.388088292 1.055424389
26.046897888 16.178041458 27.381065251 1.692483316
26.127807617 22.866411209 30.707654094 1.342915327
26.230621338 24.370845795 34.094814542 1.399000052
26.311017990 35.596054077 37.468050984 1.052590012
26.411254883 30.498691559 41.323951374 1.354941778
26.490619659 37.863677979 45.367035251 1.198167681
26.591371536 43.469299316 49.219679848 1.132286018
26.671766281 46.845199585 53.673191663 1.145756495
26.770715714 49.278385162 57.950817844 1.175988573
26.849565506 52.717720032 62.263026885 1.181064485
26.950059891 61.135532379 67.116009150 1.097823255
27.029682159 69.298011780 71.534766553 1.032277330
27.112396240 76.250091553 76.308681129 1.000768387
27.209800720 73.662506104 81.016409117 1.099832376
27.287876129 85.998786926 86.193097048 1.002259452
27.385021210 93.800621033 91.375202817 0.974142834
27.467735291 99.288558960 96.327330091 0.970175528
27.545038223 112.773010254 101.868144210 0.903302519
27.632907867 116.304504395 107.202499007 0.921739872
27.724382401 133.361145020 113.219228306 0.848967128
27.802717209 139.988464355 118.985626490 0.849967367
27.880020142 146.686416626 125.608054231 0.856303243
27.959901810 159.820190430 132.158631385 0.826920748
28.050088882 169.878875732 138.645801214 0.816145036
28.135637283 182.216751099 145.123199315 0.796431714
28.215002060 192.713485718 152.110110291 0.789307036
28.292306900 205.216522217 159.535547800 0.777401089
28.369867325 216.568603516 167.171170086 0.771908612
28.446912766 232.841308594 175.524819462 0.753838829
28.524990082 246.838409424 183.206990281 0.742214272
28.601520538 254.510574341 191.545426818 0.752603020
28.679080963 274.491516113 200.306631441 0.729737058
28.756126404 290.388000488 209.271631385 0.720662118
28.829822540 303.982971191 219.359356589 0.721617253
28.908157349 317.327392578 229.106042647 0.721986340
28.979019165 338.437347412 238.375409426 0.704341324
29.042922974 358.929321289 245.765250016 0.684717674
29.117134094 373.481353760 252.122469879 0.675060394
29.194179535 388.230895996 257.929465511 0.664371301
29.269680023 409.156524658 263.171530125 0.643205019
29.327915192 431.710662842 268.056590032 0.620917233
29.400581360 454.763092041 272.785750652 0.599841446
29.466030121 470.811981201 277.953088812 0.590369617
29.530193329 495.881103516 283.207805824 0.571120383
29.602600098 519.349670410 289.620921317 0.557660740
29.659547806 538.501953125 296.807411363 0.551172395
29.724224091 566.274780273 303.055519430 0.535173965
29.786840439 591.414062500 309.897709528 0.523994489
29.845333099 618.009155273 315.773516153 0.510952813
29.915679932 643.203979492 320.378763624 0.498098230
29.915937424 641.011718750 320.390702426 0.499820351
29.845590591 610.419982910 316.458606955 0.518427666
29.787870407 588.844848633 311.568038201 0.529117371
29.726802826 561.177795410 304.452509469 0.542524155
29.659805298 540.134826660 298.320048156 0.552306634
29.602342606 516.872192383 291.325820601 0.563632219
29.530450821 491.958648682 285.451631448 0.580235010
29.467319489 476.261627197 281.060402935 0.590138669
29.401353836 447.876068115 276.205409732 0.616700533
29.328430176 435.301605225 271.365124291 0.623395643
29.268648148 411.869384766 266.834688957 0.647862402
29.195211411 395.110351562 261.996027133 0.663095832
29.119453430 376.634246826 255.933353806 0.679527568
29.049108505 356.800933838 248.897443027 0.697580694
28.983142853 331.760559082 240.633990953 0.725324287
28.911764145 318.513854980 231.088971343 0.725522509
28.833946228 308.186279297 221.376780358 0.718321338
28.757673264 288.007873535 211.890126512 0.735709493
28.680885315 274.021942139 202.319955396 0.738334871
28.603324890 251.297454834 193.355903505 0.769430409
28.526536942 244.115188599 184.437678521 0.755535449
28.448717117 227.818145752 175.998285272 0.772538485
28.371156693 207.355682373 168.145853648 0.810905453
28.293851852 199.999877930 159.722162276 0.798611299
28.215776443 188.089279175 152.344822532 0.809960159
28.138471603 173.968902588 144.726105438 0.831907906
28.059364319 163.799301147 137.133740424 0.837205894
27.963766098 153.956054688 129.929022823 0.843935778
27.881567001 146.120697021 123.188811099 0.843062028
27.804006577 138.282958984 116.518550073 0.842609610
27.725671768 129.093185425 111.093810772 0.860570683
27.637546539 113.295234680 105.350524395 0.929876042
27.546585083 107.242790222 98.712570493 0.920458805
27.469024658 103.476318359 93.096877815 0.899692599
27.389144897 97.154579163 87.977705421 0.905543580
27.291225433 87.471710205 83.457597396 0.954109588
27.211603165 81.173912048 78.130376727 0.962505992
27.118581772 71.312705994 73.120878094 1.025355539
27.031229019 70.361610413 68.644993117 0.975602928
26.950317383 63.374828339 64.093725097 1.011343569
26.853172302 54.647033691 59.999722954 1.097950225
26.773292542 58.074001312 56.370934167 0.970674190
26.676147461 47.562908173 52.758090875 1.109227608
26.593175888 40.405776978 48.724723129 1.205885068
26.494485855 38.435371399 44.735765307 1.163921765
26.412801743 29.970483780 40.944909030 1.366174445
26.316429138 28.968725204 37.361012940 1.289701658
26.232425690 35.104949951 34.481065876 0.982228031
26.129611969 23.967906952 31.249642898 1.303811925
26.050247192 17.037376404 28.207110131 1.655601747
25.948980331 15.187453270 24.768057305 1.630823606
25.859308243 19.983610153 22.307228595 1.116276210
25.768346786 18.959510803 19.827518338 1.045782169
25.666822433 19.017356873 17.845416852 0.938375242
25.582561493 17.390047073 15.420883282 0.886764896
25.485158920 11.831101418 13.445582393 1.136460750
25.385179520 8.627546310 11.701340024 1.356276698
25.302722931 9.717871666 10.012761983 1.030345155
25.201713562 15.655818939 7.980242612 0.509730129
25.104309082 14.743823051 6.868800444 0.465876484
25.018503189 12.814509392 5.382953125 0.420067048
24.918266296 11.452499390 4.395070469 0.383765178
24.818286896 9.898594856 3.896666356 0.393658536
24.732479095 15.526558876 2.681459110 0.172701442
24.614463806 10.306718826 2.209035245 0.214329631
24.531749725 17.865594864 1.927412540 0.107884039
24.429450989 8.218224525 1.752032653 0.213188706
24.337974548 10.442361832 1.456645561 0.139493879
24.246498108 8.913592339 1.043948080 0.117118670
24.145231247 12.766236305 0.413344094 0.032377913
24.042417526 9.579436302 0.131368649 0.013713610
23.948623657 11.896528244 0.266195829 0.022375925
23.860239029 5.026238918 0.617983953 0.122951567
23.758714676 17.958150864 0.424266532 0.023625291
23.656415939 9.320519447 0.144788003 0.015534328
23.559785843 15.328680992 -0.494575961 -0.032264744
23.467794418 15.050214767 -0.422429715 -0.028068019
23.372196198 7.538018227 -0.523636973 -0.069466133
23.269382477 10.950621605 -0.543310247 -0.049614558
23.173011780 9.480895996 -0.694374253 -0.073239307
23.068908691 12.777405739 -0.440298249 -0.034459127
22.985679626 12.826078415 -0.787489379 -0.061397518
22.882608414 9.527572632 -0.538238827 -0.056492755
22.782629013 11.783226967 -0.542617451 -0.046049987
22.687288284 14.768557549 -0.571029604 -0.038665225
22.594266891 10.646622658 -0.739300541 -0.069439912
22.496089935 9.439805031 -0.406942698 -0.043109227
22.393276215 9.184877396 -0.159071516 -0.017318850
22.294069290 16.792423248 0.384166152 0.022877350
22.199245453 12.356117249 -0.117928813 -0.009544164
22.109056473 18.906848907 0.304289355 0.016094134
22.006244659 9.799257278 0.087623798 0.008941882
21.903430939 13.827836990 -0.070558264 -0.005102625
21.801132202 14.330113411 0.382585092 0.026697981
21.709913254 10.729604721 0.516318174 0.048120894
21.617923737 9.476108551 0.556406791 0.058716802
21.513046265 11.053152084 0.590241536 0.053400291
21.413841248 11.269382477 0.254490652 0.022582484
21.315666199 13.183535576 0.573684700 0.043515239
21.221355438 15.381341934 0.577354446 0.037536026
21.128334045 13.962681770 0.377388412 0.027028362
21.027065277 9.366397858 0.383023254 0.040893336
20.924509048 8.260513306 0.364075583 0.044074208
20.821697235 10.578003883 0.680489035 0.064330571
20.722490311 14.001379967 0.464718697 0.033190921
20.631271362 8.018751144 0.629387656 0.078489486
20.537220001 11.873389244 0.237984871 0.020043550
20.434663773 10.986127853 0.334749370 0.030470187
20.331592560 8.844573975 -0.013166849 -0.001488692
20.228778839 10.437174797 -0.185081369 -0.017732899
20.125450134 13.448436737 -0.146465290 -0.010890878
20.031911850 10.335444450 -0.213865503 -0.020692434
19.929355621 16.095460892 -0.278906038 -0.017328242
19.841745377 9.211207390 -0.209895426 -0.022786961
19.739189148 11.914879799 -0.416383995 -0.034946554
19.636119843 12.066081047 -0.668550715 -0.055407444
19.535108566 12.922623634 -0.845867399 -0.065456321
19.432809830 14.744221687 -0.554071551 -0.037578894
19.339014053 9.910963058 -0.132548983 -0.013373976
19.241098404 10.568030357 -0.149320590 -0.014129463
19.144725800 8.649088860 -0.210296339 -0.024314277
19.043201447 10.496219635 0.018335024 0.001746822
18.940128326 11.673914909 0.347717604 0.029785861
18.837831497 14.770153046 0.346598999 0.023466175
18.734502792 11.462871552 0.463964107 0.040475382
18.638130188 11.635216713 0.410419122 0.035273870
18.542274475 14.766563416 0.390867475 0.026469766
18.450025558 13.406148911 0.301665895 0.022502055
18.347469330 11.129750252 0.325656825 0.029260030
18.246202469 13.611207962 0.349910708 0.025707543
18.146738052 12.044937134 0.317045503 0.026321889
18.053201675 12.078049660 0.313221289 0.025933102
17.958890915 9.148571968 0.231872439 0.025345206
17.857107162 8.200671196 -0.126516425 -0.015427570
17.754808426 12.926612854 -0.371052072 -0.028704509
17.651737213 10.168284416 -0.454844004 -0.044731637
17.548923492 11.541065216 -0.338308376 -0.029313445
17.446367264 6.031189919 -0.434555306 -0.072051339
17.345100403 11.977515221 -0.410497029 -0.034272303
17.246667862 12.381251335 -0.618174188 -0.049928248
17.150810242 13.717329025 -0.737140135 -0.053737877
17.056758881 10.180651665 -0.616890261 -0.060594379
16.953172684 14.417083740 -0.686872909 -0.047642985
16.853193283 6.712993145 -0.733925924 -0.109329163
16.749864578 13.408942223 -0.928091824 -0.069214395
16.649368286 11.738145828 -0.898991107 -0.076587148
16.550678253 11.089455605 -0.655896723 -0.059145980
16.449668884 11.386672020 -0.427575993 -0.037550567
16.350719452 13.911617279 -0.427539230 -0.030732533
16.251771927 17.121555328 -0.223948148 -0.013079895
16.154884338 14.264685631 -0.276068258 -0.019353266
16.053102493 13.260931969 -0.359626186 -0.027119224
15.951061249 15.095295906 -0.299551096 -0.019844003
15.853142738 12.172202110 0.245131139 0.020138602
15.746463776 12.745092392 0.488702918 0.038344400
15.644424438 14.661639214 0.403884632 0.027547031
15.541868210 10.763515472 0.326119879 0.030298640
15.441888809 10.522949219 0.567550299 0.053934528
15.340879440 11.285738945 0.402877648 0.035697941
15.253525734 16.002105713 0.759519076 0.047463696
15.130870819 10.041020393 0.518575583 0.051645706
15.046352386 7.858373165 0.707722942 0.090059727
14.946114540 7.777387142 0.807605015 0.103840146
14.843044281 14.411499023 0.858234813 0.059552085
14.739973068 12.401597023 0.956687905 0.077142315
14.636901855 11.876181602 0.420224773 0.035383829
14.534088135 15.256870270 0.095847217 0.006282233
14.432046890 11.768067360 0.025947323 0.002204892
14.332583427 9.573053360 -0.200573108 -0.020951843
14.233119965 8.487115860 -0.203397925 -0.023965494
14.135459900 13.284869194 -0.429870365 -0.032357892
14.035223007 11.811950684 -0.346184860 -0.029308018
13.931120872 10.140756607 -0.178898123 -0.017641497
13.831657410 12.382448196 -0.291698597 -0.023557425
13.733738899 11.773253441 -0.186716904 -0.015859414
13.631956100 14.931727409 -0.217362343 -0.014557079
13.528627396 9.639678001 -0.391062504 -0.040568005
13.428389549 11.678703308 0.042994192 0.003681418
13.326865196 12.219676971 0.107921559 0.008831785
13.223535538 8.792710304 0.121269812 0.013792085
13.123557091 15.617120743 0.409362895 0.026212443
13.022289276 15.022289276 0.362525847 0.024132530
12.918702126 11.902912140 0.185424000 0.015578037
12.826454163 12.467024803 0.205093892 0.016450909
12.726732254 11.675511360 0.276517954 0.023683584
12.626237869 14.769354820 0.559928117 0.037911481
12.524196625 7.679644108 0.409771996 0.053358201
12.421126366 9.985166550 0.152516729 0.015274330
12.317796707 14.853933334 0.236859469 0.015945909
12.215241432 10.707262993 0.151381771 0.014138232
12.112426758 7.875129223 -0.003875309 -0.000492095
12.011417389 16.081895828 -0.162997381 -0.010135458
11.904223442 8.718107224 -0.045361486 -0.005203135
11.802698135 14.983192444 -0.055022573 -0.003672286
11.700915337 9.267060280 -0.003445245 -0.000371773
11.597328186 6.495965004 0.245591182 0.037806728
11.496317863 12.217283249 -0.080675556 -0.006603396
11.393246651 10.838517189 -0.345536866 -0.031880456
11.290176392 10.958202362 -0.067537520 -0.006163193
11.188392639 12.356117249 0.122231493 0.009892387
11.091247559 10.141554832 -0.026436285 -0.002606729
10.995649338 12.441492081 -0.446048182 -0.035851663
10.898246765 15.770715714 -0.287086415 -0.018203766
10.791567802 12.050921440 -0.155912393 -0.012937798
10.690815926 12.649743080 -0.502971730 -0.039761419
10.590064049 14.492883682 -0.668313655 -0.046113228
10.488281250 11.365926743 -0.581675106 -0.051177094
10.385725021 12.118742943 -0.761301808 -0.062820196
10.282137871 12.251194000 -0.283728083 -0.023159219
10.180096626 10.684922218 -0.477199637 -0.044661031
10.078572273 10.906738281 -0.278360896 -0.025521919
9.981169701 13.462401390 0.099298586 0.007375994
9.875779152 12.917836189 0.143048098 0.011073689
9.775542259 6.965527058 0.201422846 0.028917101
9.675305367 7.511686802 0.405334100 0.053960463
9.579191208 13.735679626 0.220515501 0.016054211
9.474059105 15.092903137 0.404576056 0.026805715
9.375883102 12.996828079 0.516457503 0.039737196
9.275646210 11.345581055 0.198291999 0.017477465
9.172833443 14.233966827 0.104361726 0.007331879
9.068215370 15.584008217 0.151095794 0.009695567
8.966947556 14.726268768 0.083557373 0.005674036
8.864907265 10.849687576 0.064626497 0.005956531
8.762866974 7.403572083 -0.207040789 -0.027964986
8.655929565 11.845064163 -0.407172590 -0.034374874
8.556208611 11.173633575 -0.393525652 -0.035219130
8.454683304 11.249034882 -0.085936019 -0.007639413
8.351612091 11.059933662 -0.034481458 -0.003117691
8.252662659 12.198532104 0.011856632 0.000971972
8.147273064 9.721860886 0.575592117 0.059205961
8.044975281 14.659246445 0.656138547 0.044759364
7.946541786 10.984533310 0.485333415 0.044183344
7.844501019 9.812023163 0.308210596 0.031411523
7.745037079 13.308806419 0.263562191 0.019803593
7.647891998 13.353487968 0.145305302 0.010881449
7.547140121 10.429196358 -0.085430179 -0.008191444
7.443553925 10.235307693 -0.452225027 -0.044182846
7.341771126 12.474604607 -0.767490767 -0.061524256
7.240502834 15.992930412 -0.405902679 -0.025380132
7.138462067 14.907391548 -0.065107297 -0.004367451
7.035390854 13.161594391 0.047634919 0.003619236
6.933093071 8.153594971 0.024480105 0.003002370
6.830794811 9.547122002 0.227576038 0.023837135
6.728754044 9.955644608 0.403633404 0.040543171
6.629290104 7.392402172 0.510821795 0.069100921
6.525960922 14.963643074 0.709405730 0.047408624
6.421858788 13.051484108 0.608732383 0.046640855
6.322394848 11.668728828 0.846137797 0.072513280
6.221642971 11.449307442 0.887669033 0.077530369
6.126043797 14.360432625 0.919037092 0.063997869
6.026064873 13.348300934 0.995012581 0.074542265
5.923767090 14.124654770 1.095830823 0.077582839
5.820179939 14.068403244 1.004251536 0.071383477
5.721231937 6.808740139 1.088944466 0.159933327
5.617903233 10.594361305 0.561858700 0.053033749
5.516376972 9.879844666 0.443784472 0.044918163
5.412790775 12.741102219 0.504294993 0.039580170
5.314873219 8.974231720 0.700431449 0.078049182
5.215666771 9.476108551 0.564120126 0.059530779
5.113883972 9.312938690 0.647571436 0.069534597
5.014678001 10.229323387 0.853932700 0.083478904
4.911348820 10.013092995 0.500602529 0.049994795
4.814977169 7.955317974 0.384424088 0.048322907
4.714997768 12.301859856 0.350381157 0.028481966
4.613214970 8.896836281 0.212129830 0.023843288
4.510400772 7.810101032 -0.115037860 -0.014729369
4.409133911 10.164693832 -0.226396392 -0.022272820
4.306062222 13.559345245 -0.377311163 -0.027826651
4.202991009 8.441237450 -0.769160265 -0.091119373
4.101466179 14.605787277 -0.270687066 -0.018532864
4.000970840 8.857339859 -0.583196900 -0.065843347
3.914649010 7.326176167 -0.599973133 -0.081894445
3.805135965 10.044610023 -0.875257739 -0.087137055
3.711082935 14.247929573 -0.516741019 -0.036267797
3.609299898 10.440366745 -0.694336371 -0.066504979
3.505970955 11.169645309 -0.451644557 -0.040434995
3.405219078 12.649344444 -0.309545170 -0.024471242
3.303178072 10.585185051 -0.417444817 -0.039436705
3.201395035 10.526539803 -0.394410538 -0.037468204
3.105281115 12.425932884 -0.568227975 -0.045729200
3.009682894 12.522478104 -0.622061585 -0.049675598
2.909446001 9.867477417 -0.439937207 -0.044584567
2.834976912 9.419458389 -0.454886366 -0.048292200
2.708456993 13.201887131 -0.704981456 -0.053400052
2.604355097 6.164837837 -0.644100385 -0.104479696
2.505405903 15.497435570 -0.983658481 -0.063472339
2.405426979 11.691469193 -0.953730338 -0.081574892
2.319878101 13.041110992 0.409386475 0.031391994
2.213713884 6.566578865 1.291788301 0.196721661
2.115024090 14.768957138 1.772357620 0.120005604
2.016333103 8.325142860 2.336539251 0.280660559
1.915580988 8.952289581 2.789028954 0.311543648
1.821786046 13.242979050 3.117173675 0.235383116
1.725929022 13.506284714 3.507655487 0.259705431
1.625177026 12.441093445 3.878338388 0.311736135
1.525712967 14.133831024 4.140342832 0.292938470
1.427796006 11.762083054 4.382258190 0.372575008
1.338381052 12.745491028 4.754567043 0.373039142
1.238659978 13.134065628 5.173905174 0.393930206
