0.000000000 0.000000000 0.583264773 inf
0.000000000 0.000000000 0.583264773 inf
0.000000000 0.000000000 0.583264773 inf
0.000000000 0.000000000 0.583264773 inf
0.000000000 0.000000000 0.583264773 inf
0.000000000 0.000000000 0.583264773 inf
0.000000000 0.000000000 0.583264773 inf
0.000000000 0.000000000 0.583264773 inf
0.000000000 0.000000000 0.583264773 inf
0.000000000 0.000000000 0.583264773 inf
0.000000000 0.000000000 0.583264773 inf
0.000000000 0.000000000 0.583264773 inf
12.832380295 8.329132080 0.583264773 0.070027077
12.932874680 8.019947052 0.583264773 0.072726761
13.037235260 7.950530052 0.583264773 0.073361747
13.136697769 7.670070171 0.583264773 0.076044255
13.237708092 7.791349888 0.579947019 0.074434729
13.330215454 8.131254196 0.577630577 0.071038313
13.424266815 7.836031914 0.574287484 0.073288048
13.527596474 8.068618774 0.572685510 0.070976895
13.630151749 7.645335197 0.570213146 0.074583145
13.732966423 8.327536583 0.565084013 0.067857284
13.833203316 8.308386803 0.559768376 0.067373894
13.937047005 8.311978340 0.555424935 0.066822231
14.040119171 8.224608421 0.549054466 0.066757521
14.132883072 7.972074032 0.536785617 0.067333245
14.227451324 8.211841583 0.504314356 0.061413064
14.328718185 8.076598167 -0.011837248 -0.001465623
14.428955078 8.040693283 0.007472583 0.000929346
14.531768799 7.988030910 -0.010018800 -0.001254227
14.634840012 7.859170914 -0.020019760 -0.002547312
14.737911224 7.874330997 -0.059026806 -0.007496104
14.839952469 8.121679306 -0.061931179 -0.007625416
14.937096596 7.903852940 -0.056387312 -0.007134155
15.021873474 8.359452248 -0.064599646 -0.007727737
15.124428749 8.216230392 -0.060076311 -0.007311907
15.227243423 7.653314114 -0.111466625 -0.014564491
15.329798698 7.757837772 -0.079788531 -0.010284893
15.423336029 8.231389999 -0.047749519 -0.005800906
15.517904282 8.210246086 -0.024030328 -0.002926871
15.616336823 7.996009827 0.002557574 0.000319856
15.718119621 7.767811775 0.020728131 0.002668465
15.820675850 7.954918861 0.021563364 0.002710696
15.923488617 8.019947052 0.025050323 0.003123502
16.025272369 7.724726200 0.030504903 0.003948995
16.123447418 7.901858807 0.041962331 0.005310438
16.226776123 7.720336914 0.031544849 0.004085942
16.318252563 8.188702583 0.028615094 0.003494460
16.414882660 7.992420197 0.049137327 0.006147991
16.516407013 8.074204445 0.045067183 0.005581625
16.617158890 8.049071312 0.056935131 0.007073503
16.722034454 7.583098888 0.063291361 0.008346372
16.818405151 8.211841583 0.029282763 0.003565919
16.908594131 8.232586861 -0.000069786 -0.000008477
17.006769180 8.086173058 0.026942733 0.003331951
17.109325409 8.211442947 0.029541900 0.003597650
17.211881638 8.340702057 0.042963497 0.005151065
17.314437866 7.824462891 0.025968229 0.003318851
17.415704727 7.986835003 0.037840152 0.004737816
17.504604340 8.051065445 0.034812802 0.004323999
17.600717545 8.207054138 0.012922970 0.001574617
17.701469421 8.000000000 0.001789036 0.000223629
17.804283142 8.116093636 -0.012475758 -0.001537163
17.907611847 8.254130363 -0.005085069 -0.000616064
18.009910583 8.091359138 -0.017436316 -0.002154930
18.109632492 7.878321171 -0.017700087 -0.002246683
18.191574097 7.906247139 -0.020218494 -0.002557281
18.294645309 7.825660229 -0.074188893 -0.009480209
18.396686554 7.802521229 -0.070156056 -0.008991460
18.498983383 8.225007057 -0.037628241 -0.004574858
18.593551636 7.845208168 -0.059794077 -0.007621732
18.686832428 8.228596687 -0.075794060 -0.009211055
18.784492493 7.990025997 -0.053169407 -0.006654472
18.886789322 8.277269363 -0.062609678 -0.007564050
18.989345551 7.985638142 -0.058468851 -0.007321751
19.082883835 7.990025997 -0.064511751 -0.008074035
19.173328400 7.994414806 -0.052378932 -0.006551941
19.273565292 8.143621445 -0.044668814 -0.005485129
19.376636505 8.025134087 -0.031662012 -0.003945356
19.479192734 7.902657032 0.002309571 0.000292252
19.576337814 8.005984306 0.031070126 0.003880863
19.668586731 7.991621971 0.000084890 0.000010622
19.763153076 7.644936085 -0.002607770 -0.000341111
19.866224289 7.924997807 -0.011797518 -0.001488646
19.967493057 8.346686363 -0.036699604 -0.004396907
20.055618286 7.620600224 -0.019756846 -0.002592558
20.150186539 7.555571079 -0.039219802 -0.005190845
20.252742767 8.002393723 -0.013431258 -0.001678405
20.355298996 8.010771751 -0.014472632 -0.001806646
20.454246521 8.069417000 0.003984505 0.000493779
20.538249969 7.842813969 0.015472815 0.001972865
20.639776230 7.956116199 0.000052655 0.000006618
20.741815567 8.089364052 -0.011900412 -0.001471118
20.839733124 8.055852890 0.019018059 0.002360775
20.928632736 8.244555473 0.044018915 0.005339150
21.025777817 8.333520889 0.014821870 0.001778584
21.128334045 7.609827995 0.008106472 0.001065264
21.227539062 8.020345688 0.015516576 0.001934652
21.309223175 8.009973526 -0.030449720 -0.003801476
21.412811279 7.792945862 -0.033861452 -0.004345141
21.515108109 8.015159607 -0.007922557 -0.000988447
21.616376877 7.820871830 -0.010806145 -0.001381706
21.703214645 8.138035774 -0.059028515 -0.007253411
21.798812866 7.954918861 -0.054724249 -0.006879297
21.901626587 7.958109856 -0.060602757 -0.007615220
21.995164871 8.137237549 -0.078457504 -0.009641786
22.082773209 7.707970142 -0.089836538 -0.011655019
22.184299469 7.741879940 -0.062713739 -0.008100583
22.273197174 8.254130363 -0.081111941 -0.009826831
22.366220474 8.293227196 -0.091397963 -0.011020796
22.468519211 7.572327137 -0.067426742 -0.008904362
22.569013596 7.800924778 -0.024618705 -0.003155870
22.651470184 8.028325081 -0.039837335 -0.004962098
22.752222061 7.550384998 -0.033666475 -0.004458908
22.831586838 7.924599171 -0.009390746 -0.001185012
22.938009262 7.939360142 -0.018154501 -0.002286645
23.035411835 8.233385086 -0.021083534 -0.002560737
23.133071899 7.625387192 -0.051622351 -0.006769801
23.216043472 7.984042168 -0.031440721 -0.003937945
23.318084717 7.810499191 -0.014332469 -0.001835026
23.403890610 7.543203831 -0.022117079 -0.002932054
23.499490738 7.859570026 0.012572561 0.001599650
23.591737747 8.348281860 0.038207242 0.004576659
23.679864883 7.506501198 0.117647471 0.015672744
23.781389236 7.633765221 0.336487199 0.044078798
23.860755920 7.943747997 0.683503468 0.086042945
23.963052750 8.118886948 1.199331811 0.147721211
24.046798706 7.975664139 1.939970626 0.243236249
24.143684387 7.891486168 3.029901003 0.383945551
24.228462219 8.178330421 4.419351103 0.540373264
24.322513580 7.906247139 6.243008871 0.789629866
24.405487061 7.763024807 8.469705568 1.091031625
24.504177094 7.527245998 11.196620771 1.487479056
24.589727402 7.954918861 14.336214087 1.802182315
24.684810638 8.091757774 17.977402791 2.221693147
24.765979767 7.709963799 22.040711326 2.858730845
24.865184784 8.155988693 26.630800053 3.265183542
24.943260193 8.485520363 31.755488299 3.742314783
25.040920258 9.322114944 37.412936626 4.013352855
25.122604370 11.009266853 43.538089366 3.954676542
25.200424194 13.110129356 50.113632262 3.822512418
25.286489487 16.785640717 57.262330860 3.411387854
25.379768372 20.511419296 64.849711161 3.161639388
25.457845688 26.356410980 72.940293127 2.767459241
25.535148621 32.603942871 81.457022931 2.498379514
25.613483429 40.133693695 90.452065386 2.253768768
25.689754486 48.184471130 99.822634256 2.071676453
25.772470474 57.682235718 109.812236553 1.903744458
25.853895187 67.409393311 118.960722734 1.764749939
25.925016403 77.667953491 126.810507161 1.632726259
26.000257492 88.220130920 133.552135713 1.513851026
26.077302933 100.388854980 139.829349555 1.392877223
26.154348373 112.963706970 145.435909721 1.287456951
26.230880737 125.774337769 150.932357461 1.200025062
26.307409286 139.447891235 156.066295245 1.119172860
26.376209259 153.537155151 161.265950515 1.050338274
26.437795639 167.897293091 166.737146425 0.993090141
26.514583588 183.257217407 172.516794610 0.941391543
26.590341568 198.975769043 178.125422033 0.895211627
26.644195557 215.360580444 184.041292579 0.854572792
26.720211029 231.834762573 189.833368798 0.818830475
26.775869370 249.021453857 194.907335502 0.782692947
26.849308014 269.266082764 197.972982925 0.735231786
26.850337982 268.802520752 198.073472122 0.736873566
26.774581909 249.025436401 195.347955827 0.784449808
26.721498489 230.991775513 190.663078091 0.825410678
26.645484924 214.529968262 184.956602861 0.862148092
26.590599060 198.948638916 179.071393710 0.900088559
26.515871048 182.137756348 173.368501996 0.951853726
26.439083099 166.529708862 167.496781413 1.005807207
26.372087479 151.925796509 161.830861287 1.065196728
26.308956146 138.178039551 156.545500922 1.132926053
26.232425690 124.819656372 151.259924930 1.211827763
26.155637741 111.683883667 145.646763538 1.304098306
26.078592300 99.739372253 139.960299241 1.403260278
26.001287460 87.577026367 133.685808999 1.526494042
25.930168152 76.189849854 126.789514016 1.664126052
25.850803375 66.502586365 118.916741067 1.788152124
25.771696091 56.949367523 109.582081410 1.924201904
25.691301346 46.932170868 99.553339513 2.121217444
25.614255905 39.427955627 90.080054944 2.284674757
25.536693573 32.112037659 81.085470406 2.525080198
25.459390640 25.757989883 72.526853255 2.815703150
25.381830215 20.537750244 64.380483617 3.134738852
25.288291931 16.494806290 56.795049007 3.443208002
25.202228546 13.431681633 49.683805249 3.699001108
25.124151230 10.641037941 43.123002040 4.052518399
25.043756485 9.508423805 37.000329059 3.891320982
24.945838928 8.331925392 31.406455734 3.769411541
24.866472244 7.926592827 26.336441128 3.322542447
24.774997711 7.462616920 21.740153169 2.913207713
24.686355591 7.943747997 17.695550571 2.227607242
24.595394135 7.703182220 14.123250889 1.833430715
24.505981445 7.876725197 11.008045588 1.397540896
24.410898209 7.786562920 8.343917217 1.071578988
24.324832916 7.759434223 6.206063408 0.799808753
24.231811523 7.782174110 4.421122855 0.568108962
24.145231247 7.844809055 3.035284962 0.386916360
24.050664902 7.639750004 1.994446110 0.261061698
23.964857101 7.899465084 1.244413148 0.157531318
23.863330841 7.648924828 0.699229645 0.091415416
23.781904221 7.839223862 0.354805497 0.045260284
23.681667328 7.821270943 0.171408305 0.021915659
23.593027115 7.611423969 0.045916161 0.006032532
23.501035690 7.610626221 0.024025404 0.003156823
23.406467438 7.637754917 0.022377325 0.002929830
23.320144653 7.591077805 0.048739436 0.006420621
23.217590332 7.844409943 0.061623655 0.007855741
23.133844376 7.738289833 0.072097684 0.009317005
23.037214279 7.696798801 0.070657922 0.009180170
22.938524246 7.513282776 0.050773613 0.006757847
22.832359314 7.739088058 0.050388003 0.006510845
22.753768921 7.693607807 0.042841036 0.005568394
22.652759552 7.646132946 0.046085736 0.006027326
22.569013596 7.645335197 0.047474845 0.006209649
22.470579147 8.033910751 0.034996506 0.004356098
22.367509842 7.694406033 0.038266813 0.004973329
22.277063370 7.808105946 0.013663230 0.001749878
22.186876297 7.936168194 0.013295724 0.001675333
22.084062576 7.505303860 0.017471383 0.002327872
21.998512268 7.564348221 0.051535830 0.006812990
21.903430939 7.598658085 0.077341669 0.010178333
21.800874710 7.309020996 0.085354795 0.011678007
21.703214645 7.553576946 0.098442510 0.013032569
21.615861893 7.544401169 0.104909174 0.013905567
21.517169952 7.900262833 0.090120645 0.011407297
21.415386200 7.637355804 0.096719171 0.012663960
21.311801910 7.715150833 0.086295202 0.011185161
21.230373383 7.479771137 0.059088271 0.007899743
21.130395889 7.699193001 0.058290842 0.007571033
21.027580261 7.645733833 0.066376692 0.008681533
20.937135696 7.647728920 0.029645642 0.003876398
20.842052460 7.883108139 0.020732353 0.002629972
20.743619919 7.528044224 -0.002599819 -0.000345351
20.641578674 7.657701969 -0.016528477 -0.002158412
20.539796829 7.194921970 -0.012115450 -0.001683889
20.457082748 7.263142109 -0.000866090 -0.000119244
20.357360840 7.568337917 -0.013970895 -0.001845966
20.255062103 7.218460083 -0.002911727 -0.000403372
20.155082703 7.392800808 0.016662557 0.002253890
20.064638138 7.749460220 0.006365987 0.000821475
19.970842361 7.609031200 -0.001667367 -0.000219130
19.868028641 7.644137859 -0.010499346 -0.001373516
19.764957428 7.952126026 -0.000008986 -0.000001130
19.669101715 7.602646828 -0.001724172 -0.000226786
19.578399658 7.461020947 -0.011815647 -0.001583650
19.480995178 7.750657082 -0.026968132 -0.003479464
19.378698349 7.648924828 -0.033342286 -0.004359081
19.276142120 7.755844116 -0.044482401 -0.005735340
19.177709579 7.468202114 -0.042765276 -0.005726315
19.089324951 7.599854946 -0.069472354 -0.009141274
18.991664886 7.433891773 -0.063249005 -0.008508196
18.888593674 7.778584003 -0.056433155 -0.007254939
18.786552429 7.710362911 -0.056058801 -0.007270579
18.688119888 7.342133999 -0.004308792 -0.000586858
18.595098495 7.816483974 -0.002105769 -0.000269401
18.500530243 7.419929028 -0.014014075 -0.001888707
18.399263382 7.680840969 -0.025852002 -0.003365778
18.297479630 7.292265892 -0.038334854 -0.005256919
18.194408417 7.707970142 -0.043093771 -0.005590807
18.112981796 7.625785828 -0.026798810 -0.003514236
18.012487411 7.760231972 -0.010348095 -0.001333478
17.909931183 7.623393059 -0.030022162 -0.003938163
17.807117462 7.448653221 -0.039363994 -0.005284713
17.704561234 7.590280056 -0.042559800 -0.005607145
17.605356216 7.915422916 -0.038002409 -0.004801059
17.513879776 7.891087055 -0.039038799 -0.004947202
17.418539047 7.857175827 -0.018732284 -0.002384099
17.317014694 7.675654888 -0.010096534 -0.001315397
17.214458466 7.223646164 -0.027861827 -0.003857031
17.112417221 7.838027000 -0.023262122 -0.002967854
17.010633469 7.718740940 -0.028901893 -0.003744379
16.917869568 7.865155220 -0.009919838 -0.001261239
16.824075699 7.855979919 -0.011757609 -0.001496645
16.724353790 7.418333054 0.022732345 0.003064347
16.620767593 7.411950111 0.021362635 0.002882188
16.520271301 7.546794891 0.010653934 0.001411716
16.419778824 7.830447197 -0.004666721 -0.000595971
16.322118759 7.776988029 0.015755788 0.002025950
16.227291107 7.572725773 0.050684200 0.006692993
16.126798630 7.739088058 0.039162743 0.005060382
16.026817322 7.708368778 0.019788454 0.002567139
15.925551414 7.544799805 -0.003560150 -0.000471868
15.822736740 7.376443863 -0.010416691 -0.001412156
15.721727371 7.851591110 -0.000443391 -0.000056471
15.626385689 7.886300087 0.023125120 0.002932316
15.524861336 7.587487221 -0.003745589 -0.000493653
15.419985771 7.591077805 -0.017255307 -0.002273104
15.331087112 7.664883137 -0.046351993 -0.006047319
15.228273392 7.480568886 -0.068645377 -0.009176492
15.126489639 7.639350891 -0.055916690 -0.007319560
15.024965286 7.875527859 -0.041117638 -0.005220937
14.938126564 7.825660229 0.002045623 0.000261399
14.841498375 7.387215137 -0.011003691 -0.001489559
14.739714622 7.320191860 -0.005315508 -0.000726143
14.637159348 7.923401833 0.004208532 0.000531152
14.534088135 7.728714943 -0.003511918 -0.000454399
14.431531906 7.806509972 -0.009556979 -0.001224232
14.329490662 7.566741943 0.014444558 0.001908953
14.227451324 7.465807915 0.048141873 0.006448314
14.128760338 7.708368778 0.488566150 0.063381263
14.039860725 7.916619778 0.514744076 0.065020689
13.937820435 7.828851223 0.526395549 0.067237904
13.835780144 7.936168194 0.533371573 0.067207695
13.735284805 7.837627888 0.538162176 0.068663910
13.631956100 7.728714943 0.542766720 0.070227292
13.529658318 7.721932888 0.546163494 0.070728858
13.426328659 7.135079861 0.548243746 0.076837787
13.332276344 7.727118969 0.550307510 0.071217683
13.239769936 7.467803001 0.554067927 0.074194235
13.139789581 7.602248192 0.558088194 0.073410941
13.038781166 7.710762024 0.559390134 0.072546673
