0.000000000 0.000000000 -0.589958293 -inf
0.000000000 0.000000000 -0.589958293 -inf
0.000000000 0.000000000 -0.589958293 -inf
0.000000000 0.000000000 -0.589958293 -inf
0.000000000 0.000000000 -0.589958293 -inf
0.000000000 0.000000000 -0.589958293 -inf
0.000000000 0.000000000 -0.589958293 -inf
0.000000000 0.000000000 -0.589958293 -inf
0.000000000 0.000000000 -0.589958293 -inf
0.000000000 0.000000000 -0.589958293 -inf
0.000000000 0.000000000 -0.589958293 -inf
0.000000000 0.000000000 -0.589958293 -inf
17.161891937 -9.141331673 -0.589958293 0.064537456
17.263673782 -17.689386368 -0.589958293 0.033350976
17.365457535 -6.383894920 -0.589958293 0.092413534
17.468013763 0.785440981 -0.589958293 -0.751117279
17.572372437 -11.623025894 -0.571426112 0.049163283
17.677762985 -8.038357735 -0.569451752 0.070841803
17.777999878 -5.556663990 -0.571597264 0.102866984
17.881845474 -20.171081543 -0.589683535 0.029234106
17.985431671 -8.038357735 -0.598171854 0.074414684
18.088760376 -12.450257301 -0.605762419 0.048654610
18.192861557 -6.383894920 -0.621031840 0.097281025
18.295160294 -15.207694054 -0.642880075 0.042273344
18.395654678 -1.971995950 -0.653642534 0.331462412
18.513414383 -16.862155914 -0.674690284 0.040012101
18.603601456 -11.071537971 -0.719374114 0.064975084
18.704868317 -3.074970961 -1.649944439 0.536572365
18.810001373 -13.828975677 -1.295258697 0.093662664
18.918226242 -16.034925461 -1.412558470 0.088092612
19.017690659 -18.240875244 -1.516393309 0.083131609
19.122049332 -5.280920982 -1.986522155 0.376169642
19.221256256 -10.244306564 -1.259251027 0.122922037
19.329223633 -11.623025894 -1.188455915 0.102250131
19.429718018 -17.137899399 -1.662136687 0.096986022
19.533563614 -14.104719162 -2.373780678 0.168296912
19.640499115 -13.828975677 -1.847029564 0.133562283
19.746919632 -16.310668945 -1.557709399 0.095502484
19.850507736 -17.965131760 -0.442484214 0.024630168
19.948940277 -13.277487755 -0.216691069 0.016320186
20.046600342 -13.828975677 0.458052871 -0.033122690
20.172346115 -12.174512863 -0.340394133 0.027959569
20.261503220 -6.935382843 0.260801241 -0.037604448
20.362770081 -7.762613773 0.549198502 -0.070749173
20.470996857 -6.659638882 0.083243557 -0.012499710
20.601123810 -17.689386368 0.162199131 -0.009169291
20.688991547 -32.303802490 -0.275500183 0.008528413
20.785879135 -0.869020998 0.176572887 -0.203185984
20.892816544 -15.207694054 0.144962998 -0.009532214
21.002328873 -27.616161346 0.887602884 -0.032140705
21.096124649 -17.689386368 0.723336119 -0.040890967
21.199453354 -9.141331673 0.310559098 -0.033973070
21.302009583 -8.589844704 0.287141651 -0.033428037
21.407915115 -0.593276978 0.153583424 -0.258873055
21.512273788 -6.108151913 0.350924906 -0.057451896
21.615087509 -11.898770332 0.402718596 -0.033845396
21.710687637 -22.101287842 0.717902599 -0.032482388
21.822261810 -4.453689098 0.364963363 -0.081946304
21.923271179 -17.965131760 0.768986103 -0.042804368
22.026084900 -20.446825027 0.849287652 -0.041536407
22.130701065 -9.141331673 1.194678908 -0.130689811
22.234804153 -15.207694054 0.826367175 -0.054338756
22.336587906 -13.553232193 -0.013268852 0.000979018
22.439659119 -17.137899399 1.175397922 -0.068584714
22.542730331 -2.799226999 1.154866910 -0.412566366
22.647090912 -11.898770332 1.164856567 -0.097897223
22.748615265 -19.068105698 0.403584513 -0.021165422
22.850656509 -13.001744270 0.613761787 -0.047206111
22.955530167 -12.174512863 0.973894433 -0.079994530
23.058086395 -4.453689098 0.844759784 -0.189676416
23.161672592 -11.071537971 0.900273998 -0.081314267
23.263198853 -5.832407951 0.492088842 -0.084371472
23.358282089 -18.516618729 -0.332085590 0.017934462
23.471918106 -11.623025894 -0.008962679 0.000771114
23.574731827 -16.586412430 -0.035949324 0.002167396
23.679607391 -13.828975677 0.209427208 -0.015144087
23.780359268 -14.656207085 0.078003003 -0.005322182
23.883945465 -6.935382843 -0.322703744 0.046530055
23.987274170 -4.177946091 -0.021910405 0.005244300
24.090087891 -9.692819595 0.214776157 -0.022158274
24.192901611 4.370109081 1.464467406 0.335110035
24.305250168 -17.137899399 3.131409393 -0.182718390
24.398529053 -9.692819595 6.174938017 -0.637063133
24.501342773 -7.762613773 9.995792361 -1.287683846
24.605445862 -24.582979202 15.201094505 -0.618358515
24.709032059 -17.137899399 22.345026155 -1.303836931
24.811845779 -19.619592667 31.038320440 -1.582006363
24.914144516 -16.310668945 41.433950489 -2.540297435
25.015153885 -15.207694054 52.872539710 -3.476696699
25.121574402 -7.486869812 66.230892549 -8.846272770
25.224130630 0.509697020 81.924973596 160.732690937
25.326686859 -16.586412430 99.430436108 -5.994692133
25.430015564 -15.207694054 118.665286478 -7.802976971
25.533859253 -5.005177021 140.786171998 -28.128110436
25.635385513 -1.696251988 166.362516202 -98.076534229
25.734075546 1.336928010 192.394069987 143.907576586
25.817306519 18.708782196 222.656887977 11.901196221
25.919347763 52.073772430 254.204633349 4.881625077
25.997938156 63.930751801 287.990860927 4.504731335
26.082199097 92.056610107 324.639078777 3.526515678
26.175220490 123.215644836 361.911703267 2.937222004
26.255102158 165.128692627 402.563167788 2.437875341
26.333177567 198.769424438 445.352055741 2.240546085
26.410224915 241.509704590 490.715895289 2.031868227
26.486238480 281.216796875 538.569625485 1.915140317
26.565088272 341.604675293 588.699532054 1.723335700
26.629507065 387.378112793 641.575959589 1.656200850
26.694700241 435.633270264 693.793433960 1.592608924
26.771230698 494.090942383 746.248216338 1.510345874
26.847761154 568.541748047 798.546209432 1.404551578
26.904966354 604.388427734 849.909524183 1.406230638
26.977373123 678.839233398 899.955687233 1.325727275
27.044628143 754.117248535 949.892866109 1.259608990
27.106985092 804.302612305 999.778366904 1.243037573
27.167282104 874.617248535 1049.632233404 1.200104657
27.235052109 937.486816406 1099.992168179 1.173341480
27.291484833 1014.695068359 1148.832591868 1.132194910
27.360284805 1089.421630859 1198.619732328 1.100234931
27.415941238 1164.699584961 1247.078425639 1.070729690
27.476238251 1244.941040039 1295.390145278 1.040523289
27.524425507 1320.494873047 1343.974230215 1.017780726
27.595802307 1411.765991211 1390.389504525 0.984858336
27.648111343 1492.558959961 1439.082590441 0.964171352
27.699388504 1573.627563477 1488.830328231 0.946113530
27.751440048 1650.560058594 1539.541005453 0.932738556
27.807613373 1737.970825195 1589.702076407 0.914688586
27.862756729 1830.620727539 1639.345700853 0.895513569
27.915323257 1908.104736328 1690.017623583 0.885704852
27.969177246 2004.339233398 1741.848307068 0.869038673
28.022516251 2102.503906250 1791.071273910 0.851875361
28.068384171 2198.187011719 1844.384348124 0.839047969
28.118116379 2295.248779297 1893.259381956 0.824860206
28.167074203 2394.516601562 1945.876680548 0.812638626
28.215776443 2483.857421875 1996.410687068 0.803754140
28.266796112 2583.676757812 2047.698892271 0.792552275
28.318073273 2698.386230469 2100.396857404 0.778390000
28.368579865 2777.524658203 2153.892326101 0.775471901
28.420114517 2898.576171875 2205.110882521 0.760756576
28.454128265 2989.847167969 2259.358290719 0.755676850
28.498449326 3109.244384766 2314.516631343 0.744398428
28.549726486 3213.475341797 2366.742966024 0.736505719
28.597654343 3325.151611328 2422.987572423 0.728684841
28.629865646 3423.592041016 2479.583898716 0.724263834
28.678823471 3540.507324219 2533.605925356 0.715605334
28.724948883 3644.462890625 2590.388312570 0.710773683
28.757673264 3765.514404297 2644.383810607 0.702263629
28.807662964 3871.399902344 2701.887896150 0.697909791
28.841419220 3984.730468750 2762.154714504 0.693184830
28.884965897 4103.852050781 2819.670262961 0.687078927
28.929544449 4222.421386719 2879.712410088 0.682004979
28.963043213 4338.509765625 2940.818634542 0.677840732
29.008136749 4446.876953125 3001.560324634 0.674981646
29.039831161 4556.898925781 3054.470300563 0.670295820
29.090850830 4713.520996094 3108.939108655 0.659578924
29.117908478 4807.549804688 3171.487506892 0.659688955
29.161197662 4914.262695312 3234.068575517 0.658098432
29.194953918 5061.233886719 3290.543242326 0.650146450
29.233863831 5188.352050781 3351.177128501 0.645903959
29.271741867 5307.197265625 3418.007495633 0.644032495
29.299312592 5431.557617188 3482.398922153 0.641141854
29.342088699 5551.230468750 3543.203970327 0.638273621
29.375070572 5676.693847656 3610.356880263 0.635996405
29.402385712 5797.469726562 3667.384279255 0.632583602
29.448509216 5924.587402344 3732.116102318 0.629936880
29.477884293 6063.010742188 3797.870626037 0.626400115
29.504682541 6187.095703125 3864.719557523 0.624641955
29.543077469 6321.658691406 3940.066848154 0.623264722
29.580698013 6450.430664062 4007.680125255 0.621304272
29.607238770 6575.618652344 4079.632517563 0.620418052
29.636871338 6722.313964844 4146.803796886 0.616871485
29.674234390 6847.226074219 4221.354078550 0.616505726
29.708248138 6974.895507812 4286.139546816 0.614509499
29.735305786 7133.172363281 4357.477295839 0.610875088
29.761846542 7256.429687500 4430.525323146 0.610565459
29.788902283 7378.859863281 4502.693662593 0.610215365
29.820596695 7519.213378906 4584.235043992 0.609669498
29.854610443 7653.225097656 4656.664687138 0.608457824
29.888622284 7787.236328125 4729.061921549 0.607283730
29.913618088 7920.972167969 4809.285405721 0.607158478
29.941963196 8067.667480469 4868.373746018 0.603442539
29.967731476 8218.499023438 4940.319745329 0.601121900
29.994014740 8368.228515625 5016.897330994 0.599517248
30.019781113 8493.691406250 5084.690289383 0.598643163
30.046838760 8629.082031250 5143.721335230 0.596091371
30.071575165 8753.717773438 5213.091996307 0.595528909
30.100692749 8916.407226562 5283.281852028 0.592534831
30.125688553 9045.178710938 5343.787833997 0.590788530
30.153259277 9181.121093750 5400.490884651 0.588216932
30.180315018 9342.155273438 5481.316063176 0.586729283
30.205568314 9493.262695312 5556.487997299 0.585308568
30.229789734 9632.513671875 5628.192457867 0.584291147
30.254526138 9774.796875000 5697.909783352 0.582918485
30.279005051 9907.154296875 5761.025060834 0.581501498
30.303485870 10051.643554688 5821.654632735 0.579174401
30.330284119 10174.625000000 5880.232898321 0.577931167
30.354764938 10348.343750000 5943.131698586 0.574307526
30.380016327 10486.491210938 6013.118719610 0.573415702
30.406042099 10627.948242188 6084.488599612 0.572498893
30.431552887 10777.401367188 6156.855947178 0.571274627
30.456804276 10955.255859375 6231.173885320 0.568783967
30.479995728 11076.031250000 6315.996953052 0.570240081
30.506021500 11240.925781250 6395.784915179 0.568973147
30.519678116 11353.705078125 6472.030009539 0.570036826
30.537456512 11538.454101562 6547.402094152 0.567441881
30.561422348 11657.023437500 6634.613080624 0.569151561
30.586673737 11798.480468750 6720.675304385 0.569622107
30.611927032 11961.996093750 6797.254066906 0.568237442
30.635633469 12127.442382812 6892.153442696 0.568310549
30.652896881 12283.513671875 6992.562209259 0.569264007
30.674285889 12409.528320312 7080.029484330 0.570531716
30.691291809 12547.675781250 7154.010181385 0.570146241
30.714998245 12713.949218750 7251.199576011 0.570334162
30.740249634 12871.674804688 7346.561412536 0.570754119
30.761638641 13031.605468750 7415.297086855 0.569024063
30.778387070 13170.581054688 7483.934290956 0.568231140
30.792816162 13329.133789062 7570.453753392 0.567962920
30.818326950 13483.274414062 7631.433561289 0.565992601
30.843837738 13655.614257812 7693.395301350 0.563386982
30.859554291 13795.140625000 7775.820328282 0.563663723
30.871150970 13930.805664062 7870.589244030 0.564977320
30.895114899 14091.289062500 7950.273037141 0.564197711
30.920625687 14239.363281250 8046.256777525 0.565071388
30.935569763 14426.593750000 8107.650298465 0.561993388
30.947938919 14563.637695312 8190.183897524 0.562372126
30.972675323 14702.336914062 8286.288156265 0.563603474
30.996898651 14887.361328125 8344.942274364 0.560538707
31.004112244 15016.684570312 8438.400455336 0.561934987
31.024211884 15193.988281250 8519.767963594 0.560732824
31.049980164 15334.617187500 8584.453191203 0.559808770
31.062606812 15466.147460938 8659.092480003 0.559873912
31.076778412 15641.520507812 8731.462748106 0.558223399
31.101514816 15793.730468750 8845.176269621 0.560043511
31.114398956 15931.327148438 8931.308581992 0.560612967
31.129087448 16098.703125000 9004.364121490 0.559322329
31.152793884 16255.601562500 9104.417214830 0.560078763
31.170831680 16412.775390625 9201.020172223 0.560601114
31.179849625 16598.902343750 9300.081499579 0.560282922
31.204587936 16722.435546875 9360.438048501 0.559753274
31.213863373 16893.396484375 9444.686383396 0.559075636
31.230611801 17050.019531250 9557.562924265 0.560560233
31.255092621 17181.548828125 9617.873022838 0.559779163
31.264368057 17362.712890625 9705.888865846 0.559007623
31.281890869 17502.513671875 9795.012977323 0.559634642
31.300701141 17669.890625000 9921.719832027 0.561504315
31.309461594 17801.144531250 9978.792156384 0.560570257
31.333425522 18000.232421875 10082.220155135 0.560116110
31.341413498 18149.685546875 10180.340124309 0.560910000
31.359451294 18299.138671875 10261.529360460 0.560765703
31.375684738 18464.308593750 10344.586778381 0.560247719
31.387796402 18652.640625000 10463.441494169 0.560963013
31.410728455 18803.472656250 10534.696371515 0.560252702
31.417171478 18932.246093750 10622.854140930 0.561098461
31.436754227 19098.519531250 10737.299847185 0.562205873
31.451700211 19249.351562500 10799.111784103 0.561011718
31.462522507 19395.494140625 10904.462439482 0.562216274
31.485456467 19568.662109375 11017.531839376 0.563019167
31.488548279 19729.972656250 11066.121810511 0.560878720
31.513027191 19890.730468750 11195.207608085 0.562835419
31.515861511 20035.496093750 11271.452229284 0.562574152
31.538537979 20192.394531250 11365.593024203 0.562865043
31.542402267 20348.740234375 11451.932781641 0.562783379
31.565078735 20511.980468750 11553.015375913 0.563232565
31.574354172 20669.707031250 11648.868090761 0.563571998
31.591104507 20833.222656250 11767.337465680 0.564835199
31.598060608 20973.025390625 11853.916870293 0.565198232
31.616872787 21142.882812500 11990.527339600 0.567118848
31.623571396 21294.541015625 12061.403436817 0.566408237
31.642639160 21448.683593750 12166.919259645 0.567257156
31.655265808 21606.683593750 12282.764418203 0.568470601
31.668664932 21771.302734375 12343.459955903 0.566960099
31.678457260 21915.240234375 12462.095834294 0.568649748
31.694433212 22084.271484375 12507.450323588 0.566351049
31.697525024 22226.279296875 12643.113908198 0.568836274
31.718912125 22390.898437500 12694.316047072 0.566940897
31.723550797 22535.939453125 12801.822485095 0.568062517
31.744165421 22704.419921875 12883.182094411 0.567430577
31.746484756 22852.494140625 12988.404769592 0.568358302
31.767871857 23010.218750000 13073.503088917 0.568160748
31.771736145 23170.150390625 13171.352903467 0.568462124
31.789258957 23324.291015625 13232.167071513 0.567312724
31.797504425 23472.640625000 13385.366156876 0.570253955
31.811677933 23629.539062500 13439.500271625 0.568758461
31.823272705 23777.613281250 13581.025376557 0.571168570
31.826622009 23920.173828125 13652.765227819 0.570763629
31.847494125 24085.068359375 13696.973278684 0.568691484
31.850328445 24225.146484375 13793.718222989 0.569396690
31.866304398 24390.316406250 13867.200484270 0.568553530
31.874807358 24543.630859375 13916.594286992 0.567014488
31.887434006 24690.050781250 14082.140146878 0.570356873
31.900060654 24836.470703125 14121.287194047 0.568570606
31.903926849 24982.062500000 14234.300930665 0.569780855
31.922735214 25139.511718750 14314.573402802 0.569405387
31.926343918 25291.447265625 14390.630226775 0.568991963
31.939743042 25445.863281250 14437.876101047 0.567395806
31.951595306 25588.146484375 14585.142170311 0.569996040
31.953657150 25740.357421875 14605.875901462 0.567430967
31.971952438 25875.472656250 14695.276941127 0.567923034
31.978651047 26053.603515625 14790.606583726 0.567699074
31.989990234 26187.337890625 14871.365972696 0.567883839
32.003646851 26334.585937500 14989.558034042 0.569196648
32.005191803 26476.593750000 14958.987219058 0.564989113
32.020397186 26627.425781250 15066.071478181 0.565810289
32.029155731 26760.609375000 15100.259562060 0.564271887
32.033023834 26910.890625000 15142.239705128 0.562680735
32.048999786 27052.621093750 15184.177884220 0.561283058
32.055183411 27176.154296875 15173.064321118 0.558322718
32.059307098 27318.439453125 15263.375941725 0.558720639
32.078887939 27451.347656250 15211.299804892 0.554118508
32.081207275 27597.492187500 15298.427918304 0.554341236
32.086620331 27730.400390625 15357.255980660 0.553805779
32.104141235 27875.166015625 15287.886928701 0.548441108
32.106716156 27993.458984375 15531.119418698 0.554812445
32.112903595 28152.564453125 15526.756979047 0.551521941
32.111358643 28138.777343750 15531.180739013 0.551949381
32.106716156 28008.625000000 15598.679499492 0.556924144
32.104400635 27876.820312500 15371.610561502 0.551411904
32.086105347 27733.708984375 15427.677872681 0.556278927
32.080951691 27599.146484375 15387.434501613 0.557532984
32.077857971 27484.712890625 15296.139239731 0.556532619
32.061107635 27329.468750000 15361.984200807 0.562103286
32.055183411 27185.253906250 15219.798407184 0.559854929
32.050285339 27044.625000000 15219.218449592 0.562744666
32.031993866 26902.341796875 15206.846744332 0.565261079
32.028900146 26767.503906250 15186.704695716 0.567356028
32.023487091 26620.531250000 15199.774080982 0.570979367
32.004936218 26482.935546875 15080.961718992 0.569459594
32.002616882 26323.003906250 15103.596383368 0.573779362
31.993082047 26199.195312500 15032.509271452 0.573777518
31.978651047 26050.570312500 14926.739724091 0.572990900
31.973499298 25884.296875000 14857.825448242 0.574009235
31.955204010 25746.423828125 14746.799950134 0.572770807
31.952110291 25593.386718750 14731.279336140 0.575589292
31.940258026 25441.451171875 14566.739515709 0.572559302
31.927116394 25290.343750000 14522.143385273 0.574216924
31.924539566 25139.511718750 14437.110951247 0.574279688
31.903667450 25002.466796875 14348.838734251 0.573896922
31.900575638 24846.671875000 14228.685469295 0.572659612
31.891042709 24696.392578125 14186.654758118 0.574442389
31.875839233 24536.460937500 14020.510922393 0.571415371
31.871974945 24396.658203125 13942.457717702 0.571490472
31.851617813 24236.451171875 13866.896131811 0.572150437
31.848524094 24088.101562500 13737.810893384 0.570315218
31.832548141 23928.445312500 13652.649527421 0.570561495
31.823272705 23793.607421875 13579.189060560 0.570707452
31.818376541 23654.357421875 13404.116349284 0.566665841
31.798278809 23470.986328125 13332.891958602 0.568058443
31.792093277 23330.632812500 13177.389974630 0.564810654
31.772766113 23165.462890625 13093.735495310 0.565226586
31.770963669 23012.425781250 12968.238989593 0.563532029
31.750606537 22842.843750000 12883.931116944 0.564024832
31.745195389 22701.111328125 12777.534756579 0.562859438
31.726385117 22534.837890625 12670.894332501 0.562280252
31.720201492 22394.759765625 12549.797849712 0.560389930
31.701648712 22234.828125000 12504.586193169 0.562387356
31.694433212 22076.550781250 12380.749014605 0.560809935
31.678972244 21925.718750000 12347.216922410 0.563138525
31.668664932 21775.164062500 12214.682214517 0.560945588
31.653720856 21611.646484375 12154.594467222 0.562409462
31.642896652 21444.822265625 12060.669350165 0.562404724
31.623056412 21312.464843750 11934.832308488 0.559993056
31.617130280 21154.740234375 11895.334109953 0.562301119
31.598833084 20971.921875000 11770.753877189 0.561262527
31.591362000 20850.318359375 11697.304311402 0.561013223
31.572036743 20673.291015625 11584.783174285 0.560374406
31.565336227 20502.330078125 11527.810824489 0.562268327
31.541887283 20344.328125000 11456.359074070 0.563122999
31.538021088 20194.599609375 11365.563602695 0.562802126
31.514831543 20026.671875000 11286.331471783 0.563565007
31.513027191 19894.867187500 11211.722459366 0.563548495
31.489578247 19726.939453125 11083.220006943 0.561831704
31.483909607 19568.662109375 11030.480136294 0.563680852
31.462779999 19423.068359375 10927.002267081 0.562578583
31.452730179 19259.552734375 10832.044207018 0.562424494
31.436754227 19104.861328125 10755.715675524 0.562983185
31.415882111 18939.691406250 10658.517925503 0.562760908
31.410728455 18785.273437500 10570.026291481 0.562676201
31.387796402 18637.751953125 10494.105945104 0.563056423
31.375684738 18459.345703125 10369.899210698 0.561769598
31.359451294 18301.619140625 10302.142850424 0.562908821
31.346567154 18159.335937500 10209.328858164 0.562208271
31.332910538 17977.345703125 10129.622430242 0.563465964
31.309719086 17824.859375000 10034.908527322 0.562972662
31.301731110 17677.886718750 9976.135179529 0.564328493
31.282148361 17511.613281250 9857.563814268 0.562915801
31.261533737 17360.781250000 9795.752112002 0.564246042
31.255348206 17207.193359375 9721.353127305 0.564958673
31.231643677 17041.746093750 9648.020808528 0.566140392
31.215150833 16884.847656250 9544.916668553 0.565294805
31.204587936 16738.980468750 9486.770817336 0.566747230
31.180622101 16576.566406250 9408.770348737 0.567594646
31.172891617 16414.154296875 9292.839440531 0.566147928
31.153566360 16263.874023438 9203.631646792 0.565894180
31.129859924 16124.347656250 9134.358918370 0.566494789
31.121356964 15952.558593750 9056.450372022 0.567711463
31.102031708 15795.936523438 8958.896867994 0.567164654
31.080127716 15636.004882812 8864.597984584 0.566934972
31.065956116 15467.250000000 8821.205811470 0.570315073
31.050237656 15322.760742188 8736.762312960 0.570181997
31.024984360 15165.310546875 8655.532399260 0.570745477
31.012359619 15011.169921875 8551.155120110 0.569652810
30.998958588 14860.337890625 8439.118229374 0.567895447
30.973449707 14703.440429688 8386.385066975 0.570368895
30.954896927 14555.365234375 8301.665543101 0.570350892
30.944332123 14408.394531250 8210.995598589 0.569875817
30.921398163 14246.532226562 8125.406158113 0.570342735
30.897434235 14097.080078125 8021.937861864 0.569049606
30.877077103 13942.938476562 7963.760396706 0.571168008
30.869089127 13769.771484375 7888.327721924 0.572872813
30.844352722 13627.211914062 7802.246664618 0.572549008
30.819614410 13470.038085938 7728.503652578 0.573755145
30.800031662 13319.207031250 7646.401757941 0.574088363
30.791271210 13167.547851562 7549.673962544 0.573354587
30.766275406 13014.785156250 7458.616052401 0.573087912
30.741539001 12862.023437500 7371.160576666 0.573094942
30.717058182 12720.291015625 7276.380896143 0.572029436
30.699022293 12580.764648438 7202.547583017 0.572504755
30.686395645 12404.289062500 7132.771407972 0.575024604
30.663719177 12279.652343750 7052.467827381 0.574321457
30.638210297 12107.313476562 6970.669313164 0.575740384
30.612442017 11938.833984375 6909.578339100 0.578748172
30.592601776 11813.645507812 6836.822673855 0.578722518
30.577913284 11659.229492188 6756.281520824 0.579479246
30.554464340 11524.942382812 6675.980909322 0.579263712
30.534622192 11364.183593750 6616.349705660 0.582210737
30.509370804 11225.484375000 6536.047878845 0.582250855
30.483602524 11064.725585938 6461.534498628 0.583976028
30.457834244 10914.997070312 6377.699863793 0.584306145
30.433612823 10780.158203125 6303.872166701 0.584766202
30.410936356 10636.220703125 6223.537178131 0.585126743
30.387746811 10476.013671875 6131.722384763 0.585310651
30.369451523 10339.244140625 6030.396829666 0.583253161
30.344455719 10199.717773438 5933.204454856 0.581702807
30.320234299 10046.956054688 5857.949549791 0.583057149
30.296527863 9906.327148438 5776.728204575 0.583135214
30.274883270 9756.322265625 5703.267506047 0.584571455
30.247312546 9612.659179688 5633.091523984 0.586007620
30.223348618 9469.548828125 5550.774506804 0.586170958
30.197322845 9312.925781250 5473.844124252 0.587768469
30.170524597 9174.227539062 5395.615678846 0.588127519
30.142951965 9052.348632812 5327.093507423 0.588476397
30.121822357 8901.516601562 5263.040360347 0.591252097
30.089355469 8751.236328125 5188.532138259 0.592891329
30.059463501 8618.328125000 5106.996169078 0.592573884
30.031892776 8476.595703125 5023.552262288 0.592637945
30.001228333 8339.275390625 4951.189454435 0.593719385
29.970565796 8194.509765625 4881.157141287 0.595661886
29.943508148 8058.292480469 4801.038476320 0.595788560
29.916967392 7921.247558594 4731.850985643 0.597361836
29.890943527 7796.060058594 4659.920920763 0.597727684
29.864917755 7649.916015625 4586.852591220 0.599595157
29.835025787 7494.672363281 4528.350499684 0.604209268
29.803331375 7382.444335938 4462.207371226 0.604434950
29.768030167 7237.127441406 4391.509222989 0.606802804
29.736335754 7086.020019531 4335.374041149 0.611820744
29.710567474 6967.726074219 4267.515770479 0.612468935
29.684541702 6824.063476562 4206.667764422 0.616446166
29.651559830 6723.968750000 4146.783197487 0.616716608
29.609043121 6555.489257812 4081.043224227 0.622538313
29.581985474 6450.982421875 4013.929787217 0.622219923
29.555961609 6310.904296875 3943.989719049 0.624948428
29.519886017 6168.620605469 3870.115843907 0.627387562
29.479173660 6061.907714844 3801.814034684 0.627164618
29.453147888 5920.727050781 3732.295058461 0.630377828
29.416299820 5800.502929688 3669.841664803 0.632676461
29.377647400 5661.527832031 3597.331707110 0.635399456
29.349559784 5522.277343750 3540.453411847 0.641121985
29.311424255 5409.222656250 3483.660273532 0.644022348
29.272771835 5299.752441406 3422.321979104 0.645751291
29.246231079 5166.292480469 3360.761636552 0.650517107
29.200622559 5051.307128906 3296.875257743 0.652677648
29.169443130 4901.026855469 3238.026399018 0.660683260
29.128471375 4785.766113281 3180.214783705 0.664515296
29.092655182 4692.840332031 3118.859853581 0.664599610
29.046531677 4531.806152344 3061.628356706 0.675586787
29.014835358 4461.767089844 2997.706547799 0.671865314
28.973091125 4345.403320312 2937.596579683 0.676023918
28.937789917 4219.388671875 2884.313497347 0.683585638
28.890634537 4085.652832031 2825.421159955 0.691547049
28.859455109 3979.767089844 2771.381747369 0.696367824
28.809724808 3884.359863281 2715.355705510 0.699048441
28.779060364 3751.175537109 2659.509137199 0.708980188
28.731647491 3634.536132812 2607.268599207 0.717359383
28.683462143 3502.454833984 2550.860081313 0.728306346
28.645582199 3409.804931641 2493.360673412 0.731232643
28.603065491 3332.321044922 2442.270818168 0.732903818
28.553077698 3178.456054688 2385.569777122 0.750543577
28.507982254 3090.493652344 2333.228283866 0.754969447
28.472423553 3008.597900391 2278.818242357 0.757435296
28.422433853 2873.483398438 2220.491719902 0.772752584
28.371156693 2784.693847656 2166.542022367 0.778018030
28.321939468 2681.565673828 2111.351344941 0.787357686
28.284061432 2577.886230469 2057.012614397 0.797945460
28.236131668 2476.963867188 2001.779586552 0.808158574
28.187173843 2377.144775391 1949.043708013 0.819909552
28.137441635 2279.255615234 1897.009864812 0.832293602
28.086936951 2183.848388672 1839.469526842 0.842306424
28.035659790 2092.577148438 1789.643047920 0.855233963
27.984638214 2012.887329102 1734.925676331 0.861908986
27.932844162 1912.240844727 1686.369018180 0.881881078
27.881309509 1811.594360352 1632.770366324 0.901289164
27.829774857 1741.555419922 1581.000019290 0.907809192
27.768703461 1645.045166016 1532.629513545 0.931664094
27.707891464 1550.465087891 1480.453132131 0.954844545
27.651460648 1475.738525391 1428.031091943 0.967672164
27.598894119 1401.287719727 1380.964926673 0.985497059
27.545555115 1311.671020508 1329.624960966 1.013687838
27.492729187 1234.462768555 1278.176043930 1.035410769
27.426507950 1163.045166016 1230.016001462 1.057582317
27.366468430 1077.013183594 1181.368975302 1.096893699
27.313129425 1022.415893555 1134.003457110 1.109141069
27.240205765 942.174438477 1086.198820554 1.152863818
27.185836792 866.069213867 1037.370319602 1.197791473
27.112140656 815.332336426 987.206258856 1.210802289
27.057254791 736.469665527 936.748526039 1.271944480
26.981754303 689.041748047 887.080426895 1.287411727
26.925838470 610.454772949 840.163317142 1.376290848
26.851884842 547.309448242 789.863894318 1.443176062
26.776641846 497.951354980 739.235878837 1.484554408
26.708614349 442.802612305 688.707095289 1.555336568
26.643938065 380.760284424 637.676580393 1.674745520
26.568180084 347.671020508 587.511170923 1.689847978
26.490362167 298.312896729 539.160902057 1.807367056
26.413057327 235.994827271 491.594034386 2.083071227
26.336269379 202.354095459 445.363259620 2.200910531
26.259223938 156.856384277 403.461923540 2.572174065
26.180374146 128.454772949 361.705857595 2.815822638
26.090444565 96.192764282 322.632882811 3.354024445
26.001546860 73.581779480 286.210811722 3.889696794
25.923727036 52.625259399 252.462145355 4.797356787
25.823490143 18.708782196 221.666583862 11.848263641
25.741033554 -6.935382843 192.255796338 -27.721007000
25.641054153 -8.865589142 166.049514087 -18.729664936
25.538497925 -15.207694054 142.874679979 -9.394894418
25.435169220 -16.862155914 120.650653612 -7.155114342
25.332098007 -16.310668945 100.673237121 -6.172232265
25.229026794 -21.274055481 83.398891107 -3.920215926
25.128789902 -16.034925461 67.184094546 -4.189860109
25.022626877 -7.762613773 51.677432323 -6.657220600
24.919555664 -4.729433060 40.671066799 -8.599564955
24.826532364 -14.380462646 30.065605937 -2.090725916
24.713411331 -8.865589142 22.307000093 -2.516132852
24.612144470 -4.177946091 16.335807377 -3.910009134
24.507268906 -0.317534000 10.741355285 -33.827417837
24.403425217 -17.413644791 6.549626816 -0.376120387
24.302158356 -13.001744270 3.189768949 -0.245333925
24.198312759 -13.828975677 1.064081283 -0.076945777
24.095241547 -12.174512863 0.695896718 -0.057160128
23.992170334 -20.446825027 1.278907593 -0.062547979
23.889099121 -9.417076111 1.674813417 -0.177848559
23.786285400 -11.071537971 1.271487066 -0.114842858
23.682699203 -13.001744270 1.729636532 -0.133031115
23.579885483 -14.656207085 2.347623272 -0.160179456
23.478874207 6.024571896 3.084919160 0.512056162
23.372196198 -19.619592667 3.005029430 -0.153164721
23.270156860 -5.832407951 1.981045989 -0.339661767
23.167341232 -18.516618729 1.905186644 -0.102890634
23.064012527 -29.822111130 0.962036441 -0.032259166
22.961200714 -12.450257301 0.188982268 -0.015178985
22.858127594 -19.343849182 -0.070236773 0.003630962
22.754541397 -17.965131760 0.508173146 -0.028286636
22.652242661 -7.762613773 -0.042572917 0.005484353
22.550203323 -12.450257301 0.198739207 -0.015962659
22.458469391 -27.064674377 -0.115749314 0.004276767
22.341741562 -18.240875244 0.513242388 -0.028136939
22.239442825 -3.074970961 -0.247414812 0.080460861
22.136629105 -17.413644791 -0.113979707 0.006545425
22.031496048 -14.931949615 -0.002190557 0.000146703
21.929197311 -22.101287842 -0.077978875 0.003528250
21.828187943 -17.413644791 -1.224626712 0.070325697
21.715066910 -5.280920982 -0.872778564 0.165270143
21.618438721 -11.071537971 -0.011360600 0.001026109
21.517427444 -1.971995950 0.032490648 -0.016476022
21.414613724 -9.417076111 0.752408709 -0.079898336
21.313861847 -22.652774811 0.119528084 -0.005276532
21.203575134 -20.171081543 -0.029230063 0.001449107
21.100761414 -5.832407951 0.735473661 -0.126101203
21.001041412 -17.965131760 -0.898888891 0.050035196
20.897968292 -10.520051003 -1.861109220 0.176910665
20.793094635 -17.689386368 -0.440774471 0.024917454
20.689765930 -5.556663990 0.824629584 -0.148403716
20.588754654 -18.792362213 0.052392894 -0.002787989
20.476922989 -16.862155914 0.315603435 -0.018716672
20.373336792 -12.174512863 0.739066413 -0.060706036
20.273357391 -15.759181023 1.458819529 -0.092569501
20.177757263 -15.483437538 2.272942067 -0.146798284
20.054588318 -38.370166779 1.085779356 -0.028297489
19.965431213 -13.277487755 1.305789069 -0.098346095
19.864679337 -12.450257301 0.948095119 -0.076150645
19.757484436 -6.659638882 0.991744194 -0.148918614
19.653898239 -7.211126804 1.605226862 -0.222604165
19.544643402 -23.480005264 1.866316026 -0.079485333
19.443117142 6.300314903 0.475843958 0.075527012
19.346229553 0.785440981 0.925204665 1.177942948
19.237747192 -23.480005264 0.625959126 -0.026659241
19.137510300 -30.097854614 1.596906595 -0.053057157
19.032894135 -12.174512863 1.227184003 -0.100799434
18.934717178 -15.207694054 1.432589751 -0.094201642
18.825204849 -20.446825027 1.634292612 -0.079928919
18.717752457 -18.240875244 1.209984480 -0.066333685
18.617000580 -24.582979202 1.025687686 -0.041723490
18.528102875 -3.626457930 -0.758387625 0.209126271
18.404932022 -21.549798965 -0.733599187 0.034042043
18.313713074 -22.101287842 -0.781008519 0.035337693
18.214765549 -22.377031326 -0.811801693 0.036278346
18.107313156 -18.792362213 -0.852439243 0.045360942
18.000377655 -15.207694054 -0.887531678 0.058360701
17.894212723 -1.971995950 -0.872953887 0.442675294
17.791141510 -20.171081543 -0.946132889 0.046905412
17.692708969 -15.483437538 -1.005425507 0.064935548
17.582164764 -29.822111130 -0.992153324 0.033269051
17.479351044 -20.722568512 -0.956225948 0.046144181
17.376279831 -17.413644791 -0.976792982 0.056093540
