0.000000000 0.000000000 -0.562652036 -inf
0.000000000 0.000000000 -0.562652036 -inf
0.000000000 0.000000000 -0.562652036 -inf
0.000000000 0.000000000 -0.562652036 -inf
0.000000000 0.000000000 -0.562652036 -inf
0.000000000 0.000000000 -0.562652036 -inf
0.000000000 0.000000000 -0.562652036 -inf
0.000000000 0.000000000 -0.562652036 -inf
0.000000000 0.000000000 -0.562652036 -inf
0.000000000 0.000000000 -0.562652036 -inf
0.000000000 0.000000000 -0.562652036 -inf
0.000000000 0.000000000 -0.562652036 -inf
17.162406921 -10.244306564 -0.562652036 0.054923389
17.267538071 -10.520051003 -0.562652036 0.053483775
17.367519379 -10.244306564 -0.562652036 0.054923389
17.470075607 -8.314101219 -0.562652036 0.067674427
17.571599960 -9.141331673 -0.567024698 0.062028676
17.676733017 -11.623025894 -0.564101166 0.048533073
17.779289246 -10.244306564 -0.557049886 0.054376534
17.881071091 -10.244306564 -0.555862036 0.054260582
17.987234116 -9.141331673 -0.560089312 0.061269991
18.090822220 -9.692819595 -0.559962274 0.057770834
18.195953369 -10.795795441 -0.554670287 0.051378362
18.298252106 -11.347282410 -0.553847258 0.048808802
18.396944046 -9.968564034 -0.554158709 0.055590625
18.522432327 -14.380462646 -0.544793604 0.037884289
18.605663300 -8.038357735 -0.522894586 0.065049927
18.705383301 -12.726000786 -0.078354909 0.006157072
18.810516357 -8.865589142 0.121391927 -0.013692483
18.918483734 -9.417076111 0.162326843 -0.017237499
19.018720627 -8.865589142 0.117926023 -0.013301544
19.121019363 -12.174512863 0.147339451 -0.012102287
19.223575592 -9.968564034 0.106185379 -0.010652024
19.333862305 -8.589844704 0.003429747 -0.000399279
19.431264877 -10.520051003 -0.226334077 0.021514542
19.533819199 -12.450257301 -0.246703590 0.019815140
19.640241623 -11.071537971 -0.227426824 0.020541575
19.745632172 -9.417076111 -0.329270253 0.034965232
19.854114532 -11.071537971 -0.453377156 0.040949790
19.956413269 -11.623025894 -0.475604858 0.040919195
20.048662186 -9.417076111 -0.287201756 0.030497975
20.172863007 -9.141331673 -0.488290674 0.053415705
20.269233704 -9.968564034 -0.282957458 0.028384977
20.366121292 -6.935382843 -0.571138936 0.082351465
20.477695465 -9.141331673 -0.569009391 0.062245788
20.584632874 -10.795795441 -0.362606771 0.033587777
20.686414719 -11.623025894 -0.301510729 0.025940812
20.789228439 -12.174512863 -0.451896045 0.037118203
20.886888504 -10.795795441 -0.401767490 0.037215182
20.995887756 -14.380462646 -0.182243861 0.012673018
21.095609665 -11.071537971 -0.127679885 0.011532263
21.196617126 -11.623025894 -0.114576975 0.009857758
21.304328918 -13.277487755 -0.061268077 0.004614433
21.409460068 -12.726000786 0.153862799 -0.012090428
21.512016296 -10.520051003 0.293471537 -0.027896399
21.615346909 -8.314101219 0.401919301 -0.048341882
21.710943222 -10.244306564 0.472189523 -0.046092873
21.822519302 -9.692819595 0.561283999 -0.057907195
21.924560547 -13.277487755 0.506388337 -0.038138867
22.025312424 -12.450257301 0.698843422 -0.056130842
22.131217957 -8.589844704 0.816419543 -0.095044738
22.234804153 -11.623025894 0.689073396 -0.059285198
22.337875366 -11.898770332 0.598536150 -0.050302353
22.440689087 -10.795795441 0.617896624 -0.057234933
22.543245316 -9.417076111 0.646228168 -0.068623016
22.647090912 -10.244306564 0.382485902 -0.037336437
22.750160217 -8.865589142 0.296371536 -0.033429424
22.851171494 -9.417076111 0.209056414 -0.022199716
22.956560135 -8.314101219 0.079648149 -0.009579887
23.058860779 -7.762613773 -0.190753549 0.024573366
23.161672592 -7.486869812 -0.081905149 0.010939839
23.265260696 -10.244306564 0.236973868 -0.023132251
23.363435745 -10.244306564 0.155236271 -0.015153419
23.473205566 -11.898770332 0.274838960 -0.023098098
23.574989319 -11.071537971 -0.059512338 0.005375255
23.677803040 -10.244306564 -0.279697701 0.027302746
23.781131744 -12.726000786 -0.002655913 0.000208700
23.884460449 -11.347282410 -0.505091376 0.044512101
23.987531662 -8.865589142 -0.548173514 0.061831595
24.090345383 -9.968564034 -0.322424135 0.032344090
24.193159103 -11.071537971 0.404040834 -0.036493650
24.296745300 -11.347282410 1.787083687 -0.157490016
24.399301529 -10.795795441 4.200133214 -0.389052686
24.502630234 -9.692819595 7.337363059 -0.756989541
24.605960846 -12.450257301 11.506095928 -0.924165312
24.709032059 -8.314101219 17.002725093 -2.045046680
24.812103271 -6.935382843 23.583100306 -3.400403531
24.915174484 -11.623025894 31.183457254 -2.682903535
25.017473221 -8.865589142 40.070922482 -4.519826245
25.122863770 -12.726000786 49.899431609 -3.921061490
25.224388123 -11.623025894 61.143507934 -5.260549920
25.327201843 -7.211126804 73.888649105 -10.246477577
25.441869736 -17.137899399 87.688718187 -5.116654973
25.533601761 -9.417076111 102.921147053 -10.929204123
25.635385513 -5.832407951 119.909419429 -20.559161915
25.733303070 1.612671971 138.041737909 85.598150377
25.826066971 14.572627068 157.812582410 10.829384549
25.920377731 32.495967865 179.161321129 5.513340051
26.002834320 48.489101410 201.839986483 4.162584594
26.100751877 68.618392944 226.211512482 3.296660017
26.183725357 95.917022705 251.734073901 2.624498413
26.280868530 120.182464600 279.167717658 2.322865641
26.360233307 148.584075928 308.164954895 2.074010643
26.443721771 179.467361450 338.112289885 1.883976491
26.531589508 208.144714355 369.379996583 1.774630683
26.616624832 243.164154053 400.965751686 1.648950904
26.694700241 281.216796875 433.541723425 1.541663685
26.771488190 316.787719727 466.966529543 1.474067650
26.849050522 355.667602539 498.976881803 1.402930372
26.929445267 399.786590576 531.872272361 1.330390476
27.012676239 439.217926025 564.324798987 1.284840089
27.080703735 488.300323486 596.881750902 1.222366077
27.157749176 537.382690430 629.858614028 1.172085788
27.235052109 583.156127930 662.808671257 1.136588710
27.312097549 636.374694824 697.066884946 1.095371784
27.383216858 687.663024902 730.854524338 1.062809105
27.451501846 744.741943359 765.687831147 1.028125028
27.518756866 801.820922852 800.558394474 0.998425424
27.595544815 861.657287598 836.090839589 0.970328751
27.657644272 919.563476562 872.550663969 0.948874859
27.724641800 977.469665527 908.553399275 0.929495238
27.801170349 1044.751098633 944.235212603 0.903789634
27.854253769 1106.241943359 982.157987122 0.887832895
27.927175522 1174.626464844 1020.226528386 0.868554012
27.983350754 1239.426147461 1058.779764862 0.854249983
28.058591843 1311.395263672 1098.337601998 0.837533604
28.111930847 1382.261474609 1137.347912134 0.822816763
28.170423508 1454.230590820 1177.969864483 0.810029628
28.240255356 1527.026855469 1219.077721967 0.798334173
28.293336868 1605.338134766 1259.903727099 0.784821403
28.358530045 1683.097778320 1300.516449419 0.772692155
28.419857025 1760.581787109 1340.924577563 0.761637197
28.472423553 1844.959350586 1382.802182564 0.749502791
28.527566910 1919.961669922 1426.764624688 0.743121411
28.590440750 2009.302612305 1469.721503197 0.731458514
28.651510239 2095.610351562 1514.488090968 0.722695462
28.702272415 2172.267089844 1559.198923308 0.717774960
28.755870819 2273.189453125 1603.212126228 0.705269912
28.807405472 2354.258056641 1651.120714129 0.701333785
28.859199524 2441.117187500 1697.462083886 0.695362801
28.910734177 2536.800292969 1745.025474926 0.687884450
28.962270737 2631.931884766 1791.330714424 0.680614390
29.013805389 2721.824462891 1841.209063088 0.676461355
29.065084457 2817.507324219 1891.311959229 0.671271355
29.116619110 2916.223632812 1941.753732090 0.665845277
29.168155670 3013.836914062 1992.563026165 0.661138304
29.219175339 3109.520019531 2044.096169306 0.657367104
29.267618179 3212.648193359 2093.993145561 0.651796593
29.307300568 3313.846191406 2147.476468589 0.648031425
29.353168488 3411.735107422 2200.811187519 0.645070944
29.400323868 3518.723632812 2254.047700325 0.640586740
29.451858521 3627.642333984 2305.751264296 0.635606009
29.487676620 3725.531494141 2359.111136630 0.633228075
29.539211273 3850.718994141 2412.017712335 0.626381129
29.580955505 3950.813964844 2469.454495187 0.625049551
29.631202698 4061.938720703 2524.563492832 0.621516883
29.666505814 4169.203125000 2581.509821665 0.619185428
29.709794998 4288.600097656 2642.524101801 0.616174053
29.754373550 4393.934082031 2701.333878359 0.614787074
29.787870407 4515.537109375 2760.799747347 0.611400079
29.837345123 4621.698730469 2822.592475941 0.610726194
29.872646332 4743.301269531 2879.549109038 0.607077001
29.915164948 4855.529296875 2935.453845898 0.604558981
29.951496124 4973.271972656 2993.900116913 0.601998068
29.992982864 5091.290039062 3058.124442676 0.600658069
30.028799057 5210.687011719 3120.069132061 0.598782680
30.070543289 5336.702148438 3182.591268870 0.596359171
30.102754593 5456.374511719 3245.452315131 0.594800138
30.145528793 5565.845214844 3313.659613079 0.595356048
30.174388885 5704.819824219 3380.753638203 0.592613569
30.216390610 5819.253417969 3447.427280583 0.592417452
30.250919342 5942.510742188 3509.205887167 0.590525796
30.278747559 6071.834472656 3574.506669904 0.588702918
30.321781158 6201.985839844 3642.801429423 0.587360488
30.354248047 6326.897460938 3709.862575823 0.586363632
30.381303787 6453.463867188 3786.338300113 0.586714109
30.424079895 6576.721191406 3855.262196712 0.586198211
30.456804276 6708.802734375 3929.321279244 0.585696351
30.483602524 6838.402343750 4000.860503373 0.585057781
30.514265060 6972.413574219 4076.180188165 0.584615377
30.552917480 7104.495117188 4147.823562958 0.583830870
30.585386276 7239.057617188 4220.965517132 0.583082183
30.611669540 7376.653808594 4294.675506082 0.582198327
30.637952805 7499.635742188 4374.677731583 0.583318695
30.667327881 7627.305175781 4444.434196658 0.582700455
30.705720901 7781.169921875 4525.276478397 0.581567621
30.734323502 7909.390625000 4600.525136436 0.581653550
30.765245438 8041.472167969 4672.746542030 0.581080982
30.792043686 8180.722656250 4757.848449228 0.581592684
30.818069458 8320.524414062 4834.198156786 0.580996812
30.843837738 8455.638671875 4912.396358008 0.580961007
30.870378494 8592.408203125 4996.078515730 0.581452650
30.898979187 8731.107421875 5064.304734459 0.580030057
30.926551819 8872.838867188 5130.839272450 0.578263547
30.951803207 9010.159179688 5203.068747382 0.577466906
30.982467651 9157.130859375 5280.023758669 0.576602414
31.010555267 9298.311523438 5358.569873412 0.576294939
31.032199860 9438.389648438 5436.142871798 0.575960844
31.057710648 9585.084960938 5518.179387185 0.575704797
31.084508896 9724.611328125 5602.416168614 0.576106950
31.108215332 9857.520507812 5681.102643948 0.576321666
31.132436752 10011.661132812 5746.974711313 0.574028089
31.159492493 10147.050781250 5813.586790207 0.572933645
31.180364609 10290.989257812 5889.988169152 0.572344215
31.205102921 10437.684570312 5967.363299063 0.571713320
31.230354309 10590.447265625 6043.841036392 0.570687987
31.256380081 10731.076171875 6122.128872152 0.570504652
31.281631470 10875.565429688 6209.563618389 0.570964669
31.307399750 11025.018554688 6300.592858627 0.571481384
31.332910538 11176.402343750 6385.827161413 0.571366972
31.353782654 11320.891601562 6467.871804099 0.571321768
31.366151810 11469.242187500 6546.773794088 0.570811365
31.389083862 11623.658203125 6635.488724428 0.570860620
31.412017822 11761.805664062 6724.664926983 0.571737463
31.436754227 11915.947265625 6811.020204684 0.571588649
31.462265015 12059.884765625 6903.743343343 0.572455167
31.485971451 12202.996093750 7001.195657717 0.573727600
31.508647919 12367.063476562 7089.062482948 0.573221161
31.518697739 12518.170898438 7168.118693001 0.572617098
31.539567947 12659.351562500 7273.414575019 0.574548747
31.565078735 12814.320312500 7368.708357013 0.575037004
31.588012695 12972.044921875 7457.214812141 0.574868100
31.602956772 13120.395507812 7549.353569904 0.575390701
31.618675232 13267.642578125 7636.003400046 0.575535809
31.642639160 13418.474609375 7704.511061166 0.574171900
31.667377472 13576.475585938 7783.975906941 0.573342902
31.685157776 13728.685546875 7858.195074882 0.572392386
31.695978165 13882.275390625 7959.243036162 0.573338506
31.720201492 14035.037109375 8075.201975100 0.575360215
31.742618561 14190.004882812 8172.069480332 0.575903218
31.756275177 14346.627929688 8276.868175813 0.576920808
31.771993637 14496.908203125 8370.376767715 0.577390479
31.796731949 14636.434570312 8445.402079393 0.577012252
31.817861557 14805.741210938 8528.768943424 0.576044713
31.825849533 14952.988281250 8637.464559762 0.577641365
31.849039078 15106.577148438 8752.426963890 0.579378563
31.870170593 15261.269531250 8853.507227023 0.580129144
31.883569717 15423.407226562 8948.042522239 0.580159908
31.900575638 15575.893554688 9071.874956514 0.582430467
31.922994614 15730.584960938 9188.486093013 0.584115983
31.931240082 15880.865234375 9318.803574008 0.586794450
31.951854706 16038.590820312 9409.734602247 0.586693352
31.968860626 16189.974609375 9524.143946365 0.588274174
31.980197906 16347.975585938 9654.143308733 0.590540600
32.002872467 16505.148437500 9774.830772017 0.592229195
32.013954163 16666.183593750 9873.728097862 0.592440857
32.028900146 16823.357421875 9992.016622806 0.593937130
32.047710419 16979.705078125 10132.668976128 0.596751765
32.057758331 17123.367187500 10207.846915549 0.596135492
32.080692291 17308.390625000 10296.117138786 0.594862767
32.092029572 17458.119140625 10410.361810359 0.596304890
32.106460571 17612.537109375 10522.655796291 0.597452583
32.121662140 17773.570312500 10577.362034443 0.595117461
32.132484436 17933.501953125 10694.511594821 0.596342623
32.154647827 18087.091796875 10790.513934787 0.596586453
32.159801483 18246.470703125 10868.878980340 0.595670207
32.181186676 18404.472656250 10963.572212011 0.595701513
32.189174652 18559.992187500 11062.737785997 0.596052933
32.209018707 18712.753906250 11145.599509830 0.595615139
32.219581604 18870.203125000 11260.185392350 0.596717763
32.235557556 19029.859375000 11337.606943117 0.595779859
32.249988556 19185.654296875 11439.258843301 0.596240225
32.261325836 19347.240234375 11578.185612168 0.598441197
32.281940460 19498.072265625 11661.761985023 0.598098203
32.288383484 19645.593750000 11807.441378995 0.601022373
32.307964325 19822.345703125 11888.576399641 0.599756284
32.313632965 19967.939453125 12010.624358470 0.601495432
32.335277557 20117.392578125 12097.746123577 0.601357560
32.338886261 20284.492187500 12202.291163636 0.601557636
32.356922150 20446.078125000 12343.806036461 0.603724879
32.365684509 20593.050781250 12411.283877468 0.602692821
32.383724213 20751.326171875 12581.736349479 0.606309989
32.390422821 20908.500000000 12650.968425963 0.605063416
32.405109406 21067.605468750 12809.703369087 0.608028444
32.415931702 21221.470703125 12914.142190457 0.608541339
32.428043365 21376.712890625 13027.950661663 0.609445930
32.440670013 21532.785156250 13154.624183356 0.610911412
32.445564270 21689.683593750 13242.876776245 0.610561086
32.465408325 21850.166015625 13384.644208638 0.612564875
32.469528198 22006.236328125 13450.172272323 0.611198211
32.486278534 22147.693359375 13543.233911118 0.611496362
32.494007111 22312.312500000 13621.542244435 0.610494418
32.511272430 22453.492187500 13688.805607946 0.609651519
32.519004822 22604.876953125 13728.786893959 0.607337387
32.529052734 22764.255859375 13844.805924707 0.608181792
32.543998718 22918.121093750 13875.519393283 0.605438785
32.547607422 23064.541015625 13986.973237216 0.606427556
32.567447662 23215.097656250 13990.842489112 0.602661367
32.570537567 23365.376953125 14065.710485729 0.601989453
32.583164215 23520.621093750 14174.183222368 0.602627931
32.595790863 23666.212890625 14280.405478938 0.603408984
32.601718903 23815.941406250 14342.424775330 0.602219519
32.617435455 23973.667968750 14469.595597318 0.603562025
32.622333527 24120.914062500 14718.547709535 0.610198588
32.634700775 24272.849609375 14883.854699740 0.613189425
32.647327423 24420.648437500 15099.411962951 0.618305120
32.651966095 24552.730468750 15291.044293331 0.622783862
32.672321320 24724.242187500 15479.860582164 0.626100508
32.674385071 24860.183593750 15591.427378840 0.627164611
32.684432983 25006.603515625 15756.416577528 0.630090231
32.699378967 25148.886718750 15890.467829440 0.631855716
32.701953888 25301.650390625 15989.446390969 0.631952704
32.718704224 25439.796875000 16205.200935073 0.637001978
32.724887848 25582.632812500 16243.102130447 0.634926915
32.726436615 25723.537109375 16419.242162694 0.638296440
32.737514496 25873.541015625 16577.854114005 0.640726142
32.750656128 25998.177734375 16673.894586289 0.641348588
32.750656128 26150.664062500 16880.980081605 0.645527779
32.752204895 26294.050781250 16921.736707075 0.643557619
32.761737823 26430.820312500 17128.018472428 0.648032043
32.774364471 26572.277343750 17089.728923978 0.643141297
32.777198792 26703.806640625 16899.167651821 0.632837403
32.792400360 26849.951171875 16867.678531816 0.628220082
32.791110992 26849.951171875 16551.525560373 0.616445276
32.777713776 26703.531250000 16390.198822807 0.613783947
32.775394440 26574.207031250 16398.634964347 0.617088402
32.763797760 26440.470703125 16262.661631722 0.615067024
32.751945496 26301.771484375 16174.891973543 0.614973481
32.750400543 26163.072265625 16151.177267467 0.617327243
32.738803864 26027.406250000 16105.204506485 0.618778696
32.726177216 25894.498046875 16159.886564174 0.624066415
32.724632263 25748.078125000 16171.484629778 0.628065697
32.713809967 25606.345703125 16183.997559805 0.632030738
32.701183319 25465.992187500 16261.880551125 0.638572431
32.698089600 25325.914062500 16201.818149675 0.639732809
32.680568695 25177.289062500 16157.164044374 0.641735653
32.673866272 25032.248046875 16075.039865703 0.642173241
32.670001984 24892.169921875 15960.071464769 0.641168348
32.660209656 24742.992187500 15874.138267810 0.641560978
32.649387360 24560.726562500 15755.515728040 0.641492249
32.646812439 24425.060546875 15683.703859577 0.642115250
32.632640839 24279.744140625 15582.515934738 0.641790780
32.621303558 24123.121093750 15496.087904726 0.642374917
32.613056183 23977.251953125 15311.912145571 0.638601629
32.600688934 23825.593750000 15219.138324301 0.638772678
32.596305847 23674.486328125 15085.815870866 0.637218297
32.583938599 23528.341796875 14901.792764811 0.633354993
32.570796967 23368.134765625 14819.309552054 0.634167412
32.569252014 23218.681640625 14654.906537892 0.631168762
32.553276062 23066.746093750 14534.311818453 0.630098054
32.544773102 22924.738281250 14367.015899490 0.626703595
32.529052734 22766.738281250 14186.855675840 0.623139578
32.519004822 22606.806640625 13973.758511728 0.618121734
32.506633759 22456.800781250 13854.279213306 0.616930227
32.495040894 22314.242187500 13671.646950651 0.612687038
32.491176605 22141.902343750 13581.810714491 0.613398547
32.473911285 21998.240234375 13465.456804540 0.612115181
32.467468262 21846.304687500 13342.149802390 0.610727992
32.449947357 21684.718750000 13187.642907649 0.608153745
32.441444397 21533.060546875 13035.358478049 0.605364874
32.429073334 21378.919921875 12893.339490159 0.603086570
32.416191101 21223.400390625 12769.079969671 0.601650995
32.408718109 21070.914062500 12652.561896780 0.600475227
32.390422821 20915.394531250 12481.935406973 0.596782212
32.386043549 20757.945312500 12426.893296181 0.598657194
32.364654541 20602.976562500 12293.600604039 0.596690511
32.357437134 20453.248046875 12246.771274462 0.598769019
32.338886261 20290.558593750 12110.355291417 0.596846816
32.332443237 20129.525390625 12013.982679536 0.596833877
32.312862396 19979.519531250 11900.504739436 0.595635181
32.310028076 19824.828125000 11772.495092953 0.593825834
32.287609100 19653.591796875 11712.796030992 0.595962110
32.278076172 19509.652343750 11584.739409999 0.593795277
32.261581421 19356.615234375 11509.593173086 0.594607737
32.246379852 19194.478515625 11400.295515162 0.593936194
32.235557556 19040.060546875 11280.591361386 0.592466150
32.219066620 18882.335937500 11214.060328422 0.593891580
32.207729340 18723.507812500 11110.133613178 0.593378854
32.187370300 18569.091796875 11003.970933694 0.592596076
32.181961060 18409.435546875 10911.560438861 0.592715644
32.160057068 18249.228515625 10815.314040485 0.592645000
32.157737732 18093.433593750 10720.565341493 0.592511382
32.133518219 17943.152343750 10639.010618889 0.592928735
32.123210907 17781.015625000 10503.997752300 0.590742282
32.106716156 17621.634765625 10413.273662212 0.590936868
32.090225220 17463.359375000 10308.604320364 0.590299043
32.079662323 17316.386718750 10214.514023559 0.589875601
32.056213379 17133.017578125 10120.544465542 0.590704143
32.046680450 16990.458984375 10040.823721545 0.590968362
32.029674530 16835.765625000 9919.140811525 0.589170759
32.009059906 16675.558593750 9792.834053218 0.587256733
32.003131866 16517.558593750 9699.480732573 0.587222420
31.980970383 16360.660156250 9590.695407716 0.586204671
31.960615158 16207.346679688 9467.423168361 0.584143929
31.951854706 16052.654296875 9339.292054410 0.581791141
31.927116394 15891.343750000 9261.772669647 0.582818723
31.918355942 15738.857421875 9150.356151827 0.581386304
31.900575638 15584.992187500 9053.329339639 0.580900473
31.877384186 15435.263671875 8938.091949556 0.579069599
31.862955093 15276.987304688 8866.954386560 0.580412500
31.848524094 15120.916015625 8778.673216045 0.580564908
31.824817657 14967.327148438 8675.691669204 0.579642015
31.813995361 14819.251953125 8575.889542750 0.578699220
31.795957565 14648.567382812 8486.984788331 0.579373024
31.772251129 14505.456054688 8422.600134751 0.580650488
31.753440857 14352.694335938 8341.818762527 0.581202286
31.740299225 14197.174804688 8234.126384527 0.579983447
31.719942093 14042.207031250 8154.479666863 0.580712109
31.695205688 13891.098632812 8069.459530045 0.580908663
31.679229736 13735.855468750 7977.250999046 0.580761134
31.665830612 13582.541992188 7906.554719770 0.582111561
31.643154144 13428.676757812 7821.393930540 0.582439660
31.617645264 13280.327148438 7746.047747349 0.583272359
31.600637436 13128.116210938 7659.805596296 0.583465706
31.589300156 12978.387695312 7553.497481184 0.582005844
31.565078735 12823.970703125 7452.348171412 0.581126419
31.540599823 12666.521484375 7356.788437279 0.580805744
31.517923355 12517.895507812 7254.655164196 0.579542716
31.505039215 12375.887695312 7166.916309357 0.579103211
31.486743927 12207.958984375 7082.651498434 0.580166718
31.463037491 12067.330078125 6988.368286462 0.579114704
31.437013626 11922.840820312 6901.415993088 0.578839900
31.415109634 11767.321289062 6823.940032652 0.579905984
31.396299362 11619.247070312 6745.213752200 0.580520727
31.375427246 11470.344726562 6657.170079781 0.580380995
31.354812622 11322.546875000 6566.307944771 0.579932061
31.333425522 11173.369140625 6487.352067586 0.580608408
31.308172226 11024.467773438 6402.048280680 0.580712685
31.282405853 10880.253906250 6304.668808862 0.579459713
31.256637573 10730.800781250 6203.292490421 0.578082905
31.232931137 10591.825195312 6116.070314367 0.577433087
31.207420349 10439.615234375 6027.385866174 0.577357089
31.184745789 10290.713867188 5937.810834940 0.577006699
31.161296844 10146.223632812 5850.967922522 0.576664593
31.137590408 10013.867187500 5774.810447262 0.576681350
31.112596512 9859.450195312 5709.373359211 0.579076241
31.092496872 9724.611328125 5626.172636215 0.578549872
31.067243576 9581.776367188 5533.239396298 0.577475322
31.042507172 9439.216796875 5444.155345365 0.576759223
31.017511368 9297.208984375 5367.345522148 0.577307182
30.987621307 9156.579101562 5297.720265105 0.578569814
30.961595535 9010.987304688 5222.962073820 0.579621511
30.934539795 8873.942382812 5140.804351656 0.579314597
30.905679703 8730.555664062 5065.690421546 0.580225431
30.873727798 8592.683593750 4994.672730865 0.581270412
30.846155167 8452.881835938 4909.626411653 0.580822790
30.820388794 8321.351562500 4824.039391707 0.579718253
30.792558670 8179.343750000 4747.420176737 0.580415779
30.766534805 8039.266113281 4665.849064234 0.580382463
30.739219666 7903.600097656 4586.072743205 0.580251112
30.713966370 7780.342773438 4512.604018941 0.580000670
30.674026489 7631.165527344 4434.083495436 0.581049314
30.641817093 7500.187011719 4364.587758315 0.581930524
30.613473892 7374.172363281 4296.627960448 0.582659009
30.586673737 7232.164062500 4223.598376298 0.584002014
30.560132980 7102.840332031 4159.466214397 0.585606042
30.523542404 6970.483398438 4085.380645127 0.586097177
30.484376907 6838.953613281 4018.592598622 0.587603430
30.457834244 6707.699707031 3946.077629813 0.588290741
30.430006027 6574.239746094 3880.792910296 0.590302919
30.387231827 6446.846191406 3807.066133189 0.590531559
30.355020523 6326.897460938 3735.660388923 0.590441115
30.327964783 6199.228515625 3666.674256074 0.591472672
30.286479950 6069.353027344 3593.150768731 0.592015451
30.251691818 5944.165527344 3531.810626437 0.594164246
30.222059250 5814.565917969 3467.357370308 0.596322652
30.181087494 5699.305175781 3402.879304742 0.597069151
30.148363113 5565.017578125 3339.805777044 0.600142898
30.113834381 5446.723632812 3274.613028289 0.601207854
30.071832657 5331.738769531 3205.902946754 0.601286576
30.040653229 5203.517578125 3139.060146092 0.603257335
29.994529724 5083.845214844 3079.236755584 0.605690501
29.963092804 4969.962890625 3019.872929686 0.607624845
29.917226791 4849.187011719 2957.307869642 0.609856428
29.886819839 4735.580566406 2894.528839156 0.611229985
29.839664459 4618.665527344 2834.190906509 0.613638483
29.801013947 4505.334472656 2771.304664511 0.615116299
29.762102127 4391.452636719 2706.558069205 0.616324094
29.713401794 4283.360839844 2647.079202725 0.617991176
29.682222366 4164.239746094 2586.835532158 0.621202354
29.633779526 4053.666503906 2525.591490645 0.623038794
29.589973450 3945.299316406 2468.752315724 0.625745252
29.554414749 3846.031494141 2410.219447126 0.626676992
29.502878189 3716.983398438 2356.130573574 0.633882458
29.453147888 3615.233886719 2304.047252677 0.637316236
29.404445648 3512.105712891 2249.983053107 0.640636483
29.366310120 3409.253417969 2199.666497175 0.645204749
29.323276520 3306.125244141 2150.223954462 0.650375831
29.273029327 3198.861083984 2098.094557370 0.655887987
29.221752167 3106.486816406 2045.446362182 0.658443600
29.169958115 3001.979980469 1996.831266894 0.665171413
29.119968414 2900.230468750 1948.316743205 0.671779972
29.067918777 2810.613769531 1897.089290791 0.674973314
29.021020889 2714.103515625 1849.276197108 0.681358020
28.971288681 2622.556640625 1799.621556246 0.686208842
28.914342880 2527.149414062 1752.173505305 0.693339893
28.863321304 2432.569091797 1704.158830715 0.700559271
28.811527252 2345.434082031 1656.779803842 0.706385149
28.761539459 2258.023437500 1610.236915307 0.713117893
28.707941055 2163.167724609 1565.158157407 0.723549145
28.654602051 2084.304931641 1518.642263993 0.728608488
28.602550507 2003.511962891 1474.360722362 0.735888155
28.550241470 1912.240844727 1430.096405328 0.747864166
28.480669022 1830.344970703 1386.337121954 0.757418489
28.422948837 1751.206542969 1345.241343900 0.768179715
28.371156693 1673.998291016 1303.067381321 0.778416196
28.314723969 1594.859863281 1260.489573047 0.790345034
28.243089676 1519.581787109 1218.360048152 0.801773263
28.190265656 1444.303710938 1176.241367800 0.814400295
28.127391815 1372.610351562 1135.559930857 0.827299553
28.062200546 1304.225952148 1095.562151440 0.840009470
27.997522354 1233.359863281 1056.212986433 0.856370487
27.933618546 1163.872436523 1017.356254956 0.874113196
27.868940353 1097.693969727 978.560327741 0.891469166
27.804779053 1038.960449219 940.336791812 0.905074676
27.729795456 969.197326660 903.649335388 0.932368787
27.674650192 910.739685059 867.138157564 0.952125148
27.599409103 851.454772949 830.908072346 0.975868712
27.527774811 794.927307129 795.630871774 1.000885068
27.467477798 737.848388672 760.743594345 1.031029689
27.392751694 680.493713379 726.227187288 1.067206314
27.315448761 630.032592773 692.321078642 1.098865498
27.240720749 581.501708984 658.766598726 1.132871303
27.165479660 529.110412598 625.265078143 1.181728923
27.092298508 481.130981445 591.614276595 1.229632469
27.016283035 433.703063965 559.048899633 1.289013028
26.945678711 395.650421143 526.556427204 1.330862800
26.859357834 348.222503662 493.782008374 1.418007174
26.775869370 307.412445068 461.441849537 1.501051297
26.697792053 274.323211670 428.778319982 1.563040610
26.621004105 241.233947754 396.342022258 1.642977806
26.537517548 204.835784912 365.276131970 1.783263272
26.454286575 174.503982544 334.772084896 1.918420887
26.364614487 144.723663330 305.395488039 2.110197331
26.284734726 117.976516724 276.908007636 2.347145138
26.195320129 90.953636169 249.967812764 2.748299280
26.104616165 66.136703491 224.682654584 3.397246048
26.009792328 45.180179596 200.609260106 4.440205017
25.923984528 30.565761566 177.710116740 5.814025486
25.824779510 20.638988495 156.829311656 7.598691753
25.735622406 2.439903021 137.256378806 56.254850145
25.639507294 -8.589844704 119.337542667 -13.892863816
25.538240433 -10.795795441 102.647517204 -9.508101350
25.435169220 -17.413644791 87.544877883 -5.027372439
25.331840515 -12.174512863 74.074077066 -6.084356549
25.229284286 -13.828975677 61.585912853 -4.453396570
25.130592346 -15.483437538 50.337402117 -3.251048224
25.022884369 -13.828975677 40.380351591 -2.919981388
24.919296265 -15.759181023 31.623550100 -2.006674716
24.817771912 -11.898770332 24.206614624 -2.034379515
24.713928223 -13.277487755 17.805429792 -1.341024004
24.610855103 -14.656207085 12.409514729 -0.846707109
24.507526398 -13.828975677 8.375964336 -0.605682194
24.404455185 -11.623025894 5.573464687 -0.479519252
24.301900864 -16.034925461 3.461764756 -0.215889046
24.198055267 -13.001744270 1.730475563 -0.133095647
24.095756531 -13.553232193 0.798271153 -0.058898951
23.992427826 -15.483437538 0.568676600 -0.036728058
23.890644073 -12.450257301 0.351791196 -0.028255737
23.786027908 -14.931949615 0.811308381 -0.054333721
23.682956696 -13.277487755 0.694758242 -0.052326031
23.579885483 -14.656207085 0.801513345 -0.054687638
23.479133606 -12.174512863 1.097588910 -0.090154647
23.372711182 -13.001744270 1.034937045 -0.079599862
23.270671844 -14.931949615 1.122573631 -0.075179307
23.167085648 -13.828975677 0.972398394 -0.070316010
23.064786911 -10.520051003 0.977750029 -0.092941567
22.961200714 -13.828975677 0.846826401 -0.061235656
22.858127594 -17.689386368 0.687988044 -0.038892703
22.762786865 -18.240875244 0.459223067 -0.025175495
22.652500153 -17.413644791 0.399696429 -0.022953060
22.549430847 -14.380462646 0.261837226 -0.018207844
22.446357727 -15.759181023 0.331892871 -0.021060287
22.342771530 -14.104719162 0.411582964 -0.029180515
22.240215302 -18.792362213 0.236983789 -0.012610644
22.136886597 -14.656207085 0.161560119 -0.011023324
22.033042908 -16.862155914 0.117402631 -0.006962492
21.936927795 -18.516618729 0.230580024 -0.012452599
21.828445435 -14.380462646 -0.112244437 0.007805343
21.719448090 -14.931949615 -0.419016689 0.028061753
21.619726181 -14.931949615 -0.422712253 0.028309247
21.518201828 -16.310668945 -0.479569779 0.029402214
21.413326263 -12.726000786 -0.651564145 0.051199442
21.310255051 -13.001744270 -0.706225691 0.054317765
21.205894470 -14.104719162 -0.705189176 0.049996683
21.103853226 -12.450257301 -0.763609344 0.061332816
21.003101349 -14.104719162 -0.617902978 0.043808244
20.899000168 -17.137899399 -0.683346078 0.039873386
20.795671463 -15.483437538 -0.661238284 0.042706168
20.692857742 -14.380462646 -0.849010989 0.059039199
20.590044022 -13.553232193 -0.608278859 0.044880723
20.487230301 -15.759181023 -0.479490602 0.030426112
20.382612228 -17.137899399 -0.446377737 0.026046234
20.280057907 -12.174512863 -0.148114702 0.012165965
20.179046631 -11.898770332 -0.127583842 0.010722439
20.062061310 -14.931949615 -0.154185018 0.010325846
19.969039917 -15.207694054 -0.287885835 0.018930275
19.866224289 -16.862155914 -0.128276977 0.007607389
19.762638092 -15.759181023 -0.473287281 0.030032480
19.656217575 -12.726000786 -0.661643898 0.051991502
19.547992706 -10.795795441 -0.793203021 0.073473328
19.444921494 -14.656207085 -0.937378934 0.063957812
19.346746445 -14.104719162 -1.142101971 0.080973039
19.233882904 -14.104719162 -0.821921209 0.058272781
19.134933472 -12.174512863 -0.566192608 0.046506387
19.031347275 -14.380462646 -0.656227713 0.045633282
18.932657242 -16.586412430 -0.803191476 0.048424666
18.821340561 -12.726000786 -0.772308658 0.060687460
18.714660645 -15.207694054 -0.688540507 0.045275799
18.613908768 -14.656207085 -0.892531873 0.060897875
18.526556015 -13.277487755 -0.741596490 0.055853675
18.402612686 -11.347282410 -0.728258829 0.064179140
18.307014465 -14.656207085 -0.721617889 0.049236333
18.211156845 -9.692819595 -0.711647585 0.073420079
18.104221344 -11.898770332 -0.705971703 0.059331484
17.999345779 -11.623025894 -0.709365738 0.061031073
17.891635895 -13.001744270 -0.718321852 0.055248114
17.787792206 -10.244306564 -0.715821262 0.069875033
17.687040329 -15.759181023 -0.714740311 0.045353899
17.578041077 -16.310668945 -0.713389233 0.043737583
17.477546692 -11.623025894 -0.717971931 0.061771516
17.376537323 -11.347282410 -0.715352873 0.063041779
