0.000000000 0.000000000 0.553423959 inf
0.000000000 0.000000000 0.553423959 inf
0.000000000 0.000000000 0.553423959 inf
0.000000000 0.000000000 0.553423959 inf
0.000000000 0.000000000 0.553423959 inf
0.000000000 0.000000000 0.553423959 inf
0.000000000 0.000000000 0.553423959 inf
0.000000000 0.000000000 0.553423959 inf
0.000000000 0.000000000 0.553423959 inf
0.000000000 0.000000000 0.553423959 inf
0.000000000 0.000000000 0.553423959 inf
0.000000000 0.000000000 0.553423959 inf
13.052952766 5.362552166 0.553423959 0.103201599
12.909425735 7.469798088 0.553423959 0.074088209
13.016619682 7.670070171 0.553423959 0.072153702
13.117630005 7.760231972 0.553423959 0.071315389
13.218640327 7.617806911 0.552194190 0.072487291
13.321969032 7.375646114 0.550438224 0.074629153
13.417052269 7.979255199 0.548246391 0.068708968
13.523472786 7.866751194 0.546286630 0.069442470
13.612629890 7.750257969 0.545235998 0.070350690
13.715958595 7.621797085 0.542978967 0.071240281
13.810785294 7.751454830 0.538974737 0.069532075
13.914372444 7.663288116 0.534843172 0.069792909
14.016670227 7.808505058 0.530503321 0.067939166
14.119741440 7.944546223 0.522413051 0.065757444
14.222039223 7.644536972 0.503950816 0.065923001
14.322276115 7.913826942 0.175746370 0.022207507
14.418906212 7.822866917 0.055228556 0.007059887
14.519658089 7.616611004 0.020432973 0.002682686
14.616287231 7.873532772 0.020630240 0.002620201
14.713689804 7.868745804 0.023451126 0.002980288
14.816761017 7.780179024 0.027141858 0.003488590
14.919317245 7.706772804 0.008377513 0.001087033
15.020841599 7.799328804 -0.000494824 -0.000063444
15.117214203 8.073006630 0.001220544 0.000151188
15.204825401 7.836830139 -0.013227939 -0.001687920
15.311245918 7.514480114 -0.023623678 -0.003143754
15.408390045 7.654111862 -0.038850274 -0.005075739
15.511977196 7.907444000 -0.047344384 -0.005987318
15.614018440 7.782573223 -0.031928690 -0.004102588
15.716831207 7.934970856 -0.022841497 -0.002878586
15.816553116 7.653713226 -0.043198452 -0.005644117
15.919109344 7.871539116 -0.036802315 -0.004675365
16.003112793 7.491740227 -0.031180926 -0.004162040
16.104379654 7.859170914 -0.034171803 -0.004348016
16.207450867 7.818478107 -0.023507502 -0.003006660
16.310264587 7.988829136 -0.007003950 -0.000876718
16.413078308 7.901061058 -0.006644187 -0.000840923
16.514860153 7.456632137 -0.000583008 -0.000078187
16.602472305 7.715549946 -0.005625991 -0.000729176
16.709150314 7.563549995 0.022692083 0.003000189
16.802429199 7.755445004 0.017327680 0.002234260
16.902408600 7.546395779 0.010506625 0.001392271
17.005996704 7.738289833 0.001464876 0.000189302
17.108810425 7.980052948 0.014347170 0.001797879
17.211622238 7.742678165 0.029365672 0.003792702
17.306707382 7.564746857 0.042009161 0.005553281
17.396894455 7.713156223 0.030298779 0.003928195
17.496358871 7.784169197 0.029332695 0.003768250
17.598398209 7.859570026 0.017940252 0.002282600
17.700954437 7.826057911 0.022138443 0.002828811
17.804025650 7.923401833 0.033721621 0.004255952
17.902717590 7.756640911 0.034973912 0.004508899
17.992645264 7.927790165 0.052575666 0.006631819
18.090305328 7.660096169 0.034152802 0.004458534
18.190801620 7.908640862 0.022431280 0.002836300
18.294130325 7.593871117 0.012246505 0.001612683
18.395139694 7.899465084 0.018868368 0.002388563
18.485326767 7.739487171 0.004130030 0.000533631
18.579380035 7.834036827 -0.011659711 -0.001488340
18.680904388 7.998004913 -0.007511437 -0.000939164
18.783460617 7.810101032 0.000396506 0.000050768
18.885759354 7.703182220 -0.014460724 -0.001877240
18.980842590 7.650122166 -0.007557226 -0.000987857
19.070257187 7.871539116 -0.023030951 -0.002925851
19.170494080 7.756640911 -0.008336977 -0.001074818
19.273565292 7.914625168 0.004768250 0.000602461
19.375347137 7.570333004 0.012048458 0.001591536
19.469142914 7.903453827 -0.002065752 -0.000261373
19.558815002 7.789354801 -0.003203218 -0.000411230
19.660083771 7.644536972 0.000423214 0.000055362
19.760320663 7.828851223 -0.000074539 -0.000009521
19.864936829 7.914625168 -0.020026145 -0.002530271
19.956155777 7.802521229 -0.001512301 -0.000193822
20.048145294 7.595864773 0.003978426 0.000523762
20.149414062 7.652515888 0.006065816 0.000792656
20.252485275 7.945343971 0.025172898 0.003168258
20.355041504 7.779382229 0.010628956 0.001366298
20.437498093 7.990824223 0.004885672 0.000611410
20.536447525 7.567938805 0.004122320 0.000544708
20.638744354 7.962499142 0.021883063 0.002748266
20.736146927 7.979255199 0.029332157 0.003676052
20.823242188 7.790950775 0.044956745 0.005770380
20.922449112 7.613019943 0.023713625 0.003114878
21.025262833 7.630972862 0.041277995 0.005409270
21.125757217 7.975265026 0.041916957 0.005255870
21.216459274 7.662889004 0.038668447 0.005046197
21.308965683 7.669271946 0.036028439 0.004697765
21.412038803 7.969281197 0.041232043 0.005173872
21.514335632 7.934173107 0.025956466 0.003271477
21.604522705 7.790950775 -0.001636375 -0.000210035
21.695999146 7.886300087 -0.012837062 -0.001627767
21.798297882 7.538416862 -0.008707254 -0.001155051
21.898534775 7.776588917 -0.001856855 -0.000238775
21.980218887 7.919412136 0.010164993 0.001283554
22.082258224 7.997207165 0.001538993 0.000192441
22.183010101 7.962499142 -0.002603541 -0.000326975
22.263921738 7.938162804 0.015351706 0.001933912
22.365190506 7.715949059 0.003630726 0.000470548
22.467746735 7.992021084 -0.007672595 -0.000960032
22.552522659 7.847601891 -0.013546443 -0.001726189
22.649150848 7.946142197 0.003911645 0.000492270
22.750675201 7.777785778 -0.005272612 -0.000677907
22.829784393 7.806909084 -0.026677410 -0.003417154
22.933628082 7.593072891 -0.024701645 -0.003253182
23.034896851 7.608232975 -0.010578182 -0.001390360
23.120445251 7.809302807 0.004233794 0.000542147
23.216043472 7.748263836 0.024700452 0.003187869
23.309322357 7.956913948 0.011897099 0.001495190
23.397449493 7.821670055 0.024353670 0.003113615
23.498716354 7.940157890 0.032454020 0.004087327
23.578338623 7.608232975 0.052000036 0.006834706
23.679607391 7.917817116 0.075417692 0.009525061
23.771856308 7.646931171 0.088954470 0.011632702
23.860239029 7.838825226 0.085214707 0.010870852
23.962537766 7.919412136 0.144504299 0.018246847
24.040613174 7.934173107 0.433071488 0.054583065
24.142911911 7.849995136 1.558681951 0.198558333
24.223823547 7.665281773 4.237632528 0.552834541
24.314010620 7.705975056 8.731438547 1.133073814
24.402910233 7.917018890 15.040958268 1.899825992
24.502115250 8.079790115 23.706045749 2.933992766
24.581739426 8.083379745 34.650476418 4.286632264
24.683006287 7.955717087 47.951234931 6.027267487
24.762371063 8.118488312 63.640938785 7.839013415
24.863895416 7.915822029 82.041354111 10.364224184
24.942487717 8.007181168 103.112705384 12.877528711
25.033964157 8.104523659 127.092358822 15.681656834
25.122604370 7.982844830 153.848154267 19.272346833
25.201454163 7.962897778 183.475296408 23.041272352
25.298599243 8.644700050 216.492116759 25.043334702
25.380540848 12.347339630 252.639116919 20.461016258
25.457845688 25.363029480 292.851749871 11.546402613
25.525871277 50.718990326 336.303239573 6.630716373
25.587198257 81.526977539 384.165618015 4.712128790
25.640022278 114.908584595 436.307860347 3.796999692
25.714235306 156.932601929 493.495910748 3.144636007
25.767574310 199.961578369 549.863175363 2.749844144
25.818851471 246.217239380 603.592919540 2.451464898
25.870645523 293.346618652 654.063468764 2.229660842
25.922180176 345.541809082 705.068677979 2.040472844
25.973716736 399.039978027 754.429835737 1.890612162
26.024995804 452.367828369 805.891314816 1.781495642
26.071119308 507.377593994 858.566664853 1.692165115
26.104616165 563.023315430 912.631444980 1.620947872
26.154092789 620.785827637 969.881656713 1.562345037
26.204338074 680.317321777 1023.483484763 1.504420734
26.235260010 741.038085938 1074.346893155 1.449786338
26.282930374 800.442260742 1121.183018763 1.400704428
26.322097778 861.107971191 1164.763774537 1.352633832
26.360233307 922.423889160 1201.659031752 1.302718897
26.407131195 990.670837402 1227.475149643 1.239034302
26.408678055 991.197814941 1227.862069872 1.238765917
26.360750198 923.043884277 1202.265339861 1.302500737
26.321840286 861.293457031 1165.296827320 1.352961430
26.283445358 800.733093262 1122.384960497 1.401696733
26.237579346 740.202270508 1075.372155549 1.452808507
26.203565598 678.728332520 1024.455078995 1.509374266
26.154607773 620.231689453 971.202636295 1.565870711
26.108997345 563.264709473 914.004904663 1.622691586
26.073953629 506.793945312 859.630438924 1.696212922
26.025768280 452.050262451 806.689770887 1.784513444
25.974231720 399.057952881 755.064471479 1.892117338
25.922954559 345.051116943 705.575993094 2.044844832
25.871160507 293.842498779 654.550132251 2.227554336
25.819883347 246.585067749 604.151706806 2.450074177
25.768089294 201.375442505 550.866554816 2.735520022
25.716554642 158.788909912 494.530648838 3.114390351
25.642084122 116.377510071 437.196051725 3.756705668
25.588230133 83.043380737 385.240718335 4.639029805
25.528963089 51.798145294 337.120497865 6.508350752
25.459133148 26.322900772 293.513462201 11.150498372
25.381830215 12.450668335 253.274365303 20.342230512
25.301433563 8.597624779 217.175838357 25.259980977
25.204032898 7.545997143 184.143741400 24.402837414
25.124408722 7.775791168 154.490938342 19.868195403
25.034994125 7.577912807 127.710478640 16.852988664
24.944034576 7.658500195 103.718742027 13.542957419
24.866214752 7.652116776 82.638015768 10.799366789
24.764432907 7.705975056 64.251303993 8.337855175
24.685840607 7.577514172 48.581657980 6.411292263
24.588438034 7.492937088 35.244323533 4.703672688
24.505723953 7.468999863 24.220692022 3.242829357
24.405744553 7.733102798 15.420624857 1.994105763
24.322513580 7.510090828 8.984225669 1.196287219
24.225368500 7.648127079 4.385397956 0.573395017
24.144973755 7.563949108 1.615140197 0.213531341
24.043449402 7.631771088 0.412446982 0.054043416
23.964340210 7.437084198 0.099749603 0.013412461
23.862043381 7.483760834 0.038151868 0.005097954
23.779071808 7.902257919 0.026398934 0.003340682
23.681409836 7.512485027 0.006993780 0.000930954
23.582977295 7.687623024 0.008418918 0.001095126
23.501035690 7.470197201 0.015301676 0.002048363
23.398994446 7.538018227 0.012716607 0.001686996
23.319114685 7.559162140 -0.001934029 -0.000255852
23.217590332 7.465807915 0.001688478 0.000226161
23.124052048 7.415939808 0.013686365 0.001845533
23.036184311 7.380033970 0.015744859 0.002133440
22.934400558 7.639350891 0.011266289 0.001474771
22.831329346 7.536421776 0.010756484 0.001427267
22.753253937 7.609031200 0.013424687 0.001764310
22.651212692 7.647329807 0.016325172 0.002134755
22.553037643 7.559560776 0.020655703 0.002732395
22.470321655 7.503308773 0.024059405 0.003206506
22.367509842 7.781774998 0.014237838 0.001829639
22.269075394 7.676054001 -0.005384271 -0.000701437
22.186103821 7.563150883 -0.002111649 -0.000279202
22.084577560 7.395593166 -0.005054262 -0.000683415
21.990524292 7.527645111 0.002562925 0.000340468
21.903430939 7.648526192 0.010590720 0.001384675
21.800359726 7.500117779 -0.001675296 -0.000223369
21.698833466 7.455036163 -0.002016838 -0.000270534
21.611480713 7.629376888 -0.009486922 -0.001243473
21.516912460 7.463812828 0.009247960 0.001239040
21.414613724 7.618206024 0.011804374 0.001549495
21.311285019 7.432694912 0.020317798 0.002733571
21.225477219 7.502111912 0.017912447 0.002387654
21.130395889 7.404369831 0.018162192 0.002452902
21.027839661 7.608232975 0.017510996 0.002301585
20.926313400 7.773796082 0.022218530 0.002858131
20.829685211 7.508097172 0.016557409 0.002205274
20.743104935 7.536023140 0.008083528 0.001072652
20.640806198 7.451446056 -0.005119300 -0.000687021
20.539796829 7.498521805 0.010018120 0.001336013
20.449867249 7.421525002 0.012070252 0.001626384
20.357360840 7.711161137 0.021159301 0.002743984
20.254547119 7.631771088 0.031508779 0.004128633
20.152248383 7.806909084 0.030174344 0.003865082
20.054073334 7.459424973 0.019662788 0.002635966
19.967493057 7.444664001 0.035417244 0.004757400
19.867771149 7.445462227 0.026446400 0.003552016
19.764957428 7.536023140 0.023944750 0.003177372
19.665235519 7.449051857 0.027642313 0.003710850
19.571184158 7.542406082 0.040360461 0.005351139
19.479965210 7.516076088 0.032621361 0.004340212
19.378183365 7.387613773 0.031827087 0.004308169
19.275627136 7.518468857 0.027430418 0.003648405
19.173843384 7.701985836 0.017088516 0.002218716
19.084171295 7.436285973 0.023935347 0.003218723
18.989860535 7.508495808 0.030132118 0.004013070
18.888593674 7.265934944 0.033009176 0.004543005
18.786552429 7.378038883 0.018901917 0.002561916
18.686832428 7.603445053 0.005409648 0.000711473
18.590974808 7.576715946 -0.014812748 -0.001955035
18.498725891 7.327772141 -0.023551339 -0.003213984
18.398490906 7.551581860 -0.013582216 -0.001798592
18.296190262 7.638951778 0.002358373 0.000308730
18.193378448 7.480568886 -0.004281646 -0.000572369
18.104221344 7.438281059 -0.002422986 -0.000325745
18.009910583 7.553177834 0.006645459 0.000879823
17.908901215 7.261944771 0.002677269 0.000368671
17.806344986 7.567141056 0.001797197 0.000237500
17.703531265 7.637355804 0.000036391 0.000004765
17.602264404 7.457030773 -0.025934060 -0.003477800
17.505634308 7.417534828 -0.023796616 -0.003208157
17.412355423 7.547990799 -0.021902039 -0.002901704
17.316755295 7.523256779 -0.006385540 -0.000848773
17.214199066 7.585493088 -0.004443795 -0.000585828
17.110870361 7.506899834 -0.012150998 -0.001618644
17.008056641 7.668872833 -0.012631528 -0.001647117
16.912200928 7.395991802 -0.000112359 -0.000015192
16.821241379 7.293860912 0.002288222 0.000313719
16.723838806 7.554773808 -0.016362053 -0.002165790
16.619993210 7.510090828 -0.015901470 -0.002117347
16.517953873 7.298250198 -0.009831522 -0.001347107
16.417974472 7.521262169 -0.018803089 -0.002499991
16.317995071 7.607833862 -0.002399748 -0.000315431
16.223941803 7.498123169 -0.012185728 -0.001625170
16.119066238 7.697197914 -0.020712679 -0.002690938
16.025272369 7.520463943 -0.020245420 -0.002692044
15.925292969 7.453042030 -0.012939415 -0.001736125
15.822736740 7.485356808 -0.016261256 -0.002172409
15.721727371 7.601450920 -0.012171319 -0.001601184
15.618397713 7.535224915 -0.019227010 -0.002551617
15.516614914 7.441472054 -0.022882372 -0.003074979
15.419985771 7.483760834 -0.028775327 -0.003845036
15.330056190 7.421125889 -0.028573707 -0.003850320
15.228789330 7.665281773 -0.012880285 -0.001680341
15.126489639 7.522059917 -0.013782588 -0.001832289
15.023934364 7.477777004 -0.028388885 -0.003796434
14.936065674 7.604641914 -0.009390765 -0.001234873
14.841239929 7.502511024 -0.005232202 -0.000697393
14.737396240 7.622594833 -0.001343296 -0.000176226
14.636901855 7.530837059 0.008729668 0.001159190
14.534088135 7.568337917 0.006309327 0.000833648
14.431016922 7.505702972 0.012879600 0.001715975
14.328718185 7.546794891 0.014572478 0.001930949
14.227451324 7.451845169 0.014915575 0.002001595
14.132624626 7.563150883 0.477513647 0.063136866
14.040375710 7.589880943 0.505766743 0.066636980
13.938077927 7.460223198 0.517529093 0.069371797
13.831657410 7.636158943 0.524428307 0.068676976
13.735027313 7.507298946 0.529722873 0.070561047
13.632213593 7.515277863 0.533019074 0.070924733
13.529914856 7.784567833 0.536358318 0.068900205
13.426071167 7.478175163 0.539531647 0.072147501
13.332276344 7.495728970 0.541987082 0.072306120
13.237965584 7.405965805 0.544722058 0.073551792
13.140048027 7.407561779 0.546812692 0.073818175
13.038781166 7.395194054 0.549205630 0.074265209
