Ch1: 36.730583 1638.703073 21.968750 600 3220 7880
Ch1: 33.155108 -11.393239 22.031250 599 3223 7894
Ch1: 33.192261 0.096082 22.031250 598 3225 7908
Ch1: 33.302669 0.325868 22.000000 597 3225 7935
Ch1: 33.414547 0.785441 22.000000 596 3220 7965
Ch1: 33.541958 -9.554948 22.000000 595 3224 7982
Ch1: 33.603249 -0.133705 22.062500 594 3224 8001
Ch1: 33.753330 -6.108152 22.000000 593 3221 8039
Ch1: 33.860799 -10.474094 21.968750 592 3222 8069
Ch1: 33.930067 -3.350715 22.031250 591 3224 8082
Ch1: 34.007311 0.785441 22.000000 590 3223 8104
Ch1: 34.111423 0.555655 22.000000 589 3222 8125
Ch1: 34.211126 1.015227 22.000000 588 3224 8152
Ch1: 34.312089 1.474800 22.000000 587 3226 8173
Ch1: 34.422918 3.083305 22.000000 586 3226 8201
Ch1: 34.523461 1.934373 22.031250 585 3224 8225
Ch1: 34.623164 0.555655 22.031250 584 3224 8256
Ch1: 34.726856 0.325868 22.000000 583 3224 8269
Ch1: 34.833277 0.555655 21.906250 582 3224 8296
Ch1: 34.926893 1.245014 21.968750 581 3224 8324
Ch1: 35.037511 1.474800 21.906250 580 3225 8348
Ch1: 35.155477 -1.512423 21.906250 579 3224 8370
Ch1: 35.247833 1.474800 21.906250 578 3223 8396
Ch1: 35.345438 -0.823064 21.937500 577 3222 8417
Ch1: 35.445561 0.555655 21.906250 576 3223 8443
Ch1: 35.555970 2.164160 22.000000 575 3225 8468
Ch1: 35.647068 2.853519 21.937500 574 3226 8499
Ch1: 35.759155 1.245014 21.937500 573 3225 8518
Ch1: 35.867255 0.785441 21.937500 572 3225 8548
Ch1: 35.980182 -0.823064 22.000000 571 3225 8573
Ch1: 36.068131 1.474800 21.968750 570 3225 8590
Ch1: 36.163637 2.853519 22.000000 569 3225 8620
Ch1: 36.258513 0.555655 21.968750 568 3223 8640
Ch1: 36.368711 -0.593277 21.968750 567 3223 8666
Ch1: 36.474082 0.785441 21.968750 566 3223 8689
Ch1: 36.571057 0.785441 21.968750 565 3225 8715
Ch1: 36.689442 1.015227 22.031250 564 3226 8738
Ch1: 36.779280 3.083305 22.000000 563 3226 8763
Ch1: 36.882132 2.393946 21.937500 562 3225 8790
Ch1: 36.991911 1.934373 21.937500 561 3224 8813
Ch1: 37.089306 1.474800 22.000000 560 3222 8837
Ch1: 37.201813 1.474800 21.968750 559 3223 8866
Ch1: 37.301727 1.934373 21.937500 558 3224 8889
Ch1: 37.398072 2.853519 21.968750 557 3225 8914
Ch1: 37.504912 3.542878 21.906250 556 3225 8935
Ch1: 37.602307 2.623732 21.906250 555 3224 8960
Ch1: 37.703690 1.474800 21.937500 554 3223 8985
Ch1: 37.813678 1.015227 21.906250 553 3223 9008
Ch1: 37.911493 0.785441 21.875000 552 3225 9034
Ch1: 38.019593 2.393946 21.906250 551 3225 9058
Ch1: 38.127063 3.772665 21.906250 550 3225 9081
Ch1: 38.211653 1.704587 21.937500 549 3223 9108
Ch1: 38.329408 1.474800 21.906250 548 3222 9139
Ch1: 38.423235 0.555655 21.937500 547 3223 9157
Ch1: 38.533853 1.015227 21.906250 546 3225 9180
Ch1: 38.635026 2.393946 21.875000 545 3225 9204
Ch1: 38.721506 2.853519 21.937500 544 3225 9222
Ch1: 38.842619 1.934373 21.937500 543 3223 9253
Ch1: 38.939804 -0.363491 21.937500 542 3223 9276
Ch1: 39.027963 1.245014 21.875000 541 3224 9304
Ch1: 39.143199 2.623732 21.906250 540 3226 9325
Ch1: 39.250039 1.704587 21.843750 539 3226 9351
Ch1: 39.349953 2.623732 21.843750 538 3225 9375
Ch1: 39.455114 1.474800 21.843750 537 3224 9400
Ch1: 39.557336 2.164160 21.812500 536 3224 9428
Ch1: 39.661448 -0.133705 21.906250 535 3222 9447
Ch1: 39.758633 0.325868 21.906250 534 3224 9468
Ch1: 39.853718 3.772665 21.875000 533 3226 9495
Ch1: 39.968115 4.002451 21.843750 532 3225 9526
Ch1: 40.074116 2.393946 21.812500 531 3223 9548
Ch1: 40.179487 1.245014 21.843750 530 3223 9570
Ch1: 40.269745 2.393946 21.875000 529 3224 9595
Ch1: 40.368609 1.704587 21.812500 528 3224 9615
Ch1: 40.481536 3.542878 21.906250 527 3224 9644
Ch1: 40.564237 3.313092 21.875000 526 3226 9664
Ch1: 40.680313 4.232237 21.781250 525 3226 9692
Ch1: 40.776868 3.313092 21.875000 524 3223 9718
Ch1: 40.892525 2.623732 21.875000 523 3223 9743
Ch1: 40.995167 2.164160 21.843750 522 3224 9763
Ch1: 41.095290 4.232237 21.843750 521 3226 9787
Ch1: 41.187017 5.151383 21.781250 520 3226 9821
Ch1: 41.302883 3.083305 21.781250 519 3224 9842
Ch1: 41.404056 3.542878 21.781250 518 3224 9861
Ch1: 41.508588 2.164160 21.843750 517 3223 9889
Ch1: 41.617737 1.704587 21.875000 516 3224 9913
Ch1: 41.755852 -9.095375 21.875000 515 3223 9951
Ch1: 41.848419 -2.891142 21.875000 514 3226 9960
Ch1: 41.921675 3.772665 21.812500 513 3225 9991
Ch1: 42.014242 1.934373 21.812500 512 3223 10012
Ch1: 42.130528 0.785441 21.937500 511 3223 10040
Ch1: 42.217847 -0.593277 21.875000 510 3222 10060
Ch1: 42.322588 -0.133705 21.906250 509 3224 10081
Ch1: 42.423971 2.164160 21.906250 508 3225 10104
Ch1: 42.526613 2.164160 21.875000 507 3225 10131
Ch1: 42.628416 2.853519 21.812500 506 3224 10155
Ch1: 42.738825 3.313092 21.875000 505 3226 10183
Ch1: 42.843146 3.083305 21.906250 504 3223 10206
Ch1: 42.943269 2.393946 21.781250 503 3223 10230
Ch1: 43.048220 2.393946 21.843750 502 3224 10254
Ch1: 43.150233 3.313092 21.781250 501 3226 10283
Ch1: 43.242800 4.921597 21.781250 500 3226 10305
Ch1: 43.350270 3.772665 21.781250 499 3224 10331
Ch1: 43.457950 1.704587 21.875000 498 3223 10346
Ch1: 43.553455 3.313092 21.781250 497 3223 10378
Ch1: 43.658616 0.325868 21.781250 496 3223 10395
Ch1: 43.763567 3.313092 21.843750 495 3225 10424
Ch1: 43.862431 2.623732 21.781250 494 3225 10449
Ch1: 43.961925 1.245014 21.750000 493 3223 10474
Ch1: 44.071704 4.232237 21.812500 492 3224 10499
Ch1: 44.178124 2.853519 21.781250 491 3225 10525
Ch1: 44.277408 -0.593277 21.812500 490 3225 10548
Ch1: 44.373543 3.772665 21.781250 489 3226 10574
Ch1: 44.481013 3.083305 21.875000 488 3226 10593
Ch1: 44.581976 1.704587 21.843750 487 3225 10620
Ch1: 44.682309 3.083305 21.843750 486 3225 10646
Ch1: 44.787890 1.704587 21.750000 485 3222 10667
Ch1: 44.878358 1.474800 21.781250 484 3223 10694
Ch1: 44.989187 0.785441 21.750000 483 3222 10717
Ch1: 45.099175 1.245014 21.812500 482 3224 10745
Ch1: 45.191952 0.785441 21.843750 481 3223 10765
Ch1: 45.299002 1.245014 21.843750 480 3225 10791
Ch1: 45.399755 4.002451 21.718750 479 3227 10811
Ch1: 45.506176 3.772665 21.718750 478 3224 10839
Ch1: 45.610707 4.691810 21.718750 477 3224 10867
Ch1: 45.716498 4.232237 21.750000 476 3224 10890
Ch1: 45.823968 1.934373 21.812500 475 3224 10916
Ch1: 45.918634 2.164160 21.750000 474 3225 10935
Ch1: 46.010781 4.921597 21.718750 473 3225 10961
Ch1: 46.117201 3.542878 21.781250 472 3226 10991
Ch1: 46.218374 3.542878 21.750000 471 3223 11011
Ch1: 46.334030 2.164160 21.750000 470 3224 11037
Ch1: 46.427856 4.002451 21.843750 469 3224 11064
Ch1: 46.532178 4.921597 21.750000 468 3225 11087
Ch1: 46.631462 4.691810 21.843750 467 3226 11110
Ch1: 46.745439 5.610956 21.718750 466 3226 11135
Ch1: 46.844302 4.002451 21.750000 465 3223 11159
Ch1: 46.948624 1.934373 21.812500 464 3222 11184
Ch1: 47.056304 3.083305 21.718750 463 3226 11210
Ch1: 47.150340 3.542878 21.781250 462 3226 11230
Ch1: 47.247315 5.381170 21.718750 461 3226 11259
Ch1: 47.369058 6.070529 21.781250 460 3225 11287
Ch1: 47.459736 4.232237 21.718750 459 3225 11310
Ch1: 47.570144 3.313092 21.718750 458 3223 11332
Ch1: 47.665650 3.083305 21.750000 457 3223 11354
Ch1: 47.770811 3.542878 21.750000 456 3224 11381
Ch1: 47.871984 3.542878 21.843750 455 3225 11401
Ch1: 47.976935 5.381170 21.718750 454 3226 11430
Ch1: 48.079787 5.381170 21.843750 453 3224 11457
Ch1: 48.189356 3.542878 21.750000 452 3222 11485
Ch1: 48.363155 -21.044269 21.812500 451 3221 11520
Ch1: 48.428854 -8.635802 21.718750 450 3223 11539
Ch1: 48.517433 -3.580501 21.718750 449 3225 11556
Ch1: 48.591529 3.542878 21.812500 448 3225 11578
Ch1: 48.710543 2.853519 21.718750 447 3224 11601
Ch1: 48.797023 1.015227 21.718750 446 3223 11625
Ch1: 48.892109 1.015227 21.843750 445 3223 11650
Ch1: 48.998739 2.393946 21.812500 444 3223 11675
Ch1: 49.109358 3.772665 21.750000 443 3227 11699
Ch1: 49.212420 3.313092 21.718750 442 3226 11726
Ch1: 49.319470 4.002451 21.781250 441 3225 11750
Ch1: 49.412246 3.542878 21.781250 440 3224 11771
Ch1: 49.525174 1.474800 21.750000 439 3223 11797
Ch1: 49.617741 1.704587 21.843750 438 3224 11820
Ch1: 49.719753 2.853519 21.750000 437 3226 11843
Ch1: 49.826384 4.921597 21.812500 436 3226 11872
Ch1: 49.927137 5.840742 21.812500 435 3225 11894
Ch1: 50.032508 1.474800 21.812500 434 3223 11920
Ch1: 50.143966 2.623732 21.750000 433 3223 11946
Ch1: 50.229606 2.623732 21.750000 432 3224 11969
Ch1: 50.358696 -3.580501 21.781250 431 3225 11990
Ch1: 50.442657 4.232237 21.718750 430 3226 12015
Ch1: 50.537742 4.462024 21.843750 429 3226 12040
Ch1: 50.642484 4.002451 21.750000 428 3225 12059
Ch1: 50.744496 4.002451 21.718750 427 3224 12090
Ch1: 50.848608 2.853519 21.875000 426 3224 12114
Ch1: 50.951040 3.313092 21.750000 425 3223 12141
Ch1: 51.054102 1.934373 21.750000 424 3223 12166
Ch1: 51.154015 2.623732 21.812500 423 3223 12186
Ch1: 51.250990 1.704587 21.718750 422 3225 12211
Ch1: 51.363498 2.623732 21.812500 421 3226 12236
Ch1: 51.463621 3.313092 21.750000 420 3226 12261
Ch1: 51.562695 4.691810 21.781250 419 3226 12281
Ch1: 51.667226 3.772665 21.781250 418 3225 12312
Ch1: 51.768189 2.623732 21.718750 417 3223 12330
Ch1: 51.870831 1.704587 21.812500 416 3223 12355
Ch1: 51.983339 3.313092 21.781250 415 3225 12385
Ch1: 52.083462 3.542878 21.843750 414 3225 12407
Ch1: 52.177499 4.921597 21.843750 413 3226 12431
Ch1: 52.276363 5.840742 21.843750 412 3226 12456
Ch1: 52.387611 6.530102 21.843750 411 3226 12485
Ch1: 52.491512 10.436471 21.781250 410 3225 12505
Ch1: 52.584709 11.815189 21.781250 409 3225 12524
Ch1: 52.685252 14.342840 21.843750 408 3227 12549
Ch1: 52.780128 21.236433 21.781250 407 3229 12577
Ch1: 52.886338 24.683229 21.781250 406 3231 12603
Ch1: 52.984153 29.278958 21.781250 405 3231 12620
Ch1: 53.084066 33.415113 21.843750 404 3231 12643
Ch1: 53.200562 40.538492 21.781250 403 3231 12670
Ch1: 53.294598 46.283153 21.781250 402 3232 12693
Ch1: 53.381918 51.568241 21.812500 401 3234 12714
Ch1: 53.471546 57.542688 21.812500 400 3237 12741
Ch1: 53.587412 66.963931 21.781250 399 3240 12766
Ch1: 53.687955 73.627738 21.812500 398 3240 12795
Ch1: 53.772756 79.602185 21.750000 397 3241 12809
Ch1: 53.872459 85.806418 21.781250 396 3242 12835
Ch1: 53.972163 93.619156 21.812500 395 3244 12856
Ch1: 54.072286 103.499973 21.781250 394 3247 12881
Ch1: 54.168631 113.840362 21.812500 393 3249 12907
Ch1: 54.267705 122.802032 21.750000 392 3250 12924
Ch1: 54.364470 130.155198 21.875000 391 3252 12951
Ch1: 54.456407 136.589218 21.812500 390 3254 12975
Ch1: 54.557580 144.861529 21.843750 389 3254 12992
Ch1: 54.657284 157.040210 21.781250 388 3257 13020
Ch1: 54.746282 166.691239 21.812500 387 3261 13043
Ch1: 54.854802 177.950774 21.812500 386 3264 13073
Ch1: 54.945689 188.750736 21.812500 385 3266 13089
Ch1: 55.040985 197.252834 21.906250 384 3267 13112
Ch1: 55.148035 208.742155 21.781250 383 3269 13142
Ch1: 55.239762 217.933612 21.875000 382 3270 13161
Ch1: 55.328761 227.354855 21.875000 381 3272 13180
Ch1: 55.424476 241.831400 21.906250 380 3277 13205
Ch1: 55.521871 255.618586 21.781250 379 3281 13226
Ch1: 55.623464 267.797266 21.812500 378 3282 13250
Ch1: 55.723377 276.529150 21.781250 377 3285 13271
Ch1: 55.807128 289.167404 21.812500 376 3286 13299
Ch1: 55.907251 297.439715 21.781250 375 3287 13317
Ch1: 56.004226 309.618395 21.812500 374 3290 13340
Ch1: 56.096163 325.473659 21.875000 373 3294 13365
Ch1: 56.196497 335.354475 21.875000 372 3297 13387
Ch1: 56.289693 350.979952 21.875000 371 3301 13411
Ch1: 56.387088 368.443720 21.781250 370 3305 13433
Ch1: 56.480914 376.945818 21.812500 369 3308 13454
Ch1: 56.572222 390.273430 21.781250 368 3309 13480
Ch1: 56.683260 405.669121 21.812500 367 3310 13501
Ch1: 56.766801 418.077588 21.812500 366 3314 13521
Ch1: 56.860208 428.188190 21.875000 365 3317 13546
Ch1: 56.959911 444.273240 21.812500 364 3322 13568
Ch1: 57.052058 456.451920 21.781250 363 3325 13593
Ch1: 57.153861 470.698679 21.906250 362 3326 13616
Ch1: 57.246218 483.336932 21.812500 361 3328 13637
Ch1: 57.338785 497.813477 21.812500 360 3331 13660
Ch1: 57.419387 509.532584 21.875000 359 3334 13674
Ch1: 57.533154 527.685712 21.843750 358 3338 13704
Ch1: 57.617115 543.081402 21.812500 357 3343 13723
Ch1: 57.710732 561.694103 21.812500 356 3347 13748
Ch1: 57.804768 573.642997 21.812500 355 3348 13769
Ch1: 57.900273 590.417406 21.906250 354 3352 13793
Ch1: 57.991371 607.421601 21.812500 353 3356 13819
Ch1: 58.076381 623.966224 21.781250 352 3359 13834
Ch1: 58.177344 640.051273 21.875000 351 3364 13862
Ch1: 58.272640 657.515042 21.812500 350 3368 13880
Ch1: 58.365207 675.438383 21.906250 349 3371 13905
Ch1: 58.458823 692.672365 21.843750 348 3375 13930
Ch1: 58.556008 718.178658 21.906250 347 3379 13946
Ch1: 58.637030 736.101999 21.781250 346 3383 13969
Ch1: 58.731276 752.646621 21.843750 345 3388 13995
Ch1: 58.819645 773.557186 21.812500 344 3392 14012
Ch1: 58.921448 793.548605 21.750000 343 3398 14039
Ch1: 59.003309 809.633655 21.750000 342 3402 14058
Ch1: 59.104902 833.071870 21.781250 341 3405 14081
Ch1: 59.194111 851.224997 21.781250 340 3408 14104
Ch1: 59.277442 869.837698 21.875000 339 3409 14119
Ch1: 59.373997 891.437622 21.843750 338 3417 14143
Ch1: 59.477269 911.888613 21.750000 337 3423 14165
Ch1: 59.552414 933.718324 21.781250 336 3428 14187
Ch1: 59.660933 963.360772 21.750000 335 3436 14213
Ch1: 59.736288 982.433046 21.843750 334 3439 14233
Ch1: 59.831374 999.207455 21.812500 333 3439 14255
Ch1: 59.924780 1015.062718 21.843750 332 3446 14279
Ch1: 60.020286 1042.407302 21.718750 331 3451 14299
Ch1: 60.100468 1067.454023 21.718750 330 3453 14319
Ch1: 60.206679 1088.594374 21.750000 329 3462 14338
Ch1: 60.280145 1119.155968 21.718750 328 3468 14357
Ch1: 60.370613 1139.836746 21.750000 327 3473 14379
Ch1: 60.467797 1159.598379 21.750000 326 3481 14408
Ch1: 60.549659 1189.470614 21.718750 325 3483 14427
Ch1: 60.646844 1209.002460 21.750000 324 3484 14449
Ch1: 60.730595 1228.304520 21.750000 323 3491 14468
Ch1: 60.822532 1262.772483 21.843750 322 3497 14487
Ch1: 60.913210 1276.559669 21.781250 321 3500 14512
Ch1: 60.995911 1307.351050 21.875000 320 3510 14531
Ch1: 61.098554 1341.359440 21.843750 319 3515 14556
Ch1: 61.175168 1356.065772 21.718750 318 3521 14578
Ch1: 61.257240 1384.329502 21.718750 317 3524 14591
Ch1: 61.348757 1415.350669 21.843750 316 3532 14615
Ch1: 61.441744 1443.384613 21.718750 315 3535 14634
Ch1: 61.518778 1474.175994 21.781250 314 3545 14657
Ch1: 61.607567 1496.465277 21.750000 313 3552 14675
Ch1: 61.689428 1532.771532 21.718750 312 3560 14696
Ch1: 61.785144 1564.711845 21.718750 311 3565 14719
Ch1: 61.867216 1597.801090 21.781250 310 3573 14742
Ch1: 61.948028 1633.417986 21.750000 309 3578 14758
Ch1: 62.026531 1659.843424 21.781250 308 3584 14780
Ch1: 62.124976 1692.932670 21.718750 307 3594 14800
Ch1: 62.215443 1725.792128 21.812500 306 3600 14821
Ch1: 62.296466 1746.243120 21.656250 305 3605 14841
Ch1: 62.373500 1781.860016 21.656250 304 3613 14859
Ch1: 62.463338 1827.357728 21.750000 303 3620 14881
Ch1: 62.526309 1863.663983 21.718750 302 3634 14897
Ch1: 62.620975 1913.527637 21.781250 301 3640 14915
Ch1: 62.698638 1944.089231 21.781250 300 3648 14944
Ch1: 62.788057 1968.676379 21.718750 299 3658 14958
Ch1: 62.860263 2026.122985 21.687500 298 3661 14978
Ch1: 62.950941 2051.629278 21.687500 297 3668 14997
Ch1: 63.033223 2087.475960 21.656250 296 3677 15011
Ch1: 63.114875 2129.756662 21.687500 295 3688 15036
Ch1: 63.192748 2185.135190 21.812500 294 3702 15055
Ch1: 63.273351 2210.871270 21.687500 293 3707 15074
Ch1: 63.352274 2264.871080 21.843750 292 3714 15089
Ch1: 63.429728 2302.326267 21.718750 291 3726 15112
Ch1: 63.516627 2349.892057 21.812500 290 3735 15131
Ch1: 63.586105 2397.687633 21.718750 289 3748 15147
Ch1: 63.641939 2464.785269 21.781250 288 3766 15163
Ch1: 63.728419 2531.653118 21.687500 287 3776 15180
Ch1: 63.802514 2571.406170 21.687500 286 3783 15203
Ch1: 63.877449 2603.576269 21.687500 285 3788 15221
Ch1: 63.955323 2662.401594 21.812500 284 3807 15234
Ch1: 64.030678 2717.550335 21.781250 283 3818 15253
Ch1: 64.102884 2769.711854 21.843750 282 3829 15270
Ch1: 64.190204 2815.439352 21.687500 281 3837 15289
Ch1: 64.261361 2861.166851 21.750000 280 3850 15312
Ch1: 64.327690 2913.558155 21.718750 279 3860 15325
Ch1: 64.405563 2978.587713 21.718750 278 3872 15343
Ch1: 64.464126 3050.740651 21.812500 277 3890 15359
Ch1: 64.528356 3113.472344 21.718750 276 3904 15373
Ch1: 64.610428 3159.659416 21.718750 275 3914 15393
Ch1: 64.681585 3221.701750 21.781250 274 3924 15412
Ch1: 64.759249 3269.037754 21.781250 273 3939 15427
Ch1: 64.825158 3329.241797 21.718750 272 3951 15443
Ch1: 64.891697 3404.381958 21.718750 271 3968 15459
Ch1: 64.976288 3477.683827 21.718750 270 3979 15479
Ch1: 65.034431 3533.751715 21.750000 269 3991 15485
Ch1: 65.103908 3579.249427 21.687500 268 4006 15507
Ch1: 65.169608 3641.291761 21.781250 267 4016 15528
Ch1: 65.236776 3703.104309 21.687500 266 4031 15540
Ch1: 65.297858 3778.474256 21.687500 265 4048 15555
Ch1: 65.364187 3854.993136 21.781250 264 4069 15574
Ch1: 65.432615 3923.929063 21.750000 263 4080 15586
Ch1: 65.495796 3987.120330 21.750000 262 4090 15603
Ch1: 65.563384 4054.907325 21.781250 261 4108 15618
Ch1: 65.619848 4141.536807 21.656250 260 4126 15638
Ch1: 65.694363 4212.540812 21.687500 259 4145 15646
Ch1: 65.747678 4301.927731 21.781250 258 4163 15663
Ch1: 65.813798 4365.118998 21.812500 257 4170 15677
Ch1: 65.871731 4425.093254 21.781250 256 4187 15692
Ch1: 65.949184 4515.169533 21.781250 255 4205 15709
Ch1: 66.001030 4576.292722 21.781250 254 4222 15723
Ch1: 66.059803 4660.854126 21.718750 253 4237 15740
Ch1: 66.118995 4735.994286 21.687500 252 4256 15752
Ch1: 66.186584 4834.572662 21.718750 251 4277 15766
Ch1: 66.235281 4920.972358 21.750000 250 4297 15776
Ch1: 66.284608 5021.848598 21.781250 249 4316 15787
Ch1: 66.337084 5107.329148 21.687500 248 4333 15800
Ch1: 66.403623 5198.094786 21.843750 247 4358 15820
Ch1: 66.458197 5288.630637 21.656250 246 4375 15829
Ch1: 66.507105 5358.715496 21.750000 245 4390 15845
Ch1: 66.566927 5453.387503 21.718750 244 4410 15857
Ch1: 66.618773 5546.221218 21.781250 243 4434 15870
Ch1: 66.672718 5639.744293 21.750000 242 4454 15882
Ch1: 66.725403 5749.122631 21.781250 241 4476 15891
Ch1: 66.765914 5838.739337 21.781250 240 4494 15907
Ch1: 66.828045 5948.117675 21.718750 239 4518 15920
Ch1: 66.877582 6043.019468 21.781250 238 4542 15932
Ch1: 66.928798 6142.976562 21.687500 237 4561 15943
Ch1: 66.974557 6249.367677 21.843750 236 4584 15955
Ch1: 67.025143 6353.001354 21.750000 235 4604 15966
Ch1: 67.063346 6462.839265 21.718750 234 4631 15977
Ch1: 67.123168 6558.889990 21.781250 233 4647 15989
Ch1: 67.169556 6652.183279 21.718750 232 4675 16002
Ch1: 67.215735 6769.374355 21.781250 231 4699 16013
Ch1: 67.262753 6876.914402 21.656250 230 4716 16021
Ch1: 67.299486 6974.343845 21.781250 229 4747 16033
Ch1: 67.352591 7097.739155 21.687500 228 4776 16044
Ch1: 67.380508 7239.287593 21.718750 227 4796 16051
Ch1: 67.421019 7355.789310 21.687500 226 4822 16060
Ch1: 67.466148 7449.082598 21.656250 225 4850 16072
Ch1: 67.514216 7547.660974 21.656250 224 4865 16083
Ch1: 67.569420 7662.324400 21.718750 223 4890 16098
Ch1: 67.616438 7750.562387 21.718750 222 4913 16108
Ch1: 67.662197 7870.281114 21.687500 221 4940 16118
Ch1: 67.694941 7985.633899 21.687500 220 4963 16125
Ch1: 67.740700 8116.382374 21.781250 219 4988 16137
Ch1: 67.780372 8228.747936 21.687500 218 5021 16146
Ch1: 67.811647 8351.683673 21.750000 217 5047 16153
Ch1: 67.850899 8488.866168 21.750000 216 5071 16164
Ch1: 67.888471 8597.325360 21.750000 215 5097 16173
Ch1: 67.938218 8706.244125 21.718750 214 5119 16182
Ch1: 67.972642 8839.290465 21.750000 213 5153 16194
Ch1: 68.006017 8972.336805 21.625000 212 5175 16199
Ch1: 68.041910 9075.970482 21.718750 211 5196 16208
Ch1: 68.079692 9214.531696 21.750000 210 5232 16217
Ch1: 68.111178 9344.590812 21.656250 209 5261 16226
Ch1: 68.151269 9475.569074 21.656250 208 5292 16235
Ch1: 68.183384 9612.981356 21.656250 207 5314 16241
Ch1: 68.211511 9740.742607 21.656250 206 5346 16249
Ch1: 68.246145 9875.627238 21.750000 205 5375 16257
Ch1: 68.283087 10011.201229 21.781250 204 5405 16266
Ch1: 68.314153 10150.451802 21.750000 203 5434 16272
Ch1: 68.341230 10289.242802 21.750000 202 5478 16280
Ch1: 68.362431 10446.876289 21.781250 201 5498 16285
Ch1: 68.394126 10581.531134 21.687500 200 5524 16294
Ch1: 68.432538 10708.143454 21.750000 199 5556 16301
Ch1: 68.459615 10835.215346 21.750000 198 5579 16306
Ch1: 68.492990 10965.044676 21.687500 197 5614 16316
Ch1: 68.524055 11111.648415 21.750000 196 5649 16321
Ch1: 68.554701 11244.464968 21.687500 195 5675 16332
Ch1: 68.582408 11401.179309 21.781250 194 5714 16334
Ch1: 68.600250 11561.110661 21.687500 193 5744 16340
Ch1: 68.635303 11682.897466 21.750000 192 5757 16351
Ch1: 68.674555 11807.441707 21.781250 191 5800 16355
Ch1: 68.694496 11940.947620 21.687500 190 5835 16360
Ch1: 68.648107 12240.359331 21.781250 189 5903 16352
Ch1: 68.652935 12439.813947 21.718750 188 5946 16351
Ch1: 68.679383 12596.987861 21.718750 187 5963 16360
Ch1: 68.700373 12708.664064 21.781250 186 5995 16368
Ch1: 68.736266 12860.552890 21.781250 185 6022 16372
Ch1: 68.756837 13000.492822 21.718750 184 6054 16377
Ch1: 68.781815 13162.722038 21.781250 183 6093 16387
Ch1: 68.808893 13308.176845 21.781250 182 6130 16389
Ch1: 68.821697 13470.176274 21.812500 181 6159 16396
Ch1: 68.848984 13643.435238 21.781250 180 6192 16402
Ch1: 68.873962 13757.409304 21.781250 179 6219 16406
Ch1: 68.901879 13920.098092 21.781250 178 6257 16411
Ch1: 68.925388 14065.093326 21.687500 177 6297 16415
Ch1: 68.931475 14233.756562 21.687500 176 6327 16421
Ch1: 68.970307 14370.019911 21.781250 175 6354 16430
Ch1: 68.996335 14526.044893 21.750000 174 6388 16435
Ch1: 69.017955 14673.337991 21.687500 173 6421 16440
Ch1: 69.041464 14818.792798 21.687500 172 6450 16446
Ch1: 69.067912 14969.302906 21.781250 171 6482 16452
Ch1: 69.096878 15104.187537 21.781250 170 6511 16459
Ch1: 69.119968 15249.642343 21.750000 169 6550 16465
Ch1: 69.134031 15411.641772 21.781250 168 6575 16469
Ch1: 69.160899 15575.939066 21.781250 167 6614 16474
Ch1: 69.183358 15714.270493 21.781250 166 6646 16482
Ch1: 69.203509 15885.001807 21.718750 165 6680 16482
Ch1: 69.222190 16025.171525 21.687500 164 6720 16489
Ch1: 69.242341 16200.038994 21.781250 163 6749 16496
Ch1: 69.268369 16349.400170 21.781250 162 6783 16500
Ch1: 69.278864 16515.765541 21.781250 161 6820 16503
Ch1: 69.285161 16701.892545 21.781250 160 6859 16502
Ch1: 69.312868 16877.449373 21.687500 159 6891 16512
Ch1: 69.332389 16990.504294 21.781250 158 6924 16517
Ch1: 69.371431 17124.699566 21.687500 157 6947 16526
Ch1: 69.398298 17266.248003 21.718750 156 6976 16529
Ch1: 69.415930 17453.983512 21.781250 155 7025 16536
Ch1: 69.432932 17584.502201 21.843750 154 7055 16541
Ch1: 69.451403 17760.059029 21.781250 153 7103 16545
Ch1: 69.465677 17904.135117 21.812500 152 7127 16547
Ch1: 69.487926 18100.142937 21.812500 151 7165 16551
Ch1: 69.502200 18245.138170 21.750000 150 7197 16558
Ch1: 69.515843 18407.367386 21.687500 149 7223 16561
Ch1: 69.538093 18576.260408 21.812500 148 7267 16565
Ch1: 69.555305 18734.123681 21.687500 147 7312 16569
Ch1: 69.576295 18896.582683 21.687500 146 7338 16575
Ch1: 69.589939 19048.701296 21.687500 145 7368 16577
Ch1: 69.606521 19214.147522 21.781250 144 7404 16580
Ch1: 69.609250 19416.819148 21.718750 143 7449 16582
Ch1: 69.626672 19554.691002 21.781250 142 7477 16585
Ch1: 69.645773 19694.860721 21.781250 141 7518 16590
Ch1: 69.670331 19892.706833 21.781250 140 7552 16597
Ch1: 69.682716 20053.097757 21.718750 139 7589 16601
Ch1: 69.703496 20205.216370 21.687500 138 7621 16603
Ch1: 69.712522 20380.313625 21.843750 137 7662 16607
Ch1: 69.730573 20539.096044 21.718750 136 7687 16610
Ch1: 69.749674 20689.606152 21.781250 135 7725 16618
Ch1: 69.768776 20855.052377 21.781250 134 7764 16623
Ch1: 69.793964 20999.588038 21.812500 133 7796 16627
Ch1: 69.813485 21157.451312 21.718750 132 7839 16631
Ch1: 69.836364 21320.599673 21.718750 131 7852 16639
Ch1: 69.866800 21455.714091 21.687500 130 7896 16641
Ch1: 69.873727 21633.109210 21.812500 129 7938 16644
Ch1: 69.879604 21802.232018 21.718750 128 7976 16647
Ch1: 69.900594 21955.959136 21.781250 127 8004 16653
Ch1: 69.921165 22124.162799 21.812500 126 8040 16656
Ch1: 69.935228 22260.426148 21.718750 125 8073 16660
Ch1: 69.950761 22439.199987 21.718750 124 8109 16663
Ch1: 69.957058 22627.854641 21.718750 123 8149 16664
Ch1: 69.970072 22792.151934 21.750000 122 8181 16667
Ch1: 69.987494 22936.457809 21.750000 121 8220 16672
Ch1: 70.004496 23121.206094 21.718750 120 8258 16675
Ch1: 70.014781 23282.286377 21.718750 119 8294 16677
Ch1: 70.035351 23437.392214 21.781250 118 8326 16683
Ch1: 70.051304 23596.174633 21.781250 117 8359 16687
Ch1: 70.075233 23762.310218 21.750000 116 8392 16692
Ch1: 70.087197 23927.296870 21.781250 115 8433 16695
Ch1: 70.101471 24099.406902 21.750000 114 8466 16695
Ch1: 70.106718 24257.040389 21.718750 113 8503 16701
Ch1: 70.124140 24419.269605 21.750000 112 8542 16706
Ch1: 70.148489 24580.809461 21.781250 111 8574 16709
Ch1: 70.161503 24734.766365 21.718750 110 8608 16713
Ch1: 70.171998 24921.582728 21.750000 109 8646 16715
Ch1: 70.192148 25045.207824 21.781250 108 8683 16720
Ch1: 70.206842 25241.675217 21.812500 107 8722 16724
Ch1: 70.214608 25405.283151 21.718750 106 8752 16725
Ch1: 70.224893 25587.733572 21.812500 105 8793 16727
Ch1: 70.240846 25750.422361 21.812500 104 8830 16731
Ch1: 70.247143 25932.413209 21.718750 103 8870 16734
Ch1: 70.267083 26072.353141 21.750000 102 8899 16736
Ch1: 70.276319 26244.692959 21.812500 101 8937 16739
Ch1: 70.289963 26411.517903 21.718750 100 8974 16744
Ch1: 70.318090 26543.874884 21.843750 99 9005 16753
Ch1: 70.328165 26737.584839 21.718750 98 9036 16755
Ch1: 70.344957 26886.256656 21.750000 97 9078 16756
Ch1: 70.349995 27054.919891 21.750000 96 9107 16758
Ch1: 70.368466 27234.612875 21.843750 95 9160 16759
Ch1: 70.367627 27423.037743 21.750000 94 9204 16761
Ch1: 70.377282 27603.420086 21.781250 93 9227 16766
Ch1: 70.382949 27770.934389 21.812500 92 9263 16767
Ch1: 70.402051 27933.852964 21.750000 91 9299 16773
Ch1: 70.406039 28107.571501 21.812500 90 9349 16769
Ch1: 70.421362 28289.332563 21.781250 89 9375 16775
Ch1: 70.438993 28428.123563 21.718750 88 9419 16779
Ch1: 70.452007 28606.897401 21.750000 87 9449 16783
Ch1: 70.460403 28758.096868 21.718750 86 9486 16785
Ch1: 70.454316 28969.040806 21.687500 85 9537 16785
Ch1: 70.472368 29127.133865 21.750000 84 9558 16787
Ch1: 70.479714 29305.677917 21.750000 83 9599 16788
Ch1: 70.491469 29473.881580 21.718750 82 9634 16790
Ch1: 70.497976 29635.191650 21.875000 81 9666 16797
Ch1: 70.522954 29799.259157 21.812500 80 9703 16799
Ch1: 70.529251 29968.611751 21.843750 79 9752 16800
Ch1: 70.552131 30115.215490 21.718750 78 9769 16805
Ch1: 70.566404 30270.551113 21.718750 77 9803 16809
Ch1: 70.575640 30449.784524 21.812500 76 9843 16810
Ch1: 70.584875 30604.890360 21.812500 75 9880 16813
Ch1: 70.595580 30765.970644 21.750000 74 9920 16817
Ch1: 70.619089 30918.548829 21.812500 73 9953 16821
Ch1: 70.631054 31098.241813 21.718750 72 9996 16823
Ch1: 70.625806 31275.636933 21.750000 71 10023 16822
Ch1: 70.633783 31431.661915 21.750000 70 10066 16827
Ch1: 70.646797 31619.167637 21.843750 69 10109 16827
Ch1: 70.650155 31796.103184 21.812500 68 10144 16832
Ch1: 70.666108 31940.868631 21.718750 67 10175 16833
Ch1: 70.676603 32132.510509 21.781250 66 10223 16836
Ch1: 70.682900 32283.709976 21.750000 65 10241 16836
Ch1: 70.684579 32470.066766 21.812500 64 10291 16839
Ch1: 70.700532 32652.287401 21.812500 63 10331 16843
Ch1: 70.712076 32804.635800 21.718750 62 10371 16844
Ch1: 70.718163 32976.286259 21.812500 61 10402 16847
Ch1: 70.729078 33151.383514 21.812500 60 10441 16847
Ch1: 70.736845 33329.467993 21.875000 59 10485 16851
Ch1: 70.747130 33501.807811 21.812500 58 10518 16851
Ch1: 70.751328 33652.777492 21.812500 57 10556 16853
Ch1: 70.763502 33840.742787 21.750000 56 10600 16857
Ch1: 70.767700 34007.797517 21.843750 55 10630 16858
Ch1: 70.775467 34172.554384 21.750000 54 10661 16861
Ch1: 70.788271 34341.906978 21.843750 53 10701 16860
Ch1: 70.798556 34495.863883 21.781250 52 10731 16867
Ch1: 70.813879 34653.267583 21.875000 51 10765 16868
Ch1: 70.824164 34824.228683 21.781250 50 10807 16871
Ch1: 70.830041 34990.364268 21.750000 49 10841 16871
Ch1: 70.837178 35157.878571 21.750000 48 10874 16875
Ch1: 70.849772 35312.295048 21.843750 47 10913 16877
Ch1: 70.862996 35466.481739 21.750000 46 10940 16881
Ch1: 70.871812 35628.481168 21.781250 45 10988 16883
Ch1: 70.878319 35829.084716 21.750000 44 11018 16882
Ch1: 70.882097 35985.799058 21.843750 43 11059 16884
Ch1: 70.887764 36157.909089 21.750000 42 11092 16885
Ch1: 70.897420 36316.691509 21.906250 41 11125 16888
Ch1: 70.906026 36477.312219 21.781250 40 11164 16893
Ch1: 70.912953 36624.145744 21.843750 39 11191 16893
Ch1: 70.922188 36819.923778 21.750000 38 11236 16893
Ch1: 70.929325 36975.718974 21.812500 37 11275 16894
Ch1: 70.936042 37133.582247 21.781250 36 11311 16897
Ch1: 70.943808 37311.666726 21.812500 35 11343 16901
Ch1: 70.949686 37477.112951 21.812500 34 11395 16900
Ch1: 70.957662 37644.857041 21.843750 33 11418 16901
Ch1: 70.964169 37775.605516 21.906250 32 11446 16907
Ch1: 70.984949 37931.400712 21.906250 31 11479 16907
Ch1: 70.996074 38087.885267 21.843750 30 11511 16909
Ch1: 70.997753 38239.544307 21.843750 29 11548 16912
Ch1: 71.006149 38418.088359 21.750000 28 11589 16911
Ch1: 71.011817 38583.534584 21.781250 27 11624 16916
Ch1: 71.017904 38749.440383 21.718750 26 11659 16917
Ch1: 71.024411 38893.056898 21.781250 25 11693 16918
Ch1: 71.034276 39042.188287 21.750000 24 11722 16923
Ch1: 71.046031 39193.847327 21.750000 23 11753 16925
Ch1: 71.055056 39350.102096 21.750000 22 11791 16924
Ch1: 71.066391 39513.480243 21.812500 21 11820 16929
Ch1: 71.063872 39669.964798 21.718750 20 11866 16927
Ch1: 71.071849 39828.747218 21.781250 19 11894 16931
Ch1: 71.085912 39993.044511 21.718750 18 11925 16933
Ch1: 71.092419 40111.384519 21.718750 17 11957 16934
Ch1: 71.100605 40275.681813 21.812500 16 11998 16937
Ch1: 71.111310 40436.302523 21.812500 15 12024 16937
Ch1: 71.118447 40586.123272 21.718750 14 12053 16942
Ch1: 71.131881 40723.995127 21.718750 13 12087 16944
Ch1: 71.138598 40876.343526 21.781250 12 12119 16945
Ch1: 71.146154 41038.802528 21.718750 11 12158 16948
Ch1: 71.150772 41171.389295 21.718750 10 12182 16949
Ch1: 71.158748 41318.682393 21.812500 9 12216 16951
Ch1: 71.164625 41468.962714 21.687500 8 12248 16951
Ch1: 71.170083 41625.447269 21.812500 7 12290 16954
Ch1: 71.180578 41747.693647 21.750000 6 12313 16954
Ch1: 71.185826 41917.046241 21.750000 5 12345 16957
Ch1: 71.187295 42039.522406 21.843750 4 12379 16955
Ch1: 71.192542 42182.449562 21.812500 3 12409 16957
Ch1: 71.196950 42352.491515 21.843750 2 12436 16959
Ch1: 71.204507 42471.061310 21.781250 1 12465 16962
Ch1: 71.211644 42611.920389 21.781250 0 12497 16964
Ch1: 71.219830 42605.486369 21.781250 0 12499 16964
Ch1: 71.210594 42463.248572 21.812500 1 12462 16962
Ch1: 71.198630 42341.461767 21.812500 2 12436 16961
Ch1: 71.192752 42208.415427 21.718750 3 12404 16958
Ch1: 71.184566 42053.539377 21.718750 4 12373 16956
Ch1: 71.186665 41891.080376 21.781250 5 12343 16956
Ch1: 71.171552 41773.659513 21.812500 6 12310 16954
Ch1: 71.163786 41644.749329 21.812500 7 12296 16951
Ch1: 71.160847 41490.103065 21.843750 8 12254 16951
Ch1: 71.153920 41360.043949 21.781250 9 12225 16950
Ch1: 71.146364 41195.976442 21.687500 10 12184 16944
Ch1: 71.135239 41063.619462 21.781250 11 12160 16946
Ch1: 71.128942 40909.892344 21.843750 12 12123 16943
Ch1: 71.122855 40766.275829 21.718750 13 12093 16942
Ch1: 71.117607 40605.195545 21.718750 14 12061 16942
Ch1: 71.111730 40468.702409 21.781250 15 12032 16939
Ch1: 71.106482 40305.094475 21.718750 16 11992 16938
Ch1: 71.087381 40160.329028 21.781250 17 11966 16933
Ch1: 71.079405 40014.184862 21.718750 18 11922 16934
Ch1: 71.077726 39841.845044 21.718750 19 11895 16929
Ch1: 71.061354 39704.432762 21.718750 20 11863 16928
Ch1: 71.059674 39532.782303 21.781250 21 11827 16926
Ch1: 71.051698 39393.991303 21.718750 22 11794 16924
Ch1: 71.046241 39214.987678 21.687500 23 11750 16924
Ch1: 71.029658 39054.366968 21.656250 24 11712 16919
Ch1: 71.017694 38930.741871 21.750000 25 11691 16917
Ch1: 71.012866 38773.797744 21.781250 26 11655 16917
Ch1: 71.011397 38606.283440 21.750000 27 11628 16916
Ch1: 71.004680 38420.156437 21.781250 28 11582 16914
Ch1: 71.004050 38267.578251 21.750000 29 11553 16913
Ch1: 70.994185 38097.995870 21.781250 30 11515 16910
Ch1: 70.986209 37958.055937 21.687500 31 11481 16909
Ch1: 70.984319 37786.405478 21.781250 32 11444 16907
Ch1: 70.976343 37620.499680 21.687500 33 11404 16906
Ch1: 70.965848 37473.895941 21.687500 34 11369 16905
Ch1: 70.958921 37295.122103 21.781250 35 11333 16901
Ch1: 70.950525 37139.097121 21.687500 36 11302 16902
Ch1: 70.941709 36953.199904 21.656250 37 11268 16897
Ch1: 70.930584 36810.732321 21.781250 38 11230 16897
Ch1: 70.924287 36637.243571 21.687500 39 11195 16896
Ch1: 70.908125 36505.575949 21.656250 40 11158 16891
Ch1: 70.892592 36344.036093 21.656250 41 11132 16883
Ch1: 70.870342 36211.219540 21.656250 42 11104 16882
Ch1: 70.861317 36064.156228 21.750000 43 11070 16878
Ch1: 70.863836 35878.488798 21.656250 44 11023 16883
Ch1: 70.860687 35695.578804 21.750000 45 10992 16879
Ch1: 70.851031 35535.647453 21.656250 46 10953 16877
Ch1: 70.842216 35389.962860 21.781250 47 10919 16874
Ch1: 70.825423 35182.235932 21.781250 48 10879 16871
Ch1: 70.822695 35038.159844 21.750000 49 10854 16868
Ch1: 70.791209 34922.577273 21.687500 50 10818 16862
Ch1: 70.788900 34735.531123 21.781250 51 10780 16860
Ch1: 70.771059 34576.978490 21.750000 52 10741 16858
Ch1: 70.762243 34391.311060 21.687500 53 10709 16856
Ch1: 70.761613 34232.069068 21.718750 54 10674 16856
Ch1: 70.753217 34060.648395 21.718750 55 10625 16854
Ch1: 70.736845 33891.066014 21.750000 56 10600 16848
Ch1: 70.723831 33749.977149 21.750000 57 10563 16847
Ch1: 70.715435 33573.960748 21.656250 58 10529 16849
Ch1: 70.722991 33387.144385 21.781250 59 10483 16846
Ch1: 70.711656 33214.344994 21.750000 60 10445 16843
Ch1: 70.697173 33036.260516 21.781250 61 10415 16839
Ch1: 70.695494 32874.490873 21.656250 62 10375 16838
Ch1: 70.678282 32733.861581 21.750000 63 10351 16836
Ch1: 70.673034 32539.921839 21.750000 64 10302 16834
Ch1: 70.662539 32365.973516 21.750000 65 10268 16832
Ch1: 70.654353 32193.174125 21.656250 66 10224 16830
Ch1: 70.643858 32020.144947 21.718750 67 10181 16827
Ch1: 70.638820 31848.724275 21.656250 68 10151 16827
Ch1: 70.631264 31669.490864 21.750000 69 10121 16824
Ch1: 70.618250 31518.521183 21.656250 70 10076 16822
Ch1: 70.602297 31340.896277 21.750000 71 10039 16818
Ch1: 70.592222 31185.560654 21.718750 72 10014 16813
Ch1: 70.575010 31026.548449 21.750000 73 9970 16812
Ch1: 70.570392 30854.438417 21.656250 74 9945 16810
Ch1: 70.554440 30706.915532 21.625000 75 9902 16805
Ch1: 70.543525 30489.078002 21.687500 76 9862 16802
Ch1: 70.528832 30352.584866 21.625000 77 9831 16799
Ch1: 70.517497 30194.032233 21.718750 78 9793 16796
Ch1: 70.494408 30044.211485 21.718750 79 9755 16790
Ch1: 70.480134 29875.088677 21.718750 80 9721 16789
Ch1: 70.469849 29718.374335 21.687500 81 9687 16785
Ch1: 70.458094 29553.387683 21.656250 82 9653 16783
Ch1: 70.448859 29388.630816 21.656250 83 9617 16782
Ch1: 70.444871 29188.716627 21.718750 84 9564 16781
Ch1: 70.437104 29023.500188 21.656250 85 9536 16779
Ch1: 70.431857 28825.424290 21.625000 86 9502 16779
Ch1: 70.430597 28663.424861 21.718750 87 9456 16777
Ch1: 70.412546 28486.259528 21.718750 88 9413 16771
Ch1: 70.385049 28334.830275 21.656250 89 9386 16764
Ch1: 70.371405 28187.766963 21.687500 90 9352 16763
Ch1: 70.361120 28041.622797 21.718750 91 9321 16759
Ch1: 70.357551 27829.529928 21.687500 92 9279 16762
Ch1: 70.349785 27647.768866 21.687500 93 9237 16758
Ch1: 70.339080 27461.641862 21.687500 94 9198 16755
Ch1: 70.329005 27336.178475 21.687500 95 9173 16753
Ch1: 70.311373 27142.008946 21.687500 96 9133 16748
Ch1: 70.294161 26974.724429 21.750000 97 9095 16746
Ch1: 70.279048 26827.890904 21.687500 98 9064 16742
Ch1: 70.266454 26667.729766 21.687500 99 9030 16737
Ch1: 70.261836 26489.645287 21.718750 100 8987 16740
Ch1: 70.254489 26323.969276 21.750000 101 8952 16734
Ch1: 70.239166 26139.680563 21.750000 102 8911 16732
Ch1: 70.225313 25985.493873 21.656250 103 8877 16728
Ch1: 70.207891 25815.451919 21.687500 104 8840 16723
Ch1: 70.193408 25647.018470 21.687500 105 8807 16721
Ch1: 70.170948 25516.499781 21.781250 106 8769 16714
Ch1: 70.159613 25337.036583 21.750000 107 8731 16713
Ch1: 70.150168 25153.896803 21.781250 108 8696 16710
Ch1: 70.137364 24991.897374 21.687500 109 8666 16705
Ch1: 70.126239 24799.336350 21.687500 110 8624 16706
Ch1: 70.117843 24664.451719 21.750000 111 8588 16702
Ch1: 70.097273 24471.890696 21.687500 112 8550 16697
Ch1: 70.084259 24329.882686 21.781250 113 8513 16694
Ch1: 70.073763 24160.300304 21.750000 114 8478 16694
Ch1: 70.070405 23970.956291 21.750000 115 8444 16691
Ch1: 70.056342 23809.416435 21.687500 116 8401 16686
Ch1: 70.038500 23629.493664 21.687500 117 8372 16682
Ch1: 70.018139 23484.038858 21.687500 118 8339 16677
Ch1: 69.995890 23336.056401 21.812500 119 8299 16673
Ch1: 69.981197 23168.542097 21.781250 120 8262 16670
Ch1: 69.964614 22986.321463 21.750000 121 8232 16664
Ch1: 69.942365 22856.951706 21.718750 122 8197 16661
Ch1: 69.942994 22660.254527 21.687500 123 8154 16665
Ch1: 69.915077 22532.263488 21.812500 124 8116 16658
Ch1: 69.914867 22328.442930 21.718750 125 8076 16653
Ch1: 69.891568 22170.120084 21.781250 126 8041 16647
Ch1: 69.869739 22033.167375 21.781250 127 8013 16642
Ch1: 69.854416 21838.078701 21.750000 128 7968 16643
Ch1: 69.856095 21671.023970 21.718750 129 7932 16638
Ch1: 69.850847 21496.845861 21.718750 130 7900 16637
Ch1: 69.832166 21316.003945 21.781250 131 7864 16633
Ch1: 69.816213 21152.855583 21.687500 132 7825 16630
Ch1: 69.788926 21003.034835 21.718750 133 7811 16615
Ch1: 69.740439 20915.486207 21.718750 134 7766 16614
Ch1: 69.728054 20748.661263 21.781250 135 7737 16611
Ch1: 69.708114 20573.334221 21.687500 136 7693 16605
Ch1: 69.697829 20405.360345 21.687500 137 7659 16604
Ch1: 69.664034 20273.692724 21.687500 138 7640 16594
Ch1: 69.652070 20124.791121 21.750000 139 7601 16591
Ch1: 69.635698 19944.638564 21.656250 140 7559 16587
Ch1: 69.623943 19772.068960 21.656250 141 7527 16585
Ch1: 69.603792 19607.312094 21.750000 142 7485 16581
Ch1: 69.586790 19463.006219 21.656250 143 7454 16575
Ch1: 69.562652 19289.287682 21.781250 144 7420 16570
Ch1: 69.547748 19135.790351 21.718750 145 7390 16567
Ch1: 69.550057 18960.003736 21.625000 146 7328 16574
Ch1: 69.556564 18725.851370 21.687500 147 7302 16567
Ch1: 69.542711 18569.366815 21.656250 148 7257 16565
Ch1: 69.519412 18411.963114 21.656250 149 7237 16559
Ch1: 69.482259 18289.486950 21.750000 150 7202 16549
Ch1: 69.452033 18142.653425 21.656250 151 7175 16546
Ch1: 69.437130 18009.147513 21.718750 152 7141 16537
Ch1: 69.416350 17832.901325 21.656250 153 7101 16537
Ch1: 69.390742 17687.906091 21.750000 154 7071 16528
Ch1: 69.367023 17563.821422 21.750000 155 7052 16523
Ch1: 69.343094 17371.260399 21.781250 156 7002 16517
Ch1: 69.323573 17219.831145 21.625000 157 6968 16512
Ch1: 69.303212 17069.091251 21.687500 158 6940 16507
Ch1: 69.288099 16926.164095 21.718750 159 6907 16506
Ch1: 69.270468 16733.603071 21.625000 160 6861 16500
Ch1: 69.247588 16572.293002 21.687500 161 6833 16496
Ch1: 69.226388 16422.012680 21.687500 162 6801 16489
Ch1: 69.197002 16288.506768 21.687500 163 6773 16486
Ch1: 69.176222 16131.332853 21.718750 164 6730 16479
Ch1: 69.156701 15969.333424 21.718750 165 6702 16473
Ch1: 69.141378 15802.048907 21.656250 166 6663 16468
Ch1: 69.114510 15666.015344 21.750000 167 6629 16462
Ch1: 69.088902 15516.883955 21.656250 168 6593 16457
Ch1: 69.070221 15368.212138 21.750000 169 6567 16453
Ch1: 69.058676 15198.170184 21.656250 170 6530 16452
Ch1: 69.042724 15036.400542 21.750000 171 6491 16448
Ch1: 69.023203 14851.652256 21.750000 172 6440 16442
Ch1: 68.999694 14705.048518 21.687500 173 6422 16435
Ch1: 68.975765 14549.942681 21.781250 174 6386 16429
Ch1: 68.953935 14419.653779 21.718750 175 6362 16424
Ch1: 68.919721 14243.407591 21.750000 176 6320 16416
Ch1: 68.901459 14123.918651 21.812500 177 6302 16413
Ch1: 68.876061 13965.136232 21.687500 178 6260 16406
Ch1: 68.849404 13824.736726 21.812500 179 6224 16398
Ch1: 68.820017 13671.009608 21.812500 180 6200 16394
Ch1: 68.793570 13546.005794 21.781250 181 6168 16387
Ch1: 68.765443 13372.517043 21.718750 182 6132 16381
Ch1: 68.741094 13250.270666 21.687500 183 6110 16376
Ch1: 68.713597 13093.326538 21.750000 184 6071 16369
Ch1: 68.694706 12943.735576 21.812500 185 6032 16361
Ch1: 68.673296 12786.102089 21.781250 186 5998 16358
Ch1: 68.651466 12639.957923 21.781250 187 5981 16350
Ch1: 68.602349 12538.851896 21.812500 188 5946 16339
Ch1: 68.580309 12372.026952 21.687500 189 5932 16328
Ch1: 68.529513 12277.584732 21.781250 190 5888 16322
Ch1: 68.502435 12141.780955 21.718750 191 5874 16318
Ch1: 68.455207 12032.172830 21.812500 192 5843 16304
Ch1: 68.414066 11919.347696 21.781250 193 5826 16299
Ch1: 68.385310 11784.003492 21.843750 194 5784 16289
Ch1: 68.355504 11662.446474 21.718750 195 5756 16285
Ch1: 68.322339 11516.072521 21.750000 196 5730 16275
Ch1: 68.299460 11353.613520 21.812500 197 5689 16268
Ch1: 68.266715 11215.052306 21.812500 198 5655 16263
Ch1: 68.242366 11076.261305 21.750000 199 5630 16255
Ch1: 68.199966 10967.112754 21.875000 200 5595 16253
Ch1: 68.194719 10777.768740 21.781250 201 5566 16244
Ch1: 68.158406 10640.816031 21.843750 202 5537 16234
Ch1: 68.123142 10521.786664 21.781250 203 5505 16229
Ch1: 68.093966 10384.833955 21.750000 204 5485 16222
Ch1: 68.068777 10243.745090 21.750000 205 5445 16212
Ch1: 68.032044 10108.171100 21.781250 206 5421 16206
Ch1: 68.001399 9979.490702 21.812500 207 5395 16197
Ch1: 67.959208 9840.699702 21.718750 208 5360 16187
Ch1: 67.936539 9695.244895 21.812500 209 5327 16184
Ch1: 67.904844 9567.713430 21.718750 210 5303 16174
Ch1: 67.862653 9439.033032 21.718750 211 5283 16167
Ch1: 67.828019 9320.003665 21.812500 212 5244 16157
Ch1: 67.787928 9200.514724 21.750000 213 5229 16145
Ch1: 67.735243 9089.527881 21.750000 214 5206 16133
Ch1: 67.698720 8964.524066 21.843750 215 5165 16126
Ch1: 67.658418 8867.554195 21.843750 216 5152 16116
Ch1: 67.620006 8735.427001 21.781250 217 5121 16107
Ch1: 67.579075 8612.491264 21.843750 218 5097 16097
Ch1: 67.540453 8511.155451 21.843750 219 5075 16089
Ch1: 67.501412 8368.917654 21.750000 220 5043 16078
Ch1: 67.455653 8251.496792 21.843750 221 5015 16067
Ch1: 67.411363 8152.688629 21.781250 222 4995 16059
Ch1: 67.380928 8031.591184 21.781250 223 4970 16047
Ch1: 67.328662 7907.736301 21.781250 224 4950 16041
Ch1: 67.295917 7795.830312 21.843750 225 4921 16030
Ch1: 67.254776 7668.528633 21.875000 226 4886 16022
Ch1: 67.215525 7549.499265 21.843750 227 4869 16007
Ch1: 67.165568 7451.840035 21.781250 228 4847 15996
Ch1: 67.119809 7335.797891 21.906250 229 4820 15987
Ch1: 67.072161 7224.811048 21.843750 230 4794 15974
Ch1: 67.020945 7128.300750 21.906250 231 4774 15966
Ch1: 66.976656 7031.101092 21.750000 232 4757 15954
Ch1: 66.928588 6922.871686 21.781250 233 4724 15940
Ch1: 66.879891 6813.263562 21.750000 234 4708 15931
Ch1: 66.834552 6715.604332 21.781250 235 4680 15920
Ch1: 66.786904 6590.370730 21.750000 236 4665 15910
Ch1: 66.735058 6494.090219 21.843750 237 4633 15898
Ch1: 66.697906 6381.035298 21.875000 238 4612 15887
Ch1: 66.650888 6284.525000 21.906250 239 4587 15874
Ch1: 66.595893 6183.878546 21.781250 240 4567 15861
Ch1: 66.536071 6094.032054 21.781250 241 4545 15846
Ch1: 66.482336 6011.079155 21.812500 242 4530 15834
Ch1: 66.414958 5934.100703 21.781250 243 4515 15820
Ch1: 66.371298 5839.428696 21.781250 244 4487 15809
Ch1: 66.316723 5728.901426 21.781250 245 4470 15798
Ch1: 66.260050 5645.488954 21.781250 246 4449 15781
Ch1: 66.205685 5562.995627 21.781250 247 4435 15770
Ch1: 66.132429 5500.034147 21.812500 248 4421 15754
Ch1: 66.083102 5402.604703 21.843750 249 4397 15743
Ch1: 66.011106 5334.358135 21.812500 250 4384 15725
Ch1: 65.957371 5260.596693 21.906250 251 4367 15708
Ch1: 65.896289 5175.116143 21.875000 252 4352 15696
Ch1: 65.831429 5080.673923 21.781250 253 4327 15680
Ch1: 65.785671 4990.827431 21.843750 254 4308 15668
Ch1: 65.734664 4910.172396 21.906250 255 4292 15658
Ch1: 65.663717 4825.381205 21.781250 256 4273 15641
Ch1: 65.604105 4758.053783 21.812500 257 4251 15628
Ch1: 65.543024 4673.262593 21.812500 258 4242 15611
Ch1: 65.468718 4612.598977 21.875000 259 4228 15595
Ch1: 65.412255 4523.212058 21.875000 260 4208 15583
Ch1: 65.356630 4443.016595 21.843750 261 4193 15569
Ch1: 65.300377 4352.021171 21.812500 262 4172 15550
Ch1: 65.238036 4286.302254 21.781250 263 4155 15544
Ch1: 65.175695 4216.906754 21.843750 264 4142 15523
Ch1: 65.099710 4143.145312 21.812500 265 4124 15509
Ch1: 65.028973 4090.064648 21.812500 266 4106 15493
Ch1: 64.973979 4011.477691 21.843750 267 4091 15475
Ch1: 64.911218 3919.103548 21.843750 268 4079 15462
Ch1: 64.829356 3884.176012 21.843750 269 4071 15441
Ch1: 64.757150 3815.929444 21.812500 270 4054 15423
Ch1: 64.701316 3748.372235 21.843750 271 4032 15413
Ch1: 64.631418 3656.687452 21.812500 272 4023 15396
Ch1: 64.576844 3590.738748 21.843750 273 4009 15378
Ch1: 64.500859 3534.900647 21.843750 274 3993 15364
Ch1: 64.431381 3472.628526 21.843750 275 3978 15348
Ch1: 64.363793 3417.709570 21.875000 276 3967 15334
Ch1: 64.288438 3352.220439 21.843750 277 3953 15314
Ch1: 64.220430 3285.122803 21.875000 278 3938 15297
Ch1: 64.154310 3231.812353 21.875000 279 3925 15279
Ch1: 64.075387 3181.718913 21.843750 280 3913 15263
Ch1: 64.013256 3099.685159 21.843750 281 3895 15254
Ch1: 63.961620 3023.166280 21.843750 282 3882 15234
Ch1: 63.883956 2969.626043 21.937500 283 3872 15215
Ch1: 63.806922 2927.804914 21.937500 284 3859 15199
Ch1: 63.722961 2865.762579 21.843750 285 3847 15179
Ch1: 63.648656 2815.669139 21.937500 286 3834 15159
Ch1: 63.571412 2786.256476 21.937500 287 3835 15144
Ch1: 63.486192 2738.920473 21.875000 288 3820 15119
Ch1: 63.413985 2700.775926 21.875000 289 3812 15101
Ch1: 63.325197 2668.605827 21.875000 290 3803 15086
Ch1: 63.241865 2634.597436 21.843750 291 3798 15063
Ch1: 63.162522 2588.869938 21.906250 292 3791 15046
Ch1: 63.086328 2552.793469 21.843750 293 3779 15026
Ch1: 63.004886 2508.674476 21.843750 294 3770 15008
Ch1: 62.926592 2461.108686 21.843750 295 3759 14989
Ch1: 62.843261 2409.866313 21.875000 296 3746 14968
Ch1: 62.762029 2369.423903 21.843750 297 3741 14952
Ch1: 62.690032 2331.509143 21.906250 298 3729 14932
Ch1: 62.612578 2286.011431 21.843750 299 3720 14915
Ch1: 62.513715 2253.381758 21.843750 300 3713 14890
Ch1: 62.429754 2217.764863 21.843750 301 3708 14867
Ch1: 62.353349 2189.271346 21.968750 302 3700 14852
Ch1: 62.273586 2149.977867 21.906250 303 3692 14836
Ch1: 62.188156 2106.318447 21.875000 304 3681 14813
Ch1: 62.094330 2075.986639 21.937500 305 3677 14791
Ch1: 62.022753 2046.803763 21.875000 306 3667 14772
Ch1: 61.941101 2006.131566 21.906250 307 3663 14754
Ch1: 61.850843 1973.272107 21.906250 308 3654 14730
Ch1: 61.765413 1946.846668 21.937500 309 3648 14712
Ch1: 61.675365 1907.093617 21.937500 310 3635 14693
Ch1: 61.601270 1861.366119 21.968750 311 3627 14672
Ch1: 61.511641 1839.306622 21.937500 312 3624 14651
Ch1: 61.429779 1807.136522 21.937500 313 3615 14632
Ch1: 61.341830 1768.302617 21.968750 314 3610 14606
Ch1: 61.249893 1743.945256 21.968750 315 3602 14591
Ch1: 61.188602 1699.366689 21.906250 316 3589 14571
Ch1: 61.088478 1661.911502 21.875000 317 3582 14551
Ch1: 61.007666 1640.541365 21.937500 318 3581 14530
Ch1: 60.918667 1610.898916 21.906250 319 3576 14509
Ch1: 60.833447 1577.809671 21.906250 320 3566 14491
Ch1: 60.755993 1542.652348 21.968750 321 3561 14472
Ch1: 60.665525 1514.618404 21.906250 322 3552 14451
Ch1: 60.584713 1481.988732 21.906250 323 3545 14434
Ch1: 60.494455 1447.290982 21.875000 324 3537 14406
Ch1: 60.403777 1416.959174 21.906250 325 3530 14385
Ch1: 60.320656 1394.440104 21.875000 326 3526 14367
Ch1: 60.232077 1364.567869 21.875000 327 3521 14346
Ch1: 60.149586 1349.401965 21.875000 328 3518 14324
Ch1: 60.047783 1322.057381 21.906250 329 3512 14306
Ch1: 59.960884 1293.563864 21.906250 330 3504 14282
Ch1: 59.874404 1262.312910 21.875000 331 3499 14262
Ch1: 59.786245 1243.700210 21.906250 332 3493 14238
Ch1: 59.693048 1209.002460 21.906250 333 3489 14221
Ch1: 59.601531 1181.428089 21.906250 334 3481 14202
Ch1: 59.531843 1162.126029 21.875000 335 3475 14179
Ch1: 59.426263 1130.415503 21.937500 336 3468 14150
Ch1: 59.337684 1112.721948 21.968750 337 3465 14135
Ch1: 59.249945 1089.283733 21.906250 338 3461 14106
Ch1: 59.158637 1070.211460 21.906250 339 3458 14089
Ch1: 59.072367 1047.003031 21.906250 340 3453 14069
Ch1: 58.984628 1026.092466 21.937500 341 3448 14050
Ch1: 58.884925 999.207455 21.906250 342 3441 14024
Ch1: 58.798025 976.918171 21.843750 343 3435 14004
Ch1: 58.710286 955.777820 21.906250 344 3431 13980
Ch1: 58.617509 933.948110 21.937500 345 3427 13962
Ch1: 58.524732 914.875837 21.968750 346 3423 13939
Ch1: 58.441401 893.965272 21.906250 347 3419 13915
Ch1: 58.339599 871.905776 21.875000 348 3413 13898
Ch1: 58.260885 848.467560 21.968750 349 3407 13873
Ch1: 58.158663 828.016569 21.906250 350 3402 13851
Ch1: 58.076801 808.714509 22.000000 351 3401 13834
Ch1: 58.006694 785.276294 21.906250 352 3393 13812
Ch1: 57.894606 766.433807 21.937500 353 3390 13787
Ch1: 57.792383 748.970039 21.906250 354 3387 13764
Ch1: 57.700446 733.114775 21.906250 355 3384 13742
Ch1: 57.603681 714.961648 21.968750 356 3380 13719
Ch1: 57.521819 699.795744 21.875000 357 3377 13702
Ch1: 57.425684 678.885179 21.875000 358 3372 13679
Ch1: 57.335636 660.272479 21.937500 359 3366 13658
Ch1: 57.231105 642.578924 21.906250 360 3362 13633
Ch1: 57.143995 621.898146 21.937500 361 3357 13607
Ch1: 57.043872 602.136513 21.968750 362 3354 13586
Ch1: 56.955293 585.362104 21.875000 363 3350 13563
Ch1: 56.858948 566.979191 21.906250 364 3347 13545
Ch1: 56.769950 550.664354 21.906250 365 3344 13523
Ch1: 56.675284 534.349518 21.906250 366 3341 13497
Ch1: 56.591113 519.643187 21.968750 367 3337 13475
Ch1: 56.483013 500.570914 21.906250 368 3334 13452
Ch1: 56.388557 483.566718 21.906250 369 3329 13428
Ch1: 56.296620 467.711455 21.968750 370 3327 13409
Ch1: 56.214338 453.924270 21.937500 371 3322 13390
Ch1: 56.115265 438.988152 21.906250 372 3319 13369
Ch1: 56.019549 421.754170 21.937500 373 3315 13342
Ch1: 55.917956 405.669121 21.937500 374 3312 13321
Ch1: 55.829168 389.584071 21.937500 375 3308 13293
Ch1: 55.737860 376.486245 21.968750 376 3305 13276
Ch1: 55.638996 360.860768 21.968750 377 3303 13249
Ch1: 55.537614 346.843796 21.937500 378 3301 13230
Ch1: 55.458061 334.894902 22.000000 379 3298 13212
Ch1: 55.356888 319.958784 21.906250 380 3293 13181
Ch1: 55.261592 305.252453 21.937500 381 3290 13163
Ch1: 55.171124 288.937617 22.000000 382 3286 13141
Ch1: 55.084854 274.690859 21.937500 383 3283 13120
Ch1: 54.976545 258.835596 21.968750 384 3279 13094
Ch1: 54.874742 248.724993 21.968750 385 3278 13072
Ch1: 54.800227 238.154817 21.906250 386 3276 13049
Ch1: 54.682682 225.286778 21.968750 387 3274 13028
Ch1: 54.606067 214.027243 21.906250 388 3272 13008
Ch1: 54.500487 198.861339 21.906250 389 3268 12984
Ch1: 54.409809 186.223085 21.906250 390 3264 12960
Ch1: 54.307377 172.895473 21.875000 391 3261 12936
Ch1: 54.216909 162.784870 21.906250 392 3258 12913
Ch1: 54.118884 151.984908 21.968750 393 3257 12887
Ch1: 54.017082 142.793451 21.937500 394 3256 12866
Ch1: 53.919057 131.993489 21.906250 395 3254 12846
Ch1: 53.821243 120.963741 21.937500 396 3251 12820
Ch1: 53.730985 111.082925 21.906250 397 3247 12799
Ch1: 53.640097 100.512749 21.937500 398 3244 12775
Ch1: 53.536196 89.942574 21.906250 399 3244 12754
Ch1: 53.437542 81.670262 21.875000 400 3243 12728
Ch1: 53.343715 73.857524 21.875000 401 3240 12703
Ch1: 53.241913 66.963931 21.843750 402 3238 12681
Ch1: 53.145778 57.083115 21.906250 403 3235 12656
Ch1: 53.046704 49.959736 21.906250 404 3235 12637
Ch1: 52.952248 45.364007 21.937500 405 3236 12615
Ch1: 52.850235 38.700201 21.875000 406 3234 12585
Ch1: 52.752421 33.415113 21.843750 407 3229 12565
Ch1: 52.649779 25.372588 21.843750 408 3228 12537
Ch1: 52.550705 20.317287 21.875000 409 3229 12519
Ch1: 52.445964 19.168355 21.937500 410 3230 12493
Ch1: 52.347729 16.410918 21.875000 411 3228 12463
Ch1: 52.240679 13.653481 21.937500 412 3226 12442
Ch1: 52.146223 11.125830 21.875000 413 3225 12420
Ch1: 52.051347 10.206684 21.875000 414 3226 12400
Ch1: 51.956891 11.355617 21.875000 415 3228 12374
Ch1: 51.839766 12.734335 21.875000 416 3227 12347
Ch1: 51.736914 12.504549 21.875000 417 3226 12330
Ch1: 51.641828 10.436471 21.875000 418 3226 12302
Ch1: 51.536247 10.206684 21.906250 419 3226 12274
Ch1: 51.434864 11.125830 21.875000 420 3227 12252
Ch1: 51.327814 12.964122 21.906250 421 3228 12225
Ch1: 51.220764 12.964122 21.875000 422 3227 12200
Ch1: 51.122320 10.896044 21.843750 423 3226 12175
Ch1: 51.020727 9.287539 21.937500 424 3226 12153
Ch1: 50.921653 10.896044 21.875000 425 3226 12128
Ch1: 50.828247 12.044976 21.875000 426 3228 12103
Ch1: 50.706923 11.585403 21.875000 427 3227 12078
Ch1: 50.608269 9.976898 21.875000 428 3226 12052
Ch1: 50.504368 9.747112 21.937500 429 3225 12026
Ch1: 50.399207 11.125830 21.875000 430 3226 12006
Ch1: 50.302442 11.125830 21.875000 431 3228 11981
Ch1: 50.197491 12.274762 21.937500 432 3228 11955
Ch1: 50.133471 -1.512423 21.875000 433 3224 11939
Ch1: 50.012357 7.449247 21.843750 434 3227 11908
Ch1: 49.892923 9.976898 21.906250 435 3225 11878
Ch1: 49.783354 8.368393 21.875000 436 3226 11853
Ch1: 49.685749 11.355617 21.937500 437 3228 11830
Ch1: 49.580168 11.355617 21.843750 438 3226 11801
Ch1: 49.474797 11.815189 21.843750 439 3225 11780
Ch1: 49.375304 12.274762 21.875000 440 3225 11764
Ch1: 49.283367 9.976898 21.937500 441 3226 11736
Ch1: 49.174217 10.896044 21.937500 442 3228 11709
Ch1: 49.065488 11.585403 21.843750 443 3227 11684
Ch1: 48.964525 12.274762 21.875000 444 3226 11661
Ch1: 48.868810 9.976898 21.937500 445 3225 11643
Ch1: 48.757981 10.666257 21.875000 446 3225 11613
Ch1: 48.682626 6.530102 21.875000 447 3226 11592
Ch1: 48.551018 11.815189 21.875000 448 3228 11566
Ch1: 48.441868 13.193908 21.875000 449 3228 11534
Ch1: 48.348672 12.504549 21.875000 450 3226 11512
Ch1: 48.245820 10.666257 21.906250 451 3227 11495
Ch1: 48.141079 12.734335 21.906250 452 3228 11466
Ch1: 48.043894 12.044976 21.937500 453 3227 11440
Ch1: 47.935794 11.355617 21.843750 454 3225 11411
Ch1: 47.831683 11.355617 21.937500 455 3225 11395
Ch1: 47.737646 9.517325 21.875000 456 3224 11368
Ch1: 47.640252 8.368393 21.906250 457 3228 11344
Ch1: 47.526485 11.815189 21.906250 458 3228 11324
Ch1: 47.422583 11.815189 21.875000 459 3226 11295
Ch1: 47.314693 10.206684 21.937500 460 3225 11265
Ch1: 47.202186 10.666257 22.000000 461 3227 11245
Ch1: 47.114027 11.355617 21.937500 462 3228 11222
Ch1: 47.020201 12.504549 21.906250 463 3227 11200
Ch1: 46.904754 11.585403 21.937500 464 3226 11173
Ch1: 46.798754 9.287539 21.875000 465 3225 11149
Ch1: 46.695272 9.287539 22.000000 466 3227 11121
Ch1: 46.597667 9.976898 21.906250 467 3226 11095
Ch1: 46.489778 11.815189 21.875000 468 3227 11070
Ch1: 46.392593 12.734335 21.906250 469 3226 11047
Ch1: 46.289741 10.896044 21.875000 470 3226 11024
Ch1: 46.191716 8.827966 21.906250 471 3225 11002
Ch1: 46.082567 9.747112 21.875000 472 3225 10977
Ch1: 45.985802 10.436471 21.937500 473 3228 10948
Ch1: 45.879382 13.423694 21.906250 474 3227 10928
Ch1: 45.773591 9.747112 21.875000 475 3225 10903
Ch1: 45.671369 8.827966 21.968750 476 3227 10874
Ch1: 45.589507 6.070529 21.875000 477 3228 10854
Ch1: 45.469863 11.585403 21.906250 478 3226 10829
Ch1: 45.374987 9.976898 21.937500 479 3224 10802
Ch1: 45.260800 10.436471 21.968750 480 3227 10782
Ch1: 45.152281 11.585403 21.875000 481 3227 10749
Ch1: 45.058454 12.734335 21.906250 482 3228 10731
Ch1: 44.950355 12.734335 21.937500 483 3226 10707
Ch1: 44.842675 10.666257 21.875000 484 3225 10683
Ch1: 44.750738 10.206684 21.875000 485 3226 10656
Ch1: 44.641588 11.815189 21.875000 486 3228 10632
Ch1: 44.545453 12.734335 21.875000 487 3228 10610
Ch1: 44.444280 13.423694 21.875000 488 3227 10586
Ch1: 44.335761 10.896044 21.906250 489 3226 10560
Ch1: 44.233748 9.976898 21.937500 490 3225 10536
Ch1: 44.126698 11.125830 21.906250 491 3227 10511
Ch1: 44.023636 12.274762 21.937500 492 3229 10482
Ch1: 43.927711 13.653481 21.875000 493 3226 10462
Ch1: 43.824229 12.044976 21.937500 494 3227 10439
Ch1: 43.731872 11.355617 21.937500 495 3225 10422
Ch1: 43.624192 9.057752 21.937500 496 3226 10391
Ch1: 43.516302 11.355617 21.937500 497 3228 10364
Ch1: 43.415340 12.044976 21.843750 498 3227 10337
Ch1: 43.309549 10.206684 21.906250 499 3225 10315
Ch1: 43.210895 10.666257 21.843750 500 3226 10291
Ch1: 43.094609 9.976898 21.812500 501 3226 10264
Ch1: 43.003092 12.734335 21.843750 502 3228 10244
Ch1: 42.912624 12.044976 21.843750 503 3227 10219
Ch1: 42.799696 11.125830 21.843750 504 3225 10192
Ch1: 42.696844 9.976898 21.843750 505 3225 10171
Ch1: 42.595671 9.517325 21.906250 506 3227 10144
Ch1: 42.500166 13.423694 21.906250 507 3227 10120
Ch1: 42.398153 14.113054 21.875000 508 3228 10095
Ch1: 42.278509 10.666257 21.843750 509 3224 10074
Ch1: 42.183633 9.976898 21.812500 510 3226 10043
Ch1: 42.098623 12.504549 21.781250 511 3229 10024
Ch1: 41.984226 12.504549 21.875000 512 3227 10000
Ch1: 41.881584 13.423694 21.843750 513 3226 9976
Ch1: 41.774744 9.747112 21.750000 514 3224 9946
Ch1: 41.663495 10.666257 21.875000 515 3227 9926
Ch1: 41.579115 9.976898 21.781250 516 3227 9902
Ch1: 41.471225 10.666257 21.843750 517 3225 9879
Ch1: 41.358298 8.598179 21.812500 518 3225 9851
Ch1: 41.260273 12.044976 21.812500 519 3227 9828
Ch1: 41.157841 11.815189 21.812500 520 3228 9799
Ch1: 41.056248 12.734335 21.875000 521 3226 9778
Ch1: 40.945840 10.436471 21.906250 522 3226 9753
Ch1: 40.845506 12.044976 21.812500 523 3228 9730
Ch1: 40.753569 12.504549 21.843750 524 3227 9702
Ch1: 40.631826 10.206684 21.812500 525 3226 9680
Ch1: 40.540938 8.368393 21.843750 526 3223 9660
Ch1: 40.436407 11.585403 21.812500 527 3229 9628
Ch1: 40.335864 13.423694 21.937500 528 3228 9606
Ch1: 40.236790 11.355617 21.843750 529 3227 9582
Ch1: 40.131839 9.976898 21.875000 530 3225 9560
Ch1: 40.038222 11.815189 21.875000 531 3227 9532
Ch1: 39.937259 11.585403 21.812500 532 3227 9509
Ch1: 39.812368 12.274762 21.812500 533 3226 9482
Ch1: 39.722110 10.666257 21.812500 534 3226 9457
Ch1: 39.622616 10.436471 21.875000 535 3226 9436
Ch1: 39.517035 10.206684 21.812500 536 3225 9410
Ch1: 39.412714 11.355617 21.843750 537 3228 9390
Ch1: 39.315319 11.815189 21.781250 538 3227 9362
Ch1: 39.210368 11.815189 21.750000 539 3226 9339
Ch1: 39.095971 9.517325 21.812500 540 3224 9311
Ch1: 38.995638 8.827966 21.843750 541 3226 9286
Ch1: 38.899293 9.517325 21.812500 542 3227 9262
Ch1: 38.801898 12.044976 21.843750 543 3229 9245
Ch1: 38.694638 12.044976 21.875000 544 3226 9215
Ch1: 38.593045 10.206684 21.812500 545 3225 9194
Ch1: 38.488724 10.666257 21.843750 546 3226 9166
Ch1: 38.381674 10.896044 21.812500 547 3226 9141
Ch1: 38.279452 10.436471 21.843750 548 3227 9119
Ch1: 38.178908 11.355617 21.812500 549 3227 9087
Ch1: 38.070599 12.964122 21.875000 550 3229 9071
Ch1: 37.980551 11.355617 21.812500 551 3226 9041
Ch1: 37.865734 11.125830 21.812500 552 3225 9019
Ch1: 37.760993 9.287539 21.812500 553 3224 8997
Ch1: 37.664228 10.896044 21.843750 554 3229 8969
Ch1: 37.566414 13.193908 21.812500 555 3227 8945
Ch1: 37.451387 11.355617 21.875000 556 3226 8920
Ch1: 37.361549 10.436471 21.843750 557 3227 8897
Ch1: 37.251560 12.504549 21.906250 558 3228 8873
Ch1: 37.158364 10.666257 21.937500 559 3228 8848
Ch1: 37.040189 11.125830 21.843750 560 3225 8819
Ch1: 36.935867 9.976898 21.812500 561 3225 8795
Ch1: 36.846659 10.666257 21.812500 562 3228 8776
Ch1: 36.744856 12.274762 21.843750 563 3228 8752
Ch1: 36.640745 11.585403 21.812500 564 3227 8727
Ch1: 36.529287 10.896044 21.843750 565 3229 8704
Ch1: 36.432732 12.734335 21.812500 566 3226 8672
Ch1: 36.317495 11.355617 21.843750 567 3225 8653
Ch1: 36.223459 9.976898 21.812500 568 3226 8625
Ch1: 36.115779 10.206684 21.906250 569 3227 8602
Ch1: 36.016495 13.193908 21.812500 570 3228 8579
Ch1: 35.911754 11.815189 21.843750 571 3226 8554
Ch1: 35.814360 10.206684 21.812500 572 3225 8530
Ch1: 35.712347 10.206684 21.843750 573 3225 8504
Ch1: 35.610125 10.666257 21.812500 574 3228 8482
Ch1: 35.505803 12.734335 21.843750 575 3227 8459
Ch1: 35.402112 11.125830 21.812500 576 3226 8430
Ch1: 35.303667 10.666257 21.843750 577 3226 8406
Ch1: 35.203964 11.815189 21.812500 578 3228 8386
Ch1: 35.106149 12.044976 21.812500 579 3227 8361
Ch1: 34.989654 10.436471 21.875000 580 3225 8339
Ch1: 34.894988 9.517325 21.875000 581 3228 8310
Ch1: 34.786049 11.815189 21.812500 582 3227 8283
Ch1: 34.685505 11.355617 21.843750 583 3225 8262
Ch1: 34.581814 10.206684 21.781250 584 3226 8235
Ch1: 34.479801 11.585403 21.781250 585 3228 8210
Ch1: 34.383036 11.125830 21.781250 586 3226 8187
Ch1: 34.273467 14.342840 21.875000 587 3228 8158
Ch1: 34.167467 12.734335 21.781250 588 3226 8140
Ch1: 34.061466 9.517325 21.781250 589 3226 8111
Ch1: 33.965541 10.436471 21.812500 590 3228 8089
Ch1: 33.872974 14.113054 21.812500 591 3227 8066
Ch1: 33.740526 10.896044 21.781250 592 3225 8034
Ch1: 33.647119 10.436471 21.812500 593 3227 8011
Ch1: 33.545316 12.504549 21.843750 594 3228 7990
Ch1: 33.448761 11.815189 21.812500 595 3227 7969
Ch1: 33.341921 10.666257 21.906250 596 3224 7935
Ch1: 33.230253 9.517325 21.843750 597 3226 7921
Ch1: 33.139156 10.206684 21.875000 598 3228 7892
Ch1: 33.034414 12.274762 21.843750 599 3227 7867
Ch1: 32.930303 10.896044 21.875000 600 3226 7839
