36.730583191 1638.703125000 -2.266372812
33.155109406 -11.393239021 -2.266372812
33.192260742 0.096082002 -2.266372812
33.302669525 0.325868011 -2.266372812
33.414546967 0.785440981 -2.266372812
33.541957855 -9.554947853 -2.266372812
33.603248596 -0.133705005 -2.266372812
33.753330231 -6.108151913 -2.266372812
33.860797882 -10.474094391 -2.266372812
33.930065155 -3.350714922 -2.266372812
34.007312775 0.785440981 -2.266372812
34.111423492 0.555655003 -2.266372812
34.211124420 1.015226960 -2.266372812
34.312088013 1.474799991 -2.266372812
34.422916412 3.083304882 -2.266372812
34.523460388 1.934373021 -2.266372812
34.623165131 0.555655003 -2.266372812
34.726856232 0.325868011 -2.266372812
34.833278656 0.555655003 -2.266372812
34.926891327 1.245013952 -2.266372812
35.037509918 1.474799991 -2.266372812
35.155475616 -1.512423038 -2.266372812
35.247833252 1.474799991 -2.266372812
35.345436096 -0.823064029 -2.266372812
35.445560455 0.555655003 -2.266372812
35.555969238 2.164160013 -2.266372812
35.647068024 2.853518963 -2.266372812
35.759155273 1.245013952 -2.266372812
35.867256165 0.785440981 -2.266372812
35.980182648 -0.823064029 -2.266372812
36.068130493 1.474799991 -2.266372812
36.163635254 2.853518963 -2.266372812
36.258514404 0.555655003 -2.266372812
36.368709564 -0.593276978 -2.266372812
36.474082947 0.785440981 -2.266372812
36.571056366 0.785440981 -2.266372812
36.689441681 1.015226960 -2.266372812
36.779281616 3.083304882 -2.266372812
36.882133484 2.393945932 -2.266372812
36.991912842 1.934373021 -2.266372812
37.089305878 1.474799991 -2.266372812
37.201812744 1.474799991 -2.266372812
37.301727295 1.934373021 -2.266372812
37.398071289 2.853518963 -2.266372812
37.504913330 3.542877913 -2.266372812
37.602306366 2.623732090 -2.266372812
37.703689575 1.474799991 -2.266372812
37.813678741 1.015226960 -2.266372812
37.911491394 0.785440981 -2.266372812
38.019592285 2.393945932 -2.266372812
38.127063751 3.772665024 -2.266372812
38.211654663 1.704586983 0.399660752
38.329406738 1.474799991 0.330391869
38.423236847 0.555655003 0.334766571
38.533851624 1.015226960 0.323123519
38.635025024 2.393945932 0.331066135
38.721504211 2.853518963 0.275313627
38.842620850 1.934373021 0.264588367
38.939804077 -0.363490999 0.236310767
39.027961731 1.245013952 0.174100735
39.143199921 2.623732090 0.131558446
39.250038147 1.704586983 0.137317140
39.349952698 2.623732090 0.137500526
39.455112457 1.474799991 0.132243668
39.557334900 2.164160013 0.137390584
39.661449432 -0.133705005 0.143835915
39.758632660 0.325868011 0.142512954
39.853717804 3.772665024 0.129332635
39.968116760 4.002450943 0.117382437
40.074115753 2.393945932 0.104073287
40.179485321 1.245013952 0.097328408
40.269744873 2.393945932 0.107550426
40.368610382 1.704586983 0.098922013
40.481536865 3.542877913 0.112172470
40.564235687 3.313091993 0.109147569
40.680313110 4.232236862 0.100475030
40.776866913 3.313091993 0.102270119
40.892524719 2.623732090 0.123711560
40.995166779 2.164160013 0.127779382
41.095291138 4.232236862 0.128925698
41.187015533 5.151382923 0.112645984
41.302883148 3.083304882 0.119736656
41.404056549 3.542877913 0.139751232
41.508586884 2.164160013 0.144909110
41.617736816 1.704586983 0.148176696
41.755851746 -9.095375061 0.149586210
41.848419189 -2.891141891 0.138880527
41.921676636 3.772665024 0.135898731
42.014240265 1.934373021 0.147284634
42.130527496 0.785440981 0.165051789
42.217845917 -0.593276978 0.183756154
42.322589874 -0.133705005 0.188872025
42.423969269 2.164160013 0.188435744
42.526611328 2.164160013 0.189155812
42.628414154 2.853518963 0.197684286
42.738826752 3.313091993 0.210112208
42.843147278 3.083304882 0.227674333
42.943267822 2.393945932 0.238271120
43.048221588 2.393945932 0.235301809
43.150234222 3.313091993 0.089007834
43.242801666 4.921597004 0.026632271
43.350269318 3.772665024 0.002495955
43.457950592 1.704586983 0.007803290
43.553455353 3.313091993 0.007687982
43.658615112 0.325868011 -0.008326014
43.763568878 3.313091993 -0.021716249
43.862430573 2.623732090 -0.019348954
43.961925507 1.245013952 -0.006499105
44.071704865 4.232236862 -0.001675128
44.178123474 2.853518963 -0.006367676
44.277408600 -0.593276978 -0.004902495
44.373542786 3.772665024 -0.007434323
44.481014252 3.083304882 -0.013835707
44.581977844 1.704586983 -0.008422490
44.682308197 3.083304882 0.002050216
44.787891388 1.704586983 0.021313383
44.878356934 1.474799991 0.002160737
44.989185333 0.785440981 -0.008017808
45.099174500 1.245013952 0.001469994
45.191951752 0.785440981 -0.022870032
45.299003601 1.245013952 -0.011259022
45.399753571 4.002450943 -0.005200280
45.506175995 3.772665024 0.004525957
45.610706329 4.691810131 0.010082528
45.716499329 4.232236862 0.019501532
45.823966980 1.934373021 0.030300817
45.918632507 2.164160013 0.038595689
46.010780334 4.921597004 0.045749334
46.117202759 3.542877913 0.043782431
46.218372345 3.542877913 0.044459363
46.334030151 2.164160013 0.060947036
46.427856445 4.002450943 0.090703786
46.532176971 4.921597004 0.103308183
46.631462097 4.691810131 0.111991523
46.745437622 5.610956192 0.107600228
46.844303131 4.002450943 0.109705746
46.948623657 1.934373021 0.051016566
47.056304932 3.083304882 0.034235870
47.150341034 3.542877913 0.060068663
47.247314453 5.381169796 0.078987345
47.369056702 6.070528984 0.112883206
47.459735870 4.232236862 0.145426411
47.570144653 3.313091993 0.193512192
47.665649414 3.083304882 0.292126184
47.770809174 3.542877913 0.408176414
47.871982574 3.542877913 0.551607485
47.976936340 5.381169796 0.718045483
48.079788208 5.381169796 0.920468284
48.189357758 3.542877913 1.146970347
48.363155365 -21.044269562 1.397913807
48.428855896 -8.635802269 1.682014156
48.517433167 -3.580501080 2.023452658
48.591529846 3.542877913 2.388926404
48.710544586 2.853518963 2.767550437
48.797023773 1.015226960 3.182141818
48.892108917 1.015226960 3.614367618
48.998737335 2.393945932 4.109407688
49.109359741 3.772665024 4.647801538
49.212421417 3.313091993 5.216793513
49.319469452 4.002450943 5.830993975
49.412246704 3.542877913 6.459193501
49.525173187 1.474799991 7.099892158
49.617740631 1.704586983 7.819568134
49.719753265 2.853518963 8.572266158
49.826385498 4.921597004 9.363812940
49.927135468 5.840742111 10.205233485
50.032508850 1.474799991 11.066408831
50.143966675 2.623732090 11.972312482
50.229606628 2.623732090 12.902876432
50.358695984 -3.580501080 13.864939444
50.442657471 4.232236862 14.883388817
50.537742615 4.462024212 15.956595274
50.642482758 4.002450943 17.088861079
50.744495392 4.002450943 18.241157607
50.848606110 2.853518963 19.440707378
50.951038361 3.313091993 20.654369688
51.054103851 1.934373021 21.891796913
51.154014587 2.623732090 23.189551886
51.250991821 1.704586983 24.528666465
51.363498688 2.623732090 25.913131505
51.463619232 3.313091993 27.361257127
51.562694550 4.691810131 28.808328700
51.667224884 3.772665024 30.305441774
51.768188477 2.623732090 31.855552175
51.870830536 1.704586983 33.434207345
51.983337402 3.313091993 35.029689879
52.083461761 3.542877913 36.664571952
52.177497864 4.921597004 38.310223416
52.276363373 5.840742111 39.994777438
52.387611389 6.530101776 41.708694150
52.491512299 10.436470985 43.468976609
52.584709167 11.815189362 45.242300615
52.685253143 14.342840195 47.060006388
52.780128479 21.236433029 48.902934522
52.886337280 24.683229446 50.798103354
52.984153748 29.278957367 52.705261641
53.084064484 33.415111542 54.649824998
53.200561523 40.538490295 56.641107359
53.294597626 46.283153534 58.665522429
53.381919861 51.568241119 60.702000042
53.471546173 57.542686462 62.583226784
53.587413788 66.963928223 64.587659565
53.687953949 73.627738953 66.655902920
53.772754669 79.602188110 68.856863235
53.872459412 85.806419373 71.073012431
53.972164154 93.619155884 73.305647020
54.072284698 103.499969482 75.585675069
54.168632507 113.840362549 77.903892544
54.267704010 122.802032471 80.236365137
54.364471436 130.155197144 82.613674882
54.456405640 136.589218140 85.009035927
54.557579041 144.861526489 87.428511945
54.657283783 157.040206909 89.858629183
54.746280670 166.691238403 92.317936030
54.854801178 177.950775146 94.818734555
54.945690155 188.750732422 97.396565106
55.040985107 197.252838135 99.994030759
55.148033142 208.742156982 102.552333450
55.239761353 217.933609009 105.092286892
55.328762054 227.354858398 107.695317529
55.424476624 241.831405640 110.270880238
55.521869659 255.618591309 112.912174274
55.623462677 267.797271729 115.629236505
55.723377228 276.529144287 118.339790575
55.807128906 289.167388916 121.038133884
55.907249451 297.439727783 123.778958961
56.004226685 309.618408203 126.501928730
56.096164703 325.473663330 129.196981327
56.196498871 335.354461670 131.964407063
56.289691925 350.979949951 134.670583329
56.387088776 368.443725586 137.413135283
56.480915070 376.945831299 140.209131735
56.572223663 390.273437500 142.958951759
56.683261871 405.669128418 145.718000493
56.766799927 418.077575684 148.496287517
56.860206604 428.188201904 151.270079650
56.959911346 444.273254395 154.065561169
57.052059174 456.451934814 156.826839463
57.153862000 470.698669434 159.655327468
57.246219635 483.336944580 162.502511355
57.338783264 497.813476562 165.362219553
57.419387817 509.532592773 168.276496972
57.533153534 527.685729980 171.185912551
57.617115021 543.081420898 174.111113263
57.710731506 561.694091797 177.088616573
57.804767609 573.643005371 180.008096740
57.900272369 590.417419434 182.981868754
57.991371155 607.421630859 186.050577742
58.076381683 623.966247559 189.168125258
58.177345276 640.051269531 192.413347871
58.272640228 657.515014648 195.684835802
58.365207672 675.438354492 198.935815612
58.458824158 692.672363281 202.358933013
58.556007385 718.178649902 205.744101614
58.637031555 736.101989746 209.180599983
58.731277466 752.646606445 212.682143019
58.819644928 773.557189941 216.338596432
58.921447754 793.548583984 219.973088599
59.003307343 809.633666992 223.768461447
59.104900360 833.071899414 227.605486010
59.194110870 851.224975586 231.527845253
59.277442932 869.837707520 235.551609818
59.373996735 891.437622070 239.798530686
59.477268219 911.888610840 244.262402994
59.552413940 933.718322754 248.786245413
59.660934448 963.360778809 253.290131328
59.736286163 982.433044434 257.966521726
59.831375122 999.207458496 262.765824835
59.924781799 1015.062744141 267.661672748
60.020286560 1042.407348633 272.612271791
60.100467682 1067.453979492 277.638228480
60.206680298 1088.594360352 282.802616938
60.280143738 1119.156005859 288.159893277
60.370613098 1139.836791992 293.747958839
60.467796326 1159.598388672 299.475861029
60.549659729 1189.470581055 305.285178131
60.646842957 1209.002441406 311.210628267
60.730594635 1228.304565430 317.181766725
60.822532654 1262.772460938 323.329092613
60.913211823 1276.559692383 329.676275559
60.995910645 1307.351074219 336.244920985
61.098552704 1341.359497070 342.952624963
61.175167084 1356.065795898 349.662081652
61.257240295 1384.329467773 356.521825343
61.348758698 1415.350708008 363.474684747
61.441745758 1443.384643555 370.677178769
61.518779755 1474.176025391 378.076623580
61.607566833 1496.465332031 385.636784679
61.689426422 1532.771484375 393.320188350
61.785144806 1564.711791992 401.124780590
61.867214203 1597.801147461 409.204196151
61.948028564 1633.417968750 417.438144553
62.026531219 1659.843383789 425.999301065
62.124977112 1692.932617188 434.608606933
62.215442657 1725.792114258 443.350709370
62.296466827 1746.243164062 452.372376694
62.373500824 1781.859985352 461.466370260
62.463336945 1827.357788086 470.800134894
62.526309967 1863.663940430 480.326738472
62.620975494 1913.527587891 490.207462550
62.698638916 1944.089233398 500.309310767
62.788055420 1968.676391602 510.757684675
62.860263824 2026.122924805 521.455807806
62.950939178 2051.629394531 532.396376562
63.033222198 2087.476074219 543.638701330
63.114875793 2129.756591797 555.081767799
63.192749023 2185.135253906 566.782726236
63.273349762 2210.871337891 578.808105091
63.352275848 2264.871093750 591.064516620
63.429729462 2302.326171875 603.745111207
63.516628265 2349.892089844 616.672697207
63.586105347 2397.687744141 629.964023685
63.641937256 2464.785156250 643.585955789
63.728420258 2531.653076172 657.499901485
63.802513123 2571.406250000 671.693681737
63.877449036 2603.576171875 686.346283226
63.955322266 2662.401611328 701.345127052
64.030677795 2717.550292969 716.697520786
64.102882385 2769.711914062 732.238014844
64.190200806 2815.439453125 748.129723233
64.261360168 2861.166748047 764.373870076
64.327690125 2913.558105469 781.035641251
64.405563354 2978.587646484 797.980170771
64.464126587 3050.740722656 815.785899760
64.528358459 3113.472412109 833.992924834
64.610427856 3159.659423828 852.333628414
64.681587219 3221.701660156 871.074514645
64.759246826 3269.037841797 890.045188538
64.825157166 3329.241699219 909.201021397
64.891700745 3404.381835938 928.824784505
64.976287842 3477.683837891 948.734854365
65.034431458 3533.751708984 969.246811735
65.103904724 3579.249511719 990.023629386
65.169609070 3641.291748047 1011.296610644
65.236778259 3703.104248047 1033.208833810
65.297859192 3778.474365234 1055.443603979
65.364189148 3854.993164062 1077.882821879
65.432617188 3923.928955078 1101.018376776
65.495796204 3987.120361328 1124.595689647
65.563385010 4054.907226562 1148.610436857
65.619850159 4141.536621094 1173.058257933
65.694366455 4212.541015625 1198.110917585
65.747680664 4301.927734375 1223.778060524
65.813796997 4365.119140625 1250.089744117
65.871734619 4425.093261719 1276.697953370
65.949180603 4515.169433594 1303.731566403
66.001029968 4576.292480469 1331.195218554
66.059799194 4660.854003906 1359.387350035
66.118995667 4735.994140625 1388.181046108
66.186584473 4834.572753906 1418.211642634
66.235282898 4920.972167969 1448.728593942
66.284606934 5021.848632812 1479.736090815
66.337081909 5107.329101562 1510.950401835
66.403625488 5198.094726562 1543.123085255
66.458198547 5288.630859375 1575.579418139
66.507102966 5358.715332031 1608.488347708
66.566925049 5453.387695312 1642.151607337
66.618774414 5546.221191406 1676.922345845
66.672714233 5639.744140625 1711.867238756
66.725402832 5749.122558594 1747.343410261
66.765914917 5838.739257812 1783.399388348
66.828048706 5948.117675781 1821.902078748
66.877578735 6043.019531250 1862.067952559
66.928794861 6142.976562500 1904.123700536
66.974555969 6249.367675781 1946.723437902
67.025146484 6353.001464844 1990.136972053
67.063346863 6462.839355469 2034.212177358
67.123168945 6558.890136719 2079.368269904
67.169555664 6652.183105469 2125.449111658
67.215736389 6769.374511719 2172.811782024
67.262756348 6876.914550781 2220.681932606
67.299484253 6974.343750000 2269.108187698
67.352592468 7097.739257812 2318.841190795
67.380508423 7239.287597656 2369.403655872
67.421020508 7355.789550781 2422.261464363
67.466148376 7449.082519531 2476.358831543
67.514213562 7547.661132812 2530.820138380
67.569419861 7662.324218750 2586.359191604
67.616439819 7750.562500000 2642.265343657
67.662193298 7870.281250000 2699.357515135
67.694938660 7985.633789062 2757.619725107
67.740699768 8116.382324219 2816.047641542
67.780372620 8228.748046875 2876.257557930
67.811645508 8351.683593750 2937.114413151
67.850898743 8488.866210938 2998.864472292
67.888473511 8597.325195312 3061.772152420
67.938217163 8706.244140625 3126.155106866
67.972640991 8839.290039062 3192.015848944
68.006019592 8972.336914062 3258.520579330
68.041908264 9075.970703125 3326.462816586
68.079689026 9214.531250000 3395.861250429
68.111175537 9344.590820312 3467.366705723
68.151268005 9475.569335938 3538.347671978
68.183387756 9612.981445312 3610.714683538
68.211509705 9740.742187500 3683.031719876
68.246147156 9875.626953125 3756.819847344
68.283088684 10011.201171875 3829.792912638
68.314155579 10150.452148438 3904.394087904
68.341232300 10289.243164062 3980.041419108
68.362434387 10446.875976562 4056.835464227
68.394126892 10581.531250000 4133.718709977
68.432540894 10708.143554688 4212.805976708
68.459617615 10835.215820312 4294.134795567
68.492988586 10965.044921875 4376.969109147
68.524055481 11111.648437500 4459.316306964
68.554702759 11244.464843750 4542.728282303
68.582405090 11401.179687500 4627.470612652
68.600250244 11561.110351562 4713.781769243
68.635299683 11682.897460938 4800.822882420
68.674552917 11807.441406250 4888.074208043
68.694496155 11940.947265625 4976.607965307
68.648109436 12240.359375000 5067.880592643
68.652931213 12439.813476562 5158.006192973
68.679382324 12596.988281250 5249.636977001
68.700370789 12708.664062500 5341.561723361
68.736267090 12860.552734375 5434.530133226
68.756835938 13000.493164062 5527.650004911
68.781814575 13162.721679688 5622.445382459
68.808891296 13308.176757812 5714.684081892
68.821693420 13470.176757812 5806.395134719
68.848983765 13643.435546875 5896.723471771
68.873962402 13757.409179688 5988.033694576
68.901878357 13920.097656250 6082.099465210
68.925384521 14065.093750000 6174.051874462
68.931472778 14233.756835938 6270.359062288
68.970306396 14370.019531250 6367.359655920
68.996337891 14526.044921875 6463.760044819
69.017951965 14673.337890625 6559.962722358
69.041465759 14818.792968750 6652.938605082
69.067909241 14969.302734375 6742.460142490
69.096878052 15104.187500000 6830.402764020
69.119964600 15249.642578125 6920.099596029
69.134033203 15411.641601562 7006.875785735
69.160896301 15575.939453125 7092.118443002
69.183357239 15714.270507812 7177.264279206
69.203506470 15885.001953125 7262.088381023
69.222190857 16025.171875000 7345.704100570
69.242340088 16200.039062500 7425.330836732
69.268371582 16349.400390625 7504.033751797
69.278862000 16515.765625000 7580.728039958
69.285163879 16701.892578125 7655.110866173
69.312866211 16877.449218750 7728.815946596
69.332389832 16990.503906250 7799.885559553
69.371429443 17124.699218750 7868.371746352
69.398300171 17266.248046875 7937.036511254
69.415931702 17453.984375000 8006.684471563
69.432929993 17584.501953125 8073.818608551
69.451400757 17760.058593750 8139.815540416
69.465675354 17904.134765625 8202.700260376
69.487922668 18100.142578125 8266.452696218
69.502197266 18245.138671875 8332.548115798
69.515846252 18407.367187500 8392.854248867
69.538093567 18576.259765625 8450.035818001
69.555305481 18734.123046875 8504.843287718
69.576293945 18896.582031250 8558.216658133
69.589935303 19048.701171875 8608.755104043
69.606521606 19214.148437500 8660.253974828
69.609252930 19416.818359375 8711.867517780
69.626670837 19554.691406250 8767.241276663
69.645774841 19694.861328125 8816.541328388
69.670333862 19892.707031250 8861.773182779
69.682716370 20053.097656250 8906.970593783
69.703498840 20205.216796875 8979.369215227
69.712524414 20380.314453125 9061.972832135
69.730575562 20539.095703125 9145.431932629
69.749671936 20689.605468750 9235.015681544
69.768775940 20855.052734375 9319.348309985
69.793960571 20999.587890625 9406.879417339
69.813484192 21157.451171875 9495.361800364
69.836364746 21320.599609375 9584.097934022
69.866798401 21455.714843750 9675.692574562
69.873725891 21633.109375000 9768.866538988
69.879600525 21802.232421875 9857.197925351
69.900596619 21955.958984375 9943.453049095
69.921165466 22124.162109375 10030.833791099
69.935226440 22260.425781250 10128.083482999
69.950759888 22439.199218750 10217.700627758
69.957061768 22627.855468750 10302.362289012
69.970069885 22792.152343750 10387.857840259
69.987495422 22936.457031250 10478.118031117
70.004493713 23121.207031250 10567.083948040
70.014778137 23282.287109375 10652.041910870
70.035354614 23437.392578125 10738.701600454
70.051307678 23596.173828125 10827.608036200
70.075233459 23762.310546875 10915.266283403
70.087196350 23927.296875000 11002.575786706
70.101470947 24099.406250000 11094.788844052
70.106719971 24257.041015625 11186.686623052
70.124137878 24419.269531250 11279.271908238
70.148490906 24580.808593750 11370.292660851
70.161506653 24734.765625000 11468.045844407
70.171997070 24921.582031250 11577.865316736
70.192146301 25045.207031250 11685.074042725
70.206840515 25241.675781250 11792.935838651
70.214607239 25405.283203125 11888.099647247
70.224891663 25587.734375000 11980.105428427
70.240844727 25750.421875000 12075.356262904
70.247146606 25932.414062500 12169.814425745
70.267082214 26072.353515625 12264.948490914
70.276321411 26244.693359375 12360.111124345
70.289962769 26411.517578125 12454.869766858
70.318092346 26543.875000000 12553.650527485
70.328163147 26737.583984375 12657.466977514
70.344955444 26886.255859375 12757.661907862
70.349998474 27054.919921875 12856.759387159
70.368469238 27234.613281250 12954.227799611
70.367630005 27423.037109375 13057.495843298
70.377281189 27603.419921875 13164.577581500
70.382949829 27770.933593750 13288.740649031
70.402053833 27933.853515625 13412.778345663
70.406036377 28107.572265625 13535.736828030
70.421363831 28289.332031250 13656.041588140
70.438995361 28428.123046875 13782.933780586
70.452003479 28606.896484375 13907.829342489
70.460403442 28758.097656250 14043.028309153
70.454315186 28969.041015625 14179.846412417
70.472366333 29127.134765625 14317.023509378
70.479713440 29305.677734375 14454.163552760
70.491470337 29473.880859375 14582.688185312
70.497978210 29635.191406250 14701.274754990
70.522956848 29799.259765625 14811.778078558
70.529251099 29968.611328125 14910.044788996
70.552131653 30115.214843750 15018.316563842
70.566406250 30270.550781250 15139.087571544
70.575637817 30449.785156250 15255.659575524
70.584877014 30604.890625000 15367.575518465
70.595581055 30765.970703125 15477.491353658
70.619087219 30918.548828125 15585.075533587
70.631057739 31098.242187500 15703.229409656
70.625808716 31275.636718750 15822.043047800
70.633781433 31431.662109375 15944.506010942
70.646797180 31619.167968750 16066.158193796
70.650154114 31796.103515625 16189.080052630
70.666107178 31940.869140625 16303.443371192
70.676605225 32132.509765625 16415.738673533
70.682899475 32283.710937500 16514.067591682
70.684577942 32470.066406250 16614.621194644
70.700531006 32652.287109375 16709.018563842
70.712074280 32804.636718750 16814.119941902
70.718162537 32976.285156250 16914.691518995
70.729080200 33151.382812500 17002.260578557
70.736846924 33329.468750000 17088.068064518
70.747131348 33501.808593750 17179.560207739
70.751327515 33652.777343750 17260.504824635
70.763504028 33840.742187500 17335.937699804
70.767700195 34007.796875000 17419.995576122
70.775466919 34172.554687500 17511.813740343
70.788269043 34341.906250000 17599.997948691
70.798553467 34495.863281250 17701.336293157
70.813880920 34653.269531250 17788.141735317
70.824165344 34824.230468750 17878.810321931
70.830039978 34990.363281250 17957.157681465
70.837181091 35157.878906250 18009.775681332
70.849769592 35312.296875000 18068.868951997
70.862998962 35466.480468750 18115.836677106
70.871810913 35628.480468750 18169.068964353
70.878318787 35829.085937500 18201.564800695
70.882095337 35985.800781250 18258.873826424
70.887763977 36157.910156250 18319.275205534
70.897422791 36316.691406250 18383.180218213
70.906028748 36477.312500000 18434.034499713
70.912956238 36624.144531250 18495.333004225
70.922187805 36819.921875000 18554.131753810
70.929321289 36975.718750000 18597.904999269
70.936042786 37133.582031250 18637.236408060
70.943809509 37311.667968750 18676.142043841
70.949684143 37477.113281250 18748.677083616
70.957664490 37644.855468750 18806.213907054
70.964172363 37775.605468750 18880.354264728
70.984947205 37931.402343750 18954.601072695
70.996070862 38087.886718750 19035.156656412
70.997749329 38239.542968750 19092.075402777
71.006149292 38418.089843750 19155.688327395
71.011817932 38583.535156250 19191.495624353
71.017906189 38749.441406250 19215.068042637
71.024414062 38893.058593750 19243.870820269
71.034278870 39042.187500000 19273.184270692
71.046028137 39193.847656250 19298.007723029
71.055053711 39350.101562500 19286.515403093
71.066390991 39513.480468750 19267.586834835
71.063873291 39669.964843750 19281.708706090
71.071846008 39828.746093750 19298.649874114
71.085914612 39993.042968750 19309.036298478
71.092422485 40111.382812500 19338.187997825
71.100601196 40275.683593750 19347.348681273
71.111312866 40436.300781250 19356.595582532
71.118446350 40586.125000000 19373.740119415
71.131881714 40723.996093750 19419.264987003
71.138595581 40876.343750000 19449.492379158
71.146156311 41038.800781250 19468.741634891
71.150772095 41171.390625000 19502.663902313
71.158744812 41318.683593750 19522.947547712
71.164627075 41468.960937500 19538.292211215
71.170082092 41625.449218750 19517.744034182
71.180580139 41747.695312500 19501.899353754
71.185829163 41917.046875000 19501.075751151
71.187294006 42039.523437500 19528.635917345
71.192543030 42182.449218750 19554.710303113
71.196952820 42352.492187500 19561.517636289
71.204505920 42471.062500000 19539.877194999
71.211647034 42611.921875000 19507.612092790
71.219833374 42605.488281250 19382.962883616
71.210594177 42463.250000000 19292.685832752
71.198631287 42341.460937500 19171.284180987
71.192749023 42208.414062500 19045.957114354
71.184562683 42053.539062500 18944.920501100
71.186668396 41891.082031250 18852.402203855
71.171554565 41773.660156250 18748.118757139
71.163787842 41644.750000000 18639.428527157
71.160850525 41490.101562500 18547.618886259
71.153923035 41360.042968750 18518.029419835
71.146362305 41195.976562500 18486.020209383
71.135238647 41063.621093750 18444.090360752
71.128944397 40909.890625000 18427.996233651
71.122856140 40766.277343750 18388.534145238
71.117607117 40605.195312500 18368.567967882
71.111732483 40468.703125000 18349.158151538
71.106483459 40305.093750000 18336.051904641
71.087379456 40160.328125000 18321.941987180
71.079406738 40014.183593750 18319.491984061
71.077728271 39841.843750000 18321.982132143
71.061355591 39704.433593750 18315.405640424
71.059677124 39532.781250000 18295.950510995
71.051696777 39393.992187500 18275.448428187
71.046241760 39214.988281250 18238.568213122
71.029655457 39054.367187500 18214.478205177
71.017692566 38930.742187500 18176.504634988
71.012863159 38773.796875000 18144.264286284
71.011398315 38606.285156250 18102.730253691
71.004676819 38420.156250000 18060.560628495
71.004051208 38267.578125000 17995.970868227
70.994186401 38097.996093750 17922.842979843
70.986206055 37958.054687500 17852.534085363
70.984321594 37786.406250000 17786.001422058
70.976341248 37620.500000000 17724.860213057
70.965850830 37473.894531250 17679.381079798
70.958923340 37295.121093750 17640.612539803
70.950523376 37139.097656250 17612.392231468
70.941711426 36953.199218750 17601.006654095
70.930587769 36810.730468750 17578.323803235
70.924285889 36637.242187500 17529.604672420
70.908126831 36505.574218750 17474.535061870
70.892593384 36344.035156250 17419.837841351
70.870338440 36211.218750000 17377.385624309
70.861320496 36064.156250000 17337.483728152
70.863838196 35878.488281250 17301.725373605
70.860687256 35695.578125000 17260.085743138
70.851028442 35535.648437500 17206.995363431
70.842216492 35389.960937500 17143.343135035
70.825424194 35182.234375000 17068.353963092
70.822692871 35038.160156250 16991.311295588
70.791206360 34922.578125000 16921.288673268
70.788902283 34735.531250000 16862.359054331
70.771057129 34576.976562500 16798.728261866
70.762245178 34391.312500000 16727.014452521
70.761611938 34232.070312500 16650.066101604
70.753219604 34060.648437500 16570.769303149
70.736846924 33891.066406250 16486.444923668
70.723831177 33749.976562500 16397.390576889
70.715431213 33573.960937500 16312.518853879
70.722991943 33387.144531250 16231.638660540
70.711654663 33214.343750000 16154.159950206
70.697174072 33036.261718750 16080.564366294
70.695495605 32874.492187500 15997.014725957
70.678283691 32733.861328125 15913.602598045
70.673034668 32539.921875000 15834.401650352
70.662536621 32365.972656250 15769.154467488
70.654350281 32193.173828125 15703.223905726
70.643859863 32020.144531250 15635.907632583
70.638816833 31848.724609375 15551.988536024
70.631263733 31669.490234375 15458.177454542
70.618247986 31518.521484375 15369.437329036
70.602294922 31340.896484375 15273.195640723
70.592224121 31185.560546875 15172.317312659
70.575012207 31026.548828125 15088.086809870
70.570388794 30854.437500000 14991.692417936
70.554443359 30706.916015625 14906.738459389
70.543525696 30489.078125000 14809.658047698
70.528831482 30352.583984375 14706.954991191
70.517494202 30194.033203125 14611.025497078
70.494407654 30044.210937500 14533.079921740
70.480133057 29875.087890625 14468.439682789
70.469848633 29718.375000000 14400.885651719
70.458091736 29553.386718750 14331.752967015
70.448860168 29388.630859375 14256.062673364
70.444869995 29188.716796875 14147.590811269
70.437103271 29023.500000000 14042.318949547
70.431854248 28825.423828125 13937.416298020
70.430595398 28663.425781250 13839.272130336
70.412544250 28486.259765625 13726.288419082
70.385047913 28334.830078125 13616.240597557
70.371406555 28187.767578125 13510.926167447
70.361122131 28041.623046875 13406.550232133
70.357551575 27829.529296875 13297.528341629
70.349784851 27647.769531250 13181.436661808
70.339080811 27461.642578125 13061.454178161
70.329002380 27336.177734375 12950.943451458
70.311370850 27142.009765625 12860.862277021
70.294158936 26974.724609375 12791.126971973
70.279045105 26827.890625000 12722.690868935
70.266456604 26667.730468750 12648.309231110
70.261833191 26489.644531250 12560.997801179
70.254486084 26323.968750000 12453.783715898
70.239166260 26139.679687500 12352.335748951
70.225311279 25985.494140625 12247.466485737
70.207893372 25815.451171875 12139.274301211
70.193405151 25647.017578125 12030.521029131
70.170944214 25516.500000000 11922.217938927
70.159614563 25337.037109375 11812.466651963
70.150169373 25153.896484375 11701.141839428
70.137367249 24991.896484375 11594.154649175
70.126235962 24799.335937500 11498.077993548
70.117843628 24664.451171875 11401.034895298
70.097274780 24471.890625000 11302.863308469
70.084259033 24329.882812500 11202.022371255
70.073760986 24160.300781250 11099.013055868
70.070404053 23970.957031250 11000.726812065
70.056343079 23809.416015625 10907.244211868
70.038497925 23629.494140625 10811.506815787
70.018142700 23484.039062500 10714.380295176
69.995887756 23336.056640625 10621.379797454
69.981193542 23168.542968750 10536.474640225
69.964614868 22986.322265625 10454.047841508
69.942367554 22856.951171875 10373.255088835
69.942993164 22660.253906250 10291.636111129
69.915077209 22532.263671875 10207.607424859
69.914863586 22328.443359375 10125.271248743
69.891571045 22170.119140625 10037.004734377
69.869735718 22033.167968750 9951.854064345
69.854415894 21838.078125000 9864.628122719
69.856094360 21671.023437500 9775.810982768
69.850845337 21496.845703125 9681.863339584
69.832168579 21316.003906250 9586.059999167
69.816215515 21152.855468750 9490.407173043
69.788925171 21003.035156250 9394.587108004
69.740440369 20915.486328125 9299.335982608
69.728050232 20748.662109375 9210.136628867
69.708114624 20573.333984375 9124.287082811
69.697830200 20405.359375000 9042.628006441
69.664031982 20273.693359375 8952.847132714
69.652069092 20124.791015625 8865.269964401
69.635696411 19944.638671875 8763.677860576
69.623939514 19772.068359375 8662.330933838
69.603790283 19607.312500000 8553.415823232
69.586791992 19463.005859375 8443.094544294
69.562652588 19289.287109375 8335.692235783
69.547744751 19135.791015625 8229.935305357
69.550056458 18960.003906250 8124.140053423
69.556564331 18725.851562500 8023.123541447
69.542709351 18569.367187500 7921.957760621
69.519409180 18411.962890625 7823.411883153
69.482261658 18289.486328125 7721.404885866
69.452033997 18142.654296875 7632.172144976
69.437133789 18009.148437500 7543.139951878
69.416351318 17832.900390625 7453.509365450
69.390739441 17687.906250000 7365.312868918
69.367019653 17563.822265625 7279.703302980
69.343093872 17371.259765625 7193.695165300
69.323570251 17219.832031250 7106.995894412
69.303215027 17069.091796875 7019.600182683
69.288101196 16926.164062500 6937.242683547
69.270469666 16733.603515625 6856.038894227
69.247589111 16572.292968750 6774.447291770
69.226387024 16422.011718750 6693.241136313
69.196998596 16288.506835938 6611.169858904
69.176223755 16131.333007812 6525.060583555
69.156700134 15969.333007812 6440.350950945
69.141380310 15802.048828125 6356.635918889
69.114509583 15666.015625000 6273.787508485
69.088905334 15516.883789062 6191.124657762
69.070220947 15368.211914062 6107.732330371
69.058677673 15198.169921875 6024.767116285
69.042724609 15036.400390625 5941.409934165
69.023200989 14851.652343750 5857.794104282
68.999694824 14705.048828125 5775.889316590
68.975761414 14549.942382812 5694.840144354
68.953933716 14419.653320312 5614.468708271
68.919723511 14243.407226562 5537.328400259
68.901458740 14123.918945312 5460.875801482
68.876060486 13965.136718750 5382.574760342
68.849403381 13824.736328125 5305.420576744
68.820014954 13671.009765625 5229.780614400
68.793571472 13546.005859375 5154.468158318
68.765441895 13372.516601562 5079.939162867
68.741096497 13250.270507812 5005.870427111
68.713600159 13093.326171875 4931.371230584
68.694709778 12943.735351562 4854.553110208
68.673294067 12786.102539062 4779.442151812
68.651466370 12639.958007812 4704.563712884
68.602348328 12538.851562500 4632.799727147
68.580307007 12372.027343750 4560.614500137
68.529510498 12277.584960938 4488.590839339
68.502433777 12141.781250000 4416.338249739
68.455207825 12032.172851562 4344.737402765
68.414062500 11919.347656250 4271.689212779
68.385307312 11784.003906250 4200.446743458
68.355506897 11662.446289062 4130.264788159
68.322341919 11516.072265625 4060.492924584
68.299461365 11353.613281250 3992.468432167
68.266716003 11215.052734375 3924.933520091
68.242362976 11076.261718750 3859.301594101
68.199966431 10967.112304688 3792.376724990
68.194717407 10777.768554688 3725.315680309
68.158409119 10640.816406250 3658.409146121
68.123138428 10521.787109375 3591.960714695
68.093963623 10384.833984375 3528.062134708
68.068778992 10243.745117188 3465.430497400
68.032043457 10108.170898438 3402.307135662
68.001396179 9979.490234375 3340.344083157
67.959205627 9840.699218750 3279.405597642
67.936538696 9695.245117188 3218.078596390
67.904846191 9567.713867188 3158.408688177
67.862655640 9439.033203125 3100.817300661
67.828018188 9320.003906250 3044.911045377
67.787925720 9200.514648438 2989.729902551
67.735244751 9089.528320312 2935.015238707
67.698722839 8964.524414062 2880.524021754
67.658416748 8867.553710938 2826.432607807
67.620002747 8735.426757812 2774.323723689
67.579078674 8612.491210938 2723.347423783
67.540451050 8511.155273438 2671.707399438
67.501411438 8368.917968750 2620.751558990
67.455650330 8251.497070312 2571.733915066
67.411361694 8152.688476562 2524.102199760
67.380928040 8031.591308594 2478.398579464
67.328659058 7907.736328125 2432.928522922
67.295913696 7795.830078125 2388.254614692
67.254776001 7668.528808594 2344.149382494
67.215522766 7549.499023438 2300.774573242
67.165565491 7451.839843750 2258.149839756
67.119812012 7335.797851562 2216.470129940
67.072158813 7224.811035156 2174.992294724
67.020942688 7128.300781250 2134.980254768
66.976654053 7031.101074219 2096.443954587
66.928588867 6922.871582031 2058.544461703
66.879890442 6813.263671875 2020.728419821
66.834548950 6715.604492188 1983.400218739
66.786903381 6590.370605469 1946.799741521
66.735061646 6494.090332031 1910.631764383
66.697906494 6381.035156250 1874.813029841
66.650886536 6284.524902344 1838.956290689
66.595893860 6183.878417969 1803.441490640
66.536071777 6094.032226562 1767.563312298
66.482337952 6011.079101562 1732.263785959
66.414955139 5934.100585938 1697.122802476
66.371299744 5839.428710938 1662.226345284
66.316726685 5728.901367188 1628.032205188
66.260047913 5645.488769531 1594.342401712
66.205688477 5562.995605469 1561.295894206
66.132431030 5500.034179688 1529.305191010
66.083099365 5402.604492188 1498.051081978
66.011108398 5334.357910156 1466.981682559
65.957374573 5260.596679688 1436.142826735
65.896286011 5175.116210938 1406.540335953
65.831428528 5080.673828125 1377.586988331
65.785667419 4990.827636719 1349.087008866
65.734664917 4910.172363281 1320.939012423
65.663719177 4825.381347656 1293.625914508
65.604103088 4758.053710938 1266.970376712
65.543022156 4673.262695312 1240.724724333
65.468719482 4612.599121094 1214.946272447
65.412254333 4523.211914062 1189.873782934
65.356628418 4443.016601562 1165.637443809
65.300376892 4352.020996094 1141.700382766
65.238037109 4286.302246094 1118.264522299
65.175697327 4216.906738281 1095.292378804
65.099708557 4143.145507812 1072.475077792
65.028976440 4090.064697266 1050.625770092
64.973976135 4011.477783203 1028.906586580
64.911216736 3919.103515625 1007.707280909
64.829353333 3884.176025391 986.932403950
64.757148743 3815.929443359 966.516213864
64.701316833 3748.372314453 946.877252733
64.631416321 3656.687500000 927.586784323
64.576843262 3590.738769531 908.671390546
64.500862122 3534.900634766 890.263245862
64.431381226 3472.628417969 872.271527011
64.363792419 3417.709472656 854.687616596
64.288436890 3352.220458984 837.613566808
64.220428467 3285.122802734 820.926596379
64.154312134 3231.812255859 804.376342145
64.075386047 3181.718994141 788.271848044
64.013252258 3099.685058594 772.602932039
63.961620331 3023.166259766 757.134985036
63.883956909 2969.625976562 741.999944489
63.806922913 2927.804931641 727.224777747
63.722961426 2865.762695312 712.920739017
63.648654938 2815.669189453 698.843878009
63.571411133 2786.256591797 685.204933643
63.486190796 2738.920410156 671.850543062
63.413986206 2700.775878906 658.881153082
63.325195312 2668.605712891 646.230164490
63.241863251 2634.597412109 633.881615569
63.162521362 2588.869873047 621.727647150
63.086326599 2552.793457031 609.789018198
63.004886627 2508.674560547 597.983090821
62.926593781 2461.108642578 586.467203508
62.843261719 2409.866210938 575.310934741
62.762027740 2369.423828125 564.399081047
62.690032959 2331.509033203 553.641227304
62.612579346 2286.011474609 543.009326800
62.513713837 2253.381835938 532.641446628
62.429752350 2217.764892578 522.400379363
62.353347778 2189.271240234 512.447813513
62.273586273 2149.977783203 502.610126529
62.188156128 2106.318359375 492.991907959
62.094329834 2075.986572266 483.642524922
62.022754669 2046.803710938 474.492790027
61.941101074 2006.131591797 465.584496380
61.850841522 1973.272094727 456.806967867
61.765411377 1946.846679688 448.287206871
61.675365448 1907.093627930 439.784758478
61.601268768 1861.366088867 431.617348135
61.511642456 1839.306640625 423.672361923
61.429779053 1807.136474609 416.048299794
61.341831207 1768.302612305 408.557312389
61.249893188 1743.945312500 401.240002524
61.188602448 1699.366699219 394.088691372
61.088478088 1661.911499023 387.006924791
61.007667542 1640.541381836 380.137721534
60.918666840 1610.898925781 373.598506092
60.833446503 1577.809692383 366.994521674
60.755992889 1542.652343750 360.574380276
60.665523529 1514.618408203 354.315740525
60.584712982 1481.988769531 348.387935886
60.494453430 1447.291015625 342.627819322
60.403778076 1416.959228516 336.982914855
60.320655823 1394.440063477 331.479111039
60.232078552 1364.567871094 326.072882057
60.149585724 1349.401977539 320.809497815
60.047782898 1322.057373047 315.758787624
59.960884094 1293.563842773 310.802025535
59.874404907 1262.312866211 305.920415082
59.786243439 1243.700195312 301.368084452
59.693046570 1209.002441406 297.125991142
59.601531982 1181.428100586 292.974190429
59.531841278 1162.125976562 288.820965229
59.426261902 1130.415527344 284.858797297
59.337684631 1112.721923828 280.944090711
59.249946594 1089.283691406 277.028726473
59.158638000 1070.211425781 273.179811724
59.072368622 1047.003051758 269.375650200
58.984626770 1026.092407227 265.539687457
58.884925842 999.207458496 261.698189551
58.798023224 976.918151855 257.922144387
58.710285187 955.777832031 254.139953449
58.617507935 933.948120117 250.419347662
58.524730682 914.875854492 246.791930330
58.441402435 893.965270996 243.286920146
58.339599609 871.905761719 239.845540256
58.260883331 848.467590332 236.440280168
58.158664703 828.016540527 233.111999647
58.076801300 808.714538574 229.767359898
58.006694794 785.276306152 226.424058338
57.894607544 766.433776855 223.078718807
57.792381287 748.970031738 219.775033063
57.700447083 733.114746094 216.530612085
57.603679657 714.961669922 213.259200695
57.521820068 699.795715332 209.976473775
57.425685883 678.885192871 206.757832183
57.335636139 660.272460938 203.537680828
57.231105804 642.578918457 200.249989325
57.143993378 621.898132324 196.998984912
57.043872833 602.136535645 193.826138140
56.955291748 585.362121582 190.595233161
56.858947754 566.979187012 187.366979495
56.769950867 550.664367676 184.168852081
56.675285339 534.349548340 180.878046970
56.591114044 519.643188477 177.679363007
56.483013153 500.570922852 174.527656225
56.388557434 483.566711426 171.315621121
56.296619415 467.711456299 168.090505857
56.214336395 453.924255371 164.866685117
56.115264893 438.988159180 161.678812325
56.019550323 421.754180908 158.503902889
55.917957306 405.669128418 155.372424227
55.829166412 389.584075928 152.277672752
55.737861633 376.486236572 149.207187744
55.638996124 360.860778809 146.096140177
55.537612915 346.843811035 143.026281668
55.458061218 334.894897461 139.899438941
55.356887817 319.958770752 136.770352301
55.261592865 305.252441406 133.676552252
55.171123505 288.937622070 130.621262584
55.084854126 274.690856934 127.669341601
54.976543427 258.835601807 124.709504283
54.874740601 248.724990845 121.748346963
54.800228119 238.154815674 118.786630015
54.682682037 225.286773682 115.870223045
54.606067657 214.027236938 112.936459623
54.500488281 198.861343384 110.019991847
54.409809113 186.223083496 107.102083688
54.307376862 172.895477295 104.235219591
54.216907501 162.784866333 101.371038840
54.118885040 151.984909058 98.546610181
54.017082214 142.793457031 95.748851983
53.919055939 131.993484497 92.995599431
53.821243286 120.963737488 90.260545726
53.730983734 111.082923889 87.587785520
53.640098572 100.512748718 84.889503994
53.536197662 89.942573547 82.214459239
53.437541962 81.670265198 79.602529109
53.343715668 73.857521057 77.033372701
53.241912842 66.963928223 74.480825450
53.145778656 57.083114624 71.994545090
53.046703339 49.959735870 69.536092901
52.952247620 45.364006042 67.100120122
52.850234985 38.700199127 64.697542738
52.752422333 33.415111542 62.336085178
52.649780273 25.372587204 59.964420164
52.550704956 20.317287445 57.643544584
52.445964813 19.168355942 55.370192676
52.347728729 16.410917282 53.125945464
52.240680695 13.653480530 50.941375530
52.146221161 11.125829697 48.806625117
52.051345825 10.206684113 46.709166688
51.956890106 11.355616570 44.672568803
51.839767456 12.734334946 42.673894977
51.736915588 12.504549026 40.712848736
51.641826630 10.436470985 38.770748534
51.536247253 10.206684113 36.884506437
51.434864044 11.125829697 35.057911956
51.327812195 12.964121819 33.288367392
51.220764160 12.964121819 31.543614993
51.122318268 10.896043777 29.837546730
51.020725250 9.287538528 28.168595707
50.921653748 10.896043777 26.571802599
50.828247070 12.044976234 25.032224427
50.706924438 11.585403442 23.549090129
50.608268738 9.976898193 22.082078234
50.504367828 9.747112274 20.671083379
50.399208069 11.125829697 19.287698445
50.302440643 11.125829697 17.949488186
50.197490692 12.274762154 16.658706160
50.133472443 -1.512423038 15.429847808
50.012355804 7.449246883 14.264328985
49.892921448 9.976898193 13.167333432
49.783355713 8.368392944 12.092865789
49.685749054 11.355616570 11.047514092
49.580169678 11.355616570 10.050334094
49.474796295 11.815189362 9.107270353
49.375305176 12.274762154 8.235652896
49.283367157 9.976898193 7.408875125
49.174217224 10.896043777 6.633685280
49.065486908 11.585403442 5.891240535
48.964523315 12.274762154 5.203795840
48.868808746 9.976898193 4.558621656
48.757980347 10.666256905 3.973873673
48.682624817 6.530101776 3.425664406
48.551017761 11.815189362 2.917721837
48.441867828 13.193907738 2.469416325
48.348670959 12.504549026 2.069610563
48.245819092 10.666256905 1.712212282
48.141078949 12.734334946 1.376022147
48.043895721 12.044976234 1.076809430
47.935794830 11.355616570 0.833176339
47.831684113 11.355616570 0.631841134
47.737644196 9.517325401 0.454880263
47.640251160 8.368392944 0.290204623
47.526485443 11.815189362 0.149137638
47.422584534 11.815189362 0.071742993
47.314693451 10.206684113 0.025711895
47.202186584 10.666256905 -0.029125127
47.114025116 11.355616570 -0.068867476
47.020202637 12.504549026 -0.098325544
46.904754639 11.585403442 -0.092442842
46.798755646 9.287538528 -0.086604925
46.695270538 9.287538528 -0.083496933
46.597667694 9.976898193 -0.092376757
46.489776611 11.815189362 -0.088426471
46.392593384 12.734334946 -0.092516487
46.289741516 10.896043777 -0.093793124
46.191715240 8.827965736 -0.105408874
46.082565308 9.747112274 -0.114433979
45.985801697 10.436470985 -0.132849889
45.879383087 13.423693657 -0.142038319
45.773590088 9.747112274 -0.128709007
45.671367645 8.827965736 -0.114192799
45.589508057 6.070528984 -0.124852928
45.469863892 11.585403442 -0.143276186
45.374988556 9.976898193 -0.140495697
45.260799408 10.436470985 -0.128420409
45.152282715 11.585403442 -0.134695476
45.058452606 12.734334946 -0.139606430
44.950355530 12.734334946 -0.154996074
44.842674255 10.666256905 -0.081088148
44.750736237 10.206684113 -0.056719348
44.641586304 11.815189362 -0.045385543
44.545452118 12.734334946 -0.031239398
44.444278717 13.423693657 -0.036633756
44.335762024 10.896043777 -0.041975739
44.233749390 9.976898193 -0.036875257
44.126697540 11.125829697 -0.030791745
44.023635864 12.274762154 -0.015719788
43.927711487 13.653480530 -0.020353529
43.824230194 12.044976234 -0.028849678
43.731872559 11.355616570 -0.030864114
43.624191284 9.057751656 -0.022410786
43.516300201 11.355616570 -0.019176656
43.415340424 12.044976234 0.010769469
43.309547424 10.206684113 0.005215106
43.210895538 10.666256905 -0.017491994
43.094608307 9.976898193 -0.027118572
43.003093719 12.734334946 -0.024926388
42.912624359 12.044976234 -0.024207916
42.799697876 11.125829697 -0.029040091
42.696842194 9.976898193 -0.043036269
42.595672607 9.517325401 -0.046398043
42.500167847 13.423693657 -0.033902345
42.398151398 14.113054276 -0.026358346
42.278507233 10.666256905 -0.027905562
42.183631897 9.976898193 -0.032182171
42.098621368 12.504549026 -0.020693769
41.984226227 12.504549026 -0.015823199
41.881584167 13.423693657 -0.024059195
41.774742126 9.747112274 -0.034951876
41.663494110 10.666256905 -0.036692638
41.579116821 9.976898193 -0.035659340
41.471225739 10.666256905 -0.026413948
41.358299255 8.598178864 -0.013088997
41.260272980 12.044976234 -0.011691046
41.157840729 11.815189362 -0.032757126
41.056247711 12.734334946 -0.035313480
40.945838928 10.436470985 -0.016671773
40.845504761 12.044976234 -0.003202935
40.753570557 12.504549026 0.003730979
40.631824493 10.206684113 -0.018314937
40.540939331 8.368392944 -0.010060314
40.436405182 11.585403442 0.006265751
40.335865021 13.423693657 0.032349344
40.236789703 11.355616570 0.025792492
40.131839752 9.976898193 0.037720408
40.038223267 11.815189362 0.052228942
39.937259674 11.585403442 0.046958794
39.812366486 12.274762154 0.037681318
39.722110748 10.666256905 0.034771599
39.622615814 10.436470985 0.035697436
39.517036438 10.206684113 0.042003740
39.412712097 11.355616570 0.020866653
39.315319061 11.815189362 0.003818968
39.210369110 11.815189362 0.001045088
39.095970154 9.517325401 0.007218334
38.995639801 8.827965736 -0.002164601
38.899291992 9.517325401 0.000499410
38.801898956 12.044976234 -0.000885824
38.694637299 12.044976234 -0.022189263
38.593044281 10.206684113 -0.030413122
38.488723755 10.666256905 -0.028170257
38.381675720 10.896043777 -0.006187558
38.279453278 10.436470985 -0.001366127
38.178909302 11.355616570 -0.012381136
38.070598602 12.964121819 -0.004939576
37.980552673 11.355616570 -0.000106522
37.865734100 11.125829697 0.185600791
37.760993958 9.287538528 0.226550028
37.664226532 10.896043777 0.245779233
37.566413879 13.193907738 0.257715055
37.451385498 11.355616570 0.266608454
37.361549377 10.436470985 0.273446895
37.251560211 12.504549026 0.275818712
37.158363342 10.666256905 0.277065339
37.040187836 11.125829697 0.280199626
36.935867310 9.976898193 0.283295984
36.846660614 10.666256905 0.284473573
36.744857788 12.274762154 0.285445153
36.640743256 11.585403442 0.285728197
36.529285431 10.896043777 0.287955557
36.432731628 12.734334946 0.289520389
36.317493439 11.355616570 0.291348316
36.223457336 9.976898193 0.292708505
36.115779877 10.206684113 0.295074772
36.016494751 13.193907738 0.295576918
35.911754608 11.815189362 0.296150831
35.814361572 10.206684113 0.296211871
35.712345123 10.206684113 0.297406158
35.610126495 10.666256905 0.297750684
35.505802155 12.734334946 0.297832741
35.402111053 11.125829697 0.299046074
35.303665161 10.666256905 0.301175551
35.203964233 11.815189362 0.301664872
35.106147766 12.044976234 0.301198799
34.989654541 10.436470985 0.301758755
34.894989014 9.517325401 0.303009717
34.786048889 11.815189362 0.303311802
34.685504913 11.355616570 0.303716024
34.581813812 10.206684113 0.303742301
34.479801178 11.585403442 0.304594154
34.383037567 11.125829697 0.305565158
34.273468018 14.342840195 0.306659091
34.167465210 12.734334946 0.307139112
34.061466217 9.517325401 0.307361451
33.965541840 10.436470985 0.307568485
33.872974396 14.113054276 0.309033288
33.740524292 10.896043777 0.310906353
33.647117615 10.436470985 0.312424101
33.545314789 12.504549026 0.312515059
33.448760986 11.815189362 0.312587537
33.341922760 10.666256905 0.313727051
33.230251312 9.517325401 0.314608311
33.139156342 10.206684113 0.315358374
