36.730583191 1638.703125000 435.687661651
33.155109406 -11.393239021 435.687661651
33.192260742 0.096082002 435.687661651
33.302669525 0.325868011 435.687661651
33.414546967 0.785440981 435.687661651
33.541957855 -9.554947853 435.687661651
33.603248596 -0.133705005 435.687661651
33.753330231 -6.108151913 435.687661651
33.860797882 -10.474094391 5.051469611
33.930065155 -3.350714922 3.090338998
34.007312775 0.785440981 3.937749641
34.111423492 0.555655003 4.891619984
34.211124420 1.015226960 6.139661964
34.312088013 1.474799991 4.396887008
34.422916412 3.083304882 4.216829356
34.523460388 1.934373021 3.136767060
34.623165131 0.555655003 0.165623743
34.726856232 0.325868011 -0.898069455
34.833278656 0.555655003 -0.594225191
34.926891327 1.245013952 -0.243564656
35.037509918 1.474799991 -0.227854947
35.155475616 -1.512423038 -0.203803746
35.247833252 1.474799991 -0.109590989
35.345436096 -0.823064029 0.364310177
35.445560455 0.555655003 0.805754405
35.555969238 2.164160013 0.558111422
35.647068024 2.853518963 0.081139331
35.759155273 1.245013952 0.171894029
35.867256165 0.785440981 0.343817862
35.980182648 -0.823064029 -0.234454051
36.068130493 1.474799991 0.428062712
36.163635254 2.853518963 0.225747253
36.258514404 0.555655003 0.185293657
36.368709564 -0.593276978 0.433027627
36.474082947 0.785440981 0.903950943
36.571056366 0.785440981 1.078721385
36.689441681 1.015226960 1.324138189
36.779281616 3.083304882 1.223462605
36.882133484 2.393945932 1.379830126
36.991912842 1.934373021 1.607027212
37.089305878 1.474799991 1.130488477
37.201812744 1.474799991 0.261367117
37.301727295 1.934373021 0.117675843
37.398071289 2.853518963 0.254435529
37.504913330 3.542877913 -0.147868845
37.602306366 2.623732090 -0.059546055
37.703689575 1.474799991 -0.329793286
37.813678741 1.015226960 -0.553846782
37.911491394 0.785440981 -0.538508665
38.019592285 2.393945932 -0.447000837
38.127063751 3.772665024 -0.492633300
38.211654663 1.704586983 -0.844340524
38.329406738 1.474799991 -0.502771668
38.423236847 0.555655003 0.004322239
38.533851624 1.015226960 -0.036157954
38.635025024 2.393945932 0.013114868
38.721504211 2.853518963 -0.341149412
38.842620850 1.934373021 -0.100323847
38.939804077 -0.363490999 -0.036989652
39.027961731 1.245013952 -0.291857553
39.143199921 2.623732090 0.269652532
39.250038147 1.704586983 0.559228217
39.349952698 2.623732090 0.463074207
39.455112457 1.474799991 0.417824200
39.557334900 2.164160013 0.831135691
39.661449432 -0.133705005 0.831761847
39.758632660 0.325868011 0.649568919
39.853717804 3.772665024 0.721744770
39.968116760 4.002450943 1.336260133
40.074115753 2.393945932 1.410597766
40.179485321 1.245013952 1.511131441
40.269744873 2.393945932 1.175154000
40.368610382 1.704586983 1.518274689
40.481536865 3.542877913 1.374687700
40.564235687 3.313091993 0.666206319
40.680313110 4.232236862 0.942692122
40.776866913 3.313091993 0.943715143
40.892524719 2.623732090 0.448570896
40.995166779 2.164160013 -3.019620171
41.095291138 4.232236862 -4.193175288
41.187015533 5.151382923 -3.841363939
41.302883148 3.083304882 -3.492285731
41.404056549 3.542877913 -3.422996602
41.508586884 2.164160013 -3.341957721
41.617736816 1.704586983 -3.244632917
41.755851746 -9.095375061 -2.654792759
41.848419189 -2.891141891 -2.168284977
41.921676636 3.772665024 -0.921017674
42.014240265 1.934373021 0.795308388
42.130527496 0.785440981 1.924667775
42.217845917 -0.593276978 3.026375441
42.322589874 -0.133705005 3.771341510
42.423969269 2.164160013 4.592497772
42.526611328 2.164160013 2.753371883
42.628414154 2.853518963 1.853485758
42.738826752 3.313091993 2.046933333
42.843147278 3.083304882 2.212547161
42.943267822 2.393945932 1.276024673
43.048221588 2.393945932 0.700055443
43.150234222 3.313091993 -0.051313798
43.242801666 4.921597004 -0.595225377
43.350269318 3.772665024 -0.378894926
43.457950592 1.704586983 -0.378914365
43.553455353 3.313091993 -1.093719013
43.658615112 0.325868011 -0.671537552
43.763568878 3.313091993 -0.630316501
43.862430573 2.623732090 -0.947998869
43.961925507 1.245013952 -0.653207150
44.071704865 4.232236862 -0.234279360
44.178123474 2.853518963 -0.079023274
44.277408600 -0.593276978 -0.591586110
44.373542786 3.772665024 -0.511008286
44.481014252 3.083304882 -1.306928182
44.581977844 1.704586983 -1.169616246
44.682308197 3.083304882 -0.480010184
44.787891388 1.704586983 -0.279166074
44.878356934 1.474799991 0.894909369
44.989185333 0.785440981 1.545228403
45.099174500 1.245013952 0.633252920
45.191951752 0.785440981 0.903575612
45.299003601 1.245013952 1.701223898
45.399753571 4.002450943 1.726538389
45.506175995 3.772665024 2.073531850
45.610706329 4.691810131 1.673270310
45.716499329 4.232236862 1.654673982
45.823966980 1.934373021 1.575046982
45.918632507 2.164160013 1.423637802
46.010780334 4.921597004 1.246487696
46.117202759 3.542877913 0.637457439
46.218372345 3.542877913 0.195816068
46.334030151 2.164160013 0.042092297
46.427856445 4.002450943 0.280465889
46.532176971 4.921597004 0.873555197
46.631462097 4.691810131 0.965725365
46.745437622 5.610956192 0.533015593
46.844303131 4.002450943 0.566014367
46.948623657 1.934373021 0.219463524
47.056304932 3.083304882 -0.003389414
47.150341034 3.542877913 -0.603361180
47.247314453 5.381169796 -0.302392446
47.369056702 6.070528984 0.207772203
47.459735870 4.232236862 0.192116809
47.570144653 3.313091993 -5.867093820
47.665649414 3.083304882 -7.983746582
47.770809174 3.542877913 -9.020786197
47.871982574 3.542877913 -8.024902805
47.976936340 5.381169796 -7.023852418
48.079788208 5.381169796 -5.983650070
48.189357758 3.542877913 -4.568888610
48.363155365 -21.044269562 -3.128016077
48.428855896 -8.635802269 -1.495848806
48.517433167 -3.580501080 -0.027185335
48.591529846 3.542877913 1.764899169
48.710544586 2.853518963 3.466728189
48.797023773 1.015226960 5.210703603
48.892108917 1.015226960 7.218328264
48.998737335 2.393945932 9.110696629
49.109359741 3.772665024 4.599755815
49.212421417 3.313091993 2.805556888
49.319469452 4.002450943 0.838811555
49.412246704 3.542877913 0.939502928
49.525173187 1.474799991 0.881368182
49.617740631 1.704586983 -1.208373326
49.719753265 2.853518963 -1.230373909
49.826385498 4.921597004 -0.926854365
49.927135468 5.840742111 -0.410874110
50.032508850 1.474799991 -0.028563959
50.143966675 2.623732090 0.242194357
50.229606628 2.623732090 0.541450234
50.358695984 -3.580501080 -0.066362062
50.442657471 4.232236862 -0.462582147
50.537742615 4.462024212 -0.794690491
50.642482758 4.002450943 -0.275605608
50.744495392 4.002450943 0.756096442
50.848606110 2.853518963 0.982372926
50.951038361 3.313091993 1.187686708
51.054103851 1.934373021 1.078672333
51.154014587 2.623732090 -0.953767900
51.250991821 1.704586983 -0.629204526
51.363498688 2.623732090 -0.156055017
51.463619232 3.313091993 0.552393187
51.562694550 4.691810131 1.454221796
51.667224884 3.772665024 2.142138923
51.768188477 2.623732090 3.781134992
51.870830536 1.704586983 5.119175151
51.983337402 3.313091993 6.930602049
52.083461761 3.542877913 9.783036020
52.177497864 4.921597004 13.049357055
52.276363373 5.840742111 16.892688544
52.387611389 6.530101776 21.291488758
52.491512299 10.436470985 26.132878249
52.584709167 11.815189362 30.811735110
52.685253143 14.342840195 35.090627697
52.780128479 21.236433029 39.512840870
52.886337280 24.683229446 44.311583801
52.984153748 29.278957367 49.009989745
53.084064484 33.415111542 53.245534623
53.200561523 40.538490295 56.431985599
53.294597626 46.283153534 59.773906161
53.381919861 51.568241119 63.111533707
53.471546173 57.542686462 66.511735072
53.587413788 66.963928223 70.708009256
53.687953949 73.627738953 73.992292564
53.772754669 79.602188110 76.577280898
53.872459412 85.806419373 78.485993591
53.972164154 93.619155884 81.042330155
54.072284698 103.499969482 83.709841754
54.168632507 113.840362549 86.421799494
54.267704010 122.802032471 89.420866709
54.364471436 130.155197144 92.144051093
54.456405640 136.589218140 94.649956801
54.557579041 144.861526489 96.805372196
54.657283783 157.040206909 98.289295421
54.746280670 166.691238403 100.551589409
54.854801178 177.950775146 103.720180558
54.945690155 188.750732422 107.375867166
55.040985107 197.252838135 110.098258895
55.148033142 208.742156982 112.957704809
55.239761353 217.933609009 114.043183858
55.328762054 227.354858398 114.617029104
55.424476624 241.831405640 116.829039232
55.521869659 255.618591309 118.357008684
55.623462677 267.797271729 120.706723414
55.723377228 276.529144287 124.516704292
55.807128906 289.167388916 126.490285466
55.907249451 297.439727783 128.388208322
56.004226685 309.618408203 129.878510949
56.096164703 325.473663330 131.111245929
56.196498871 335.354461670 132.294581597
56.289691925 350.979949951 134.649189613
56.387088776 368.443725586 136.669198469
56.480915070 376.945831299 137.545714089
56.572223663 390.273437500 138.849087672
56.683261871 405.669128418 139.099154731
56.766799927 418.077575684 139.035124430
56.860206604 428.188201904 140.408107395
56.959911346 444.273254395 141.428268933
57.052059174 456.451934814 144.348719821
57.153862000 470.698669434 147.685953923
57.246219635 483.336944580 150.282443147
57.338783264 497.813476562 153.659862699
57.419387817 509.532592773 157.453820378
57.533153534 527.685729980 161.184227170
57.617115021 543.081420898 164.191097933
57.710731506 561.694091797 167.938029862
57.804767609 573.643005371 171.278753756
57.900272369 590.417419434 176.185353238
57.991371155 607.421630859 180.884775726
58.076381683 623.966247559 184.742718836
58.177345276 640.051269531 189.008146486
58.272640228 657.515014648 192.470493777
58.365207672 675.438354492 195.839072532
58.458824158 692.672363281 200.476909676
58.556007385 718.178649902 203.359229707
58.637031555 736.101989746 206.059062227
58.731277466 752.646606445 208.866887387
58.819644928 773.557189941 211.219961593
58.921447754 793.548583984 213.837398695
59.003307343 809.633666992 217.363173302
59.104900360 833.071899414 220.713527358
59.194110870 851.224975586 221.712316967
59.277442932 869.837707520 222.523739202
59.373996735 891.437622070 225.282542265
59.477268219 911.888610840 228.665791467
59.552413940 933.718322754 231.404390535
59.660934448 963.360778809 236.877948755
59.736286163 982.433044434 241.054304625
59.831375122 999.207458496 243.897989856
59.924781799 1015.062744141 248.545990094
60.020286560 1042.407348633 251.292116604
60.100467682 1067.453979492 252.912472173
60.206680298 1088.594360352 256.069486768
60.280143738 1119.156005859 257.217972541
60.370613098 1139.836791992 261.786826654
60.467796326 1159.598388672 268.475848348
60.549659729 1189.470581055 270.967009604
60.646842957 1209.002441406 272.382582316
60.730594635 1228.304565430 275.694734125
60.822532654 1262.772460938 280.421491204
60.913211823 1276.559692383 284.881735435
60.995910645 1307.351074219 291.256444108
61.098552704 1341.359497070 299.747912172
61.175167084 1356.065795898 306.297940298
61.257240295 1384.329467773 316.723423731
61.348758698 1415.350708008 326.678724078
61.441745758 1443.384643555 334.341119846
61.518779755 1474.176025391 343.544906271
61.607566833 1496.465332031 348.186975096
61.689426422 1532.771484375 351.436401234
61.785144806 1564.711791992 357.125663070
61.867214203 1597.801147461 363.189592442
61.948028564 1633.417968750 372.426633682
62.026531219 1659.843383789 384.901968840
62.124977112 1692.932617188 394.631516832
62.215442657 1725.792114258 401.369922359
62.296466827 1746.243164062 412.565186216
62.373500824 1781.859985352 420.868821527
62.463336945 1827.357788086 427.154990469
62.526309967 1863.663940430 435.485434335
62.620975494 1913.527587891 451.041363051
62.698638916 1944.089233398 460.980975491
62.788055420 1968.676391602 472.947683419
62.860263824 2026.122924805 482.031878557
62.950939178 2051.629394531 486.795421437
63.033222198 2087.476074219 494.666663726
63.114875793 2129.756591797 513.804739072
63.192749023 2185.135253906 540.993943264
63.273349762 2210.871337891 567.542775511
63.352275848 2264.871093750 587.332606945
63.429729462 2302.326171875 602.706214994
63.516628265 2349.892089844 627.724893297
63.586105347 2397.687744141 645.284343493
63.641937256 2464.785156250 654.175817877
63.728420258 2531.653076172 659.905492210
63.802513123 2571.406250000 671.298477260
63.877449036 2603.576171875 677.687568374
63.955322266 2662.401611328 694.860426223
64.030677795 2717.550292969 711.218920294
64.102882385 2769.711914062 717.134734669
64.190200806 2815.439453125 724.720177001
64.261360168 2861.166748047 738.696584128
64.327690125 2913.558105469 758.915568830
64.405563354 2978.587646484 783.072793264
64.464126587 3050.740722656 800.598254599
64.528358459 3113.472412109 820.283353005
64.610427856 3159.659423828 834.303824956
64.681587219 3221.701660156 849.576112921
64.759246826 3269.037841797 856.587306074
64.825157166 3329.241699219 865.898052307
64.891700745 3404.381835938 878.978708185
64.976287842 3477.683837891 892.481996267
65.034431458 3533.751708984 915.680419586
65.103904724 3579.249511719 944.370224694
65.169609070 3641.291748047 973.955503239
65.236778259 3703.104248047 1001.062858330
65.297859192 3778.474365234 1029.575870736
65.364189148 3854.993164062 1052.940634840
65.432617188 3923.928955078 1079.279096762
65.495796204 3987.120361328 1102.075004257
65.563385010 4054.907226562 1125.070599239
65.619850159 4141.536621094 1143.177121865
65.694366455 4212.541015625 1159.191136678
65.747680664 4301.927734375 1176.454785155
65.813796997 4365.119140625 1206.037290005
65.871734619 4425.093261719 1250.223521813
65.949180603 4515.169433594 1295.043046882
66.001029968 4576.292480469 1334.444495528
66.059799194 4660.854003906 1371.205447532
66.118995667 4735.994140625 1415.183072194
66.186584473 4834.572753906 1449.561319717
66.235282898 4920.972167969 1501.110287968
66.284606934 5021.848632812 1545.065006924
66.337081909 5107.329101562 1591.053755825
66.403625488 5198.094726562 1632.906234247
66.458198547 5288.630859375 1668.455229598
66.507102966 5358.715332031 1703.696581695
66.566925049 5453.387695312 1732.409769994
66.618774414 5546.221191406 1763.364953191
66.672714233 5639.744140625 1800.395302308
66.725402832 5749.122558594 1863.796287763
66.765914917 5838.739257812 1917.863463102
66.828048706 5948.117675781 1957.370109050
66.877578735 6043.019531250 2004.693691516
66.928794861 6142.976562500 2046.633845902
66.974555969 6249.367675781 2085.823628692
67.025146484 6353.001464844 2124.455661809
67.063346863 6462.839355469 2191.982965868
67.123168945 6558.890136719 2269.607814222
67.169555664 6652.183105469 2345.708135600
67.215736389 6769.374511719 2396.386629143
67.262756348 6876.914550781 2426.965460577
67.299484253 6974.343750000 2431.713871552
67.352592468 7097.739257812 2443.425243709
67.380508423 7239.287597656 2466.721983236
67.421020508 7355.789550781 2513.482205109
67.466148376 7449.082519531 2535.170863877
67.514213562 7547.661132812 2564.602003115
67.569419861 7662.324218750 2609.758459383
67.616439819 7750.562500000 2646.592253275
67.662193298 7870.281250000 2667.019121887
67.694938660 7985.633789062 2696.429912309
67.740699768 8116.382324219 2792.417604259
67.780372620 8228.748046875 2902.022548903
67.811645508 8351.683593750 3016.972099302
67.850898743 8488.866210938 3133.283687927
67.888473511 8597.325195312 3219.025508420
67.938217163 8706.244140625 3285.051483894
67.972640991 8839.290039062 3351.114232871
68.006019592 8972.336914062 3435.334577041
68.041908264 9075.970703125 3507.615385527
68.079689026 9214.531250000 3581.195954862
68.111175537 9344.590820312 3695.845779250
68.151268005 9475.569335938 3867.524264604
68.183387756 9612.981445312 4033.520470576
68.211509705 9740.742187500 4109.359045286
68.246147156 9875.626953125 4195.626061599
68.283088684 10011.201171875 4277.419795020
68.314155579 10150.452148438 4335.829452056
68.341232300 10289.243164062 4377.613230404
68.362434387 10446.875976562 4447.928194449
68.394126892 10581.531250000 4540.753132771
68.432540894 10708.143554688 4595.096762843
68.459617615 10835.215820312 4603.541870612
68.492988586 10965.044921875 4630.941245613
68.524055481 11111.648437500 4932.340936441
68.554702759 11244.464843750 5313.016495791
68.582405090 11401.179687500 5765.897973433
68.600250244 11561.110351562 6370.176379848
68.635299683 11682.897460938 7001.293951877
68.674552917 11807.441406250 7536.678428852
68.694496155 11940.947265625 8041.624249784
68.648109436 12240.359375000 8285.093692878
68.652931213 12439.813476562 8473.104401406
68.679382324 12596.988281250 8383.144525119
68.700370789 12708.664062500 8058.518358256
68.736267090 12860.552734375 7698.014031301
68.756835938 13000.493164062 7200.930641615
68.781814575 13162.721679688 6836.351675421
68.808891296 13308.176757812 6355.548706102
68.821693420 13470.176757812 6224.075118184
68.848983765 13643.435546875 6285.665520557
68.873962402 13757.409179688 6343.347498648
68.901878357 13920.097656250 6369.249110757
68.925384521 14065.093750000 6259.807046483
68.931472778 14233.756835938 6170.481495978
68.970306396 14370.019531250 6168.489678153
68.996337891 14526.044921875 6131.005942308
69.017951965 14673.337890625 6173.774715468
69.041465759 14818.792968750 6268.081096876
69.067909241 14969.302734375 6332.084161022
69.096878052 15104.187500000 6419.341691011
69.119964600 15249.642578125 6471.281266663
69.134033203 15411.641601562 6799.871100585
69.160896301 15575.939453125 7124.352805868
69.183357239 15714.270507812 7417.434360162
69.203506470 15885.001953125 7684.649242119
69.222190857 16025.171875000 7720.734463660
69.242340088 16200.039062500 7624.979579019
69.268371582 16349.400390625 7523.505380981
69.278862000 16515.765625000 7403.190349763
69.285163879 16701.892578125 7405.694655461
69.312866211 16877.449218750 7407.512738805
69.332389832 16990.503906250 7396.944474120
69.371429443 17124.699218750 7435.112772035
69.398300171 17266.248046875 7516.247264504
69.415931702 17453.984375000 7608.830938196
69.432929993 17584.501953125 7647.427645706
69.451400757 17760.058593750 7776.512370308
69.465675354 17904.134765625 8197.681836673
69.487922668 18100.142578125 8651.066256338
69.502197266 18245.138671875 9361.770742921
69.515846252 18407.367187500 9709.131069634
69.538093567 18576.259765625 9808.450313723
69.555305481 18734.123046875 9871.488654690
69.576293945 18896.582031250 9945.023343120
69.589935303 19048.701171875 9921.060941385
69.606521606 19214.148437500 10046.578553648
69.609252930 19416.818359375 10093.928362200
69.626670837 19554.691406250 10079.109228717
69.645774841 19694.861328125 10076.480964603
69.670333862 19892.707031250 9813.925077495
69.682716370 20053.097656250 9520.252674906
69.703498840 20205.216796875 9126.056664336
69.712524414 20380.314453125 8588.488967700
69.730575562 20539.095703125 8323.938259091
69.749671936 20689.605468750 8416.543327341
69.768775940 20855.052734375 8453.097784577
69.793960571 20999.587890625 8436.179945791
69.813484192 21157.451171875 8410.460626631
69.836364746 21320.599609375 8498.003822783
69.866798401 21455.714843750 8686.981615280
69.873725891 21633.109375000 9077.823173481
69.879600525 21802.232421875 9487.997807275
69.900596619 21955.958984375 9946.029790220
69.921165466 22124.162109375 10538.582979173
69.935226440 22260.425781250 10876.671254515
69.950759888 22439.199218750 11141.604401732
69.957061768 22627.855468750 11070.696019996
69.970069885 22792.152343750 10750.453870891
69.987495422 22936.457031250 10628.578228090
70.004493713 23121.207031250 10859.710587807
70.014778137 23282.287109375 10915.069461099
70.035354614 23437.392578125 10690.046096699
70.051307678 23596.173828125 10474.980019109
70.075233459 23762.310546875 10393.302452539
70.087196350 23927.296875000 10348.661457035
70.101470947 24099.406250000 10431.929018476
70.106719971 24257.041015625 10578.408899619
70.124137878 24419.269531250 10835.126895295
70.148490906 24580.808593750 11191.878633017
70.161506653 24734.765625000 11600.767809909
70.171997070 24921.582031250 11835.600226783
70.192146301 25045.207031250 11950.300405151
70.206840515 25241.675781250 12104.791713104
70.214607239 25405.283203125 11854.748562650
70.224891663 25587.734375000 12011.884022083
70.240844727 25750.421875000 12007.992183229
70.247146606 25932.414062500 11977.947158390
70.267082214 26072.353515625 11853.564503425
70.276321411 26244.693359375 12175.690910223
70.289962769 26411.517578125 12331.018266573
70.318092346 26543.875000000 12600.151799108
70.328163147 26737.583984375 12843.203741958
70.344955444 26886.255859375 13396.960175300
70.349998474 27054.919921875 13833.943959169
70.368469238 27234.613281250 14379.262964058
70.367630005 27423.037109375 14597.487472005
70.377281189 27603.419921875 15086.662301688
70.382949829 27770.933593750 16284.353190111
70.402053833 27933.853515625 16365.212563349
70.406036377 28107.572265625 16642.905186752
70.421363831 28289.332031250 16502.980294860
70.438995361 28428.123046875 16643.180745005
70.452003479 28606.896484375 15847.460416954
70.460403442 28758.097656250 15728.043246710
70.454315186 28969.041015625 15128.851981209
70.472366333 29127.134765625 14684.203609527
70.479713440 29305.677734375 14187.947520180
70.491470337 29473.880859375 14029.428193519
70.497978210 29635.191406250 13826.477603789
70.522956848 29799.259765625 13059.489444947
70.529251099 29968.611328125 12458.909745454
70.552131653 30115.214843750 12334.148290792
70.566406250 30270.550781250 12701.573509475
70.575637817 30449.785156250 12943.054699393
70.584877014 30604.890625000 13544.596154956
70.595581055 30765.970703125 14117.045274240
70.619087219 30918.548828125 15148.679274520
70.631057739 31098.242187500 15791.327397436
70.625808716 31275.636718750 17225.897481576
70.633781433 31431.662109375 17845.145853752
70.646797180 31619.167968750 18059.620642225
70.650154114 31796.103515625 18535.601428889
70.666107178 31940.869140625 18964.582721372
70.676605225 32132.509765625 19450.058192691
70.682899475 32283.710937500 18948.152330162
70.684577942 32470.066406250 18541.529766774
70.700531006 32652.287109375 18643.458741678
70.712074280 32804.636718750 19002.730011875
70.718162537 32976.285156250 19219.017288320
70.729080200 33151.382812500 19615.466805079
70.736846924 33329.468750000 19353.252097558
70.747131348 33501.808593750 18651.453955849
70.751327515 33652.777343750 18064.825755806
70.763504028 33840.742187500 18172.262391859
70.767700195 34007.796875000 18091.070830912
70.775466919 34172.554687500 17635.822951544
70.788269043 34341.906250000 17142.081237509
70.798553467 34495.863281250 16689.451700204
70.813880920 34653.269531250 16575.926604479
70.824165344 34824.230468750 16635.134048656
70.830039978 34990.363281250 16991.229807461
70.837181091 35157.878906250 17243.710725560
70.849769592 35312.296875000 17794.797108040
70.862998962 35466.480468750 18585.260071828
70.871810913 35628.480468750 19344.304137518
70.878318787 35829.085937500 20118.932612783
70.882095337 35985.800781250 20467.557010501
70.887763977 36157.910156250 20753.512662067
70.897422791 36316.691406250 21376.646501052
70.906028748 36477.312500000 22180.566216139
70.912956238 36624.144531250 22531.811747038
70.922187805 36819.921875000 21169.157795508
70.929321289 36975.718750000 19736.487760616
70.936042786 37133.582031250 19159.952867062
70.943809509 37311.667968750 18847.650988947
70.949684143 37477.113281250 18879.467766754
70.957664490 37644.855468750 18951.055854162
70.964172363 37775.605468750 19009.736022357
70.984947205 37931.402343750 18949.313374126
70.996070862 38087.886718750 18694.445228463
70.997749329 38239.542968750 18448.071885225
71.006149292 38418.089843750 18170.474375951
71.011817932 38583.535156250 18556.714552153
71.017906189 38749.441406250 19180.353149966
71.024414062 38893.058593750 19612.261560741
71.034278870 39042.187500000 20175.914652351
71.046028137 39193.847656250 19815.458663333
71.055053711 39350.101562500 19118.443794344
71.066390991 39513.480468750 18798.574774828
71.063873291 39669.964843750 18172.355831678
71.071846008 39828.746093750 17866.852078383
71.085914612 39993.042968750 17822.138392284
71.092422485 40111.382812500 18012.450646881
71.100601196 40275.683593750 18120.141891783
71.111312866 40436.300781250 18141.094812179
71.118446350 40586.125000000 18248.869114567
71.131881714 40723.996093750 17974.126665858
71.138595581 40876.343750000 18526.506416683
71.146156311 41038.800781250 19476.875452377
71.150772095 41171.390625000 20201.075779363
71.158744812 41318.683593750 21249.438621335
71.164627075 41468.960937500 22323.877651414
71.170082092 41625.449218750 23142.546282122
71.180580139 41747.695312500 23244.363987142
71.185829163 41917.046875000 23002.632795693
71.187294006 42039.523437500 23122.736271617
71.192543030 42182.449218750 23061.695122614
71.196952820 42352.492187500 22928.486924737
71.204505920 42471.062500000 22618.608362684
71.211647034 42611.921875000 21378.132016217
71.219833374 42605.488281250 20074.028270655
71.210594177 42463.250000000 19848.181153332
71.198631287 42341.460937500 20005.468488845
71.192749023 42208.414062500 20256.011419294
71.184562683 42053.539062500 19971.014309055
71.186668396 41891.082031250 19751.799535938
71.171554565 41773.660156250 19633.825133969
71.163787842 41644.750000000 19604.110988039
71.160850525 41490.101562500 20198.831665789
71.153923035 41360.042968750 20860.823485764
71.146362305 41195.976562500 20060.432104450
71.135238647 41063.621093750 19396.010123067
71.128944397 40909.890625000 19273.197565173
71.122856140 40766.277343750 19192.445627436
71.117607117 40605.195312500 19089.413001866
71.111732483 40468.703125000 18832.387464692
71.106483459 40305.093750000 19065.431750308
71.087379456 40160.328125000 18772.712101143
71.079406738 40014.183593750 18252.584043886
71.077728271 39841.843750000 17827.300769824
71.061355591 39704.433593750 17888.160710706
71.059677124 39532.781250000 18144.189318683
71.051696777 39393.992187500 18863.679318549
71.046241760 39214.988281250 19708.126746316
71.029655457 39054.367187500 20930.094207792
71.017692566 38930.742187500 21595.550308361
71.012863159 38773.796875000 22139.057704243
71.011398315 38606.285156250 23077.280080625
71.004676819 38420.156250000 23131.306177940
71.004051208 38267.578125000 23622.899126592
70.994186401 38097.996093750 23909.115892332
70.986206055 37958.054687500 24023.848372234
70.984321594 37786.406250000 23363.979480884
70.976341248 37620.500000000 21392.173233538
70.965850830 37473.894531250 19365.642007473
70.958923340 37295.121093750 17046.146071313
70.950523376 37139.097656250 15590.438071115
70.941711426 36953.199218750 15241.746327851
70.930587769 36810.730468750 15164.962219416
70.924285889 36637.242187500 15048.894856206
70.908126831 36505.574218750 15147.137512941
70.892593384 36344.035156250 15207.401996141
70.870338440 36211.218750000 15391.041832533
70.861320496 36064.156250000 14782.061048125
70.863838196 35878.488281250 14748.724583690
70.860687256 35695.578125000 14594.804859983
70.851028442 35535.648437500 14577.957679055
70.842216492 35389.960937500 15158.736996169
70.825424194 35182.234375000 15556.476592259
70.822692871 35038.160156250 15544.216595430
70.791206360 34922.578125000 14946.537400424
70.788902283 34735.531250000 14482.247514154
70.771057129 34576.976562500 14833.519018494
70.762245178 34391.312500000 15511.737567999
70.761611938 34232.070312500 16208.752614270
70.753219604 34060.648437500 17343.550976046
70.736846924 33891.066406250 17998.671733520
70.723831177 33749.976562500 19687.796169858
70.715431213 33573.960937500 19549.495627950
70.722991943 33387.144531250 19939.771395872
70.711654663 33214.343750000 19597.892122942
70.697174072 33036.261718750 19507.285834350
70.695495605 32874.492187500 19930.598358029
70.678283691 32733.861328125 20090.770761235
70.673034668 32539.921875000 19314.037879198
70.662536621 32365.972656250 18290.503455645
70.654350281 32193.173828125 17004.861526764
70.643859863 32020.144531250 16833.324206116
70.638816833 31848.724609375 16298.594310655
70.631263733 31669.490234375 15817.575193128
70.618247986 31518.521484375 15408.228049069
70.602294922 31340.896484375 14753.256472530
70.592224121 31185.560546875 13898.605660510
70.575012207 31026.548828125 13174.377138092
70.570388794 30854.437500000 12691.695540734
70.554443359 30706.916015625 12330.685980722
70.543525696 30489.078125000 12228.357940362
70.528831482 30352.583984375 12523.786304423
70.517494202 30194.033203125 12880.218481563
70.494407654 30044.210937500 13361.716467549
70.480133057 29875.087890625 14096.355021906
70.469848633 29718.375000000 14575.807977398
70.458091736 29553.386718750 14834.671928631
70.448860168 29388.630859375 14782.211464076
70.444869995 29188.716796875 14951.681064424
70.437103271 29023.500000000 15361.027081358
70.431854248 28825.423828125 15950.800086208
70.430595398 28663.425781250 16007.979186884
70.412544250 28486.259765625 15801.863370063
70.385047913 28334.830078125 15357.432186495
70.371406555 28187.767578125 14672.954299494
70.361122131 28041.623046875 13928.084766282
70.357551575 27829.529296875 13448.618060457
70.349784851 27647.769531250 13316.869056231
70.339080811 27461.642578125 13524.168118616
70.329002380 27336.177734375 14084.263473507
70.311370850 27142.009765625 14438.795248079
70.294158936 26974.724609375 14053.660542801
70.279045105 26827.890625000 13537.926398020
70.266456604 26667.730468750 12691.546982984
70.261833191 26489.644531250 12299.201690823
70.254486084 26323.968750000 12212.435759684
70.239166260 26139.679687500 12235.665130495
70.225311279 25985.494140625 12367.663299911
70.207893372 25815.451171875 12495.110535720
70.193405151 25647.017578125 12396.902632767
70.170944214 25516.500000000 12178.278041916
70.159614563 25337.037109375 12026.578345580
70.150169373 25153.896484375 12293.351252048
70.137367249 24991.896484375 12708.850519056
70.126235962 24799.335937500 13061.898254703
70.117843628 24664.451171875 13151.263101115
70.097274780 24471.890625000 12825.713518386
70.084259033 24329.882812500 12510.992779700
70.073760986 24160.300781250 11939.548823170
70.070404053 23970.957031250 11240.073219233
70.056343079 23809.416015625 11107.662095351
70.038497925 23629.494140625 10667.898457775
70.018142700 23484.039062500 10681.133894813
69.995887756 23336.056640625 10585.223612734
69.981193542 23168.542968750 10286.619820956
69.964614868 22986.322265625 10064.604905148
69.942367554 22856.951171875 10154.014484707
69.942993164 22660.253906250 10623.192971628
69.915077209 22532.263671875 11161.526306677
69.914863586 22328.443359375 11725.965729703
69.891571045 22170.119140625 11840.313818516
69.869735718 22033.167968750 10687.645935941
69.854415894 21838.078125000 9976.581055619
69.856094360 21671.023437500 9402.802089546
69.850845337 21496.845703125 8952.143720490
69.832168579 21316.003906250 8488.347338481
69.816215515 21152.855468750 8051.076581647
69.788925171 21003.035156250 7889.997216822
69.740440369 20915.486328125 7778.071674808
69.728050232 20748.662109375 7606.285999226
69.708114624 20573.333984375 7485.666680388
69.697830200 20405.359375000 7501.327151496
69.664031982 20273.693359375 7723.635430558
69.652069092 20124.791015625 8237.420237406
69.635696411 19944.638671875 9236.098378641
69.623939514 19772.068359375 10434.576383344
69.603790283 19607.312500000 10861.217149067
69.586791992 19463.005859375 10922.888152200
69.562652588 19289.287109375 10575.605340815
69.547744751 19135.791015625 10416.671368383
69.550056458 18960.003906250 9876.142740171
69.556564331 18725.851562500 9269.522173821
69.542709351 18569.367187500 8648.341592462
69.519409180 18411.962890625 8181.421227478
69.482261658 18289.486328125 7769.201036580
69.452033997 18142.654296875 7392.084241047
69.437133789 18009.148437500 7074.982474154
69.416351318 17832.900390625 6853.955180495
69.390739441 17687.906250000 6739.462019131
69.367019653 17563.822265625 6898.148907543
69.343093872 17371.259765625 7078.755731281
69.323570251 17219.832031250 7306.292771430
69.303215027 17069.091796875 7377.444684652
69.288101196 16926.164062500 7420.436933714
69.270469666 16733.603515625 7415.129778361
69.247589111 16572.292968750 7398.162825113
69.226387024 16422.011718750 7351.685468410
69.196998596 16288.506835938 7343.527032142
69.176223755 16131.333007812 7391.212924857
69.156700134 15969.333007812 7475.588500244
69.141380310 15802.048828125 7507.737302271
69.114509583 15666.015625000 7538.841967575
69.088905334 15516.883789062 7612.035151938
69.070220947 15368.211914062 7570.548345465
69.058677673 15198.169921875 7522.909625378
69.042724609 15036.400390625 7340.950518621
69.023200989 14851.652343750 7113.111569850
68.999694824 14705.048828125 6866.165393864
68.975761414 14549.942382812 6647.006668905
68.953933716 14419.653320312 6395.483721624
68.919723511 14243.407226562 6118.406906416
68.901458740 14123.918945312 5872.814266734
68.876060486 13965.136718750 5752.838903952
68.849403381 13824.736328125 5714.982551947
68.820014954 13671.009765625 5755.786819351
68.793571472 13546.005859375 5618.427133024
68.765441895 13372.516601562 5563.249106968
68.741096497 13250.270507812 5323.545674099
68.713600159 13093.326171875 5114.399549814
68.694709778 12943.735351562 4819.448578878
68.673294067 12786.102539062 4519.042640258
68.651466370 12639.958007812 4287.364916261
68.602348328 12538.851562500 4094.822703061
68.580307007 12372.027343750 3929.959716680
68.529510498 12277.584960938 3859.841852754
68.502433777 12141.781250000 3798.811696701
68.455207825 12032.172851562 3785.301333309
68.414062500 11919.347656250 3772.902016574
68.385307312 11784.003906250 3922.109938857
68.355506897 11662.446289062 4135.475858288
68.322341919 11516.072265625 4251.479717412
68.299461365 11353.613281250 4473.196241457
68.266716003 11215.052734375 4612.675967424
68.242362976 11076.261718750 4761.139268371
68.199966431 10967.112304688 4797.635884594
68.194717407 10777.768554688 4705.248522498
68.158409119 10640.816406250 4659.928550700
68.123138428 10521.787109375 4583.175308350
68.093963623 10384.833984375 4447.041021138
68.068778992 10243.745117188 4337.712700073
68.032043457 10108.170898438 4189.363693240
68.001396179 9979.490234375 3987.909040521
67.959205627 9840.699218750 3760.789480465
67.936538696 9695.245117188 3619.866256275
67.904846191 9567.713867188 3492.933018339
67.862655640 9439.033203125 3357.883539149
67.828018188 9320.003906250 3232.558557525
67.787925720 9200.514648438 3156.319233565
67.735244751 9089.528320312 3072.757480257
67.698722839 8964.524414062 2984.306850714
67.658416748 8867.553710938 2923.187634429
67.620002747 8735.426757812 2886.591491521
67.579078674 8612.491210938 2882.762328153
67.540451050 8511.155273438 2887.707803686
67.501411438 8368.917968750 2908.463329990
67.455650330 8251.497070312 2902.617831203
67.411361694 8152.688476562 2862.034844765
67.380928040 8031.591308594 2821.127037780
67.328659058 7907.736328125 2743.115105327
67.295913696 7795.830078125 2672.395938264
67.254776001 7668.528808594 2602.609781395
67.215522766 7549.499023438 2526.701657940
67.165565491 7451.839843750 2469.078898433
67.119812012 7335.797851562 2420.679068602
67.072158813 7224.811035156 2350.889346068
67.020942688 7128.300781250 2320.433258920
66.976654053 7031.101074219 2281.428146064
66.928588867 6922.871582031 2245.115906854
66.879890442 6813.263671875 2202.740667409
66.834548950 6715.604492188 2161.999824716
66.786903381 6590.370605469 2082.075825061
66.735061646 6494.090332031 2024.527101835
66.697906494 6381.035156250 1978.774078677
66.650886536 6284.524902344 1918.243282517
66.595893860 6183.878417969 1854.728895584
66.536071777 6094.032226562 1765.159663918
66.482337952 6011.079101562 1698.116298377
66.414955139 5934.100585938 1615.294349236
66.371299744 5839.428710938 1551.970748032
66.316726685 5728.901367188 1493.008586408
66.260047913 5645.488769531 1457.423437081
66.205688477 5562.995605469 1443.563369739
66.132431030 5500.034179688 1440.136853123
66.083099365 5402.604492188 1429.239224341
66.011108398 5334.357910156 1412.388053042
65.957374573 5260.596679688 1386.347025001
65.896286011 5175.116210938 1355.070756470
65.831428528 5080.673828125 1347.003188831
65.785667419 4990.827636719 1345.409599885
65.734664917 4910.172363281 1355.535903408
65.663719177 4825.381347656 1341.553751513
65.604103088 4758.053710938 1335.596356589
65.543022156 4673.262695312 1306.408652698
65.468719482 4612.599121094 1263.029981286
65.412254333 4523.211914062 1229.276466484
65.356628418 4443.016601562 1207.770313241
65.300376892 4352.020996094 1172.727104178
65.238037109 4286.302246094 1141.856927732
65.175697327 4216.906738281 1116.845161491
65.099708557 4143.145507812 1097.907949568
65.028976440 4090.064697266 1087.424277161
64.973976135 4011.477783203 1057.241746191
64.911216736 3919.103515625 1032.913453601
64.829353333 3884.176025391 1010.801880929
64.757148743 3815.929443359 997.889257074
64.701316833 3748.372314453 986.885024886
64.631416321 3656.687500000 974.969660727
64.576843262 3590.738769531 953.485560192
64.500862122 3534.900634766 936.091109030
64.431381226 3472.628417969 937.779794678
64.363792419 3417.709472656 944.733415830
64.288436890 3352.220458984 923.627983558
64.220428467 3285.122802734 897.393655894
64.154312134 3231.812255859 871.547993137
64.075386047 3181.718994141 844.139351561
64.013252258 3099.685058594 817.340684175
63.961620331 3023.166259766 783.818214979
63.883956909 2969.625976562 741.908961559
63.806922913 2927.804931641 694.835954302
63.722961426 2865.762695312 652.002472438
63.648654938 2815.669189453 613.643851948
63.571411133 2786.256591797 577.712207263
63.486190796 2738.920410156 543.434780788
63.413986206 2700.775878906 523.984384228
63.325195312 2668.605712891 517.395515506
63.241863251 2634.597412109 514.246755121
63.162521362 2588.869873047 512.517548656
63.086326599 2552.793457031 510.620697222
63.004886627 2508.674560547 510.977903788
62.926593781 2461.108642578 505.652726568
62.843261719 2409.866210938 502.368743851
62.762027740 2369.423828125 500.884542524
62.690032959 2331.509033203 490.687635032
62.612579346 2286.011474609 477.148982186
62.513713837 2253.381835938 466.717682212
62.429752350 2217.764892578 453.127511560
62.353347778 2189.271240234 437.615332915
62.273586273 2149.977783203 426.052037180
62.188156128 2106.318359375 423.343179853
62.094329834 2075.986572266 416.999224847
62.022754669 2046.803710938 412.358400603
61.941101074 2006.131591797 412.913157839
61.850841522 1973.272094727 406.886572268
61.765411377 1946.846679688 407.444332723
61.675365448 1907.093627930 405.620463862
61.601268768 1861.366088867 402.141925883
61.511642456 1839.306640625 399.962331017
61.429779053 1807.136474609 395.626236638
61.341831207 1768.302612305 392.937854813
61.249893188 1743.945312500 390.645831326
61.188602448 1699.366699219 388.149636076
61.088478088 1661.911499023 383.275532501
61.007667542 1640.541381836 378.397728912
60.918666840 1610.898925781 376.448960187
60.833446503 1577.809692383 370.213553640
60.755992889 1542.652343750 360.095673490
60.665523529 1514.618408203 349.740465596
60.584712982 1481.988769531 336.952848475
60.494453430 1447.291015625 331.941235129
60.403778076 1416.959228516 325.287578567
60.320655823 1394.440063477 318.608148717
60.232078552 1364.567871094 311.526263677
60.149585724 1349.401977539 305.185755749
60.047782898 1322.057373047 301.584936298
59.960884094 1293.563842773 295.282121039
59.874404907 1262.312866211 290.697952768
59.786243439 1243.700195312 286.545239881
59.693046570 1209.002441406 283.618257918
59.601531982 1181.428100586 279.554184565
59.531841278 1162.125976562 277.020208624
59.426261902 1130.415527344 271.830251027
59.337684631 1112.721923828 265.652284868
59.249946594 1089.283691406 259.991233937
59.158638000 1070.211425781 255.304316820
59.072368622 1047.003051758 249.203702521
58.984626770 1026.092407227 245.249969599
58.884925842 999.207458496 243.897712288
58.798023224 976.918151855 241.748601919
58.710285187 955.777832031 241.361565935
58.617507935 933.948120117 241.740108934
58.524730682 914.875854492 240.334145363
58.441402435 893.965270996 236.135818685
58.339599609 871.905761719 231.295701379
58.260883331 848.467590332 225.635274660
58.158664703 828.016540527 220.587097395
58.076801300 808.714538574 216.500885412
58.006694794 785.276306152 212.832780386
57.894607544 766.433776855 208.466755298
57.792381287 748.970031738 204.709790853
57.700447083 733.114746094 201.539298420
57.603679657 714.961669922 198.251519614
57.521820068 699.795715332 196.659839176
57.425685883 678.885192871 194.680566707
57.335636139 660.272460938 192.875596256
57.231105804 642.578918457 193.570756704
57.143993378 621.898132324 193.161793907
57.043872833 602.136535645 191.977719930
56.955291748 585.362121582 189.940227919
56.858947754 566.979187012 187.424686961
56.769950867 550.664367676 183.819575789
56.675285339 534.349548340 181.011571841
56.591114044 519.643188477 178.172195751
56.483013153 500.570922852 175.091552929
56.388557434 483.566711426 172.599102167
56.296619415 467.711456299 170.386775886
56.214336395 453.924255371 167.742807987
56.115264893 438.988159180 165.418581115
56.019550323 421.754180908 163.067323278
55.917957306 405.669128418 160.755616223
55.829166412 389.584075928 159.180270807
55.737861633 376.486236572 158.145073478
55.638996124 360.860778809 157.219017344
55.537612915 346.843811035 155.042297962
55.458061218 334.894897461 153.000570929
55.356887817 319.958770752 149.500469740
55.261592865 305.252441406 146.910737049
55.171123505 288.937622070 144.573501016
55.084854126 274.690856934 143.029540906
54.976543427 258.835601807 141.127487920
54.874740601 248.724990845 138.983505566
54.800228119 238.154815674 136.090170436
54.682682037 225.286773682 132.220013046
54.606067657 214.027236938 128.233322637
54.500488281 198.861343384 124.500768132
54.409809113 186.223083496 121.747294931
54.307376862 172.895477295 119.866790011
54.216907501 162.784866333 118.309369912
54.118885040 151.984909058 115.386218185
54.017082214 142.793457031 112.194864289
53.919055939 131.993484497 107.760953394
53.821243286 120.963737488 103.946360510
53.730983734 111.082923889 100.384145509
53.640098572 100.512748718 96.494187538
53.536197662 89.942573547 92.796529256
53.437541962 81.670265198 88.666915958
53.343715668 73.857521057 84.907026732
53.241912842 66.963928223 80.421577764
53.145778656 57.083114624 74.797404767
53.046703339 49.959735870 69.076249697
52.952247620 45.364006042 63.160267863
52.850234985 38.700199127 57.694732748
52.752422333 33.415111542 52.337639480
52.649780273 25.372587204 46.306451970
52.550704956 20.317287445 39.429644766
52.445964813 19.168355942 32.438897270
52.347728729 16.410917282 26.984748742
52.240680695 13.653480530 21.945701925
52.146221161 11.125829697 16.615809838
52.051345825 10.206684113 11.498062391
51.956890106 11.355616570 6.983973617
51.839767456 12.734334946 4.568155895
51.736915588 12.504549026 3.465176840
51.641826630 10.436470985 1.916553260
51.536247253 10.206684113 0.572066204
51.434864044 11.125829697 -0.047118652
51.327812195 12.964121819 0.351680464
51.220764160 12.964121819 1.021597629
51.122318268 10.896043777 1.024403815
51.020725250 9.287538528 0.634680314
50.921653748 10.896043777 -0.025256387
50.828247070 12.044976234 3.130164710
50.706924438 11.585403442 3.882730393
50.608268738 9.976898193 3.634836259
50.504367828 9.747112274 3.214399725
50.399208069 11.125829697 1.905470134
50.302440643 11.125829697 1.124150840
50.197490692 12.274762154 0.696784044
50.133472443 -1.512423038 -0.190888657
50.012355804 7.449246883 -0.801139694
49.892921448 9.976898193 -1.558511694
49.783355713 8.368392944 -2.060962147
49.685749054 11.355616570 -2.606337518
49.580169678 11.355616570 -2.885323011
49.474796295 11.815189362 -3.365311239
49.375305176 12.274762154 -3.240956715
49.283367157 9.976898193 -0.642429091
49.174217224 10.896043777 -0.483929386
49.065486908 11.585403442 -0.668650690
48.964523315 12.274762154 0.128063567
48.868808746 9.976898193 -0.328561772
48.757980347 10.666256905 -0.566845850
48.682624817 6.530101776 -0.737598147
48.551017761 11.815189362 -1.050110524
48.441867828 13.193907738 -0.324173687
48.348670959 12.504549026 0.409467933
48.245819092 10.666256905 0.033709362
48.141078949 12.734334946 -0.522550168
48.043895721 12.044976234 -0.065755777
47.935794830 11.355616570 0.093520733
47.831684113 11.355616570 1.274765100
47.737644196 9.517325401 0.843532580
47.640251160 8.368392944 0.271357844
47.526485443 11.815189362 0.393300111
47.422584534 11.815189362 0.909130122
47.314693451 10.206684113 0.640932152
47.202186584 10.666256905 0.021462903
47.114025116 11.355616570 -0.632877739
47.020202637 12.504549026 -0.797866375
46.904754639 11.585403442 0.021856030
46.798755646 9.287538528 0.936294406
46.695270538 9.287538528 0.762344259
46.597667694 9.976898193 -0.192141821
46.489776611 11.815189362 0.257653463
46.392593384 12.734334946 0.782224659
46.289741516 10.896043777 1.711768367
46.191715240 8.827965736 0.799945741
46.082565308 9.747112274 0.510466255
45.985801697 10.436470985 0.691985201
45.879383087 13.423693657 0.624057988
45.773590088 9.747112274 0.174461779
45.671367645 8.827965736 -0.687970937
45.589508057 6.070528984 -1.261598498
45.469863892 11.585403442 -1.293241682
45.374988556 9.976898193 -1.165643726
45.260799408 10.436470985 -1.410217354
45.152282715 11.585403442 -1.912041161
45.058452606 12.734334946 -2.519768774
44.950355530 12.734334946 -1.976255440
44.842674255 10.666256905 -1.449967520
44.750736237 10.206684113 -0.342045175
44.641586304 11.815189362 -0.898267249
44.545452118 12.734334946 -0.545238581
44.444278717 13.423693657 -0.082944005
44.335762024 10.896043777 0.652414507
44.233749390 9.976898193 0.418478436
44.126697540 11.125829697 -0.031569872
44.023635864 12.274762154 0.520155254
43.927711487 13.653480530 1.075990355
43.824230194 12.044976234 1.360319534
43.731872559 11.355616570 0.658817208
43.624191284 9.057751656 -0.067922591
43.516300201 11.355616570 0.084548734
43.415340424 12.044976234 0.782758502
43.309547424 10.206684113 1.268695692
43.210895538 10.666256905 0.435553943
43.094608307 9.976898193 -0.913942005
43.003093719 12.734334946 -0.953581048
42.912624359 12.044976234 -0.692379424
42.799697876 11.125829697 -0.446904615
42.696842194 9.976898193 -0.729485987
42.595672607 9.517325401 -1.393016104
42.500167847 13.423693657 -0.581092180
42.398151398 14.113054276 -0.141086915
42.278507233 10.666256905 0.640541579
42.183631897 9.976898193 0.497324354
42.098621368 12.504549026 0.982026519
41.984226227 12.504549026 0.754918714
41.881584167 13.423693657 0.933401695
41.774742126 9.747112274 1.080477005
41.663494110 10.666256905 0.816481176
41.579116821 9.976898193 -0.134438227
41.471225739 10.666256905 -0.307855975
41.358299255 8.598178864 0.326181259
41.260272980 12.044976234 0.709971534
41.157840729 11.815189362 0.177617260
41.056247711 12.734334946 -1.089155330
40.945838928 10.436470985 -0.836336692
40.845504761 12.044976234 -0.446177291
40.753570557 12.504549026 -0.332011516
40.631824493 10.206684113 -0.291943250
40.540939331 8.368392944 0.185095804
40.436405182 11.585403442 0.224996500
40.335865021 13.423693657 0.337025045
40.236789703 11.355616570 0.198948512
40.131839752 9.976898193 0.333406908
40.038223267 11.815189362 -0.058621577
39.937259674 11.585403442 -0.594297206
39.812366486 12.274762154 0.060647273
39.722110748 10.666256905 1.359333352
39.622615814 10.436470985 1.610916171
39.517036438 10.206684113 0.679404722
39.412712097 11.355616570 0.266376296
39.315319061 11.815189362 0.702708338
39.210369110 11.815189362 0.527580999
39.095970154 9.517325401 0.318542006
38.995639801 8.827965736 0.012361611
38.899291992 9.517325401 -0.138849347
38.801898956 12.044976234 -0.595180348
38.694637299 12.044976234 -0.508711917
38.593044281 10.206684113 -0.642950394
38.488723755 10.666256905 -0.466239433
38.381675720 10.896043777 -0.772056181
38.279453278 10.436470985 -1.025504017
38.178909302 11.355616570 -0.516892362
38.070598602 12.964121819 0.107905258
37.980552673 11.355616570 -0.435646113
37.865734100 11.125829697 -0.520048688
37.760993958 9.287538528 -0.246164840
37.664226532 10.896043777 0.212308136
37.566413879 13.193907738 0.411285306
37.451385498 11.355616570 0.342205583
37.361549377 10.436470985 0.247278342
37.251560211 12.504549026 -0.117841824
37.158363342 10.666256905 -0.559314447
37.040187836 11.125829697 -0.547860236
36.935867310 9.976898193 0.308612690
36.846660614 10.666256905 0.690154440
36.744857788 12.274762154 -0.313643830
36.640743256 11.585403442 -0.470532791
36.529285431 10.896043777 0.028481382
36.432731628 12.734334946 -0.051772631
36.317493439 11.355616570 0.188803073
36.223457336 9.976898193 -0.201851366
36.115779877 10.206684113 0.169185692
36.016494751 13.193907738 0.505966410
35.911754608 11.815189362 0.114352006
35.814361572 10.206684113 -0.158168257
35.712345123 10.206684113 0.174358650
35.610126495 10.666256905 0.194951873
35.505802155 12.734334946 -0.072122801
35.402111053 11.125829697 0.177423341
35.303665161 10.666256905 0.688953049
35.203964233 11.815189362 0.032613185
35.106147766 12.044976234 -0.181880921
34.989654541 10.436470985 -0.760115233
34.894989014 9.517325401 -0.800268636
34.786048889 11.815189362 -0.093274224
34.685504913 11.355616570 -0.226821581
34.581813812 10.206684113 -0.879343718
34.479801178 11.585403442 -0.520062857
34.383037567 11.125829697 -0.367248265
34.273468018 14.342840195 -0.830106208
34.167465210 12.734334946 -0.664596412
34.061466217 9.517325401 0.080836063
33.965541840 10.436470985 0.511314613
33.872974396 14.113054276 0.818719948
33.740524292 10.896043777 0.907213894
33.647117615 10.436470985 1.018857947
33.545314789 12.504549026 1.280714308
33.448760986 11.815189362 0.335121827
33.341922760 10.666256905 0.331370680
33.230251312 9.517325401 0.336275633
33.139156342 10.206684113 0.339056355
