Ch1: 55.063025 2125.160934 22.125000 400 3242 12775
Ch1: 53.708106 87.644709 22.093750 399 3242 12797
Ch1: 53.778843 91.551079 22.125000 398 3246 12810
Ch1: 53.899956 102.351041 22.156250 397 3243 12834
Ch1: 53.969014 108.555274 22.125000 396 3249 12863
Ch1: 54.082361 117.976517 22.093750 395 3250 12884
Ch1: 54.174089 126.708402 22.187500 394 3253 12913
Ch1: 54.287436 140.725373 22.156250 393 3253 12934
Ch1: 54.415056 139.346655 22.125000 392 3256 12958
Ch1: 54.481595 152.444481 22.125000 391 3258 12971
Ch1: 54.559049 159.797647 22.187500 390 3258 13013
Ch1: 54.673236 175.652910 22.156250 389 3261 13016
Ch1: 54.739565 185.993299 22.187500 388 3266 13038
Ch1: 54.829194 199.550698 22.187500 387 3265 13069
Ch1: 54.932675 205.065572 22.156250 386 3270 13086
Ch1: 55.020834 220.920836 22.218750 385 3271 13111
Ch1: 55.106894 229.652720 22.156250 384 3276 13131
Ch1: 55.224649 243.899478 22.125000 383 3276 13163
Ch1: 55.324773 255.848372 22.187500 382 3282 13187
Ch1: 55.405165 265.039829 22.156250 381 3279 13200
Ch1: 55.491855 273.541927 22.187500 380 3287 13225
Ch1: 55.585891 285.950394 22.125000 379 3284 13239
Ch1: 55.692102 298.129074 22.187500 378 3290 13270
Ch1: 55.789916 310.537541 22.218750 377 3291 13287
Ch1: 55.871148 322.026862 22.156250 376 3294 13305
Ch1: 55.976519 336.503407 22.156250 375 3298 13335
Ch1: 56.063629 350.979952 22.218750 374 3298 13354
Ch1: 56.161023 359.252263 22.250000 373 3302 13380
Ch1: 56.252960 378.324536 22.187500 372 3305 13400
Ch1: 56.336921 384.528770 22.218750 371 3308 13423
Ch1: 56.452158 406.818053 22.218750 370 3312 13450
Ch1: 56.537378 412.103141 22.156250 369 3314 13465
Ch1: 56.629105 429.796695 22.218750 368 3315 13492
Ch1: 56.739934 438.298793 22.156250 367 3322 13520
Ch1: 56.816338 454.154056 22.218750 366 3322 13536
Ch1: 56.910584 470.928465 22.218750 365 3329 13564
Ch1: 57.004620 481.728427 22.250000 364 3328 13583
Ch1: 57.106213 499.651768 22.218750 363 3334 13609
Ch1: 57.211374 512.519808 22.187500 362 3335 13625
Ch1: 57.293446 530.902722 22.218750 361 3342 13653
Ch1: 57.382864 541.472897 22.218750 360 3341 13668
Ch1: 57.475221 563.302608 22.187500 359 3346 13694
Ch1: 57.574925 570.885560 22.156250 358 3349 13715
Ch1: 57.677987 595.472707 22.250000 357 3351 13740
Ch1: 57.763207 602.596086 22.250000 356 3357 13763
Ch1: 57.867528 621.438573 22.187500 355 3357 13781
Ch1: 57.943093 637.064050 22.281250 354 3363 13806
Ch1: 58.045106 650.391663 22.187500 353 3365 13827
Ch1: 58.131795 667.395858 22.218750 352 3368 13845
Ch1: 58.233388 682.791548 22.250000 351 3375 13873
Ch1: 58.321757 703.012754 22.218750 350 3376 13893
Ch1: 58.408027 718.408444 22.218750 349 3382 13915
Ch1: 58.501433 730.816911 22.218750 348 3383 13937
Ch1: 58.592951 755.174272 22.187500 347 3387 13959
Ch1: 58.679011 769.650817 22.218750 346 3393 13980
Ch1: 58.774726 791.250741 22.187500 345 3395 14002
Ch1: 58.879047 810.552800 22.187500 344 3401 14021
Ch1: 58.974553 833.071870 22.250000 343 3405 14049
Ch1: 59.056415 849.846279 22.250000 342 3408 14073
Ch1: 59.156538 872.824921 22.250000 341 3416 14092
Ch1: 59.236721 894.654632 22.218750 340 3417 14110
Ch1: 59.324460 915.794983 22.218750 339 3424 14135
Ch1: 59.413249 935.097042 22.218750 338 3427 14153
Ch1: 59.501827 959.454403 22.187500 337 3433 14174
Ch1: 59.592505 976.458599 22.218750 336 3438 14194
Ch1: 59.696617 1006.101047 22.187500 335 3441 14223
Ch1: 59.784356 1021.037165 22.250000 334 3447 14241
Ch1: 59.859501 1039.649865 22.218750 333 3449 14263
Ch1: 59.962983 1058.492352 22.187500 332 3455 14282
Ch1: 60.061846 1085.377364 22.187500 331 3458 14312
Ch1: 60.138041 1100.773054 22.218750 330 3465 14326
Ch1: 60.226410 1124.211269 22.218750 329 3468 14349
Ch1: 60.324644 1144.432475 22.187500 328 3476 14371
Ch1: 60.419940 1172.696205 22.187500 327 3477 14392
Ch1: 60.507889 1201.419508 22.218750 326 3484 14410
Ch1: 60.595418 1216.585412 22.218750 325 3488 14438
Ch1: 60.686725 1244.619356 22.250000 324 3494 14458
Ch1: 60.766908 1264.840561 22.187500 323 3499 14474
Ch1: 60.861154 1301.836175 22.218750 322 3508 14497
Ch1: 60.948264 1331.019051 22.187500 321 3516 14521
Ch1: 61.025718 1347.793460 22.187500 320 3517 14537
Ch1: 61.134657 1383.869929 22.125000 319 3521 14560
Ch1: 61.212111 1400.414551 22.125000 318 3528 14581
Ch1: 61.309925 1427.299563 22.156250 317 3532 14603
Ch1: 61.389058 1458.320730 22.218750 316 3541 14624
Ch1: 61.472809 1480.839800 22.156250 315 3546 14643
Ch1: 61.566006 1520.363065 22.218750 314 3551 14662
Ch1: 61.644090 1544.950212 22.156250 313 3565 14684
Ch1: 61.731619 1585.162837 22.156250 312 3567 14706
Ch1: 61.822297 1608.371265 22.187500 311 3576 14727
Ch1: 61.905628 1645.137093 22.156250 310 3580 14748
Ch1: 61.982032 1677.536979 22.156250 309 3593 14766
Ch1: 62.071031 1709.707079 22.187500 308 3596 14790
Ch1: 62.160239 1740.958032 22.187500 307 3606 14814
Ch1: 62.241052 1771.979199 22.125000 306 3609 14825
Ch1: 62.320185 1817.706698 22.125000 305 3619 14847
Ch1: 62.393860 1845.740642 22.187500 304 3628 14864
Ch1: 62.489786 1890.089422 22.187500 303 3634 14887
Ch1: 62.565980 1922.259521 22.125000 302 3645 14904
Ch1: 62.640286 1973.042321 22.187500 301 3651 14920
Ch1: 62.715431 2007.510284 22.156250 300 3661 14944
Ch1: 62.804009 2055.765433 22.156250 299 3676 14963
Ch1: 62.876006 2104.480155 22.218750 298 3682 14981
Ch1: 62.963115 2139.867265 22.218750 297 3692 14997
Ch1: 63.037001 2191.339424 22.187500 296 3701 15018
Ch1: 63.124530 2228.335038 22.156250 295 3706 15035
Ch1: 63.202194 2251.773253 22.187500 294 3712 15058
Ch1: 63.291612 2303.475199 22.156250 293 3725 15074
Ch1: 63.365078 2350.581416 22.156250 292 3736 15095
Ch1: 63.431617 2392.862118 22.156250 291 3746 15111
Ch1: 63.512219 2440.427908 22.187500 290 3758 15129
Ch1: 63.580018 2495.806436 22.218750 289 3765 15146
Ch1: 63.663559 2536.019060 22.187500 288 3777 15163
Ch1: 63.742272 2581.976345 22.218750 287 3780 15185
Ch1: 63.820986 2621.269824 22.156250 286 3800 15204
Ch1: 63.890463 2680.554721 22.156250 285 3807 15215
Ch1: 63.973375 2723.754569 22.156250 284 3820 15242
Ch1: 64.052298 2775.226728 22.156250 283 3820 15261
Ch1: 64.126393 2827.847819 22.125000 282 3843 15274
Ch1: 64.205946 2876.792327 22.187500 281 3850 15293
Ch1: 64.277733 2922.290039 22.187500 280 3861 15311
Ch1: 64.347211 2972.613266 22.187500 279 3871 15328
Ch1: 64.424455 3030.059872 22.156250 278 3882 15349
Ch1: 64.501489 3077.625662 22.218750 277 3896 15364
Ch1: 64.556483 3152.076464 22.187500 276 3911 15379
Ch1: 64.637086 3200.561399 22.187500 275 3922 15395
Ch1: 64.705724 3268.118608 22.187500 274 3933 15413
Ch1: 64.775621 3324.186496 22.156250 273 3952 15431
Ch1: 64.841320 3394.041569 22.218750 272 3959 15446
Ch1: 64.922133 3443.215863 22.187500 271 3974 15470
Ch1: 64.979226 3513.300723 22.156250 270 3989 15479
Ch1: 65.036110 3590.049388 22.218750 269 4009 15493
Ch1: 65.114403 3661.972539 22.187500 268 4022 15514
Ch1: 65.189128 3722.636155 22.218750 267 4037 15530
Ch1: 65.253568 3778.704043 22.218750 266 4050 15543
Ch1: 65.321367 3842.814455 22.187500 265 4063 15564
Ch1: 65.388955 3914.967392 22.218750 264 4076 15579
Ch1: 65.451506 3975.860795 22.156250 263 4091 15593
Ch1: 65.521824 4055.596684 22.156250 262 4106 15608
Ch1: 65.574509 4128.668767 22.218750 261 4125 15620
Ch1: 65.640418 4199.442986 22.218750 260 4142 15638
Ch1: 65.698351 4288.600118 22.125000 259 4158 15648
Ch1: 65.765730 4358.914764 22.125000 258 4170 15665
Ch1: 65.817156 4444.625100 22.156250 257 4187 15681
Ch1: 65.878657 4510.803591 22.156250 256 4209 15690
Ch1: 65.944357 4617.654278 22.187500 255 4226 15712
Ch1: 66.001660 4684.751914 22.187500 254 4245 15722
Ch1: 66.043221 4798.496194 22.187500 253 4265 15732
Ch1: 66.113748 4848.589634 22.156250 252 4275 15751
Ch1: 66.180497 4916.836202 22.125000 251 4294 15766
Ch1: 66.237800 5004.844403 22.187500 250 4317 15779
Ch1: 66.297412 5101.354701 22.125000 249 4335 15792
Ch1: 66.353456 5180.401231 22.156250 248 4354 15806
Ch1: 66.408241 5292.077433 22.125000 247 4372 15815
Ch1: 66.459667 5364.460157 22.156250 246 4392 15830
Ch1: 66.518020 5451.319425 22.156250 245 4408 15847
Ch1: 66.573224 5539.557412 22.125000 244 4434 15860
Ch1: 66.622761 5641.582585 22.125000 243 4447 15871
Ch1: 66.681953 5744.067330 22.156250 242 4477 15886
Ch1: 66.745134 5832.535103 22.218750 241 4491 15902
Ch1: 66.786694 5914.339070 22.187500 240 4514 15908
Ch1: 66.840429 6020.270612 22.187500 239 4533 15924
Ch1: 66.893535 6114.942619 22.187500 238 4558 15935
Ch1: 66.944751 6205.248683 22.125000 237 4576 15949
Ch1: 66.989880 6317.154672 22.156250 236 4598 15959
Ch1: 67.039627 6407.690523 22.187500 235 4621 15968
Ch1: 67.084756 6527.179464 22.156250 234 4653 15975
Ch1: 67.105536 6671.025765 22.156250 233 4681 15985
Ch1: 67.173964 6758.574393 22.093750 232 4688 16000
Ch1: 67.227069 6862.897430 22.187500 231 4714 16013
Ch1: 67.263173 6950.216271 22.125000 230 4740 16024
Ch1: 67.315018 7059.824395 22.156250 229 4758 16036
Ch1: 67.360777 7153.117684 22.156250 228 4781 16047
Ch1: 67.401918 7298.342704 22.125000 227 4817 16050
Ch1: 67.429835 7426.563528 22.125000 226 4845 16064
Ch1: 67.478742 7529.967419 22.125000 225 4867 16073
Ch1: 67.516944 7638.426612 22.125000 224 4891 16084
Ch1: 67.551578 7780.894195 22.187500 223 4917 16091
Ch1: 67.592719 7897.855485 22.156250 222 4945 16102
Ch1: 67.648553 7982.876462 22.125000 221 4957 16117
Ch1: 67.694522 8105.582412 22.156250 220 4990 16125
Ch1: 67.728106 8212.662886 22.125000 219 5011 16136
Ch1: 67.769247 8363.172994 22.187500 218 5041 16142
Ch1: 67.797374 8487.717236 22.125000 217 5079 16147
Ch1: 67.821303 8642.593286 22.156250 216 5099 16155
Ch1: 67.860764 8759.554576 22.125000 215 5131 16166
Ch1: 67.897497 8886.396682 22.156250 214 5161 16175
Ch1: 67.943256 8976.932533 22.156250 213 5169 16189
Ch1: 67.999090 9093.664037 22.125000 212 5206 16198
Ch1: 68.032674 9219.586997 22.156250 211 5227 16205
Ch1: 68.065629 9365.041804 22.125000 210 5272 16211
Ch1: 68.094175 9487.977541 22.125000 209 5294 16217
Ch1: 68.125451 9606.317549 22.156250 208 5315 16229
Ch1: 68.165752 9738.904316 22.187500 207 5339 16241
Ch1: 68.199546 9869.652791 22.187500 206 5375 16246
Ch1: 68.232081 9996.035325 22.156250 205 5398 16253
Ch1: 68.268184 10126.554014 22.156250 204 5424 16264
Ch1: 68.309535 10251.098256 22.187500 203 5456 16277
Ch1: 68.339971 10391.267975 22.093750 202 5485 16279
Ch1: 68.384470 10487.088914 22.125000 201 5505 16291
Ch1: 68.411967 10632.313934 22.125000 200 5534 16298
Ch1: 68.440724 10769.266643 22.125000 199 5570 16303
Ch1: 68.464863 10911.964012 22.156250 198 5597 16307
Ch1: 68.494249 11071.206004 22.156250 197 5632 16314
Ch1: 68.517758 11214.133160 22.125000 196 5661 16320
Ch1: 68.547984 11345.800781 22.125000 195 5687 16328
Ch1: 68.573382 11492.634306 22.125000 194 5731 16332
Ch1: 68.601719 11654.633735 22.125000 193 5758 16343
Ch1: 68.627537 11790.207726 22.093750 192 5796 16347
Ch1: 68.635513 11969.441137 22.156250 191 5829 16352
Ch1: 68.674975 12093.525806 22.156250 190 5852 16361
Ch1: 68.709189 12196.470124 22.125000 189 5880 16368
Ch1: 68.738156 12362.375922 22.156250 188 5916 16372
Ch1: 68.768591 12499.328631 22.187500 187 5938 16381
Ch1: 68.795669 12634.213262 22.125000 186 5982 16388
Ch1: 68.820857 12787.021234 22.125000 185 6005 16395
Ch1: 68.835550 12941.207925 22.125000 184 6049 16397
Ch1: 68.871024 13089.420169 22.125000 183 6070 16407
Ch1: 68.903139 13209.138896 22.125000 182 6101 16413
Ch1: 68.930006 13361.487295 22.125000 181 6131 16420
Ch1: 68.950996 13520.039928 22.156250 180 6170 16424
Ch1: 68.977864 13644.813956 22.125000 179 6196 16434
Ch1: 69.003472 13813.477192 22.156250 178 6231 16438
Ch1: 69.026771 13967.204309 22.156250 177 6264 16442
Ch1: 69.045452 14087.842182 22.125000 176 6300 16443
Ch1: 69.066443 14285.688293 22.125000 175 6331 16452
Ch1: 69.085964 14406.096380 22.125000 174 6358 16457
Ch1: 69.109682 14561.661789 22.156250 173 6392 16462
Ch1: 69.131932 14699.993216 22.125000 172 6425 16468
Ch1: 69.160899 14855.558626 22.156250 171 6459 16476
Ch1: 69.184408 15002.162364 22.156250 170 6490 16481
Ch1: 69.205818 15149.225676 22.125000 169 6523 16485
Ch1: 69.226598 15302.493221 22.093750 168 6554 16491
Ch1: 69.248848 15443.811872 22.156250 167 6585 16495
Ch1: 69.269628 15616.381477 22.125000 166 6628 16501
Ch1: 69.297545 15758.849060 22.125000 165 6648 16508
Ch1: 69.319585 15893.044331 22.156250 164 6687 16516
Ch1: 69.356108 16042.635294 22.125000 163 6710 16522
Ch1: 69.373949 16200.728353 22.156250 162 6755 16524
Ch1: 69.382975 16395.357455 22.093750 161 6790 16527
Ch1: 69.403965 16517.374046 22.125000 160 6819 16532
Ch1: 69.420548 16713.841439 22.125000 159 6857 16540
Ch1: 69.449934 16851.713294 22.156250 158 6884 16544
Ch1: 69.471974 16980.623478 22.125000 157 6920 16551
Ch1: 69.490655 17170.427064 22.125000 156 6961 16552
Ch1: 69.509336 17327.371192 22.062500 155 6991 16557
Ch1: 69.541242 17449.617570 22.093750 154 7020 16566
Ch1: 69.552366 17616.672300 22.125000 153 7060 16566
Ch1: 69.565590 17801.190799 22.156250 152 7100 16570
Ch1: 69.576085 17980.653996 22.156250 151 7136 16572
Ch1: 69.586370 18143.112998 22.125000 150 7178 16575
Ch1: 69.599175 18316.601748 22.156250 149 7208 16582
Ch1: 69.638216 18434.711970 22.093750 148 7239 16588
Ch1: 69.660466 18590.966739 22.093750 147 7272 16594
Ch1: 69.680617 18743.315138 22.156250 146 7302 16599
Ch1: 69.703496 18919.561326 22.093750 145 7331 16607
Ch1: 69.716510 19051.458733 22.062500 144 7373 16605
Ch1: 69.726375 19247.006980 22.156250 143 7416 16609
Ch1: 69.742328 19428.768042 22.125000 142 7445 16612
Ch1: 69.756811 19558.597372 22.062500 141 7475 16616
Ch1: 69.771924 19741.277579 22.156250 140 7521 16621
Ch1: 69.771084 19932.689670 22.125000 139 7561 16622
Ch1: 69.782839 20125.710267 22.125000 138 7603 16623
Ch1: 69.816423 20242.441770 22.093750 137 7627 16630
Ch1: 69.830907 20406.279491 22.093750 136 7667 16634
Ch1: 69.846229 20565.061910 22.093750 135 7700 16638
Ch1: 69.861972 20731.427281 22.125000 134 7734 16641
Ch1: 69.881283 20887.682050 22.093750 133 7769 16646
Ch1: 69.899335 21061.860159 22.125000 132 7813 16650
Ch1: 69.912768 21225.927666 22.156250 131 7848 16652
Ch1: 69.920325 21390.224960 22.093750 130 7881 16654
Ch1: 69.942365 21547.169087 22.156250 129 7921 16657
Ch1: 69.949082 21724.564207 22.093750 128 7950 16661
Ch1: 69.961676 21910.001851 22.093750 127 8001 16666
Ch1: 69.982036 22065.337474 22.093750 126 8029 16668
Ch1: 69.997359 22214.468864 22.093750 125 8056 16675
Ch1: 70.014361 22405.191596 22.093750 124 8094 16681
Ch1: 70.042488 22533.182634 22.125000 123 8127 16685
Ch1: 70.057601 22701.845870 22.093750 122 8174 16688
Ch1: 70.070615 22853.045337 22.156250 121 8206 16690
Ch1: 70.072504 23051.351021 22.156250 120 8238 16693
Ch1: 70.099372 23210.363226 22.156250 119 8276 16698
Ch1: 70.106088 23381.783899 22.125000 118 8309 16699
Ch1: 70.118683 23542.174823 22.093750 117 8347 16702
Ch1: 70.128338 23712.676350 22.156250 116 8385 16708
Ch1: 70.147439 23874.216206 22.125000 115 8424 16709
Ch1: 70.158984 24048.394316 22.156250 114 8459 16713
Ch1: 70.174097 24202.810793 22.156250 113 8486 16716
Ch1: 70.187321 24350.103891 22.093750 112 8528 16721
Ch1: 70.198865 24536.460681 22.156250 111 8570 16720
Ch1: 70.204113 24710.868577 22.125000 110 8601 16724
Ch1: 70.221535 24881.599890 22.125000 109 8633 16730
Ch1: 70.242735 25036.016367 22.125000 108 8685 16733
Ch1: 70.254909 25220.764653 22.093750 107 8708 16737
Ch1: 70.272121 25361.623731 22.062500 106 8738 16741
Ch1: 70.293741 25535.112481 22.093750 105 8778 16743
Ch1: 70.311583 25689.299172 22.062500 104 8810 16749
Ch1: 70.326276 25837.281629 22.125000 103 8851 16754
Ch1: 70.328165 26033.519235 22.125000 102 8894 16753
Ch1: 70.340129 26197.127169 22.093750 101 8925 16757
Ch1: 70.356712 26360.964890 22.062500 100 8959 16758
Ch1: 70.368886 26528.019620 22.093750 99 8998 16762
Ch1: 70.379171 26707.023245 22.093750 98 9040 16764
Ch1: 70.388407 26880.741782 22.031250 97 9067 16768
Ch1: 70.405829 27031.711462 22.093750 96 9110 16771
Ch1: 70.419263 27208.187436 22.093750 95 9142 16776
Ch1: 70.432277 27365.820923 22.062500 94 9186 16776
Ch1: 70.441932 27547.811771 22.062500 93 9224 16778
Ch1: 70.454316 27711.879278 22.031250 92 9253 16783
Ch1: 70.471108 27864.687250 22.062500 91 9286 16788
Ch1: 70.484752 28036.337709 22.062500 90 9332 16791
Ch1: 70.487691 28218.328557 22.156250 89 9367 16791
Ch1: 70.496087 28410.889581 22.125000 88 9400 16792
Ch1: 70.505742 28561.399689 22.062500 87 9430 16796
Ch1: 70.522954 28718.343817 22.031250 86 9479 16796
Ch1: 70.526733 28938.938784 22.093750 85 9512 16801
Ch1: 70.535758 29081.865940 22.093750 84 9546 16802
Ch1: 70.544154 29256.963195 22.093750 83 9598 16805
Ch1: 70.557798 29435.047674 22.062500 82 9629 16809
Ch1: 70.577109 29587.625860 22.125000 81 9663 16815
Ch1: 70.593272 29714.238180 22.093750 80 9693 16814
Ch1: 70.606495 29929.088486 22.125000 79 9737 16818
Ch1: 70.619299 30073.394361 22.125000 78 9762 16824
Ch1: 70.632943 30227.351265 22.062500 77 9806 16825
Ch1: 70.636301 30426.805881 22.125000 76 9850 16825
Ch1: 70.639030 30590.413815 22.125000 75 9880 16828
Ch1: 70.653723 30767.808935 22.062500 74 9924 16828
Ch1: 70.658761 30933.944520 22.031250 73 9951 16833
Ch1: 70.672195 31097.092881 22.093750 72 9994 16833
Ch1: 70.683529 31251.509358 22.093750 71 10028 16837
Ch1: 70.702421 31404.087544 22.093750 70 10065 16836
Ch1: 70.697173 31607.678316 22.093750 69 10090 16843
Ch1: 70.716064 31750.145899 22.125000 68 10135 16846
Ch1: 70.728239 31923.634649 22.062500 67 10174 16849
Ch1: 70.737264 32116.195673 22.062500 66 10216 16850
Ch1: 70.745451 32273.599373 22.062500 65 10244 16852
Ch1: 70.748599 32436.747735 22.093750 64 10287 16851
Ch1: 70.754896 32661.019285 22.125000 63 10327 16854
Ch1: 70.763922 32791.308187 22.062500 62 10360 16858
Ch1: 70.784073 32961.350141 22.031250 61 10402 16861
Ch1: 70.790790 33105.656016 22.062500 60 10431 16863
Ch1: 70.802334 33309.017001 22.093750 59 10483 16864
Ch1: 70.803384 33464.352624 22.062500 58 10509 16867
Ch1: 70.817867 33627.730772 22.125000 57 10545 16868
Ch1: 70.828572 33797.542939 22.093750 56 10572 16872
Ch1: 70.837178 33957.933863 22.125000 55 10619 16873
Ch1: 70.846204 34125.907739 22.093750 54 10658 16875
Ch1: 70.851451 34306.979442 22.093750 53 10694 16877
Ch1: 70.862156 34476.561823 22.093750 52 10725 16880
Ch1: 70.872442 34627.991077 22.093750 51 10764 16882
Ch1: 70.880628 34810.901070 22.093750 50 10801 16884
Ch1: 70.883986 34971.981354 22.093750 49 10840 16887
Ch1: 70.896790 35111.002140 22.093750 48 10867 16888
Ch1: 70.906446 35320.797146 22.093750 47 10904 16889
Ch1: 70.910014 35471.307254 22.125000 46 10946 16891
Ch1: 70.913792 35651.000238 22.125000 45 10973 16893
Ch1: 70.932054 35779.221062 22.093750 44 11013 16896
Ch1: 70.940030 35974.079950 22.093750 43 11049 16901
Ch1: 70.960810 36115.398601 22.093750 42 11090 16904
Ch1: 70.968997 36276.708671 22.093750 41 11113 16907
Ch1: 70.973824 36422.852837 22.156250 40 11157 16905
Ch1: 70.979282 36602.086248 22.125000 39 11189 16908
Ch1: 70.981801 36787.294106 22.125000 38 11226 16909
Ch1: 70.988517 36940.331864 22.093750 37 11257 16912
Ch1: 70.999222 37107.616381 22.093750 36 11306 16912
Ch1: 71.005729 37268.466878 22.093750 35 11336 16913
Ch1: 71.010977 37443.104561 22.093750 34 11376 16914
Ch1: 71.014965 37612.227369 22.125000 33 11416 16918
Ch1: 71.033646 37724.592930 22.093750 32 11442 16920
Ch1: 71.043932 37926.804984 22.125000 31 11474 16922
Ch1: 71.054847 38049.051361 22.125000 30 11505 16924
Ch1: 71.066181 38223.229471 22.125000 29 11538 16930
Ch1: 71.076257 38350.760936 22.125000 28 11569 16930
Ch1: 71.081924 38532.751785 22.062500 27 11615 16933
Ch1: 71.087801 38681.423601 22.093750 26 11645 16934
Ch1: 71.097667 38831.244350 22.156250 25 11675 16936
Ch1: 71.106063 39001.745877 22.093750 24 11707 16939
Ch1: 71.118867 39137.549653 22.062500 23 11739 16939
Ch1: 71.127683 39294.034208 22.093750 22 11774 16945
Ch1: 71.139227 39438.110296 22.093750 21 11805 16947
Ch1: 71.140067 39592.986346 22.062500 20 11832 16948
Ch1: 71.136918 39807.836653 22.062500 19 11878 16947
Ch1: 71.151821 39929.163885 22.093750 18 11916 16951
Ch1: 71.160847 40086.108013 22.031250 17 11951 16950
Ch1: 71.163996 40226.507518 22.093750 16 11975 16954
Ch1: 71.180578 40378.166558 22.031250 15 12010 16954
Ch1: 71.182887 40544.072356 22.062500 14 12045 16958
Ch1: 71.196950 40673.671900 22.031250 13 12074 16960
Ch1: 71.199889 40837.509620 22.062500 12 12111 16961
Ch1: 71.200519 41019.270682 22.062500 11 12156 16961
Ch1: 71.207026 41161.968051 22.093750 10 12176 16963
Ch1: 71.216681 41278.010196 22.062500 9 12210 16964
Ch1: 71.219620 41421.396924 22.093750 8 12231 16965
Ch1: 71.224867 41587.992082 22.031250 7 12282 16966
Ch1: 71.222558 41737.812831 22.062500 6 12313 16963
Ch1: 71.231164 41884.876142 22.062500 5 12342 16967
Ch1: 71.245438 41993.565121 22.062500 4 12363 16972
Ch1: 71.244388 42168.432590 22.062500 3 12398 16972
Ch1: 71.252784 42309.521454 22.062500 2 12433 16972
Ch1: 71.264539 42431.767832 22.062500 1 12460 16976
Ch1: 71.274404 42571.707764 22.062500 0 12484 16979
Ch1: 71.276923 42585.724736 22.062500 0 12488 16978
Ch1: 71.265378 42461.180494 22.062500 1 12449 16975
Ch1: 71.250475 42323.997999 22.125000 2 12437 16971
Ch1: 71.234103 42204.738845 22.093750 3 12406 16967
Ch1: 71.242709 42044.577707 22.093750 4 12365 16973
Ch1: 71.245228 41884.416569 22.062500 5 12334 16971
Ch1: 71.237042 41755.276599 22.093750 6 12312 16969
Ch1: 71.227176 41604.536704 22.031250 7 12288 16966
Ch1: 71.212903 41484.588191 22.093750 8 12247 16963
Ch1: 71.212693 41322.358975 22.093750 9 12210 16965
Ch1: 71.210804 41178.053101 22.125000 10 12183 16964
Ch1: 71.205137 41020.879187 22.156250 11 12146 16963
Ch1: 71.197160 40859.798903 22.062500 12 12111 16959
Ch1: 71.184356 40712.046232 22.062500 13 12085 16957
Ch1: 71.178899 40580.608398 22.062500 14 12052 16956
Ch1: 71.178899 40422.745124 22.062500 15 12010 16957
Ch1: 71.168194 40252.932957 22.093750 16 11984 16953
Ch1: 71.158538 40099.895198 22.031250 17 11950 16948
Ch1: 71.146994 39950.074450 22.093750 18 11915 16949
Ch1: 71.140906 39803.240924 22.062500 19 11876 16945
Ch1: 71.124534 39661.692487 22.125000 20 11848 16945
Ch1: 71.116138 39501.531349 22.031250 21 11816 16940
Ch1: 71.112360 39340.221279 22.093750 22 11781 16941
Ch1: 71.113619 39156.851713 22.062500 23 11738 16943
Ch1: 71.109001 39001.516090 22.031250 24 11710 16937
Ch1: 71.095148 38871.916547 22.093750 25 11677 16934
Ch1: 71.086962 38689.466126 22.093750 26 11649 16933
Ch1: 71.086962 38555.270854 22.125000 27 11596 16935
Ch1: 71.078565 38360.182180 22.062500 28 11566 16933
Ch1: 71.084023 38192.897663 22.093750 29 11528 16932
Ch1: 71.069330 38035.264176 22.062500 30 11494 16930
Ch1: 71.068490 37866.371154 22.062500 31 11460 16929
Ch1: 71.058205 37696.099414 22.093750 32 11422 16928
Ch1: 71.046241 37570.176453 22.031250 33 11405 16925
Ch1: 71.039104 37404.960014 22.062500 34 11352 16922
Ch1: 71.026300 37239.054216 22.062500 35 11327 16918
Ch1: 71.018953 37080.042010 22.125000 36 11294 16918
Ch1: 71.009088 36918.731940 22.125000 37 11261 16916
Ch1: 70.998383 36765.004822 22.093750 38 11223 16910
Ch1: 70.986838 36610.818132 22.125000 39 11182 16910
Ch1: 70.982220 36446.750625 22.062500 40 11154 16908
Ch1: 70.974664 36242.700280 22.062500 41 11107 16909
Ch1: 70.962699 36117.466679 22.156250 42 11081 16902
Ch1: 70.953254 35940.071559 22.062500 43 11037 16903
Ch1: 70.953674 35760.608362 22.093750 44 11007 16900
Ch1: 70.933313 35624.115226 22.125000 45 10963 16900
Ch1: 70.939190 35431.094629 22.062500 46 10929 16897
Ch1: 70.936881 35263.350540 22.093750 47 10903 16898
Ch1: 70.921769 35088.023498 22.062500 48 10855 16895
Ch1: 70.917570 34939.121895 22.125000 49 10826 16893
Ch1: 70.903717 34766.322504 22.093750 50 10789 16887
Ch1: 70.879788 34622.016630 22.062500 51 10761 16885
Ch1: 70.864465 34468.749085 22.062500 52 10722 16879
Ch1: 70.857538 34312.494316 22.062500 53 10683 16878
Ch1: 70.849142 34134.639624 22.093750 54 10641 16875
Ch1: 70.843475 33947.363688 22.125000 55 10611 16877
Ch1: 70.827942 33756.640956 22.125000 56 10574 16873
Ch1: 70.818497 33645.194540 22.125000 57 10548 16866
Ch1: 70.804643 33468.948352 22.062500 58 10505 16864
Ch1: 70.795617 33308.097855 22.062500 59 10466 16866
Ch1: 70.786801 33131.392095 22.093750 60 10426 16861
Ch1: 70.779035 32974.447967 22.062500 61 10393 16858
Ch1: 70.770009 32783.495449 22.093750 62 10354 16859
Ch1: 70.760983 32631.606622 22.062500 63 10316 16856
Ch1: 70.758674 32421.581831 22.093750 64 10277 16856
Ch1: 70.750488 32271.071723 22.031250 65 10253 16852
Ch1: 70.740833 32106.544643 22.031250 66 10204 16852
Ch1: 70.729498 31936.043116 22.062500 67 10166 16850
Ch1: 70.725720 31748.307607 22.125000 68 10133 16848
Ch1: 70.707668 31614.801695 22.062500 69 10099 16842
Ch1: 70.696543 31424.078963 22.062500 70 10056 16840
Ch1: 70.691086 31261.390174 22.031250 71 10025 16839
Ch1: 70.676393 31080.778045 22.031250 72 9989 16836
Ch1: 70.664638 30929.119005 22.062500 73 9952 16834
Ch1: 70.655612 30767.579149 22.093750 74 9913 16831
Ch1: 70.647846 30587.426592 22.062500 75 9885 16829
Ch1: 70.638610 30402.448520 22.062500 76 9832 16827
Ch1: 70.626016 30236.083149 22.062500 77 9809 16822
Ch1: 70.607965 30094.994285 22.031250 78 9771 16820
Ch1: 70.599988 29908.867281 22.062500 79 9735 16816
Ch1: 70.585295 29748.476357 22.031250 80 9696 16814
Ch1: 70.575640 29575.676966 22.062500 81 9648 16813
Ch1: 70.569972 29408.622235 22.093750 82 9618 16812
Ch1: 70.567663 29194.001715 22.000000 83 9570 16811
Ch1: 70.561366 29034.070364 22.062500 84 9550 16805
Ch1: 70.547093 28886.317693 22.093750 85 9500 16805
Ch1: 70.539117 28679.969484 22.062500 86 9465 16803
Ch1: 70.526733 28534.974250 22.031250 87 9430 16799
Ch1: 70.513509 28356.889771 22.031250 88 9395 16794
Ch1: 70.489160 28220.856208 22.125000 89 9362 16791
Ch1: 70.479295 28035.418564 22.093750 90 9331 16789
Ch1: 70.461453 27903.291370 22.031250 91 9297 16785
Ch1: 70.456205 27707.513336 22.031250 92 9253 16784
Ch1: 70.441512 27536.552237 22.031250 93 9218 16780
Ch1: 70.430177 27398.910168 22.093750 94 9190 16774
Ch1: 70.415904 27233.923516 22.031250 95 9150 16774
Ch1: 70.402890 27033.319967 22.000000 96 9102 16773
Ch1: 70.390296 26899.124696 22.062500 97 9077 16767
Ch1: 70.374134 26720.121071 22.031250 98 9040 16763
Ch1: 70.366157 26531.466417 22.031250 99 8992 16762
Ch1: 70.354193 26366.479764 22.062500 100 8952 16760
Ch1: 70.352094 26180.352760 22.031250 101 8916 16758
Ch1: 70.340549 25984.804513 22.031250 102 8874 16755
Ch1: 70.328795 25832.226328 22.062500 103 8847 16753
Ch1: 70.315991 25683.784298 22.031250 104 8809 16750
Ch1: 70.304236 25501.333877 22.031250 105 8776 16748
Ch1: 70.284925 25339.564234 22.062500 106 8747 16742
Ch1: 70.268133 25167.913775 22.031250 107 8701 16738
Ch1: 70.261416 25000.399472 22.000000 108 8665 16736
Ch1: 70.251761 24823.463925 22.031250 109 8620 16732
Ch1: 70.240426 24650.204961 22.062500 110 8584 16732
Ch1: 70.228671 24489.584250 22.062500 111 8553 16729
Ch1: 70.215867 24304.835965 22.031250 112 8509 16727
Ch1: 70.201804 24167.653470 22.062500 113 8485 16721
Ch1: 70.180184 24020.360372 22.062500 114 8452 16719
Ch1: 70.157724 23864.105604 22.062500 115 8416 16711
Ch1: 70.135265 23695.212582 22.031250 116 8375 16707
Ch1: 70.127498 23519.655754 22.062500 117 8337 16707
Ch1: 70.117633 23350.992518 22.031250 118 8294 16701
Ch1: 70.092865 23185.776079 22.062500 119 8273 16694
Ch1: 70.073134 23052.499953 22.062500 120 8237 16691
Ch1: 70.059490 22867.751668 22.062500 121 8188 16690
Ch1: 70.051724 22670.594916 22.062500 122 8162 16688
Ch1: 70.041648 22535.940071 22.031250 123 8123 16685
Ch1: 70.030314 22349.123708 22.062500 124 8084 16679
Ch1: 70.004496 22203.898688 22.062500 125 8053 16675
Ch1: 69.986024 22033.626948 22.000000 126 8018 16669
Ch1: 69.984135 21864.963712 22.000000 127 7981 16671
Ch1: 69.967763 21676.538844 22.000000 128 7944 16662
Ch1: 69.951181 21518.445784 22.093750 129 7909 16661
Ch1: 69.925782 21384.710085 22.062500 130 7876 16656
Ch1: 69.906681 21222.940443 22.062500 131 7842 16652
Ch1: 69.898285 21072.430335 22.093750 132 7800 16651
Ch1: 69.885901 20869.528922 22.062500 133 7769 16646
Ch1: 69.868479 20721.086892 22.031250 134 7726 16645
Ch1: 69.863441 20535.189675 22.031250 135 7689 16640
Ch1: 69.835105 20382.841276 22.000000 136 7655 16637
Ch1: 69.817263 20226.126934 22.031250 137 7616 16632
Ch1: 69.800261 20062.748787 22.093750 138 7582 16627
Ch1: 69.793964 19891.328114 22.062500 139 7542 16629
Ch1: 69.790186 19694.171362 22.000000 140 7504 16624
Ch1: 69.762269 19543.661254 22.000000 141 7480 16616
Ch1: 69.748415 19386.257553 22.093750 142 7438 16613
Ch1: 69.725955 19258.266515 22.000000 143 7416 16610
Ch1: 69.699088 19080.411823 22.031250 144 7376 16601
Ch1: 69.679777 18934.267657 22.093750 145 7338 16598
Ch1: 69.663824 18760.319334 22.031250 146 7298 16593
Ch1: 69.651860 18594.413535 22.000000 147 7266 16593
Ch1: 69.640735 18428.737523 22.000000 148 7236 16590
Ch1: 69.616177 18279.835920 21.968750 149 7195 16584
Ch1: 69.598125 18094.857849 22.031250 150 7161 16581
Ch1: 69.587210 17933.547779 22.062500 151 7121 16576
Ch1: 69.568739 17779.361088 22.000000 152 7089 16572
Ch1: 69.548588 17620.578669 21.968750 153 7055 16565
Ch1: 69.529277 17455.132444 22.031250 154 7020 16561
Ch1: 69.518992 17289.916005 22.000000 155 6988 16560
Ch1: 69.503039 17120.793196 22.000000 156 6946 16556
Ch1: 69.481000 16947.764019 22.000000 157 6915 16551
Ch1: 69.458540 16806.675154 21.968750 158 6865 16545
Ch1: 69.442797 16655.935260 21.937500 159 6842 16542
Ch1: 69.421807 16477.620995 22.000000 160 6807 16535
Ch1: 69.394520 16338.600208 22.031250 161 6782 16532
Ch1: 69.364504 16192.685829 22.000000 162 6743 16526
Ch1: 69.343094 16034.133196 21.968750 163 6712 16519
Ch1: 69.325042 15883.623088 22.031250 164 6664 16515
Ch1: 69.313498 15700.713094 21.968750 165 6643 16509
Ch1: 69.284951 15566.747609 22.031250 166 6611 16502
Ch1: 69.256614 15427.956609 21.968750 167 6580 16496
Ch1: 69.230166 15288.016676 21.968750 168 6547 16492
Ch1: 69.197841 15135.668277 22.031250 169 6516 16482
Ch1: 69.174542 15007.217666 22.000000 170 6487 16476
Ch1: 69.156281 14848.665033 22.000000 171 6453 16475
Ch1: 69.137809 14661.389097 22.000000 172 6421 16469
Ch1: 69.110732 14527.423612 22.000000 173 6383 16460
Ch1: 69.074629 14399.202787 22.031250 174 6362 16455
Ch1: 69.049231 14272.590467 22.031250 175 6328 16446
Ch1: 69.013757 14123.688864 22.031250 176 6295 16439
Ch1: 68.993397 13963.068154 22.031250 177 6253 16438
Ch1: 68.989828 13789.119831 22.031250 178 6224 16431
Ch1: 68.962961 13641.826733 21.968750 179 6202 16424
Ch1: 68.939032 13487.180469 22.000000 180 6153 16422
Ch1: 68.914473 13322.423603 22.000000 181 6130 16416
Ch1: 68.884247 13199.258079 22.031250 182 6093 16411
Ch1: 68.869135 13030.824630 22.000000 183 6054 16407
Ch1: 68.837859 12877.097513 22.000000 184 6021 16399
Ch1: 68.823796 12705.447054 22.062500 185 5995 16395
Ch1: 68.791261 12584.119822 22.031250 186 5953 16379
Ch1: 68.751589 12476.809561 22.031250 187 5936 16375
Ch1: 68.722203 12332.733473 22.062500 188 5911 16371
Ch1: 68.690088 12188.887172 22.000000 189 5874 16362
Ch1: 68.658183 12057.219551 21.968750 190 5847 16354
Ch1: 68.633204 11917.049832 22.000000 191 5807 16354
Ch1: 68.618091 11738.965353 22.000000 192 5786 16342
Ch1: 68.579050 11623.842354 22.031250 193 5748 16338
Ch1: 68.555331 11486.200286 22.062500 194 5723 16328
Ch1: 68.533921 11308.575380 22.031250 195 5685 16327
Ch1: 68.511251 11163.580147 22.031250 196 5649 16319
Ch1: 68.472209 11036.278468 22.000000 197 5616 16308
Ch1: 68.443453 10898.866186 22.062500 198 5594 16305
Ch1: 68.413017 10783.513401 22.000000 199 5572 16296
Ch1: 68.380902 10631.394788 22.031250 200 5536 16288
Ch1: 68.349836 10503.863322 22.031250 201 5513 16281
Ch1: 68.320240 10359.787234 22.000000 202 5468 16275
Ch1: 68.296101 10226.511108 21.968750 203 5448 16269
Ch1: 68.245515 10095.762633 22.000000 204 5416 16257
Ch1: 68.209622 9967.541808 22.000000 205 5396 16248
Ch1: 68.171210 9859.771975 22.000000 206 5375 16237
Ch1: 68.145811 9738.214957 22.031250 207 5336 16234
Ch1: 68.110338 9579.202751 22.031250 208 5305 16225
Ch1: 68.066678 9440.641537 22.062500 209 5277 16215
Ch1: 68.041070 9331.263199 22.031250 210 5259 16204
Ch1: 68.003498 9188.106257 22.031250 211 5219 16199
Ch1: 67.965086 9089.298095 22.000000 212 5205 16188
Ch1: 67.929402 8972.336805 22.000000 213 5172 16177
Ch1: 67.883224 8833.316018 21.968750 214 5147 16170
Ch1: 67.828229 8760.703508 22.000000 215 5126 16156
Ch1: 67.802621 8600.082797 21.937500 216 5088 16152
Ch1: 67.775544 8470.483254 22.000000 217 5071 16147
Ch1: 67.735662 8345.709226 21.968750 218 5044 16129
Ch1: 67.690324 8224.381994 21.968750 219 5005 16124
Ch1: 67.654010 8094.782450 21.937500 220 4985 16116
Ch1: 67.616228 7989.310481 21.968750 221 4965 16107
Ch1: 67.571309 7873.498124 21.968750 222 4935 16095
Ch1: 67.535416 7738.153920 22.000000 223 4908 16088
Ch1: 67.489237 7621.422416 22.000000 224 4877 16077
Ch1: 67.455443 7511.584505 21.968750 225 4853 16067
Ch1: 67.413253 7415.074207 21.968750 226 4833 16056
Ch1: 67.359937 7291.678897 22.031250 227 4799 16049
Ch1: 67.323834 7153.347470 21.968750 228 4783 16038
Ch1: 67.285002 7047.645715 22.031250 229 4759 16025
Ch1: 67.230848 6938.497163 21.968750 230 4735 16013
Ch1: 67.185928 6837.391137 21.968750 231 4708 16008
Ch1: 67.157592 6720.889419 22.000000 232 4685 15995
Ch1: 67.100708 6604.617489 22.031250 233 4666 15982
Ch1: 67.052221 6524.881599 22.031250 234 4641 15969
Ch1: 67.008351 6402.635222 22.062500 235 4617 15963
Ch1: 66.958185 6293.716457 21.968750 236 4592 15949
Ch1: 66.910747 6197.665731 22.031250 237 4569 15937
Ch1: 66.851344 6108.049026 22.031250 238 4555 15919
Ch1: 66.802227 6037.504594 21.968750 239 4535 15918
Ch1: 66.739676 5914.568857 22.000000 240 4516 15896
Ch1: 66.683003 5845.862716 22.000000 241 4495 15886
Ch1: 66.637664 5735.565232 22.000000 242 4472 15877
Ch1: 66.590646 5626.416681 21.968750 243 4444 15862
Ch1: 66.532713 5546.221218 22.031250 244 4431 15847
Ch1: 66.485065 5448.102415 22.031250 245 4409 15839
Ch1: 66.425453 5364.689943 22.062500 246 4390 15820
Ch1: 66.371088 5254.622246 22.000000 247 4368 15810
Ch1: 66.310426 5173.737425 22.000000 248 4349 15800
Ch1: 66.256062 5093.312176 21.968750 249 4331 15780
Ch1: 66.201907 5000.708247 21.937500 250 4308 15769
Ch1: 66.150061 4907.874532 21.968750 251 4295 15757
Ch1: 66.083312 4834.342876 22.031250 252 4272 15740
Ch1: 66.029367 4737.832578 22.000000 253 4250 15726
Ch1: 65.966606 4654.190319 22.000000 254 4237 15714
Ch1: 65.912871 4581.807596 22.031250 255 4217 15698
Ch1: 65.840875 4499.084483 22.031250 256 4204 15684
Ch1: 65.786930 4415.672011 22.031250 257 4186 15674
Ch1: 65.726268 4346.046724 21.968750 258 4172 15657
Ch1: 65.661199 4282.855458 22.062500 259 4155 15640
Ch1: 65.602006 4198.523840 21.968750 260 4140 15626
Ch1: 65.534418 4120.626242 22.000000 261 4117 15610
Ch1: 65.469348 4045.026509 22.000000 262 4105 15590
Ch1: 65.397981 3971.494853 22.031250 263 4088 15578
Ch1: 65.340678 3906.924868 21.968750 264 4074 15563
Ch1: 65.272879 3838.908086 22.031250 265 4054 15544
Ch1: 65.209699 3772.040237 22.000000 266 4045 15532
Ch1: 65.134974 3703.104309 21.968750 267 4034 15516
Ch1: 65.065076 3645.198130 22.031250 268 4019 15498
Ch1: 64.995809 3583.155796 21.968750 269 3998 15482
Ch1: 64.936406 3498.824178 22.000000 270 3985 15467
Ch1: 64.867348 3457.232835 22.000000 271 3978 15453
Ch1: 64.785696 3380.024597 22.031250 272 3959 15432
Ch1: 64.722096 3322.118418 22.031250 273 3947 15417
Ch1: 64.658706 3262.603734 21.968750 274 3932 15399
Ch1: 64.588178 3198.723108 22.062500 275 3922 15385
Ch1: 64.500649 3151.846677 22.031250 276 3908 15368
Ch1: 64.434740 3085.438401 21.968750 277 3895 15348
Ch1: 64.364213 3027.762008 21.937500 278 3882 15334
Ch1: 64.303131 2963.651596 22.000000 279 3866 15314
Ch1: 64.222529 2919.302816 22.031250 280 3858 15298
Ch1: 64.148853 2863.924288 22.000000 281 3848 15280
Ch1: 64.080215 2811.532983 21.968750 282 3837 15264
Ch1: 64.002971 2757.992746 22.062500 283 3828 15246
Ch1: 63.912713 2711.805675 22.000000 284 3811 15223
Ch1: 63.844495 2667.686681 22.000000 285 3807 15205
Ch1: 63.757595 2623.108115 22.000000 286 3793 15187
Ch1: 63.696304 2573.933820 22.031250 287 3783 15172
Ch1: 63.614442 2525.219098 22.000000 288 3775 15148
Ch1: 63.535729 2484.087328 22.062500 289 3763 15139
Ch1: 63.459324 2424.802431 21.968750 290 3750 15114
Ch1: 63.385019 2382.062156 22.031250 291 3739 15092
Ch1: 63.297280 2336.334658 22.000000 292 3732 15078
Ch1: 63.232000 2280.956129 22.000000 293 3721 15060
Ch1: 63.148669 2228.564825 22.000000 294 3709 15042
Ch1: 63.077722 2192.028783 21.937500 295 3699 15025
Ch1: 62.996490 2143.543848 22.000000 296 3688 15004
Ch1: 62.913368 2108.156738 22.031250 297 3685 14985
Ch1: 62.816394 2061.050521 22.000000 298 3673 14964
Ch1: 62.754472 2022.676188 21.968750 299 3667 14947
Ch1: 62.657917 2018.999606 22.031250 300 3660 14925
Ch1: 62.572487 1981.544418 22.031250 301 3655 14907
Ch1: 62.493144 1928.463754 21.968750 302 3639 14881
Ch1: 62.446546 1888.480917 22.000000 303 3635 14867
Ch1: 62.324593 1853.783167 22.031250 304 3628 14845
Ch1: 62.257844 1809.664173 22.000000 305 3616 14826
Ch1: 62.170314 1768.532403 22.000000 306 3608 14807
Ch1: 62.078797 1748.770771 22.031250 307 3604 14782
Ch1: 61.996306 1701.894340 22.000000 308 3593 14766
Ch1: 61.911085 1663.290221 21.968750 309 3587 14750
Ch1: 61.833841 1639.162646 22.031250 310 3580 14728
Ch1: 61.746102 1606.532974 22.000000 311 3576 14707
Ch1: 61.661092 1575.741593 22.000000 312 3564 14686
Ch1: 61.573562 1548.626795 22.000000 313 3564 14666
Ch1: 61.489182 1528.405590 22.062500 314 3554 14645
Ch1: 61.403542 1488.192965 22.031250 315 3550 14624
Ch1: 61.308246 1464.984537 22.000000 316 3541 14602
Ch1: 61.224705 1428.678282 22.000000 317 3535 14584
Ch1: 61.139065 1396.967755 22.031250 318 3527 14562
Ch1: 61.044399 1371.691248 22.031250 319 3525 14536
Ch1: 60.963796 1355.606199 22.000000 320 3515 14517
Ch1: 60.872069 1319.759516 22.031250 321 3512 14498
Ch1: 60.783280 1299.308525 22.000000 322 3505 14471
Ch1: 60.688195 1267.368212 22.031250 323 3500 14454
Ch1: 60.607802 1250.823589 22.062500 324 3495 14437
Ch1: 60.509568 1218.423703 22.000000 325 3490 14416
Ch1: 60.438411 1195.215275 22.000000 326 3483 14394
Ch1: 60.343955 1161.896243 22.000000 327 3477 14375
Ch1: 60.250549 1149.947349 22.031250 328 3475 14350
Ch1: 60.165328 1120.304900 21.968750 329 3467 14330
Ch1: 60.066045 1104.219850 22.031250 330 3466 14308
Ch1: 59.976206 1078.024198 22.000000 331 3459 14284
Ch1: 59.889517 1054.815769 22.000000 332 3454 14264
Ch1: 59.792332 1034.364778 21.968750 333 3447 14243
Ch1: 59.713409 1008.628698 21.968750 334 3445 14220
Ch1: 59.630078 989.786211 22.031250 335 3436 14202
Ch1: 59.523447 961.292695 22.000000 336 3433 14177
Ch1: 59.432560 946.816150 22.031250 337 3429 14156
Ch1: 59.340832 920.850284 22.000000 338 3424 14134
Ch1: 59.250784 900.169506 22.000000 339 3417 14110
Ch1: 59.158007 875.122785 22.031250 340 3416 14090
Ch1: 59.067959 864.322824 22.000000 341 3411 14069
Ch1: 58.970355 837.897385 22.031250 342 3407 14044
Ch1: 58.884925 822.501694 22.000000 343 3403 14030
Ch1: 58.798865 802.969848 22.031250 344 3398 14003
Ch1: 58.701470 785.276294 22.031250 345 3395 13983
Ch1: 58.612891 763.446583 22.031250 346 3392 13958
Ch1: 58.517386 752.187048 22.000000 347 3385 13933
Ch1: 58.419571 732.655202 22.062500 348 3386 13920
Ch1: 58.330363 722.085027 22.000000 349 3380 13892
Ch1: 58.232758 701.174462 22.093750 350 3375 13871
Ch1: 58.142291 686.927704 22.062500 351 3375 13849
Ch1: 58.039648 666.706499 22.031250 352 3368 13825
Ch1: 57.948551 652.459740 22.000000 353 3368 13802
Ch1: 57.862071 634.076826 22.031250 354 3361 13781
Ch1: 57.765726 619.370495 22.062500 355 3358 13756
Ch1: 57.668751 599.379076 22.062500 356 3355 13737
Ch1: 57.571986 588.349328 22.000000 357 3352 13711
Ch1: 57.479839 570.425987 22.062500 358 3347 13691
Ch1: 57.392100 560.315384 22.062500 359 3348 13672
Ch1: 57.291767 541.702684 22.062500 360 3341 13644
Ch1: 57.203188 529.294217 22.031250 361 3339 13623
Ch1: 57.097817 509.302798 22.062500 362 3332 13601
Ch1: 57.014696 497.813477 22.062500 363 3333 13575
Ch1: 56.926747 487.013515 22.031250 364 3328 13557
Ch1: 56.810251 466.792310 22.031250 365 3327 13532
Ch1: 56.719783 452.775338 22.093750 366 3322 13511
Ch1: 56.634143 436.920074 22.031250 367 3321 13494
Ch1: 56.533810 426.579685 22.062500 368 3315 13464
Ch1: 56.439564 405.898907 22.031250 369 3315 13443
Ch1: 56.341959 396.018091 22.031250 370 3309 13422
Ch1: 56.246453 381.081973 22.062500 371 3308 13397
Ch1: 56.153257 373.728808 22.062500 372 3305 13374
Ch1: 56.063209 354.426748 22.062500 373 3301 13353
Ch1: 55.967074 346.843796 22.062500 374 3300 13329
Ch1: 55.867160 333.286397 22.031250 375 3295 13307
Ch1: 55.761369 319.499212 22.062500 376 3295 13288
Ch1: 55.670482 303.184375 22.093750 377 3289 13263
Ch1: 55.574347 289.626976 22.062500 378 3288 13235
Ch1: 55.486188 280.435519 22.031250 379 3284 13217
Ch1: 55.378508 263.661110 22.031250 380 3283 13189
Ch1: 55.287410 257.916450 22.031250 381 3279 13164
Ch1: 55.192115 241.142041 22.031250 382 3278 13144
Ch1: 55.138380 228.733574 22.031250 383 3274 13131
Ch1: 55.010969 220.920836 22.031250 384 3271 13100
Ch1: 54.908327 213.337884 22.000000 385 3272 13078
Ch1: 54.807364 197.252834 22.062500 386 3266 13051
Ch1: 54.707660 191.278387 22.031250 387 3266 13028
Ch1: 54.613624 177.261415 22.062500 388 3262 13011
Ch1: 54.507204 169.678463 22.062500 389 3262 12985
Ch1: 54.421563 159.338074 22.093750 390 3257 12961
Ch1: 54.319971 149.916830 22.062500 391 3258 12936
Ch1: 54.219008 138.657296 22.093750 392 3254 12916
Ch1: 54.124762 131.304130 22.062500 393 3254 12888
Ch1: 54.033664 123.261605 22.093750 394 3250 12873
Ch1: 53.935010 112.231857 22.062500 395 3250 12847
Ch1: 53.835516 110.623352 22.093750 396 3246 12824
Ch1: 53.725737 93.159584 22.062500 397 3246 12798
Ch1: 53.633800 93.848943 22.031250 398 3242 12774
Ch1: 53.539974 79.602185 22.062500 399 3243 12754
Ch1: 53.432084 79.831971 22.062500 400 3242 12727
