36.730583191 1638.703125000 471.864347098
33.155109406 -11.393239021 471.864347098
33.192260742 0.096082002 471.864347098
33.302669525 0.325868011 -1.568410491
33.414546967 0.785440981 -11.706479752
33.541957855 -9.554947853 -14.593571391
33.603248596 -0.133705005 -19.256765308
33.753330231 -6.108151913 -1.247941834
33.860797882 -10.474094391 -0.016418778
33.930065155 -3.350714922 26.895042425
34.007312775 0.785440981 28.716597732
34.111423492 0.555655003 9.815935531
34.211124420 1.015226960 5.385832109
34.312088013 1.474799991 4.690019853
34.422916412 3.083304882 -0.349735659
34.523460388 1.934373021 -4.591312048
34.623165131 0.555655003 -6.459724632
34.726856232 0.325868011 -1.375377226
34.833278656 0.555655003 2.662148459
34.926891327 1.245013952 -2.825079839
35.037509918 1.474799991 -1.143421284
35.155475616 -1.512423038 -4.136387782
35.247833252 1.474799991 -1.373524840
35.345436096 -0.823064029 6.469779312
35.445560455 0.555655003 5.764184930
35.555969238 2.164160013 6.198979200
35.647068024 2.853518963 -0.519476956
35.759155273 1.245013952 -7.641837880
35.867256165 0.785440981 -4.800462512
35.980182648 -0.823064029 3.508078887
36.068130493 1.474799991 3.164959211
36.163635254 2.853518963 -0.782588269
36.258514404 0.555655003 -4.720190117
36.368709564 -0.593276978 -3.747302378
36.474082947 0.785440981 2.134510503
36.571056366 0.785440981 7.235991466
36.689441681 1.015226960 5.317835841
36.779281616 3.083304882 3.459214683
36.882133484 2.393945932 -0.363109493
36.991912842 1.934373021 -3.917329667
37.089305878 1.474799991 -1.317338791
37.201812744 1.474799991 2.208783644
37.301727295 1.934373021 5.329869696
37.398071289 2.853518963 3.893188401
37.504913330 3.542877913 -1.128961632
37.602306366 2.623732090 -5.553054315
37.703689575 1.474799991 -6.939046043
37.813678741 1.015226960 -1.083698021
37.911491394 0.785440981 5.703598565
38.019592285 2.393945932 4.555776794
38.127063751 3.772665024 0.842340134
38.211654663 1.704586983 -5.797295818
38.329406738 1.474799991 -6.335351982
38.423236847 0.555655003 0.867837667
38.533851624 1.015226960 4.612242911
38.635025024 2.393945932 4.365786141
38.721504211 2.853518963 -3.311026185
38.842620850 1.934373021 -5.662481003
38.939804077 -0.363490999 -1.204283884
39.027961731 1.245013952 2.533518715
39.143199921 2.623732090 6.092938165
39.250038147 1.704586983 0.480035139
39.349952698 2.623732090 -1.136008417
39.455112457 1.474799991 -4.043874643
39.557334900 2.164160013 -6.084861231
39.661449432 -0.133705005 2.600210669
39.758632660 0.325868011 7.408338443
39.853717804 3.772665024 8.225089365
39.968116760 4.002450943 0.286624950
40.074115753 2.393945932 -5.374263301
40.179485321 1.245013952 -4.748525814
40.269744873 2.393945932 2.797104998
40.368610382 1.704586983 5.450973680
40.481536865 3.542877913 5.281575856
40.564235687 3.313091993 3.940265586
40.680313110 4.232236862 -1.783300642
40.776866913 3.313091993 -3.592567030
40.892524719 2.623732090 -1.151552958
40.995166779 2.164160013 4.966725671
41.095291138 4.232236862 3.665285300
41.187015533 5.151382923 1.363078819
41.302883148 3.083304882 -5.609965413
41.404056549 3.542877913 -7.369013986
41.508586884 2.164160013 -24.473464503
41.617736816 1.704586983 -22.205864735
41.755851746 -9.095375061 -4.625206601
41.848419189 -2.891141891 10.392130256
41.921676636 3.772665024 25.293991030
42.014240265 1.934373021 0.705989109
42.130527496 0.785440981 -10.249291328
42.217845917 -0.593276978 -0.458153216
42.322589874 -0.133705005 5.661140574
42.423969269 2.164160013 8.962167052
42.526611328 2.164160013 7.285074931
42.628414154 2.853518963 2.842703262
42.738826752 3.313091993 0.683032170
42.843147278 3.083304882 -1.731861395
42.943267822 2.393945932 -0.666441914
43.048221588 2.393945932 4.494749950
43.150234222 3.313091993 5.164322388
43.242801666 4.921597004 -1.101461001
43.350269318 3.772665024 -3.316520017
43.457950592 1.704586983 -9.413500867
43.553455353 3.313091993 -2.275232589
43.658615112 0.325868011 1.784625506
43.763568878 3.313091993 -1.778484323
43.862430573 2.623732090 5.726780065
43.961925507 1.245013952 0.769992869
44.071704865 4.232236862 -4.473678253
44.178123474 2.853518963 0.217468771
44.277408600 -0.593276978 -1.452684258
44.373542786 3.772665024 1.303477525
44.481014252 3.083304882 5.087458814
44.581977844 1.704586983 -4.042198668
44.682308197 3.083304882 -3.220385734
44.787891388 1.704586983 -3.430140057
44.878356934 1.474799991 -4.396727895
44.989185333 0.785440981 -1.991589536
45.099174500 1.245013952 -0.440856643
45.191951752 0.785440981 6.319748704
45.299003601 1.245013952 8.133680436
45.399753571 4.002450943 9.867927860
45.506175995 3.772665024 6.326541462
45.610706329 4.691810131 -3.494474122
45.716499329 4.232236862 -5.774219612
45.823966980 1.934373021 -1.891542774
45.918632507 2.164160013 1.420702809
46.010780334 4.921597004 4.497628280
46.117202759 3.542877913 -1.558914484
46.218372345 3.542877913 -3.174655091
46.334030151 2.164160013 2.959613281
46.427856445 4.002450943 4.814444955
46.532176971 4.921597004 7.328882813
46.631462097 4.691810131 0.700052711
46.745437622 5.610956192 -6.298061740
46.844303131 4.002450943 -6.453972006
46.948623657 1.934373021 -4.957637163
47.056304932 3.083304882 4.216213221
47.150341034 3.542877913 10.212568601
47.247314453 5.381169796 4.738635694
47.369056702 6.070528984 -1.448092355
47.459735870 4.232236862 -6.962400058
47.570144653 3.313091993 -6.085721800
47.665649414 3.083304882 -1.141614030
47.770809174 3.542877913 4.545873453
47.871982574 3.542877913 6.227456206
47.976936340 5.381169796 1.702794089
48.079788208 5.381169796 -47.074733966
48.189357758 3.542877913 -50.184213900
48.363155365 -21.044269562 -34.661577701
48.428855896 -8.635802269 5.355002625
48.517433167 -3.580501080 66.692626204
48.591529846 3.542877913 26.526697871
48.710544586 2.853518963 6.388523165
48.797023773 1.015226960 -4.081547417
48.892108917 1.015226960 3.554058668
48.998737335 2.393945932 7.056102076
49.109359741 3.772665024 6.479040317
49.212421417 3.313091993 2.504860333
49.319469452 4.002450943 -4.275057409
49.412246704 3.542877913 -5.697622747
49.525173187 1.474799991 -4.194474368
49.617740631 1.704586983 3.981366154
49.719753265 2.853518963 11.860076481
49.826385498 4.921597004 2.424673811
49.927135468 5.840742111 -3.714497564
50.032508850 1.474799991 -7.725427748
50.143966675 2.623732090 -17.075450697
50.229606628 2.623732090 -1.520647659
50.358695984 -3.580501080 4.172185798
50.442657471 4.232236862 9.571158559
50.537742615 4.462024212 14.675194898
50.642482758 4.002450943 -3.184838576
50.744495392 4.002450943 -3.342713495
50.848606110 2.853518963 -4.690403076
50.951038361 3.313091993 -3.604768240
51.054103851 1.934373021 -2.962058277
51.154014587 2.623732090 -1.527084416
51.250991821 1.704586983 2.721497823
51.363498688 2.623732090 5.584235584
51.463619232 3.313091993 6.012730324
51.562694550 4.691810131 0.415195520
51.667224884 3.772665024 -5.205794801
51.768188477 2.623732090 -4.520921969
51.870830536 1.704586983 0.292525673
51.983337402 3.313091993 6.214758646
52.083461761 3.542877913 9.837418311
52.177497864 4.921597004 8.694594631
52.276363373 5.840742111 15.039386937
52.387611389 6.530101776 17.819103171
52.491512299 10.436470985 21.914152190
52.584709167 11.815189362 34.015038574
52.685253143 14.342840195 38.532785062
52.780128479 21.236433029 45.206516068
52.886337280 24.683229446 46.042843848
52.984153748 29.278957367 45.684240606
53.084064484 33.415111542 52.780102715
53.200561523 40.538490295 57.044298540
53.294597626 46.283153534 61.961155649
53.381919861 51.568241119 67.682477687
53.471546173 57.542686462 70.812535563
53.587413788 66.963928223 72.385886274
53.687953949 73.627738953 70.209361786
53.772754669 79.602188110 68.660554258
53.872459412 85.806419373 76.311801802
53.972164154 93.619155884 86.857871539
54.072284698 103.499969482 95.441264046
54.168632507 113.840362549 94.269226257
54.267704010 122.802032471 85.630420598
54.364471436 130.155197144 78.480182373
54.456405640 136.589218140 85.684047810
54.557579041 144.861526489 96.955518303
54.657283783 157.040206909 106.040408187
54.746280670 166.691238403 111.584007659
54.854801178 177.950775146 105.993176831
54.945690155 188.750732422 104.470020685
55.040985107 197.252838135 102.782261083
55.148033142 208.742156982 101.437047465
55.239761353 217.933609009 113.646825826
55.328762054 227.354858398 126.370296298
55.424476624 241.831405640 133.294557008
55.521869659 255.618591309 125.661807447
55.623462677 267.797271729 119.406113156
55.723377228 276.529144287 109.837368191
55.807128906 289.167388916 110.392297185
55.907249451 297.439727783 125.336595800
56.004226685 309.618408203 124.232750188
56.096164703 325.473663330 138.630137803
56.196498871 335.354461670 149.126770811
56.289691925 350.979949951 141.631251801
56.387088776 368.443725586 144.136821030
56.480915070 376.945831299 135.045268520
56.572223663 390.273437500 133.134542187
56.683261871 405.669128418 136.775240906
56.766799927 418.077575684 137.133451764
56.860206604 428.188201904 137.344735181
56.959911346 444.273254395 138.264863347
57.052059174 456.451934814 141.573174383
57.153862000 470.698669434 140.717812388
57.246219635 483.336944580 144.845553215
57.338783264 497.813476562 150.549702598
57.419387817 509.532592773 159.582320168
57.533153534 527.685729980 171.218542101
57.617115021 543.081420898 170.917706590
57.710731506 561.694091797 169.087997863
57.804767609 573.643005371 167.782161176
57.900272369 590.417419434 172.292922457
57.991371155 607.421630859 180.481235734
58.076381683 623.966247559 179.132353955
58.177345276 640.051269531 179.623230807
58.272640228 657.515014648 181.319351858
58.365207672 675.438354492 203.032246054
58.458824158 692.672363281 217.388376478
58.556007385 718.178649902 217.434593008
58.637031555 736.101989746 218.920144377
58.731277466 752.646606445 205.969444457
58.819644928 773.557189941 203.682499820
58.921447754 793.548583984 211.592879177
59.003307343 809.633666992 209.023182986
59.104900360 833.071899414 215.131346324
59.194110870 851.224975586 219.276904414
59.277442932 869.837707520 213.870910921
59.373996735 891.437622070 225.392072909
59.477268219 911.888610840 242.279226245
59.552413940 933.718322754 256.743125906
59.660934448 963.360778809 250.305442277
59.736286163 982.433044434 217.190010007
59.831375122 999.207458496 210.134573647
59.924781799 1015.062744141 231.726436096
60.020286560 1042.407348633 249.035672523
60.100467682 1067.453979492 282.310962537
60.206680298 1088.594360352 278.854825020
60.280143738 1119.156005859 260.712869219
60.370613098 1139.836791992 275.861204098
60.467796326 1159.598388672 250.785200119
60.549659729 1189.470581055 251.331672071
60.646842957 1209.002441406 274.984239641
60.730594635 1228.304565430 252.270770871
60.822532654 1262.772460938 277.933180629
60.913211823 1276.559692383 297.869554480
60.995910645 1307.351074219 282.783924701
61.098552704 1341.359497070 305.358961954
61.175167084 1356.065795898 300.180793034
61.257240295 1384.329467773 306.960590703
61.348758698 1415.350708008 338.339164696
61.441745758 1443.384643555 324.816377713
61.518779755 1474.176025391 339.330862001
61.607566833 1496.465332031 351.055365549
61.689426422 1532.771484375 360.539486808
61.785144806 1564.711791992 394.251172647
61.867214203 1597.801147461 385.371166857
61.948028564 1633.417968750 378.968373188
62.026531219 1659.843383789 360.748649416
62.124977112 1692.932617188 329.548682497
62.215442657 1725.792114258 343.188765404
62.296466827 1746.243164062 389.379066273
62.373500824 1781.859985352 451.583443065
62.463336945 1827.357788086 519.057452298
62.526309967 1863.663940430 507.899531369
62.620975494 1913.527587891 440.085132407
62.698638916 1944.089233398 453.730908793
62.788055420 1968.676391602 434.152472857
62.860263824 2026.122924805 442.302037978
62.950939178 2051.629394531 462.056343379
63.033222198 2087.476074219 475.910954565
63.114875793 2129.756591797 517.190550671
63.192749023 2185.135253906 547.024133158
63.273349762 2210.871337891 538.069143080
63.352275848 2264.871093750 523.299788604
63.429729462 2302.326171875 579.886825122
63.516628265 2349.892089844 663.910166686
63.586105347 2397.687744141 787.778008358
63.641937256 2464.785156250 803.703205204
63.728420258 2531.653076172 692.987745919
63.802513123 2571.406250000 603.435941010
63.877449036 2603.576171875 611.556551849
63.955322266 2662.401611328 677.108029025
64.030677795 2717.550292969 685.588456142
64.102882385 2769.711914062 641.172457846
64.190200806 2815.439453125 640.880555173
64.261360168 2861.166748047 692.242649204
64.327690125 2913.558105469 847.539336601
64.405563354 2978.587646484 954.724329869
64.464126587 3050.740722656 905.579534287
64.528358459 3113.472412109 845.663414880
64.610427856 3159.659423828 731.137707617
64.681587219 3221.701660156 726.712684843
64.759246826 3269.037841797 842.770768274
64.825157166 3329.241699219 895.145922778
64.891700745 3404.381835938 965.103096252
64.976287842 3477.683837891 899.215842685
65.034431458 3533.751708984 842.057746817
65.103904724 3579.249511719 850.701973542
65.169609070 3641.291748047 927.683324715
65.236778259 3703.104248047 1060.792178238
65.297859192 3778.474365234 1096.817424714
65.364189148 3854.993164062 1092.280061697
65.432617188 3923.928955078 1033.439743041
65.495796204 3987.120361328 1093.190040959
65.563385010 4054.907226562 1127.265185730
65.619850159 4141.536621094 1235.471856688
65.694366455 4212.541015625 1237.570168658
65.747680664 4301.927734375 1151.743407026
65.813796997 4365.119140625 1146.155845247
65.871734619 4425.093261719 1088.597323688
65.949180603 4515.169433594 1193.805718820
66.001029968 4576.292480469 1266.829276554
66.059799194 4660.854003906 1349.354417369
66.118995667 4735.994140625 1447.968842737
66.186584473 4834.572753906 1593.154943490
66.235282898 4920.972167969 1733.989589455
66.284606934 5021.848632812 1695.088981502
66.337081909 5107.329101562 1607.733189809
66.403625488 5198.094726562 1508.897701405
66.458198547 5288.630859375 1513.006690438
66.507102966 5358.715332031 1597.931470442
66.566925049 5453.387695312 1646.131742548
66.618774414 5546.221191406 1782.504562415
66.672714233 5639.744140625 1927.373937106
66.725402832 5749.122558594 1957.409820006
66.765914917 5838.739257812 1959.433211354
66.828048706 5948.117675781 1911.133579910
66.877578735 6043.019531250 1956.736911149
66.928794861 6142.976562500 2067.134088303
66.974555969 6249.367675781 2235.941550951
67.025146484 6353.001464844 2178.495585954
67.063346863 6462.839355469 2062.700210652
67.123168945 6558.890136719 2086.928000853
67.169555664 6652.183105469 2103.988012445
67.215736389 6769.374511719 2366.176621883
67.262756348 6876.914550781 2434.983158421
67.299484253 6974.343750000 2739.678477029
67.352592468 7097.739257812 3047.249274590
67.380508423 7239.287597656 2975.342409267
67.421020508 7355.789550781 2665.967651409
67.466148376 7449.082519531 2197.225614051
67.514213562 7547.661132812 2029.980882556
67.569419861 7662.324218750 2113.155995856
67.616439819 7750.562500000 2364.616088480
67.662193298 7870.281250000 2703.987301320
67.694938660 7985.633789062 2957.459305902
67.740699768 8116.382324219 3133.439250293
67.780372620 8228.748046875 3235.098840474
67.811645508 8351.683593750 3339.781140803
67.850898743 8488.866210938 3034.146292317
67.888473511 8597.325195312 2902.759747121
67.938217163 8706.244140625 3039.268517059
67.972640991 8839.290039062 3240.391747954
68.006019592 8972.336914062 3556.474541571
68.041908264 9075.970703125 3570.515267398
68.079689026 9214.531250000 3543.723346533
68.111175537 9344.590820312 3761.283564879
68.151268005 9475.569335938 3921.302558335
68.183387756 9612.981445312 4007.128894946
68.211509705 9740.742187500 4080.454684680
68.246147156 9875.626953125 4034.908025287
68.283088684 10011.201171875 4177.330036022
68.314155579 10150.452148438 4824.533013751
68.341232300 10289.243164062 5286.834128481
68.362434387 10446.875976562 4783.374697699
68.394126892 10581.531250000 4362.550799614
68.432540894 10708.143554688 3942.564259640
68.459617615 10835.215820312 4099.707400334
68.492988586 10965.044921875 4367.587483624
68.524055481 11111.648437500 4580.038847979
68.554702759 11244.464843750 5355.543177450
68.582405090 11401.179687500 5378.678218734
68.600250244 11561.110351562 4682.932397433
68.635299683 11682.897460938 4353.347813480
68.674552917 11807.441406250 3620.099682388
68.694496155 11940.947265625 -1395.662004901
68.648109436 12240.359375000 -6336.665885960
68.652931213 12439.813476562 1413.839707019
68.679382324 12596.988281250 6295.693244415
68.700370789 12708.664062500 5206.225752001
68.736267090 12860.552734375 5405.390835464
68.756835938 13000.493164062 5668.985084015
68.781814575 13162.721679688 6763.384437084
68.808891296 13308.176757812 7026.729210306
68.821693420 13470.176757812 6713.755164391
68.848983765 13643.435546875 6246.477208496
68.873962402 13757.409179688 5641.847721606
68.901878357 13920.097656250 6598.079080579
68.925384521 14065.093750000 6628.815412088
68.931472778 14233.756835938 6177.816778966
68.970306396 14370.019531250 5811.093392734
68.996337891 14526.044921875 5408.742102295
69.017951965 14673.337890625 6193.083725697
69.041465759 14818.792968750 5756.248572303
69.067909241 14969.302734375 5533.067345089
69.096878052 15104.187500000 6079.608752296
69.119964600 15249.642578125 6715.653802144
69.134033203 15411.641601562 7170.876771667
69.160896301 15575.939453125 7223.954783937
69.183357239 15714.270507812 6992.528927150
69.203506470 15885.001953125 7716.698948321
69.222190857 16025.171875000 7577.591513679
69.242340088 16200.039062500 7984.896551391
69.268371582 16349.400390625 9659.771356461
69.278862000 16515.765625000 10239.381176601
69.285163879 16701.892578125 9510.588890962
69.312866211 16877.449218750 6074.475242863
69.332389832 16990.503906250 4787.520130912
69.371429443 17124.699218750 5145.147973081
69.398300171 17266.248046875 5934.578742623
69.415931702 17453.984375000 8110.121186996
69.432929993 17584.501953125 9338.942377311
69.451400757 17760.058593750 9148.559017772
69.465675354 17904.134765625 9506.255636996
69.487922668 18100.142578125 9891.550095880
69.502197266 18245.138671875 9546.692384154
69.515846252 18407.367187500 9322.757178432
69.538093567 18576.259765625 8668.097755513
69.555305481 18734.123046875 8577.942107082
69.576293945 18896.582031250 9228.287331766
69.589935303 19048.701171875 11446.046037706
69.606521606 19214.148437500 13408.700464476
69.609252930 19416.818359375 11644.452441322
69.626670837 19554.691406250 9316.558241890
69.645774841 19694.861328125 8401.390373245
69.670333862 19892.707031250 8628.624812440
69.682716370 20053.097656250 9887.291371104
69.703498840 20205.216796875 10627.033115016
69.712524414 20380.314453125 9858.942556169
69.730575562 20539.095703125 9429.178765967
69.749671936 20689.605468750 7693.552538595
69.768775940 20855.052734375 7349.120335203
69.793960571 20999.587890625 7151.314340524
69.813484192 21157.451171875 6325.632782416
69.836364746 21320.599609375 7136.338416681
69.866798401 21455.714843750 8481.550669923
69.873725891 21633.109375000 10373.580813808
69.879600525 21802.232421875 11332.032756169
69.900596619 21955.958984375 9340.848851388
69.921165466 22124.162109375 8827.099027567
69.935226440 22260.425781250 11213.629997497
69.950759888 22439.199218750 13922.851271304
69.957061768 22627.855468750 13312.353659233
69.970069885 22792.152343750 11681.430109468
69.987495422 22936.457031250 10792.521903318
70.004493713 23121.207031250 10244.604665147
70.014778137 23282.287109375 10210.733653416
70.035354614 23437.392578125 8852.926095821
70.051307678 23596.173828125 8683.349555696
70.075233459 23762.310546875 9756.098032320
70.087196350 23927.296875000 11592.434638758
70.101470947 24099.406250000 13859.892724055
70.106719971 24257.041015625 10679.986225214
70.124137878 24419.269531250 9542.118573619
70.148490906 24580.808593750 9530.121192238
70.161506653 24734.765625000 9730.238711190
70.171997070 24921.582031250 10864.559427098
70.192146301 25045.207031250 11443.789796981
70.206840515 25241.675781250 12602.711696892
70.214607239 25405.283203125 15008.557138894
70.224891663 25587.734375000 15850.583903604
70.240844727 25750.421875000 12902.850610509
70.247146606 25932.414062500 12408.851828281
70.267082214 26072.353515625 12581.631472250
70.276321411 26244.693359375 9117.526572704
70.289962769 26411.517578125 9524.133493535
70.318092346 26543.875000000 8927.173961074
70.328163147 26737.583984375 10332.520960594
70.344955444 26886.255859375 13522.003481947
70.349998474 27054.919921875 15353.067786761
70.368469238 27234.613281250 19982.677100093
70.367630005 27423.037109375 21486.974354496
70.377281189 27603.419921875 17981.075947923
70.382949829 27770.933593750 15993.468836964
70.402053833 27933.853515625 14811.226433380
70.406036377 28107.572265625 12254.008936992
70.421363831 28289.332031250 12054.107870771
70.438995361 28428.123046875 11383.066144562
70.452003479 28606.896484375 14710.098013958
70.460403442 28758.097656250 19964.782040090
70.454315186 28969.041015625 20557.063917526
70.472366333 29127.134765625 17241.783569858
70.479713440 29305.677734375 15388.566458284
70.491470337 29473.880859375 13178.031749333
70.497978210 29635.191406250 12225.301394068
70.522956848 29799.259765625 10228.486654097
70.529251099 29968.611328125 9358.184987545
70.552131653 30115.214843750 10890.205534279
70.566406250 30270.550781250 11345.235904962
70.575637817 30449.785156250 15302.572547180
70.584877014 30604.890625000 12198.741716364
70.595581055 30765.970703125 10817.784458367
70.619087219 30918.548828125 12184.097740284
70.631057739 31098.242187500 15043.716013247
70.625808716 31275.636718750 24536.648468254
70.633781433 31431.662109375 23914.363492979
70.646797180 31619.167968750 17197.319341490
70.650154114 31796.103515625 16132.424537687
70.666107178 31940.869140625 16342.315867610
70.676605225 32132.509765625 17820.169847370
70.682899475 32283.710937500 21669.884182646
70.684577942 32470.066406250 17998.250894897
70.700531006 32652.287109375 16743.661725390
70.712074280 32804.636718750 15461.118580522
70.718162537 32976.285156250 18717.076859587
70.729080200 33151.382812500 19368.540567729
70.736846924 33329.468750000 19692.255186302
70.747131348 33501.808593750 20016.813912153
70.751327515 33652.777343750 21081.408712227
70.763504028 33840.742187500 22569.696049153
70.767700195 34007.796875000 19282.968504019
70.775466919 34172.554687500 17380.628887146
70.788269043 34341.906250000 13698.695199594
70.798553467 34495.863281250 12985.571135328
70.813880920 34653.269531250 14392.388750698
70.824165344 34824.230468750 16901.960160041
70.830039978 34990.363281250 18754.372764530
70.837181091 35157.878906250 15734.950556593
70.849769592 35312.296875000 14290.487561291
70.862998962 35466.480468750 15383.984617754
70.871810913 35628.480468750 20188.455031909
70.878318787 35829.085937500 28949.769944324
70.882095337 35985.800781250 27381.047089139
70.887763977 36157.910156250 21973.665643592
70.897422791 36316.691406250 19574.533538541
70.906028748 36477.312500000 19133.169106320
70.912956238 36624.144531250 20604.481552973
70.922187805 36819.921875000 21526.797268827
70.929321289 36975.718750000 22088.151970220
70.936042786 37133.582031250 23458.535577609
70.943809509 37311.667968750 23400.383920951
70.949684143 37477.113281250 22167.654026440
70.957664490 37644.855468750 14218.710953498
70.964172363 37775.605468750 11847.022550917
70.984947205 37931.402343750 12331.959617681
70.996070862 38087.886718750 14314.682648535
70.997749329 38239.542968750 24165.674543009
71.006149292 38418.089843750 27980.211836297
71.011817932 38583.535156250 25152.069255895
71.017906189 38749.441406250 22514.183616174
71.024414062 38893.058593750 17839.613586128
71.034278870 39042.187500000 15758.890780029
71.046028137 39193.847656250 14936.422434923
71.055053711 39350.101562500 17896.968883442
71.066390991 39513.480468750 23009.917226754
71.063873291 39669.964843750 20350.497268012
71.071846008 39828.746093750 17611.684965769
71.085914612 39993.042968750 15327.902082880
71.092422485 40111.382812500 15620.959832335
71.100601196 40275.683593750 17849.044501321
71.111312866 40436.300781250 15689.054890328
71.118446350 40586.125000000 15459.381902095
71.131881714 40723.996093750 16749.503161872
71.138595581 40876.343750000 18539.780791590
71.146156311 41038.800781250 23049.579131080
71.150772095 41171.390625000 23401.091731405
71.158744812 41318.683593750 24737.575048749
71.164627075 41468.960937500 21005.304017010
71.170082092 41625.449218750 21460.694010910
71.180580139 41747.695312500 23143.308992567
71.185829163 41917.046875000 25737.884034132
71.187294006 42039.523437500 38124.425812452
71.192543030 42182.449218750 29387.129098111
71.196952820 42352.492187500 23788.014389691
71.204505920 42471.062500000 15662.042561308
71.211647034 42611.921875000 11823.077070034
71.219833374 42605.488281250 12327.183434111
71.210594177 42463.250000000 15082.586644402
71.198631287 42341.460937500 14944.453226338
71.192749023 42208.414062500 19303.126563614
71.184562683 42053.539062500 20192.464502922
71.186668396 41891.082031250 17208.285684179
71.171554565 41773.660156250 17107.283259882
71.163787842 41644.750000000 16127.247494983
71.160850525 41490.101562500 23259.229823434
71.153923035 41360.042968750 19502.204537068
71.146362305 41195.976562500 17255.652934039
71.135238647 41063.621093750 17739.427680338
71.128944397 40909.890625000 19848.846559026
71.122856140 40766.277343750 24650.516788285
71.117607117 40605.195312500 25861.397371015
71.111732483 40468.703125000 16292.238629044
71.106483459 40305.093750000 13941.876281616
71.087379456 40160.328125000 14870.266907076
71.079406738 40014.183593750 13950.879013994
71.077728271 39841.843750000 19618.655967584
71.061355591 39704.433593750 19421.373080692
71.059677124 39532.781250000 19548.123793581
71.051696777 39393.992187500 18931.705737889
71.046241760 39214.988281250 14084.114513800
71.029655457 39054.367187500 13773.979899060
71.017692566 38930.742187500 14956.199790308
71.012863159 38773.796875000 25107.469550327
71.011398315 38606.285156250 43446.451536034
71.004676819 38420.156250000 33475.667780569
71.004051208 38267.578125000 24611.918806226
70.994186401 38097.996093750 24999.384334993
70.986206055 37958.054687500 23678.239075552
70.984321594 37786.406250000 22836.468620596
70.976341248 37620.500000000 21787.409128975
70.965850830 37473.894531250 19347.736856860
70.958923340 37295.121093750 19986.587249388
70.950523376 37139.097656250 19077.279007760
70.941711426 36953.199218750 18638.597194449
70.930587769 36810.730468750 15358.320724714
70.924285889 36637.242187500 12465.680191109
70.908126831 36505.574218750 9491.255436647
70.892593384 36344.035156250 8748.874909408
70.870338440 36211.218750000 11084.382451699
70.861320496 36064.156250000 15646.159032992
70.863838196 35878.488281250 34854.734032252
70.860687256 35695.578125000 26313.242179479
70.851028442 35535.648437500 17156.320906640
70.842216492 35389.960937500 16046.683178703
70.825424194 35182.234375000 10269.264540324
70.822692871 35038.160156250 10192.071823584
70.791206360 34922.578125000 9777.721770508
70.788902283 34735.531250000 10546.550050823
70.771057129 34576.976562500 18543.269790006
70.762245178 34391.312500000 18834.281809713
70.761611938 34232.070312500 20009.252251324
70.753219604 34060.648437500 14810.024457218
70.736846924 33891.066406250 13375.096784493
70.723831177 33749.976562500 15365.088997251
70.715431213 33573.960937500 23793.073212123
70.722991943 33387.144531250 22041.441818822
70.711654663 33214.343750000 20313.723755377
70.697174072 33036.261718750 15030.813116757
70.695495605 32874.492187500 16332.413211693
70.678283691 32733.861328125 17324.899271379
70.673034668 32539.921875000 17054.276696969
70.662536621 32365.972656250 19988.886578480
70.654350281 32193.173828125 19478.746363838
70.643859863 32020.144531250 21675.249583707
70.638816833 31848.724609375 19211.844226810
70.631263733 31669.490234375 15321.381732348
70.618247986 31518.521484375 13278.543354250
70.602294922 31340.896484375 11512.489950159
70.592224121 31185.560546875 13013.379707227
70.575012207 31026.548828125 13206.865917181
70.570388794 30854.437500000 14033.937351918
70.554443359 30706.916015625 13909.395149899
70.543525696 30489.078125000 12577.825355075
70.528831482 30352.583984375 10617.803836550
70.517494202 30194.033203125 9359.588487303
70.494407654 30044.210937500 9979.015423975
70.480133057 29875.087890625 10826.467863150
70.469848633 29718.375000000 14311.107508691
70.458091736 29553.386718750 18085.994914960
70.448860168 29388.630859375 21463.089774188
70.444869995 29188.716796875 27700.846216145
70.437103271 29023.500000000 34657.609457113
70.431854248 28825.423828125 21832.478597767
70.430595398 28663.425781250 11414.484542058
70.412544250 28486.259765625 8990.758028811
70.385047913 28334.830078125 8362.955965622
70.371406555 28187.767578125 10626.545376129
70.361122131 28041.623046875 19348.479015895
70.357551575 27829.529296875 23778.813652830
70.349784851 27647.769531250 20736.305771901
70.339080811 27461.642578125 14554.400329351
70.329002380 27336.177734375 11861.954128119
70.311370850 27142.009765625 10504.157508464
70.294158936 26974.724609375 10443.852430378
70.279045105 26827.890625000 12173.190165703
70.266456604 26667.730468750 16020.135087298
70.261833191 26489.644531250 17942.415437346
70.254486084 26323.968750000 15400.658421024
70.239166260 26139.679687500 12086.707762578
70.225311279 25985.494140625 10903.434340432
70.207893372 25815.451171875 9296.991345358
70.193405151 25647.017578125 9376.261228089
70.170944214 25516.500000000 10618.039128583
70.159614563 25337.037109375 12139.595172794
70.150169373 25153.896484375 15972.932499706
70.137367249 24991.896484375 15867.815079388
70.126235962 24799.335937500 13354.517588257
70.117843628 24664.451171875 12035.400309611
70.097274780 24471.890625000 11505.252518976
70.084259033 24329.882812500 13329.201662671
70.073760986 24160.300781250 16925.410005987
70.070404053 23970.957031250 15093.313356857
70.056343079 23809.416015625 11099.941809948
70.038497925 23629.494140625 8410.109346440
70.018142700 23484.039062500 8096.998048117
69.995887756 23336.056640625 8535.871882189
69.981193542 23168.542968750 8644.422127158
69.964614868 22986.322265625 10718.716005969
69.942367554 22856.951171875 9638.373800343
69.942993164 22660.253906250 11323.597606080
69.915077209 22532.263671875 11622.538046832
69.914863586 22328.443359375 8923.054582109
69.891571045 22170.119140625 9531.031134394
69.869735718 22033.167968750 9561.695310322
69.854415894 21838.078125000 14431.001167646
69.856094360 21671.023437500 19286.920714762
69.850845337 21496.845703125 14590.902833266
69.832168579 21316.003906250 9432.838769955
69.816215515 21152.855468750 5133.607236149
69.788925171 21003.035156250 4580.953356585
69.740440369 20915.486328125 4786.822682014
69.728050232 20748.662109375 6304.567207703
69.708114624 20573.333984375 8476.660083620
69.697830200 20405.359375000 7659.503756370
69.664031982 20273.693359375 7777.278277645
69.652069092 20124.791015625 8497.610608580
69.635696411 19944.638671875 11235.455686161
69.623939514 19772.068359375 10111.384890806
69.603790283 19607.312500000 8699.944740031
69.586791992 19463.005859375 8186.874627557
69.562652588 19289.287109375 9990.394895086
69.547744751 19135.791015625 12659.596974681
69.550056458 18960.003906250 22188.170175210
69.556564331 18725.851562500 13549.923274349
69.542709351 18569.367187500 7374.954478090
69.519409180 18411.962890625 5191.134031320
69.482261658 18289.486328125 4900.129036419
69.452033997 18142.654296875 5506.664721205
69.437133789 18009.148437500 6838.438498850
69.416351318 17832.900390625 6754.536440144
69.390739441 17687.906250000 6483.085302866
69.367019653 17563.822265625 6586.984097817
69.343093872 17371.259765625 7230.926941384
69.323570251 17219.832031250 7973.454003739
69.303215027 17069.091796875 8676.494144037
69.288101196 16926.164062500 8838.099994119
69.270469666 16733.603515625 8454.770450049
69.247589111 16572.292968750 6920.246593932
69.226387024 16422.011718750 6210.676814307
69.196998596 16288.506835938 6407.738316140
69.176223755 16131.333007812 7271.121917688
69.156700134 15969.333007812 7823.181170760
69.141380310 15802.048828125 6978.123963726
69.114509583 15666.015625000 6533.959435079
69.088905334 15516.883789062 6965.327146408
69.070220947 15368.211914062 8837.758498995
69.058677673 15198.169921875 10366.965557156
69.042724609 15036.400390625 9275.286399676
69.023200989 14851.652343750 7720.703727170
68.999694824 14705.048828125 6805.354487284
68.975761414 14549.942382812 5917.263259585
68.953933716 14419.653320312 5800.849515114
68.919723511 14243.407226562 5805.989433009
68.901458740 14123.918945312 5798.266271452
68.876060486 13965.136718750 5733.913014940
68.849403381 13824.736328125 5342.271047975
68.820014954 13671.009765625 5293.381118912
68.793571472 13546.005859375 5343.793691082
68.765441895 13372.516601562 5472.067258609
68.741096497 13250.270507812 5919.625043132
68.713600159 13093.326171875 6363.215123073
68.694709778 12943.735351562 6918.839850595
68.673294067 12786.102539062 4981.948849442
68.651466370 12639.958007812 4472.439276280
68.602348328 12538.851562500 3476.380809326
68.580307007 12372.027343750 3316.276829403
68.529510498 12277.584960938 3265.362236074
68.502433777 12141.781250000 2800.296883627
68.455207825 12032.172851562 3173.343758076
68.414062500 11919.347656250 3262.922293846
68.385307312 11784.003906250 3952.150674970
68.355506897 11662.446289062 4772.343912441
68.322341919 11516.072265625 4915.502061368
68.299461365 11353.613281250 5203.503427118
68.266716003 11215.052734375 4471.201331350
68.242362976 11076.261718750 4813.584558626
68.199966431 10967.112304688 5210.810486756
68.194717407 10777.768554688 4862.858843312
68.158409119 10640.816406250 4747.908370188
68.123138428 10521.787109375 4159.604107370
68.093963623 10384.833984375 4357.658289881
68.068778992 10243.745117188 4440.490898741
68.032043457 10108.170898438 3987.822324397
68.001396179 9979.490234375 4015.433789308
67.959205627 9840.699218750 4239.069793702
67.936538696 9695.245117188 4034.413241906
67.904846191 9567.713867188 3806.325042084
67.862655640 9439.033203125 3299.576290394
67.828018188 9320.003906250 2868.007682417
67.787925720 9200.514648438 2790.573465014
67.735244751 9089.528320312 2655.097908246
67.698722839 8964.524414062 2778.186651845
67.658416748 8867.553710938 3026.008911079
67.620002747 8735.426757812 2934.083130827
67.579078674 8612.491210938 3100.118734461
67.540451050 8511.155273438 2978.568973477
67.501411438 8368.917968750 2799.165249240
67.455650330 8251.497070312 2857.486714634
67.411361694 8152.688476562 2704.928707566
67.380928040 8031.591308594 2860.968739036
67.328659058 7907.736328125 3008.280289594
67.295913696 7795.830078125 2962.781320555
67.254776001 7668.528808594 2830.089534880
67.215522766 7549.499023438 2565.245206086
67.165565491 7451.839843750 2385.429167292
67.119812012 7335.797851562 2214.922157407
67.072158813 7224.811035156 2199.532505236
67.020942688 7128.300781250 2133.364493447
66.976654053 7031.101074219 2156.160193310
66.928588867 6922.871582031 2221.919124157
66.879890442 6813.263671875 2298.711344874
66.834548950 6715.604492188 2249.539203303
66.786903381 6590.370605469 2337.617628369
66.735061646 6494.090332031 2343.634574742
66.697906494 6381.035156250 2182.788705760
66.650886536 6284.524902344 1972.333711476
66.595893860 6183.878417969 1700.491938197
66.536071777 6094.032226562 1488.524515114
66.482337952 6011.079101562 1481.728216372
66.414955139 5934.100585938 1630.567794642
66.371299744 5839.428710938 1715.533831321
66.316726685 5728.901367188 1761.961682559
66.260047913 5645.488769531 1422.629889058
66.205688477 5562.995605469 1333.683096218
66.132431030 5500.034179688 1253.120498112
66.083099365 5402.604492188 1239.396145715
66.011108398 5334.357910156 1318.015564495
65.957374573 5260.596679688 1296.895593122
65.896286011 5175.116210938 1500.436529098
65.831428528 5080.673828125 1587.004862645
65.785667419 4990.827636719 1540.726121430
65.734664917 4910.172363281 1394.688857177
65.663719177 4825.381347656 1276.389319936
65.604103088 4758.053710938 1142.754568280
65.543022156 4673.262695312 1171.609592321
65.468719482 4612.599121094 1240.548931642
65.412254333 4523.211914062 1350.146061753
65.356628418 4443.016601562 1436.088297044
65.300376892 4352.020996094 1297.891942770
65.238037109 4286.302246094 1146.116700632
65.175697327 4216.906738281 977.315283605
65.099708557 4143.145507812 998.556718829
65.028976440 4090.064697266 1102.709117934
64.973976135 4011.477783203 1034.156179043
64.911216736 3919.103515625 967.157787585
64.829353333 3884.176025391 892.323671965
64.757148743 3815.929443359 950.202452576
64.701316833 3748.372314453 1181.213696437
64.631416321 3656.687500000 1125.280915198
64.576843262 3590.738769531 1000.631277628
64.500862122 3534.900634766 873.254970412
64.431381226 3472.628417969 832.525325864
64.363792419 3417.709472656 881.303791773
64.288436890 3352.220458984 880.960545445
64.220428467 3285.122802734 832.323844323
64.154312134 3231.812255859 872.511574745
64.075386047 3181.718994141 984.330923677
64.013252258 3099.685058594 1032.882123264
63.961620331 3023.166259766 941.087663311
63.883956909 2969.625976562 756.215968181
63.806922913 2927.804931641 659.503228749
63.722961426 2865.762695312 611.987571924
63.648654938 2815.669189453 576.914178930
63.571411133 2786.256591797 521.234709945
63.486190796 2738.920410156 471.865693360
63.413986206 2700.775878906 454.985268072
63.325195312 2668.605712891 446.303857166
63.241863251 2634.597412109 458.248165372
63.162521362 2588.869873047 504.186037616
63.086326599 2552.793457031 541.867863238
63.004886627 2508.674560547 563.667726311
62.926593781 2461.108642578 574.573409400
62.843261719 2409.866210938 561.867881905
62.762027740 2369.423828125 548.889099296
62.690032959 2331.509033203 487.874793106
62.612579346 2286.011474609 451.141758685
62.513713837 2253.381835938 411.300058641
62.429752350 2217.764892578 399.962588755
62.353347778 2189.271240234 448.651549330
62.273586273 2149.977783203 437.801522423
62.188156128 2106.318359375 426.753835967
62.094329834 2075.986572266 417.694907100
62.022754669 2046.803710938 405.094638973
61.941101074 2006.131591797 399.067670283
61.850841522 1973.272094727 388.928206550
61.765411377 1946.846679688 414.487107520
61.675365448 1907.093627930 418.429211459
61.601268768 1861.366088867 414.949907292
61.511642456 1839.306640625 394.640229999
61.429779053 1807.136474609 350.183683154
61.341831207 1768.302612305 412.323982552
61.249893188 1743.945312500 427.118819395
61.188602448 1699.366699219 403.878763547
61.088478088 1661.911499023 381.800887406
61.007667542 1640.541381836 334.379351090
60.918666840 1610.898925781 358.512139350
60.833446503 1577.809692383 377.371278813
60.755992889 1542.652343750 383.667282304
60.665523529 1514.618408203 378.472366074
60.584712982 1481.988769531 363.832970551
60.494453430 1447.291015625 350.675752289
60.403778076 1416.959228516 327.488201016
60.320655823 1394.440063477 288.333901449
60.232078552 1364.567871094 265.806347050
60.149585724 1349.401977539 270.390771616
60.047782898 1322.057373047 287.917472321
59.960884094 1293.563842773 301.162604696
59.874404907 1262.312866211 312.304468643
59.786243439 1243.700195312 308.566387425
59.693046570 1209.002441406 302.269832476
59.601531982 1181.428100586 310.594341644
59.531841278 1162.125976562 274.746380488
59.426261902 1130.415527344 260.421362794
59.337684631 1112.721923828 244.260538622
59.249946594 1089.283691406 235.959235678
59.158638000 1070.211425781 243.814445845
59.072368622 1047.003051758 248.136677805
58.984626770 1026.092407227 257.944097682
58.884925842 999.207458496 254.368098575
58.798023224 976.918151855 250.617422331
58.710285187 955.777832031 234.763731268
58.617507935 933.948120117 230.017647351
58.524730682 914.875854492 226.327942062
58.441402435 893.965270996 237.799021207
58.339599609 871.905761719 239.770929990
58.260883331 848.467590332 235.228983766
58.158664703 828.016540527 249.452758276
58.076801300 808.714538574 232.176264019
58.006694794 785.276306152 216.545069532
57.894607544 766.433776855 192.447538714
57.792381287 748.970031738 173.769583476
57.700447083 733.114746094 178.922552964
57.603679657 714.961669922 190.222373500
57.521820068 699.795715332 200.287310282
57.425685883 678.885192871 197.737860062
57.335636139 660.272460938 201.981464794
57.231105804 642.578918457 200.677995592
57.143993378 621.898132324 200.518048378
57.043872833 602.136535645 201.110504447
56.955291748 585.362121582 190.387032015
56.858947754 566.979187012 184.548535537
56.769950867 550.664367676 179.948083705
56.675285339 534.349548340 176.045565623
56.591114044 519.643188477 175.919435832
56.483013153 500.570922852 176.459295173
56.388557434 483.566711426 174.890017015
56.296619415 467.711456299 167.950943205
56.214336395 453.924255371 165.705774850
56.115264893 438.988159180 164.133572675
56.019550323 421.754180908 167.365515036
55.917957306 405.669128418 166.336880779
55.829166412 389.584075928 160.385836378
55.737861633 376.486236572 153.776226836
55.638996124 360.860778809 147.494933190
55.537612915 346.843811035 147.428738124
55.458061218 334.894897461 147.600232823
55.356887817 319.958770752 156.490432558
55.261592865 305.252441406 162.276073950
55.171123505 288.937622070 162.835284837
55.084854126 274.690856934 147.296258953
54.976543427 258.835601807 133.918711638
54.874740601 248.724990845 121.775775136
54.800228119 238.154815674 120.825545924
54.682682037 225.286773682 131.151947087
54.606067657 214.027236938 134.974157633
54.500488281 198.861343384 139.932547184
54.409809113 186.223083496 132.324417489
54.307376862 172.895477295 122.572250083
54.216907501 162.784866333 110.631339037
54.118885040 151.984909058 104.195561125
54.017082214 142.793457031 104.538683061
53.919055939 131.993484497 106.596409012
53.821243286 120.963737488 111.951695916
53.730983734 111.082923889 110.376646248
53.640098572 100.512748718 103.512814273
53.536197662 89.942573547 95.462798579
53.437541962 81.670265198 84.167251856
53.343715668 73.857521057 82.342605111
53.241912842 66.963928223 81.838973760
53.145778656 57.083114624 75.676497020
53.046703339 49.959735870 69.838628317
52.952247620 45.364006042 59.611845095
52.850234985 38.700199127 61.567767513
52.752422333 33.415111542 63.215431884
52.649780273 25.372587204 51.549340783
52.550704956 20.317287445 39.683209127
52.445964813 19.168355942 26.737124033
52.347728729 16.410917282 23.535005236
52.240680695 13.653480530 23.475730364
52.146221161 11.125829697 14.103612977
52.051345825 10.206684113 1.336504084
51.956890106 11.355616570 -5.211432254
51.839767456 12.734334946 -1.682900437
51.736915588 12.504549026 4.228799590
51.641826630 10.436470985 5.404459423
51.536247253 10.206684113 -1.694267900
51.434864044 11.125829697 -7.437223073
51.327812195 12.964121819 -3.155283766
51.220764160 12.964121819 5.423974488
51.122318268 10.896043777 7.717414505
51.020725250 9.287538528 1.947869460
50.921653748 10.896043777 -3.949468210
50.828247070 12.044976234 -1.834909288
50.706924438 11.585403442 4.170653876
50.608268738 9.976898193 3.481944606
50.504367828 9.747112274 -0.255873607
50.399208069 11.125829697 -5.847477775
50.302440643 11.125829697 20.096033117
50.197490692 12.274762154 18.611541241
50.133472443 -1.512423038 3.684143372
50.012355804 7.449246883 -6.160236347
49.892921448 9.976898193 -24.090432454
49.783355713 8.368392944 -8.550882357
49.685749054 11.355616570 -6.323143114
49.580169678 11.355616570 -8.001270464
49.474796295 11.815189362 1.690482645
49.375305176 12.274762154 2.639808179
49.283367157 9.976898193 1.638730924
49.174217224 10.896043777 -1.691986232
49.065486908 11.585403442 -1.481060608
48.964523315 12.274762154 1.920704849
48.868808746 9.976898193 11.633771969
48.757980347 10.666256905 3.335234381
48.682624817 6.530101776 -8.072764705
48.551017761 11.815189362 -10.629844632
48.441867828 13.193907738 -9.104410689
48.348670959 12.504549026 0.593419542
48.245819092 10.666256905 2.001711740
48.141078949 12.734334946 0.892542565
48.043895721 12.044976234 0.005727367
47.935794830 11.355616570 6.941601587
47.831684113 11.355616570 9.058846934
47.737644196 9.517325401 1.758558426
47.640251160 8.368392944 -3.437184775
47.526485443 11.815189362 -4.622634776
47.422584534 11.815189362 -2.803235683
47.314693451 10.206684113 2.062297687
47.202186584 10.666256905 -2.311150852
47.114025116 11.355616570 -4.458812096
47.020202637 12.504549026 2.792384180
46.904754639 11.585403442 7.040849148
46.798755646 9.287538528 7.087504772
46.695270538 9.287538528 -1.093157411
46.597667694 9.976898193 -9.270370398
46.489776611 11.815189362 -5.898025302
46.392593384 12.734334946 3.086804298
46.289741516 10.896043777 7.888383491
46.191715240 8.827965736 5.597063596
46.082565308 9.747112274 -6.554954673
45.985801697 10.436470985 -5.270175607
45.879383087 13.423693657 2.497876286
45.773590088 9.747112274 13.027519044
45.671367645 8.827965736 6.843949587
45.589508057 6.070528984 -3.789870222
45.469863892 11.585403442 -7.294626914
45.374988556 9.976898193 -9.338506766
45.260799408 10.436470985 -3.766188672
45.152282715 11.585403442 -7.402297724
45.058452606 12.734334946 -1.456256470
44.950355530 12.734334946 4.797135146
44.842674255 10.666256905 4.218703809
44.750736237 10.206684113 -1.124817801
44.641586304 11.815189362 -8.077908565
44.545452118 12.734334946 -2.843542710
44.444278717 13.423693657 5.503079274
44.335762024 10.896043777 6.374813874
44.233749390 9.976898193 2.001534781
44.126697540 11.125829697 -7.583211896
44.023635864 12.274762154 -6.553843863
43.927711487 13.653480530 -0.261811829
43.824230194 12.044976234 8.862773222
43.731872559 11.355616570 7.315677086
43.624191284 9.057751656 -0.072066508
43.516300201 11.355616570 -0.641905169
43.415340424 12.044976234 -2.038475879
43.309547424 10.206684113 3.975380546
43.210895538 10.666256905 -0.956059329
43.094608307 9.976898193 -5.624146666
43.003093719 12.734334946 -2.817060364
42.912624359 12.044976234 1.869707896
42.799697876 11.125829697 8.256412631
42.696842194 9.976898193 -0.875525146
42.595672607 9.517325401 -9.321618252
42.500167847 13.423693657 -5.314409682
42.398151398 14.113054276 2.122838290
42.278507233 10.666256905 6.355122008
42.183631897 9.976898193 1.810270640
42.098621368 12.504549026 -7.997723644
41.984226227 12.504549026 -0.179636710
41.881584167 13.423693657 5.931289722
41.774742126 9.747112274 7.636918498
41.663494110 10.666256905 5.269011571
41.579116821 9.976898193 2.288775920
41.471225739 10.666256905 -1.307158699
41.358299255 8.598178864 -4.646818392
41.260272980 12.044976234 -7.000157326
41.157840729 11.815189362 -4.057774928
41.056247711 12.734334946 1.388784175
40.945838928 10.436470985 -0.546732225
40.845504761 12.044976234 3.102998037
40.753570557 12.504549026 5.997002863
40.631824493 10.206684113 5.017177203
40.540939331 8.368392944 -2.903771177
40.436405182 11.585403442 -7.517851408
40.335865021 13.423693657 -2.964912731
40.236789703 11.355616570 3.052290201
40.131839752 9.976898193 3.311873243
40.038223267 11.815189362 -3.282351239
39.937259674 11.585403442 -1.756677277
39.812366486 12.274762154 3.363286161
39.722110748 10.666256905 4.321486333
39.622615814 10.436470985 2.153933771
39.517036438 10.206684113 -3.139850583
39.412712097 11.355616570 -4.245808200
39.315319061 11.815189362 1.033374833
39.210369110 11.815189362 7.079426027
39.095970154 9.517325401 7.361168027
38.995639801 8.827965736 -0.164772841
38.899291992 9.517325401 -8.276456154
38.801898956 12.044976234 -5.130219225
38.694637299 12.044976234 -0.391811595
38.593044281 10.206684113 3.489483489
38.488723755 10.666256905 2.400751842
38.381675720 10.896043777 -1.988319139
38.279453278 10.436470985 -4.881033257
38.178909302 11.355616570 -3.515931549
38.070598602 12.964121819 -1.394851897
37.980552673 11.355616570 5.708983289
37.865734100 11.125829697 6.015921175
37.760993958 9.287538528 -3.119237186
37.664226532 10.896043777 -4.088510662
37.566413879 13.193907738 -2.614285869
37.451385498 11.355616570 -0.429899803
37.361549377 10.436470985 3.825510111
37.251560211 12.504549026 0.117912781
37.158363342 10.666256905 2.086869284
37.040187836 11.125829697 4.217056777
36.935867310 9.976898193 -2.606793221
36.846660614 10.666256905 -3.203006145
36.744857788 12.274762154 -2.554965645
36.640743256 11.585403442 -2.563550790
36.529285431 10.896043777 0.733628942
36.432731628 12.734334946 2.655608016
36.317493439 11.355616570 4.028767229
36.223457336 9.976898193 0.311184499
36.115779877 10.206684113 -4.091157463
36.016494751 13.193907738 -2.062138515
35.911754608 11.815189362 2.964736645
35.814361572 10.206684113 6.572689067
35.712345123 10.206684113 -2.339023591
35.610126495 10.666256905 -4.235524130
35.505802155 12.734334946 -1.375533097
35.402111053 11.125829697 -0.236333615
35.303665161 10.666256905 0.733871882
35.203964233 11.815189362 0.127331705
35.106147766 12.044976234 3.653209952
34.989654541 10.436470985 2.431307033
34.894989014 9.517325401 0.040747430
34.786048889 11.815189362 -1.402051231
34.685504913 11.355616570 -2.491509573
34.581813812 10.206684113 1.143644165
34.479801178 11.585403442 -6.813194061
34.383037567 11.125829697 -7.572735208
34.273468018 14.342840195 2.409705835
34.167465210 12.734334946 5.870050377
34.061466217 9.517325401 3.163616673
33.965541840 10.436470985 -0.422974332
33.872974396 14.113054276 -1.654568711
33.740524292 10.896043777 -0.019268304
33.647117615 10.436470985 3.294275126
33.545314789 12.504549026 -0.884700882
33.448760986 11.815189362 3.648544851
33.341922760 10.666256905 6.762469945
33.230251312 9.517325401 -0.300685366
33.139156342 10.206684113 -3.081202172
