###########################################################
#                                                         #
# IV-Curve measured with hv-distro-board and Raspberry Pi #
#                                                         #
# Chosen paramteters:                                     #
#    C = 2                         						  #
#    N = 5                        					      #
#    n = 100                    						  #
#    s = 1                                                #
#    r = 0                                                #
#                                                         #
# Channel Voltage[V] Current[nA] Temperature[dC] Wiper    #
#                                                         #
###########################################################
Ch2: 38.550738 0.759486 27.500000 300 
Ch2: 38.653294 0.637807 27.468750 299 
Ch2: 38.745800 0.824116 27.468750 298 
Ch2: 38.843976 0.582752 27.500000 297 
Ch2: 38.947562 0.834888 27.468750 296 
Ch2: 39.056303 0.674909 27.437500 295 
Ch2: 39.157570 0.662941 27.437500 294 
Ch2: 39.260126 0.640999 27.500000 293 
Ch2: 39.371701 0.754699 27.406250 292 
Ch2: 39.469876 0.927045 27.406250 291 
Ch2: 39.577328 0.757891 27.406250 290 
Ch2: 39.678080 0.690867 27.406250 289 
Ch2: 39.777287 0.937417 27.406250 288 
Ch2: 39.888346 0.741135 27.437500 287 
Ch2: 39.985491 0.559613 27.343750 286 
Ch2: 40.090108 0.879171 27.343750 285 
Ch2: 40.195241 0.686479 27.312500 284 
Ch2: 40.300116 0.769460 27.406250 283 
Ch2: 40.403187 0.627435 27.312500 282 
Ch2: 40.507032 0.902709 27.375000 281 
Ch2: 40.610103 0.763476 27.250000 280 
Ch2: 40.713432 0.727571 27.343750 279 
Ch2: 40.815473 0.737145 27.218750 278 
Ch2: 40.927820 0.793796 27.218750 277 
Ch2: 41.024450 0.789806 27.187500 276 
Ch2: 41.128036 0.637009 27.281250 275 
Ch2: 41.232138 0.912284 27.281250 274 
Ch2: 41.333921 0.685282 27.156250 273 
Ch2: 41.435704 0.553629 27.125000 272 
Ch2: 41.540837 0.843665 27.187500 271 
Ch2: 41.642105 0.866804 27.218750 270 
Ch2: 41.745176 0.698447 27.156250 269 
Ch2: 41.847732 0.679298 27.156250 268 
Ch2: 41.951576 0.808956 27.156250 267 
Ch2: 42.056967 0.831297 27.062500 266 
Ch2: 42.159007 0.775843 27.125000 265 
Ch2: 42.261821 0.805764 27.000000 264 
Ch2: 42.365408 0.797785 27.000000 263 
Ch2: 42.468479 0.768662 27.000000 262 
Ch2: 42.572839 0.755896 27.062500 261 
Ch2: 42.676425 0.838079 26.937500 260 
Ch2: 42.780785 0.657356 27.000000 259 
Ch2: 42.890298 0.653765 27.000000 258 
Ch2: 42.993370 0.982499 26.968750 257 
Ch2: 43.087938 0.662941 26.875000 256 
Ch2: 43.193328 0.658552 26.937500 255 
Ch2: 43.294338 0.931832 26.937500 254 
Ch2: 43.396894 0.746720 26.906250 253 
Ch2: 43.499965 0.939811 26.875000 252 
Ch2: 43.604325 0.799780 26.781250 251 
Ch2: 43.710746 0.979706 26.812500 250 
Ch2: 43.819229 0.850447 26.812500 249 
Ch2: 43.914827 0.760284 26.812500 248 
Ch2: 44.017899 0.818531 26.781250 247 
Ch2: 44.119939 0.905103 26.781250 246 
Ch2: 44.225330 0.719991 26.781250 245 
Ch2: 44.333812 0.935822 26.656250 244 
Ch2: 44.435853 0.922656 26.656250 243 
Ch2: 44.545624 0.930635 26.625000 242 
Ch2: 44.647922 0.909491 26.656250 241 
Ch2: 44.740429 0.824914 26.656250 240 
Ch2: 44.855869 0.817334 26.656250 239 
Ch2: 44.950437 0.568390 26.656250 238 
Ch2: 45.055312 1.048724 26.593750 237 
Ch2: 45.154775 0.820127 26.625000 236 
Ch2: 45.259908 0.640999 26.593750 235 
Ch2: 45.373802 0.695256 26.562500 234 
Ch2: 45.469658 0.732358 26.500000 233 
Ch2: 45.572472 0.759486 26.468750 232 
Ch2: 45.683274 0.722783 26.500000 231 
Ch2: 45.780418 0.624243 26.531250 230 
Ch2: 45.882459 0.832893 26.468750 229 
Ch2: 45.988365 0.804568 26.468750 228 
Ch2: 46.094528 0.710815 26.468750 227 
Ch2: 46.198888 0.828903 26.437500 226 
Ch2: 46.300413 0.897921 26.406250 225 
Ch2: 46.390085 0.763875 26.406250 224 
Ch2: 46.509906 0.744725 26.406250 223 
Ch2: 46.609370 0.953774 26.375000 222 
Ch2: 46.714502 0.787812 26.343750 221 
Ch2: 46.810616 0.652568 26.343750 220 
Ch2: 46.921933 0.650175 26.343750 219 
Ch2: 47.025262 0.771056 26.250000 218 
Ch2: 47.128591 0.753103 26.312500 217 
Ch2: 47.230890 0.773450 26.312500 216 
Ch2: 47.335249 0.883559 26.281250 215 
Ch2: 47.437548 0.798184 26.281250 214 
Ch2: 47.538815 0.841271 26.218750 213 
Ch2: 47.642144 0.816536 26.218750 212 
Ch2: 47.750111 0.788610 26.156250 211 
Ch2: 47.851121 0.794195 26.218750 210 
Ch2: 47.955481 0.730363 26.218750 209 
Ch2: 48.047472 1.043937 26.156250 208 
Ch2: 48.161624 0.748316 26.093750 207 
Ch2: 48.254388 0.858825 26.125000 206 
Ch2: 48.357975 0.689670 26.125000 205 
Ch2: 48.457696 0.790604 26.156250 204 
Ch2: 48.565663 0.773450 26.125000 203 
Ch2: 48.669508 0.771455 26.031250 202 
Ch2: 48.768972 0.879969 26.062500 201 
Ch2: 48.874362 0.978908 26.062500 200 
Ch2: 48.978464 0.723182 26.062500 199 
Ch2: 49.072517 0.939811 26.000000 198 
Ch2: 49.174815 0.838478 26.031250 197 
Ch2: 49.278144 1.008430 26.031250 196 
Ch2: 49.385080 0.806961 26.000000 195 
Ch2: 49.489698 0.733954 25.937500 194 
Ch2: 49.589677 0.803770 25.937500 193 
Ch2: 49.685533 0.830100 25.937500 192 
Ch2: 49.791439 0.699644 25.906250 191 
Ch2: 49.889615 0.744725 25.906250 190 
Ch2: 49.993201 0.822520 25.875000 189 
Ch2: 50.096530 0.752704 25.937500 188 
Ch2: 50.198571 0.674909 25.937500 187 
Ch2: 50.303188 0.887150 25.843750 186 
Ch2: 50.404198 0.917869 25.875000 185 
Ch2: 50.508300 0.989680 25.875000 184 
Ch2: 50.609052 0.919066 25.906250 183 
Ch2: 50.711608 0.887549 25.906250 182 
Ch2: 50.814164 0.828106 25.875000 181 
Ch2: 50.918782 0.801775 25.843750 180 
Ch2: 51.021338 0.764673 25.843750 179 
Ch2: 51.124924 0.673314 25.843750 178 
Ch2: 51.226192 0.854037 25.812500 177 
Ch2: 51.328748 0.956168 25.812500 176 
Ch2: 51.431819 0.862415 25.781250 175 
Ch2: 51.532829 1.002845 25.843750 174 
Ch2: 51.635127 0.821323 25.843750 173 
Ch2: 51.735364 0.684484 25.812500 172 
Ch2: 51.842816 0.997659 25.750000 171 
Ch2: 51.947949 0.872788 25.781250 170 
Ch2: 52.045094 0.700442 25.781250 169 
Ch2: 52.139662 0.851643 25.718750 168 
Ch2: 52.243764 1.047527 25.750000 167 
Ch2: 52.344258 0.906299 25.781250 166 
Ch2: 52.441145 0.893533 25.750000 165 
Ch2: 52.544990 0.934226 25.750000 164 
Ch2: 52.649865 0.795791 25.718750 163 
Ch2: 52.752163 0.850048 25.750000 162 
Ch2: 52.852142 0.755098 25.718750 161 
Ch2: 52.951864 0.774646 25.687500 160 
Ch2: 53.059316 0.952178 25.656250 159 
Ch2: 53.160325 0.934226 25.656250 158 
Ch2: 53.262366 0.858426 25.656250 157 
Ch2: 53.364664 1.191946 25.625000 156 
Ch2: 53.469024 1.305248 25.656250 155 
Ch2: 53.571322 1.506318 25.625000 154 
Ch2: 53.676455 1.606454 25.625000 153 
Ch2: 53.776692 2.133066 25.625000 152 
Ch2: 53.877960 2.529620 25.625000 151 
Ch2: 53.980516 2.907823 25.593750 150 
Ch2: 54.079722 3.411296 25.593750 149 
Ch2: 54.181505 3.884848 25.593750 148 
Ch2: 54.278392 4.577821 25.562500 147 
Ch2: 54.384555 4.811206 25.562500 146 
Ch2: 54.477319 5.657774 25.562500 145 
Ch2: 54.576268 5.855653 25.562500 144 
Ch2: 54.678824 6.884540 25.531250 143 
Ch2: 54.781895 7.399982 25.562500 142 
Ch2: 54.884966 8.175537 25.531250 141 
Ch2: 54.985976 9.016919 25.562500 140 
Ch2: 55.086729 9.537148 25.593750 139 
Ch2: 55.188511 10.416829 25.562500 138 
Ch2: 55.287718 11.276962 25.500000 137 
Ch2: 55.383316 12.233241 25.468750 136 
Ch2: 55.482780 13.048292 25.500000 135 
Ch2: 55.581471 13.942336 25.468750 134 
Ch2: 55.684800 14.762174 25.468750 133 
Ch2: 55.787614 15.712070 25.468750 132 
Ch2: 55.889654 16.787236 25.468750 131 
Ch2: 55.992468 17.822906 25.468750 130 
Ch2: 56.094766 18.825463 25.437500 129 
Ch2: 56.180315 19.786530 25.437500 128 
Ch2: 56.284933 20.936698 25.468750 127 
Ch2: 56.380016 22.036200 25.437500 126 
Ch2: 56.482314 23.086631 25.468750 125 
Ch2: 56.583840 24.196904 25.468750 124 
Ch2: 56.687426 25.163157 25.468750 123 
Ch2: 56.785602 26.417849 25.437500 122 
Ch2: 56.880427 27.558044 25.406250 121 
Ch2: 56.974995 28.919255 25.406250 120 
Ch2: 57.077551 30.277674 25.406250 119 
Ch2: 57.181396 31.451779 25.437500 118 
Ch2: 57.281375 32.593570 25.406250 117 
Ch2: 57.384188 34.196544 25.437500 116 
Ch2: 57.484425 35.530228 25.406250 115 
Ch2: 57.584662 36.955272 25.375000 114 
Ch2: 57.682322 38.411034 25.406250 113 
Ch2: 57.771479 39.850839 25.375000 112 
Ch2: 57.876096 41.453414 25.375000 111 
Ch2: 57.977106 42.881251 25.375000 110 
Ch2: 58.079662 44.675321 25.375000 109 
Ch2: 58.172426 46.271514 25.343750 108 
Ch2: 58.267252 48.203222 25.343750 107 
Ch2: 58.366716 49.912715 25.343750 106 
Ch2: 58.469530 51.607847 25.343750 105 
Ch2: 58.571312 53.216406 25.343750 104 
Ch2: 58.671807 55.205164 25.312500 103 
Ch2: 58.764571 57.167192 25.312500 102 
Ch2: 58.856047 59.040254 25.312500 101 
Ch2: 58.957572 61.082471 25.312500 100 
Ch2: 59.059871 63.143039 25.312500 99 
Ch2: 59.161911 65.194830 25.343750 98 
Ch2: 59.262921 67.507135 25.312500 97 
Ch2: 59.347182 69.577677 25.312500 96 
Ch2: 59.446130 72.082275 25.312500 95 
Ch2: 59.548944 74.429687 25.281250 94 
Ch2: 59.650985 76.917130 25.312500 93 
Ch2: 59.736018 79.282494 25.281250 92 
Ch2: 59.833163 81.508227 25.312500 91 
Ch2: 59.936235 84.302860 25.281250 90 
Ch2: 60.037502 87.026082 25.281250 89 
Ch2: 60.136966 89.792390 25.281250 88 
Ch2: 60.223030 92.689154 25.281250 87 
Ch2: 60.321979 95.516501 25.312500 86 
Ch2: 60.425566 98.706093 25.312500 85 
Ch2: 60.525545 101.780388 25.281250 84 
Ch2: 60.615217 105.045382 25.250000 83 
Ch2: 60.709785 108.019941 25.218750 82 
Ch2: 60.811310 111.719389 25.250000 81 
Ch2: 60.896859 114.664026 25.250000 80 
Ch2: 60.999931 118.803115 25.250000 79 
Ch2: 61.095014 122.297105 25.218750 78 
Ch2: 61.198085 125.932721 25.250000 77 
Ch2: 61.284923 129.738290 25.250000 76 
Ch2: 61.380779 134.202522 25.218750 75 
Ch2: 61.481789 138.500392 25.218750 74 
Ch2: 61.580995 142.573655 25.187500 73 
Ch2: 61.669121 147.230180 25.187500 72 
Ch2: 61.764978 151.733110 25.218750 71 
Ch2: 61.863411 156.251599 25.218750 70 
Ch2: 61.947414 160.908523 25.187500 69 
Ch2: 62.048424 166.013067 25.156250 68 
Ch2: 62.144538 171.408045 25.187500 67 
Ch2: 62.230602 176.751958 25.187500 66 
Ch2: 62.332128 182.053982 25.156250 65 
Ch2: 62.414069 187.198022 25.218750 64 
Ch2: 62.519717 193.688911 25.187500 63 
Ch2: 62.615574 199.304907 25.187500 62 
Ch2: 62.709369 205.539672 25.156250 61 
Ch2: 62.795691 211.832683 25.156250 60 
Ch2: 62.897731 218.516664 25.187500 59 
Ch2: 62.979415 224.989202 25.156250 58 
Ch2: 63.077849 231.553099 25.156250 57 
Ch2: 63.162367 238.740552 25.125000 56 
Ch2: 63.259769 245.968299 25.156250 55 
Ch2: 63.342227 253.020908 25.156250 54 
Ch2: 63.440144 261.167433 25.156250 53 
Ch2: 63.532135 269.067010 25.125000 52 
Ch2: 63.620519 277.037599 25.125000 51 
Ch2: 63.714056 285.567912 25.125000 50 
Ch2: 63.800894 294.099024 25.125000 49 
Ch2: 63.879486 302.057245 25.125000 48 
Ch2: 63.981011 311.967521 25.093750 47 
Ch2: 64.065272 321.491615 25.125000 46 
Ch2: 64.161386 330.401328 25.125000 45 
Ch2: 64.239205 339.744299 25.093750 44 
Ch2: 64.338926 350.268956 25.125000 43 
Ch2: 64.419322 360.574988 25.093750 42 
Ch2: 64.507448 370.383532 25.093750 41 
Ch2: 64.599439 381.499829 25.093750 40 
Ch2: 64.677000 392.351623 25.093750 39 
Ch2: 64.761261 403.727635 25.093750 38 
Ch2: 64.856087 414.939679 25.125000 37 
Ch2: 64.934679 427.636210 25.093750 36 
Ch2: 65.016105 439.630194 25.062500 35 
Ch2: 65.112477 451.533615 25.093750 34 
Ch2: 65.192099 464.378954 25.031250 33 
Ch2: 65.269660 475.695922 25.031250 32 
Ch2: 65.350571 489.786777 25.062500 31 
Ch2: 65.436894 503.018298 25.093750 30 
Ch2: 65.526050 516.332800 25.062500 29 
Ch2: 65.604642 529.483734 25.062500 28 
Ch2: 65.681946 544.664915 25.062500 27 
Ch2: 65.760538 558.904578 25.031250 26 
Ch2: 65.841706 573.074425 25.031250 25 
Ch2: 65.923648 588.668518 25.062500 24 
Ch2: 66.006363 603.751558 25.062500 23 
Ch2: 66.086501 619.561881 25.062500 22 
Ch2: 66.168185 634.673247 25.031250 21 
Ch2: 66.248065 651.919385 25.031250 20 
Ch2: 66.324595 667.801120 25.062500 19 
Ch2: 66.400610 684.945127 25.000000 18 
Ch2: 66.477399 702.295789 25.031250 17 
Ch2: 66.536407 717.704770 25.031250 16 
Ch2: 66.619895 736.965597 25.000000 15 
Ch2: 66.689210 755.359510 25.000000 14 
Ch2: 66.764195 773.747438 25.000000 13 
Ch2: 66.841240 791.811819 25.031250 12 
Ch2: 66.918029 810.758674 25.000000 11 
Ch2: 66.989921 830.082934 25.000000 10 
Ch2: 67.053310 849.798961 25.031250 9 
Ch2: 67.124944 869.686536 24.968750 8 
Ch2: 67.200186 889.899254 25.000000 7 
Ch2: 67.258164 910.240034 24.968750 6 
Ch2: 67.331087 931.664757 25.031250 5 
Ch2: 67.394733 953.499998 25.031250 4 
Ch2: 67.459926 974.565667 25.000000 3 
Ch2: 67.531303 995.633731 24.937500 2 
Ch2: 67.588765 1018.485492 25.000000 1 
Ch2: 67.664265 1034.463772 24.968750 0 
Ch2: 67.664007 1034.373610 24.968750 0 
Ch2: 67.589281 1018.627517 25.000000 1 
Ch2: 67.528468 996.227765 24.968750 2 
Ch2: 67.460441 974.802643 25.000000 3 
Ch2: 67.397053 953.945623 24.968750 4 
Ch2: 67.331345 931.528716 24.968750 5 
Ch2: 67.254814 910.883538 24.937500 6 
Ch2: 67.200444 890.433446 24.937500 7 
Ch2: 67.125717 870.622868 24.937500 8 
Ch2: 67.049960 850.306024 24.968750 9 
Ch2: 66.989405 831.314088 24.937500 10 
Ch2: 66.919059 810.918652 24.968750 11 
Ch2: 66.842013 791.240924 24.968750 12 
Ch2: 66.765225 773.092365 24.968750 13 
Ch2: 66.692045 753.587381 24.968750 14 
Ch2: 66.619895 736.301348 25.000000 15 
Ch2: 66.537438 718.063425 24.937500 16 
Ch2: 66.476626 702.004557 24.906250 17 
Ch2: 66.400095 684.619585 24.906250 18 
Ch2: 66.325884 667.340733 24.937500 19 
Ch2: 66.248323 650.726928 24.937500 20 
Ch2: 66.168185 634.403159 24.968750 21 
Ch2: 66.085728 618.226601 24.906250 22 
Ch2: 66.010486 602.744214 24.906250 23 
Ch2: 65.927255 587.532314 24.937500 24 
Ch2: 65.844541 571.998063 24.937500 25 
Ch2: 65.762341 558.482092 24.906250 26 
Ch2: 65.682461 543.427377 24.906250 27 
Ch2: 65.605158 528.769616 24.937500 28 
Ch2: 65.527854 515.254044 24.937500 29 
Ch2: 65.441274 501.968665 24.906250 30 
Ch2: 65.352890 488.371309 24.875000 31 
Ch2: 65.270176 474.643895 24.906250 32 
Ch2: 65.192872 462.967874 24.906250 33 
Ch2: 65.113765 450.204718 24.906250 34 
Ch2: 65.020485 438.211932 24.906250 35 
Ch2: 64.935709 426.222736 24.906250 36 
Ch2: 64.857633 413.957469 24.875000 37 
Ch2: 64.762549 402.956867 24.937500 38 
Ch2: 64.677773 391.814240 24.906250 39 
Ch2: 64.600212 380.759381 24.906250 40 
Ch2: 64.510282 370.233129 24.875000 41 
Ch2: 64.420095 359.543308 24.875000 42 
Ch2: 64.341761 349.374514 24.875000 43 
Ch2: 64.239978 339.291892 24.875000 44 
Ch2: 64.162159 329.411138 24.875000 45 
Ch2: 64.071714 319.749806 24.875000 46 
Ch2: 63.981784 310.759106 24.843750 47 
Ch2: 63.879743 301.138068 24.843750 48 
Ch2: 63.801409 292.853108 24.875000 49 
Ch2: 63.711222 284.276516 24.875000 50 
Ch2: 63.621292 275.652051 24.843750 51 
Ch2: 63.533166 267.966710 24.843750 52 
Ch2: 63.440660 259.690926 24.875000 53 
Ch2: 63.342227 252.224208 24.843750 54 
Ch2: 63.260285 244.642195 24.875000 55 
Ch2: 63.164944 237.445566 24.843750 56 
Ch2: 63.079652 230.411309 24.812500 57 
Ch2: 62.985084 223.551392 24.875000 58 
Ch2: 62.899277 217.242423 24.843750 59 
Ch2: 62.796722 210.743155 24.875000 60 
Ch2: 62.711430 204.327667 24.843750 61 
Ch2: 62.616089 198.449961 24.875000 62 
Ch2: 62.519460 192.704706 24.875000 63 
Ch2: 62.413812 185.973250 24.812500 64 
Ch2: 62.332643 180.894638 24.812500 65 
Ch2: 62.230345 175.153372 24.843750 66 
Ch2: 62.143249 169.889249 24.812500 67 
Ch2: 62.049454 165.131790 24.812500 68 
Ch2: 61.947414 160.135760 24.843750 69 
Ch2: 61.863153 155.195582 24.812500 70 
Ch2: 61.765751 150.340381 24.812500 71 
Ch2: 61.668606 145.948359 24.812500 72 
Ch2: 61.584345 141.613386 24.843750 73 
Ch2: 61.482562 136.936914 24.781250 74 
Ch2: 61.381037 133.032805 24.781250 75 
Ch2: 61.288530 128.702221 24.812500 76 
Ch2: 61.199116 124.962080 24.812500 77 
Ch2: 61.096302 121.284973 24.812500 78 
Ch2: 61.003538 117.441904 24.812500 79 
Ch2: 60.901755 113.767190 24.843750 80 
Ch2: 60.812598 110.364161 24.812500 81 
Ch2: 60.712362 106.821899 24.781250 82 
Ch2: 60.617794 103.784705 24.812500 83 
Ch2: 60.527606 100.523302 24.812500 84 
Ch2: 60.426081 97.377196 24.812500 85 
Ch2: 60.323267 94.310480 24.781250 86 
Ch2: 60.231019 91.508266 24.812500 87 
Ch2: 60.139800 88.370538 24.781250 88 
Ch2: 60.039048 85.924984 24.812500 89 
Ch2: 59.937008 83.308282 24.812500 90 
Ch2: 59.840894 80.482531 24.781250 91 
Ch2: 59.746841 77.855057 24.781250 92 
Ch2: 59.652788 75.409105 24.781250 93 
Ch2: 59.552036 73.139887 24.781250 94 
Ch2: 59.448965 70.953650 24.781250 95 
Ch2: 59.345893 68.373252 24.781250 96 
Ch2: 59.267559 66.463486 24.781250 97 
Ch2: 59.163457 64.056232 24.781250 98 
Ch2: 59.060901 62.041144 24.750000 99 
Ch2: 58.960922 60.042413 24.781250 100 
Ch2: 58.859912 58.025729 24.750000 101 
Ch2: 58.764829 56.038966 24.781250 102 
Ch2: 58.672580 54.481871 24.781250 103 
Ch2: 58.570797 52.238983 24.781250 104 
Ch2: 58.469014 50.485206 24.781250 105 
Ch2: 58.369035 48.922525 24.750000 106 
Ch2: 58.271633 46.982041 24.750000 107 
Ch2: 58.173457 45.202731 24.750000 108 
Ch2: 58.080435 43.831945 24.750000 109 
Ch2: 57.977879 42.138808 24.750000 110 
Ch2: 57.876096 40.518280 24.781250 111 
Ch2: 57.772510 39.020627 24.781250 112 
Ch2: 57.683611 37.676969 24.750000 113 
Ch2: 57.590331 36.110299 24.781250 114 
Ch2: 57.485714 34.724752 24.750000 115 
Ch2: 57.385477 33.419393 24.750000 116 
Ch2: 57.282406 32.276007 24.750000 117 
Ch2: 57.179850 30.568907 24.718750 118 
Ch2: 57.080386 29.788963 24.750000 119 
Ch2: 56.978603 28.305673 24.781250 120 
Ch2: 56.887127 27.231305 24.718750 121 
Ch2: 56.792559 25.954271 24.718750 122 
Ch2: 56.689488 24.679631 24.750000 123 
Ch2: 56.586674 23.569358 24.781250 124 
Ch2: 56.483603 22.488208 24.718750 125 
Ch2: 56.381562 21.393095 24.750000 126 
Ch2: 56.283902 20.295588 24.718750 127 
Ch2: 56.190622 19.064433 24.750000 128 
Ch2: 56.096828 18.146054 24.687500 129 
Ch2: 55.994014 17.289113 24.750000 130 
Ch2: 55.891200 16.478450 24.718750 131 
Ch2: 55.789160 15.515389 24.718750 132 
Ch2: 55.687119 14.635708 24.687500 133 
Ch2: 55.586109 13.775176 24.718750 134 
Ch2: 55.491284 12.841238 24.718750 135 
Ch2: 55.393366 11.851447 24.718750 136 
Ch2: 55.298282 11.074695 24.718750 137 
Ch2: 55.195211 10.062563 24.718750 138 
Ch2: 55.092140 9.607762 24.718750 139 
Ch2: 54.989068 8.856143 24.718750 140 
Ch2: 54.886255 8.179926 24.718750 141 
Ch2: 54.783957 7.326575 24.687500 142 
Ch2: 54.689646 6.643975 24.687500 143 
Ch2: 54.579360 5.861238 24.718750 144 
Ch2: 54.493295 5.190207 24.718750 145 
Ch2: 54.393832 4.731017 24.687500 146 
Ch2: 54.291276 4.360793 24.687500 147 
Ch2: 54.189235 3.938706 24.687500 148 
Ch2: 54.086937 3.181103 24.687500 149 
Ch2: 53.984123 2.801703 24.687500 150 
Ch2: 53.881309 2.421106 24.656250 151 
Ch2: 53.784938 2.177349 24.718750 152 
Ch2: 53.676455 1.652732 24.656250 153 
Ch2: 53.581372 1.489562 24.718750 154 
Ch2: 53.471343 1.265752 24.687500 155 
Ch2: 53.372395 0.982897 24.656250 156 
Ch2: 53.266489 0.892735 24.687500 157 
Ch2: 53.170375 0.935423 24.687500 158 
Ch2: 53.074003 0.928242 24.718750 159 
Ch2: 52.955987 0.913480 24.656250 160 
Ch2: 52.863995 0.788211 24.687500 161 
Ch2: 52.767108 0.763875 24.656250 162 
Ch2: 52.664037 0.792998 24.687500 163 
Ch2: 52.559420 0.676106 24.656250 164 
Ch2: 52.457121 0.743130 24.687500 165 
Ch2: 52.356369 0.689670 24.656250 166 
Ch2: 52.257163 0.723182 24.687500 167 
Ch2: 52.154349 0.678101 24.656250 168 
Ch2: 52.051536 0.889145 24.687500 169 
Ch2: 51.948722 0.830100 24.656250 170 
Ch2: 51.846681 0.933827 24.656250 171 
Ch2: 51.743610 0.916273 24.687500 172 
Ch2: 51.639508 0.960955 24.625000 173 
Ch2: 51.536952 0.621051 24.656250 174 
Ch2: 51.436458 0.862814 24.656250 175 
Ch2: 51.332098 0.691266 24.656250 176 
Ch2: 51.230315 1.032367 24.656250 177 
Ch2: 51.132655 0.788610 24.656250 178 
Ch2: 51.028810 0.652169 24.625000 179 
Ch2: 50.929604 0.879171 24.656250 180 
Ch2: 50.823441 0.659749 24.625000 181 
Ch2: 50.726296 0.880767 24.625000 182 
Ch2: 50.626575 0.901113 24.656250 183 
Ch2: 50.526595 0.671319 24.593750 184 
Ch2: 50.422236 0.700841 24.656250 185 
Ch2: 50.323287 0.654563 24.625000 186 
Ch2: 50.218154 0.642595 24.656250 187 
Ch2: 50.115341 0.844462 24.625000 188 
Ch2: 50.012785 0.522910 24.625000 189 
Ch2: 49.911002 0.974919 24.656250 190 
Ch2: 49.809477 0.707623 24.625000 191 
Ch2: 49.703828 0.677303 24.625000 192 
Ch2: 49.604622 0.932231 24.625000 193 
Ch2: 49.501036 0.791003 24.625000 194 
Ch2: 49.397964 0.905103 24.625000 195 
Ch2: 49.298758 0.643392 24.625000 196 
Ch2: 49.192337 0.692463 24.625000 197 
Ch2: 49.088750 0.676904 24.625000 198 
Ch2: 48.986452 0.953774 24.625000 199 
Ch2: 48.882865 0.861617 24.593750 200 
Ch2: 48.780825 0.957365 24.656250 201 
Ch2: 48.677753 0.859224 24.593750 202 
Ch2: 48.574682 0.593923 24.625000 203 
Ch2: 48.476507 0.657356 24.593750 204 
Ch2: 48.367766 0.912284 24.625000 205 
Ch2: 48.264953 0.846856 24.625000 206 
Ch2: 48.162912 0.502564 24.593750 207 
Ch2: 48.059325 0.947391 24.562500 208 
Ch2: 47.958831 0.788211 24.625000 209 
Ch2: 47.857563 0.634217 24.656250 210 
Ch2: 47.755265 0.755497 24.593750 211 
Ch2: 47.651163 0.858426 24.687500 212 
Ch2: 47.546803 0.832494 24.593750 213 
Ch2: 47.443474 0.945396 24.625000 214 
Ch2: 47.342722 0.763077 24.593750 215 
Ch2: 47.240939 0.649377 24.593750 216 
Ch2: 47.135806 0.587540 24.562500 217 
Ch2: 47.043558 0.836483 24.562500 218 
Ch2: 46.936879 0.833691 24.593750 219 
Ch2: 46.832261 0.538868 24.562500 220 
Ch2: 46.725067 0.736746 24.562500 221 
Ch2: 46.624573 0.973323 24.656250 222 
Ch2: 46.532839 0.717198 24.562500 223 
Ch2: 46.413019 0.557220 24.562500 224 
Ch2: 46.316389 0.756295 24.656250 225 
Ch2: 46.215379 0.852840 24.656250 226 
Ch2: 46.111020 0.638206 24.593750 227 
Ch2: 46.008979 0.724778 24.593750 228 
Ch2: 45.901012 0.847255 24.562500 229 
Ch2: 45.798714 0.763875 24.593750 230 
Ch2: 45.697188 0.771056 24.562500 231 
Ch2: 45.596436 0.853638 24.656250 232 
Ch2: 45.491561 0.650972 24.656250 233 
Ch2: 45.393386 0.770657 24.625000 234 
Ch2: 45.286964 0.692064 24.562500 235 
Ch2: 45.180543 0.804568 24.593750 236 
Ch2: 45.077730 0.947790 24.656250 237 
Ch2: 44.976462 0.951381 24.562500 238 
Ch2: 44.880090 0.669723 24.625000 239 
Ch2: 44.769804 0.644589 24.562500 240 
Ch2: 44.673432 0.871591 24.562500 241 
Ch2: 44.574484 0.661744 24.562500 242 
Ch2: 44.471670 0.668127 24.656250 243 
Ch2: 44.369114 0.581157 24.562500 244 
Ch2: 44.252901 0.779035 24.562500 245 
Ch2: 44.148799 0.848053 24.562500 246 
Ch2: 44.053201 0.646983 24.562500 247 
Ch2: 43.941626 0.617062 24.562500 248 
Ch2: 43.843708 0.647781 24.562500 249 
Ch2: 43.743987 0.686878 24.562500 250 
Ch2: 43.641431 0.722384 24.625000 251 
Ch2: 43.531144 0.923853 24.562500 252 
Ch2: 43.429619 0.626637 24.562500 253 
Ch2: 43.328867 0.867601 24.531250 254 
Ch2: 43.235845 0.670920 24.500000 255 
Ch2: 43.121694 0.800578 24.531250 256 
Ch2: 43.028929 0.791801 24.625000 257 
Ch2: 42.928692 0.697649 24.656250 258 
Ch2: 42.824590 0.681691 24.531250 259 
Ch2: 42.720488 0.735151 24.562500 260 
Ch2: 42.611748 0.869596 24.562500 261 
Ch2: 42.507646 0.621450 24.625000 262 
Ch2: 42.407925 0.972126 24.625000 263 
Ch2: 42.301246 0.538868 24.531250 264 
Ch2: 42.198174 0.974919 24.531250 265 
Ch2: 42.101030 0.521314 24.531250 266 
Ch2: 41.993836 0.736746 24.531250 267 
Ch2: 41.884322 0.785019 24.531250 268 
Ch2: 41.784343 0.820924 24.500000 269 
Ch2: 41.678437 0.648180 24.531250 270 
Ch2: 41.586446 0.608285 24.593750 271 
Ch2: 41.469976 0.700841 24.500000 272 
Ch2: 41.379530 0.610679 24.625000 273 
Ch2: 41.277747 0.695655 24.531250 274 
Ch2: 41.173130 0.743528 24.531250 275 
Ch2: 41.067224 0.693261 24.531250 276 
Ch2: 40.958484 0.871990 24.625000 277 
Ch2: 40.857216 0.477829 24.593750 278 
Ch2: 40.758526 0.865208 24.625000 279 
Ch2: 40.645920 0.552033 24.562500 280 
Ch2: 40.544910 0.895129 24.500000 281 
Ch2: 40.445447 0.704830 24.500000 282 
Ch2: 40.337737 0.914278 24.593750 283 
Ch2: 40.229770 0.576768 24.625000 284 
Ch2: 40.129018 0.678101 24.593750 285 
Ch2: 40.025431 0.637807 24.593750 286 
Ch2: 39.930863 0.745124 24.531250 287 
Ch2: 39.817484 0.690069 24.468750 288 
Ch2: 39.722143 0.719991 24.500000 289 
Ch2: 39.619588 0.647382 24.531250 290 
Ch2: 39.509559 0.829302 24.531250 291 
Ch2: 39.406230 0.681691 24.593750 292 
Ch2: 39.302643 0.753901 24.500000 293 
Ch2: 39.200860 0.962950 24.500000 294 
Ch2: 39.096243 0.728767 24.500000 295 
Ch2: 38.991883 0.824116 24.593750 296 
Ch2: 38.896800 0.923853 24.593750 297 
Ch2: 38.789606 0.676505 24.593750 298 
Ch2: 38.681896 0.747119 24.531250 299 
Ch2: 38.578825 0.758689 24.500000 300 
Ch2: 38.578052 0.800977 24.468750 300 
Ch2: 38.681123 0.473839 24.500000 299 
Ch2: 38.785740 0.972126 24.500000 298 
Ch2: 38.887266 0.687676 24.500000 297 
Ch2: 38.990079 0.873985 24.562500 296 
Ch2: 39.093408 0.705628 24.562500 295 
Ch2: 39.197253 0.664537 24.500000 294 
Ch2: 39.300839 0.562406 24.500000 293 
Ch2: 39.407003 0.688873 24.562500 292 
Ch2: 39.508786 0.780232 24.593750 291 
Ch2: 39.619072 0.693660 24.593750 290 
Ch2: 39.716990 0.664138 24.500000 289 
Ch2: 39.814392 0.718794 24.531250 288 
Ch2: 39.929059 0.743130 24.468750 287 
Ch2: 40.022339 0.737943 24.468750 286 
Ch2: 40.126441 0.761082 24.500000 285 
Ch2: 40.227966 0.756295 24.500000 284 
Ch2: 40.337479 0.634217 24.562500 283 
Ch2: 40.447250 0.717597 24.468750 282 
Ch2: 40.545683 0.675707 24.562500 281 
Ch2: 40.649012 0.631025 24.468750 280 
Ch2: 40.757237 0.628232 24.562500 279 
Ch2: 40.854897 0.682489 24.562500 278 
Ch2: 40.957196 0.470648 24.593750 277 
Ch2: 41.063617 0.662542 24.562500 276 
Ch2: 41.172099 0.937417 24.500000 275 
Ch2: 41.273367 0.619456 24.562500 274 
Ch2: 41.375150 0.690468 24.468750 273 
Ch2: 41.466883 0.629429 24.500000 272 
Ch2: 41.583096 0.611876 24.468750 271 
Ch2: 41.677407 0.737145 24.531250 270 
Ch2: 41.779963 0.760683 24.531250 269 
Ch2: 41.879684 0.770258 24.468750 268 
Ch2: 42.003885 0.627036 24.468750 267 
Ch2: 42.100514 0.818531 24.531250 266 
Ch2: 42.199721 0.766269 24.531250 265 
Ch2: 42.299700 0.727969 24.437500 264 
Ch2: 42.416943 0.800578 24.531250 263 
Ch2: 42.513573 0.866405 24.468750 262 
Ch2: 42.613552 0.820127 24.531250 261 
Ch2: 42.717912 0.565996 24.468750 260 
Ch2: 42.823044 0.935822 24.437500 259 
Ch2: 42.927662 0.506553 24.468750 258 
Ch2: 43.029702 0.811749 24.437500 257 
Ch2: 43.122982 0.815339 24.437500 256 
Ch2: 43.234299 0.874384 24.531250 255 
Ch2: 43.328609 0.700043 24.437500 254 
Ch2: 43.429877 0.587939 24.406250 253 
Ch2: 43.531917 0.715203 24.437500 252 
Ch2: 43.639369 0.853638 24.437500 251 
Ch2: 43.745790 0.614269 24.437500 250 
Ch2: 43.844481 0.714405 24.437500 249 
Ch2: 43.945749 0.829302 24.500000 248 
Ch2: 44.053458 0.779833 24.437500 247 
Ch2: 44.149572 0.618259 24.531250 246 
Ch2: 44.258055 0.672117 24.406250 245 
Ch2: 44.368084 0.832494 24.500000 244 
Ch2: 44.468578 0.773450 24.531250 243 
Ch2: 44.572165 0.781828 24.531250 242 
Ch2: 44.673948 0.614269 24.437500 241 
Ch2: 44.766970 0.689272 24.531250 240 
Ch2: 44.880348 0.878373 24.437500 239 
Ch2: 44.975689 0.512936 24.531250 238 
Ch2: 45.077472 0.632222 24.500000 237 
Ch2: 45.181574 0.717198 24.437500 236 
Ch2: 45.285934 0.624642 24.437500 235 
Ch2: 45.391324 0.685282 24.500000 234 
Ch2: 45.492076 0.700841 24.531250 233 
Ch2: 45.595405 0.806961 24.500000 232 
Ch2: 45.699507 0.604694 24.437500 231 
Ch2: 45.797941 0.593923 24.500000 230 
Ch2: 45.898693 0.699245 24.406250 229 
Ch2: 46.006918 0.523309 24.468750 228 
Ch2: 46.109474 0.765471 24.531250 227 
Ch2: 46.215379 0.755896 24.437500 226 
Ch2: 46.315359 0.617860 24.406250 225 
Ch2: 46.411473 0.613072 24.406250 224 
Ch2: 46.528974 0.727969 24.437500 223 
Ch2: 46.622511 0.757093 24.406250 222 
Ch2: 46.725325 0.869197 24.500000 221 
Ch2: 46.829169 0.731959 24.406250 220 
Ch2: 46.931983 0.833691 24.437500 219 
Ch2: 47.038919 0.836085 24.468750 218 
Ch2: 47.138641 0.588338 24.406250 217 
Ch2: 47.243001 0.852042 24.406250 216 
Ch2: 47.346587 0.562007 24.500000 215 
Ch2: 47.443474 0.842867 24.406250 214 
Ch2: 47.545773 0.687277 24.406250 213 
Ch2: 47.653482 0.873586 24.406250 212 
Ch2: 47.755007 0.778636 24.406250 211 
Ch2: 47.856533 0.774646 24.500000 210 
Ch2: 47.957800 0.692862 24.406250 209 
Ch2: 48.058037 0.769061 24.468750 208 
Ch2: 48.165231 0.820924 24.500000 207 
Ch2: 48.264695 0.924651 24.406250 206 
Ch2: 48.366478 0.783024 24.375000 205 
Ch2: 48.470580 0.734752 24.468750 204 
Ch2: 48.574682 0.736347 24.375000 203 
Ch2: 48.676465 0.754699 24.406250 202 
Ch2: 48.780052 0.800977 24.375000 201 
Ch2: 48.881319 0.716799 24.437500 200 
Ch2: 48.984906 0.693660 24.406250 199 
Ch2: 49.087462 0.702437 24.406250 198 
Ch2: 49.190533 0.453493 24.406250 197 
Ch2: 49.293347 0.731959 24.500000 196 
Ch2: 49.396934 0.793397 24.375000 195 
Ch2: 49.499490 0.567592 24.406250 194 
Ch2: 49.603334 0.734353 24.375000 193 
Ch2: 49.704859 0.760683 24.406250 192 
Ch2: 49.808446 0.720389 24.406250 191 
Ch2: 49.908167 0.948588 24.468750 190 
Ch2: 50.011496 0.953774 24.468750 189 
Ch2: 50.114052 0.687676 24.375000 188 
Ch2: 50.218670 0.866006 24.437500 187 
Ch2: 50.322772 0.858027 24.406250 186 
Ch2: 50.421720 0.934226 24.406250 185 
Ch2: 50.525307 0.859224 24.468750 184 
Ch2: 50.625028 0.870793 24.406250 183 
Ch2: 50.718823 0.716799 24.500000 182 
Ch2: 50.819318 0.787812 24.468750 181 
Ch2: 50.930377 0.704830 24.375000 180 
Ch2: 51.032160 0.964945 24.406250 179 
Ch2: 51.130336 0.800578 24.468750 178 
Ch2: 51.230830 0.772652 24.468750 177 
Ch2: 51.331067 0.745124 24.468750 176 
Ch2: 51.435169 0.802174 24.468750 175 
Ch2: 51.535921 0.722384 24.406250 174 
Ch2: 51.638735 0.941407 24.468750 173 
Ch2: 51.741806 0.875181 24.375000 172 
Ch2: 51.844620 0.917470 24.375000 171 
Ch2: 51.948207 0.911486 24.468750 170 
Ch2: 52.050505 0.948588 24.375000 169 
Ch2: 52.153061 0.739539 24.468750 168 
Ch2: 52.256390 0.941008 24.468750 167 
Ch2: 52.357915 0.869995 24.437500 166 
Ch2: 52.458667 0.794195 24.468750 165 
Ch2: 52.561481 0.745922 24.468750 164 
Ch2: 52.667387 0.912683 24.375000 163 
Ch2: 52.768139 0.887150 24.375000 162 
Ch2: 52.864511 0.689272 24.468750 161 
Ch2: 52.954698 0.729964 24.468750 160 
Ch2: 53.074261 0.672915 24.375000 159 
Ch2: 53.166252 0.798583 24.375000 158 
Ch2: 53.264685 0.866006 24.375000 157 
Ch2: 53.366210 1.095401 24.375000 156 
Ch2: 53.471601 1.092608 24.437500 155 
Ch2: 53.572611 1.444481 24.468750 154 
Ch2: 53.675167 1.770422 24.468750 153 
Ch2: 53.777465 2.248761 24.437500 152 
Ch2: 53.880279 2.523636 24.437500 151 
Ch2: 53.982577 2.907025 24.468750 150 
Ch2: 54.085391 3.409700 24.375000 149 
Ch2: 54.187947 3.730056 24.375000 148 
Ch2: 54.289987 4.362788 24.406250 147 
Ch2: 54.393574 4.967993 24.437500 146 
Ch2: 54.494584 5.456704 24.406250 145 
Ch2: 54.580906 6.012040 24.375000 144 
Ch2: 54.685781 6.939196 24.375000 143 
Ch2: 54.783699 7.585493 24.406250 142 
Ch2: 54.885224 8.307589 24.437500 141 
Ch2: 54.987780 8.885665 24.437500 140 
Ch2: 55.091109 9.618134 24.437500 139 
Ch2: 55.193923 10.345417 24.437500 138 
Ch2: 55.296736 11.531491 24.343750 137 
Ch2: 55.397489 12.272737 24.281250 136 
Ch2: 55.491799 12.751874 24.343750 135 
Ch2: 55.584305 13.823848 24.312500 134 
Ch2: 55.686088 14.867098 24.343750 133 
Ch2: 55.788387 15.854894 24.406250 132 
Ch2: 55.890427 16.780454 24.312500 131 
Ch2: 55.992983 17.929425 24.343750 130 
Ch2: 56.095797 18.809106 24.437500 129 
Ch2: 56.195261 19.700357 24.437500 128 
Ch2: 56.281583 20.826588 24.406250 127 
Ch2: 56.380274 21.747361 24.406250 126 
Ch2: 56.482572 22.784627 24.343750 125 
Ch2: 56.585128 24.477763 24.281250 124 
Ch2: 56.688715 25.281644 24.375000 123 
Ch2: 56.791271 26.431015 24.343750 122 
Ch2: 56.886869 27.749539 24.406250 121 
Ch2: 56.980664 29.125512 24.437500 120 
Ch2: 57.080128 30.244163 24.343750 119 
Ch2: 57.179077 31.550320 24.343750 118 
Ch2: 57.281375 32.852088 24.406250 117 
Ch2: 57.384188 34.182182 24.343750 116 
Ch2: 57.487260 35.517861 24.343750 115 
Ch2: 57.590331 37.074158 24.343750 114 
Ch2: 57.686445 38.519149 24.406250 113 
Ch2: 57.771994 39.766262 24.437500 112 
Ch2: 57.874293 41.668448 24.437500 111 
Ch2: 57.977106 43.069953 24.437500 110 
Ch2: 58.079662 44.557233 24.343750 109 
Ch2: 58.175776 46.198107 24.312500 108 
Ch2: 58.270860 47.992577 24.281250 107 
Ch2: 58.367747 49.607121 24.406250 106 
Ch2: 58.468241 51.240016 24.312500 105 
Ch2: 58.569509 53.391545 24.406250 104 
Ch2: 58.672580 55.287347 24.312500 103 
Ch2: 58.761737 57.173974 24.312500 102 
Ch2: 58.857335 58.762985 24.406250 101 
Ch2: 58.959891 60.934461 24.406250 100 
Ch2: 59.059098 63.232803 24.406250 99 
Ch2: 59.162427 65.391113 24.375000 98 
Ch2: 59.263694 67.399020 24.406250 97 
Ch2: 59.344605 69.737256 24.312500 96 
Ch2: 59.447934 71.916711 24.312500 95 
Ch2: 59.548944 74.397771 24.343750 94 
Ch2: 59.651758 76.603955 24.406250 93 
Ch2: 59.740141 79.089403 24.343750 92 
Ch2: 59.836255 81.667807 24.375000 91 
Ch2: 59.935977 84.170809 24.312500 90 
Ch2: 60.038275 87.021693 24.281250 89 
Ch2: 60.139027 89.861807 24.312500 88 
Ch2: 60.226123 92.860302 24.375000 87 
Ch2: 60.323267 95.905475 24.375000 86 
Ch2: 60.424793 99.107834 24.375000 85 
Ch2: 60.526833 102.317373 24.312500 84 
Ch2: 60.616505 105.080090 24.281250 83 
Ch2: 60.710300 108.554930 24.343750 82 
Ch2: 60.811825 111.808753 24.312500 81 
Ch2: 60.893509 115.624694 24.312500 80 
Ch2: 60.997096 119.441832 24.312500 79 
Ch2: 61.095272 122.714006 24.406250 78 
Ch2: 61.197570 126.558272 24.312500 77 
Ch2: 61.285954 130.632732 24.281250 76 
Ch2: 61.379491 134.937783 24.406250 75 
Ch2: 61.481531 138.957188 24.281250 74 
Ch2: 61.577388 143.467698 24.375000 73 
Ch2: 61.663710 147.811447 24.406250 72 
Ch2: 61.765493 152.363049 24.375000 71 
Ch2: 61.860576 156.743901 24.375000 70 
Ch2: 61.947929 161.733149 24.281250 69 
Ch2: 62.048939 166.691678 24.312500 68 
Ch2: 62.142219 171.977744 24.312500 67 
Ch2: 62.230860 177.424186 24.343750 66 
Ch2: 62.332128 182.768498 24.312500 65 
Ch2: 62.411235 187.607742 24.281250 64 
Ch2: 62.519460 194.448110 24.312500 63 
Ch2: 62.615316 200.082458 24.281250 62 
Ch2: 62.705503 206.197139 24.375000 61 
Ch2: 62.795948 212.601058 24.375000 60 
Ch2: 62.893609 219.091548 24.375000 59 
Ch2: 62.979158 225.648264 24.375000 58 
Ch2: 63.077591 232.366156 24.375000 57 
Ch2: 63.158760 239.763855 24.281250 56 
Ch2: 63.259512 246.521641 24.312500 55 
Ch2: 63.340165 254.528933 24.312500 54 
Ch2: 63.440144 261.897110 24.343750 53 
Ch2: 63.529816 269.625138 24.312500 52 
Ch2: 63.620519 277.550646 24.312500 51 
Ch2: 63.705295 286.008351 24.375000 50 
Ch2: 63.800894 294.499967 24.281250 49 
Ch2: 63.878197 302.508057 24.375000 48 
Ch2: 63.981011 311.995048 24.250000 47 
Ch2: 64.063210 322.000274 24.281250 46 
Ch2: 64.161386 331.583013 24.375000 45 
Ch2: 64.238947 340.690605 24.250000 44 
Ch2: 64.336607 350.521091 24.281250 43 
Ch2: 64.419322 361.250408 24.343750 42 
Ch2: 64.503067 372.080659 24.281250 41 
Ch2: 64.598666 382.210755 24.281250 40 
Ch2: 64.677000 392.968796 24.218750 39 
Ch2: 64.756880 404.257040 24.312500 38 
Ch2: 64.853252 415.945029 24.250000 37 
Ch2: 64.934679 427.948986 24.375000 36 
Ch2: 65.014301 439.799348 24.281250 35 
Ch2: 65.112219 452.216216 24.312500 34 
Ch2: 65.192357 464.670984 24.343750 33 
Ch2: 65.269403 476.613902 24.312500 32 
Ch2: 65.347995 490.986814 24.281250 31 
Ch2: 65.434832 504.232697 24.375000 30 
Ch2: 65.524504 517.968887 24.375000 29 
Ch2: 65.604127 532.277170 24.312500 28 
Ch2: 65.681946 546.705935 24.343750 27 
Ch2: 65.759249 560.912884 24.281250 26 
Ch2: 65.836553 575.656818 24.375000 25 
Ch2: 65.917721 590.967259 24.312500 24 
Ch2: 65.999663 605.842846 24.281250 23 
Ch2: 66.081089 621.373107 24.375000 22 
Ch2: 66.162773 636.935284 24.281250 21 
Ch2: 66.245230 652.718478 24.281250 20 
Ch2: 66.318411 669.197040 24.250000 19 
Ch2: 66.394426 686.871249 24.343750 18 
Ch2: 66.471730 703.873630 24.343750 17 
Ch2: 66.532542 720.274795 24.281250 16 
Ch2: 66.613453 739.176170 24.375000 15 
Ch2: 66.687406 757.094935 24.218750 14 
Ch2: 66.764195 775.360386 24.281250 13 
Ch2: 66.840725 793.125556 24.343750 12 
Ch2: 66.915967 813.374578 24.250000 11 
Ch2: 66.978841 832.647374 24.375000 10 
Ch2: 67.047898 851.550743 24.218750 9 
Ch2: 67.124944 872.415343 24.343750 8 
Ch2: 67.194517 891.253284 24.218750 7 
Ch2: 67.254041 912.312172 24.375000 6 
Ch2: 67.329798 933.469599 24.281250 5 
Ch2: 67.391899 954.980495 24.343750 4 
Ch2: 67.459926 976.730760 24.375000 3 
Ch2: 67.527438 996.722860 24.250000 2 
Ch2: 67.588765 1017.943720 24.312500 1 
Ch2: 67.661173 1034.706731 24.250000 0 
Ch2: 67.659884 1034.584254 24.312500 0 
Ch2: 67.589281 1019.142560 24.250000 1 
Ch2: 67.521511 997.130585 24.343750 2 
Ch2: 67.460441 975.802008 24.187500 3 
Ch2: 67.392930 954.570775 24.187500 4 
Ch2: 67.331087 932.973308 24.281250 5 
Ch2: 67.255845 911.404564 24.343750 6 
Ch2: 67.200702 890.746221 24.312500 7 
Ch2: 67.125460 871.705215 24.281250 8 
Ch2: 67.050475 851.139427 24.281250 9 
Ch2: 66.987602 832.011450 24.312500 10 
Ch2: 66.919059 812.032117 24.312500 11 
Ch2: 66.842013 792.420215 24.312500 12 
Ch2: 66.765225 774.061809 24.312500 13 
Ch2: 66.691787 755.320413 24.218750 14 
Ch2: 66.623502 738.028396 24.187500 15 
Ch2: 66.538468 718.523811 24.343750 16 
Ch2: 66.478429 701.805482 24.187500 17 
Ch2: 66.402672 684.910019 24.218750 18 
Ch2: 66.326141 667.718936 24.343750 19 
Ch2: 66.248323 651.344500 24.218750 20 
Ch2: 66.167412 635.183502 24.250000 21 
Ch2: 66.090623 619.719466 24.281250 22 
Ch2: 66.008424 604.383094 24.218750 23 
Ch2: 65.924679 589.450058 24.187500 24 
Ch2: 65.841964 573.843997 24.312500 25 
Ch2: 65.761311 558.995937 24.218750 26 
Ch2: 65.682461 544.119951 24.312500 27 
Ch2: 65.605158 530.507036 24.281250 28 
Ch2: 65.527854 516.093032 24.156250 29 
Ch2: 65.441789 502.040476 24.281250 30 
Ch2: 65.355725 489.520280 24.250000 31 
Ch2: 65.270176 475.505225 24.281250 32 
Ch2: 65.192872 464.287196 24.187500 33 
Ch2: 65.113765 451.283874 24.250000 34 
Ch2: 65.018166 439.475801 24.218750 35 
Ch2: 64.935194 427.584746 24.312500 36 
Ch2: 64.856860 415.197001 24.312500 37 
Ch2: 64.764353 403.453957 24.187500 38 
Ch2: 64.677773 392.383140 24.250000 39 
Ch2: 64.599697 381.242906 24.312500 40 
Ch2: 64.505129 370.989934 24.312500 41 
Ch2: 64.420095 360.334024 24.281250 42 
Ch2: 64.340215 350.059508 24.312500 43 
Ch2: 64.240235 339.175798 24.281250 44 
Ch2: 64.162159 330.159566 24.281250 45 
Ch2: 64.067333 320.308334 24.187500 46 
Ch2: 63.981784 311.306065 24.125000 47 
Ch2: 63.880001 301.076231 24.281250 48 
Ch2: 63.801409 292.938882 24.281250 49 
Ch2: 63.713283 284.689029 24.187500 50 
Ch2: 63.621292 276.461118 24.312500 51 
Ch2: 63.538320 268.118310 24.156250 52 
Ch2: 63.440660 260.262619 24.250000 53 
Ch2: 63.345834 252.380995 24.125000 54 
Ch2: 63.260285 245.098991 24.250000 55 
Ch2: 63.165717 237.639455 24.187500 56 
Ch2: 63.079910 231.330486 24.187500 57 
Ch2: 62.983281 224.110319 24.125000 58 
Ch2: 62.899020 217.217688 24.250000 59 
Ch2: 62.796722 210.845286 24.250000 60 
Ch2: 62.712203 204.490837 24.250000 61 
Ch2: 62.616089 197.993564 24.218750 62 
Ch2: 62.521006 192.107480 24.125000 63 
Ch2: 62.415358 185.950510 24.218750 64 
Ch2: 62.332643 181.114060 24.250000 65 
Ch2: 62.230602 175.636499 24.281250 66 
Ch2: 62.148145 170.211998 24.281250 67 
Ch2: 62.049454 165.539116 24.281250 68 
Ch2: 61.948702 159.906763 24.281250 69 
Ch2: 61.865987 155.360348 24.281250 70 
Ch2: 61.766266 150.505546 24.281250 71 
Ch2: 61.669894 146.014584 24.187500 72 
Ch2: 61.583314 141.514048 24.187500 73 
Ch2: 61.482562 137.554884 24.281250 74 
Ch2: 61.381810 132.804208 24.281250 75 
Ch2: 61.294972 128.821905 24.218750 76 
Ch2: 61.198601 125.064610 24.187500 77 
Ch2: 61.096045 121.568625 24.250000 78 
Ch2: 61.001992 117.503342 24.281250 79 
Ch2: 60.900209 113.572903 24.281250 80 
Ch2: 60.812598 110.558848 24.156250 81 
Ch2: 60.711589 107.169383 24.187500 82 
Ch2: 60.624236 103.668212 24.281250 83 
Ch2: 60.528895 100.602693 24.250000 84 
Ch2: 60.426081 97.410707 24.187500 85 
Ch2: 60.323525 94.329230 24.281250 86 
Ch2: 60.230245 91.635531 24.281250 87 
Ch2: 60.142377 88.744352 24.187500 88 
Ch2: 60.039564 86.283639 24.218750 89 
Ch2: 59.938554 83.210939 24.156250 90 
Ch2: 59.838832 81.009542 24.250000 91 
Ch2: 59.747099 77.932054 24.250000 92 
Ch2: 59.653046 75.749807 24.281250 93 
Ch2: 59.551263 73.321009 24.250000 94 
Ch2: 59.456437 71.288766 24.125000 95 
Ch2: 59.353108 68.543603 24.250000 96 
Ch2: 59.266271 66.675727 24.187500 97 
Ch2: 59.163457 64.351055 24.187500 98 
Ch2: 59.061932 62.321605 24.281250 99 
Ch2: 58.968137 60.372343 24.125000 100 
Ch2: 58.863520 58.088364 24.281250 101 
Ch2: 58.772817 56.234850 24.281250 102 
Ch2: 58.673611 54.133988 24.187500 103 
Ch2: 58.571055 52.539790 24.125000 104 
Ch2: 58.470560 50.460471 24.250000 105 
Ch2: 58.370066 48.908163 24.312500 106 
Ch2: 58.274982 46.774189 24.250000 107 
Ch2: 58.179899 45.321618 24.218750 108 
Ch2: 58.080435 43.733005 24.312500 109 
Ch2: 57.978137 42.105296 24.250000 110 
Ch2: 57.876096 40.551791 24.312500 111 
Ch2: 57.772252 38.935253 24.312500 112 
Ch2: 57.686960 37.754764 24.250000 113 
Ch2: 57.590846 36.186498 24.312500 114 
Ch2: 57.487775 34.836457 24.281250 115 
Ch2: 57.385219 33.485219 24.312500 116 
Ch2: 57.283179 32.076134 24.312500 117 
Ch2: 57.179592 30.537789 24.281250 118 
Ch2: 57.081932 29.683640 24.312500 119 
Ch2: 56.979633 28.088645 24.250000 120 
Ch2: 56.890734 27.169867 24.281250 121 
Ch2: 56.792817 25.984591 24.343750 122 
Ch2: 56.689230 24.681227 24.312500 123 
Ch2: 56.586674 23.613242 24.281250 124 
Ch2: 56.483860 22.528103 24.343750 125 
Ch2: 56.381562 21.301337 24.312500 126 
Ch2: 56.283129 20.400511 24.281250 127 
Ch2: 56.191396 19.341303 24.343750 128 
Ch2: 56.096570 18.354305 24.250000 129 
Ch2: 55.994529 17.351748 24.343750 130 
Ch2: 55.891458 16.377117 24.312500 131 
Ch2: 55.790706 15.429216 24.281250 132 
Ch2: 55.686861 14.539162 24.250000 133 
Ch2: 55.585851 13.753234 24.281250 134 
Ch2: 55.486388 12.