0
2
3
5
0
3
2
3
1
2
2
4
5
2
1
7
4
6
12
13
33
39
42
54
73
89
123
122
168
192
213
290
297
374
420
522
607
639
770
922
1117
1362
1713
2049
2604
3153
3939
4703
5701
6774
7552
8424
9637
10755
11750
13061
13998
15206
16476
17492
18627
19799
21188
22332
23116
23699
23884
24294
24211
24262
24617
24617
24285
24378
24881
24538
24450
24290
24349
24354
24446
23939
24238
24272
24332
24531
24250
24007
23845
23809
23593
23842
23551
23503
23539
22958
22881
22877
23022
22476
22528
22104
21990
21646
21498
21472
21171
21074
20861
20637
20829
20109
20045
19778
19687
19423
19254
19046
18969
18941
18590
18428
18366
18269
18273
17879
18014
17735
17646
17532
17337
17217
17228
17174
16933
16879
16632
16647
16613
16494
16243
16107
16457
15837
15890
15884
15806
15450
15634
15358
15410
15150
14987
14898
14789
14544
14352
14366
14277
13880
13926
13512
13610
13257
13132
13142
12788
12739
12903
12465
12358
12088
12329
12015
11768
11784
11508
11325
11208
11025
10882
10906
10588
10717
10444
10504
10374
10256
10322
10186
9896
9988
9811
10065
9696
9807
9818
9549
9597
9632
9330
9294
9080
9105
9156
9087
8636
8608
8545
8616
8256
8175
8251
8016
8031
7995
7763
7676
7762
7523
7589
7386
7265
7187
7106
7028
6993
6968
6854
6834
6689
6488
6335
6376
6242
6371
6228
5952
6089
5856
5966
5750
5866
5799
5688
5804
5558
5544
5542
5416
5377
5337
5252
5357
5228
5091
5253
5217
5229
5184
5164
5004
5027
5070
4868
4901
4818
4928
4700
4829
4745
4772
4562
4583
4510
4432
4475
4362
4263
4437
4224
4144
4099
4198
4095
4158
3982
3972
3882
3943
3748
3715
3747
3834
3715
3667
3684
3502
3596
3578
3536
3560
3451
3417
3424
3360
3321
3341
3264
3222
3271
3221
3240
3120
3167
3067
3052
3070
3075
3073
3009
3096
2982
2996
2917
2900
2931
2798
2770
2753
2759
2851
2652
2662
2646
2735
2588
2539
2581
2521
2502
2495
2413
2364
2483
2329
2385
2316
2412
2273
2263
2240
2277
2288
2298
2176
2184
2319
2175
2152
2090
2154
2084
2065
2073
2036
2045
1957
1984
1998
1944
1977
1987
2033
1939
1919
2005
1914
1941
1863
1862
1893
1875
1858
1873
1843
1891
1809
1804
1753
1739
1796
1735
1688
1656
1727
1738
1665
1704
1700
1648
1630
1606
1662
1564
1596
1564
1562
1557
1535
1550
1508
1497
1485
1534
1407
1406
1411
1391
1382
1433
1382
1421
1377
1372
1382
1330
1397
1340
1415
1368
1375
1379
1385
1301
1329
1280
1293
1262
1234
1334
1344
1258
1252
1226
1301
1235
1203
1311
1267
1239
1195
1272
1217
1230
1225
1184
1172
1261
1233
1179
1124
1129
1163
1132
1093
1186
1124
1165
1171
1117
1026
1069
1053
1098
1044
1057
1056
1024
1114
1027
1080
1011
1004
1030
1000
1065
1061
975
1009
977
1004
916
985
1007
975
966
919
969
974
905
963
969
968
958
937
944
977
980
966
890
951
941
979
917
919
919
906
944
929
906
904
943
926
908
863
901
965
900
839
915
803
891
800
825
836
859
831
837
802
798
855
861
779
782
849
785
793
761
809
773
796
748
768
865
810
755
791
753
758
751
771
788
795
763
791
803
756
774
774
810
762
721
761
734
837
795
741
740
760
743
744
768
755
717
733
786
750
770
769
723
671
764
668
675
716
685
718
758
663
694
681
649
677
702
690
636
659
705
682
667
649
636
690
646
668
607
676
691
666
661
641
645
675
668
723
676
661
648
638
691
675
658
666
678
670
606
645
677
619
636
704
610
679
641
700
658
605
605
607
648
653
633
620
589
614
642
656
606
590
625
622
648
595
599
590
617
554
641
565
615
595
589
593
612
589
576
601
600
570
564
581
590
581
586
561
556
537
559
566
613
555
529
593
553
597
576
594
583
580
591
584
574
577
577
595
568
569
597
580
595
599
568
561
576
575
574
588
589
603
587
599
575
526
557
580
560
538
557
542
531
545
539
531
557
537
518
523
588
510
519
515
597
530
515
545
520
587
545
565
583
550
523
524
510
586
533
573
535
515
529
513
474
567
552
476
517
521
538
505
528
530
574
575
532
522
539
495
557
513
517
566
523
567
512
508
503
549
501
514
533
516
500
504
517
505
493
547
496
519
508
491
517
503
499
530
465
509
525
498
511
532
471
513
472
526
504
539
487
532
491
519
517
523
477
529
503
501
468
546
543
502
508
530
514
499
482
505
484
535
546
512
474
479
489
452
493
506
500
510
529
517
434
477
471
522
469
490
510
498
530
482
483
488
502
495
461
492
465
465
510
440
499
452
459
474
500
461
459
433
498
511
496
506
486
488
478
487
488
467
486
483
471
467
479
477
488
488
438
444
476
479
457
492
477
497
475
490
421
485
434
461
477
482
435
449
464
474
499
484
456
486
438
403
456
458
443
485
473
462
495
472
419
455
449
473
500
442
430
460
447
448
416
463
464
399
455
481
459
489
475
461
443
418
472
450
447
490
434
442
428
503
457
446
446
483
468
445
450
464
429
460
444
439
411
451
453
410
442
458
442
426
439
430
436
457
427
473
401
440
423
468
411
422
462
482
441
441
410
416
413
427
486
411
434
412
401
465
400
444
452
444
478
436
413
439
428
417
400
444
419
478
459
438
454
450
461
456
423
434
443
398
426
426
456
455
433
448
409
447
434
415
423
437
441
413
410
384
426
442
434
406
428
432
423
431
420
416
465
390
433
389
436
436
428
362
447
452
459
386
429
408
447
423
403
438
428
426
410
453
406
410
402
427
436
399
437
405
416
447
423
424
424
429
433
407
421
466
449
436
395
410
429
424
422
369
384
410
426
431
429
419
392
420
432
412
423
408
406
436
435
384
444
442
413
407
426
398
401
421
437
374
422
380
450
392
424
422
442
438
431
411
394
410
418
434
436
370
397
433
421
413
405
413
416
385
424
393
398
376
416
406
393
409
413
417
433
395
395
432
414
401
433
411
442
427
420
431
398
409
398
399
401
404
411
391
406
430
401
375
381
426
393
409
415
390
411
410
397
393
400
422
410
402
386
372
405
391
403
391
419
404
415
385
443
405
385
449
402
407
375
372
392
409
379
415
430
395
403
413
409
367
405
395
384
393
396
412
390
409
408
401
408
408
389
435
427
377
450
410
415
386
400
413
379
351
364
388
381
447
412
367
362
389
358
362
402
407
401
403
389
377
397
392
429
409
398
381
387
354
387
417
386
408
390
384
375
367
401
393
399
391
391
379
387
373
433
397
413
377
403
413
409
402
398
407
385
375
389
416
374
365
384
437
382
408
390
379
404
380
389
364
383
393
383
412
375
392
394
382
385
397
374
400
360
401
398
399
372
381
399
408
398
393
395
417
394
403
355
397
370
382
396
397
365
381
362
399
397
355
401
402
385
393
372
365
383
352
343
377
382
341
382
374
366
375
404
366
388
389
369
351
359
387
364
367
380
405
410
389
367
385
361
374
396
358
362
378
392
385
370
396
367
364
387
389
353
357
342
399
373
431
377
370
350
344
378
355
375
382
398
358
357
362
372
348
331
430
378
390
370
392
341
368
390
409
376
372
380
339
374
410
386
361
368
374
358
402
380
405
368
367
361
375
383
366
355
371
360
360
393
394
358
357
413
357
394
367
347
403
398
380
365
372
364
386
357
359
370
379
391
404
367
358
342
372
344
384
390
363
373
403
376
364
372
360
367
350
361
366
373
368
378
351
407
355
385
370
383
388
363
395
364
363
383
381
357
381
347
339
361
330
348
367
366
421
345
351
370
383
364
378
391
331
350
373
351
351
378
348
371
350
361
377
362
361
327
399
349
329
380
368
380
364
353
366
332
352
357
356
343
380
397
376
354
344
383
388
351
350
345
368
368
383
339
346
362
379
367
388
393
365
360
351
367
359
317
371
391
359
388
395
346
341
340
358
351
353
367
364
336
349
323
391
334
367
349
360
365
390
358
419
378
361
358
352
355
368
384
363
392
368
356
355
361
351
373
359
364
370
359
363
369
342
385
346
381
346
357
388
359
400
379
338
383
371
331
351
344
378
376
390
319
366
366
381
324
350
363
351
380
361
351
344
395
346
370
378
368
343
344
374
357
377
336
368
372
405
367
372
366
366
349
372
344
379
360
396
359
355
353
332
348
348
351
344
360
354
371
338
376
370
381
342
367
366
351
329
331
376
369
338
355
372
347
327
353
343
352
373
387
345
349
363
402
370
381
367
337
405
325
356
379
370
382
355
358
361
335
344
351
357
355
374
371
375
337
350
356
352
354
355
363
354
350
363
395
383
414
349
390
382
402
375
371
364
354
363
346
366
354
338
374
356
376
403
383
361
348
364
387
384
358
362
378
353
354
393
379
387
380
361
353
372
342
355
389
338
362
361
377
360
338
398
336
370
391
407
395
411
433
372
346
379
358
328
370
363
382
344
367
364
372
382
384
351
396
361
378
377
358
375
347
340
416
334
356
374
376
340
370
359
344
371
389
346
356
382
360
368
336
320
356
368
355
391
368
381
331
349
399
329
366
383
368
357
334
345
385
351
360
340
359
391
359
354
361
350
360
351
381
355
363
363
348
378
372
351
358
369
350
375
369
382
380
363
358
400
383
364
377
350
371
358
372
368
354
334
346
366
368
355
353
372
403
359
347
403
370
362
329
396
344
394
355
346
356
366
379
388
340
366
370
317
384
372
357
386
377
407
357
358
365
395
388
397
363
387
355
381
353
385
354
381
376
377
371
362
375
380
368
383
331
374
402
376
392
350
340
386
386
404
359
379
411
341
360
396
364
373
366
390
361
406
376
384
379
364
387
366
392
384
337
430
354
386
364
428
366
393
417
384
392
422
384
397
377
408
373
383
381
378
376
347
389
352
353
389
365
368
381
413
356
392
380
386
359
400
394
387
376
417
405
363
395
417
399
378
383
362
374
378
346
408
363
358
355
361
364
383
388
389
402
363
382
381
360
418
403
375
368
376
388
424
400
387
380
402
381
355
381
368
392
363
432
391
374
404
399
364
374
359
385
405
384
394
390
367
422
374
410
399
425
403
422
393
430
386
399
374
369
361
380
393
394
396
370
404
362
384
379
394
417
414
411
367
391
396
428
396
411
401
425
380
404
405
393
409
403
416
401
404
425
398
406
376
406
399
403
386
394
408
428
415
371
396
376
372
419
407
414
420
389
398
390
389
423
382
399
397
362
440
379
400
441
410
410
401
452
364
390
407
420
409
392
415
444
411
414
407
403
388
376
407
434
372
410
415
378
390
407
453
453
395
398
389
442
409
397
415
440
416
394
425
421
436
424
466
400
368
403
429
376
442
363
400
405
397
401
413
394
422
437
435
434
438
412
419
442
436
411
402
423
401
417
394
421
446
448
439
437
431
435
424
430
425
421
421
438
411
428
430
431
436
435
426
414
406
436
430
406
455
412
441
437
437
446
415
421
428
431
400
464
396
433
404
416
384
438
404
424
455
416
420
446
441
404
420
446
388
448
470
434
383
458
414
467
445
505
417
392
488
438
434
441
442
475
406
439
436
439
423
445
452
467
424
448
436
444
471
449
440
464
427
448
454
462
451
433
454
450
438
493
429
444
430
474
417
414
439
481
440
392
442
455
426
480
429
426
472
445
435
418
458
437
444
444
433
473
422
468
460
405
456
479
443
449
476
475
458
452
480
488
443
459
478
462
460
502
474
457
452
480
474
452
491
466
468
468
409
460
493
449
464
494
461
476
486
458
495
476
463
468
475
450
466
454
459
470
491
477
447
455
458
449
472
471
450
469
445
468
441
473
498
442
434
471
450
473
476
476
480
462
417
478
496
506
506
459
481
469
450
476
436
436
502
431
469
493
505
474
468
472
484
501
483
446
509
512
487
469
483
493
493
452
479
511
448
507
470
512
439
465
455
505
473
502
500
492
507
521
457
534
494
465
482
470
458
502
496
510
472
480
511
516
490
499
497
479
476
480
523
470
509
528
484
482
501
515
490
480
508
514
523
513
458
479
544
558
497
517
534
536
512
532
483
499
517
458
524
497
501
562
508
485
518
530
530
480
525
497
508
540
511
482
511
507
494
507
495
499
487
520
470
544
491
480
525
481
531
537
543
505
503
526
529
484
519
522
465
522
541
525
529
496
503
512
510
520
506
495
535
487
505
569
558
558
524
535
523
504
521
554
495
522
536
555
501
491
501
525
540
535
521
538
576
530
549
562
524
555
508
514
526
545
493
538
529
556
565
479
501
483
516
573
521
520
547
529
556
603
531
559
532
522
528
542
520
498
546
510
522
558
528
534
517
511
549
540
494
544
556
497
524
547
540
562
549
550
502
582
498
568
560
555
558
525
492
549
519
547
542
583
546
563
505
521
550
563
548
551
545
567
567
581
531
572
537
587
562
583
600
527
589
587
527
552
555
550
582
539
587
585
547
540
568
585
568
537
577
552
569
550
533
553
600
549
574
539
565
587
572
555
565
576
601
565
552
572
592
533
582
527
583
579
560
549
590
540
571
557
540
614
564
595
575
525
572
573
604
598
584
565
501
553
591
570
566
545
641
570
552
549
583
570
576
565
566
553
588
589
598
600
578
606
570
588
611
612
578
613
582
577
599
575
581
595
595
600
540
568
580
622
539
584
570
572
562
589
616
583
597
581
634
571
577
582
569
586
565
580
590
620
649
527
629
568
588
564
626
626
544
607
605
585
618
552
592
618
613
563
567
564
591
589
580
599
587
609
628
607
603
611
572
557
574
588
619
589
586
604
594
625
638
597
532
587
580
599
599
601
619
591
613
581
640
557
628
538
569
614
588
606
606
614
600
630
568
645
599
615
577
579
603
622
576
574
618
613
561
592
599
604
585
585
604
580
627
572
629
589
585
631
591
585
570
606
631
577
620
599
634
598
584
581
605
650
614
572
576
621
587
597
603
572
614
615
608
626
646
669
575
561
586
637
655
632
600
554
605
615
629
645
648
664
584
632
641
625
668
637
593
581
607
623
619
607
607
676
580
565
628
615
607
630
602
602
667
655
633
620
625
650
633
624
630
601
584
626
605
573
656
625
633
626
558
577
622
584
620
630
610
626
609
611
638
653
569
624
620
638
578
595
618
556
607
678
628
679
619
622
612
630
653
655
664
601
653
617
657
608
642
623
646
671
607
627
627
632
603
599
621
623
633
615
646
594
623
564
690
620
609
634
655
636
626
627
620
620
629
695
623
630
634
637
624
695
608
624
626
623
590
649
587
652
631
630
623
611
590
620
624
618
643
604
633
585
625
634
626
654
652
637
673
657
603
631
642
659
633
648
600
643
643
601
602
657
634
660
607
637
657
646
643
615
651
632
617
628
610
638
671
659
593
617
630
625
616
678
641
612
677
604
617
628
614
660
631
604
669
577
618
646
644
623
638
613
626
604
657
664
608
668
649
666
602
612
621
606
648
648
602
638
680
656
649
623
621
650
634
625
641
649
611
615
644
611
609
659
586
666
635
599
639
616
629
643
642
658
621
603
628
568
618
626
639
677
613
596
624
623
639
661
665
702
662
632
615
630
667
576
595
628
611
661
635
591
623
572
621
609
643
611
617
597
641
570
635
602
617
601
633
615
612
606
649
645
639
645
623
664
653
630
629
574
625
645
628
582
618
618
625
622
605
594
625
590
635
657
634
602
667
613
631
644
597
591
621
658
582
623
638
624
611
590
608
631
629
657
597
594
602
657
619
634
602
636
635
630
676
615
625
608
600
572
644
638
645
642
605
645
673
626
615
603
596
669
664
617
601
667
632
643
606
634
673
600
653
596
614
605
638
621
625
616
592
672
591
624
616
604
601
634
541
619
604
592
603
579
600
639
616
619
630
653
613
652
567
611
629
597
634
644
559
628
613
613
571
622
600
579
609
598
637
621
663
677
618
584
643
629
589
656
616
654
608
609
613
596
644
664
597
641
559
628
603
617
613
640
645
587
624
585
595
608
636
598
620
624
543
633
641
620
554
589
579
621
620
595
598
599
575
655
623
564
632
586
579
630
586
623
614
635
604
567
572
614
611
578
608
580
579
568
590
610
622
612
627
598
606
555
616
607
611
564
586
615
566
573
592
621
568
548
600
614
595
645
591
576
553
570
605
636
549
620
629
594
599
565
591
569
583
616
574
665
572
599
595
556
611
577
602
598
609
569
606
568
619
639
631
622
537
585
571
549
558
584
582
599
592
582
561
578
554
587
578
580
547
590
556
548
561
597
571
552
531
599
544
604
629
595
575
538
532
574
550
551
538
572
561
529
556
547
554
545
596
574
587
569
573
587
588
575
593
559
545
550
570
594
519
525
566
608
571
580
550
583
564
604
583
553
588
513
565
570
607
555
567
550
560
573
593
570
556
575
544
586
579
570
590
563
553
594
566
545
550
589
554
512
553
563
597
537
574
538
473
537
555
529
571
555
563
578
527
581
525
577
525
540
573
570
549
562
556
510
572
549
549
566
515
504
521
508
522
558
558
509
534
532
565
565
548
533
506
538
560
554
532
539
505
519
528
491
557
541
567
551
526
532
530
539
520
563
502
587
548
544
537
493
535
539
548
480
515
584
489
521
504
486
522
519
547
471
538
511
552
543
547
511
481
527
520
511
546
521
506
494
529
496
524
501
488
534
515
492
508
490
510
524
519
528
497
564
481
501
506
565
479
543
465
496
527
517
471
527
495
489
514
531
460
488
482
544
497
494
498
487
497
491
480
520
512
497
478
521
514
533
516
488
500
510
506
550
489
460
487
483
525
497
513
486
535
503
506
486
493
496
509
492
478
510
463
507
511
495
482
481
464
481
527
453
461
469
435
511
449
510
522
459
485
482
509
482
480
486
491
475
479
490
500
476
478
460
477
455
466
479
498
452
460
465
446
490
456
479
493
444
474
478
470
462
516
465
460
471
452
475
444
508
482
460
446
452
458
440
454
441
454
432
452
443
497
472
416
439
506
464
476
415
414
482
474
471
413
465
443
460
436
485
439
420
448
443
460
456
468
455
479
422
438
432
456
472
450
474
424
444
427
414
449
436
471
451
458
485
409
415
433
435
430
508
442
411
451
441
432
415
435
426
442
435
395
445
427
440
446
406
376
434
441
434
395
473
449
463
437
419
418
414
429
397
467
408
404
432
435
454
451
446
410
426
421
443
384
420
430
457
425
393
422
411
396
399
427
430
382
414
413
413
416
378
396
455
428
394
414
432
439
404
427
419
365
408
388
389
419
415
409
378
429
423
415
421
397
402
402
392
398
395
387
401
434
367
412
411
378
376
371
387
392
421
426
386
408
380
382
406
374
426
402
396
364
364
395
379
395
403
368
408
396
381
418
401
367
397
371
399
379
387
372
383
341
357
359
403
349
372
360
410
371
388
365
369
363
369
361
394
367
380
386
356
375
369
364
387
345
332
378
345
353
373
366
386
339
372
378
365
396
353
365
373
342
329
355
408
370
345
389
384
338
405
348
357
338
365
390
376
359
348
340
320
339
325
356
345
367
370
304
340
345
343
334
346
393
344
324
375
356
357
354
356
375
357
344
341
314
353
381
353
346
338
323
329
355
365
343
327
366
328
358
340
312
314
312
326
291
336
313
351
329
354
336
340
331
328
324
338
382
311
330
319
345
310
281
327
372
349
329
298
345
314
342
300
344
309
314
325
312
331
321
325
338
326
316
321
335
267
314
327
308
316
298
334
308
301
314
289
323
313
310
304
310
328
304
311
295
342
325
343
302
316
277
295
292
313
346
316
305
321
313
333
289
320
299
329
303
308
301
292
308
263
279
313
291
325
286
294
320
316
301
286
306
319
294
274
313
309
297
291
262
277
311
277
313
293
319
272
310
292
280
306
293
296
275
255
283
308
286
287
267
257
259
279
276
274
268
262
262
288
295
268
285
277
266
280
276
257
280
310
265
285
263
279
304
250
295
272
287
246
263
282
272
253
277
275
244
253
295
274
265
272
262
295
260
269
211
256
265
236
257
282
278
264
279
285
263
231
294
249
279
266
252
279
269
258
262
266
252
248
272
266
273
233
261
254
266
230
247
232
235
281
266
288
257
269
231
271
286
276
236
291
247
221
269
245
260
247
241
239
241
227
240
252
240
242
268
239
239
243
243
273
238
235
233
221
213
257
219
241
215
230
226
214
253
230
233
260
248
251
255
220
260
228
246
221
210
230
243
234
195
240
187
235
218
231
227
251
219
245
242
227
228
234
237
226
225
222
217
208
206
223
244
196
232
210
203
219
191
215
237
209
240
187
222
243
209
228
227
198
220
239
190
209
219
206
207
241
211
228
214
232
194
212
204
207
221
208
231
207
202
229
203
208
187
195
187
208
203
204
187
212
202
210
230
243
217
194
197
207
179
216
199
197
221
217
204
213
201
180
213
189
176
183
165
200
202
199
169
197
194
183
203
183
205
189
150
191
187
208
175
200
182
183
204
179
186
183
168
217
176
220
209
198
191
199
167
198
173
179
179
168
176
195
182
191
186
200
205
184
184
188
170
191
174
214
204
191
183
205
161
196
169
190
180
187
180
179
149
181
162
179
163
168
167
171
172
179
165
188
193
149
176
190
186
159
191
144
174
171
181
169
162
186
175
153
194
149
176
166
172
154
181
159
157
167
170
178
176
151
187
163
160
175
165
157
176
190
169
177
165
164
179
172
155
152
143
145
166
147
162
179
167
144
185
187
154
159
152
172
166
169
161
159
164
145
178
185
165
171
149
150
161
177
150
170
132
126
146
139
143
156
154
167
148
174
156
159
168
142
159
153
151
159
152
177
131
151
153
142
138
154
133
137
153
157
165
140
143
144
135
149
155
139
138
125
142
118
140
153
136
139
158
134
173
158
135
143
147
141
144
142
146
141
138
123
134
143
131
135
122
139
121
128
145
131
132
140
123
144
137
134
130
147
149
142
134
139
151
114
129
143
138
145
133
127
141
136
123
143
130
107
120
118
104
113
133
113
134
142
132
136
126
123
107
135
140
130
142
118
124
135
157
111
113
111
128
116
137
134
112
123
127
117
125
132
124
110
116
137
145
115
117
116
116
110
126
125
128
144
125
109
105
134
129
126
100
109
125
125
106
113
113
125
116
124
119
115
133
99
119
113
117
97
139
103
118
118
132
125
113
97
105
105
127
109
112
114
130
110
119
113
109
98
106
103
130
123
103
101
98
102
106
116
111
131
107
113
96
105
106
124
107
113
93
115
109
87
121
88
124
91
117
87
103
111
102
111
112
110
92
96
113
95
104
82
101
93
86
93
98
84
98
85
109
104
104
99
122
95
90
100
94
103
94
88
101
102
95
100
95
96
102
103
95
75
78
92
102
95
97
106
118
103
87
97
101
109
105
101
97
95
90
99
86
101
82
91
76
85
84
94
101
99
87
80
77
76
88
66
76
90
60
112
101
73
87
86
94
99
114
91
105
77
87
87
90
98
93
77
96
85
80
93
81
67
72
88
90
73
90
76
85
84
82
85
85
74
88
89
79
76
89
87
71
74
62
70
80
87
85
83
85
77
80
100
69
83
89
73
113
91
102
92
87
81
86
82
73
85
75
91
91
74
91
82
89
83
89
75
64
69
67
88
81
69
85
89
74
103
73
89
71
69
88
86
62
86
68
74
63
70
90
69
89
68
71
69
75
80
65
81
79
86
70
68
51
73
76
76
87
89
73
60
59
76
60
63
61
53
71
68
73
66
73
77
83
68
67
62
72
70
76
81
72
64
73
59
73
91
79
52
77
71
67
58
72
68
64
71
67
50
74
53
57
66
67
61
63
72
66
66
74
67
60
74
64
54
68
59
69
71
74
49
65
65
56
66
70
59
77
72
59
75
48
69
72
49
59
61
61
66
75
69
49
54
58
69
56
66
56
60
75
66
50
66
76
55
61
54
66
65
60
65
68
57
54
57
62
62
55
57
50
51
73
71
46
48
57
48
64
62
59
52
42
58
61
76
60
62
50
54
62
54
47
50
62
62
48
57
36
60
49
63
65
54
59
58
45
55
46
39
41
53
51
55
53
60
64
50
60
46
60
58
61
58
60
63
51
47
50
58
48
63
51
51
47
63
45
68
44
60
47
58
52
62
36
45
52
44
63
54
60
51
60
51
61
40
43
43
44
36
53
55
46
50
42
45
40
47
37
49
49
52
46
55
49
48
49
48
51
53
43
56
45
37
39
49
53
45
46
48
40
40
49
47
38
55
44
56
46
47
41
43
57
53
48
56
52
46
42
38
46
50
43
61
46
42
46
41
45
50
41
37
52
37
44
57
45
49
33
57
33
47
46
43
41
38
47
35
40
32
46
43
42
35
51
41
35
42
46
52
54
51
34
42
42
47
40
37
33
41
31
40
40
43
49
42
41
43
28
35
38
48
37
29
26
40
37
35
40
38
44
44
32
38
35
40
34
37
45
31
35
24
43
43
32
41
37
30
39
40
38
41
27
46
43
49
38
40
40
43
42
47
36
40
47
39
40
36
27
30
38
41
43
31
33
36
47
30
43
42
33
32
35
36
35
35
35
41
27
38
36
44
40
44
35
44
32
41
38
34
37
32
33
42
46
33
36
22
51
36
44
32
48
35
39
42
36
29
33
42
22
40
37
29
37
33
39
26
29
30
31
40
32
38
27
32
38
32
29
32
37
35
37
37
33
30
29
33
33
31
27
29
32
28
34
30
39
29
27
46
35
30
36
24
35
36
35
37
35
28
33
36
40
24
29
32
33
31
28
37
30
34
16
38
37
38
20
23
31
25
36
29
28
31
25
36
32
28
36
27
28
31
28
24
35
31
23
33
31
31
27
30
41
44
31
36
28
33
36
30
38
33
30
35
36
36
29
30
34
31
27
40
34
25
26
27
27
29
32
25
24
31
25
32
35
28
35
32
20
32
31
22
27
27
30
33
28
34
30
29
32
26
28
29
24
30
28
30
13
25
26
32
21
28
25
30
21
32
24
24
34
30
31
16
33
19
21
26
30
27
35
24
29
27
22
16
30
30
31
25
24
25
30
23
26
22
32
24
27
24
27
25
14
25
25
32
30
32
22
22
27
23
34
30
29
22
26
30
18
17
18
21
33
29
30
27
21
32
18
29
22
20
26
21
21
33
17
17
18
32
28
29
27
27
32
29
32
27
34
21
28
24
28
23
27
26
27
21
22
21
17
20
16
18
24
23
22
25
32
21
27
24
28
23
25
22
27
23
22
16
19
23
27
27
31
28
27
17
25
26
24
19
26
27
15
27
24
24
21
14
23
21
37
25
31
24
33
24
19
38
18
26
26
26
22
20
17
23
23
28
20
24
10
23
19
30
15
20
20
18
27
24
21
24
26
26
18
25
13
21
20
20
21
22
17
21
19
14
17
24
31
13
13
31
21
31
21
19
32
22
21
21
24
24
29
20
24
15
26
24
34
20
24
23
15
18
27
23
29
19
23
15
20
26
15
18
22
25
25
22
17
21
27
12
23
19
17
18
24
21
22
19
23
20
20
28
15
18
17
20
29
20
19
17
23
19
23
26
10
27
19
23
20
20
20
20
21
13
26
16
31
20
20
21
19
25
18
26
27
19
22
16
29
15
12
20
20
21
26
20
17
14
17
21
15
30
13
22
15
23
23
16
11
26
18
19
21
11
19
14
16
17
22
17
16
16
27
21
26
24
20
27
24
19
15
19
15
21
16
15
19
18
27
19
20
26
12
16
21
17
24
13
16
17
21
19
33
20
28
18
20
16
22
17
21
10
14
19
20
26
24
16
8
17
16
18
23
17
16
23
19
19
18
18
22
7
20
22
16
15
9
13
21
19
16
17
13
31
22
12
13
16
7
17
16
16
13
17
18
17
16
13
19
10
15
16
24
17
14
24
20
15
20
25
25
16
18
9
16
15
18
25
16
19
19
18
19
20
16
16
14
16
27
16
25
20
21
15
20
19
17
8
14
21
18
20
18
17
22
19
21
23
15
16
19
17
21
16
16
10
18
20
17
23
13
12
10
17
13
20
14
15
21
11
19
22
16
17
10
18
15
15
12
18
21
7
15
20
21
13
12
22
17
14
12
24
18
20
15
18
24
24
15
20
16
14
16
11
16
24
15
21
17
15
10
16
17
32
19
17
18
16
24
8
13
22
18
17
18
13
12
14
13
22
21
17
20
17
22
22
14
15
13
22
11
13
12
17
15
15
12
19
17
21
15
19
20
13
18
19
11
15
19
16
17
21
19
13
18
13
25
11
14
23
25
14
14
25
18
15
15
17
14
23
18
10
15
19
17
12
13
14
15
11
15
12
15
11
17
10
15
10
20
19
23
7
13
11
12
17
17
12
26
13
12
22
15
18
20
16
16
16
17
12
16
14
17
10
8
12
17
16
15
16
16
13
14
15
14
19
14
16
19
9
16
15
17
13
18
20
24
11
12
19
13
18
12
15
14
17
20
20
14
13
17
12
13
10
16
13
19
12
12
15
15
20
14
12
9
19
12
17
11
14
20
19
13
19
16
18
20
11
24
14
14
12
20
14
10
14
15
18
13
8
15
9
22
20
18
15
17
13
16
16
19
19
12
15
16
9
10
14
7
16
15
22
14
24
14
14
13
14
14
12
17
17
12
15
8
13
8
12
9
15
14
15
12
13
15
12
14
23
13
21
10
20
17
16
16
13
18
22
11
20
22
19
6
11
15
15
14
9
12
13
13
21
12
13
13
16
17
12
10
12
18
13
8
13
20
11
14
14
9
12
16
21
13
7
16
17
8
11
6
16
5
17
19
19
13
17
21
18
18
7
15
16
9
17
14
11
19
12
18
15
19
12
12
12
15
10
17
21
15
10
11
14
12
14
16
8
13
9
9
13
13
12
13
13
22
17
11
11
11
12
12
11
17
17
22
8
13
13
20
7
10
16
14
12
14
14
20
11
13
14
8
12
17
12
17
12
12
15
11
14
18
19
10
8
13
17
12
13
14
12
10
17
17
9
11
12
20
10
15
11
11
17
13
12
11
12
17
18
11
15
8
24
13
14
7
10
13
15
14
13
16
9
14
12
9
10
21
14
15
16
13
10
15
9
13
14
13
10
12
18
8
14
22
12
9
18
15
9
15
16
9
14
11
17
8
14
15
9
10
18
10
14
18
15
15
14
11
10
18
16
13
18
19
16
16
7
13
13
17
9
9
9
15
13
15
13
8
13
15
11
11
13
12
14
18
10
13
16
19
18
22
10
10
12
13
13
5
16
10
11
15
15
5
10
11
17
17
9
11
16
11
9
13
13
16
12
7
11
18
13
19
11
17
12
21
22
6
12
14
13
11
15
13
8
14
12
14
12
9
11
15
10
13
8
17
11
11
12
13
11
15
12
5
13
12
13
21
8
11
15
17
21
8
18
12
16
11
10
17
10
16
14
18
12
13
16
12
9
8
10
11
12
21
12
14
14
15
12
13
9
16
13
9
9
12
6
8
13
16
10
14
9
16
17
11
11
11
11
19
10
8
16
12
10
15
18
19
6
15
10
17
8
7
15
11
13
13
12
13
13
12
11
12
16
10
10
11
10
16
8
17
17
11
11
12
15
7
9
9
10
9
9
13
13
9
12
16
10
11
12
13
13
14
19
13
15
21
5
11
7
11
12
11
6
12
13
10
14
12
13
12
14
14
13
14
12
18
16
8
12
18
12
16
9
12
12
11
9
7
11
15
11
6
13
9
15
13
8
12
14
10
14
12
17
12
21
8
12
16
10
11
6
11
6
15
16
15
12
11
8
9
12
10
14
9
13
12
10
11
14
8
6
8
14
9
18
6
9
13
15
13
11
9
7
14
12
11
9
6
14
12
11
10
7
7
17
13
11
8
15
14
9
11
11
9
9
12
9
13
15
10
10
11
11
15
13
6
9
8
10
13
10
10
11
10
8
12
11
11
8
12
10
12
9
16
8
7
7
14
5
17
9
8
18
14
22
7
16
15
7
8
15
9
7
13
13
14
12
11
9
10
15
9
13
12
14
14
18
15
14
10
11
10
12
8
11
10
8
8
10
13
14
7
15
12
12
15
9
16
4
13
11
16
9
14
13
9
14
8
13
8
8
16
14
11
15
7
5
8
9
10
13
11
16
14
8
13
14
9
14
13
15
8
6
13
12
13
9
9
9
9
12
10
4
14
10
5
8
13
13
7
3
10
8
13
12
11
7
10
14
10
16
11
15
14
9
10
11
8
14
11
10
15
16
10
11
5
6
12
8
16
13
6
11
11
10
7
9
11
9
15
7
5
10
8
12
8
5
7
10
9
13
5
10
8
8
9
7
10
11
6
7
15
12
14
8
7
7
8
7
9
14
7
7
16
10
5
14
6
9
13
10
13
15
13
13
7
10
12
13
9
7
14
16
13
16
15
9
12
12
7
8
6
14
9
8
9
8
8
9
7
7
10
12
13
10
16
6
12
11
12
12
12
19
11
13
10
12
14
11
7
8
15
9
13
9
10
8
7
10
5
12
10
8
14
4
12
13
15
9
7
11
10
9
15
12
15
12
12
9
14
7
13
11
14
12
8
11
11
6
5
9
14
10
9
7
10
6
12
12
9
12
7
15
11
9
10
5
7
12
8
8
10
12
11
5
7
5
9
8
9
6
11
11
10
8
12
10
10
16
10
8
6
9
12
13
8
11
9
5
10
10
9
13
13
8
13
9
13
8
7
10
11
9
8
7
17
6
11
8
6
7
8
8
9
10
13
5
6
4
12
11
7
12
7
13
7
5
8
6
6
7
8
9
4
7
6
6
10
8
11
7
10
7
2
8
6
8
10
13
6
11
8
7
9
13
19
9
4
12
12
8
11
9
14
7
8
14
10
13
5
7
13
8
7
9
8
14
10
13
8
7
6
7
11
5
18
9
8
4
9
9
14
7
7
9
9
10
8
5
13
10
7
8
7
7
8
6
12
8
8
7
9
8
13
9
8
8
6
7
4
13
9
7
12
6
11
6
9
9
5
4
7
6
10
4
11
6
7
6
6
10
14
7
8
5
8
13
10
15
12
3
4
9
7
11
12
7
12
6
11
6
15
16
3
10
6
8
5
11
8
7
4
7
11
9
6
6
12
5
8
11
10
11
7
7
5
7
4
1
4
10
12
5
12
9
10
7
12
11
3
6
9
9
9
7
4
5
5
6
9
8
5
12
5
3
10
2
8
8
4
9
7
7
4
5
5
5
10
4
11
13
6
10
6
8
7
6
9
10
7
3
3
13
3
8
10
7
6
8
11
6
5
12
11
7
8
12
6
11
8
5
9
8
7
10
8
11
7
9
11
2
8
9
10
9
11
4
11
14
5
6
7
6
5
4
9
5
14
9
7
7
10
11
7
9
10
10
13
7
4
6
7
8
10
13
5
9
4
6
11
3
7
4
4
5
11
10
4
9
10
9
5
8
15
6
5
7
5
9
13
12
8
10
4
8
11
7
6
13
8
5
4
19
9
6
3
3
6
5
3
6
6
10
8
6
10
4
4
5
8
5
9
6
7
4
10
9
10
6
10
11
11
9
10
6
8
7
9
6
5
4
10
6
7
7
7
2
3
17
12
10
9
7
9
7
9
12
11
5
5
7
7
11
6
6
3
4
7
8
10
7
4
5
6
5
4
4
5
7
10
7
7
7
7
2
10
2
4
6
6
7
4
8
8
9
7
6
8
7
6
8
5
8
11
8
8
4
10
12
8
9
7
5
6
7
4
8
8
9
9
5
5
8
6
6
3
7
4
5
5
8
5
4
7
8
14
11
7
10
6
5
4
7
5
10
12
9
15
9
6
7
0
6
9
5
6
10
6
8
7
6
4
6
10
3
6
9
6
5
7
7
11
6
11
5
7
8
7
5
5
8
9
6
8
12
4
6
10
5
6
2
11
8
9
5
9
5
4
6
3
7
5
5
4
6
7
5
7
8
8
11
1
6
9
7
8
7
5
6
3
4
8
6
5
6
6
10
6
5
5
4
5
6
7
5
4
10
1
2
6
6
5
12
4
5
2
5
6
6
7
10
7
6
4
5
5
3
7
6
6
5
6
8
7
8
2
5
4
6
6
5
4
3
4
6
5
7
5
5
5
4
5
6
6
5
2
4
6
9
4
9
4
5
7
3
3
4
3
7
6
4
5
7
5
6
7
11
2
5
4
4
6
1
6
8
4
5
8
7
7
5
6
6
8
10
3
7
1
5
7
6
2
3
8
5
4
4
4
4
6
4
7
6
1
1
6
5
4
4
3
5
3
6
5
4
2
3
2
2
7
7
4
3
2
5
4
2
5
7
3
8
9
4
6
8
7
6
2
4
4
4
1
9
7
6
2
4
5
4
4
4
3
3
3
5
4
2
8
8
7
2
5
6
8
3
4
6
1
2
4
6
7
8
3
2
2
5
4
4
6
8
5
2
1
1
7
5
5
7
7
5
9
9
5
7
4
8
3
7
5
4
2
4
8
7
4
3
5
5
5
8
6
4
2
2
4
5
1
7
1
3
3
5
5
4
6
7
5
3
6
7
4
5
7
3
1
6
4
