0
0
0
0
0
0
0
0
0
0
0
0
4
3
2
7
4
6
9
6
7
6
10
11
8
20
19
18
26
29
33
33
52
82
91
166
234
301
387
520
565
729
837
867
1008
1118
1305
1530
1688
1935
2306
2747
3486
4712
6665
10478
17865
28089
35812
39915
40978
41636
42231
42214
43106
43316
43500
43845
44606
44759
45352
45547
45798
46180
46527
47127
47242
47950
48040
48538
48669
49259
49448
49648
49833
50238
50592
51144
51115
50891
51875
51663
52357
52438
52738
52075
53299
53220
53390
53653
54091
54267
54549
54701
54979
55612
55089
56196
55508
55949
56567
56368
56598
56929
56843
57042
57569
57385
57491
58042
57534
58336
58177
57956
58489
58696
59002
59344
58799
59487
59024
59713
59627
59744
59974
60321
60224
60548
61071
60610
61498
61297
60292
61243
61104
61119
61721
61807
61994
62085
61717
61764
62437
62180
62467
62621
62427
62279
63113
62521
62948
63079
63163
63357
63305
63407
63794
63461
63767
63925
64214
64159
64068
64268
64545
64518
65112
64697
64946
64599
65122
65261
65396
65537
65313
65870
65745
66447
66460
65912
66185
66202
66558
66511
67033
66644
67111
66916
67410
67175
67519
67896
67764
68222
68145
68249
68417
68823
68565
69086
68502
69224
69320
69613
69799
70258
69671
70408
70636
70268
70862
70733
71085
71688
70930
71020
71174
71391
71612
71741
72287
72539
72480
72513
73208
72440
72434
73635
73600
73609
73538
73425
73633
73325
73742
73534
74290
74066
73911
73994
74175
74269
74792
75194
74326
74487
75019
74849
75536
75220
75243
75882
75590
75482
75801
76081
75508
76289
76186
76157
76500
76245
76352
76856
76308
76349
76450
76962
76701
76976
77399
76745
77135
77064
77582
77187
78078
77986
77858
77822
77697
77988
78692
78692
78283
78432
78955
79161
79638
79167
79630
79488
80021
79933
80218
80339
80599
80734
80856
81406
81285
81304
81367
81775
81924
82516
82465
82580
83047
82989
83263
83396
83309
83568
83621
83941
84539
83856
85340
84931
84882
84885
85287
86580
85975
86855
86349
86646
87032
86869
87460
87584
87547
87415
87554
88094
88881
88039
88649
89244
89486
88887
89522
89520
90314
90026
90502
90925
90828
91287
91075
91783
91222
91533
91961
91664
92484
92079
92674
93009
92569
92749
93239
93480
93529
93658
93465
94348
93943
94589
94245
95156
94554
94205
94955
95061
95133
95323
95090
95840
95881
95521
95706
96029
95600
96185
96831
96738
96525
96788
96897
96980
97371
97600
97349
97818
96923
97160
97808
97173
97033
97661
97538
97778
97677
97622
97948
98210
97442
98210
97888
98156
98318
98163
98375
98521
98843
98202
98539
98174
98326
97911
98508
98808
98571
98148
98000
98322
98200
98144
98141
98454
97898
97640
97186
98344
97387
97828
97664
97323
97583
97550
97111
97487
96093
96096
97169
96655
96842
96419
96385
95797
96069
95933
96079
95607
96024
94915
95620
95502
95253
95120
94847
94623
94458
94237
94178
94323
93070
92909
93072
93534
92375
92086
92649
92333
91747
92011
92028
91557
91013
90819
90955
90793
89806
89534
90057
89739
89228
89207
88382
88259
87967
87632
87947
87503
86871
86858
86848
86485
85911
85725
84955
85501
84583
84667
84437
83691
83708
82950
83071
83474
82874
82553
81811
81719
81347
81088
81138
80467
80295
80248
79892
79327
78981
78756
78364
77603
77590
76988
76932
76864
75987
76052
75646
74945
74721
73861
73951
73445
73362
73192
72984
72165
72318
71749
71361
70384
71214
70643
69932
69143
68952
68358
68172
68058
67500
67764
67180
66977
66355
65164
65934
65463
64887
64125
64477
64095
63348
63178
62615
62717
62149
61769
60847
60899
60547
60376
59850
59802
59429
58655
58208
58116
57280
57317
56965
56493
56435
56276
55846
55432
54833
54619
54444
53725
53536
53503
53253
52564
52083
51462
51371
50648
51078
50650
50000
49599
49463
49148
49075
48320
48471
48076
47232
47080
46972
46325
46174
45649
45621
45029
44813
44184
44068
43739
43472
43418
42721
42447
42363
42146
41471
41514
40986
40683
40293
40279
39364
39421
39041
38954
38521
38114
38610
37666
37515
37080
37011
36431
36370
35740
35841
34779
35419
35094
34118
34019
33857
34004
33276
32985
32910
32669
32518
32191
31757
31910
31504
31289
30816
30449
30255
30098
29644
29990
29538
28971
28474
28586
28468
28235
28067
27648
27453
27248
26936
27010
26803
26062
26067
25898
25616
25349
25046
25138
24869
24623
24476
24130
24106
23969
23458
22993
23329
23353
22736
22238
22160
22290
21776
21863
21631
21453
21349
20846
20408
20669
20244
20262
20268
20065
19658
19498
19426
19120
18982
18647
18920
18472
18551
18281
18060
18003
17784
17413
17444
17105
17106
16780
16822
16697
16308
16340
16133
16128
15894
15737
15562
15292
15341
15301
15294
15152
14849
14928
14322
14435
14563
14308
14115
13935
13831
13623
13516
13449
13121
13305
12944
13061
13097
12808
12684
12797
12407
12153
12349
12136
12100
11539
11748
11869
11549
11613
11274
11317
11177
11024
10986
10994
10713
10746
10764
10689
10362
10338
10099
10164
10205
10147
10117
9992
9872
9778
9578
9419
9461
9453
9434
9209
9235
8866
9073
8872
9016
8829
8674
8525
8584
8677
8528
8418
8392
8309
8310
8151
8059
7931
7919
7858
7737
7873
7747
7509
7650
7612
7403
7474
7404
7381
7447
7261
7183
7216
7130
6930
7000
7011
6980
6808
6825
6587
6670
6598
6566
6560
6484
6387
6347
6376
6525
6247
6344
6084
6336
6185
6035
6144
6005
6022
5922
6011
5994
5905
5849
5840
5765
5769
5693
5624
5552
5713
5586
5626
5526
5407
5615
5333
5366
5423
5159
5255
5292
5335
5267
5301
5150
5121
5073
5104
5053
5007
4971
4992
4932
4931
4921
4841
4843
4783
4822
4682
4943
4747
4602
4681
4674
4729
4776
4571
4590
4616
4532
4515
4557
4552
4522
4493
4615
4409
4571
4341
4358
4398
4514
4253
4327
4304
4439
4240
4182
4302
4290
4255
4334
4180
4206
4266
4162
4142
4115
4145
4184
4161
4004
4012
4102
4045
3897
4064
4002
3993
4017
4021
3969
4030
3959
3832
4019
3911
3875
3944
3939
3860
3778
3862
3774
3793
3737
3722
3720
3748
3769
3740
3778
3700
3821
3704
3739
3722
3635
3745
3612
3692
3770
3645
3624
3624
3652
3644
3599
3493
3626
3638
3531
3567
3529
3425
3513
3558
3629
3520
3495
3486
3481
3490
3394
3445
3437
3471
3470
3432
3271
3415
3349
3426
3392
3387
3289
3312
3378
3358
3340
3312
3336
3197
3310
3355
3264
3318
3320
3306
3328
3290
3210
3256
3303
3222
3260
3217
3177
3171
3203
3112
3220
3196
3167
3222
3062
3080
3156
3081
2988
3134
3147
3053
3026
3193
3021
2975
3102
3158
3104
3021
3036
3092
3063
3085
2934
2988
3120
2926
2961
3010
2997
2960
3042
2959
2989
3074
2970
2979
2903
2966
2956
3005
2952
3017
2921
2850
2894
2955
2855
2977
2895
2864
2909
2831
2816
2853
2836
2820
2827
2749
2813
2942
2718
2725
2839
2844
2760
2766
2786
2705
2750
2729
2749
2760
2641
2675
2718
2635
2734
2769
2670
2683
2730
2638
2643
2623
2603
2625
2592
2512
2654
2506
2507
2473
2569
2587
2572
2468
2496
2480
2545
2535
2461
2485
2479
2432
2480
2457
2428
2466
2411
2430
2402
2343
2406
2478
2353
2356
2312
2306
2367
2350
2339
2305
2468
2392
2379
2241
2312
2315
2283
2261
2261
2241
2203
2318
2194
2275
2334
2185
2212
2227
2223
2249
2201
2235
2155
2173
2149
2152
2053
2086
2111
2085
2123
2089
1993
2032
2035
2168
2054
1971
2003
2124
1940
2010
2010
1993
2018
1966
2011
1925
1965
1862
1901
1968
1884
1905
1830
1906
1895
1932
1906
1859
1821
1858
1830
1793
1835
1779
1832
1793
1763
1816
1769
1734
1774
1702
1757
1740
1705
1758
1760
1703
1716
1647
1638
1656
1673
1670
1608
1633
1658
1541
1593
1586
1624
1575
1517
1600
1536
1544
1535
1530
1540
1536
1547
1445
1461
1561
1476
1462
1477
1403
1469
1439
1427
1431
1462
1367
1439
1410
1471
1364
1391
1391
1357
1375
1308
1357
1273
1376
1328
1281
1283
1331
1316
1357
1216
1257
1225
1268
1224
1300
1239
1206
1222
1178
1195
1171
1214
1220
1161
1224
1162
1119
1150
1104
1181
1102
1114
1104
1133
1084
1089
1093
1040
1053
1086
1086
1062
1045
1023
963
1050
1032
1001
1056
1007
1021
993
991
952
956
973
909
963
906
936
944
893
913
924
918
880
909
889
880
887
894
933
832
865
882
864
815
825
820
782
797
797
846
774
799
806
793
836
823
783
815
696
771
755
722
765
697
725
689
730
729
732
703
631
702
709
679
663
696
660
630
661
665
620
643
705
667
636
633
623
626
619
614
613
591
605
584
589
561
619
582
583
585
563
534
539
532
507
517
543
540
508
482
488
480
491
460
506
479
484
457
489
459
503
454
454
444
481
482
485
457
458
453
452
443
442
447
377
411
414
379
431
402
397
349
372
389
385
362
376
390
368
387
359
401
345
355
381
358
351
389
358
334
371
340
360
347
332
343
345
340
364
312
287
299
323
304
315
325
270
294
276
263
272
283
276
302
260
263
291
286
267
278
241
251
267
236
249
235
275
228
251
252
255
225
239
210
212
238
228
237
204
226
211
210
200
215
242
218
221
220
202
209
213
208
211
212
203
178
183
173
182
178
186
209
180
194
186
152
172
188
191
153
154
168
168
196
157
167
152
148
154
172
139
184
135
134
144
152
134
146
171
142
124
141
127
126
153
122
123
123
142
138
133
115
132
111
100
129
132
111
106
121
117
116
104
108
99
92
105
113
101
124
115
103
105
106
97
95
102
108
89
102
97
109
98
93
107
84
85
85
101
104
76
82
88
76
82
80
70
77
81
79
72
96
91
87
83
86
65
77
77
64
85
78
79
77
62
65
75
67
58
83
60
72
79
61
55
73
56
53
57
66
65
60
54
55
57
62
50
58
44
51
64
54
53
61
45
54
56
47
53
54
56
55
58
55
42
44
45
50
32
42
47
45
43
38
34
45
42
57
26
44
36
58
42
38
47
37
30
45
35
36
32
39
36
39
33
41
39
33
37
30
40
33
38
31
47
28
37
42
36
42
27
29
25
30
31
32
33
26
33
27
27
42
28
31
28
26
26
25
26
31
23
30
28
38
30
26
32
25
17
25
25
28
25
19
31
21
20
21
20
22
23
17
22
21
26
27
22
31
23
28
24
23
22
23
30
16
18
15
21
29
19
17
20
23
18
22
15
21
8
16
22
23
15
18
16
25
17
12
11
19
19
16
15
21
17
24
11
12
12
25
10
19
22
16
21
17
19
11
17
18
15
10
9
16
13
15
17
12
16
13
9
15
8
12
19
15
10
11
7
20
14
8
11
11
12
18
6
8
10
12
10
10
12
9
11
12
8
7
10
14
15
10
13
9
7
7
13
10
12
11
8
17
11
15
9
7
15
15
14
13
19
7
12
16
5
10
7
11
9
10
7
12
14
7
7
8
8
13
6
9
8
5
9
11
13
8
8
4
2
10
9
5
6
8
9
6
9
6
11
6
8
5
2
9
6
9
4
5
12
9
9
8
9
6
6
11
3
5
10
5
6
3
5
5
9
9
10
5
5
6
10
7
4
6
10
3
6
5
7
6
6
3
4
8
7
5
2
10
2
5
3
1
1
3
4
4
8
10
2
6
1
6
5
4
4
7
4
4
5
2
6
4
1
4
7
9
5
3
4
5
1
4
2
4
8
2
0
8
3
3
5
8
7
2
5
3
4
1
3
3
5
2
4
6
1
5
6
2
3
4
3
5
5
2
2
4
4
7
2
4
3
2
8
0
4
6
3
2
6
2
0
0
0
3
6
3
5
2
2
0
2
6
4
3
2
4
2
6
5
1
3
4
4
2
7
7
1
6
2
0
3
5
1
5
1
2
1
4
3
0
0
0
3
4
5
0
0
1
2
0
3
2
0
1
1
4
2
0
2
4
4
2
2
0
1
1
1
6
4
1
0
0
1
3
1
2
3
2
2
0
2
1
3
1
3
1
3
4
2
3
2
1
1
1
2
0
1
0
4
1
0
0
7
3
1
1
1
2
1
0
3
1
0
0
0
4
1
2
0
2
0
1
1
1
0
0
2
1
0
1
1
2
1
0
1
1
2
0
2
0
2
0
4
2
2
1
2
3
1
2
0
2
3
3
1
1
0
3
1
3
1
0
3
4
2
0
0
0
0
1
2
0
2
2
3
2
0
2
1
1
2
1
0
0
0
0
0
1
1
2
2
0
3
1
1
2
1
0
1
0
1
2
2
1
0
2
2
0
1
3
1
1
1
1
0
1
0
0
0
0
0
1
2
2
0
1
1
4
1
2
1
1
1
0
0
0
2
0
1
0
2
2
0
1
1
0
1
1
2
0
2
1
1
0
1
0
1
1
1
0
1
2
1
1
1
0
0
0
1
1
0
1
1
1
1
1
1
0
0
0
1
1
1
1
2
0
1
0
1
1
0
0
2
1
0
0
1
0
0
2
0
2
0
0
1
1
1
0
0
0
0
0
0
0
1
1
0
1
0
1
1
0
0
2
1
0
0
1
0
0
2
2
1
0
0
1
1
0
0
0
1
0
0
0
2
1
1
1
1
1
1
0
0
0
0
1
0
0
2
0
0
0
1
1
0
2
0
1
0
0
0
0
0
0
1
0
0
1
1
0
0
0
0
0
0
0
1
0
0
1
0
0
0
0
1
0
1
0
1
0
0
0
0
0
0
1
0
0
0
0
1
0
0
1
0
0
2
2
2
2
0
0
1
1
0
1
0
0
0
0
0
0
0
0
0
0
0
0
1
1
0
0
0
0
0
0
0
0
0
0
0
0
0
1
0
0
0
0
1
0
0
0
0
0
2
0
0
1
1
0
0
0
0
1
0
1
0
1
0
0
0
0
0
0
0
1
1
0
0
0
0
0
0
0
0
1
1
0
0
0
0
1
0
0
0
0
0
1
0
1
0
2
0
0
1
0
0
0
0
0
0
0
0
0
0
0
0
0
1
0
1
1
0
0
0
0
0
1
0
0
0
0
0
0
0
0
0
0
0
0
0
0
0
1
1
0
0
0
0
0
0
0
0
1
1
0
0
0
0
0
0
0
0
0
1
0
0
1
1
0
0
1
0
0
0
0
0
1
0
0
0
0
0
0
0
0
0
0
0
0
0
0
0
0
0
0
0
0
0
0
0
0
0
0
0
0
0
0
0
0
0
0
0
0
0
0
0
1
0
1
0
0
0
0
0
1
0
0
0
1
0
0
0
0
0
1
0
0
0
1
1
0
0
1
0
0
0
0
0
0
0
0
0
0
0
1
0
0
0
0
0
0
0
0
0
0
1
0
0
0
0
0
0
0
0
0
2
0
0
0
0
0
0
0
0
0
0
0
0
1
0
0
0
0
0
0
0
0
0
0
0
0
0
0
0
0
0
0
0
0
0
0
0
0
0
0
0
0
0
0
0
0
0
0
0
0
0
0
1
0
0
0
0
0
0
0
1
0
0
0
0
1
0
0
0
0
1
0
0
0
0
0
1
1
0
0
0
0
0
0
0
0
0
0
0
0
1
0
2
0
0
0
0
0
0
0
0
0
0
0
0
0
0
0
0
1
0
0
0
0
0
1
0
0
0
0
0
0
0
0
1
0
0
1
0
1
0
0
0
0
1
0
0
0
1
0
1
1
0
0
1
0
0
0
1
0
0
0
0
0
0
0
1
0
0
0
1
0
0
0
0
0
0
0
0
1
0
0
0
1
0
0
0
0
1
0
0
0
1
1
0
0
1
0
0
0
1
0
0
0
0
0
0
0
0
0
0
1
0
0
0
0
0
0
0
0
0
0
0
1
0
0
0
0
0
0
0
0
0
0
0
0
1
0
0
0
0
0
0
0
0
0
0
0
0
0
1
0
0
0
0
0
0
0
0
0
0
1
1
0
0
0
0
1
1
0
1
1
0
1
0
0
0
0
0
0
0
1
0
0
0
2
0
0
0
0
0
1
0
0
1
0
0
0
0
0
0
0
1
0
0
0
0
0
0
0
0
0
0
0
0
0
0
0
0
0
1
0
0
0
0
0
0
0
1
0
0
0
0
0
0
0
0
0
0
0
0
0
0
0
2
0
0
0
0
1
1
0
0
0
0
0
0
1
0
0
0
0
0
0
0
0
0
0
0
1
0
0
0
0
1
0
0
0
0
0
0
0
0
0
0
1
0
0
0
0
0
0
0
0
0
0
1
1
0
0
0
0
0
0
0
0
0
0
0
0
0
0
0
0
0
0
0
0
0
0
0
1
0
0
0
1
0
0
0
1
0
0
1
0
0
0
0
0
0
0
0
0
0
0
0
0
0
0
1
0
0
0
0
0
0
1
0
0
0
0
0
0
0
0
0
0
0
0
0
0
0
0
1
0
0
0
0
0
0
1
0
2
0
0
0
0
0
0
0
0
0
0
0
0
1
1
0
0
0
0
0
0
0
0
0
0
0
0
0
0
0
0
1
0
0
0
0
0
1
0
1
0
0
0
0
0
0
0
1
0
0
0
0
0
1
1
0
0
0
0
2
1
0
0
0
0
0
0
0
0
0
0
0
1
0
0
1
0
0
0
0
1
0
0
0
0
0
0
0
1
0
0
0
0
1
0
0
0
0
0
0
0
1
1
0
1
0
0
0
1
0
0
1
0
0
0
0
0
0
1
0
0
0
0
1
0
0
0
1
0
0
0
0
1
0
1
0
0
0
0
1
0
0
0
0
0
0
0
0
1
0
0
0
0
0
0
0
0
0
0
0
0
0
0
0
0
0
0
0
0
0
1
0
0
1
0
1
0
0
0
0
0
0
1
0
0
0
1
0
0
1
0
1
0
0
0
0
0
0
0
0
0
0
0
0
1
0
0
0
0
0
0
0
1
0
0
0
1
0
1
0
0
0
0
0
0
0
0
0
0
0
1
0
0
0
0
0
0
0
0
0
0
0
1
0
0
0
1
0
1
0
0
1
0
0
0
1
0
0
0
0
1
0
0
0
0
0
0
0
0
0
0
0
0
0
0
0
1
0
0
0
0
0
0
0
0
0
0
0
1
0
0
1
0
0
0
0
0
0
0
0
0
0
0
0
0
0
0
0
0
1
1
0
0
0
1
0
0
0
0
0
0
0
0
0
0
0
0
0
0
0
0
0
0
0
1
1
0
0
0
0
0
0
0
0
0
0
0
0
1
1
0
0
1
1
1
1
0
0
0
0
1
0
0
0
0
0
0
0
0
0
0
0
0
0
0
0
0
0
0
0
0
0
0
0
1
0
0
0
0
0
0
0
0
0
0
0
0
0
0
0
0
0
0
0
0
0
0
0
0
0
0
1
0
0
0
0
0
0
0
0
0
1
0
0
0
0
0
0
1
0
0
0
1
0
0
0
1
0
0
0
0
0
1
1
0
0
0
2
0
0
0
1
1
0
0
0
0
0
0
1
0
0
0
0
0
0
0
0
0
0
0
0
0
0
0
0
0
0
0
0
0
0
0
1
0
1
0
0
1
1
0
0
0
0
0
0
0
0
0
1
0
0
1
0
0
0
0
0
0
0
0
0
0
0
0
0
0
0
0
0
0
0
1
0
0
0
0
0
0
1
0
0
0
1
0
0
1
0
0
0
0
0
0
0
0
0
1
1
0
0
1
0
0
0
0
0
0
0
0
1
0
0
0
0
0
0
0
1
0
0
0
0
0
0
0
0
0
0
1
0
0
0
0
0
0
0
0
1
0
0
1
1
0
0
0
0
0
0
0
0
0
0
0
1
0
0
0
0
0
0
0
0
1
0
0
1
0
0
0
0
0
0
0
0
0
0
0
0
0
0
0
0
0
0
0
0
0
0
0
0
0
0
0
0
0
0
1
0
0
0
0
0
0
0
0
0
0
1
0
0
1
0
0
0
1
0
0
0
0
0
0
0
0
0
0
0
0
0
0
0
0
0
0
0
0
0
0
0
0
0
0
0
0
0
0
0
0
0
0
0
0
0
0
0
0
0
0
0
0
0
1
0
0
0
0
0
0
0
0
0
0
0
0
0
1
1
0
0
0
0
0
0
0
0
0
0
0
0
0
0
0
0
0
1
0
0
0
1
1
0
0
1
0
0
0
0
1
1
0
0
0
0
1
0
1
0
0
1
0
0
1
0
0
0
0
0
0
0
0
0
0
1
0
0
0
0
0
0
0
0
0
0
0
0
1
0
0
0
1
0
1
0
1
0
1
0
0
0
0
0
0
0
0
0
0
0
0
0
0
0
0
0
0
0
1
0
0
0
0
2
1
0
0
0
1
0
0
0
0
0
0
0
0
0
0
0
0
0
0
0
0
0
0
0
0
0
0
0
0
0
0
0
0
0
0
0
0
0
1
0
0
0
0
1
0
0
0
0
0
0
0
0
0
0
0
1
0
0
0
0
0
0
0
0
0
0
0
0
0
0
0
0
0
0
0
0
0
0
0
1
0
0
0
0
1
1
0
0
0
0
0
0
0
0
0
0
0
0
0
0
0
1
0
1
0
0
0
0
0
0
0
0
0
0
0
0
0
0
0
0
0
0
0
1
0
0
0
0
0
0
0
0
0
0
0
1
0
1
1
0
0
0
0
1
0
0
0
0
0
0
0
0
0
0
0
0
0
1
0
0
0
0
0
0
0
0
0
0
0
0
0
0
0
0
1
1
0
0
0
0
0
0
1
0
0
0
0
0
0
0
0
0
0
0
0
0
0
0
0
0
0
0
0
0
0
0
2
0
0
0
0
0
0
0
0
0
0
0
0
0
0
0
0
0
1
0
0
0
0
0
0
0
0
0
0
1
0
0
0
0
0
0
0
0
0
0
0
0
0
0
0
0
0
0
1
0
0
0
0
0
0
0
0
1
0
0
0
1
0
0
0
0
0
0
0
0
1
0
0
1
0
0
0
0
1
0
0
0
0
1
0
1
0
0
1
0
0
0
0
0
0
0
0
0
0
0
0
0
0
0
0
1
0
1
0
0
0
0
1
0
0
0
0
0
0
0
0
1
1
0
0
0
0
0
0
0
0
0
0
0
0
0
0
0
0
0
0
0
0
0
0
0
0
0
1
0
0
0
1
0
0
0
0
0
0
0
0
0
0
0
0
0
0
0
0
0
1
0
0
0
0
0
0
0
0
0
0
1
0
0
0
0
0
0
0
0
0
0
0
0
0
0
0
0
0
0
1
0
0
0
0
0
0
0
0
0
0
0
0
0
0
0
0
0
0
0
0
0
0
0
0
0
0
0
0
0
0
1
0
0
1
0
0
0
0
0
1
0
0
0
0
0
0
1
1
0
0
0
0
0
0
0
0
0
0
0
2
0
0
1
0
0
0
1
0
0
0
1
0
0
0
0
0
0
0
0
0
0
0
0
0
0
0
0
0
0
0
0
0
0
0
0
1
0
0
0
0
0
0
0
1
0
0
0
0
0
0
1
0
0
0
0
0
1
0
0
0
0
0
0
0
0
0
0
0
0
1
0
0
0
0
0
0
0
0
0
2
0
0
1
0
0
0
0
0
0
0
0
0
0
0
0
1
0
0
0
1
0
0
0
0
0
0
0
1
0
1
0
0
0
0
0
0
0
0
0
0
0
1
1
0
0
0
0
0
0
0
0
0
0
0
1
0
0
0
0
0
0
0
0
0
0
0
0
0
0
0
0
0
0
0
0
0
0
0
2
0
0
0
0
0
0
0
0
0
1
0
0
0
0
0
0
0
0
0
0
0
1
0
0
0
0
0
0
0
1
0
0
0
0
0
0
0
1
0
0
0
0
0
0
0
0
0
1
1
0
0
0
0
0
0
0
0
0
0
0
0
0
0
0
0
0
0
1
0
0
0
0
0
0
0
0
0
0
0
0
0
0
0
0
0
1
0
0
0
0
0
0
0
0
0
0
0
0
0
0
0
0
1
0
1
0
0
0
0
0
0
0
0
0
0
0
0
0
0
0
0
0
0
0
0
0
0
0
0
0
0
0
0
0
0
0
0
0
0
0
0
0
0
0
0
0
0
0
0
1
0
1
0
0
0
0
0
0
0
0
0
0
0
0
0
0
0
0
1
0
0
0
0
0
0
0
0
0
1
1
0
0
0
0
0
0
0
0
1
0
0
0
0
0
0
0
0
0
0
0
0
0
0
0
0
0
0
0
0
0
0
0
0
0
0
0
1
0
0
0
0
0
0
0
0
0
0
0
0
0
0
0
0
0
0
0
0
0
0
0
0
0
0
0
0
1
0
0
0
1
0
0
0
0
0
1
0
0
0
0
1
0
0
0
0
0
0
0
0
0
0
0
0
0
0
0
0
1
0
0
0
0
1
0
0
0
0
0
0
0
1
0
0
1
0
0
0
0
0
0
0
0
0
0
0
2
1
1
0
0
0
0
0
0
0
0
0
0
0
0
0
0
0
0
0
0
0
0
0
0
0
0
0
0
0
0
0
0
0
0
0
2
0
0
0
1
0
0
0
0
0
0
0
0
0
0
0
0
0
0
0
0
0
0
0
0
0
0
0
0
0
0
0
0
0
0
0
0
0
0
0
0
0
0
0
0
0
0
0
0
0
0
0
0
1
0
0
0
0
0
0
0
0
0
0
0
0
0
0
0
0
0
0
0
1
0
0
0
0
0
0
0
0
0
0
0
0
0
0
0
0
0
0
0
0
0
0
0
0
0
0
0
0
0
0
0
1
0
0
0
0
0
2
0
0
0
0
0
0
0
0
1
0
0
0
0
0
0
0
0
0
0
0
0
0
0
1
0
0
0
0
0
0
1
0
0
0
0
2
0
0
0
0
0
0
0
0
0
0
0
0
0
1
0
0
0
1
0
0
1
1
2
0
0
0
0
0
0
0
0
0
0
0
2
0
0
0
0
0
0
0
0
0
1
0
0
0
0
0
0
0
0
0
0
0
0
0
0
0
0
0
0
0
0
0
0
0
0
1
0
0
0
0
0
0
0
0
0
0
0
0
0
0
0
0
0
0
0
0
0
0
0
0
1
0
0
0
0
0
0
0
0
0
0
0
0
0
0
0
0
0
0
0
0
0
0
0
0
0
0
0
0
0
0
0
0
0
0
0
0
0
0
0
0
0
0
0
0
0
0
0
0
0
0
0
0
0
0
0
0
0
0
0
0
0
1
0
0
1
0
1
0
0
0
0
0
1
0
0
0
0
0
0
0
0
0
0
0
0
0
0
1
0
0
0
0
0
0
0
0
1
0
0
0
1
0
0
0
0
0
0
0
0
0
0
0
0
1
0
0
0
0
0
0
0
0
0
0
0
0
0
0
0
0
0
0
0
0
0
1
0
0
0
1
0
0
0
0
0
0
0
0
0
0
0
0
0
0
0
0
0
1
0
1
0
0
0
1
0
0
0
1
0
0
1
0
0
0
1
0
0
0
0
0
0
0
0
0
0
0
0
0
0
0
1
0
0
0
1
0
0
0
0
1
0
0
0
0
0
0
0
0
0
1
0
0
0
0
0
0
0
1
0
0
0
0
0
0
0
0
0
0
0
0
0
0
0
0
0
0
0
0
0
0
2
0
0
0
0
0
0
0
0
0
0
0
0
0
0
0
0
0
0
0
0
0
0
0
0
0
0
0
0
0
0
0
0
0
0
1
0
1
0
0
0
0
0
0
0
0
0
0
0
0
0
0
0
0
0
0
0
0
1
0
0
0
0
0
0
0
0
0
0
0
0
0
0
0
0
1
0
0
0
1
0
0
1
0
0
0
0
0
0
0
0
0
0
0
0
0
0
0
0
0
1
0
0
0
0
0
0
0
0
0
0
0
0
0
0
1
0
0
0
0
0
0
0
0
0
2
0
0
0
0
0
0
0
0
0
0
0
0
0
0
0
0
0
0
0
0
0
0
0
0
0
0
0
0
0
0
0
0
0
0
0
0
0
0
0
0
0
0
0
0
0
0
0
1
0
0
0
0
0
0
0
0
0
0
0
0
0
0
0
0
0
0
0
0
0
1
0
0
0
0
0
0
1
0
1
0
0
0
0
0
0
0
0
0
0
1
0
0
0
0
0
1
0
0
0
0
0
0
0
0
0
1
0
0
1
0
0
0
0
0
0
0
0
0
0
0
0
0
0
0
0
0
0
0
0
0
0
0
0
1
0
0
0
0
0
0
0
0
0
0
0
0
0
1
0
0
0
1
0
0
0
0
0
0
0
0
0
0
0
0
0
0
0
0
0
1
0
1
0
0
0
0
0
0
0
0
0
0
0
0
0
0
0
0
1
0
0
0
0
0
0
0
0
0
0
0
0
0
0
0
0
0
0
0
0
0
0
0
0
1
0
0
0
0
0
0
0
1
0
0
0
0
0
0
0
0
0
1
0
0
0
1
0
0
0
0
0
0
0
0
0
0
1
0
0
0
0
0
0
1
0
0
0
0
0
0
0
0
0
0
0
0
0
0
0
1
0
0
0
0
0
0
0
0
0
0
0
0
0
0
0
0
0
0
0
1
0
0
0
0
1
0
0
2
1
0
0
0
0
0
1
0
1
0
0
0
0
0
0
0
1
1
0
0
1
0
0
0
0
0
0
0
0
1
0
0
0
0
0
1
0
0
0
0
0
1
0
1
0
0
0
1
0
0
0
1
0
0
0
0
0
0
0
1
0
0
0
1
0
0
0
0
0
0
0
0
0
0
0
0
1
0
0
0
0
0
0
0
0
0
0
0
0
0
1
0
0
0
2
0
0
0
0
0
0
0
0
0
0
0
1
0
0
0
0
0
0
1
0
0
0
0
0
0
0
0
1
0
0
0
0
0
0
1
0
0
0
0
0
0
0
0
0
0
0
0
0
0
0
0
0
0
0
1
0
0
0
0
0
2
1
2
0
0
0
0
0
0
0
0
0
0
0
0
0
0
0
0
1
0
0
1
0
0
0
1
1
0
0
0
0
0
0
0
0
0
0
0
0
0
0
0
0
0
0
0
0
0
0
0
0
0
0
0
1
0
0
0
0
0
0
0
0
0
0
0
0
0
0
0
0
0
0
0
0
0
0
0
0
0
0
0
0
0
0
0
0
0
0
0
0
0
0
0
0
0
0
0
0
0
0
0
0
0
0
0
0
0
0
0
0
0
0
0
0
0
0
0
0
0
0
0
0
0
0
0
0
0
0
0
0
0
0
1
0
0
0
0
0
0
0
0
0
0
0
0
0
0
0
0
0
0
0
0
0
0
0
0
0
0
0
0
0
0
1
0
0
0
0
0
1
0
1
0
0
0
0
0
0
1
0
0
0
0
0
0
0
0
1
2
0
0
0
0
0
0
0
0
0
0
0
0
1
0
0
0
0
0
0
0
0
0
0
1
0
0
0
0
0
1
0
1
0
0
0
0
0
0
0
0
0
0
0
0
0
1
0
0
0
1
0
0
0
0
1
0
0
0
0
0
0
0
0
1
0
0
0
0
0
0
0
0
0
0
0
0
0
0
0
0
0
0
0
0
0
0
0
0
0
0
0
0
0
0
0
0
0
0
0
0
1
0
0
0
0
0
0
0
0
0
0
0
0
0
0
1
0
0
0
0
0
0
0
0
0
0
0
0
1
0
0
0
0
0
0
0
0
0
2
0
0
0
0
0
1
0
0
0
1
1
1
0
0
0
0
0
0
0
0
0
0
0
0
1
0
0
0
0
1
0
1
0
0
0
0
1
0
0
0
0
1
0
0
0
0
0
0
0
0
0
0
0
0
1
0
0
1
0
0
0
0
0
0
0
0
0
0
0
0
0
0
0
0
0
0
0
0
0
0
0
0
0
1
0
0
0
0
0
0
0
0
0
0
1
0
0
0
0
0
0
0
0
0
0
0
1
0
0
0
0
0
0
0
0
0
0
0
0
0
0
1
0
0
0
0
0
0
0
0
0
0
0
0
0
0
0
0
0
0
0
0
2
1
2
0
0
0
0
0
0
0
0
0
0
0
0
0
0
1
0
0
0
0
0
0
0
0
0
0
0
0
0
0
0
0
0
0
0
0
0
0
0
0
0
0
0
0
0
0
0
0
0
0
0
2
0
0
0
0
0
0
0
0
0
1
0
0
0
0
0
0
0
0
0
0
0
1
0
1
0
1
0
0
0
0
0
0
0
1
0
0
0
0
0
0
0
0
0
0
0
0
0
0
1
0
1
0
1
0
0
0
0
0
0
1
0
0
0
0
0
0
0
0
0
0
0
0
0
0
0
0
0
0
0
0
0
0
0
0
0
0
0
0
0
0
0
0
0
1
1
0
0
0
0
0
0
0
0
0
0
0
0
0
0
0
0
0
0
0
0
0
0
0
0
0
0
0
0
0
0
0
2
0
0
0
0
0
0
0
0
0
0
0
0
0
0
1
0
0
0
0
0
1
0
0
0
0
0
0
0
0
0
0
0
0
0
0
0
0
0
0
0
0
0
0
1
0
0
0
0
1
0
0
0
0
0
1
0
0
0
0
0
0
0
0
0
0
0
0
0
1
0
0
0
0
1
0
0
0
0
0
0
0
0
0
0
0
0
0
0
0
0
1
1
0
0
0
0
0
0
0
0
0
1
0
0
0
0
0
0
0
0
0
0
0
0
0
0
0
0
0
1
0
0
0
0
0
0
0
0
0
0
0
0
0
0
0
0
0
0
0
0
0
0
0
0
0
0
0
1
0
0
0
0
0
0
0
1
0
0
0
0
0
0
0
0
0
0
0
0
0
0
0
0
0
0
0
0
1
1
0
0
0
0
0
0
0
0
0
0
0
0
0
0
0
0
0
0
1
0
0
0
0
0
0
0
0
0
0
0
0
0
0
0
0
0
0
1
0
0
0
0
0
0
0
0
0
0
0
0
1
0
0
0
0
0
0
0
0
0
0
1
0
0
0
0
0
0
0
0
0
0
0
1
0
0
0
0
0
0
0
0
0
1
0
0
0
0
0
1
0
0
0
0
0
1
0
0
0
0
0
0
0
0
1
0
0
0
0
0
0
0
0
0
0
1
0
0
0
0
1
0
0
0
0
0
0
0
0
0
0
0
0
0
0
0
0
0
0
0
0
0
0
0
0
0
0
0
0
0
0
0
0
0
0
0
0
0
0
0
0
1
0
1
0
0
0
0
0
0
0
0
0
0
0
0
0
0
0
0
0
1
0
0
0
0
0
0
0
0
0
0
0
0
0
0
0
0
0
0
0
1
0
0
0
0
0
0
0
0
0
1
0
0
1
0
0
0
1
0
0
1
0
0
0
0
0
0
0
0
1
0
0
0
0
0
0
1
0
0
0
0
0
0
0
0
0
0
0
0
0
0
0
0
0
0
0
0
0
0
0
0
0
0
0
0
0
0
0
0
0
0
0
0
0
0
0
0
0
0
0
0
0
0
0
0
0
0
0
0
0
0
0
1
0
0
1
0
0
0
0
0
0
0
0
0
0
0
0
0
0
0
0
0
0
0
0
0
0
0
0
0
1
0
0
0
1
0
0
0
1
0
0
0
0
0
0
0
0
0
1
0
0
0
0
0
0
0
0
0
0
0
0
1
0
0
0
0
0
0
0
0
0
0
1
0
0
0
0
0
0
0
0
0
0
0
0
0
0
0
0
0
0
0
0
0
0
0
0
0
0
0
1
1
0
0
0
0
0
0
0
0
0
0
0
0
0
0
0
0
0
0
0
0
0
0
0
0
0
0
0
0
0
0
0
0
0
0
0
0
0
0
0
0
1
0
0
0
0
0
0
0
0
0
0
0
1
0
0
0
0
0
0
0
0
0
0
0
0
0
0
0
0
0
0
0
0
0
0
0
0
0
0
0
0
0
0
0
0
0
0
0
0
0
0
0
0
0
0
0
0
0
0
0
0
0
0
0
1
0
0
0
0
0
1
0
0
0
0
0
0
0
0
0
0
0
0
1
0
0
0
0
0
0
0
0
0
0
1
0
0
0
0
0
0
1
0
0
0
0
0
0
0
0
0
0
0
0
1
0
0
0
0
0
0
0
1
0
1
0
0
0
0
0
1
0
0
0
0
0
0
1
0
0
0
0
0
1
0
0
0
0
0
0
0
0
0
0
1
0
0
0
0
1
0
0
0
0
0
0
0
0
0
0
0
1
0
0
0
0
0
0
0
0
0
0
0
1
0
0
0
0
0
0
0
1
0
0
0
0
0
0
0
0
1
0
0
0
0
1
1
0
0
0
1
0
0
0
0
0
0
0
0
0
0
0
1
0
0
0
1
0
0
0
0
0
0
0
0
0
0
0
0
1
0
1
0
0
1
0
0
0
0
0
0
0
0
0
0
0
2
0
0
1
0
1
1
0
0
0
0
0
0
0
0
0
0
0
0
0
0
0
0
1
0
0
0
0
0
0
1
1
0
0
0
0
0
0
0
0
0
0
0
0
0
0
0
0
0
0
0
0
0
0
0
0
0
0
0
0
0
0
0
0
0
0
0
0
0
0
0
0
0
0
0
1
1
0
0
1
2
0
0
0
0
0
0
0
0
0
0
0
0
0
0
0
0
1
0
0
0
0
0
0
0
0
0
0
0
0
0
0
0
0
0
0
0
0
0
0
1
1
0
0
0
1
0
0
0
0
0
0
0
0
0
1
0
2
0
0
0
0
0
0
0
1
0
0
0
0
0
1
0
0
0
0
0
0
0
0
0
0
0
0
0
0
0
0
0
0
0
0
0
0
0
0
0
0
0
0
0
0
0
0
0
1
1
0
1
0
0
1
0
1
0
0
0
0
0
0
0
0
0
0
0
0
0
0
0
0
0
0
0
0
0
0
0
0
0
0
0
0
0
0
0
0
0
0
0
0
0
0
0
0
0
0
0
0
0
1
0
1
0
0
0
0
0
0
0
0
0
1
0
0
0
0
0
0
0
0
0
0
0
0
0
0
0
0
0
0
0
0
0
0
0
0
0
0
0
1
0
0
0
1
0
0
0
0
0
0
0
0
0
0
0
0
0
0
0
0
0
0
0
0
0
0
0
0
0
0
1
0
1
0
0
0
0
0
0
0
1
0
0
0
0
0
0
0
0
0
0
0
0
0
0
0
0
0
0
0
0
0
0
0
0
0
0
0
0
0
0
0
0
1
1
0
0
0
0
0
1
0
0
0
0
0
0
1
0
0
0
0
0
0
0
0
0
0
0
0
0
0
0
1
1
0
1
0
0
0
0
1
0
1
0
0
0
0
0
1
0
0
0
0
0
0
0
0
0
0
0
0
0
0
0
0
0
0
0
0
0
0
0
0
0
0
0
0
0
0
0
