0
0
2
0
0
0
0
1
0
1
0
0
1
0
0
1
0
4
4
10
5
17
18
16
29
32
37
41
60
70
78
99
124
158
176
194
269
330
393
469
574
755
927
1201
1371
1635
1828
2100
2349
2657
3027
3509
4031
4805
5342
6290
7207
8310
9289
10137
11028
12061
12551
12902
12949
13060
12963
12811
12961
12845
12489
12614
12743
12480
12269
12103
12210
11923
12003
11883
11584
11643
11531
11434
11147
10999
10871
11096
11064
10791
10693
10562
10588
10286
10656
10583
10441
10188
10197
10169
10192
10097
9822
9860
10017
9939
9692
9583
9630
9608
9402
9538
9433
9295
9273
9188
9013
8927
8766
8864
8743
8719
8229
8358
8212
8190
8113
7963
7782
7624
7479
7598
7484
7451
7163
7295
7167
7066
6860
6970
6801
6596
6778
6593
6511
6533
6420
6346
6314
6203
6282
6230
6079
6067
5911
5945
5892
5932
5749
5733
5690
5776
5557
5389
5403
5375
5197
5129
5233
5067
4972
4897
4869
4801
4849
4687
4581
4525
4557
4470
4409
4163
4325
4224
4107
4034
4078
4013
3981
3880
3829
3835
3796
3795
3710
3624
3735
3596
3596
3611
3515
3572
3540
3531
3506
3514
3282
3406
3334
3327
3300
3200
3150
3019
3085
3075
2913
2884
2918
2795
2802
2814
2716
2653
2735
2642
2594
2527
2560
2520
2515
2517
2437
2431
2430
2461
2373
2306
2341
2221
2280
2209
2223
2159
2202
2128
2148
2108
2161
2066
2088
2105
1984
1886
2003
1903
1946
1910
1849
1809
1885
1953
1884
1806
1866
1881
1802
1748
1810
1754
1726
1753
1748
1779
1750
1712
1704
1657
1680
1653
1727
1618
1632
1677
1589
1645
1616
1579
1537
1514
1510
1532
1582
1490
1494
1509
1522
1436
1391
1442
1425
1451
1401
1423
1322
1367
1375
1322
1302
1270
1260
1272
1318
1257
1291
1226
1281
1286
1262
1256
1296
1278
1280
1268
1217
1174
1190
1207
1217
1210
1140
1172
1136
1141
1163
1194
1133
1181
1130
1131
1120
1106
1051
1049
1053
1032
1086
1089
999
1068
1019
985
1039
1015
1034
978
1036
1002
934
1016
947
962
966
1003
985
979
1038
997
979
959
969
994
973
967
949
936
950
912
959
880
965
873
922
910
919
969
894
886
849
875
816
929
824
841
872
838
856
820
862
841
846
869
851
828
868
786
746
826
886
851
783
813
816
822
863
859
803
820
795
796
863
831
842
757
845
758
843
794
824
783
856
744
768
732
736
791
771
760
749
814
787
718
739
751
769
717
739
740
769
683
741
723
772
737
716
735
736
745
789
694
744
747
727
725
700
731
726
740
749
732
749
714
744
701
695
698
724
737
715
704
726
722
697
677
711
689
658
683
682
642
694
675
695
668
656
724
690
669
671
658
671
634
643
664
642
657
629
656
665
702
660
655
659
726
686
637
669
654
657
637
659
657
645
630
673
630
642
653
691
620
665
640
658
632
661
642
647
655
647
660
629
630
632
644
615
657
590
618
628
662
643
596
547
645
620
629
627
662
605
629
606
628
653
604
645
666
638
589
590
599
611
615
598
590
595
628
619
632
565
563
567
623
659
604
562
622
594
623
614
612
601
631
658
546
609
621
546
628
581
604
642
575
581
565
587
592
574
613
571
604
594
577
604
556
597
620
639
621
579
592
575
585
606
561
615
622
532
617
587
562
562
571
610
555
609
567
556
566
597
576
562
545
564
563
573
547
572
554
557
561
591
562
585
545
543
557
580
592
565
579
583
554
578
579
574
568
527
539
568
543
529
555
535
543
539
554
593
552
511
536
538
533
517
551
525
492
513
537
580
594
528
527
580
575
533
565
551
574
491
548
546
545
542
549
543
532
551
557
577
539
568
530
566
525
546
520
573
540
496
553
520
516
540
525
518
540
550
573
510
512
486
511
507
538
477
547
534
602
561
484
529
523
543
535
487
535
534
510
522
508
527
560
537
548
473
528
525
506
475
543
521
523
518
530
535
521
503
466
484
513
529
521
528
544
537
521
579
479
510
494
482
512
509
524
533
546
505
557
538
519
537
503
535
510
523
535
504
512
477
503
463
498
494
511
512
538
517
480
523
534
525
519
516
514
514
496
464
479
467
512
468
486
493
499
496
485
538
493
497
513
535
492
500
489
552
541
496
471
521
545
543
487
533
506
482
515
504
485
518
488
539
509
506
504
482
480
518
495
489
501
458
499
483
536
514
521
539
448
537
521
496
500
492
493
482
497
458
541
476
484
475
482
473
491
500
482
466
484
485
495
485
518
502
462
474
482
498
477
492
456
532
521
473
487
482
465
460
489
521
475
472
481
465
471
448
506
473
497
486
443
508
481
460
473
461
486
499
482
486
493
458
442
487
503
531
489
480
471
504
483
462
507
528
462
501
475
483
497
478
519
459
490
522
463
461
501
497
472
465
476
449
474
480
481
476
469
531
482
435
473
437
447
478
466
483
454
506
458
473
464
432
483
474
500
510
446
486
438
502
503
469
457
477
478
471
504
451
519
461
475
472
489
461
468
479
464
469
446
478
471
485
468
458
462
435
453
482
464
466
481
481
449
481
455
432
475
493
450
490
473
469
467
498
466
451
498
448
469
499
486
479
473
446
483
490
429
494
465
474
454
447
488
419
419
468
468
445
452
426
448
441
460
439
462
478
481
470
424
471
440
472
435
452
483
423
484
451
473
497
449
460
475
441
476
452
454
484
502
476
477
455
488
483
446
431
480
440
449
470
454
423
434
480
465
445
447
460
433
480
443
457
460
411
481
461
447
484
458
433
437
438
468
429
455
435
467
496
485
462
482
456
449
433
494
417
489
484
448
437
474
449
458
441
426
420
440
462
443
463
493
448
462
450
461
478
451
457
475
456
467
440
471
432
499
428
451
434
489
404
430
457
465
431
501
450
435
465
459
466
471
446
447
473
449
455
449
458
454
435
467
479
435
437
437
461
475
449
490
433
472
444
427
478
468
474
479
471
444
425
484
464
464
452
491
441
506
440
427
442
489
486
433
462
483
430
498
490
474
462
426
436
448
432
493
431
466
442
436
492
431
450
439
456
434
455
472
457
457
437
456
426
462
392
437
479
449
454
427
448
444
446
431
473
467
482
447
495
454
438
447
470
463
441
480
408
455
436
466
477
442
464
436
447
434
480
442
463
477
449
471
446
505
458
464
450
455
450
433
453
476
507
457
442
476
438
462
440
500
428
467
487
477
442
491
423
469
471
457
479
463
438
471
435
418
457
441
465
454
450
501
482
427
469
459
480
469
459
505
484
459
445
468
455
440
460
424
480
468
460
434
449
473
479
467
471
475
509
436
461
452
439
466
499
482
459
484
479
489
485
504
471
460
445
465
496
496
469
457
511
510
432
465
491
485
496
486
485
455
465
470
457
495
496
415
455
478
438
454
464
503
486
477
446
472
473
492
471
450
456
460
489
475
465
450
496
471
457
482
485
464
464
462
486
475
483
494
462
469
512
506
448
516
490
429
467
482
483
487
476
457
464
511
485
505
490
524
471
503
485
450
510
500
511
431
530
477
499
519
511
463
437
449
479
469
491
459
489
466
514
481
481
486
466
478
479
511
524
480
473
513
508
480
473
484
511
526
500
472
505
480
530
498
504
538
530
467
508
496
546
470
495
485
510
492
480
475
482
501
530
525
495
505
540
510
507
531
495
474
508
525
521
509
518
504
508
502
500
502
478
497
461
498
507
451
502
483
546
510
484
497
517
539
499
472
490
490
496
475
503
539
503
481
464
504
546
506
530
538
550
513
520
511
544
500
537
499
526
524
547
490
525
491
508
559
561
514
526
531
575
521
508
517
512
511
469
532
470
535
496
568
571
542
562
500
520
533
540
557
518
538
556
527
528
559
550
577
527
537
515
559
535
510
533
544
501
522
545
549
542
527
501
539
524
521
530
520
525
563
562
501
563
542
554
541
549
584
543
527
542
586
581
516
572
586
585
579
581
542
556
565
565
574
549
554
580
544
588
554
563
561
579
565
579
595
562
538
569
575
588
526
600
565
584
585
545
572
620
570
606
618
567
575
592
584
622
590
561
541
584
571
574
552
529
606
572
538
571
597
569
555
574
576
582
578
578
582
564
573
582
598
572
570
584
556
572
579
582
600
558
604
602
586
580
604
588
591
618
618
625
576
573
573
599
599
616
567
632
579
609
624
607
601
588
612
607
580
612
602
606
598
619
605
633
592
588
649
615
623
623
591
592
593
630
638
632
609
587
595
580
620
666
603
567
616
625
638
665
620
631
619
637
595
660
667
630
651
638
677
642
622
658
648
658
680
654
681
681
633
635
662
608
622
633
655
589
620
628
607
645
613
677
706
635
675
669
651
640
671
629
675
556
660
668
649
620
658
645
636
673
662
652
741
628
678
649
652
679
663
669
680
672
623
661
656
637
694
683
632
696
646
711
672
700
669
645
638
673
640
670
687
668
729
654
655
714
633
665
688
689
718
674
627
750
692
699
639
649
685
722
664
687
683
660
656
714
661
676
678
692
672
705
735
693
703
683
668
662
726
678
736
710
721
696
684
678
632
713
694
658
720
709
752
700
708
706
680
743
654
712
709
701
704
691
685
664
697
703
716
709
666
717
701
718
736
690
659
680
719
702
700
701
684
697
708
711
710
701
706
717
725
700
679
730
694
659
748
687
691
719
733
721
727
713
780
768
724
699
708
722
707
722
756
755
750
770
775
675
707
743
735
729
737
793
732
733
736
747
721
761
753
722
717
735
752
689
712
735
740
748
777
732
748
753
755
700
675
738
731
713
740
744
743
743
727
729
754
772
777
741
761
721
786
753
768
673
809
711
720
747
747
789
833
774
737
734
791
776
703
745
847
734
746
710
763
778
757
757
725
752
792
766
782
780
781
819
742
739
785
774
703
746
737
765
814
773
694
778
779
748
817
781
733
745
746
800
731
735
761
770
754
756
761
768
757
813
794
788
799
793
751
765
819
707
766
773
781
735
748
801
778
799
766
694
786
740
786
771
767
820
760
746
790
779
805
762
759
802
766
793
776
784
774
774
801
725
758
774
764
760
776
737
755
774
844
795
762
805
798
775
798
761
808
827
797
791
779
798
781
763
792
801
787
767
800
782
801
738
777
792
803
794
783
783
805
755
807
807
832
746
812
783
769
779
816
779
824
782
773
760
804
808
830
779
749
823
789
802
808
786
771
773
818
756
759
837
782
769
797
782
797
761
777
769
763
799
799
808
824
808
774
777
789
772
793
788
774
749
794
805
793
846
820
763
803
786
819
770
788
826
796
804
789
807
842
765
856
818
781
750
835
826
765
814
808
823
748
814
738
764
794
841
825
792
784
816
801
764
779
771
786
776
817
801
836
796
878
795
790
835
777
807
789
795
781
803
844
821
797
780
807
753
816
778
783
791
774
791
877
832
817
830
788
803
841
792
825
844
754
749
805
762
786
805
804
829
804
833
809
778
744
807
760
785
747
806
795
771
808
818
772
778
839
787
797
747
812
774
776
753
760
798
768
789
793
837
815
762
767
733
794
791
830
795
780
753
786
817
805
781
827
777
778
796
818
784
775
748
729
801
782
773
849
772
806
819
799
779
788
802
735
769
748
806
788
803
773
753
783
747
776
792
810
758
761
814
811
767
866
808
771
741
769
797
799
768
785
764
780
754
758
783
756
729
768
763
828
800
746
779
819
793
732
764
768
746
778
734
781
790
755
732
759
818
780
763
733
788
756
723
748
741
749
744
737
813
749
729
757
790
777
763
747
783
749
739
793
837
770
739
755
754
764
724
760
788
691
744
775
732
753
711
786
793
733
750
732
740
828
792
701
718
737
784
759
729
737
779
724
754
758
780
722
793
726
732
749
774
707
722
760
708
757
738
740
697
755
722
744
721
722
719
743
812
719
718
757
750
742
707
706
702
746
738
726
765
739
773
736
689
768
738
749
736
678
731
691
708
732
715
723
699
742
729
754
754
739
748
689
683
732
721
763
732
699
735
695
767
691
695
694
734
695
701
764
729
694
726
657
650
670
732
722
667
639
700
645
758
731
713
775
710
685
727
693
689
640
684
689
704
716
641
700
696
682
699
670
708
728
699
668
731
665
654
703
692
672
661
701
736
629
664
684
677
653
721
644
671
660
715
672
673
662
740
669
658
676
700
693
699
662
716
675
626
659
668
628
647
693
671
677
692
656
680
641
650
637
647
669
697
668
719
680
630
621
678
651
691
654
658
651
639
688
662
566
638
678
668
645
664
618
675
675
657
669
637
614
658
618
675
602
585
636
606
632
669
647
651
650
642
631
588
626
588
682
639
652
637
644
639
599
635
627
635
594
590
674
613
620
589
628
623
645
604
619
634
610
655
603
596
623
604
622
568
639
596
579
620
656
611
626
596
594
645
635
611
652
644
600
590
594
595
600
617
571
595
606
596
621
581
566
589
576
620
538
584
593
639
600
593
630
587
603
595
585
590
606
572
551
546
578
532
553
570
578
580
546
553
634
545
552
589
614
592
534
602
533
583
606
531
567
553
570
567
512
560
520
520
580
538
558
587
573
582
543
554
542
558
560
590
561
514
516
539
562
582
523
535
584
526
539
555
514
579
583
517
546
537
507
525
559
508
548
563
533
512
548
520
517
548
505
506
556
522
577
450
521
523
498
531
528
506
542
493
515
489
475
494
534
561
500
506
492
517
523
468
515
493
531
521
534
526
498
530
489
480
489
487
470
524
475
499
515
507
465
487
516
508
471
479
516
509
492
487
507
485
513
475
470
484
470
469
467
437
471
463
457
462
453
455
463
447
468
454
492
468
477
452
450
492
473
451
487
483
444
444
477
476
452
480
480
459
426
492
519
433
462
443
434
442
467
442
437
427
435
392
422
457
423
456
423
456
465
403
447
446
467
430
458
438
447
419
455
448
447
421
419
393
443
470
403
464
414
402
410
412
440
406
421
429
426
453
416
357
424
420
399
431
427
449
390
383
421
427
427
428
420
378
392
413
398
432
423
369
429
432
416
425
423
383
369
412
416
377
427
381
384
409
383
406
394
402
377
435
412
393
424
404
385
404
400
369
402
378
412
317
371
390
384
378
354
388
379
356
361
386
382
370
364
371
373
368
404
405
392
349
354
377
394
363
362
325
351
340
357
309
336
398
335
339
387
374
343
363
385
361
354
373
376
359
315
346
328
369
354
364
353
322
344
319
331
339
333
332
319
340
354
343
315
322
347
303
312
326
342
345
352
352
336
348
297
360
340
346
356
333
299
300
326
338
358
327
328
307
308
301
339
295
296
326
335
304
321
311
333
324
312
323
279
300
286
302
284
278
308
321
322
302
314
276
360
283
329
322
294
253
297
306
322
287
294
338
263
303
292
268
281
268
288
268
296
263
312
311
264
268
292
277
305
280
302
274
292
279
277
288
281
284
264
288
266
282
247
276
274
248
277
257
301
277
268
293
277
257
296
248
258
254
270
267
266
319
272
285
286
249
261
276
250
249
285
287
249
279
259
243
241
237
284
267
250
243
253
281
229
246
248
279
243
262
234
240
250
287
277
262
254
243
223
232
262
218
239
262
239
251
222
250
256
258
243
273
252
233
215
232
237
230
253
222
244
225
240
219
223
219
235
263
270
261
235
212
227
266
212
218
198
264
242
236
204
240
211
228
235
214
198
213
234
236
206
222
233
213
211
193
194
209
208
216
209
187
214
202
223
203
197
202
216
215
217
202
175
221
179
222
216
193
181
188
217
207
178
221
189
195
202
224
207
165
189
201
219
170
205
197
220
217
206
198
216
185
168
205
175
197
215
184
181
194
197
166
188
191
183
206
208
156
181
195
171
195
172
204
192
187
149
192
156
194
173
198
192
181
178
187
186
188
181
175
165
169
187
183
164
186
171
188
189
171
177
192
182
183
157
164
162
173
158
160
180
153
188
179
176
162
145
180
160
164
161
172
167
151
184
182
175
166
167
154
154
165
160
147
155
162
161
154
159
153
156
151
173
168
168
180
170
157
165
170
146
170
144
161
166
154
156
125
156
189
141
138
152
143
137
165
129
131
153
134
145
127
135
129
136
141
155
157
142
150
139
168
130
164
146
135
147
131
139
139
140
136
148
144
119
131
147
138
140
139
139
129
114
127
141
128
140
118
118
125
124
142
128
124
110
147
139
134
138
116
125
119
100
129
144
138
119
131
149
136
132
127
119
125
130
133
117
117
128
114
139
103
108
131
124
127
102
113
128
120
115
126
115
120
114
95
119
111
114
110
135
116
120
136
91
113
111
116
124
115
129
99
95
105
115
117
128
112
97
112
142
125
118
110
108
123
99
106
110
105
112
111
107
104
112
106
116
86
106
106
98
122
98
95
114
76
93
117
95
120
104
118
100
106
88
97
94
114
114
92
71
103
91
93
88
106
92
105
100
98
95
91
103
112
105
106
96
94
99
89
101
88
90
107
80
111
73
94
101
88
96
77
92
93
92
121
102
110
70
103
90
91
87
89
64
70
92
86
98
91
81
74
68
75
92
85
96
93
67
102
97
84
91
87
77
87
92
88
69
86
79
70
82
84
90
88
76
88
80
76
93
66
90
70
80
83
77
79
73
85
83
75
86
90
86
70
60
75
82
68
80
72
72
68
66
84
80
62
75
76
86
55
86
71
78
79
70
72
83
68
70
71
69
74
72
80
70
86
78
60
90
74
63
70
76
68
76
73
72
83
72
64
78
70
83
76
82
56
64
60
67
60
60
77
63
62
58
68
53
69
53
66
78
90
81
74
76
70
65
82
53
59
64
77
75
63
61
59
58
70
70
71
81
64
71
63
54
70
74
62
76
69
65
57
60
62
73
63
70
59
79
53
54
66
68
60
63
57
54
67
52
61
47
66
62
69
50
54
54
62
54
59
61
46
63
61
61
58
42
54
57
41
52
53
53
54
63
47
56
61
51
55
52
54
47
46
55
42
44
42
56
42
46
52
43
64
54
40
56
52
48
64
62
53
41
52
49
54
49
54
49
53
56
66
55
47
45
44
49
51
61
55
61
46
43
42
52
45
53
60
51
53
43
47
54
55
69
55
44
39
49
63
43
47
48
56
45
39
44
47
49
39
39
60
42
49
51
57
36
55
40
44
51
54
41
44
41
46
49
46
57
48
41
46
27
53
30
32
52
50
44
49
49
41
39
46
46
48
32
43
53
39
44
42
42
53
46
38
40
44
43
49
39
34
42
36
44
42
40
50
43
51
42
36
35
43
40
32
43
31
40
40
39
30
47
46
46
43
41
34
41
33
45
49
41
40
36
38
43
35
41
39
44
48
41
40
37
43
41
43
30
38
46
31
39
49
36
50
42
34
37
49
43
51
53
38
36
38
34
45
38
27
39
28
34
33
33
38
33
32
27
28
34
35
33
34
31
34
47
35
32
28
38
43
36
32
37
41
31
43
31
32
42
36
35
36
34
42
45
29
32
32
39
49
21
45
45
37
34
39
35
23
40
31
28
38
40
31
39
34
26
44
22
35
31
27
24
30
38
36
31
24
35
33
41
34
36
26
30
24
25
25
34
41
33
36
30
46
24
23
31
16
29
35
20
30
36
35
29
26
29
35
33
34
30
33
33
28
44
28
37
25
41
25
29
40
28
33
23
22
25
26
32
21
29
26
36
37
26
24
37
25
21
28
29
31
31
32
17
25
29
30
24
27
31
40
36
35
28
31
30
19
26
32
23
28
28
26
32
24
31
20
28
19
17
15
28
21
22
27
28
22
25
28
27
29
28
32
31
32
24
32
28
22
27
27
29
24
26
25
28
26
15
29
22
32
18
26
21
25
22
25
32
30
20
24
33
36
30
25
27
19
21
28
24
28
30
36
34
30
23
23
26
25
27
17
21
30
27
34
36
26
24
22
29
19
23
20
23
27
29
34
29
33
23
22
41
26
28
33
22
21
32
23
27
19
22
23
23
21
37
22
32
22
25
23
15
27
22
24
24
26
33
24
19
14
20
33
26
32
20
27
20
23
19
21
20
25
25
32
29
22
23
23
19
20
21
24
17
23
24
23
13
18
28
19
24
24
22
24
25
21
24
17
25
26
19
18
19
14
21
22
17
37
14
18
24
16
29
22
29
34
20
18
21
20
20
26
23
23
26
26
21
19
19
22
16
17
21
10
29
31
25
15
24
22
22
12
14
23
19
25
18
29
24
23
21
18
19
26
17
15
16
17
23
25
23
24
17
24
23
21
19
19
17
22
22
17
25
26
22
20
18
21
28
13
28
27
24
21
18
22
27
17
16
23
22
18
27
28
20
28
23
18
17
20
28
11
10
25
26
27
27
20
25
16
22
18
21
24
17
15
17
22
12
17
13
17
26
22
17
14
26
22
19
19
27
21
21
26
14
22
23
19
27
15
18
17
23
25
19
23
16
13
23
19
15
12
14
15
27
17
13
20
23
22
14
27
17
13
16
30
23
17
24
25
20
21
15
13
16
17
16
18
22
21
16
20
18
21
14
23
21
21
14
13
21
18
16
17
15
19
16
28
24
20
21
26
19
10
21
28
14
12
19
20
20
22
14
22
15
18
13
19
17
14
23
25
15
14
16
24
19
20
20
14
15
18
23
18
19
17
19
17
17
18
21
11
20
26
24
22
23
13
14
10
19
21
15
23
15
18
16
21
21
14
16
24
15
15
14
13
30
20
22
9
17
17
15
19
17
13
24
15
14
18
15
17
21
17
14
17
16
17
17
14
23
20
14
20
11
18
16
14
10
20
23
15
19
18
19
14
13
12
16
18
21
18
21
13
14
7
15
13
15
16
24
15
17
22
17
13
18
15
13
17
13
26
21
15
11
11
20
10
10
20
25
21
18
31
11
13
12
18
25
14
19
24
15
12
7
19
20
14
11
24
18
11
21
18
15
17
16
10
18
20
16
20
18
24
22
12
14
20
19
20
21
20
20
17
22
16
12
12
14
18
13
18
12
24
15
14
23
17
15
17
15
19
21
18
22
15
17
22
13
23
15
11
17
16
20
20
18
22
7
17
17
15
11
12
12
17
17
24
18
12
21
23
26
20
12
20
17
13
19
23
14
19
21
14
13
19
15
17
20
18
14
15
19
11
17
14
25
14
28
9
17
12
19
14
11
20
9
23
14
28
18
15
17
20
16
20
16
17
22
14
15
11
20
16
22
12
18
19
17
12
17
20
18
17
11
12
10
11
19
17
30
12
21
16
19
7
18
18
18
22
23
17
15
18
15
9
14
19
14
20
20
14
24
13
14
10
13
13
13
16
14
19
10
16
11
15
14
12
11
12
12
19
11
17
17
18
9
12
14
14
15
22
17
18
12
17
15
15
14
15
9
16
16
13
10
16
19
20
17
14
24
14
21
19
18
18
17
14
13
9
15
12
12
19
20
12
10
15
13
15
13
17
13
13
8
14
6
9
18
12
12
18
7
23
13
13
17
17
10
21
18
13
17
8
11
10
8
14
11
12
15
14
17
7
15
23
15
17
15
17
15
16
16
10
18
17
14
20
19
15
7
10
14
15
13
20
17
15
18
19
12
12
22
15
11
17
12
12
11
5
23
15
13
14
14
14
14
12
14
13
10
14
12
11
14
9
7
11
11
18
16
16
15
15
14
10
12
8
18
15
16
17
12
11
11
12
12
17
11
14
17
11
12
21
8
16
13
11
17
14
13
12
14
12
20
12
10
13
18
18
9
20
11
15
19
11
11
21
19
16
13
8
15
11
16
10
14
9
17
13
13
15
7
17
9
8
10
11
10
17
13
9
14
23
14
11
16
16
12
10
22
9
12
20
11
8
16
18
13
15
10
16
15
19
16
16
13
17
12
21
21
17
14
18
10
6
13
16
10
17
16
16
16
16
7
24
17
15
16
13
14
17
14
7
6
16
6
15
20
19
11
12
16
13
19
13
9
14
14
19
8
5
11
9
6
18
10
12
6
15
5
11
18
16
15
10
10
16
14
11
20
11
6
8
13
12
14
14
11
15
9
15
14
12
14
5
12
17
7
9
9
4
13
13
24
9
13
12
10
23
9
14
12
10
12
10
10
9
16
12
8
11
14
11
16
7
13
16
10
16
11
16
11
8
13
6
10
11
4
13
21
16
6
10
16
12
9
15
19
13
13
7
10
18
14
16
14
9
16
14
9
14
9
10
13
13
14
16
13
6
11
16
10
8
8
16
13
17
9
15
11
6
13
11
10
15
15
14
17
10
7
9
10
20
12
9
13
12
13
15
12
13
13
13
15
17
13
10
11
8
8
10
11
11
15
11
9
14
14
15
21
13
12
20
9
14
10
10
16
10
8
12
14
11
15
5
9
8
8
14
9
13
11
20
15
11
7
13
12
18
5
13
10
13
9
10
13
15
10
7
12
11
14
18
15
18
12
4
8
7
11
9
6
13
7
14
10
19
7
9
12
14
6
15
12
9
14
15
12
8
9
15
7
11
6
12
9
15
11
9
8
9
15
6
6
6
15
13
12
12
12
19
7
9
11
8
10
11
13
9
7
14
7
11
12
13
7
12
6
11
9
5
9
17
11
10
15
7
7
12
12
4
6
15
16
10
14
6
10
9
3
5
5
17
11
8
6
8
13
6
11
9
7
8
13
13
6
8
9
10
11
10
14
12
13
17
8
11
4
6
16
8
9
7
8
7
7
6
7
10
5
12
4
8
12
11
17
12
12
7
6
14
10
10
16
5
8
14
10
6
8
10
11
4
12
4
14
10
7
13
9
10
7
6
10
10
10
9
9
12
7
7
6
9
9
8
7
8
8
9
7
10
11
5
9
8
6
15
12
13
11
5
11
11
10
8
13
12
8
9
13
7
10
8
13
11
6
6
8
11
3
8
6
12
10
7
11
11
10
8
10
8
9
10
14
8
6
15
6
4
9
7
7
6
9
11
7
9
8
10
5
10
10
12
6
9
7
6
13
4
13
5
13
4
8
10
5
6
3
5
8
8
4
8
8
12
9
14
9
10
13
7
7
11
5
6
8
14
10
11
10
6
9
12
6
9
4
7
2
5
6
8
6
5
10
10
8
6
6
9
8
9
11
6
5
9
4
7
7
8
15
8
5
11
4
7
10
12
13
7
4
4
4
6
8
12
13
9
9
5
7
8
10
9
7
4
8
12
11
10
11
11
8
7
10
9
7
3
5
6
3
6
5
6
8
5
6
14
8
4
6
12
6
5
7
6
7
6
6
7
8
6
7
6
7
5
9
4
2
14
5
9
8
12
4
10
8
10
5
9
8
4
5
10
6
6
8
4
9
4
10
5
6
10
5
5
5
12
8
9
6
4
7
7
4
6
9
5
5
7
6
5
6
5
4
11
2
8
5
6
5
5
9
3
12
6
8
4
4
3
3
5
3
4
6
13
6
7
4
6
3
7
9
4
6
2
8
8
8
1
5
5
6
5
8
14
5
5
9
6
2
5
6
7
5
9
5
7
7
2
11
8
7
6
7
6
3
2
5
10
8
8
9
8
5
6
10
7
4
8
3
9
7
7
10
6
4
6
7
6
5
6
2
9
2
8
7
7
6
4
3
4
4
5
2
1
5
3
8
8
4
9
4
6
4
5
7
5
7
8
4
10
6
8
4
7
3
8
9
8
9
5
6
5
4
3
5
3
2
3
4
2
6
2
9
6
4
9
7
3
5
6
3
4
11
8
3
10
5
7
10
11
5
2
6
1
3
4
8
3
6
7
2
7
3
8
7
3
5
2
4
4
3
1
2
6
6
6
1
7
5
4
4
5
5
5
9
3
0
6
5
2
5
2
4
5
4
5
3
4
3
4
5
7
2
2
4
6
7
1
4
5
4
3
1
3
5
7
4
0
3
5
3
3
2
7
0
3
6
3
2
2
5
6
6
1
1
6
9
5
6
7
6
2
6
3
3
3
6
5
5
5
3
3
5
5
7
4
5
10
3
1
4
4
5
1
4
6
2
1
0
4
0
5
6
3
2
7
5
3
1
3
9
3
3
4
2
5
3
3
3
5
2
3
10
2
6
5
6
7
2
2
4
3
4
3
0
3
3
2
7
2
3
6
7
3
3
1
6
1
5
4
7
3
1
5
4
1
6
7
4
6
8
3
2
1
2
3
3
3
2
4
2
5
4
4
1
3
5
5
2
3
4
2
3
3
5
5
8
2
1
4
2
7
6
4
3
2
5
3
2
2
3
6
6
0
3
3
3
0
3
3
3
2
3
3
5
1
0
3
4
7
2
8
5
3
6
3
3
6
5
1
4
2
1
2
3
2
4
1
6
6
1
4
4
7
2
4
4
5
5
3
2
3
5
2
3
6
2
4
3
7
3
4
2
2
3
4
9
3
4
3
1
3
3
4
2
0
3
2
5
4
3
2
4
5
3
3
0
3
4
3
3
2
3
3
5
5
3
5
4
4
3
0
2
2
6
4
2
3
1
1
1
3
2
4
4
2
2
1
5
3
0
3
1
1
2
1
1
3
2
3
5
4
2
1
5
6
2
2
2
2
2
3
0
1
2
3
4
2
1
4
3
3
0
4
3
1
4
3
3
3
2
3
4
1
5
2
4
2
1
2
6
3
4
5
1
1
4
4
3
0
2
7
1
4
1
0
1
5
1
4
2
1
1
1
0
6
3
2
1
1
2
0
1
1
2
1
0
1
2
5
4
2
0
2
3
7
3
3
2
2
1
1
5
1
0
5
2
4
4
2
3
2
5
2
2
2
0
1
3
1
1
4
2
3
1
0
1
3
2
3
2
5
1
3
0
1
2
1
1
2
2
2
6
3
2
3
3
3
1
2
3
1
0
1
3
2
3
4
2
3
4
1
0
2
2
1
0
1
2
1
3
3
1
1
4
1
4
1
3
0
1
2
0
6
1
2
1
1
0
1
2
3
1
2
1
4
2
2
1
0
1
3
1
1
4
0
0
1
2
3
1
0
1
3
2
0
3
1
1
2
3
1
2
1
2
2
1
3
0
0
3
3
4
3
4
3
5
2
4
0
0
0
0
2
2
0
0
1
2
1
2
2
1
1
1
2
0
0
1
1
1
2
2
2
0
0
2
2
1
0
3
2
1
3
1
2
1
3
0
1
2
1
0
1
2
1
1
0
1
1
1
2
0
3
0
3
2
1
1
2
1
1
0
2
2
2
2
1
0
1
1
1
1
1
2
2
1
4
3
1
2
1
3
1
1
2
2
1
1
0
1
0
0
2
3
2
0
0
0
1
0
1
1
3
1
1
1
1
0
2
1
1
1
1
1
0
1
1
0
1
0
0
1
1
1
1
1
2
2
0
2
0
0
1
0
1
1
0
0
1
1
1
0
1
1
0
0
1
0
0
1
0
0
0
1
1
1
1
1
1
0
1
1
1
0
0
0
1
0
1
2
0
2
0
1
0
1
1
1
0
2
0
0
0
0
0
1
1
2
3
2
1
0
0
0
1
0
1
2
2
2
0
2
1
0
0
1
0
1
0
1
0
2
1
0
0
0
1
0
1
1
2
1
3
0
0
0
2
1
3
2
0
1
1
0
1
0
1
1
1
2
1
2
1
0
0
1
0
1
0
0
0
0
0
0
0
0
0
2
2
2
1
4
2
2
1
1
0
2
1
0
2
1
0
0
3
0
3
1
3
0
2
1
0
1
4
1
1
0
0
0
0
0
0
1
3
3
1
0
1
0
0
1
0
0
1
1
0
1
1
0
0
0
2
1
0
2
0
0
1
1
3
1
2
1
0
1
1
1
0
0
0
0
2
0
1
2
0
1
1
0
1
1
1
1
1
2
1
1
1
2
1
0
2
1
0
2
0
2
1
0
0
2
0
0
2
1
1
0
0
2
0
0
0
0
1
0
3
0
0
1
1
0
1
0
2
0
0
2
0
3
2
0
1
0
0
0
0
1
0
0
1
1
1
0
1
1
1
1
0
1
3
0
0
0
0
2
1
0
0
0
2
1
0
0
1
0
0
0
0
0
0
1
0
0
0
0
0
0
1
1
1
0
1
0
0
0
1
0
0
0
1
0
3
1
0
1
0
0
0
1
1
0
0
0
0
0
0
1
0
1
0
0
0
0
0
0
2
0
2
0
0
0
0
0
0
0
2
0
0
0
1
1
0
1
0
1
0
0
0
0
0
0
2
0
4
1
0
0
0
1
0
0
0
2
0
2
1
0
1
0
0
0
1
0
2
0
1
0
0
1
1
0
0
1
0
0
0
2
1
0
0
0
0
0
1
0
0
0
0
1
0
1
1
0
0
1
0
0
1
0
1
0
0
0
1
0
2
2
2
0
0
1
2
1
0
0
0
0
0
0
0
0
0
0
0
0
0
0
0
0
0
0
0
1
0
2
1
0
0
0
0
0
0
1
0
0
0
0
1
1
1
0
1
1
1
0
0
0
0
0
0
1
0
0
1
2
1
0
0
1
1
0
1
0
0
1
2
2
0
0
0
0
0
0
1
0
1
0
0
1
0
1
0
0
0
0
0
1
0
1
0
0
1
0
0
1
0
0
1
0
1
0
1
0
0
1
0
0
0
0
1
0
0
0
0
0
0
1
0
0
0
0
2
0
1
0
0
0
0
0
1
1
0
2
0
0
0
0
1
0
0
1
0
0
0
0
0
0
0
0
0
0
2
0
0
0
0
0
0
0
0
0
0
0
1
2
0
0
0
1
0
0
0
0
0
0
0
0
0
0
0
0
0
0
0
0
0
1
0
0
0
0
0
0
0
0
0
0
0
0
0
0
0
0
0
0
0
1
0
0
0
0
0
0
0
2
1
0
0
0
0
1
0
0
1
1
0
0
1
1
0
0
0
0
0
1
0
0
0
0
0
1
0
0
0
0
1
0
0
0
0
0
0
0
1
0
0
1
1
0
2
0
0
0
0
0
0
0
0
0
0
1
1
1
0
0
0
0
0
0
0
0
0
0
0
0
0
0
0
1
0
0
0
0
0
0
0
1
0
1
1
1
0
0
0
1
0
0
0
0
0
0
0
0
1
1
0
0
0
1
0
0
0
0
0
0
0
0
1
0
0
0
2
0
0
0
0
0
0
0
0
0
0
0
0
0
0
0
0
0
2
0
0
0
0
0
0
0
0
0
0
0
0
0
0
0
0
0
0
0
0
0
0
0
0
0
1
0
0
0
0
0
0
0
0
0
0
0
0
0
0
0
0
0
0
0
0
0
0
0
0
0
0
0
0
1
0
0
0
0
0
0
0
1
0
1
1
0
0
0
0
0
0
1
0
0
0
0
0
0
0
0
0
0
0
0
0
0
0
0
0
0
2
0
0
1
0
0
0
0
0
0
1
0
0
1
0
0
1
0
0
0
0
0
0
0
0
0
0
0
1
0
0
0
0
0
0
0
0
0
0
0
0
0
0
0
0
0
0
0
0
0
0
0
0
0
0
0
0
1
0
0
0
0
0
0
1
0
0
0
0
1
1
0
0
0
0
0
0
0
0
0
0
0
0
0
0
0
0
0
0
0
1
0
0
0
0
1
0
0
1
0
0
0
0
0
0
0
0
0
0
0
0
0
0
0
0
0
0
0
0
1
0
0
0
0
0
0
0
0
0
0
0
0
1
0
0
0
0
0
0
0
0
0
0
0
0
0
0
0
0
1
0
0
0
0
0
0
0
0
0
0
0
0
0
0
0
0
0
0
0
0
0
0
0
0
0
1
0
0
0
0
0
0
0
0
0
0
0
0
0
0
0
0
0
0
0
0
0
0
0
0
1
1
0
0
0
0
0
0
0
0
0
0
0
0
0
0
0
0
0
0
0
0
0
0
0
0
0
0
0
0
0
0
0
0
0
0
0
0
0
0
0
0
0
0
0
0
0
0
0
0
0
0
0
0
0
0
0
0
0
0
0
0
0
0
0
0
0
0
0
0
0
0
0
0
0
0
0
0
0
0
0
0
0
0
0
0
0
0
0
0
0
0
0
0
0
0
0
0
0
0
0
0
0
0
0
0
0
0
0
0
0
0
0
0
0
0
3
0
0
0
0
0
0
0
0
0
0
0
0
0
0
0
0
0
0
0
0
1
0
0
0
0
0
0
0
0
0
0
0
0
0
0
0
0
0
0
0
0
0
0
1
1
0
0
0
0
0
0
0
0
0
0
0
0
0
0
0
0
0
0
0
0
0
0
1
0
0
0
0
0
0
0
0
0
0
0
0
0
0
1
0
0
0
0
0
0
0
0
0
0
0
0
0
0
0
0
0
0
0
0
0
0
0
0
0
0
0
0
0
0
0
0
0
0
0
0
1
0
0
0
0
0
0
0
0
0
0
0
0
0
0
0
0
0
0
0
0
0
0
0
0
0
0
0
0
0
1
0
0
0
0
0
0
0
0
0
0
0
0
0
0
0
0
0
0
0
0
0
0
0
0
0
0
0
0
0
0
0
0
0
0
0
0
0
0
0
1
1
0
0
0
0
0
0
