10
5
5
6
7
11
13
7
3
13
8
5
13
9
13
12
11
8
10
13
12
30
39
57
67
86
117
142
181
213
272
315
328
380
447
477
621
647
754
906
1060
1222
1504
1732
2187
2860
3570
4536
5586
7055
8300
9852
10917
12279
13512
14922
15717
16653
18014
19130
20196
21618
22741
24028
25588
26802
27865
29039
29720
30089
30622
30876
31074
31231
31289
31343
31364
31446
31603
31228
31367
31598
31377
31623
31450
31227
31371
31651
31825
31581
31216
31357
31356
31140
31165
31167
30880
30966
30486
30837
30735
30246
30085
30152
29848
29666
29263
29250
29183
29174
28774
28721
28341
28252
27915
27889
27598
27197
27118
26853
26699
26633
26108
25780
25623
25488
25296
25030
25172
24665
24765
24459
24003
23963
24043
23630
23624
23163
23071
23055
22975
22675
22589
22493
22437
22163
22016
22135
22077
21862
21764
21533
21185
21494
21259
21092
21112
20880
20913
20554
20543
20519
20239
20415
20336
20218
20006
20131
19953
19569
19710
19637
19464
19394
19129
18878
18880
18742
18741
18483
18216
18147
18110
18073
17650
17797
17549
17771
17444
17285
16977
16980
16753
16507
16700
16588
16392
16159
15729
15858
15521
15723
15405
15385
14993
14618
14744
14511
14381
14058
13931
13535
13677
13578
13222
13187
13233
12996
12698
12586
12594
12542
12215
12356
11973
12171
12050
11884
12040
11804
11727
11637
11572
11465
11260
11391
11299
11130
11007
11059
10753
10966
10701
10639
10857
10646
10498
10441
10321
10436
10360
10301
10294
10193
9891
9849
9992
9751
9779
9663
9713
9633
9515
9566
9337
9421
9144
9125
8875
8899
9210
8784
8689
8641
8502
8572
8419
8414
8356
8095
8060
8022
8089
7859
7782
7556
7553
7608
7433
7363
7451
7236
7238
7071
7222
7187
7089
7060
6888
6864
6796
6742
6774
6774
6584
6587
6505
6599
6506
6554
6262
6340
6412
6301
6272
6224
6258
6123
6147
6029
6063
6013
5961
5955
6008
5926
5700
5644
5617
5591
5585
5445
5545
5556
5391
5539
5354
5293
5199
5306
5342
5267
5131
4886
5054
4931
4946
4835
4708
4851
4623
4768
4773
4573
4467
4571
4382
4503
4346
4327
4326
4221
4277
4187
4143
4156
4160
4004
3979
3992
3943
3738
3925
3815
3942
3759
3686
3694
3658
3742
3698
3656
3590
3588
3594
3574
3487
3584
3500
3502
3469
3522
3473
3433
3397
3283
3470
3273
3415
3386
3190
3232
3154
3205
3150
3330
3153
3118
3169
3192
3059
3154
3124
3032
2949
3042
3001
2936
2956
2953
3091
2845
2903
2834
2814
2797
2723
2713
2753
2784
2621
2656
2638
2658
2700
2590
2607
2552
2550
2461
2459
2503
2462
2361
2394
2395
2291
2332
2370
2283
2244
2263
2291
2314
2206
2239
2174
2182
2208
2058
2117
2177
2145
2106
2117
2004
2083
2049
2108
2163
2035
1987
2033
1991
1966
1982
1945
1967
1896
1936
1954
1890
1993
1888
1898
1849
1888
1908
1840
1780
1845
1820
1783
1838
1785
1801
1774
1789
1810
1805
1773
1718
1698
1732
1624
1621
1627
1599
1674
1607
1649
1618
1576
1578
1533
1529
1585
1619
1448
1490
1567
1552
1458
1490
1507
1424
1484
1421
1429
1396
1404
1455
1403
1409
1382
1376
1350
1314
1340
1301
1252
1296
1317
1266
1285
1329
1303
1193
1298
1243
1272
1260
1226
1299
1236
1265
1217
1263
1195
1192
1232
1233
1299
1189
1211
1163
1258
1179
1215
1196
1160
1214
1148
1130
1132
1166
1166
1157
1137
1113
1115
1128
1145
1095
1049
1039
1092
1094
1070
1024
1059
1053
1007
1056
984
1030
1050
1009
973
1048
944
967
1016
947
958
942
1001
955
888
944
923
935
952
936
917
925
874
944
909
914
887
898
939
848
870
880
823
847
820
886
840
893
843
838
876
902
806
837
848
837
860
793
834
815
822
773
857
852
758
799
843
828
800
823
799
795
801
771
793
783
784
773
792
732
770
796
778
794
771
757
749
760
750
766
717
764
762
778
759
776
720
724
698
704
726
730
696
684
711
667
752
722
673
685
680
673
641
658
653
677
668
673
644
637
627
623
668
641
628
686
634
581
624
584
650
615
582
651
550
642
632
653
612
610
603
647
621
595
622
634
625
609
643
573
619
620
594
578
640
607
653
591
608
597
599
610
607
654
604
559
565
617
606
562
604
550
562
571
593
618
592
540
542
589
508
570
532
572
522
578
537
562
560
556
518
534
557
517
518
510
512
489
586
510
513
499
494
532
504
537
529
493
485
539
472
543
510
508
521
474
497
477
485
516
477
475
469
503
478
476
515
491
499
513
498
483
509
508
517
450
476
480
447
489
522
484
487
475
504
489
447
436
471
499
468
513
471
475
470
470
502
507
465
465
426
475
455
461
462
492
444
442
445
448
483
455
377
434
496
478
499
487
434
444
401
427
407
400
429
420
399
415
443
439
454
435
437
400
445
401
412
449
412
420
393
399
470
398
424
397
428
433
436
439
399
415
387
427
427
430
432
429
390
418
429
418
431
405
402
432
431
423
394
404
456
420
429
417
418
406
416
418
429
411
383
419
425
390
401
396
396
414
385
394
348
368
424
387
395
409
393
415
372
368
403
390
357
392
381
357
376
369
368
390
405
399
349
377
363
373
355
403
368
346
405
336
387
377
358
365
383
364
374
377
361
338
368
347
321
379
349
373
371
343
347
379
400
420
367
345
379
361
370
414
364
356
398
363
365
380
375
343
334
401
360
367
368
389
366
412
354
371
411
349
353
351
362
354
367
348
377
346
367
328
372
345
418
347
366
357
330
366
334
341
341
351
358
351
360
363
332
342
355
357
327
334
376
377
351
338
350
327
337
345
312
351
311
323
373
384
354
328
348
347
318
323
336
326
317
371
364
317
308
337
340
370
364
338
315
314
334
333
350
322
320
323
354
330
325
372
365
364
312
336
316
344
336
351
357
353
321
309
312
324
321
338
347
354
307
366
343
321
307
305
334
361
312
327
277
333
336
323
351
315
346
308
302
316
329
300
314
350
288
324
319
303
334
289
328
309
315
310
303
340
351
308
298
307
340
311
332
315
348
294
354
319
324
333
309
322
333
296
325
343
307
314
295
302
312
305
303
299
353
341
319
343
335
317
285
307
323
279
296
327
292
314
309
327
317
323
321
336
307
273
317
266
299
286
289
335
302
306
284
284
298
303
317
287
316
327
301
256
310
288
282
284
292
320
293
292
300
303
304
284
300
298
309
328
281
306
271
289
298
314
288
284
324
278
328
302
292
276
290
306
317
286
296
286
313
315
289
306
294
309
312
290
300
298
312
308
297
295
293
302
262
300
257
331
305
311
296
286
283
306
325
338
276
287
297
274
280
288
297
283
304
282
289
320
263
300
275
289
266
299
305
267
298
262
304
304
285
306
276
291
252
268
276
270
321
306
288
295
269
278
298
265
271
274
301
300
293
264
308
287
275
316
268
286
257
291
293
273
281
280
293
262
317
298
308
285
289
296
295
245
294
268
286
262
261
271
257
298
273
278
304
272
303
289
277
303
267
273
270
274
322
267
252
281
285
266
311
266
276
290
286
273
283
273
288
268
280
277
281
294
267
287
291
267
258
269
258
275
258
289
256
272
284
268
271
292
313
283
293
292
317
267
266
295
277
278
288
279
301
299
274
303
260
299
251
294
258
288
294
254
268
288
256
268
250
257
269
271
264
279
265
283
265
296
244
263
288
314
258
313
261
278
275
276
285
280
278
252
269
246
266
256
271
276
246
258
278
263
258
270
281
296
257
281
269
281
284
241
253
289
260
251
259
247
264
261
251
276
285
263
271
235
249
255
255
272
265
270
276
277
260
264
248
254
266
227
222
275
274
266
264
230
263
296
249
281
270
252
237
268
278
294
274
287
245
281
289
286
261
270
261
250
251
256
269
246
260
269
261
295
254
238
272
257
269
247
268
265
271
250
252
251
249
249
284
260
251
272
258
252
314
259
237
268
248
268
270
238
276
252
273
258
262
250
292
248
259
238
277
277
268
265
255
263
247
281
271
284
255
247
245
265
266
222
250
267
251
273
267
269
245
236
269
231
264
278
255
291
273
260
230
275
266
267
253
253
284
281
281
253
266
270
261
215
270
275
257
265
243
257
228
272
265
242
266
233
256
254
243
248
259
235
243
251
237
264
255
272
262
258
282
248
219
244
261
252
265
233
271
245
238
247
239
267
233
266
282
256
246
257
250
264
251
248
242
267
261
254
292
206
242
259
260
248
276
263
232
266
255
250
238
248
261
245
311
263
239
250
234
282
225
259
233
275
240
247
243
276
241
284
250
242
251
225
234
241
266
254
238
246
263
273
256
252
225
238
269
235
252
217
277
261
249
277
265
252
221
233
266
242
250
276
250
282
260
246
264
240
250
256
254
252
244
229
247
257
218
245
248
228
247
223
257
232
236
239
242
240
245
264
254
259
254
251
262
243
232
234
243
255
269
227
271
247
246
267
229
254
275
227
238
242
233
246
269
247
264
280
247
254
242
240
218
239
279
261
251
229
253
229
243
239
234
257
251
230
272
237
243
219
251
300
257
224
247
237
262
251
250
254
225
222
276
230
199
233
232
249
243
210
244
239
247
254
245
248
262
260
267
264
248
240
237
231
240
232
226
232
237
220
243
228
206
239
242
230
238
229
232
243
242
250
234
268
225
216
214
254
220
247
237
240
224
210
234
253
241
227
253
256
228
230
252
224
245
250
246
230
236
223
234
228
243
229
221
251
267
216
236
231
248
226
226
210
243
255
233
209
256
238
224
239
271
250
236
250
233
249
226
229
257
258
212
237
224
215
242
228
264
248
221
243
241
216
234
233
249
243
219
225
251
243
239
235
233
207
235
238
256
213
206
250
229
256
244
234
263
229
235
225
224
243
219
236
238
228
248
261
218
228
262
236
242
254
219
212
231
232
261
262
225
237
232
204
222
243
223
254
208
219
213
230
223
235
240
224
253
228
250
220
235
268
225
229
238
225
238
242
229
252
218
238
238
240
240
233
203
242
231
232
235
216
220
246
238
244
209
214
238
236
208
211
244
233
237
268
229
249
221
235
208
213
220
250
241
218
223
251
225
247
237
228
227
239
213
199
212
203
233
235
223
232
237
228
236
197
226
252
233
241
198
220
230
237
212
229
218
261
237
208
245
226
210
253
231
251
260
228
221
229
244
234
235
217
228
245
243
216
241
213
233
228
201
211
220
224
233
248
239
246
229
223
233
243
208
237
232
236
258
212
240
240
215
233
209
232
251
234
239
225
241
251
238
224
226
223
249
221
232
228
225
270
250
221
216
240
231
216
231
208
220
226
257
226
250
253
225
224
226
235
230
236
236
238
246
223
216
227
237
209
230
233
232
217
245
243
222
223
230
227
249
231
216
244
218
215
243
233
247
244
212
236
218
228
188
247
222
229
231
250
210
233
223
214
248
219
225
238
257
230
249
220
216
231
221
219
216
203
197
245
207
225
221
207
203
217
236
232
249
197
210
228
241
216
214
220
217
214
224
240
226
204
198
206
246
239
248
240
222
204
235
230
236
220
215
226
244
217
243
243
213
206
230
222
230
233
217
235
219
206
219
219
228
244
218
237
242
226
252
218
228
240
211
234
240
250
211
212
229
228
255
213
228
230
226
230
203
230
237
228
211
234
227
207
224
221
207
217
239
221
204
223
229
198
239
223
227
221
255
259
228
213
241
203
237
234
216
221
239
252
252
211
221
231
221
227
222
233
208
227
207
241
218
229
236
237
252
226
197
231
214
225
207
224
208
212
247
216
216
239
221
256
216
216
226
228
232
236
221
230
234
200
249
210
212
218
227
212
205
220
240
241
220
252
245
243
234
214
223
234
239
226
206
220
216
249
238
229
211
247
216
213
231
226
220
208
225
227
241
250
225
219
243
204
241
252
210
216
228
235
189
241
228
230
216
230
260
203
216
226
214
233
220
214
251
236
221
249
213
235
262
211
221
212
232
230
225
246
224
221
252
223
223
230
233
245
214
217
216
211
217
202
251
235
207
242
219
222
216
235
237
215
205
215
231
223
215
214
233
226
221
219
241
213
249
230
259
227
236
244
220
254
226
230
210
237
199
237
239
192
206
234
225
230
218
233
244
216
254
246
221
225
252
231
207
233
247
227
214
228
225
228
243
228
240
235
200
212
240
221
231
233
226
222
215
220
249
227
243
205
239
212
198
247
199
215
221
215
254
202
240
233
212
217
207
212
242
222
210
230
242
241
214
225
228
224
234
251
220
235
248
201
231
225
233
228
223
257
212
215
224
226
174
231
240
225
246
219
225
210
257
224
224
245
230
224
218
261
240
226
240
252
238
231
209
220
235
265
215
229
228
243
251
225
234
250
239
196
225
218
206
224
227
261
217
223
224
229
214
249
255
234
230
235
242
239
221
250
259
190
230
222
252
252
220
230
239
204
241
235
230
232
209
249
196
215
227
234
234
252
242
228
249
243
242
206
236
203
247
255
232
242
238
214
219
210
233
240
233
233
206
235
269
231
214
240
240
212
234
233
230
246
251
240
243
228
264
245
234
234
225
238
232
218
209
220
234
232
207
248
254
236
220
228
273
207
202
215
203
246
257
240
224
224
229
238
233
248
246
239
219
217
224
278
226
222
223
231
240
222
210
249
242
228
243
238
206
236
261
225
220
253
227
235
255
233
226
234
241
231
263
271
253
251
238
212
255
230
230
255
218
242
199
248
258
254
259
220
233
248
240
244
253
261
229
227
268
241
235
208
238
234
266
207
251
248
245
236
253
250
261
257
264
229
225
248
221
271
248
214
250
249
253
244
257
191
230
242
228
249
249
277
222
263
239
249
248
244
226
238
242
254
247
249
254
225
219
244
236
244
228
225
285
227
244
240
260
248
269
218
236
246
257
259
238
256
243
250
223
253
221
246
247
250
201
228
247
216
260
250
258
243
223
230
235
247
255
243
267
255
243
227
247
256
227
246
261
237
255
232
256
233
263
243
269
242
220
249
265
235
270
264
245
229
273
270
234
254
254
245
239
242
274
239
249
244
256
243
242
230
239
260
244
236
265
255
228
250
250
251
239
283
270
212
224
252
260
254
262
260
240
221
224
253
226
265
249
270
237
239
256
246
243
228
268
271
252
228
236
250
243
236
254
241
262
246
236
231
258
237
243
260
276
238
246
227
262
259
242
251
275
271
236
255
235
235
284
241
276
264
249
235
288
228
283
278
232
276
225
225
282
257
279
277
247
259
265
235
241
256
262
264
259
287
289
222
254
256
245
269
302
261
250
266
249
230
261
250
255
260
255
248
262
270
295
271
265
255
254
270
250
262
246
258
272
252
258
278
271
258
239
262
279
283
285
252
261
248
257
232
270
234
286
244
232
291
270
240
244
270
265
270
264
252
254
263
273
253
268
253
258
240
284
263
251
268
279
253
261
253
264
270
295
256
267
259
262
252
265
267
240
272
282
280
241
267
281
302
280
290
244
275
285
282
270
281
270
291
241
273
278
279
242
289
253
277
242
265
257
283
275
245
286
288
285
269
289
235
281
279
287
249
265
280
287
263
293
259
276
272
266
295
279
266
263
274
303
277
269
273
290
250
263
246
261
274
266
304
254
260
277
257
245
254
274
254
294
270
268
278
262
282
280
251
255
269
271
282
295
277
282
259
295
291
273
268
294
281
316
280
284
288
279
304
283
252
299
281
291
273
260
292
281
289
265
313
272
261
283
274
284
271
258
287
253
276
290
259
266
278
276
267
270
269
303
290
283
265
266
312
288
253
278
275
292
287
282
270
258
273
309
280
292
284
287
283
308
259
283
291
284
305
324
261
264
317
279
294
252
280
293
288
284
305
259
303
309
289
289
288
270
303
273
284
311
308
270
290
304
291
294
295
316
290
308
280
273
297
265
291
299
312
305
278
309
294
298
299
299
347
320
304
292
293
309
294
312
259
290
286
276
273
316
291
303
312
293
285
292
253
318
340
297
287
319
305
256
327
295
309
307
290
319
303
335
294
297
315
291
297
307
294
295
286
305
312
303
290
280
303
323
328
306
308
316
284
327
323
289
316
313
297
303
308
306
309
337
286
288
284
300
303
300
314
312
288
321
322
316
327
319
328
301
293
321
299
308
327
326
287
299
297
289
284
329
316
347
294
321
347
340
297
299
310
310
316
317
307
304
322
304
308
303
334
311
292
285
310
295
330
339
295
293
322
307
293
304
300
302
298
337
294
320
289
302
295
329
305
310
313
307
295
325
320
298
291
312
318
309
317
290
309
319
320
286
319
339
339
313
309
325
295
346
307
322
345
318
294
313
340
310
330
306
339
318
312
314
321
328
314
317
322
330
323
318
321
319
340
318
320
325
313
326
325
291
360
323
327
313
328
325
297
329
337
312
340
311
291
331
310
310
345
303
315
308
315
326
300
306
325
339
299
322
320
336
333
325
318
304
324
356
282
334
315
327
329
321
332
351
330
331
323
321
354
333
335
312
305
296
332
306
345
325
319
326
322
306
341
310
327
344
301
317
346
339
313
341
315
352
357
362
354
325
323
339
348
309
342
372
326
353
312
335
395
315
326
338
322
350
323
319
337
331
324
358
341
341
327
319
331
318
358
336
336
344
337
324
327
361
326
375
327
336
357
325
318
383
331
324
303
328
311
359
353
348
339
318
352
326
354
383
351
374
338
323
336
369
341
369
345
363
339
347
357
349
323
314
323
331
348
359
356
359
344
324
324
324
338
338
342
359
376
356
352
355
346
330
350
336
352
354
331
391
371
352
335
326
338
355
361
345
316
333
370
365
346
373
335
364
358
352
357
333
331
357
356
318
363
296
328
342
342
368
341
365
325
340
314
356
335
341
357
362
356
343
324
374
366
355
320
355
331
351
362
329
380
342
342
351
378
352
367
354
380
341
384
359
372
375
369
362
377
368
368
335
358
357
364
358
357
363
366
367
366
332
346
339
336
355
349
394
362
385
348
356
408
374
332
357
358
368
383
375
361
334
324
343
314
327
364
350
348
346
366
364
354
332
361
386
359
363
357
345
340
376
378
380
347
385
353
396
401
349
362
363
345
351
337
370
356
341
354
351
341
361
374
376
368
348
374
368
369
369
349
355
373
357
371
355
370
363
350
382
372
370
381
381
371
385
359
386
371
382
402
377
322
364
358
348
386
377
343
376
388
365
341
337
360
388
334
357
371
398
362
368
414
379
355
390
358
373
378
369
345
395
374
381
353
368
379
387
362
366
335
394
382
367
363
402
369
329
381
367
383
406
379
348
392
344
371
348
380
394
352
349
375
367
368
367
381
393
337
374
322
360
359
345
362
379
387
360
379
362
359
360
362
383
404
356
404
347
369
377
337
374
390
364
368
389
375
405
398
382
385
386
387
409
344
341
388
381
343
411
342
369
370
374
389
389
399
382
386
389
331
368
358
356
355
396
410
333
382
389
367
398
352
386
384
371
391
405
369
423
403
354
372
352
372
407
386
374
399
385
388
373
378
392
375
385
393
402
373
324
391
362
404
369
377
387
372
385
380
397
373
367
381
397
388
378
370
375
364
386
367
387
394
383
357
406
392
386
385
359
388
357
379
368
382
409
343
383
390
352
359
381
404
388
375
394
356
375
396
391
357
381
351
404
410
377
396
419
423
385
413
385
359
362
405
384
414
387
406
366
391
402
352
426
399
379
382
403
394
400
355
375
390
378
390
372
395
421
379
390
412
411
372
339
353
355
369
386
392
389
395
386
401
405
392
394
334
382
406
414
397
362
356
380
355
397
387
375
393
384
372
354
423
380
376
380
381
384
413
365
414
390
398
413
395
350
373
367
388
371
413
390
410
389
391
389
389
401
406
402
375
373
366
418
383
398
417
398
401
366
418
409
398
399
389
363
398
388
381
367
424
403
395
381
385
375
434
369
390
362
401
392
391
423
422
380
365
393
417
395
421
431
379
423
422
418
396
352
378
396
348
387
379
379
371
401
374
381
378
399
423
369
420
381
394
400
408
351
380
379
385
386
409
354
405
351
382
403
392
413
388
383
405
386
399
382
367
386
373
357
395
343
377
378
370
385
405
377
392
399
364
416
414
377
403
367
440
404
434
405
381
404
386
387
345
389
423
408
397
347
369
384
430
394
361
367
381
385
398
393
371
384
384
411
384
396
351
362
383
404
395
391
367
417
393
404
411
365
350
383
395
373
420
385
364
377
363
388
384
381
365
400
392
373
380
369
381
367
404
372
408
363
388
401
435
377
402
376
445
353
377
394
397
402
378
406
438
375
365
398
389
394
363
394
362
387
365
410
369
393
398
438
394
372
382
392
404
405
389
374
370
388
369
400
366
390
363
332
374
369
340
390
391
395
371
370
406
370
366
356
360
419
415
373
416
412
374
376
370
399
393
368
344
397
414
393
380
388
399
378
421
386
401
387
385
379
388
390
397
364
412
364
368
418
357
404
406
390
369
349
372
378
370
385
386
428
382
396
397
390
408
358
435
373
408
384
395
371
377
406
365
385
404
383
357
366
377
367
407
401
365
357
371
381
389
360
365
394
416
408
397
387
390
383
384
390
409
365
376
351
366
345
388
390
363
410
349
387
342
406
362
381
383
444
390
373
416
391
366
424
385
368
385
372
365
411
362
364
381
383
387
384
381
381
373
365
377
377
400
422
408
394
382
400
359
381
343
374
388
362
361
411
379
382
383
398
386
393
363
397
385
377
410
410
373
375
402
364
376
361
362
381
348
385
346
386
350
334
375
375
345
391
367
412
396
387
372
401
344
370
380
378
389
358
371
396
367
387
368
365
350
368
368
353
343
388
375
386
384
349
331
367
325
379
396
381
383
336
383
374
376
334
346
378
377
392
397
323
358
339
360
356
360
359
372
343
341
361
353
384
328
354
398
381
403
354
327
355
381
348
381
386
362
375
363
349
358
402
384
365
339
366
380
358
354
380
336
395
381
347
364
310
357
379
334
349
376
355
359
361
366
355
381
351
367
332
371
360
363
390
397
368
365
364
386
371
400
374
361
376
349
341
314
415
353
357
350
367
381
339
360
359
338
349
350
352
345
391
365
348
355
359
350
377
378
364
363
357
346
358
323
357
376
379
338
345
345
372
384
397
387
332
367
373
331
338
363
322
364
369
331
361
362
334
351
346
351
361
315
377
326
355
376
324
388
352
329
353
372
364
336
362
358
408
329
340
341
343
355
345
343
336
350
393
332
340
364
363
336
371
362
320
351
340
347
362
345
338
353
372
359
362
360
347
363
294
350
337
345
358
339
355
353
368
366
350
325
314
340
350
364
330
380
313
352
331
349
344
356
346
340
362
345
336
350
355
349
366
341
331
321
287
348
320
363
323
352
353
326
379
341
357
349
349
304
353
354
351
324
358
340
343
320
334
345
308
319
353
348
331
333
320
369
296
334
354
324
338
298
317
342
314
356
345
337
364
300
347
298
359
330
345
337
327
359
323
309
328
327
300
325
351
327
341
294
334
324
327
338
352
329
332
368
321
321
322
331
337
346
344
305
312
348
338
290
308
321
351
321
326
329
337
333
309
326
331
313
323
322
292
343
335
336
277
329
333
299
315
306
316
317
334
314
312
321
305
298
312
326
327
332
319
319
318
301
306
353
305
309
301
308
307
339
310
332
328
310
327
327
290
349
305
315
308
296
314
309
325
282
336
307
293
308
329
317
355
286
328
295
295
318
297
315
325
309
325
316
319
321
312
296
324
324
343
345
311
306
324
311
282
312
300
331
297
281
302
334
327
315
301
295
331
306
344
300
287
323
286
329
284
295
342
332
297
288
303
303
266
308
297
295
348
302
291
328
333
297
355
282
283
288
309
308
298
320
306
324
305
316
307
286
309
297
309
324
268
313
327
266
320
287
307
304
298
298
335
260
277
287
287
295
288
280
325
305
287
279
286
305
321
296
286
291
289
286
280
288
327
266
295
309
302
283
286
307
292
289
307
274
292
306
293
317
306
305
297
263
308
315
300
295
310
321
299
281
287
312
303
289
294
292
270
312
271
278
292
285
269
282
286
289
285
266
291
312
287
309
292
258
296
273
275
298
298
275
306
295
267
275
253
288
272
277
278
268
263
244
260
265
257
294
308
263
295
305
291
268
279
262
264
274
268
260
262
271
281
258
263
271
272
275
292
279
277
286
282
274
281
239
281
265
299
274
267
286
275
262
256
270
285
281
279
277
271
292
278
294
249
275
246
293
262
254
279
272
268
277
298
248
295
239
269
243
275
264
266
274
285
254
245
294
244
256
236
233
273
266
238
263
270
275
264
269
244
272
255
256
251
261
263
272
281
249
291
263
249
261
254
264
236
248
261
281
280
289
273
301
275
283
255
273
256
287
255
259
282
264
257
256
256
239
278
248
257
273
256
237
264
251
253
250
258
243
249
243
266
241
267
256
239
240
236
255
244
278
239
241
245
250
249
253
252
241
233
267
238
247
227
241
247
230
255
252
248
240
268
271
231
272
242
254
243
222
250
260
259
236
245
237
253
231
248
262
242
234
260
254
254
218
244
266
255
224
237
219
266
259
255
250
266
249
238
234
250
242
234
225
208
248
214
248
236
231
243
232
232
252
239
235
233
207
235
251
248
234
230
248
212
227
248
222
251
227
221
233
214
219
245
222
228
235
248
259
213
240
231
220
235
247
229
238
228
232
245
225
207
209
231
226
207
230
219
211
211
261
211
239
190
223
220
224
220
232
247
223
238
270
240
227
210
220
230
249
201
194
197
232
223
219
232
215
239
227
229
237
222
240
218
195
244
199
211
245
195
230
197
212
202
238
219
205
229
239
239
224
225
218
202
229
198
209
214
219
210
232
200
219
201
200
243
211
216
226
226
208
218
220
196
199
204
211
213
206
176
196
232
208
226
217
217
201
200
209
235
184
230
196
216
203
224
199
224
189
206
209
217
226
199
205
211
188
222
204
202
212
225
216
195
225
212
209
221
205
205
218
222
205
182
183
199
207
198
202
189
212
219
198
181
222
199
208
197
186
204
215
189
180
177
184
212
200
184
175
213
199
193
194
223
170
214
209
172
184
203
191
198
216
192
196
198
170
180
193
203
199
207
184
195
201
197
207
185
198
207
208
178
169
187
203
199
209
222
205
213
173
206
172
194
175
196
204
186
207
186
168
181
200
177
195
181
192
214
211
177
182
146
186
182
179
171
187
169
187
214
188
180
156
196
178
193
190
198
164
175
171
159
194
179
184
198
180
199
184
168
198
191
193
179
164
168
182
166
200
185
170
163
193
164
167
173
177
161
166
174
190
137
183
179
183
192
197
175
180
162
188
176
170
179
157
198
181
173
167
198
177
172
173
163
173
199
182
166
179
175
174
168
164
169
144
171
211
191
166
173
199
191
146
160
161
165
158
160
159
164
178
159
175
151
161
161
173
162
181
171
159
166
155
160
184
157
166
152
181
171
149
180
148
166
152
178
160
179
149
157
135
169
154
147
154
155
143
154
136
144
148
157
166
159
152
156
171
156
171
182
177
141
157
176
165
149
165
154
165
170
155
158
139
165
152
129
173
153
166
154
172
153
140
160
169
164
160
157
166
139
138
164
148
149
140
142
150
148
153
154
154
136
154
146
161
132
147
150
132
153
158
168
164
144
159
153
151
152
135
148
151
145
151
175
143
155
128
151
144
140
146
157
114
165
150
145
150
161
149
146
155
151
130
125
135
159
147
144
161
139
155
122
157
149
151
145
139
140
135
132
139
143
137
127
134
129
116
152
142
137
149
130
137
150
144
123
138
154
143
157
132
154
146
126
144
149
153
133
138
168
116
118
141
132
149
128
114
140
132
129
140
115
141
136
143
134
120
130
128
152
121
123
132
150
125
141
139
134
129
145
139
131
144
134
128
149
125
141
124
134
137
132
117
127
122
120
137
107
131
146
133
135
127
128
147
127
125
134
124
123
130
136
137
135
124
129
128
123
121
124
134
125
143
118
137
110
126
139
133
135
112
119
119
145
122
123
120
112
112
121
120
107
138
132
140
110
131
112
122
122
103
138
112
115
124
145
134
125
125
122
116
137
107
104
142
126
113
121
118
107
99
118
129
123
112
100
110
115
95
111
124
117
122
111
117
119
124
109
126
130
135
122
115
118
116
89
103
103
132
112
125
133
127
124
108
130
108
122
126
122
107
113
106
105
107
125
92
114
116
116
105
102
121
122
115
114
129
107
125
102
117
113
114
101
108
78
103
102
106
120
103
96
112
104
116
100
106
124
93
111
96
118
104
110
118
102
117
121
83
105
106
98
105
110
113
120
99
106
108
100
135
108
93
112
97
107
98
105
113
103
106
108
99
97
107
95
93
88
95
97
108
94
112
108
128
78
88
92
106
107
100
116
118
101
107
101
88
102
90
109
109
89
97
97
108
101
96
92
102
104
83
98
112
98
84
101
96
96
111
82
107
92
90
109
97
106
85
103
107
85
99
85
98
71
107
91
92
110
105
106
92
99
89
88
88
85
81
80
73
87
92
95
82
106
102
94
88
92
109
85
89
94
74
95
76
91
91
80
92
88
91
78
64
87
87
79
86
84
83
86
98
85
88
93
84
90
93
81
80
100
80
77
78
89
70
83
90
69
93
87
81
99
76
79
90
77
86
91
84
104
82
91
89
88
85
80
79
95
76
86
89
76
76
92
84
74
75
75
73
85
95
75
70
88
95
90
82
78
83
79
93
58
83
82
83
93
85
83
86
90
68
84
85
87
83
84
80
92
87
79
83
85
69
80
92
61
85
90
88
66
85
104
62
76
87
69
80
70
87
78
82
65
66
75
68
69
86
72
75
80
58
81
72
71
84
98
82
62
63
90
66
71
59
78
78
69
85
79
73
71
67
78
79
70
76
78
71
53
69
71
73
71
74
73
64
72
93
58
83
61
82
76
78
48
75
68
79
69
64
79
78
74
67
69
61
80
65
85
78
64
79
69
75
71
76
69
81
76
64
70
70
75
74
72
70
75
64
62
59
86
62
68
54
66
62
68
83
73
64
61
62
69
64
69
70
82
65
89
62
64
62
69
52
57
51
56
58
68
64
55
64
60
70
73
70
61
70
51
56
69
70
62
80
55
68
85
59
75
56
54
71
55
68
62
66
66
68
62
74
67
64
62
69
67
73
63
59
72
63
58
49
62
77
58
52
62
62
70
46
58
62
66
62
63
63
68
70
67
62
45
58
57
63
74
59
62
54
73
49
63
72
54
64
61
50
52
72
59
44
57
50
52
49
63
57
51
77
61
56
59
64
70
55
56
50
65
50
61
51
64
67
59
74
71
68
67
57
64
60
68
64
42
57
53
49
56
52
62
58
50
55
51
65
49
60
57
55
57
60
44
61
64
54
49
52
57
63
67
53
52
53
66
58
58
48
41
41
43
52
55
65
52
57
53
56
44
52
49
51
58
50
61
57
50
52
46
61
59
51
49
60
58
50
52
43
51
39
55
63
49
42
49
42
57
53
65
48
54
48
71
53
54
47
52
42
58
42
55
52
53
54
49
54
56
50
42
60
54
50
47
61
54
46
50
56
47
49
53
42
52
56
55
55
49
52
41
43
49
53
42
38
53
60
64
42
45
47
42
43
37
42
47
47
47
45
44
50
49
46
37
44
48
43
36
45
58
42
36
58
44
60
55
39
48
49
38
51
48
45
42
36
52
57
48
52
47
46
53
43
26
44
50
48
49
50
39
39
46
40
52
39
44
37
48
44
54
36
36
49
41
57
53
44
49
43
42
49
43
39
39
47
39
57
37
26
46
43
37
45
45
55
34
35
41
46
33
26
43
52
29
48
51
44
34
48
40
52
45
51
48
41
32
42
42
30
35
34
43
44
38
35
42
43
34
37
40
59
47
39
31
33
39
41
33
32
49
40
40
40
44
31
46
46
36
31
34
42
41
37
51
43
47
27
36
34
35
44
30
34
39
43
37
38
51
38
33
30
40
51
35
44
43
42
28
48
47
46
42
30
36
42
44
33
32
50
45
26
33
35
34
35
35
32
40
39
47
32
26
42
46
38
39
40
33
39
31
37
37
34
24
42
31
25
29
31
39
44
29
29
28
43
37
38
34
34
28
32
41
25
39
36
36
32
39
21
40
38
43
28
36
36
22
44
30
38
28
31
32
39
35
29
31
34
31
24
32
27
40
38
27
18
39
22
27
32
31
34
41
24
39
21
41
46
42
37
27
36
29
34
23
23
28
34
23
22
25
35
48
24
29
34
33
34
27
31
25
33
27
31
51
33
32
40
29
28
32
30
34
27
33
22
31
34
39
20
29
25
25
35
40
23
40
28
38
34
41
25
40
32
29
30
22
32
27
35
32
24
25
31
28
28
41
17
23
21
21
26
27
20
30
32
34
34
34
33
31
36
28
29
31
31
19
27
30
26
30
36
24
25
32
29
23
22
33
24
28
20
27
21
32
24
29
38
28
28
30
30
22
30
24
20
23
31
31
25
29
36
19
32
15
22
26
26
14
22
27
26
25
26
23
28
28
28
26
26
32
28
25
31
21
29
20
35
23
36
28
31
19
30
26
29
24
18
24
21
37
34
27
37
25
30
35
22
25
29
36
26
24
16
26
22
23
28
18
23
28
33
22
32
23
21
32
29
26
29
20
28
30
29
28
31
30
32
26
34
17
20
26
35
19
18
18
21
17
13
26
28
27
16
20
27
15
16
19
28
23
24
30
37
26
24
25
29
20
27
19
33
23
28
17
20
30
19
20
29
22
26
22
28
18
28
18
24
32
21
18
21
25
30
25
35
26
21
18
24
19
23
28
22
27
20
12
22
28
23
21
15
16
30
19
27
20
24
23
15
17
24
23
23
24
32
23
22
15
18
16
16
26
14
24
24
14
19
16
24
23
16
27
29
22
23
22
30
33
17
16
22
27
16
31
22
24
24
17
25
17
14
25
25
26
19
25
21
18
25
18
17
21
19
22
23
19
21
23
21
30
20
33
20
20
38
20
27
16
24
14
20
21
14
21
29
22
16
20
23
16
24
17
25
21
18
19
20
18
14
23
21
30
24
15
24
13
13
16
15
17
14
20
16
21
25
20
23
20
17
21
19
19
16
23
18
20
18
21
21
25
18
23
17
18
15
22
28
25
26
21
18
17
21
22
20
23
23
23
18
10
21
18
18
18
22
24
22
23
17
8
22
8
23
16
18
19
22
19
21
19
13
24
12
21
16
19
21
24
25
21
22
19
14
20
15
16
14
16
23
12
16
25
21
22
27
17
17
18
16
28
14
18
21
23
19
19
12
14
15
12
26
19
19
20
16
18
21
16
23
16
15
19
9
22
10
14
20
18
18
15
14
12
13
12
11
15
15
22
18
18
15
15
21
16
13
11
19
17
24
14
16
12
13
24
11
19
21
22
19
18
22
14
18
14
18
12
12
14
13
15
23
15
16
18
15
18
15
14
23
19
18
12
21
23
18
15
10
17
15
16
22
18
17
17
16
18
24
15
11
19
18
10
11
18
16
14
17
18
16
16
14
19
21
26
13
11
8
7
14
20
24
13
22
15
19
20
16
13
14
12
11
17
10
7
15
13
15
11
20
14
12
14
19
16
11
18
11
17
23
18
21
12
11
23
19
18
13
7
15
17
14
16
13
21
23
19
7
13
12
13
22
17
11
7
8
16
17
19
11
12
14
20
12
13
19
8
21
15
8
14
17
21
16
17
10
11
14
14
5
18
20
17
8
11
23
13
22
16
17
18
15
11
19
15
16
23
13
15
21
9
18
10
12
23
11
9
9
13
13
12
22
25
15
8
14
15
16
11
13
14
17
18
6
15
18
14
13
15
13
20
11
15
14
20
24
8
13
10
24
13
20
11
15
9
9
16
16
20
14
17
21
15
15
16
14
15
12
9
14
9
12
9
15
18
17
21
12
10
18
13
18
20
14
15
18
14
12
14
14
13
12
10
17
15
6
13
17
16
23
11
9
16
7
14
9
16
12
15
13
14
14
17
14
19
15
12
19
14
17
14
10
14
18
15
17
12
15
10
12
11
17
15
15
11
16
16
10
10
21
13
19
15
13
4
10
12
15
12
15
13
11
15
15
17
14
13
12
13
13
20
21
13
8
15
8
16
10
14
20
18
22
13
4
15
17
9
8
7
12
14
12
13
9
20
16
11
17
10
21
8
7
14
12
12
13
10
18
9
11
13
10
14
10
9
12
15
16
17
12
12
14
18
14
8
16
15
10
13
12
11
12
17
6
8
9
17
12
13
20
17
14
19
12
7
16
12
17
8
9
12
15
8
15
12
14
9
12
10
9
9
11
9
7
10
9
9
10
16
6
9
16
9
12
8
12
14
11
13
12
10
13
13
13
11
8
15
14
15
16
7
8
12
11
15
17
17
7
11
7
10
14
9
7
17
16
11
12
7
11
12
9
7
13
10
13
8
11
13
7
9
15
12
12
17
11
13
12
13
17
11
10
12
13
8
18
6
12
8
12
12
12
13
5
12
13
15
11
10
15
14
9
5
12
7
16
14
12
13
9
13
16
8
10
10
14
16
9
6
8
16
10
17
9
9
12
14
9
10
14
12
8
7
10
10
9
11
11
21
8
10
8
11
8
11
10
21
15
10
11
14
17
8
10
8
11
12
12
