3120
3107
3087
3115
3188
3237
3026
3111
2973
3200
3188
3055
3167
3087
3019
3213
3117
3049
3048
3130
3152
3078
3113
3083
3222
3009
3107
3094
3081
2988
3121
3042
3087
3059
3037
3163
3096
3140
3189
3128
3160
3225
3247
3154
3268
3137
3316
3380
3341
3376
3439
3405
3439
3525
3613
3588
3650
3764
3829
3836
3924
3965
3997
4093
4198
4275
4396
4531
4496
4660
4794
4864
4892
4962
5036
5352
5396
5560
5596
5795
5850
6051
6140
6438
6410
6744
6813
6949
7000
7348
7419
7678
7658
7948
7962
8290
8609
8650
8686
9022
9147
9424
9434
9829
9860
10076
10266
10284
10569
10893
11083
11183
11167
11597
11470
11690
11949
12144
12293
12369
12588
12680
12891
13134
13166
13143
13483
13626
13802
13632
14110
14231
14192
14315
14185
14352
14676
14744
14860
15169
15238
14982
15528
15334
15476
15608
15648
15535
15806
15634
15823
16173
15899
15941
16117
16081
16286
16274
16176
16657
16509
16502
16349
16635
16749
16782
16781
16633
16875
16940
16989
16974
17036
16987
16897
17157
17189
17154
17237
17423
17266
17500
17314
17154
17638
17443
17802
17520
17394
17788
17681
17768
17662
17727
17828
17993
17895
18014
18073
17950
18028
18167
18174
18201
18251
18102
18230
18405
18468
18462
18499
18489
18506
18746
18782
18610
18714
18956
19232
18808
18904
19285
18881
19444
19353
19331
19571
19368
19231
19403
19655
19853
19643
19673
19924
19739
20093
20030
20005
20268
20297
20094
20225
20599
20761
20638
20600
20545
20624
20695
20862
20805
20953
21047
21055
21274
21623
21363
21675
21600
21857
21844
21672
21947
21780
22242
22484
22506
22498
22737
22637
22616
22996
22871
22996
23113
23115
23086
23101
23497
23271
23529
23718
23711
23556
23844
23850
23842
24223
24143
24310
24264
24403
24239
24250
24687
24479
24707
24301
24616
24674
24971
25119
24637
25281
25221
25186
25029
25169
25516
25333
25212
25454
25306
25564
25445
25341
25730
25521
25674
25811
25596
25745
26147
25825
26023
26422
26187
26412
26410
26109
26303
26661
26446
26512
26439
26440
26621
26316
26798
26876
26752
26765
26684
26850
27214
26818
27099
26809
26655
27003
27088
27046
27384
27050
27196
27250
27174
27237
27372
27433
27483
27410
27326
27380
27543
27331
27362
27639
27482
27286
27793
27754
27881
28122
27853
27961
27632
27733
28100
27763
27936
27903
28377
28173
27879
27943
28312
28011
28316
28496
28544
28502
28477
28594
28521
28686
28419
28646
28657
28143
28835
28350
28671
28613
28860
29086
28858
28684
28871
28723
29004
28934
28810
29245
29322
28827
29329
28722
28973
29276
29022
29116
28877
29027
29302
29287
29372
29452
29468
29557
29465
29376
29407
29317
29417
29272
29685
29393
29569
29484
29713
29501
29325
29528
29569
29857
29755
29825
29836
29849
29708
29575
29723
29837
29974
30030
30287
29911
29985
30008
30088
29983
30302
30014
30295
30527
30115
30042
30258
30037
30089
30394
30519
30250
30470
30143
30510
30479
30424
30453
30471
30374
30408
30284
30344
30323
30870
30868
30768
30531
30716
30662
30656
30534
30653
30595
30981
31093
30774
30459
30820
30813
30802
30883
31156
30965
31044
30831
30853
31187
31160
31166
30924
31147
30991
31098
31035
31044
31160
31179
30983
31220
31334
31325
31248
31422
31461
31325
31390
30919
31267
31329
31426
31416
31707
31634
31105
31700
31571
31386
31200
31822
31441
31689
31494
31854
31699
31594
31585
31681
31640
31560
31252
31825
31415
31740
31785
31875
31986
31839
31410
31837
31669
31948
32085
31864
32185
32035
32083
32210
31727
31877
31891
32011
31954
32057
31667
32098
32144
32008
31992
31908
32053
32155
31742
32116
31940
32123
32111
32271
32359
32360
32064
32094
32508
32019
32234
32140
32013
32168
32096
32180
32200
32204
32372
32306
32455
32074
32258
32240
32317
32375
32234
32631
32261
32494
32102
32674
32439
32610
32107
32327
32354
32611
32308
32208
32599
32685
32607
32737
32721
32402
32603
32331
32518
32436
32738
32600
32499
32432
32687
32724
32736
32525
32496
32895
32971
32765
32627
32593
32552
32901
32486
32684
32653
32775
32738
32580
32686
33041
32819
32595
32598
32847
32689
32663
32718
32670
32752
32891
32609
32953
32759
32954
32611
33003
32846
32693
33017
33107
32636
33199
32817
32642
32985
32946
33078
33111
32838
32954
32988
32675
32864
32632
32912
32905
33045
32748
32875
33021
32800
32879
32807
32966
32798
32645
32978
32791
32764
32947
32976
33164
32739
32946
32934
32827
32734
32837
32890
32605
32711
33129
33125
32964
33123
32916
32793
32836
32641
32843
32960
32996
33426
32703
32897
32934
33114
32808
32969
33279
32858
32444
32730
33190
33095
33047
32747
33217
32773
32881
32946
32685
32802
32719
32842
32669
33156
32769
32799
33066
32876
33084
32806
32535
33141
32609
32922
32983
32742
32803
32644
32994
32833
32904
32797
32856
32547
32879
33194
32978
32936
32910
32837
33115
32631
33012
32851
32766
32743
32552
32725
33168
33131
32884
32724
32508
32597
32564
32532
32786
32954
32701
33106
33057
32705
32899
32711
32662
33060
33045
33002
32672
32731
32760
32868
32791
32997
32660
32976
33011
32695
32797
33022
32938
32851
32323
32666
32440
32628
32534
32609
32880
32497
32586
32729
32635
32938
32765
33010
32525
32821
32431
32704
32361
32911
32613
32564
32607
32275
32713
32423
32802
32553
32721
32325
32523
32424
32561
32135
32106
32596
32549
32480
32494
32118
32296
32306
32164
32475
32168
32390
32147
32221
32512
32299
32250
32026
32276
32450
32145
32253
32214
31764
32350
32282
32469
31856
32204
32680
32092
31931
32290
32193
32028
32216
31916
32304
32096
32195
31858
32102
32188
32126
32174
32013
32157
31701
32079
32127
32154
32085
31997
32056
32000
31857
31822
31923
31809
31684
31554
31779
31888
31695
31562
32016
31683
31777
31556
31736
31572
31642
32077
31767
31868
31541
31816
31576
31630
31571
31468
31473
31757
31666
31984
31759
31524
31468
31534
31627
31183
31335
31682
31472
31578
31337
31229
31335
31639
31562
31241
31448
31441
31320
31316
31473
31113
31299
31062
31302
31296
31214
31112
31287
30964
31146
31026
31174
31198
31081
30657
31351
31443
30936
30877
30936
30882
30877
30748
31001
30656
31051
30644
30856
30580
30750
30842
30757
31050
30810
30826
30681
30779
30645
30542
30529
30624
30631
30468
30677
30505
30488
30399
30304
30652
30514
30355
30638
30607
30466
30167
30359
30308
30337
30058
30336
30166
30309
30520
30300
30181
30530
30188
29955
30346
30234
29956
30123
30260
30346
30028
29849
30084
29997
29913
30129
30161
30172
29812
29736
30066
29787
29560
29831
29715
29687
29889
29584
29589
29837
30053
29869
29266
29677
29646
29779
29683
29728
29538
29649
29645
29806
29631
29476
29526
29456
29278
29532
29618
29478
29351
29227
29370
29415
29453
29166
29243
29197
29432
29279
29279
28845
29194
29167
29318
28867
29196
29080
28938
28985
29219
28688
29153
29367
28809
28783
28752
29083
28827
28814
28974
28731
28800
28754
28654
28447
28843
28468
28530
28670
28709
28463
28784
28649
28505
28338
28577
28282
28616
28379
28144
28468
28664
28466
28321
28527
27874
27827
28338
28007
28357
28017
28087
28234
28009
27991
27725
28007
28268
28049
27893
27829
28110
28140
28104
27726
27921
27993
27728
27673
27836
27634
28065
28061
27635
27757
27887
27825
27712
27445
27782
27630
27438
27514
27680
27743
27775
27250
27487
27233
27283
27370
27415
27307
27072
27512
27210
27232
27203
27085
26846
27231
26738
26859
27237
26883
27083
27124
26956
27032
26832
26907
26904
27036
26825
26820
26343
26826
26827
26665
26904
26860
26549
26673
26783
26448
26591
26490
26615
26760
26643
26566
26119
26304
26676
26201
26486
26474
26339
26231
26282
26442
26429
26343
26322
26410
26112
26043
26222
26274
26028
25889
26083
26101
26010
26082
25794
25815
25969
26009
25874
25789
26011
25739
25661
25599
25642
25743
25977
25957
25726
25674
25690
25562
25821
25082
25547
25245
25307
25564
25464
25451
25348
25692
25303
24940
25331
25436
25118
25170
25397
25415
25005
25039
25179
25195
24968
25130
24904
25005
24741
25128
24943
24733
24845
24773
24644
24713
24848
24770
24774
24519
24636
24466
24598
24205
24630
24316
24401
24349
24503
24519
24527
24441
24436
24323
24392
24319
24335
24224
24012
24028
24151
24120
24072
24048
24190
24007
24033
24177
24051
23841
24008
24138
23971
24196
23920
23667
23851
23729
23491
23629
23635
23793
23807
23800
23433
23498
23619
23409
23514
23610
23363
23443
23559
23612
23289
23528
23287
23319
23141
23219
23151
23288
23370
23105
23321
23102
23040
22862
22856
23004
23215
22884
22996
22832
22799
22613
22845
22845
22866
23058
22846
22709
22571
22648
22362
22381
22621
22337
22593
22426
22812
22432
22309
22377
22242
22647
22095
22273
22430
22228
21859
22409
22448
22413
22338
22198
22297
22350
21947
22122
22035
21732
22128
21926
21722
21956
21887
21742
22049
21563
21474
21582
21290
21959
21708
21463
21734
21644
21446
21480
21422
21666
21279
21178
21324
21733
21322
21078
21165
21178
21419
21095
21184
21180
21270
21109
21109
21161
20810
21050
21013
20781
20907
21022
20747
20825
21107
20692
20886
20811
20958
20506
20638
20708
20649
20492
20529
20422
20628
20490
20377
20641
20239
20336
20525
20566
20390
20232
20274
20152
20338
20261
20194
20053
20358
20226
20187
20065
19920
20057
19797
20161
19945
19974
19825
20072
19893
19737
19727
19913
20016
19956
19847
19750
19574
19919
19490
19592
19407
19581
19551
19299
19257
19485
19538
19295
19460
19384
19273
19231
19234
19178
19408
19408
19279
19191
19171
19138
19257
18938
18774
18961
19124
18759
19042
18921
18823
18825
18820
19013
18579
18764
18734
18811
18703
18762
18622
18625
18727
18780
18716
18664
18708
18431
18254
18484
18721
18284
18239
18382
18324
18400
18337
18147
18279
18171
18082
18049
18088
18431
18157
18205
18237
17982
18052
18166
18240
17826
17939
18000
17823
17718
17760
17807
18041
17571
17621
17638
17662
17713
17512
17546
17454
17723
17686
17530
17272
17539
17473
17134
17490
17168
17623
17268
17440
17457
17375
17162
17129
17247
17221
16989
17242
17133
17168
17001
16926
16911
16708
17010
16870
16908
16897
17015
16967
16669
16850
16670
16815
16603
16612
16710
16471
16750
16798
16568
16688
16527
16580
16460
16609
16630
16411
16225
16290
16253
16129
16101
16115
16228
16336
16117
16239
15996
16178
16259
16086
16073
16133
15943
16003
16028
15886
15999
15958
15903
15848
15929
16064
15802
15792
15943
15777
15799
15704
15625
15619
15404
15768
15591
15523
15635
15558
15540
15340
15431
15407
15534
15583
15244
15347
15316
15380
15187
15518
15092
15302
15349
15220
15268
15336
15143
15199
14973
15059
15073
15052
14895
14867
14928
14958
14704
14807
14852
14960
14758
14745
14720
14719
14608
14774
14671
14528
14554
14642
14591
14526
14416
14419
14705
14396
14639
14515
14207
14434
14668
14504
14527
14366
14299
14206
14323
14063
14205
14123
14146
14205
14090
14083
14030
14100
13966
13883
13917
13882
13952
13810
13977
13875
13867
13576
13906
13773
14039
13848
13915
13702
13649
14040
13518
13810
13691
13412
13432
13571
13460
13536
13441
13365
13350
13424
13370
13410
13384
13396
13409
13316
13295
13171
13074
13256
13005
13201
13152
12896
13076
13303
13002
13062
13026
12965
13081
12989
13018
12914
12789
12904
12721
12726
12747
12790
12681
12803
12790
12796
12652
12588
12771
12569
12587
12610
12698
12656
12520
12552
12470
12537
12621
12505
12323
12382
12472
12322
12466
12276
12493
12238
12244
12473
12261
12031
12149
12056
12263
12078
12244
11987
12174
12076
12013
12053
11801
12158
11691
11665
11757
12083
11811
11922
11874
11840
11852
11993
11818
11916
11667
11718
11757
11760
11718
11928
11588
11514
11629
11324
11487
11628
11586
11620
11739
11331
11458
11391
11376
11317
11410
11296
11186
11264
11198
11331
11293
11243
11147
11148
11247
11220
11049
11248
11252
11169
11079
11287
11120
10985
11160
10956
11024
11089
10898
10999
10890
10906
10932
10779
10729
10778
10960
10557
10766
10627
10684
10695
10627
10849
10648
10641
10641
10616
10561
10554
10751
10493
10504
10516
10630
10463
10533
10452
10361
10368
10488
10352
10373
10420
10275
10305
10386
10327
10197
10242
10173
10305
10121
9936
10063
10273
10068
10083
10172
10027
10169
9965
10138
10098
10100
9980
9975
9897
10109
9917
9695
9932
10065
9773
9706
9873
9825
9952
9708
9580
9613
9841
9462
9772
9671
9573
9752
9813
9777
9737
9540
9464
9478
9615
9276
9321
9560
9260
9466
9284
9329
9340
9400
9452
9091
9390
9198
9350
9336
9218
9248
9312
9432
9431
9138
9018
9138
9282
9115
9038
9052
8991
9134
9120
8997
9027
8997
9030
9042
8882
8885
8947
8791
8835
8808
8732
8876
8791
8810
8783
8757
8673
8697
8605
8798
8569
8432
8696
8459
8629
8809
8705
8553
8458
8543
8355
8472
8417
8688
8333
8461
8389
8380
8357
8434
8493
8288
8446
8424
8310
8291
8288
8178
8292
8492
8106
8224
8134
8318
8100
8126
7945
8076
8161
8031
7983
7933
8039
7970
7879
8119
7809
7955
7892
7949
8135
7924
7897
8114
7785
7946
7761
7958
7818
7793
7798
7695
7873
7841
7665
7655
7644
7680
7676
7564
7614
7595
7655
7542
7566
7409
7594
7515
7590
7565
7618
7564
7541
7459
7511
7438
7367
7387
7406
7365
7247
7387
7359
7449
7426
7279
7245
7380
7127
7159
7287
7112
7238
7170
7170
7241
7212
7214
7187
7123
7164
7010
7209
7002
6936
7054
6999
6994
6895
6983
6994
7060
6920
6972
6815
6978
6819
6944
6971
6860
6754
6802
6839
6976
6760
6775
6768
6788
6605
6786
6633
6608
6538
6707
6667
6648
6519
6648
6530
6746
6609
6491
6629
6692
6576
6584
6493
6398
6513
6587
6510
6449
6539
6329
6372
6414
6316
6320
6189
6176
6555
6291
6350
6428
6171
6238
6287
6199
6169
6142
6266
6261
6092
6111
6312
6091
6222
6278
6118
6144
6143
5962
6085
5961
6046
5947
6145
5919
5948
6148
6078
5907
6004
5970
5946
6025
5995
5874
6019
5909
5856
5958
5928
5749
5752
5879
5824
5947
5769
5783
5664
5869
5652
5610
5674
5528
5779
5698
5583
5567
5588
5683
5561
5547
5640
5522
5633
5510
5550
5630
5580
5581
5537
5404
5437
5536
5526
5445
5568
5433
5459
5328
5390
5535
5419
5380
5357
5310
5310
5315
5213
5361
5206
5253
5248
5381
5227
5312
5244
5229
5298
5236
5129
5234
5213
5161
5063
5234
5139
5107
5168
5071
5123
5059
5035
4927
5050
5179
5108
4927
5014
4938
4967
5042
5029
5102
4930
4976
4994
4892
4912
4911
4958
4883
4857
4820
4925
4802
4865
4804
4767
4804
4662
4741
4836
4808
4860
4695
4759
4831
4743
4712
4743
4672
4766
4669
4675
4622
4690
4688
4670
4611
4689
4667
4636
4522
4588
4596
4621
4497
4472
4477
4459
4483
4505
4512
4471
4477
4447
4429
4408
4591
4533
4294
4429
4511
4398
4394
4254
4387
4324
4390
4297
4346
4265
4232
4337
4353
4248
4420
4192
4273
4257
4145
4239
4174
4202
4151
4265
4139
4233
4055
4024
4180
4153
4235
4181
4085
4093
4128
4034
4124
4116
4179
4071
4033
4044
3958
4153
4027
4001
3945
3973
4025
4070
3921
3988
4033
4009
3942
3922
3922
4031
3893
3880
3801
3926
3815
3908
3796
3725
3850
3941
3752
3830
3838
3711
3817
3698
3843
3804
3715
3733
3715
3702
3795
3793
3749
3695
3754
3839
3724
3591
3686
3750
3608
3588
3727
3665
3538
3587
3491
3641
3538
3567
3472
3639
3572
3503
3526
3559
3577
3592
3476
3532
3495
3502
3435
3513
3587
3509
3496
3454
3461
3467
3434
3519
3483
3353
3418
3350
3354
3262
3393
3400
3413
3395
3294
3317
3287
3391
3303
3312
3332
3408
3206
3323
3273
3300
3243
3444
3267
3242
3362
3293
3253
3215
3191
3231
3188
3117
3226
3181
3264
3113
3201
3177
3256
3188
3056
3192
3150
3058
3090
2977
3117
3095
3142
3088
3148
3109
3070
3003
3040
3104
3049
2908
3024
2909
3028
3023
2981
2995
2850
2944
3026
2952
2856
2953
2988
2948
2990
2908
2903
2861
2922
2901
2876
2768
2851
2803
2766
2858
2851
2775
2815
2813
2855
2745
2848
2823
2736
2765
2691
2783
2818
2731
2754
2758
2796
2726
2775
2756
2732
2718
2579
2593
2722
2721
2727
2668
2598
2625
2774
2681
2715
2669
2627
2658
2647
2633
2740
2603
2672
2654
2590
2572
2695
2661
2619
2528
2548
2623
2549
2520
2537
2592
2417
2584
2532
2445
2587
2579
2441
2443
2467
2498
2527
2455
2472
2485
2494
2384
2450
2472
2407
2391
2472
2433
2398
2419
2353
2529
2376
2360
2440
2433
2423
2348
2196
2365
2240
2336
2338
2354
2377
2344
2359
2276
2302
2416
2386
2371
2354
2188
2248
2280
2229
2338
2261
2366
2205
2303
2204
2238
2249
2120
2201
2237
2291
2217
2269
2166
2298
2297
2197
2126
2173
2169
2200
2167
2156
2140
2227
2109
2157
2089
2110
2152
2182
2119
2188
2148
2122
2125
2105
2140
2087
2040
2065
2020
1994
1969
1998
2066
2053
1969
2117
2063
2043
2026
2058
2086
2077
2000
2007
1982
1955
1991
2011
1995
1944
1939
1911
1936
1941
2061
1875
1880
1924
1924
1990
1960
1942
1860
1926
1856
1945
1932
1904
1834
1898
1937
1870
1813
1871
1771
1825
1820
1774
1819
1874
1869
1862
1896
1820
1715
1772
1771
1824
1808
1830
1828
1843
1892
1770
1775
1754
1836
1775
1739
1758
1720
1764
1769
1741
1768
1735
1687
1744
1820
1682
1732
1787
1711
1762
1665
1718
1777
1686
1688
1751
1738
1636
1665
1731
1677
1625
1693
1690
1696
1607
1642
1633
1647
1576
1588
1627
1607
1615
1570
1555
1625
1594
1648
1600
1621
1564
1581
1525
1552
1497
1574
1569
1594
1515
1500
1596
1537
1583
1637
1578
1509
1650
1515
1548
1476
1505
1453
1519
1562
1513
1489
1546
1473
1442
1516
1508
1440
1454
1465
1481
1441
1466
1445
1524
1470
1392
1472
1465
1441
1440
1400
1427
1407
1413
1440
1416
1406
1384
1459
1390
1432
1384
1347
1372
1409
1334
1338
1381
1380
1380
1440
1349
1400
1356
1374
1324
1417
1348
1344
1366
1327
1344
1378
1304
1434
1209
1307
1283
1369
1318
1295
1379
1293
1382
1289
1372
1324
1284
1292
1296
1283
1236
1286
1292
1319
1260
1236
1245
1208
1273
1302
1284
1256
1238
1227
1233
1220
1254
1176
1252
1271
1241
1194
1216
1219
1167
1219
1174
1196
1202
1220
1233
1228
1196
1202
1155
1163
1181
1177
1214
1180
1202
1177
1168
1154
1150
1126
1131
1126
1143
1117
1167
1165
1153
1108
1181
1102
1040
1134
1117
1068
1096
1133
1075
1175
1099
1115
1056
1108
1056
1055
1083
1074
1068
1088
1093
1070
1066
1074
1007
1088
1074
1079
1067
1100
1044
1014
1058
1000
1061
1028
1073
997
1014
1019
1022
1018
1034
1027
955
1060
1049
980
1023
995
973
1063
1009
1007
983
969
996
1056
964
994
1024
979
959
991
972
1007
933
1028
944
933
991
969
946
924
941
953
944
975
947
944
939
953
916
909
983
925
927
940
946
965
919
895
976
900
943
923
889
913
909
902
901
846
869
922
897
906
868
913
805
868
856
908
833
833
864
893
879
873
919
877
873
832
830
838
891
850
863
748
845
853
831
849
817
820
804
827
809
806
851
805
824
780
793
849
860
833
802
795
786
811
805
810
817
809
764
802
752
763
771
787
795
827
817
751
753
767
763
769
777
789
812
733
791
783
725
726
781
726
733
761
761
777
755
710
736
715
746
764
674
733
742
697
713
711
734
754
733
706
728
666
731
693
637
731
735
684
718
666
716
654
720
696
692
668
728
710
705
652
695
680
644
656
635
639
708
692
660
678
734
650
669
664
641
610
686
612
660
697
675
636
670
653
655
589
644
610
676
627
678
662
640
613
684
597
662
615
618
610
703
616
645
647
606
637
614
596
645
640
603
558
638
612
602
601
615
560
556
581
616
602
593
545
586
598
577
570
584
559
574
586
555
608
564
578
560
573
557
572
547
540
561
582
559
524
540
551
584
566
544
543
546
526
528
529
520
560
550
491
535
539
511
482
547
489
524
574
553
522
512
501
515
505
511
511
560
529
511
514
542
529
485
518
505
529
518
497
510
539
519
477
488
476
470
484
482
513
504
479
470
473
485
449
527
484
466
490
442
491
494
483
450
485
483
477
439
457
473
477
466
480
444
449
431
443
474
455
461
405
457
464
455
471
478
415
480
474
465
487
435
460
475
408
435
480
440
474
435
479
424
416
492
428
392
438
463
441
444
410
419
395
404
396
408
421
421
406
442
414
405
413
400
425
407
376
393
441
386
397
405
428
396
369
450
408
412
378
392
419
391
387
377
396
381
395
352
389
409
409
402
411
398
362
389
369
384
365
386
374
394
377
399
352
404
378
389
370
351
365
366
392
352
386
357
372
321
400
366
351
360
349
366
380
330
364
373
354
329
322
344
367
374
377
356
333
364
367
354
368
349
325
373
327
342
331
343
349
319
341
337
337
370
338
315
300
360
295
343
315
306
346
335
327
352
328
341
325
352
315
350
293
307
326
299
274
339
321
322
304
350
311
322
299
306
319
275
293
331
299
285
314
325
329
321
327
315
311
276
282
292
307
293
269
300
290
304
282
294
301
308
306
307
301
306
312
294
292
341
281
289
293
306
274
294
304
278
278
258
317
271
269
288
274
248
288
272
279
289
300
276
307
276
287
260
284
270
277
255
273
280
237
247
262
293
292
262
278
261
260
233
254
261
250
291
236
253
265
220
283
269
270
273
247
220
251
241
243
236
253
248
243
255
235
255
214
245
245
238
240
228
240
241
233
223
216
227
251
239
232
244
255
256
222
231
250
243
222
228
219
257
216
237
209
221
221
208
247
253
247
224
213
225
221
212
211
232
223
217
201
200
221
223
199
211
217
221
224
203
223
225
241
216
179
213
218
230
212
205
232
224
229
225
224
214
216
232
220
232
233
231
198
220
206
192
202
215
205
185
199
198
207
204
205
205
220
207
204
195
197
180
212
208
200
194
163
193
174
188
197
188
201
181
206
183
191
173
192
210
186
193
180
189
194
185
189
187
175
187
165
176
176
181
185
180
179
172
188
152
161
168
170
171
177
187
180
201
172
165
195
164
191
183
167
150
160
175
173
161
167
180
149
174
185
146
166
179
160
172
162
171
173
161
157
153
162
161
182
161
168
168
161
169
170
171
160
147
151
152
155
182
159
178
162
149
161
162
172
149
177
162
149
149
150
160
154
161
149
161
127
152
156
167
161
151
149
133
153
168
130
155
137
148
157
164
163
166
159
149
136
140
181
160
146
153
148
127
183
144
157
155
141
151
163
143
146
119
130
165
159
113
171
160
159
131
140
150
158
128
130
143
140
134
130
141
135
140
131
144
131
134
128
137
110
134
136
131
144
127
141
128
154
128
139
131
125
154
119
140
128
133
146
134
129
118
122
124
130
141
119
128
108
111
125
119
113
137
154
129
147
137
114
128
109
110
117
125
141
101
105
139
114
115
100
106
137
109
119
116
122
113
125
112
108
130
107
96
117
117
133
112
123
113
107
137
111
122
128
109
122
121
93
100
107
101
126
111
114
116
99
107
109
113
86
112
126
103
106
112
100
99
96
110
99
124
97
110
116
91
98
99
97
106
114
97
111
103
124
110
86
110
105
99
104
99
93
105
113
95
101
100
96
93
95
95
120
92
87
91
109
80
95
89
102
85
101
89
93
85
95
86
97
97
106
106
93
87
103
104
77
96
107
95
92
109
90
91
94
93
93
94
96
91
91
90
108
94
89
70
58
99
98
93
75
89
74
102
82
82
93
85
92
97
89
80
81
94
103
99
87
86
94
94
89
92
84
80
87
70
91
73
89
88
80
84
79
84
80
84
77
84
72
91
81
87
81
71
74
77
65
84
74
68
86
87
69
75
72
87
88
91
80
87
68
60
62
90
74
83
66
76
83
65
80
83
69
69
63
97
78
85
74
68
79
67
79
66
80
70
85
82
82
80
70
70
82
79
58
71
64
77
58
72
82
63
80
77
64
76
66
66
69
76
62
59
89
56
86
68
74
76
50
70
75
79
62
74
51
61
52
63
53
73
60
75
70
66
78
56
72
53
51
77
61
75
55
57
50
61
55
58
65
62
72
74
53
58
59
63
59
61
77
48
79
53
65
80
66
59
69
53
55
61
56
62
55
70
63
64
61
57
66
64
61
60
72
57
64
68
55
52
71
56
65
55
64
60
62
66
70
68
56
63
65
58
61
66
69
63
52
65
53
52
52
60
56
62
56
59
52
50
48
72
54
67
44
49
57
58
52
53
55
59
40
64
64
55
54
51
62
54
45
60
71
49
63
59
50
56
54
53
42
54
46
52
42
55
70
58
50
43
48
49
51
56
62
53
56
42
72
38
50
53
40
39
47
44
39
54
54
39
52
51
45
58
41
52
45
42
48
55
53
52
35
53
40
44
51
52
54
41
39
56
41
47
50
49
51
44
47
48
51
46
41
44
45
46
41
45
43
53
46
48
43
44
42
47
39
39
47
53
33
55
39
40
44
34
44
43
37
40
39
48
49
44
38
36
43
57
43
39
42
42
41
46
50
43
52
36
43
52
46
48
40
35
34
36
41
47
39
49
43
42
46
41
34
44
51
38
42
49
47
46
38
55
30
41
30
37
37
43
43
55
28
29
39
41
40
42
31
29
38
52
33
44
31
28
33
52
38
32
38
35
42
37
40
34
34
43
35
43
28
57
37
40
32
37
31
33
35
32
31
36
30
38
29
25
35
31
30
33
35
26
31
35
35
37
30
44
34
34
28
28
49
40
32
37
41
36
23
33
39
39
26
33
21
30
36
33
30
34
37
32
26
37
33
31
31
29
37
28
33
40
30
20
36
30
33
41
47
30
36
47
30
29
34
31
38
43
36
26
32
36
23
34
27
36
38
38
34
28
33
44
31
38
30
32
30
34
28
32
31
43
23
35
31
30
21
27
33
38
27
30
20
37
31
25
28
31
30
34
36
32
23
30
25
35
28
25
43
30
30
22
33
23
26
26
41
40
31
29
37
25
32
29
27
40
29
22
26
22
29
17
32
31
31
28
23
28
30
28
22
24
29
21
28
21
37
29
24
23
33
33
29
32
26
30
26
22
25
25
28
29
23
18
19
40
15
23
30
24
27
22
30
21
24
32
28
23
25
25
16
32
24
28
25
30
25
27
15
26
30
24
29
30
21
23
22
17
23
26
31
27
19
32
26
21
20
32
28
18
21
29
27
18
23
22
28
13
30
22
23
13
27
21
23
24
28
22
29
9
24
21
28
20
28
26
21
17
23
33
24
28
26
21
33
22
22
15
23
25
16
19
22
26
23
16
29
23
19
21
25
24
21
18
19
23
19
24
30
23
29
26
22
19
22
18
26
18
18
22
15
18
20
21
15
21
19
19
25
17
16
22
19
14
17
25
20
16
16
25
18
25
23
17
22
27
18
6
23
26
21
20
11
22
15
26
16
18
20
14
17
13
18
22
16
21
25
22
25
9
25
15
12
16
16
17
17
11
21
12
15
24
18
18
13
14
18
23
16
20
18
9
24
15
12
20
25
15
18
14
22
16
20
21
24
22
16
13
13
19
13
22
21
19
16
18
19
16
13
20
23
26
23
26
20
18
17
13
20
14
23
21
20
24
18
18
8
23
15
20
12
22
19
17
18
14
22
25
22
16
24
22
12
18
23
14
10
13
13
18
12
13
21
12
19
20
14
13
20
16
16
18
15
12
15
17
14
17
11
14
23
19
19
12
18
16
12
13
21
14
7
11
13
23
16
21
15
7
15
11
15
22
23
14
14
10
13
20
8
15
17
12
9
13
13
19
10
8
18
13
15
16
13
8
11
14
15
9
17
12
15
12
13
9
5
8
13
16
17
15
11
18
14
13
10
13
13
16
18
10
14
11
13
14
16
17
21
9
19
13
8
16
15
17
10
12
15
10
13
13
7
12
10
11
5
11
14
13
19
10
11
12
18
19
12
12
10
17
9
13
12
9
9
12
17
10
10
11
8
15
16
15
11
14
13
13
17
16
9
11
19
18
11
13
12
11
12
9
8
12
16
15
14
14
9
15
18
15
9
9
14
15
8
20
17
11
9
13
10
10
8
17
9
10
14
12
15
12
10
11
9
10
20
9
7
8
9
9
10
8
6
7
13
9
10
12
9
14
18
13
10
8
10
9
14
14
7
7
16
14
15
10
8
14
15
15
9
14
9
5
10
7
5
7
13
8
12
13
11
11
19
8
7
12
7
16
5
11
10
7
17
6
12
7
6
6
11
7
10
10
8
9
7
13
12
12
13
7
8
7
10
11
8
9
9
8
10
6
11
4
7
9
5
6
8
5
13
12
9
8
8
12
7
4
8
10
17
11
15
10
9
12
9
9
11
6
5
5
6
11
10
9
4
17
9
10
8
10
8
9
10
10
12
10
7
4
10
11
7
8
8
6
8
6
12
7
9
4
11
7
7
5
8
7
10
8
14
10
6
7
5
11
12
9
6
9
9
6
7
11
5
9
9
14
8
9
11
12
3
8
8
5
5
9
5
4
8
12
8
11
6
10
9
6
7
7
9
8
12
8
7
12
10
8
8
10
8
8
5
6
6
8
9
5
9
10
6
11
8
10
4
6
5
5
6
6
7
8
5
9
8
4
8
8
7
7
7
6
2
8
8
6
11
10
5
4
8
4
6
6
8
11
9
8
5
8
13
6
4
10
10
6
5
10
8
3
13
8
2
14
5
7
7
10
10
6
6
10
8
5
7
7
10
9
6
6
7
10
5
5
4
1
7
3
8
4
10
10
4
3
2
6
7
9
7
5
2
1
7
8
11
5
7
8
10
8
6
10
5
5
5
5
7
5
7
7
6
4
5
7
10
10
8
9
5
6
7
4
4
6
4
7
7
4
4
4
5
5
9
10
7
7
5
7
6
7
4
5
3
5
4
6
10
6
4
8
4
6
8
4
10
6
10
2
4
5
8
4
3
2
5
5
4
14
3
9
5
2
5
6
5
8
3
7
9
7
5
6
7
9
9
1
6
4
6
5
3
1
4
6
7
7
1
9
6
8
6
6
9
8
7
7
5
4
6
5
5
6
5
0
10
4
5
9
6
3
6
5
6
2
5
4
1
8
1
6
3
7
5
6
1
7
7
4
8
0
7
4
4
3
2
6
8
6
2
1
5
7
5
4
6
7
3
9
3
6
11
1
6
4
5
5
5
3
4
1
6
3
5
0
2
2
7
3
3
2
6
8
8
3
5
3
9
4
6
1
3
1
3
3
3
3
3
1
5
6
2
5
5
6
1
5
7
6
4
5
5
5
2
2
5
6
2
4
1
5
4
7
7
5
6
3
3
4
5
3
3
6
5
7
3
1
2
1
2
10
6
7
3
5
6
5
6
3
6
5
4
3
4
1
7
4
4
6
4
4
4
6
4
8
6
7
2
2
4
6
3
4
3
5
5
5
8
5
4
1
1
3
4
12
3
6
3
3
7
3
6
3
7
5
6
5
4
2
2
5
4
0
5
3
2
5
7
6
3
7
4
4
4
3
2
6
4
3
2
4
3
1
3
4
5
4
5
3
2
5
4
3
3
5
4
5
2
1
1
5
2
3
2
6
4
2
4
5
1
0
5
2
2
2
2
5
2
3
3
1
4
2
5
1
1
6
4
6
6
4
3
2
3
1
5
5
3
3
3
3
1
1
4
2
3
3
3
0
5
2
3
4
3
5
1
4
5
2
5
2
2
3
4
3
3
2
1
5
4
4
3
7
1
2
4
2
1
2
4
7
1
1
2
1
3
1
6
2
4
2
5
2
2
4
1
2
5
7
3
5
3
1
1
3
5
7
4
2
10
3
1
3
3
4
0
9
2
1
2
1
4
4
6
3
1
1
2
1
3
4
1
2
1
4
2
3
2
2
2
3
1
4
4
3
1
1
1
2
1
2
4
2
2
1
4
3
2
3
3
6
2
3
0
0
4
1
2
0
3
3
3
4
2
1
3
2
6
5
5
4
0
2
4
3
2
2
4
3
2
1
6
4
3
2
2
3
4
2
2
4
2
3
3
6
4
6
2
3
1
1
6
5
1
3
2
4
2
2
0
9
3
1
3
5
2
3
1
2
3
3
5
2
5
2
1
4
2
3
4
0
4
4
1
3
4
1
5
3
1
0
2
4
3
3
5
0
5
1
5
4
3
1
3
2
1
2
3
3
3
6
5
1
4
1
3
1
6
0
0
0
2
3
0
3
4
1
1
8
4
5
1
3
2
0
2
6
3
4
3
4
1
0
1
4
2
3
1
2
4
4
2
3
2
4
0
2
4
4
4
2
3
2
3
3
2
2
2
0
2
2
4
1
4
3
1
2
3
1
0
2
2
1
2
1
1
3
0
3
1
1
1
0
1
1
0
0
1
1
3
0
3
0
5
2
2
1
2
1
1
3
1
1
3
3
1
1
2
3
0
2
3
1
1
2
1
1
2
3
4
2
3
2
0
2
4
2
1
4
2
2
3
4
1
3
1
2
1
0
3
2
1
2
0
1
1
3
1
1
2
2
2
0
3
1
3
5
1
2
1
3
0
1
2
0
1
0
0
1
3
4
0
2
2
2
1
1
1
2
2
2
2
0
3
1
0
2
3
2
0
1
0
3
2
0
2
2
1
0
1
0
2
1
3
2
4
0
1
0
2
0
0
0
4
1
4
0
2
1
0
3
1
3
2
1
2
3
3
2
1
1
1
2
0
4
4
1
2
0
1
1
2
3
5
1
1
0
2
0
3
2
0
1
3
2
0
2
2
0
3
2
3
3
1
0
2
4
0
0
1
1
1
1
1
0
1
0
0
1
1
1
2
1
1
2
1
1
1
1
0
1
2
0
2
1
2
1
1
1
0
1
2
2
4
2
2
1
2
2
3
2
3
1
2
1
1
1
3
0
3
3
0
1
1
2
2
3
4
1
1
1
0
2
1
3
1
1
3
1
0
1
1
1
1
2
2
0
3
1
1
1
2
2
2
3
2
3
0
1
2
0
0
0
3
0
1
1
1
2
0
1
0
1
2
1
3
1
0
1
1
1
0
1
1
1
0
1
0
2
1
0
1
1
1
2
0
1
1
3
0
0
2
1
1
2
1
2
0
0
1
0
0
1
1
0
2
1
0
3
0
4
2
1
1
0
2
2
2
0
0
1
2
4
1
2
1
1
1
0
1
1
2
2
0
0
2
0
0
0
2
2
1
0
1
1
0
1
1
1
0
1
1
0
2
0
0
2
1
0
1
0
1
2
0
2
2
1
3
1
0
2
2
1
1
0
1
2
0
0
0
0
2
1
2
1
2
0
1
1
0
2
1
2
2
1
2
1
0
0
0
0
1
1
1
0
1
2
1
1
1
0
0
0
0
2
2
1
0
0
2
1
0
1
1
0
1
3
1
3
0
1
1
1
4
0
1
0
0
1
2
0
0
3
1
2
1
3
0
2
0
1
0
0
2
0
0
1
2
1
0
1
1
2
1
1
1
0
4
2
2
1
1
1
2
0
2
1
2
1
2
2
2
0
0
0
1
1
1
1
1
0
0
2
0
0
0
0
0
0
2
1
0
1
0
1
1
1
0
0
3
2
0
1
1
1
1
0
3
0
1
1
1
2
1
1
0
0
0
0
0
1
1
1
2
2
3
1
0
0
3
2
2
2
1
0
0
1
0
0
1
0
2
2
2
2
0
0
0
0
1
1
1
0
1
1
1
0
1
0
1
2
0
2
0
0
1
0
0
2
1
1
1
2
0
0
0
1
3
0
3
0
3
0
1
0
0
0
0
0
1
0
0
0
1
2
1
1
4
2
1
0
1
0
1
0
4
0
1
1
1
0
0
0
0
0
0
1
1
1
0
1
2
2
0
0
0
2
0
1
0
0
0
1
1
4
0
1
0
0
1
0
0
0
0
1
0
0
2
0
2
0
0
1
0
2
0
0
1
1
0
0
1
1
2
1
1
0
2
0
1
0
0
2
0
1
0
2
0
0
1
1
2
1
0
0
0
0
1
1
0
1
2
0
0
0
1
1
1
0
1
1
0
1
0
0
2
0
0
0
0
0
1
0
1
1
0
0
0
1
1
0
0
0
2
0
0
0
0
2
0
3
1
0
1
0
1
0
0
0
1
0
2
3
1
0
0
0
0
0
0
0
1
0
1
0
2
0
0
0
0
0
2
0
0
0
0
2
1
0
1
1
0
0
2
1
0
0
1
1
0
1
1
0
0
1
1
0
1
0
1
0
0
0
0
0
1
1
0
0
1
0
1
0
1
1
0
1
2
1
1
0
0
0
0
0
1
1
0
0
0
1
1
1
1
0
0
0
0
0
0
2
0
0
2
1
0
0
1
0
0
1
1
1
1
0
1
0
0
1
1
0
0
0
1
0
1
0
0
0
1
2
0
0
0
0
2
0
1
0
0
1
1
2
0
0
1
1
1
1
0
0
1
0
0
0
0
0
1
1
1
0
0
0
0
1
0
0
0
0
0
1
0
0
1
0
1
1
1
2
0
0
0
0
1
0
2
0
0
0
0
0
1
0
1
0
0
1
0
0
0
0
1
1
0
2
0
0
0
0
1
0
0
0
1
0
0
0
0
1
0
0
0
0
0
0
1
0
0
0
0
0
0
1
0
0
0
0
0
0
2
1
0
0
1
0
2
0
0
1
0
0
1
0
0
0
0
1
0
1
0
0
1
1
1
0
1
0
0
1
1
0
0
0
0
0
1
2
1
1
0
0
0
0
1
0
0
0
0
0
0
0
1
0
0
0
0
1
1
2
1
1
0
0
1
1
0
0
0
0
0
0
2
0
0
0
0
0
0
1
0
0
1
0
0
0
1
0
0
0
1
0
2
1
0
0
0
0
0
1
1
0
0
2
0
0
0
1
0
1
0
0
0
0
1
2
0
0
0
0
0
0
0
0
1
0
1
0
0
0
0
0
0
1
0
0
1
1
0
1
0
1
0
0
0
0
0
0
0
0
0
0
0
1
1
0
1
0
0
0
1
0
0
1
0
0
0
0
0
0
0
0
1
0
0
0
0
0
0
1
0
0
0
0
0
0
0
0
0
0
1
1
1
1
0
0
0
0
0
0
1
0
1
0
0
1
0
1
0
0
1
0
1
0
1
0
1
0
0
0
0
0
0
0
0
0
0
1
0
0
0
1
0
0
0
0
1
0
0
0
0
0
1
0
0
1
0
0
0
0
1
0
0
0
0
0
0
1
0
0
1
0
0
0
0
0
0
0
0
0
0
0
0
0
0
0
1
0
1
0
1
0
0
0
0
0
0
0
0
0
0
0
0
0
0
0
0
1
1
0
1
0
0
1
0
0
0
0
1
1
0
1
0
0
1
0
0
0
0
0
0
0
0
1
0
0
0
1
0
1
0
0
1
1
0
1
0
0
0
0
0
1
1
0
0
0
0
1
0
0
0
0
0
0
0
0
1
0
0
0
1
0
0
0
2
0
0
0
0
0
0
0
0
0
1
0
0
0
0
0
0
0
0
0
0
0
0
0
0
0
0
0
0
0
0
0
0
1
0
0
0
1
0
0
0
0
0
0
0
0
1
0
0
1
0
0
1
0
0
0
0
0
0
1
0
0
0
0
1
0
0
0
0
1
1
1
0
0
1
0
0
0
0
0
0
0
0
0
0
0
0
0
0
0
0
0
0
0
0
0
0
0
0
0
0
1
0
0
1
0
0
1
0
1
0
0
0
0
0
0
0
0
1
0
0
0
0
0
0
0
0
1
0
1
0
0
1
0
0
0
0
0
0
0
1
0
0
0
0
0
1
0
0
0
0
0
0
1
0
0
0
0
0
0
0
0
0
0
1
0
0
0
1
0
0
0
1
0
0
0
0
0
0
0
0
0
0
1
0
0
0
0
0
0
0
0
0
0
0
0
0
0
0
0
0
0
0
0
0
0
0
1
0
0
0
0
0
0
0
0
0
1
0
0
0
0
0
0
0
0
0
0
1
1
0
0
0
0
0
0
0
0
1
0
0
0
0
0
0
0
0
0
0
0
0
0
1
0
0
0
1
0
1
1
0
0
0
0
0
0
0
0
0
0
0
0
0
0
0
0
0
0
0
0
0
0
0
0
0
0
1
0
0
0
1
0
0
0
0
1
0
0
0
0
0
0
0
1
0
0
1
1
0
0
0
0
2
0
0
0
1
0
1
2
0
0
0
0
0
0
0
0
0
0
0
0
0
0
0
0
0
0
0
0
0
0
0
0
0
0
1
0
0
1
0
0
0
0
0
0
0
0
0
0
0
0
0
0
0
1
0
0
0
0
0
0
0
0
0
0
1
0
0
0
0
1
0
0
0
0
0
0
0
0
0
0
0
1
0
0
0
1
1
0
0
0
0
0
0
0
0
0
0
0
0
0
0
0
0
0
0
0
0
0
0
0
1
0
0
0
0
0
1
0
0
1
0
0
0
0
0
0
0
0
0
0
0
0
0
0
0
0
0
0
0
1
0
0
0
0
0
0
0
0
0
0
0
0
0
0
0
0
0
0
0
0
0
1
0
0
0
0
0
0
1
0
0
0
0
0
0
0
0
0
1
0
0
0
0
0
0
0
0
0
2
0
0
0
0
0
0
0
0
0
0
0
