14
26
21
28
26
27
23
19
20
21
25
29
28
31
21
20
24
31
50
71
61
101
124
139
173
211
293
344
398
503
589
763
869
985
1063
1247
1533
1666
1926
2145
2542
2761
3270
3729
4214
4906
5606
6455
7912
9149
10794
11895
13511
14830
16071
17227
18334
19260
20234
21087
22112
23154
24188
25222
26019
26780
27816
28958
29974
30920
31483
32223
32692
32683
33204
33451
33383
33694
33399
33359
33123
33220
33102
33138
32605
32453
32299
32209
32115
31895
32089
31279
31633
31383
31297
31277
31041
30672
30603
30512
30534
30406
29831
29630
29791
29627
29233
29220
28925
29186
28879
28654
28839
28609
28576
28255
28306
28055
27809
27613
27195
27378
27622
27084
27093
26890
26931
26816
26471
26547
26330
26002
26358
26021
25736
25423
25484
25601
25277
25150
25082
25081
24832
24818
24637
24349
24387
24211
24029
23930
23652
23751
23597
23301
23394
23182
23119
23099
22963
22700
22606
22594
22152
22260
22254
21792
21848
21621
21568
21433
21329
21407
21155
21015
21039
20868
20676
20674
20523
20492
20436
20451
20232
20304
20287
20180
19739
20073
19889
19728
19661
19307
19531
19351
18952
18629
18720
18437
18526
18131
18180
17935
17760
17741
17402
17411
17330
17324
17264
16728
16952
16752
16663
16532
16645
16326
16202
16271
16041
15908
15819
15661
15747
15339
15167
15361
15258
15417
15043
14943
15017
14796
14651
14573
14645
14306
14247
14192
14143
14004
14016
13944
14040
13874
13670
13755
13894
13639
13575
13432
13415
13446
13347
13395
13162
13248
13188
12990
12924
12838
12804
12927
12755
12802
12892
12635
12778
12734
12752
12671
12729
12745
12853
12640
12408
12637
12738
12648
12805
12650
12309
12541
12311
12485
12284
12540
12172
12186
12073
12152
12044
11873
11932
12080
11815
11852
11811
11686
11745
11703
11592
11429
11551
11451
11340
11114
11241
11273
11435
11165
11148
10869
10893
10712
10647
10852
10761
10535
10673
10473
10610
10431
10406
10361
10380
10256
10277
10074
9872
9892
9876
9900
9799
9846
9645
9643
9629
9639
9596
9613
9350
9455
9385
9393
9290
9149
9044
9181
8856
8886
9132
8852
9087
8864
8877
8669
8848
8872
8703
8719
8473
8665
8457
8417
8332
8365
8435
8356
8346
8281
8263
8097
8273
8169
8065
8127
8085
8117
7996
8136
8013
8074
7981
7809
7935
7899
7771
7793
7649
7471
7668
7794
7574
7514
7596
7354
7414
7548
7470
7319
7214
7326
7214
7260
7220
7187
7148
7119
7106
7067
7042
6995
6976
6920
7034
6918
6789
6862
6875
6738
6909
6720
6751
6684
6829
6631
6544
6565
6471
6600
6436
6526
6565
6545
6368
6380
6517
6412
6456
6389
6423
6510
6359
6249
6403
6278
6256
6267
6242
6225
6197
6230
6190
6105
6242
6189
6176
6056
6075
6182
6130
6070
6061
6171
5969
6016
6066
6063
5958
6136
5981
5937
5792
5871
5935
5949
5912
5929
5926
5791
5886
5885
5843
5751
5764
5784
5823
5679
5707
5680
5587
5648
5753
5570
5538
5519
5632
5578
5576
5517
5460
5467
5484
5503
5405
5560
5557
5368
5368
5455
5405
5490
5519
5374
5408
5422
5428
5289
5414
5351
5346
5308
5337
5407
5421
5250
5328
5411
5359
5263
5251
5400
5332
5412
5279
5202
5389
5181
5315
5398
5203
5264
5369
5273
5319
5317
5309
5247
5238
5325
5169
5275
5425
5300
5188
5269
5269
5163
5113
5309
5143
5153
5198
5116
5207
5104
5181
5298
5286
5070
5091
5218
5098
4967
5138
5118
5105
5134
5098
5144
5113
5024
5128
5043
5061
5018
5250
5116
5031
4990
5077
4902
4981
5127
5092
4997
5007
4959
5054
4979
5018
5083
4982
5045
5011
5029
5100
5065
4879
4995
5026
5086
4990
5020
5159
5011
5122
5170
5095
5015
5082
5090
5080
5061
5100
5178
5018
5065
5170
5163
5155
5179
5056
5061
5179
5107
5157
5129
5173
5172
5010
5098
5215
5035
5208
5168
4952
5126
5165
5144
5078
5135
5036
5140
5034
4966
5061
5098
5019
5140
4968
4907
5139
5173
5008
5064
5145
5179
4970
4954
5077
4912
4995
5062
5070
5125
5100
5081
5017
5036
5140
5129
5011
4977
5120
5151
5140
5093
5123
5085
5150
5256
5143
5123
5175
5219
5167
5200
5368
5203
5278
5133
5174
5455
5382
5272
4965
5346
5204
5304
5227
5195
5231
5377
5211
5385
5300
5227
5287
5132
5448
5290
5232
5245
5215
5231
5309
5173
5453
5356
5476
5337
5172
5312
5430
5376
5375
5188
5312
5261
5102
5229
5165
5344
5201
5221
5362
5129
5190
5186
5318
5434
5274
5214
5399
5249
5311
5376
5270
5552
5389
5387
5427
5295
5449
5211
5407
5410
5362
5263
5454
5430
5424
5401
5539
5403
5388
5585
5531
5427
5533
5496
5501
5472
5528
5428
5395
5399
5577
5569
5568
5550
5706
5707
5545
5594
5548
5581
5501
5652
5580
5497
5587
5701
5622
5559
5749
5689
5625
5680
5710
5736
5631
5563
5587
5562
5576
5592
5569
5635
5754
5580
5679
5769
5396
5647
5631
5598
5698
5640
5767
5629
5714
5779
5755
5651
5609
5727
5625
5619
5694
5683
5639
5715
5777
5589
5712
5659
5647
5779
5714
5839
5649
5681
5800
5840
5651
5709
5896
5907
5790
5790
5790
5854
5752
5922
5912
5877
5948
5854
5876
5886
5837
5950
5917
5959
5981
5746
5921
5975
6006
5910
5937
5933
5919
6093
6001
5872
5927
5901
6064
6022
5911
5993
6102
5993
5999
5911
5977
5922
5908
6005
5982
5932
6063
6026
5954
5933
5887
5978
6049
5934
5889
6009
5999
5996
5824
5871
6144
5851
6032
6010
6090
5863
6006
6185
6095
5993
5961
6158
6060
5999
6169
5966
6218
6037
6008
6146
6084
6020
6212
6128
6054
6206
6227
6178
6156
6102
6261
6257
6182
6250
6176
6225
6299
6165
6296
6184
6249
6231
6263
6259
6241
6144
6212
6183
6212
6297
6246
6360
6176
6310
6224
6151
6357
6285
6195
6258
6263
6302
6361
6230
6302
6230
6189
6332
6446
6331
6261
6372
6376
6359
6387
6328
6269
6386
6297
6155
6413
6255
6240
6516
6287
6270
6404
6340
6329
6280
6502
6396
6450
6251
6349
6271
6378
6324
6318
6466
6215
6416
6374
6466
6459
6545
6446
6441
6454
6410
6485
6394
6454
6600
6451
6475
6569
6371
6369
6627
6485
6447
6442
6567
6460
6547
6501
6495
6580
6561
6631
6578
6502
6537
6436
6528
6515
6615
6547
6542
6435
6683
6679
6458
6659
6700
6489
6621
6583
6570
6537
6654
6597
6518
6486
6544
6624
6542
6720
6599
6499
6571
6657
6545
6625
6510
6528
6465
6542
6528
6648
6676
6649
6531
6431
6637
6592
6582
6787
6507
6563
6688
6666
6632
6693
6508
6467
6603
6632
6640
6794
6582
6508
6737
6754
6589
6778
6549
6706
6695
6660
6689
6720
6716
6754
6597
6765
6736
6422
6748
6863
6858
6720
6636
6763
6861
6870
6734
6759
6709
6716
6680
6731
6567
6632
6644
6726
6585
6760
6705
6593
6732
6647
6741
6691
6648
6721
6712
6562
6751
6583
6694
6560
6716
6753
6671
6643
6542
6603
6548
6731
6683
6797
6747
6745
6696
6604
6633
6678
6625
6490
6545
6531
6701
6810
6764
6732
6614
6693
6684
6605
6830
6721
6750
6627
6684
6597
6702
6672
6706
6752
6639
6673
6633
6721
6772
6779
6810
6667
6738
6769
6763
6632
6841
6883
6765
6761
6634
6761
6793
6652
6714
6778
6716
6778
6763
6845
6723
6628
6570
6739
6606
6760
6718
6715
6599
6486
6673
6463
6688
6683
6607
6860
6517
6694
6605
6623
6733
6661
6575
6534
6587
6750
6538
6643
6749
6649
6420
6598
6663
6681
6548
6558
6618
6653
6555
6650
6582
6620
6639
6629
6755
6656
6573
6584
6711
6669
6714
6710
6565
6645
6626
6591
6719
6572
6688
6582
6655
6652
6583
6635
6582
6600
6568
6589
6653
6628
6614
6637
6648
6536
6647
6463
6583
6544
6413
6598
6642
6540
6617
6543
6621
6653
6532
6562
6602
6570
6543
6504
6674
6560
6562
6473
6493
6434
6465
6575
6553
6575
6484
6423
6424
6592
6537
6524
6492
6515
6556
6508
6414
6430
6574
6407
6462
6385
6517
6431
6508
6342
6456
6329
6363
6468
6395
6378
6586
6484
6492
6427
6469
6332
6491
6496
6449
6350
6392
6427
6401
6325
6444
6324
6419
6495
6492
6452
6414
6322
6472
6370
6401
6496
6508
6304
6425
6340
6277
6391
6208
6316
6362
6158
6267
6195
6435
6338
6323
6349
6317
6485
6404
6170
6275
6281
6175
6255
6216
6168
6149
6218
6214
6351
6247
6208
6187
6287
6165
6256
6253
6201
6145
6242
6103
6189
6164
6096
6186
6236
6144
6280
6042
6180
6318
6153
6085
6194
6121
6099
6209
6159
6207
6038
6101
6194
6200
6068
6099
5826
6053
6174
6074
6097
6103
6148
6034
6089
6017
6275
6043
6048
6150
6141
6122
6233
6068
6082
6064
6056
6171
6106
6019
5942
5881
5990
6017
5959
5961
5945
6000
5949
5857
5980
5944
5883
5951
6016
5822
5890
5855
5894
5840
6000
5942
5997
5759
5941
5716
5898
5958
5769
5890
5835
5765
5989
5872
5874
5782
5740
5739
5808
5817
5765
5800
5724
5843
5782
5732
5649
5633
5734
5897
5601
5741
5818
5701
5714
5748
5682
5579
5813
5664
5688
5577
5711
5771
5685
5559
5668
5512
5600
5598
5772
5633
5584
5697
5603
5535
5656
5673
5583
5800
5575
5755
5606
5556
5693
5527
5525
5655
5482
5531
5566
5637
5514
5560
5417
5530
5500
5456
5601
5431
5566
5394
5480
5522
5435
5400
5496
5483
5524
5594
5418
5407
5357
5228
5347
5420
5385
5423
5395
5348
5379
5453
5214
5304
5237
5294
5233
5454
5383
5243
5287
5327
5190
5244
5254
5345
5189
5278
5110
5192
5242
5126
5121
5165
5114
5289
5253
5164
5221
5290
5091
5266
5166
5133
5087
5153
5225
5003
5099
5180
5156
5117
5143
5168
5105
5048
5285
5125
5159
5113
5166
5152
4979
5058
4902
5065
5042
5016
5108
5040
4960
5012
4993
5033
4949
4977
4935
5084
4889
4848
4961
4945
4832
4890
4869
4911
4904
4912
4873
4800
4698
4800
4798
4652
4846
4905
4840
4774
4746
4806
4787
4734
4832
4902
4828
4927
4786
4858
4796
4714
4729
4712
4855
4692
4822
4806
4634
4833
4768
4672
4738
4709
4586
4746
4729
4593
4596
4709
4658
4663
4575
4532
4642
4546
4618
4685
4580
4684
4581
4539
4596
4651
4634
4511
4710
4531
4399
4498
4577
4492
4625
4448
4549
4395
4493
4581
4442
4511
4435
4509
4542
4531
4340
4514
4429
4500
4284
4458
4383
4424
4407
4294
4374
4304
4254
4426
4355
4358
4275
4414
4233
4410
4344
4335
4245
4295
4252
4338
4216
4393
4273
4211
4150
4197
4268
4266
4237
4089
4170
4222
4158
4087
4133
4194
4065
4212
4203
4092
4242
4228
4173
4164
4093
4165
4034
4236
4036
4208
4166
3974
4101
3983
4131
4094
4130
4130
4061
3941
4017
3964
3996
3974
3983
3959
3911
4056
3936
4119
4008
3900
3790
3768
3795
3800
3888
3933
3904
3906
3922
3877
3836
3956
3870
3902
3893
3973
3727
3767
3826
3851
3940
3814
3996
3726
3766
3703
3915
3816
3853
3734
3782
3817
3784
3777
3756
3798
3683
3685
3786
3718
3748
3822
3712
3617
3755
3687
3687
3632
3656
3665
3766
3595
3589
3604
3700
3694
3491
3563
3562
3587
3617
3644
3598
3624
3511
3704
3578
3576
3469
3456
3472
3519
3566
3553
3493
3533
3553
3470
3447
3485
3446
3425
3526
3542
3372
3388
3316
3451
3400
3305
3408
3433
3291
3305
3434
3363
3361
3381
3345
3373
3300
3419
3314
3261
3238
3345
3268
3369
3287
3318
3287
3276
3277
3218
3265
3318
3229
3247
3251
3303
3183
3148
3141
3068
3163
3195
3078
3193
3246
3200
3175
3070
3101
3219
3211
3123
3112
3155
3179
3146
3121
3173
3079
3187
3159
3186
3124
3147
3063
3073
3026
3060
3095
3075
3018
3083
3059
2986
3009
3066
3074
2993
2946
2973
2992
2902
3004
2892
2959
2930
2837
3039
2948
2825
2945
2929
2909
2944
2928
2925
2915
2855
2872
2867
2859
2865
2933
2913
2930
2881
2821
2823
2824
2809
2781
2777
2766
2819
2818
2899
2857
2751
2799
2697
2817
2690
2731
2741
2723
2747
2794
2785
2735
2687
2736
2631
2711
2659
2668
2691
2573
2595
2669
2658
2761
2654
2677
2672
2527
2589
2612
2513
2539
2628
2623
2624
2549
2656
2527
2627
2585
2542
2639
2592
2550
2535
2578
2494
2685
2568
2467
2534
2478
2520
2448
2519
2593
2474
2585
2453
2402
2437
2510
2446
2418
2450
2537
2423
2492
2333
2472
2392
2431
2367
2391
2363
2378
2350
2418
2389
2363
2384
2468
2397
2435
2261
2400
2356
2314
2342
2385
2318
2411
2238
2410
2312
2388
2264
2320
2202
2341
2237
2263
2183
2207
2301
2257
2344
2212
2241
2185
2180
2245
2171
2191
2136
2224
2134
2207
2126
2191
2247
2196
2193
2149
2155
2079
2209
2100
2138
2151
2079
2192
2108
2161
2081
2107
2076
2121
2132
2044
2093
2049
2052
2105
2068
2022
2024
2032
2063
1951
2062
2093
2010
2011
1978
2038
2017
2030
1925
2014
2036
2072
1962
2007
2072
1967
1960
1958
1964
1960
2002
1911
1997
1946
1891
1924
1824
1922
1867
1879
1873
1888
1929
1864
1981
1891
1864
1922
1847
1876
1798
1848
1869
1838
1810
1855
1878
1849
1857
1799
1794
1877
1787
1749
1842
1840
1802
1843
1826
1799
1810
1748
1730
1776
1873
1859
1807
1712
1747
1687
1686
1774
1718
1789
1705
1698
1797
1697
1795
1732
1599
1686
1800
1754
1641
1732
1608
1667
1701
1723
1631
1671
1676
1656
1629
1662
1662
1667
1652
1613
1697
1626
1679
1741
1681
1598
1624
1654
1688
1584
1631
1658
1617
1663
1600
1652
1631
1656
1594
1534
1554
1537
1587
1592
1586
1563
1531
1540
1531
1564
1489
1546
1523
1558
1520
1477
1546
1555
1561
1481
1481
1516
1512
1481
1446
1467
1421
1454
1468
1462
1414
1469
1445
1440
1447
1432
1458
1446
1446
1474
1413
1438
1400
1434
1392
1425
1470
1401
1493
1491
1456
1394
1375
1329
1350
1328
1425
1318
1373
1405
1335
1396
1362
1413
1315
1380
1333
1362
1431
1376
1335
1359
1350
1349
1375
1284
1305
1301
1298
1287
1282
1360
1280
1331
1327
1295
1312
1251
1262
1298
1265
1302
1287
1290
1283
1214
1267
1343
1249
1302
1216
1299
1242
1182
1282
1207
1200
1244
1236
1229
1203
1255
1186
1275
1153
1195
1243
1225
1218
1167
1204
1163
1254
1182
1154
1234
1201
1116
1136
1155
1166
1143
1143
1167
1126
1166
1139
1135
1179
1065
1150
1125
1115
1075
1158
1134
1116
1093
1103
1117
1077
1113
1114
1095
1090
1064
1114
1085
1093
1072
1136
1134
1060
1078
1077
1088
1117
1103
1015
1089
1091
1004
998
1027
1077
1010
1046
1059
1041
1073
961
1007
999
1012
1021
982
1073
1070
1116
1010
968
1031
1043
1017
991
1034
1026
978
1000
1001
1047
952
960
976
972
966
969
994
970
976
976
967
932
941
902
937
938
951
938
920
917
955
955
923
969
938
932
884
948
975
896
936
937
917
893
885
885
860
862
903
917
892
880
945
908
899
936
882
885
924
833
906
853
849
863
818
872
893
819
849
873
803
868
860
822
859
862
825
817
821
830
893
866
818
822
802
857
773
833
834
840
808
789
787
760
739
810
771
808
738
820
852
779
767
764
773
811
772
767
745
759
807
783
739
759
773
746
732
775
794
802
761
729
766
709
761
767
769
660
759
728
730
741
773
693
706
728
665
767
748
725
738
715
689
746
735
702
718
687
669
698
699
658
691
664
704
709
677
661
702
659
639
668
670
724
689
698
709
644
709
679
612
664
642
623
701
668
669
671
677
649
690
622
623
652
612
637
647
674
636
614
621
655
662
634
658
623
612
632
630
611
594
638
655
573
676
614
596
596
610
578
638
565
591
573
624
603
553
596
570
572
555
620
611
541
592
602
615
572
621
589
566
574
573
558
538
547
571
583
535
603
559
559
525
504
542
538
565
557
572
596
524
584
552
511
548
523
533
506
530
592
542
541
536
537
537
558
544
540
512
518
505
522
553
514
525
491
512
533
542
481
468
467
513
512
493
510
479
518
504
506
516
475
490
458
530
474
527
508
497
499
494
472
457
453
466
493
464
465
457
469
443
467
475
433
499
490
487
478
482
479
458
477
442
445
432
455
439
461
430
462
445
419
429
484
434
429
437
420
410
475
445
430
451
423
469
424
429
432
428
449
465
437
432
413
432
397
400
412
448
427
369
436
406
420
402
404
393
395
409
416
430
466
429
394
396
403
386
374
374
366
396
379
398
413
365
412
408
395
356
394
408
403
388
389
401
401
374
390
407
392
368
392
369
383
348
336
393
365
379
339
376
399
370
374
371
370
377
375
346
380
374
380
369
369
326
369
356
382
371
325
366
316
350
367
325
356
349
367
340
342
357
352
310
358
352
344
363
378
362
332
342
314
334
364
310
338
345
292
350
361
316
330
330
318
342
344
319
356
288
332
305
300
321
282
308
336
325
300
307
306
307
311
305
275
280
320
290
327
321
333
335
299
305
287
293
295
328
293
278
301
314
320
276
287
292
308
313
309
306
314
302
311
285
320
281
279
303
290
264
273
268
271
268
300
278
276
285
277
278
302
253
267
264
281
312
273
232
273
273
281
285
243
262
281
264
264
259
275
281
291
267
280
273
238
277
269
280
273
251
248
260
273
255
287
269
261
293
260
266
261
251
275
253
234
227
243
254
253
236
207
238
257
249
218
271
245
248
251
254
249
251
231
241
234
235
230
240
270
261
270
230
252
244
241
229
220
249
247
252
251
224
232
244
228
250
198
254
247
223
233
228
209
226
236
252
230
243
227
206
220
212
209
214
234
193
203
228
215
204
210
202
214
214
214
224
201
225
231
197
229
218
239
187
214
200
211
218
221
187
194
194
211
202
212
221
219
200
196
189
192
205
210
197
189
186
206
180
222
213
191
199
201
189
191
199
196
198
189
176
198
188
198
186
186
183
160
205
165
175
194
216
180
217
174
174
167
179
190
194
190
188
188
164
185
181
192
183
191
179
164
173
187
163
170
185
210
173
187
194
173
160
189
177
205
156
185
168
169
177
196
152
170
170
179
163
147
188
190
187
189
171
171
200
191
166
147
173
165
185
155
183
171
150
156
170
178
163
144
158
162
170
169
164
165
152
174
138
153
170
160
173
171
150
165
158
147
178
159
149
136
153
147
165
141
139
110
167
175
165
177
147
132
170
134
138
138
149
179
149
124
157
173
166
145
164
134
175
134
142
155
137
156
161
137
158
145
130
150
145
143
133
132
147
141
133
140
162
122
124
140
126
133
137
141
143
134
144
131
149
117
137
134
122
135
134
139
130
141
138
123
119
144
142
153
127
140
105
132
148
135
122
151
126
143
134
118
140
137
132
129
125
130
119
134
150
135
150
107
134
126
109
130
114
143
113
142
108
129
127
133
115
127
137
131
119
134
119
117
142
124
106
113
111
125
129
124
92
146
122
119
119
99
96
115
116
102
109
102
111
114
133
118
99
107
108
118
86
121
123
123
98
102
138
106
107
124
128
114
104
115
120
103
111
124
98
107
110
102
112
110
115
122
104
109
122
98
95
103
109
95
118
106
93
92
116
110
101
95
106
101
96
89
94
97
108
97
109
98
109
95
112
87
106
91
113
90
99
96
94
106
89
98
90
96
96
94
91
100
105
80
93
91
115
100
93
105
80
100
107
89
87
110
91
90
100
100
82
84
93
84
85
89
97
90
81
85
82
81
103
90
92
76
71
93
78
83
97
83
91
99
75
100
100
90
91
79
95
94
84
84
82
85
103
87
87
90
91
90
77
91
97
76
80
106
78
99
91
58
88
86
83
82
84
83
85
80
71
84
79
77
77
86
80
77
72
80
80
91
67
85
70
81
80
83
79
88
84
83
85
76
68
100
83
65
84
94
63
58
78
78
78
78
66
52
64
73
85
77
62
80
70
94
80
78
78
87
67
82
80
61
77
79
73
65
86
76
69
62
65
78
62
65
71
54
56
82
71
76
75
62
56
79
66
63
76
77
61
65
65
79
71
69
87
62
80
71
59
62
63
75
69
69
65
67
55
72
59
63
64
85
73
76
58
59
56
65
69
57
70
76
59
69
90
64
58
66
60
53
60
60
75
71
68
64
49
53
54
70
65
58
56
53
70
64
72
65
64
57
47
56
52
70
71
60
62
61
41
63
54
44
67
64
64
53
64
56
57
61
45
56
73
71
57
66
67
46
50
60
56
66
56
44
58
49
47
64
52
51
49
61
52
60
54
45
48
64
59
50
60
44
59
56
62
67
59
52
64
57
70
58
58
50
55
56
49
53
49
41
39
53
52
57
53
47
47
48
57
65
62
43
55
62
49
71
29
53
50
53
48
51
44
44
55
47
48
44
43
43
49
39
56
51
55
54
48
43
51
49
42
47
48
42
51
54
61
42
57
45
44
52
47
51
47
40
46
60
40
55
48
51
41
46
47
38
51
45
45
38
41
41
51
43
43
51
50
48
53
46
38
34
45
58
39
54
45
36
46
44
35
33
42
60
48
38
42
42
40
51
37
35
54
42
42
29
45
40
46
47
50
45
56
41
39
41
45
46
42
49
34
49
48
53
46
35
33
41
39
39
41
39
54
27
35
43
39
37
32
33
48
40
44
44
31
33
33
38
48
33
36
43
44
33
40
37
46
41
40
31
40
48
43
30
45
36
37
29
27
39
39
38
33
42
48
36
42
45
29
40
37
32
43
38
39
28
33
33
34
36
28
32
27
43
35
40
36
39
35
33
31
18
28
30
34
31
28
30
45
33
33
32
30
37
35
34
25
38
35
40
31
29
32
33
47
41
43
41
34
29
41
25
29
23
42
48
37
33
36
39
28
35
30
44
31
32
33
28
33
28
32
25
36
39
35
35
23
38
36
32
34
33
30
29
32
33
25
35
30
29
32
24
41
19
24
29
34
33
37
26
36
27
32
32
32
40
24
24
21
33
22
28
20
39
38
32
30
33
37
26
22
26
31
35
20
29
27
30
23
28
26
25
20
25
24
25
30
31
17
24
23
23
19
24
33
22
32
21
22
28
29
26
24
26
24
29
19
22
23
28
30
32
22
27
35
27
34
31
28
34
27
25
22
23
22
29
37
32
21
29
20
25
27
20
26
25
34
25
21
21
24
23
24
26
28
32
30
32
38
23
24
18
24
27
22
22
26
34
22
34
29
27
33
23
26
29
17
30
26
23
26
32
30
22
15
26
28
19
28
25
31
22
27
24
17
21
20
30
21
16
31
22
27
20
23
19
20
13
30
27
25
27
23
23
22
21
15
19
19
22
20
26
21
22
28
22
33
19
24
27
22
23
23
22
22
14
26
17
13
27
18
16
25
16
23
14
22
22
16
20
26
21
19
23
23
17
15
21
21
10
22
16
36
20
20
20
19
17
19
11
19
19
16
20
12
19
18
12
16
12
26
18
17
17
17
23
21
26
21
18
20
15
18
23
14
19
16
15
25
11
14
15
18
22
21
15
15
17
24
19
14
17
17
17
17
20
21
11
21
17
20
12
24
22
16
16
19
19
17
19
18
21
21
19
6
15
12
20
13
12
23
19
17
19
20
20
18
12
11
8
16
20
13
18
22
18
19
10
19
25
27
13
12
12
20
20
20
19
8
16
16
26
15
16
21
15
21
15
20
17
18
13
14
14
19
17
16
14
14
10
18
12
6
16
19
17
9
15
14
16
13
12
9
12
16
15
10
14
18
19
20
18
16
18
14
14
19
14
18
23
25
22
14
8
11
15
9
14
13
4
19
15
13
19
16
7
9
15
18
6
13
15
13
9
8
11
18
12
22
17
8
18
11
15
12
14
12
11
17
12
12
14
11
11
11
16
7
14
13
10
17
15
12
17
14
9
10
9
14
9
13
16
16
15
11
14
17
10
9
19
14
6
10
15
12
10
14
18
9
8
17
12
13
10
12
14
16
7
13
7
13
18
7
10
12
10
14
5
10
9
19
15
21
13
10
15
10
12
10
12
13
9
8
16
10
12
11
12
10
8
11
18
10
12
9
11
11
14
7
11
12
13
13
11
6
8
8
7
6
11
9
10
12
23
14
15
14
7
9
11
11
10
9
9
13
11
10
9
14
10
9
4
13
13
13
8
9
8
15
6
6
12
13
10
13
8
11
5
14
10
3
8
12
8
6
7
9
7
14
6
6
10
14
13
5
17
13
8
11
8
15
9
2
12
11
11
8
14
13
8
8
8
7
5
4
7
13
3
13
11
7
12
10
4
9
4
14
4
9
9
10
8
9
9
9
7
6
13
8
8
10
12
13
5
10
5
9
6
8
10
8
5
9
5
11
12
10
11
10
11
5
12
6
5
10
13
5
10
13
9
4
5
9
8
5
10
8
4
4
6
4
10
12
9
5
4
9
8
4
9
7
9
9
6
13
10
11
6
17
16
7
8
11
7
4
9
4
9
3
6
7
10
10
6
10
5
13
7
6
2
8
5
4
8
4
9
10
4
5
9
5
8
10
9
3
9
8
8
9
11
3
13
6
9
7
7
8
9
11
8
9
8
7
7
3
8
12
9
6
5
5
13
12
7
6
7
4
6
9
5
7
5
6
8
8
9
7
3
4
4
5
4
8
7
4
6
7
5
8
4
6
5
7
4
8
7
7
6
11
6
7
13
4
6
7
7
9
6
5
5
3
4
9
9
5
8
5
7
6
5
3
3
5
4
3
4
10
6
7
8
7
5
7
7
6
5
9
3
4
7
3
7
5
8
3
6
8
8
6
2
4
5
7
5
7
4
11
5
8
4
1
5
6
6
5
6
3
7
6
10
5
3
10
5
7
4
7
2
11
6
5
9
10
8
4
7
6
2
4
6
7
6
2
5
15
8
5
7
5
4
2
5
6
1
4
2
5
3
4
4
5
2
6
3
1
8
9
4
6
3
8
5
5
4
6
8
7
5
8
7
6
7
4
7
8
7
5
4
6
3
2
1
4
6
4
5
6
3
6
2
4
6
4
2
6
2
5
2
3
4
6
3
2
3
10
5
3
8
6
5
5
8
5
1
4
2
4
4
6
7
4
6
4
7
1
2
2
5
4
6
6
5
2
7
5
5
6
1
2
5
4
4
3
9
4
6
7
1
1
8
3
1
7
4
2
4
2
4
4
4
4
3
4
3
4
5
6
4
5
9
3
3
6
1
5
3
3
1
4
6
5
7
2
4
7
2
5
2
7
1
4
1
5
9
4
5
2
7
2
4
7
2
5
6
6
6
5
2
5
2
3
3
1
1
4
4
5
5
6
6
4
4
1
2
1
1
3
1
2
2
6
2
5
7
4
5
6
4
6
3
4
2
2
3
4
1
7
2
4
2
2
3
1
4
2
6
5
1
2
2
2
6
3
1
2
5
5
4
4
4
4
4
2
1
5
1
1
3
2
2
4
4
2
1
5
6
8
4
5
3
6
1
3
2
0
5
2
2
1
1
6
4
3
3
4
3
2
3
2
5
6
3
5
2
5
2
6
6
4
3
1
7
4
3
4
2
5
1
6
5
2
6
2
8
1
5
5
6
4
1
3
2
3
3
0
1
2
2
5
2
2
4
4
5
4
3
5
3
4
6
2
4
1
2
0
4
4
2
4
2
2
2
4
1
1
3
1
1
1
3
3
4
3
3
4
2
1
1
4
0
3
3
3
2
5
1
0
8
2
3
4
4
2
2
4
1
3
3
2
1
1
2
5
2
1
0
4
2
2
2
2
0
5
1
0
3
3
1
3
5
2
2
2
5
7
2
2
1
2
3
3
1
2
2
3
2
1
1
2
3
2
3
3
1
3
2
2
3
1
0
1
1
2
0
5
3
2
1
3
1
0
6
1
4
0
4
4
3
0
4
2
1
1
5
4
0
1
2
2
3
1
2
3
1
0
1
1
4
1
0
3
0
0
1
1
4
2
3
1
1
1
2
0
1
2
2
1
4
0
2
0
2
1
3
5
5
9
2
3
1
0
1
1
1
0
1
0
2
1
5
1
1
3
3
3
1
2
2
2
1
3
3
3
1
2
3
0
0
1
1
1
3
0
1
4
0
2
2
3
1
1
0
2
5
1
3
3
3
1
1
1
0
1
2
1
2
1
2
2
3
0
0
5
1
2
3
4
2
1
0
2
2
1
2
1
1
2
1
0
1
1
2
1
4
2
0
2
0
1
2
1
0
2
1
2
2
4
0
3
0
1
0
0
1
1
1
1
2
2
3
1
1
1
0
0
1
1
4
1
1
1
3
3
1
1
3
2
3
1
2
0
1
2
1
2
3
1
1
0
2
0
0
0
4
1
1
0
2
1
0
0
1
1
2
1
2
3
1
3
0
3
3
1
1
1
0
0
3
2
1
1
0
3
0
2
3
0
3
2
0
2
1
2
2
3
2
1
1
1
1
2
3
4
3
0
1
1
2
0
1
4
0
0
2
1
2
0
2
1
0
2
2
1
1
0
0
0
3
2
3
1
2
2
0
0
0
1
0
2
0
1
0
0
1
2
2
1
1
1
1
0
1
0
1
3
0
0
2
1
2
0
2
0
2
1
1
2
0
1
0
0
2
0
1
1
0
0
1
0
2
0
2
1
1
1
1
0
2
0
1
1
0
1
1
2
0
2
1
2
0
1
2
2
1
1
0
0
0
1
2
3
1
2
2
3
1
3
1
0
1
3
0
0
2
0
1
3
0
3
1
0
2
0
0
1
1
0
0
1
1
0
0
0
1
1
0
1
1
2
2
2
0
1
1
0
0
0
2
1
0
1
5
1
0
0
0
2
0
0
0
3
1
1
0
1
3
0
1
1
1
2
1
0
0
2
0
2
1
0
0
1
0
0
2
0
1
1
0
3
1
1
0
0
0
0
2
1
0
0
0
0
1
0
1
0
1
3
0
0
2
0
0
1
1
0
1
2
0
0
0
1
1
0
0
1
0
1
1
0
0
1
0
1
1
1
0
1
0
1
0
0
1
0
1
1
0
1
0
0
0
0
0
1
2
1
0
0
0
0
0
1
0
1
1
0
2
1
2
1
1
2
1
2
0
0
0
1
1
0
0
1
1
1
0
1
0
1
1
1
0
2
1
0
0
0
0
2
0
1
2
0
0
2
1
1
0
1
2
0
0
0
0
0
0
2
0
1
1
0
0
1
1
0
0
0
1
2
1
0
0
0
0
1
1
2
0
1
3
1
0
0
0
1
2
0
0
0
0
0
1
0
0
2
0
1
0
1
2
0
0
1
1
0
2
0
0
0
0
1
2
0
0
1
1
1
1
0
1
0
0
1
0
2
1
0
1
0
0
1
0
0
1
0
0
0
1
0
0
0
0
1
0
0
1
0
0
1
0
0
0
0
0
1
1
0
1
0
0
3
1
0
0
1
1
0
1
0
0
0
2
2
1
0
1
0
0
1
1
0
2
2
0
0
0
1
0
2
0
0
0
1
1
0
0
2
0
0
0
2
0
0
0
1
0
2
0
0
0
0
0
0
0
0
0
1
0
0
1
0
1
1
0
0
1
0
1
1
0
0
0
0
1
0
0
1
0
2
0
0
0
0
0
1
0
0
0
2
0
0
0
0
0
1
0
0
0
0
0
0
2
1
0
0
1
0
0
1
1
0
1
0
1
0
0
0
3
1
0
0
1
1
0
0
1
0
0
1
3
0
0
0
0
0
0
1
0
0
0
0
1
0
0
2
1
0
1
0
1
2
2
1
1
0
0
2
1
1
0
0
0
3
0
1
1
1
2
0
1
0
0
0
0
1
0
0
0
1
1
0
0
0
0
0
0
0
1
0
0
1
1
0
0
0
1
0
0
0
2
1
0
0
0
0
0
0
0
0
1
0
0
0
0
0
0
0
0
0
0
0
0
0
0
0
1
0
0
0
2
2
0
0
0
1
0
0
1
0
0
1
2
0
0
0
0
0
1
0
1
0
1
1
0
0
0
0
0
1
0
1
0
0
1
0
0
0
2
1
0
0
2
0
0
1
0
0
0
0
0
0
0
0
0
0
0
0
0
0
0
0
0
1
1
0
0
1
0
0
0
0
0
2
0
1
0
0
0
0
0
0
1
1
0
0
0
1
0
1
1
0
0
0
0
1
0
0
0
0
0
0
0
1
0
0
0
1
1
0
0
0
0
0
0
2
0
0
0
0
0
0
0
0
1
0
1
0
0
0
1
0
0
1
0
0
0
0
0
2
0
0
0
1
0
1
0
0
1
0
0
0
0
1
2
0
0
1
0
0
0
0
1
0
0
0
2
0
0
1
0
1
0
0
0
1
1
0
0
0
0
0
1
0
0
1
1
0
0
0
0
1
1
0
0
0
0
0
0
0
0
0
0
1
1
0
0
0
4
0
0
2
0
0
0
0
1
0
0
0
0
0
0
0
0
0
1
0
0
0
0
0
0
0
0
1
1
1
0
0
0
0
0
0
0
0
0
0
0
0
0
0
1
0
0
0
0
0
0
0
0
1
0
0
0
0
0
0
0
0
2
0
0
0
0
0
0
0
0
0
1
0
1
0
1
0
1
0
0
0
0
1
0
1
0
0
1
0
0
0
0
1
0
0
0
0
1
0
0
1
0
0
1
0
0
0
0
0
1
1
0
0
0
0
0
0
0
0
0
0
0
2
0
0
0
0
0
0
0
0
0
0
0
2
0
0
1
0
1
0
0
0
0
1
0
0
1
0
0
0
0
0
0
0
0
0
0
0
0
1
0
1
0
1
0
0
0
0
0
0
0
0
0
0
0
0
0
0
0
0
0
0
0
0
0
1
0
0
0
0
0
0
0
0
1
1
0
0
0
0
0
1
0
0
1
0
0
0
0
0
0
1
1
0
0
0
0
2
0
1
0
0
0
0
0
0
1
2
0
0
0
0
0
0
0
1
0
0
2
0
0
0
0
1
0
1
0
0
1
0
0
0
0
1
1
0
0
0
0
1
0
0
0
0
0
0
0
0
0
0
1
0
0
0
0
0
1
0
0
0
0
2
0
0
0
0
0
0
0
0
0
0
0
0
0
1
0
0
0
1
0
0
0
0
0
0
0
0
0
0
1
1
0
1
0
0
0
0
0
0
0
0
0
0
0
1
0
0
0
0
0
0
0
0
0
1
0
0
0
0
0
0
0
0
0
0
0
0
0
0
0
0
0
1
0
0
0
1
0
0
1
0
0
2
0
0
0
0
0
0
0
0
0
0
0
1
1
0
0
1
0
0
0
0
0
0
0
0
0
0
0
0
0
0
0
0
0
0
0
0
0
1
0
0
2
0
1
0
0
0
0
0
0
0
1
0
0
0
0
0
1
0
0
0
0
0
1
0
0
0
0
0
0
0
0
0
0
0
0
0
0
0
0
0
0
0
0
0
0
0
0
0
0
1
0
0
0
0
0
0
0
0
0
0
0
0
0
0
0
0
0
0
0
0
1
0
0
0
0
0
0
0
0
1
0
0
0
0
1
0
0
0
0
0
0
0
0
0
0
0
0
0
0
0
0
0
0
0
0
1
1
0
0
0
0
0
1
0
0
0
0
0
0
0
0
0
0
0
0
0
0
0
0
0
0
0
1
0
0
0
0
0
0
0
0
0
0
0
0
0
1
0
0
0
0
0
0
0
0
0
0
0
0
0
0
0
0
0
0
0
0
0
1
0
0
0
0
0
0
0
1
0
0
0
0
0
0
0
1
1
0
0
0
0
0
0
0
0
0
0
0
0
0
0
0
0
0
0
0
0
1
0
0
0
0
0
0
0
0
0
0
0
0
1
0
0
0
1
0
0
0
0
0
0
0
0
0
0
0
0
0
0
0
0
0
0
0
0
0
0
0
0
0
0
0
0
0
0
0
0
0
0
0
0
0
0
0
0
0
0
0
0
0
0
1
0
0
0
0
0
0
0
0
0
0
0
0
0
0
0
0
0
0
1
0
0
0
0
0
0
0
0
0
0
0
0
0
0
0
0
0
0
0
0
0
0
0
0
0
0
0
1
1
0
0
0
0
0
0
0
0
0
0
0
0
0
1
0
0
1
0
0
0
0
0
0
0
0
0
0
0
0
0
0
0
0
0
0
0
0
0
0
0
0
0
0
0
0
0
0
0
0
0
0
0
0
0
0
0
0
0
0
0
0
0
0
0
0
0
0
0
0
0
0
0
0
0
0
0
0
0
0
0
0
0
0
0
0
0
0
1
0
0
0
0
0
0
0
0
0
0
0
0
0
0
0
0
0
0
0
0
0
0
0
1
0
0
0
0
0
0
0
0
0
0
0
0
0
0
0
0
0
0
0
0
0
0
0
0
0
0
0
0
0
0
0
0
0
0
0
0
0
0
0
0
0
0
0
0
0
0
0
0
0
0
0
0
0
0
0
0
0
0
0
0
0
0
1
0
0
0
0
0
0
0
0
0
0
0
0
0
0
0
0
0
0
0
0
0
0
1
0
0
0
0
0
0
0
0
0
0
0
0
0
0
0
0
0
0
0
2
0
0
0
0
0
0
0
0
0
0
0
0
0
0
0
0
0
1
1
0
0
0
0
0
0
0
0
0
0
0
0
0
0
0
0
0
0
0
0
0
0
0
0
0
0
0
0
0
0
0
0
0
0
0
0
1
0
0
0
0
0
0
0
0
0
0
0
0
0
0
0
1
0
0
0
0
0
0
0
0
0
0
0
0
0
0
0
0
0
0
0
0
0
0
0
0
0
0
0
1
0
0
0
0
0
0
0
0
0
0
0
0
0
0
0
0
0
0
0
0
0
0
0
0
0
0
0
0
0
0
0
0
1
0
0
0
0
0
0
0
0
0
0
0
0
0
0
0
1
0
0
0
0
0
0
0
0
0
0
0
0
0
0
0
0
0
0
0
0
0
0
0
0
0
0
0
0
0
0
0
0
0
1
0
0
0
0
0
0
0
0
0
0
0
0
0
0
0
0
0
0
0
0
0
0
0
0
0
0
0
0
0
0
0
0
0
0
0
0
0
0
0
0
0
0
0
0
1
0
1
0
1
0
0
0
0
0
0
0
0
0
0
0
0
0
0
0
0
0
0
0
0
0
0
0
0
0
0
0
0
0
0
0
0
0
0
1
0
0
1
0
0
0
0
0
0
0
0
0
0
0
0
0
0
0
0
0
0
0
0
0
0
0
0
0
0
0
0
0
0
0
0
0
0
0
0
0
0
0
0
0
0
0
0
0
0
0
0
0
0
0
0
0
0
0
0
0
0
0
0
0
0
0
0
0
0
0
0
0
0
0
0
0
1
0
0
0
0
0
0
0
0
0
0
0
0
0
0
1
0
0
0
0
0
0
0
0
0
0
0
0
0
0
0
0
0
0
0
0
0
0
0
0
0
0
0
0
1
0
0
0
0
0
0
1
0
0
0
0
0
0
0
0
0
0
0
0
0
0
0
0
0
0
0
0
0
1
0
0
0
0
0
0
0
0
0
0
0
0
0
0
0
0
0
0
0
0
0
0
0
0
0
0
0
0
0
0
0
0
0
0
0
0
0
0
0
0
0
0
0
0
0
0
0
0
0
0
0
0
0
0
0
0
0
0
0
0
0
0
0
0
0
0
0
0
0
0
0
0
0
0
0
0
0
0
0
0
0
0
0
0
0
0
0
0
1
0
0
0
0
0
0
0
0
0
0
0
0
0
0
0
0
0
0
0
0
0
0
0
0
0
0
0
0
0
0
0
0
0
0
0
0
0
0
0
0
0
0
0
0
0
0
0
0
0
0
0
0
0
0
0
0
0
0
0
0
0
0
0
0
0
0
0
0
0
0
0
0
0
0
0
0
0
0
0
0
0
1
0
0
0
0
0
0
0
0
0
0
0
0
0
0
0
0
0
0
0
0
0
0
0
0
0
0
0
0
0
0
0
0
0
0
1
0
0
0
0
0
0
0
0
0
0
0
0
0
0
0
0
0
0
0
0
0
0
0
0
0
0
0
0
0
0
0
0
0
0
0
