13
12
10
21
13
15
18
19
16
16
14
20
18
16
28
30
19
31
26
21
44
58
80
126
171
184
263
327
386
440
559
560
692
828
889
1044
1228
1451
1700
1919
2201
2614
3020
3814
4635
5825
7111
8805
10743
13139
15025
17099
19272
21192
23501
24800
26542
28723
29891
31883
33932
36052
38106
40059
42695
44382
47209
48828
50126
51224
51981
52516
52557
52992
52788
52669
52912
53175
52546
52654
52067
52208
51626
52171
51265
51314
51041
50876
50339
50169
49869
49525
49025
48933
48287
48662
48804
47531
47577
47163
47013
46309
45839
45565
45237
45177
44842
44151
44311
44023
43675
43398
43061
43307
42533
42525
42282
42275
42002
41875
41308
41508
40937
41247
40927
40720
40675
40183
39948
40367
39835
39994
39558
39256
38806
39102
38821
38947
38752
38496
38449
38299
38262
38002
37910
37799
37308
37493
37531
36952
36977
36870
36382
36209
36362
35950
36176
35524
35103
35676
34787
34519
34570
34188
34211
33792
33386
33334
32822
32421
31955
31834
31935
31326
31001
30961
30579
30175
30026
29712
29500
29418
28870
28854
28664
28349
28108
28125
27681
27641
27203
27408
27175
26429
26614
26124
26490
25533
25677
25380
25361
25087
24838
24668
24371
23935
24419
23770
23560
23485
23288
23244
23135
22875
22538
22422
22314
22390
22355
21857
21669
21499
21542
21398
20998
21130
20901
20832
20847
20859
20354
20216
20210
19840
20004
19649
19715
19458
19379
19045
19009
18860
18466
18462
18296
18331
17850
17882
17475
17444
17463
17092
17043
16755
16786
16631
16284
16386
16038
16027
15903
16138
16138
15897
15948
15440
15447
15539
15326
14959
14911
14907
14921
14809
14732
14664
14560
14333
14312
14462
14079
13965
13890
14009
13835
13671
13738
13661
13606
13451
13554
13310
13381
13287
12958
13082
12968
13130
12781
12839
12488
12498
12354
12622
12261
12226
12114
12167
11985
11799
11739
11553
11694
11619
11588
11385
11433
11149
10992
10797
10786
10591
10710
10564
10478
10242
10505
10235
10007
9868
9921
9766
9569
9662
9653
9601
9388
9233
9246
8946
8991
8992
8896
8803
8665
8766
8703
8446
8539
8454
8218
8295
8179
8253
8104
7997
8007
8036
7832
7922
7900
7785
7772
7734
7651
7594
7564
7520
7531
7504
7435
7248
7263
7228
7248
7139
7235
7136
7188
7056
7030
6959
6905
6893
6906
6779
6732
6733
6679
6731
6652
6449
6536
6500
6461
6488
6360
6308
6455
6249
6075
6269
6124
6099
6081
5909
6068
5733
5789
5783
5665
5642
5541
5539
5515
5459
5427
5536
5307
5284
5209
5276
5102
5134
5107
4984
5061
4900
5105
4998
4942
4839
4762
4820
4835
4781
4782
4600
4695
4596
4786
4505
4636
4478
4610
4485
4448
4446
4390
4464
4279
4512
4398
4205
4377
4325
4393
4391
4328
4145
4289
4293
4298
4233
4295
4119
4127
4270
4170
4097
4007
4110
4091
3984
4046
4034
4071
3913
4004
3902
3856
3898
3820
3794
3666
3792
3808
3817
3627
3738
3670
3605
3606
3553
3572
3486
3535
3572
3494
3470
3473
3311
3387
3274
3288
3315
3204
3192
3349
3305
3198
3104
3173
3207
3152
3062
3051
3090
3124
3160
3025
3048
3093
2990
3080
3078
3114
3012
3003
2931
3047
2932
2979
3078
3015
3037
3019
2886
2945
2925
2938
2908
2928
2924
2959
2929
2854
2947
2788
2875
2886
2905
2889
2927
2749
2764
2903
2788
2763
2794
2769
2811
2739
2724
2715
2735
2773
2698
2772
2694
2659
2708
2607
2563
2577
2588
2538
2602
2450
2578
2473
2442
2433
2523
2387
2465
2358
2432
2454
2462
2434
2410
2379
2367
2349
2332
2316
2292
2434
2337
2265
2305
2238
2255
2295
2272
2234
2242
2278
2195
2246
2333
2203
2285
2307
2240
2230
2204
2307
2260
2245
2289
2300
2238
2261
2237
2391
2235
2310
2290
2275
2285
2256
2287
2257
2241
2280
2222
2164
2275
2203
2313
2243
2173
2189
2162
2228
2251
2214
2247
2247
2181
2224
2180
2180
2078
2237
2094
2195
2101
2030
1980
2098
2118
1998
2144
2070
2074
2102
2052
2076
2048
2012
1968
2049
1917
1998
1996
2023
2004
1964
1973
1996
1963
2014
2056
1953
2026
2034
1935
1912
1918
1883
1998
1982
1967
2053
1959
1941
1943
1955
2087
2026
1993
1927
2004
1970
1987
2060
2025
2143
2012
2131
2012
2081
1991
2069
2105
2080
2088
2105
2032
2129
2061
2070
2018
2053
1983
2008
1940
1955
1995
1919
2075
1954
2015
1933
1951
2064
2066
2009
1940
1988
1976
1953
1934
1905
1944
1884
1883
1928
1918
1892
1935
1887
1890
1887
1913
1894
1781
1839
1929
1822
1894
1855
1881
1926
1844
1929
1874
1818
1988
1877
1802
2016
1947
1936
1920
1848
1858
1928
1846
1909
1936
1924
1930
1894
1898
1965
1992
1923
1950
1918
1999
1996
1952
1969
2023
1987
1937
1979
1993
2011
1923
2025
1967
1993
1960
1964
2024
2059
2007
2005
2014
2059
1979
2021
1867
2062
1977
1929
1949
2042
1942
1988
2005
1990
2014
1973
1943
1929
2000
1912
1907
1968
1929
1937
2004
1901
1899
1886
1978
1892
1893
1912
1928
1876
1869
1880
1942
1901
1842
1858
1935
1949
1859
1937
1832
1920
2003
1882
1879
1874
1962
1949
1852
1895
1885
1970
1986
1936
1934
1997
1993
2024
1990
1962
2009
2009
2047
1992
2070
2034
2052
2014
2005
2044
1991
2048
2066
2109
1987
2060
2070
2038
2050
2120
2113
2135
2070
2090
2039
1988
2081
2032
2136
1957
2044
1984
2060
2046
2064
2010
1933
2107
2023
1971
2015
1960
2000
1904
1977
1965
1903
1959
2044
2013
1986
1972
1936
1943
2037
2002
1987
1998
1970
2002
1917
1916
1999
1944
1934
1937
1974
1970
2019
1998
2040
1972
1961
2074
2032
1968
1989
2012
2050
2107
2069
2007
2025
1969
2104
1995
2081
2131
2061
2243
1986
2167
2116
2047
2180
2071
2201
2126
2155
2104
2117
2180
2117
2059
2143
2069
2229
2126
2090
2060
2138
2107
2183
2112
2116
2055
2132
2083
2157
2109
2126
2076
2083
2110
2087
2106
2087
2088
2126
2059
2086
2091
2047
2010
2099
2024
2034
2062
2031
2082
2048
2072
2052
2085
2007
2060
2053
2075
2071
2095
2057
2077
2136
2062
2082
2085
2038
2154
2065
2186
2101
2074
2148
2110
2142
2157
2167
2181
2217
2098
2143
2118
2206
2213
2130
2233
2147
2097
2168
2158
2208
2206
2256
2189
2168
2276
2177
2177
2269
2244
2229
2180
2267
2205
2210
2205
2165
2204
2169
2125
2221
2249
2177
2243
2146
2138
2230
2127
2184
2205
2125
2046
2118
2133
2126
2143
2082
2196
2115
2119
2097
2102
2126
2103
2107
2127
2107
2182
2151
2149
2094
2102
2131
2222
2174
2030
2206
2128
2167
2200
2142
2134
2189
2212
2181
2211
2160
2042
2172
2188
2198
2188
2206
2197
2239
2180
2289
2267
2243
2259
2265
2247
2218
2281
2204
2220
2249
2227
2214
2210
2191
2229
2206
2203
2180
2234
2239
2313
2181
2259
2207
2158
2184
2227
2206
2185
2292
2134
2202
2108
2219
2169
2214
2193
2184
2163
2074
2157
2126
2150
2221
2140
2185
2220
2081
2194
2166
2165
2206
2196
2161
2180
2207
2128
2103
2133
2192
2179
2204
2192
2258
2125
2124
2204
2255
2185
2104
2164
2152
2260
2237
2328
2185
2230
2238
2257
2150
2242
2196
2245
2218
2245
2176
2165
2303
2136
2236
2273
2203
2268
2273
2348
2254
2276
2227
2247
2229
2268
2163
2292
2147
2287
2142
2274
2254
2260
2239
2226
2222
2297
2184
2270
2259
2269
2252
2176
2222
2160
2191
2178
2194
2154
2186
2193
2118
2133
2225
2216
2217
2118
2243
2225
2170
2124
2110
2184
2265
2122
2176
2216
2155
2196
2190
2203
2113
2185
2192
2377
2272
2158
2165
2206
2211
2153
2156
2132
2202
2185
2222
2167
2316
2182
2186
2214
2153
2178
2171
2233
2301
2262
2229
2251
2242
2276
2144
2261
2196
2166
2247
2169
2188
2240
2139
2235
2244
2164
2263
2238
2293
2202
2272
2083
2307
2182
2273
2210
2193
2201
2140
2207
2217
2152
2154
2275
2158
2164
2113
2202
2166
2261
2112
2156
2193
2163
2100
2147
2168
2096
2159
2091
2135
2091
2179
2205
2200
2173
2084
2189
2121
2224
2139
2100
2178
2151
2107
2165
2187
2158
2202
2182
2108
2073
2245
2215
2257
2071
2197
2217
2197
2145
2111
2271
2215
2287
2149
2160
2172
2105
2135
2185
2137
2194
2192
2147
2175
2153
2159
2147
2091
2097
2158
2082
2160
2121
2201
2148
2059
2101
2074
2151
2116
2139
2064
2085
2092
2083
2077
2117
2120
2143
2014
2070
2174
2108
2191
2058
2116
2067
2046
2094
2054
2052
2069
2126
2036
2067
2067
2097
2106
2031
2065
2029
2071
2082
2101
2063
2113
2009
2040
2115
2066
2015
2022
2073
2099
2032
2097
2044
2038
2148
2118
2155
2062
2051
2053
2085
1985
2060
1988
2107
2092
2068
2102
2071
2057
2104
2081
2038
1963
2025
2021
2083
1995
2115
2175
2108
2024
1916
2131
2045
2027
2121
2024
2028
1988
2025
1917
2082
1932
1963
2022
1979
1995
1908
2040
2002
1941
2038
2006
1908
2048
1934
1934
1960
1951
2007
1978
1956
1923
1912
1972
1948
1984
1906
1944
1867
1981
1978
1939
1928
2037
1963
1888
1973
1952
1962
1889
1910
1935
1916
1995
1944
1945
1983
1921
1898
2007
1919
1982
1959
1954
1921
1875
2016
1915
1953
1920
1970
1902
1956
1958
1971
1901
1848
1955
1927
1885
1936
1948
1974
1975
1957
1873
1944
1934
1916
1828
1951
1942
1877
1894
1880
1870
1856
1859
1923
1807
1828
1819
1816
1950
1789
1879
1926
1841
1850
1826
1845
1799
1827
1855
1827
1840
1859
1791
1815
1791
1817
1813
1869
1782
1824
1838
1812
1846
1848
1918
1771
1761
1820
1780
1894
1726
1809
1798
1811
1800
1743
1781
1848
1744
1762
1814
1809
1812
1830
1718
1801
1809
1778
1819
1839
1782
1834
1726
1784
1781
1776
1790
1760
1804
1804
1720
1734
1745
1740
1682
1726
1749
1875
1713
1754
1765
1752
1786
1762
1747
1724
1739
1695
1702
1714
1654
1736
1714
1679
1699
1747
1651
1723
1726
1678
1702
1705
1760
1617
1687
1667
1718
1769
1689
1657
1611
1682
1626
1712
1644
1650
1598
1676
1699
1633
1677
1686
1648
1672
1678
1705
1671
1617
1653
1748
1661
1613
1638
1594
1596
1633
1605
1622
1659
1660
1614
1586
1692
1622
1575
1629
1598
1628
1613
1586
1679
1542
1683
1697
1534
1585
1615
1563
1569
1578
1631
1653
1571
1568
1561
1573
1531
1593
1509
1577
1542
1549
1583
1587
1551
1574
1565
1571
1510
1540
1486
1517
1472
1570
1508
1500
1513
1557
1569
1479
1512
1566
1486
1498
1534
1475
1525
1574
1470
1520
1462
1479
1524
1486
1490
1509
1484
1474
1491
1562
1516
1406
1506
1460
1431
1476
1438
1408
1456
1485
1441
1456
1530
1468
1488
1501
1430
1482
1523
1496
1396
1444
1488
1418
1472
1460
1484
1423
1469
1508
1406
1479
1350
1455
1346
1399
1442
1461
1384
1390
1458
1392
1451
1386
1377
1417
1437
1333
1429
1394
1381
1407
1409
1422
1355
1325
1417
1371
1314
1371
1349
1417
1395
1442
1368
1395
1388
1398
1393
1347
1381
1316
1343
1360
1337
1421
1283
1345
1387
1373
1325
1366
1310
1339
1372
1299
1341
1359
1335
1311
1335
1316
1303
1247
1293
1314
1347
1297
1334
1343
1336
1274
1316
1311
1324
1325
1368
1269
1329
1354
1310
1298
1333
1275
1304
1356
1273
1323
1308
1285
1219
1172
1307
1254
1287
1258
1270
1215
1207
1238
1304
1241
1218
1222
1221
1202
1227
1215
1212
1292
1269
1206
1197
1191
1169
1242
1187
1182
1183
1220
1246
1231
1220
1286
1202
1255
1200
1211
1217
1182
1225
1218
1183
1217
1208
1195
1183
1120
1223
1164
1241
1185
1184
1199
1210
1159
1141
1210
1208
1166
1121
1164
1124
1143
1159
1180
1179
1250
1142
1137
1091
1152
1085
1179
1184
1135
1122
1156
1086
1086
1098
1100
1149
1058
1163
1221
1185
1072
1124
1159
1013
1098
1102
1115
1174
1137
1049
1058
1137
1131
1110
1092
1116
1085
1082
1073
1099
1039
1060
1118
1033
1021
1078
1063
1049
1105
1065
1079
1081
1051
1090
1047
1091
996
1051
1104
1049
1022
1028
1041
1100
1070
1046
1045
1074
1005
1061
1050
1015
1045
962
957
1000
1038
1028
988
1070
997
1034
1011
997
994
1016
991
987
1008
994
996
1039
1012
966
1000
1033
972
934
949
1017
1019
960
965
1003
962
1003
1029
962
959
927
936
974
951
1007
932
909
954
948
903
945
922
988
901
986
904
943
892
918
961
953
922
907
909
921
942
929
915
899
962
980
891
903
924
870
951
971
923
904
884
905
921
900
896
924
907
860
876
875
876
897
887
883
949
858
923
929
872
866
900
905
860
888
895
838
836
907
865
848
860
906
876
878
854
805
854
864
847
826
860
846
847
859
791
806
818
834
832
790
846
891
811
850
829
847
918
825
831
808
825
772
810
802
831
839
794
799
819
816
792
765
853
831
819
814
819
775
785
860
798
790
759
811
780
818
800
797
747
818
821
788
763
778
780
729
806
769
845
765
810
767
784
824
767
757
804
753
761
717
762
790
775
770
767
742
736
734
735
747
706
694
706
789
793
719
703
736
704
736
703
686
695
730
781
753
729
742
720
697
729
698
700
682
717
781
753
699
735
710
676
738
720
669
741
674
713
706
692
712
686
717
703
732
697
698
715
661
656
687
632
701
670
648
696
730
663
676
678
673
687
702
621
658
683
678
652
688
663
685
647
720
666
703
667
667
631
673
686
651
643
662
690
645
654
657
691
649
617
665
608
661
676
660
649
654
665
627
639
647
628
637
620
621
620
625
634
640
631
630
639
619
624
638
638
641
606
644
562
607
611
667
653
603
603
602
578
553
619
686
626
582
620
637
621
573
604
639
591
624
582
611
563
590
636
610
625
613
566
580
589
558
538
577
589
594
538
585
570
579
595
611
574
600
565
567
563
612
526
561
578
606
602
545
554
629
562
571
561
582
584
560
571
609
592
579
546
586
562
543
526
567
619
568
519
560
540
517
503
534
546
544
561
565
537
572
543
531
569
532
554
542
530
540
520
568
504
561
559
496
493
533
528
520
499
535
502
511
557
573
529
563
578
508
511
553
485
508
515
518
532
550
526
508
519
475
457
508
516
480
465
517
533
491
497
514
506
516
531
473
477
523
473
502
510
488
506
486
512
497
502
464
490
534
433
456
446
481
476
495
492
494
494
564
449
518
470
458
516
475
474
434
476
457
490
482
475
478
474
497
473
473
456
473
475
469
459
487
494
459
472
501
455
453
477
462
454
462
431
458
449
437
467
428
440
452
420
462
454
465
445
440
484
488
468
466
422
451
406
452
451
461
460
491
477
431
465
406
490
437
436
449
416
498
420
424
469
441
433
452
384
401
419
414
431
471
462
442
438
452
453
458
434
404
415
400
437
444
405
436
413
403
398
434
418
457
441
430
412
415
433
436
437
426
412
411
414
420
425
399
426
399
451
430
445
426
396
422
417
408
411
401
435
437
425
446
412
404
403
399
391
419
447
383
382
377
400
396
444
423
387
420
418
381
369
380
382
392
376
389
375
393
376
382
399
393
402
415
400
380
395
400
435
387
390
416
420
390
395
372
388
387
413
353
406
373
348
399
352
401
399
382
401
383
392
389
382
409
390
388
394
410
358
382
368
382
388
371
376
425
376
401
384
347
390
405
370
372
399
377
430
375
410
359
391
389
400
391
375
366
409
356
350
372
389
390
364
357
362
376
362
407
388
384
380
369
358
327
376
337
350
403
326
371
367
355
366
372
410
370
330
343
373
373
357
387
354
364
406
398
367
373
388
356
341
349
364
346
346
358
360
326
355
372
364
327
358
379
374
378
364
361
343
361
344
345
389
369
334
369
347
335
346
363
335
378
354
358
344
396
330
384
342
333
349
347
333
389
352
354
332
372
347
342
344
386
343
378
352
339
368
359
366
374
328
323
379
313
331
384
338
322
328
359
338
317
346
324
372
340
324
344
345
341
371
346
352
321
328
338
369
308
302
342
340
346
320
348
342
362
336
404
337
322
337
357
367
357
334
340
353
310
315
332
330
351
340
308
410
311
326
342
336
332
323
349
339
312
334
304
295
336
343
327
323
341
333
331
355
323
339
332
330
352
305
309
317
331
292
327
316
318
333
322
327
359
347
335
323
329
298
335
302
349
355
311
341
316
297
321
350
319
322
340
316
336
328
323
323
359
325
342
340
303
296
346
313
333
328
308
310
349
360
336
302
327
295
309
328
319
318
323
293
321
333
342
340
315
339
342
284
328
323
309
322
324
302
334
320
352
294
341
331
339
295
320
315
302
306
322
310
305
327
342
344
324
334
324
301
312
297
326
303
338
326
302
319
342
319
325
310
311
339
313
305
322
305
320
361
312
299
321
307
315
320
320
310
328
311
317
348
326
274
303
341
312
342
299
307
286
310
345
321
325
308
340
326
338
319
281
309
301
295
295
313
295
332
283
300
322
304
333
279
294
297
311
300
305
335
303
297
345
290
301
333
278
326
302
306
310
321
319
334
271
336
283
296
295
332
327
307
307
290
300
301
317
319
324
305
310
297
295
320
295
320
316
324
285
308
306
300
329
318
317
319
317
291
298
287
296
311
326
323
284
304
292
296
315
311
269
308
325
324
325
311
301
317
318
335
289
288
305
316
331
270
308
323
327
309
328
265
281
268
298
280
306
300
281
311
299
330
321
281
288
301
320
299
286
345
304
309
275
280
313
310
321
278
317
311
304
295
302
309
306
299
298
346
293
280
305
334
315
299
271
275
294
321
293
323
313
331
290
314
273
281
281
286
315
312
312
278
314
300
295
286
279
295
297
315
332
293
298
301
292
311
329
298
250
340
306
275
309
310
312
284
278
309
304
293
296
270
298
298
297
299
272
291
274
299
300
289
290
288
303
300
339
274
290
309
289
313
304
275
295
277
290
316
255
295
315
297
294
310
274
286
302
323
271
300
303
307
280
290
307
310
280
287
296
311
302
292
316
327
326
313
266
313
282
308
294
267
336
316
282
287
293
284
301
318
317
279
306
293
292
332
287
291
266
301
287
324
298
287
309
312
269
283
297
286
308
305
317
335
311
303
295
311
298
303
307
322
314
296
318
308
304
311
293
303
293
316
308
318
303
288
297
317
320
287
307
313
312
255
285
281
298
334
305
300
298
320
282
324
277
316
321
317
258
273
288
247
303
286
299
322
296
293
315
294
285
287
315
312
288
283
274
267
318
298
280
300
289
343
355
302
311
327
280
326
311
329
335
306
298
286
282
309
297
328
339
305
314
315
307
302
297
299
308
312
297
304
295
282
315
313
317
289
309
350
295
311
278
313
298
321
259
326
295
316
320
299
290
311
291
310
311
327
312
327
306
276
285
299
305
292
310
340
291
314
317
321
297
289
285
255
261
296
296
292
279
275
315
307
308
304
295
298
296
287
273
310
302
277
270
301
294
304
322
286
316
301
273
277
316
315
309
296
298
310
302
309
317
304
371
294
309
334
302
269
301
308
265
316
302
303
298
309
310
310
311
335
307
278
320
305
293
290
300
328
292
288
285
311
288
320
293
288
328
285
283
271
296
306
303
292
293
311
292
314
324
311
323
279
298
306
316
307
299
269
309
280
259
303
309
315
305
283
296
256
293
352
293
313
327
295
302
315
343
290
289
321
297
315
311
321
307
307
302
280
289
304
298
297
324
289
315
286
286
282
282
260
249
310
300
280
325
296
274
314
292
320
313
279
312
302
275
287
276
298
273
263
289
310
294
332
310
307
290
343
318
292
323
346
315
289
264
292
319
288
296
315
305
292
293
295
300
292
315
299
307
296
297
295
337
283
277
316
293
302
322
306
288
312
279
287
323
303
282
302
291
285
287
298
296
310
284
310
278
297
304
321
273
303
280
281
281
317
294
293
297
332
280
321
299
261
256
316
331
324
327
314
329
267
321
316
307
334
288
320
296
283
300
269
294
286
286
285
278
307
285
288
321
295
335
299
283
326
295
329
284
273
288
311
298
313
270
278
307
319
305
300
278
316
314
300
290
320
287
308
316
269
299
284
301
273
289
277
294
281
315
303
302
299
272
282
322
287
282
296
312
293
282
290
264
342
309
278
275
280
278
315
292
320
294
287
297
274
282
325
302
283
294
309
310
297
272
317
322
297
284
308
317
313
285
303
293
305
280
292
295
266
264
332
276
296
298
285
296
308
278
318
280
305
295
320
326
263
317
286
266
320
280
279
276
256
291
310
282
270
282
289
265
325
274
284
295
275
285
293
304
287
286
282
293
270
324
285
309
266
255
301
279
306
257
291
293
273
301
314
280
313
316
299
297
283
283
309
311
325
289
327
289
277
322
292
237
291
313
284
305
275
253
295
296
314
258
293
301
295
297
308
280
296
250
312
328
305
292
284
299
315
272
287
289
315
291
264
275
304
280
286
274
320
288
277
335
261
252
305
305
285
259
301
249
277
257
294
302
293
259
287
275
310
268
273
309
264
269
290
245
271
276
278
286
292
264
289
282
281
300
288
298
262
320
265
272
281
313
277
298
295
277
282
302
297
298
263
293
277
292
274
315
307
300
339
306
264
285
282
291
279
292
310
287
263
276
272
286
297
269
271
309
282
299
251
278
272
279
270
293
313
315
292
275
299
305
261
282
288
284
287
273
251
292
292
288
301
277
308
291
301
279
284
294
277
279
276
271
291
281
286
298
286
271
282
271
274
286
292
273
284
285
280
272
284
287
263
269
244
290
295
281
279
259
282
258
280
279
269
298
280
260
278
302
281
275
276
287
250
300
271
288
255
268
294
272
282
281
294
286
277
273
298
314
279
276
252
298
262
276
276
264
254
307
279
306
286
290
305
299
277
278
274
303
294
266
277
253
255
274
248
256
289
250
281
299
283
253
295
283
278
263
266
296
258
254
285
272
252
234
301
292
275
285
279
292
243
256
257
258
268
281
286
257
252
281
281
273
261
264
257
256
257
274
290
288
244
288
257
251
272
279
284
244
273
265
298
252
268
256
295
278
290
263
278
234
264
243
270
255
284
266
267
273
265
258
262
280
290
271
256
271
278
262
265
276
251
260
276
263
284
301
292
283
265
247
267
276
261
258
280
246
262
279
266
309
262
234
264
297
291
245
262
278
255
260
263
252
281
283
235
290
264
280
254
270
275
279
252
254
249
249
259
261
291
272
269
273
272
256
272
295
284
270
262
233
283
248
283
261
256
270
262
254
238
230
276
255
279
288
259
250
258
283
242
228
254
269
244
250
249
270
263
263
268
276
266
272
256
246
273
252
259
245
256
269
235
279
251
244
241
272
253
268
288
254
250
237
248
267
255
265
264
288
260
240
260
238
283
211
258
263
234
272
255
267
234
246
242
268
242
243
227
269
262
272
249
267
264
256
292
261
278
281
257
257
270
240
279
238
263
261
221
245
247
269
273
247
247
248
274
261
255
253
247
250
253
273
248
278
225
266
236
269
237
260
218
216
278
266
258
292
237
243
248
235
263
275
238
253
248
239
251
237
267
264
229
254
230
234
221
254
218
246
279
249
232
293
247
280
257
272
273
247
243
225
246
267
239
229
231
236
250
246
253
236
234
246
231
246
258
236
272
246
229
243
208
229
256
221
253
222
251
251
269
232
251
242
244
258
248
233
233
221
238
240
247
249
232
278
251
249
247
250
225
236
262
229
269
225
239
235
269
261
245
237
247
221
271
213
236
240
258
226
258
227
235
234
228
219
245
235
242
228
229
227
226
235
228
259
241
256
230
226
218
222
233
258
232
264
209
233
234
247
250
235
226
259
228
217
219
226
216
226
227
225
243
214
257
217
219
216
243
228
224
231
208
254
244
209
243
229
243
218
250
228
236
223
228
241
244
255
225
208
242
235
238
230
241
221
206
232
225
251
229
239
219
230
203
201
233
225
221
208
210
250
239
224
208
225
201
227
201
242
245
241
255
249
255
234
230
244
211
258
214
230
204
226
201
210
229
213
225
214
230
208
206
210
221
211
223
215
240
224
213
232
217
202
233
220
204
222
244
218
224
213
255
216
231
206
225
221
210
223
190
217
217
230
204
224
202
236
244
239
217
256
208
217
210
224
226
225
220
208
229
223
233
224
195
253
214
221
207
213
222
225
195
216
185
210
198
222
234
207
233
214
210
201
218
222
196
200
226
193
235
230
215
199
226
214
209
197
206
225
198
210
201
221
226
201
226
197
196
201
237
225
218
206
236
205
233
216
213
186
212
219
197
211
224
198
202
220
219
195
203
210
230
194
203
225
224
225
206
200
216
212
201
233
225
202
240
209
195
188
221
207
175
214
182
214
217
225
205
216
206
204
214
242
215
191
214
211
201
208
223
190
171
216
212
194
215
205
195
216
195
204
211
218
206
186
203
226
220
193
194
213
207
212
213
201
194
206
215
174
195
188
243
191
206
193
180
196
179
205
211
222
182
186
214
183
225
213
218
227
197
209
188
221
183
198
217
182
209
205
204
199
202
181
192
203
187
211
225
180
200
232
212
201
201
200
208
199
177
170
187
191
185
190
199
193
189
200
186
197
181
178
205
200
203
182
215
198
206
193
226
201
206
201
202
183
184
196
208
202
182
188
189
216
197
186
188
192
209
192
207
200
208
180
197
178
179
201
184
203
190
207
218
208
170
190
183
186
176
182
165
189
200
162
185
195
167
181
209
198
186
188
187
193
184
174
192
179
173
204
168
203
196
192
191
190
194
204
181
191
187
178
162
170
183
207
166
182
183
190
200
180
169
178
184
178
209
198
196
195
201
179
187
211
168
184
193
169
189
178
181
204
186
211
183
180
185
193
210
201
192
169
202
173
160
170
178
164
188
175
149
181
177
204
170
164
184
183
196
189
216
185
178
170
174
182
154
152
165
204
169
170
191
175
168
177
170
181
192
172
195
165
176
173
161
167
189
185
170
185
196
174
176
162
179
198
157
188
187
198
180
161
163
177
161
152
175
184
167
207
191
175
179
184
175
171
186
153
171
182
179
163
186
178
180
157
159
176
162
165
165
148
167
170
154
169
156
180
146
168
171
174
176
164
175
155
159
180
180
165
182
191
192
168
174
181
178
178
177
171
178
148
186
159
168
197
173
158
174
171
203
173
174
182
165
183
166
170
152
164
163
178
164
184
160
165
174
161
182
165
149
178
179
142
155
154
163
171
163
177
172
170
171
183
177
164
171
180
172
174
211
152
168
165
169
154
162
140
157
166
131
155
164
159
148
169
167
171
164
134
148
161
153
165
154
177
144
166
141
172
158
169
179
146
156
165
163
142
158
141
162
171
190
163
141
138
186
153
165
152
161
170
151
152
153
146
147
146
193
153
161
155
156
138
129
136
162
179
162
140
152
157
158
153
156
147
149
160
168
163
157
149
154
137
161
160
138
155
147
156
172
153
165
172
144
141
145
145
139
143
140
145
158
142
145
159
179
134
159
151
174
141
169
133
135
148
156
151
139
140
130
150
131
152
163
142
159
160
138
145
153
143
150
136
147
157
164
151
142
148
137
147
158
139
132
146
150
134
152
142
163
156
139
160
129
129
154
118
138
153
142
171
141
155
159
130
128
160
142
159
136
129
157
150
149
133
163
127
131
160
152
170
142
144
143
137
145
133
155
139
149
153
135
134
152
133
143
145
144
128
136
156
167
144
153
157
124
146
146
134
162
143
156
132
142
146
158
140
130
144
139
158
122
120
152
135
121
142
149
149
143
164
127
122
157
132
129
157
134
131
126
116
141
146
157
141
130
135
125
123
122
122
131
145
121
117
138
139
119
131
128
118
136
124
140
122
126
134
139
129
162
134
131
149
139
118
136
133
143
146
132
137
155
121
153
119
133
134
144
127
144
139
115
143
147
130
144
140
147
126
135
132
137
145
120
125
133
137
131
132
129
141
118
115
132
117
124
115
115
137
141
144
119
137
147
149
157
139
135
102
143
138
135
137
112
127
124
128
142
128
137
126
146
141
126
126
112
138
127
123
126
148
123
124
143
130
110
143
117
127
126
114
123
134
151
121
151
123
116
114
129
121
134
139
124
123
118
115
124
128
118
118
115
121
128
128
109
140
129
124
118
143
119
129
94
128
141
117
126
152
119
131
134
117
121
116
125
116
136
112
122
116
116
114
125
131
132
125
130
150
141
119
128
129
120
133
120
116
127
123
114
100
129
118
99
109
106
128
113
123
108
120
114
117
113
137
125
110
109
124
126
116
124
130
90
118
119
125
125
125
104
142
133
120
119
130
124
132
105
104
130
115
106
127
112
119
103
119
125
82
106
102
120
110
112
101
117
106
97
127
107
105
115
121
109
118
102
116
106
127
93
108
107
107
115
116
114
129
84
110
115
103
129
126
118
142
125
120
108
112
111
101
117
121
116
97
109
113
106
95
109
107
114
108
105
116
112
128
93
86
117
125
106
114
99
100
111
102
108
87
115
102
119
110
110
102
102
118
111
100
103
121
120
114
93
96
109
111
118
124
102
101
97
117
107
89
101
103
114
108
100
115
102
102
96
106
108
103
107
102
123
100
89
107
105
100
120
99
93
99
112
102
119
91
108
123
84
125
97
96
123
91
90
78
88
102
105
100
108
99
123
122
95
85
110
99
117
116
96
83
93
89
102
93
107
99
105
90
98
99
106
96
99
80
93
121
97
114
87
106
107
95
84
89
100
99
100
100
86
104
94
97
88
94
105
102
113
99
97
106
98
112
118
87
95
98
107
89
118
96
102
106
107
77
126
109
105
84
97
103
101
104
103
98
103
98
83
96
116
95
104
97
81
88
93
92
100
88
86
88
107
93
98
95
87
85
102
109
91
94
116
83
95
88
82
90
97
94
102
101
103
97
85
95
81
88
78
86
89
77
86
88
84
90
91
108
88
99
85
93
98
90
100
99
82
89
95
82
86
77
91
101
94
76
95
91
100
84
70
113
80
94
79
91
100
84
101
79
87
103
85
101
86
100
83
80
90
75
72
84
87
82
93
74
89
74
84
81
90
92
107
86
89
82
67
76
101
91
89
90
85
99
86
89
77
94
103
97
82
94
90
93
79
85
79
74
103
99
96
89
91
78
77
84
86
88
90
97
92
104
77
85
83
76
86
86
96
88
91
92
71
86
88
84
89
88
89
78
80
76
86
79
69
87
104
78
95
77
74
95
80
85
85
94
73
72
84
78
95
75
80
92
93
71
79
92
86
94
82
89
87
65
68
67
88
69
80
83
75
71
93
93
82
99
81
89
67
65
78
82
71
74
84
73
80
83
89
85
88
77
81
68
76
60
78
83
82
82
68
80
66
68
80
76
86
92
77
74
64
87
63
78
84
80
76
60
95
58
77
72
88
75
76
81
78
74
63
67
70
75
68
70
89
72
78
79
61
69
80
83
87
92
70
65
79
73
73
73
75
85
79
66
74
83
75
71
75
91
78
71
85
87
67
75
68
74
72
70
77
84
71
86
66
76
59
91
77
51
71
81
74
62
69
96
63
75
74
72
82
69
61
73
74
75
64
57
77
57
75
74
73
74
80
71
70
80
64
74
75
79
65
67
85
65
57
84
57
70
58
79
63
72
65
66
82
68
72
86
71
61
77
62
77
86
66
71
63
67
74
78
67
71
68
83
82
80
79
78
81
76
69
58
71
74
58
74
62
69
56
53
73
72
89
72
58
76
74
54
66
62
70
80
64
62
77
72
60
62
65
70
66
70
63
66
56
84
66
52
71
52
68
61
70
69
62
51
65
67
80
82
64
74
55
71
77
73
69
66
50
70
66
67
63
72
68
61
74
66
61
60
54
56
59
67
69
60
66
70
63
72
70
65
60
53
70
76
60
60
56
59
56
68
82
68
63
61
56
73
69
55
65
82
61
76
66
53
72
60
60
62
66
54
62
69
65
56
63
54
60
66
55
51
47
60
66
65
50
65
61
66
60
55
58
64
59
51
59
57
52
59
50
65
65
50
51
59
55
48
67
62
61
58
53
48
58
66
58
60
62
56
59
48
63
66
42
69
54
60
55
55
51
60
70
57
55
57
58
63
50
55
68
64
61
48
43
61
47
65
67
47
49
70
61
49
67
60
63
56
62
60
66
60
49
49
68
61
56
46
59
49
54
57
49
49
53
42
53
54
66
49
52
58
46
50
50
63
41
63
59
55
63
56
47
46
44
44
40
52
57
55
52
45
53
46
45
50
62
45
58
43
49
46
53
56
53
53
62
41
57
59
54
45
56
51
63
45
58
46
41
54
52
56
50
47
60
53
43
58
43
45
60
39
30
52
45
49
50
57
53
46
47
37
57
51
49
35
57
60
39
38
52
48
57
58
52
47
52
59
40
42
48
54
38
61
46
51
41
45
37
47
47
43
54
44
48
49
44
52
60
40
46
50
49
40
50
32
45
60
41
56
44
54
48
57
57
47
54
50
57
51
50
40
48
57
40
44
50
54
50
31
42
44
51
51
31
56
50
58
31
52
46
61
50
47
59
48
40
49
44
48
49
45
47
40
43
34
45
41
43
49
45
42
45
39
45
33
42
50
40
45
43
39
48
49
53
58
35
41
42
52
46
55
37
53
41
46
45
40
42
47
39
41
41
51
36
48
34
44
39
45
35
46
42
45
43
49
42
48
44
56
36
32
38
37
34
50
38
48
36
49
48
39
44
33
31
46
39
39
46
38
31
46
36
45
30
47
49
33
46
45
30
38
34
41
41
33
35
32
44
46
38
47
41
34
30
43
42
37
44
37
44
40
40
38
49
54
44
34
38
44
45
39
32
42
40
38
48
47
43
44
30
40
44
42
44
54
47
38
26
37
29
30
35
41
33
37
40
38
38
40
25
34
39
39
36
37
43
42
38
42
31
46
48
34
42
37
37
51
35
51
39
31
33
33
42
37
42
36
36
46
31
42
35
36
35
32
31
41
50
33
35
40
39
31
48
45
37
40
33
40
44
33
37
26
38
22
26
42
26
39
32
30
32
28
38
41
35
30
37
41
36
30
47
36
40
19
34
29
36
42
33
39
28
45
34
30
32
39
31
36
46
43
31
31
25
36
38
35
34
24
38
32
28
37
40
36
31
25
33
36
35
35
26
27
37
46
33
27
36
41
37
27
27
34
29
30
36
38
35
28
33
32
32
36
32
31
30
27
42
27
28
33
27
33
33
30
27
32
28
36
31
30
29
31
36
33
41
37
31
32
27
38
33
39
31
22
26
33
24
27
29
29
27
31
36
17
39
29
34
38
25
30
30
25
21
36
28
34
43
35
33
26
21
31
29
31
29
34
18
34
23
26
41
33
25
28
32
38
38
21
28
32
30
37
25
28
36
35
23
34
25
35
32
27
26
22
30
31
33
20
40
33
28
25
42
28
25
53
30
27
32
17
35
35
22
31
29
31
28
19
27
28
30
37
30
32
30
31
23
25
28
31
25
28
26
22
29
21
31
30
30
30
37
25
26
36
26
33
26
43
17
26
34
17
26
31
33
31
25
27
26
24
22
29
29
28
18
30
25
37
21
26
39
28
26
22
26
19
33
30
18
27
30
24
20
34
30
25
28
25
27
29
23
27
31
13
20
23
23
21
16
27
33
21
21
19
32
19
27
16
25
33
15
24
15
26
17
19
20
32
19
26
18
27
25
28
23
30
20
27
20
27
32
19
28
20
32
9
30
28
22
27
31
25
22
33
35
33
23
20
20
31
17
29
23
17
19
18
13
25
17
23
22
31
16
21
28
21
22
21
28
27
20
20
22
27
19
18
23
20
18
27
28
21
18
25
21
22
28
34
25
23
22
23
19
14
24
25
21
24
30
22
12
13
31
31
22
16
22
25
18
22
27
21
20
18
27
28
20
16
21
14
29
13
28
26
26
12
20
22
15
30
19
17
24
15
27
18
17
17
19
25
26
16
22
28
22
24
21
20
26
17
14
18
20
12
21
18
18
17
24
23
16
20
29
25
30
22
15
23
25
27
24
28
20
16
15
22
10
19
18
13
26
20
23
17
21
25
12
13
16
23
15
24
21
16
24
22
16
19
16
17
17
18
13
16
18
17
16
21
19
29
19
23
24
16
24
11
20
13
14
13
21
11
18
27
15
10
14
23
15
17
15
18
19
19
20
19
10
20
14
15
14
18
20
16
18
23
19
11
16
16
18
15
23
21
24
22
20
19
17
15
27
21
16
14
11
23
11
24
17
16
23
16
23
13
18
17
18
16
24
18
22
14
9
13
14
15
15
17
19
11
16
17
15
8
13
13
19
12
13
15
10
19
16
17
17
14
22
12
17
7
12
20
11
18
20
17
12
15
8
9
25
13
10
21
15
17
14
12
15
23
15
16
22
16
11
9
6
14
16
22
25
17
10
16
9
9
14
11
14
14
13
18
16
9
19
20
11
17
21
14
20
16
16
13
12
15
12
18
14
14
23
16
9
10
13
12
16
16
8
15
11
11
24
17
18
19
18
10
18
21
15
21
16
9
16
22
20
17
18
15
11
15
10
11
13
17
14
14
12
16
11
11
15
18
17
13
18
11
15
10
13
12
16
14
10
10
14
23
18
14
16
12
18
19
19
9
10
9
12
12
14
12
7
10
10
14
13
13
11
18
16
11
17
16
11
8
9
17
16
12
11
8
13
11
13
14
14
14
12
16
13
17
13
22
10
9
9
15
21
7
13
17
14
9
12
7
13
12
7
11
17
11
15
10
17
15
10
7
12
10
9
12
17
13
10
14
7
20
11
16
11
10
6
11
7
10
11
9
15
12
11
16
11
12
11
16
14
13
16
14
14
8
10
11
14
13
18
13
5
10
14
17
9
10
12
11
7
9
13
8
14
11
12
11
13
9
17
8
11
9
8
17
11
12
8
6
14
9
9
12
7
9
11
8
11
8
11
9
9
12
9
19
13
9
10
14
14
4
12
2
5
12
13
14
11
7
11
10
8
12
15
9
8
11
9
6
8
14
8
9
11
12
10
9
5
10
14
12
10
10
12
11
15
10
12
11
10
13
11
7
17
12
16
14
8
9
9
12
9
14
11
9
12
10
10
10
9
19
13
11
7
11
8
8
8
11
11
11
13
8
6
5
18
6
5
9
6
7
10
11
8
5
9
11
14
5
5
7
9
11
11
12
11
7
16
6
10
5
8
6
7
15
14
8
10
7
10
5
4
14
8
8
10
13
19
10
8
5
10
9
16
5
9
6
9
9
9
5
10
8
7
4
10
4
4
14
6
12
10
9
5
10
10
10
10
11
9
12
7
7
7
7
6
9
8
7
10
10
6
7
12
7
11
8
10
13
5
11
4
11
7
5
5
5
10
12
10
10
10
12
8
8
7
10
8
9
8
5
10
5
7
3
12
5
7
9
8
12
7
11
6
12
11
6
4
10
5
8
9
6
6
5
7
10
6
5
7
2
9
8
10
5
11
7
5
11
6
9
4
7
8
3
7
6
6
4
4
4
8
11
7
9
7
6
6
4
9
4
5
9
4
5
9
7
7
3
6
5
8
15
7
11
6
8
3
10
7
5
5
8
9
5
7
6
5
6
6
7
4
9
16
6
5
3
6
4
6
3
8
3
2
3
3
7
13
9
8
3
4
5
11
5
7
3
5
5
8
7
9
4
10
6
8
7
1
7
2
3
7
8
7
4
6
7
