2855
2879
2827
2899
2885
2877
2883
2839
2917
3000
2849
2903
2863
2810
2904
2772
2879
2916
2840
2855
2787
2798
2843
2835
2833
2817
2805
2825
2807
2709
2824
2767
2797
2748
2897
2795
2770
2830
2883
2829
2891
2894
2848
2860
2893
2936
2953
3028
2939
2912
2973
2983
3177
3016
3227
3219
3237
3422
3291
3466
3456
3472
3606
3608
3747
3735
3820
3834
3878
4048
4163
4093
4240
4363
4524
4577
4579
4770
4770
4887
5088
5009
5287
5444
5514
5458
5635
5946
6031
6105
6105
6288
6509
6596
6763
6764
7068
7072
7003
7443
7577
7756
7978
8104
8170
8512
8542
8738
8878
9077
9276
9424
9506
9450
9658
10081
9924
10163
10197
10497
10660
10799
10839
10809
10962
11262
11363
11583
11687
11545
11902
11950
11940
12137
12360
12179
12587
12795
12658
12864
12668
12912
13169
12990
13105
13197
13437
13611
13589
13734
13883
13596
13821
13899
13883
13928
14057
14197
14354
14189
14223
14481
14381
14499
14387
14490
14632
14659
14531
14784
14815
14863
14957
14698
15030
14958
15079
15122
14959
15206
15139
15115
15062
15165
15340
15175
15273
15461
15185
15206
15157
15450
15417
15568
15578
15749
15653
15876
15802
15931
15679
15849
15705
16044
15966
15891
16148
16226
16088
16354
16160
16106
16264
16522
16463
16567
16422
16569
16721
16682
16636
16894
16877
16786
16738
16707
16581
17062
16965
17130
16947
17095
16978
17213
17412
17269
17550
17460
17545
17646
17822
17634
17718
17765
17891
17982
17932
18115
17860
18275
17971
18507
18362
18302
18412
18579
18651
18553
18724
18809
18827
18815
19009
19227
19221
19352
19307
19296
19447
19251
19334
19510
19784
19732
20017
20176
20058
20291
20406
20464
20391
20373
20327
20351
20740
20501
20888
20895
20650
20905
20925
21149
21064
21243
20954
21184
21118
21570
21580
21342
21386
21628
21504
21759
21834
21520
21628
21696
21863
22054
21940
22182
21895
22002
22342
22311
21966
21859
22581
22255
22476
22263
22463
22325
22469
22611
22790
22787
22640
22645
22673
22942
22983
23117
22996
22752
23026
23314
23085
23081
23317
23276
23054
23321
23321
23163
23443
23353
23174
23639
23745
23414
23592
23730
23895
23860
23886
23725
23862
23849
23759
23848
23744
24176
24063
23978
24060
24389
24300
23926
24426
24081
24139
24161
24412
24089
24254
24387
24080
24539
24246
24580
24693
24690
24323
24363
24499
24631
24436
24928
24812
24613
24616
24884
25082
24626
24955
24517
24982
24946
24887
25065
24756
24983
25324
24974
25321
25445
25392
25091
25184
25275
25294
25157
25635
25172
25746
25272
25393
25205
25447
25734
25391
25317
25597
25885
25504
25787
25917
25553
25763
25910
25712
25783
26075
25726
25827
25905
25765
25949
26190
25903
26097
26034
25893
26222
26197
26350
25925
26334
26059
26355
25925
26244
26163
26487
26401
26238
26483
26328
26025
26515
26379
26437
26539
26588
26688
26554
26281
26296
26312
26620
26522
26457
26472
26826
26803
26452
26827
26745
26736
27073
26530
26871
26839
27030
26898
26871
26861
27058
27036
27098
27076
26868
26903
27195
27079
26882
27035
27078
26827
27176
27331
26989
27008
27031
27178
27533
27316
27462
27044
27355
27226
27539
27321
27627
27321
27136
27358
27605
27502
27745
27614
27400
27569
27681
27689
27760
27567
27749
27747
27765
27700
27882
27590
27780
27560
27748
27800
27840
27618
27751
27606
27727
27875
27800
27739
28008
27918
27907
27828
28059
28207
28112
27859
28035
28107
27876
28006
28134
27797
27723
28002
27907
28115
28068
28130
28146
28489
28043
28334
27855
28419
28270
28260
28507
28500
28144
28398
28171
28817
28582
28375
28440
28397
28401
28261
28812
28823
28485
28345
28399
28284
28441
28651
28319
28477
28647
28272
28792
28572
28588
28843
28680
28295
28624
28554
28588
28553
28692
28619
28598
28685
28693
28966
29112
28735
28617
29046
28968
28831
28974
28845
28962
28887
29052
28764
28898
28638
28834
29018
28754
28935
28882
28856
29275
28808
28843
28968
28949
29515
28860
28959
28808
29127
29077
29063
29070
29184
28975
28901
29206
29346
29189
29266
28846
29183
29244
29346
29452
29213
29059
29128
29003
29239
29222
29180
29443
29108
29376
29183
29060
29405
29115
29189
29258
29399
29467
29377
29375
29372
29271
29262
29211
29393
29202
29339
29400
29649
29429
29497
29412
29307
29498
29576
29610
29498
29346
29198
29567
29387
29295
29543
29354
29136
29419
29261
29339
29565
29780
29454
29324
29515
29561
29365
29421
29501
29713
29497
29627
29723
29776
29732
29294
29998
29702
29717
29537
29431
29673
29409
29592
29564
29741
29628
29852
29411
29672
29674
29632
29393
29595
29403
29411
29404
29541
29587
29631
29544
29476
29881
29806
29313
29355
29877
29698
29575
29755
29641
29491
29650
29651
29596
29800
29955
29420
29632
29874
30037
29876
29583
29708
29722
29856
29734
29366
29667
29472
29522
29719
29870
29574
29997
29596
29581
29731
29978
29727
29762
29726
29741
29831
29660
29667
29657
29857
29768
29944
29399
29698
29344
29693
29826
29742
29931
29389
29610
29872
29717
29603
29855
29449
29623
30043
30006
30014
29834
29952
29703
29730
29605
29550
29554
29637
29629
29430
30190
29662
29901
29778
29778
29648
29561
29636
29602
29493
29190
29609
29840
29413
29783
29567
29699
30004
29612
29795
29862
29746
29520
29383
29423
29661
29519
29696
29560
29494
29915
29464
29704
29686
29493
29576
29569
29374
29841
29492
29065
29624
29342
29588
29373
29331
29536
29578
29482
29705
29446
29267
29722
29636
29130
29880
29257
29422
29596
29547
29381
29374
29531
29387
29584
29537
29227
29456
29206
29588
29613
29200
29226
29149
29689
29597
29544
29245
29641
29205
29515
29461
29639
29300
29351
29174
29381
29610
29274
29212
29366
29264
29246
29341
29254
29551
29496
29108
28907
29411
28914
28975
29265
29237
29093
29324
29123
29397
29135
29064
28843
28982
28923
28970
29024
29145
29049
29174
28995
29016
29054
28882
28929
28818
28930
28965
28777
28800
29233
28750
28889
28794
28942
29198
29057
28654
28665
28869
28964
28873
28806
28707
28814
28862
28803
28703
28654
28603
28847
28983
28675
28902
28458
28392
28625
28493
28485
29019
28539
28755
29210
28915
28508
28377
28538
28309
28508
28574
28654
28577
28378
28535
28789
28235
28181
28411
28472
28192
28316
28657
28119
28683
28537
28360
28668
27958
28391
28338
28494
28280
28077
28154
28341
28504
28227
28291
28127
28088
28259
28290
28082
28320
28349
28269
27989
27770
27958
28253
28136
28055
27892
28328
28169
28121
28102
28056
28005
27829
27832
27644
27779
27873
27693
27629
27592
27980
27533
27790
27843
28107
27976
27886
27711
27888
27655
27567
27760
27739
27657
27717
28186
27600
27553
27613
27588
27557
27576
27694
27408
27442
27747
27579
27591
27560
27390
27432
27742
27491
27301
27015
27318
27285
27347
27525
26929
27247
27280
27240
27341
27212
27289
27216
27290
27257
27059
27172
27156
26933
27265
26842
27399
27104
27250
26931
26971
27417
27103
26961
27042
27113
26862
27259
26763
27007
26959
27289
27114
26962
26885
27035
27008
27025
26900
26635
26763
26381
26868
26872
26569
26707
26617
26359
26835
26481
26423
26632
26603
26165
26514
26678
26438
26651
26267
26352
26523
26594
26636
26054
26377
26251
26295
26421
26420
26126
26438
26096
26273
26322
26548
26184
26085
25776
26002
26227
26141
26306
26218
26052
26326
26122
26015
26056
25907
26146
26260
25728
26118
25828
26123
25917
26144
25775
25838
25668
25760
25825
25699
25731
25776
25868
25796
25501
25532
25708
25495
25668
25848
25455
25759
25451
25574
25706
25429
25593
25475
25253
25059
25584
25482
25693
25320
25130
25268
25675
25546
25070
25131
25486
24817
24900
25320
25312
25238
25225
25307
24883
25610
25139
24830
25117
25215
25141
25294
24729
25119
25117
24996
24727
24980
24859
24668
24662
24793
24879
24895
25288
24560
24876
24659
24647
24425
24540
24598
24654
24416
24763
24581
24369
24567
24461
24520
24371
24494
24271
24563
24518
24185
24311
24310
24167
24516
24031
24134
24236
24331
24379
24093
23967
24033
23951
24009
23914
24171
24169
24135
24127
24101
24064
23871
24007
24027
23971
23771
23762
23666
23853
23811
23664
23553
23744
23715
23973
23828
23720
23819
23684
23603
23499
23515
23371
23299
23785
23421
23340
23562
23415
23409
23432
23196
23498
23479
23495
23165
23334
23085
23133
23274
22845
23019
23205
22915
22718
23239
23181
22931
23119
23062
22922
22936
23097
22817
22870
22614
22865
22866
23069
22784
22658
22453
22702
22708
22755
23043
22813
22663
22758
22387
22490
22503
22594
22385
22249
22446
22540
22572
22402
22410
22211
22228
22184
22291
22402
22169
22440
22266
22082
22212
21971
22089
21966
22057
22002
21840
21973
22047
21893
21866
21984
22081
21832
21754
21802
21985
21805
21685
21734
21784
21351
21963
21721
21752
21599
21641
21547
21464
21414
21568
21637
21485
21515
21322
21454
21327
21165
21260
21423
21240
21299
21268
21212
21403
21174
21288
21265
21024
21094
21104
20930
21150
21143
20985
21010
21164
20744
20942
20962
20894
20955
21131
21095
20527
21196
21015
20844
20968
20619
20543
20849
20799
20381
20501
20668
20560
20587
20429
20500
20270
20454
20298
20195
20242
20272
20466
20222
20186
20310
20137
20432
20175
20398
20072
20021
20484
20282
20186
19953
20419
19779
19917
19870
20040
19968
19755
20267
19952
20066
19935
19755
19940
19785
19974
19900
19701
19665
19773
19560
19772
19691
19717
19516
19614
19489
19499
19594
19259
19716
19310
19279
19478
19406
19454
19417
19333
19141
19047
19346
19320
19234
19139
19057
19282
18931
19260
19135
19148
18973
18891
19122
19070
19041
18971
18779
18771
19120
18953
18661
18938
18708
18834
18707
18699
18817
18729
18721
18481
18640
18533
18707
18735
18558
18471
18411
18439
18674
18362
18351
18447
18281
18462
18287
18285
18066
18313
18285
18399
18253
18159
18281
18296
17872
17980
18251
18043
18114
17891
18040
17801
17760
17802
18180
17942
17727
17774
17559
17823
17898
17762
17687
17442
17464
17758
17808
17553
17369
17581
17446
17500
17410
17519
17478
17411
17362
17377
17417
17538
17331
17526
17259
17232
17319
17042
17337
17375
17218
17423
16915
17281
16985
16997
17085
17154
16719
16932
17178
16917
17096
16935
16778
16752
16653
16951
16807
16678
16742
16570
16886
16499
16734
16641
16840
16574
16701
16785
16905
16634
16519
16547
16434
16538
16184
16250
16321
16219
16281
16351
16544
16411
16106
16335
16224
16377
16163
16085
16419
16200
16262
16054
16163
15953
16016
15875
15853
16006
15927
16102
15835
15642
15858
15932
15810
15879
15850
15799
15652
15869
15685
15453
15702
15629
15421
15615
15468
15382
15576
15322
15534
15341
15470
15334
15415
15489
15230
15559
15334
15404
15147
15476
15399
15599
15122
15177
15230
15161
15217
15191
15005
14944
15067
15023
15106
14686
15020
14950
14757
14876
14892
14688
14691
14710
14753
14692
14433
14667
14679
14761
14730
14828
14516
14737
14592
14570
14413
14301
14454
14560
14474
14428
14526
14626
14234
14615
14377
14258
14403
14373
14150
14481
14103
14240
14358
14256
14025
14347
14133
14134
14130
14277
13928
14079
14014
14004
13985
13852
13979
14091
13951
13927
13836
13734
13754
14025
13618
13803
13937
13537
13627
13755
13512
13725
13489
13521
13404
13401
13798
13435
13623
13573
13377
13662
13644
13536
13621
13151
13602
13275
13355
13481
13237
13250
13338
13335
13202
13017
13041
13137
13057
13067
13217
13199
13110
13046
13212
12919
13215
12833
13056
12888
13014
12858
12942
13021
12822
12771
12932
12505
12819
12728
12653
12948
12749
12705
12492
12817
12581
12770
12536
12664
12744
12565
12245
12448
12707
12389
12518
12293
12492
12348
12360
12407
12317
12346
12082
12584
12312
12138
11988
12322
12238
12153
12160
12161
12134
12082
12129
11991
12009
11996
12037
12022
12294
12020
11994
11869
11921
11997
11894
11828
11795
11741
11700
11903
11752
11784
11849
11974
11756
11619
11544
11591
11414
11366
11620
11557
11418
11583
11428
11384
11583
11522
11304
11472
11371
11465
11447
11451
11172
11333
11394
11172
11386
11209
11252
11017
11079
11261
11351
11134
11105
11121
11153
10869
11147
11169
10852
11134
11194
11205
10990
11095
10758
10879
11027
10791
10882
10975
10867
10783
10744
10618
10795
10868
10633
10802
10763
10806
10673
10880
10826
10432
10703
10661
10638
10495
10600
10503
10595
10456
10527
10614
10266
10337
10499
10474
10385
10254
10534
10173
10345
10441
10600
10341
10284
10417
9890
10063
10261
10164
10249
10279
10056
10016
10067
10159
10031
9954
10123
9946
10113
9986
10114
9975
9911
9893
9875
9889
9955
9677
9714
9787
9732
9917
9913
9743
9761
9838
9541
9749
9615
9661
9652
9667
9628
9615
9482
9742
9480
9599
9466
9504
9475
9491
9470
9416
9652
9298
9516
9419
9359
9290
9335
9308
9407
9284
9303
9255
9227
9164
9335
9157
9281
9291
9197
9052
9171
9013
9054
8988
8938
9107
8920
8934
8979
9110
8913
9088
8865
8946
8828
9117
8949
8996
8885
8861
8798
8775
9024
8846
8828
8842
8901
8578
8777
8706
8853
8633
8795
8659
8559
8472
8570
8643
8589
8541
8606
8506
8390
8399
8489
8564
8717
8349
8561
8534
8478
8243
8412
8348
8348
8319
8352
8177
8346
8228
8188
8175
8250
8088
8184
8090
8175
8161
8189
7932
8209
8049
8291
8247
7965
8099
8025
8085
7971
7927
8034
8081
7875
7998
7903
8228
7790
7875
7989
7943
7835
7897
7936
7810
7841
7703
7721
7887
7646
7686
7703
7701
7662
7757
7731
7679
7645
7665
7526
7564
7642
7657
7563
7577
7484
7474
7350
7482
7464
7420
7378
7309
7465
7423
7496
7638
7361
7488
7377
7224
7216
7281
7313
7255
7439
7112
7325
7313
7100
7208
7103
7171
7150
7082
7071
6992
7137
7031
7191
7053
7197
7058
7034
6928
7101
7004
7056
6911
7007
6884
6850
6861
6991
6741
6876
6778
6758
6792
6884
6745
6647
6961
6938
6806
6790
6676
6595
6663
6580
6598
6741
6753
6731
6684
6701
6519
6860
6535
6726
6636
6575
6501
6640
6612
6482
6510
6348
6480
6464
6421
6466
6444
6511
6447
6527
6483
6377
6363
6410
6321
6401
6320
6379
6364
6322
6319
6278
6298
6302
6283
6260
6134
6347
6131
6101
6125
6161
6078
6232
6312
6131
6055
5963
6042
6227
6087
6125
5914
5885
5898
5939
6019
6065
6052
5904
5964
5955
5904
5995
5999
5976
5805
5970
5990
5753
5872
5887
5884
5751
5829
5625
5929
5946
5825
5643
5696
5754
5646
5738
5698
5785
5677
5605
5624
5555
5763
5675
5449
5698
5639
5616
5443
5520
5500
5480
5503
5544
5489
5486
5526
5417
5516
5484
5521
5357
5417
5514
5325
5328
5322
5410
5344
5375
5227
5398
5322
5284
5335
5206
5217
5293
5171
5434
5148
5176
5231
5261
5334
5205
5160
5083
5158
5130
5155
5150
5281
5174
5068
5057
4983
5178
5122
5097
5013
4979
5120
4975
4962
5077
5080
5016
5045
4935
4904
4886
4895
4993
4994
4835
4838
4943
4902
4807
4759
4891
4854
4788
4776
4728
4678
4850
4877
4736
4786
4811
4701
4770
4681
4731
4645
4697
4562
4680
4628
4656
4816
4797
4708
4629
4577
4631
4639
4682
4692
4595
4729
4554
4562
4522
4616
4608
4550
4530
4637
4557
4530
4464
4453
4447
4460
4416
4434
4475
4391
4384
4428
4377
4319
4363
4363
4206
4348
4262
4267
4282
4375
4164
4267
4284
4254
4193
4336
4253
4202
4323
4154
4168
4227
4253
4111
4195
4248
4241
4174
4037
4145
4100
4156
4224
4055
4063
4113
4129
3989
3961
3967
4154
4038
4069
3947
3949
3932
3869
3961
4041
3987
4025
4000
3986
3934
3944
3909
3967
3833
3847
3878
3889
3753
3891
3866
3942
3930
3769
3842
3847
3834
3891
3795
3774
3755
3877
3756
3839
3852
3799
3823
3726
3733
3755
3689
3747
3749
3723
3759
3704
3768
3737
3687
3685
3773
3702
3657
3576
3624
3557
3483
3546
3529
3693
3656
3580
3600
3567
3518
3557
3472
3393
3577
3508
3531
3509
3515
3446
3541
3440
3574
3541
3353
3371
3471
3376
3411
3417
3379
3376
3370
3430
3403
3355
3327
3338
3362
3330
3270
3323
3222
3305
3392
3417
3326
3277
3247
3288
3327
3200
3201
3256
3297
3278
3329
3142
3194
3181
3080
3236
3216
3138
3285
3241
3096
3137
3165
3157
3164
3192
3110
3085
3165
3097
2940
3119
3098
3086
3008
3091
2992
3061
2968
3022
3072
3039
3018
3028
3113
3062
2966
2956
2994
2935
3054
2934
2977
2925
2935
2960
2928
2861
2970
3026
2953
2935
2870
2830
2856
2969
2976
2855
2858
2789
2968
2841
2842
2771
2923
2721
2911
2734
2809
2787
2891
2787
2731
2759
2745
2739
2705
2686
2707
2704
2720
2779
2763
2690
2775
2727
2768
2682
2705
2724
2596
2701
2697
2621
2630
2667
2534
2666
2636
2614
2673
2587
2645
2635
2547
2650
2587
2573
2596
2607
2518
2493
2615
2597
2473
2520
2561
2620
2575
2481
2503
2597
2418
2545
2571
2479
2494
2395
2393
2470
2404
2459
2441
2418
2475
2481
2419
2439
2433
2357
2432
2439
2407
2425
2408
2267
2352
2346
2405
2380
2295
2339
2333
2406
2218
2311
2382
2339
2366
2242
2384
2229
2273
2250
2323
2346
2358
2389
2304
2273
2291
2279
2327
2161
2269
2154
2211
2306
2355
2297
2248
2294
2230
2134
2217
2178
2235
2186
2138
2175
2175
2164
2188
2172
2217
2126
2094
2240
2106
2075
2183
2110
2217
2150
2108
2022
2019
2072
2097
2072
2075
2035
2014
2050
2046
2016
2015
2089
2095
2046
2008
1992
2095
2065
2034
2060
1975
2049
1980
1962
1987
2026
1990
1945
1969
1981
1928
1961
1969
1961
1932
1914
1987
1940
1955
1895
1928
2011
1852
1955
1932
1924
1876
1853
1886
1837
1849
1850
1889
1921
1847
1888
1830
1831
1927
1799
1754
1834
1795
1768
1776
1827
1927
1752
1861
1745
1799
1820
1822
1737
1813
1784
1748
1829
1774
1832
1770
1683
1766
1750
1786
1717
1692
1715
1758
1788
1773
1726
1670
1702
1765
1639
1698
1732
1686
1673
1586
1690
1670
1682
1717
1743
1698
1625
1650
1630
1599
1661
1632
1626
1656
1647
1607
1604
1578
1510
1566
1627
1555
1561
1590
1569
1574
1600
1534
1619
1582
1513
1541
1534
1530
1575
1580
1667
1521
1607
1536
1571
1488
1584
1483
1565
1583
1482
1434
1541
1465
1549
1518
1439
1458
1494
1463
1531
1502
1485
1524
1442
1419
1385
1495
1500
1444
1431
1414
1481
1454
1392
1406
1449
1515
1396
1449
1414
1389
1433
1412
1405
1392
1383
1405
1371
1498
1424
1314
1399
1421
1398
1412
1401
1352
1347
1330
1343
1382
1369
1268
1353
1360
1313
1302
1366
1356
1351
1320
1300
1364
1374
1350
1299
1279
1301
1264
1302
1270
1337
1249
1301
1238
1281
1212
1329
1249
1231
1265
1268
1215
1208
1215
1254
1254
1282
1191
1309
1216
1241
1195
1283
1240
1201
1269
1187
1234
1236
1234
1243
1197
1196
1235
1191
1161
1140
1173
1221
1167
1218
1127
1190
1137
1220
1151
1167
1125
1158
1157
1166
1178
1148
1148
1183
1102
1167
1165
1212
1108
1142
1050
1094
1083
1093
1094
1168
1097
1119
1128
1116
1114
1108
1079
1059
1053
1110
1014
1098
1037
1094
1042
1131
1022
1027
1045
1031
1042
1050
1105
1023
1069
1072
1048
961
1022
1069
1085
1061
1060
1022
1044
1026
1056
982
1059
1013
991
968
998
975
940
959
1060
965
954
939
1030
950
1025
953
975
916
992
980
912
899
988
926
963
932
986
955
952
998
925
940
939
943
954
982
923
938
967
953
993
951
945
937
897
969
937
932
896
927
924
875
902
914
873
903
876
821
876
880
841
932
924
858
893
900
836
861
857
873
869
866
816
863
850
872
820
842
832
895
883
807
877
833
838
792
831
799
826
887
816
775
745
837
821
796
822
847
803
794
776
762
793
795
758
800
778
800
793
872
797
813
767
779
760
795
752
749
780
738
729
767
792
703
774
785
762
751
780
795
784
755
738
698
708
711
759
729
734
742
730
748
725
718
695
761
742
729
669
732
738
708
712
668
701
718
745
724
657
678
704
660
649
706
671
729
664
673
706
688
680
695
614
672
693
629
637
665
605
664
663
704
625
646
621
682
672
643
679
651
669
668
655
665
619
650
675
632
633
659
626
638
617
638
598
597
641
587
637
618
595
570
594
610
566
598
596
610
639
542
605
636
569
573
614
645
590
631
593
594
545
612
623
573
601
618
570
606
578
625
618
551
603
595
590
562
570
560
575
546
536
569
599
549
566
578
599
532
565
563
545
516
565
531
568
594
565
567
541
557
551
549
565
499
525
565
524
555
543
530
538
522
551
500
506
522
494
524
522
514
520
471
473
548
530
526
516
533
539
505
548
453
527
500
508
476
500
458
490
476
492
487
481
519
478
485
522
474
465
466
448
456
459
462
457
501
504
426
469
469
484
467
481
447
418
456
473
464
426
458
484
508
450
437
464
441
451
451
481
448
433
450
460
443
421
431
503
431
430
414
411
417
448
420
431
425
437
435
432
450
437
459
420
395
372
421
416
422
452
402
436
396
402
419
405
415
418
440
416
387
361
389
396
414
408
413
402
386
390
431
414
396
382
409
402
406
419
408
389
375
399
370
373
371
401
424
392
407
355
376
361
394
347
392
363
383
367
339
376
351
333
368
389
369
358
410
370
366
386
383
355
370
368
356
348
333
356
364
383
343
344
336
372
333
363
357
348
371
332
350
371
362
368
355
345
361
323
364
335
343
337
319
332
330
368
333
325
305
325
332
338
300
335
350
321
311
319
319
320
325
305
305
330
314
322
297
309
330
334
317
329
318
329
325
324
324
310
290
300
297
300
297
319
310
295
319
277
308
290
307
268
290
283
285
286
289
283
288
265
296
292
297
304
291
268
247
294
281
285
284
265
293
294
258
252
294
283
278
293
258
277
311
270
251
280
314
276
259
282
287
286
256
281
277
262
256
258
248
237
272
278
259
272
274
235
263
277
237
252
243
238
240
256
292
274
234
236
254
273
274
253
236
237
234
257
235
233
247
228
222
258
246
247
253
228
226
256
255
260
243
229
241
235
201
232
257
239
239
237
235
228
237
216
224
198
242
231
230
211
210
245
244
216
240
221
227
238
185
218
200
229
250
241
209
228
215
239
229
220
198
203
237
228
209
242
223
250
238
187
226
208
210
198
214
221
205
196
194
203
186
185
209
229
204
232
199
237
201
197
179
212
190
195
196
204
196
198
166
197
214
166
217
185
188
194
187
195
195
216
182
180
206
175
218
194
204
192
188
193
183
180
187
178
187
214
193
191
177
208
162
164
193
173
183
169
186
177
173
193
193
180
165
183
172
174
213
182
171
189
178
166
163
154
176
204
165
180
160
164
183
166
175
174
166
167
147
172
160
159
194
149
155
162
167
172
165
146
165
182
159
141
154
136
153
169
151
161
157
156
151
153
182
169
152
142
145
168
154
131
161
160
164
154
147
165
171
159
140
140
157
140
145
141
152
142
150
171
157
150
146
149
126
122
129
140
167
179
151
126
141
138
164
151
141
152
139
141
148
139
143
143
127
129
154
151
151
122
130
148
128
145
137
141
133
151
124
139
121
126
146
118
137
137
137
134
122
140
121
120
138
142
112
130
127
121
124
109
129
121
152
122
120
109
142
149
124
126
116
127
123
122
109
130
132
139
121
112
126
124
115
126
113
109
122
131
130
111
112
115
131
123
128
122
102
126
126
106
108
113
124
128
113
98
123
131
139
133
109
111
111
131
99
121
126
106
108
107
104
120
121
101
117
109
94
100
102
118
118
103
114
118
96
115
102
122
105
108
114
109
101
119
109
114
98
99
89
106
107
94
109
103
86
115
113
102
112
101
97
104
113
99
102
112
95
85
102
88
102
98
95
104
102
91
101
95
100
110
89
99
89
82
105
87
99
90
103
82
95
96
84
101
97
96
86
102
84
102
108
110
84
93
88
93
99
94
103
103
80
90
80
78
82
79
91
100
80
89
89
96
87
92
84
102
82
86
94
81
88
79
83
73
80
89
87
88
90
99
93
89
94
93
82
76
110
75
72
87
83
77
76
87
64
81
94
88
75
96
84
93
84
71
79
82
82
87
77
80
88
74
75
82
83
60
73
84
68
93
79
79
79
76
87
78
75
77
79
78
70
82
86
67
70
81
56
72
57
77
77
64
80
64
80
64
62
72
74
62
68
50
82
55
79
59
76
75
54
73
61
71
73
76
73
65
65
55
75
66
66
75
75
69
70
79
75
63
65
79
66
76
55
72
71
53
85
70
79
74
61
55
56
78
64
53
69
68
73
60
62
68
60
67
64
56
73
52
52
59
62
61
53
55
69
64
85
68
71
59
61
54
74
63
60
64
49
57
57
59
60
68
59
55
52
60
56
61
54
49
52
56
51
49
56
59
48
54
45
47
57
45
59
71
64
61
64
60
63
56
42
50
59
54
64
62
58
54
50
53
49
52
59
54
51
59
52
53
57
54
47
54
47
60
53
52
53
58
52
55
58
41
58
46
55
43
47
47
50
43
49
47
50
54
48
40
53
66
42
61
52
46
53
53
40
52
38
66
51
42
52
57
42
43
43
50
61
42
49
45
44
45
47
58
48
32
54
58
58
56
39
59
45
52
45
60
42
49
46
41
44
42
42
51
45
40
47
38
34
50
45
63
46
43
57
48
36
35
44
64
46
32
41
38
36
62
43
41
36
47
40
38
31
34
43
42
46
55
41
38
31
44
42
51
44
42
43
46
58
43
35
34
35
37
38
28
27
53
46
35
37
41
41
33
36
36
37
39
27
37
30
31
38
36
39
45
33
27
33
33
34
34
41
37
36
34
40
42
31
19
36
48
36
27
28
42
40
45
27
29
38
51
38
32
37
23
41
32
29
32
37
31
40
31
30
39
47
42
44
32
32
31
38
36
28
33
41
27
25
29
34
26
39
29
40
29
33
31
25
29
27
37
39
39
44
37
40
40
25
41
26
29
26
36
34
30
40
29
29
29
35
28
36
32
43
31
39
29
33
29
34
40
31
33
29
29
31
33
35
42
28
31
25
26
41
34
34
30
30
40
34
33
45
34
28
40
37
30
34
26
37
31
29
26
29
28
24
34
35
24
40
34
29
31
20
17
22
28
27
28
22
25
28
30
32
27
22
25
24
29
27
20
17
21
25
22
16
31
25
24
25
27
19
14
19
23
14
22
20
29
22
17
26
24
20
22
29
31
21
26
29
31
29
23
29
23
25
23
28
32
24
21
25
19
18
21
27
18
25
19
22
26
25
20
26
14
17
25
27
25
24
24
21
26
23
27
21
17
17
25
26
25
26
19
15
23
16
14
23
24
28
25
17
26
19
35
28
27
23
21
18
23
15
23
26
16
21
22
24
31
16
23
17
18
27
30
23
17
19
24
16
28
21
21
24
20
19
25
20
27
17
20
20
22
22
18
16
33
19
18
21
18
21
18
23
27
22
21
23
18
18
13
19
25
20
26
27
21
26
17
20
15
21
21
14
16
20
17
15
17
17
25
13
12
16
16
22
17
16
19
18
10
21
22
11
24
23
17
16
21
21
19
22
19
20
18
19
19
11
20
17
19
20
10
19
8
18
11
14
15
22
18
12
19
20
16
12
15
13
20
17
15
23
9
14
21
17
18
17
15
11
16
22
18
24
22
21
10
21
12
12
13
21
13
15
14
19
13
14
14
14
22
14
14
16
10
15
20
21
13
14
15
17
21
17
18
20
17
22
17
13
11
19
12
20
15
10
11
11
12
12
17
25
15
17
12
17
24
22
15
12
14
22
10
16
11
15
11
21
32
12
16
9
14
16
13
21
10
17
21
21
13
16
5
9
10
17
15
10
11
9
14
11
11
20
14
20
18
12
15
17
15
14
12
15
7
19
13
17
15
14
14
8
20
19
12
11
13
17
11
12
19
11
15
13
13
12
11
15
14
12
14
18
12
12
18
9
14
12
12
19
12
11
17
12
11
9
14
16
13
13
15
13
15
13
11
17
10
10
10
9
14
7
14
13
21
12
13
15
15
14
10
5
10
12
12
8
14
13
10
11
15
12
17
12
4
11
9
21
14
13
9
15
14
9
8
6
18
12
3
10
8
11
10
10
10
11
11
9
14
12
12
8
8
10
8
7
10
12
14
10
12
10
11
11
10
11
12
9
9
9
5
10
9
9
9
12
11
11
7
11
7
7
5
13
13
18
14
14
10
9
9
14
11
5
11
10
11
14
7
11
12
8
7
8
5
6
7
11
6
13
10
11
5
14
9
13
8
7
12
8
8
8
16
2
8
6
7
10
13
10
10
12
9
9
8
3
7
12
6
8
18
7
9
14
11
5
6
9
8
10
6
11
11
8
8
8
9
15
6
9
7
7
6
5
5
8
2
13
8
3
13
6
6
3
9
6
12
4
8
5
4
12
9
8
13
11
7
7
9
8
8
8
12
11
7
7
5
6
8
5
6
3
8
5
5
8
11
5
6
7
6
10
11
5
9
4
5
13
13
6
5
8
8
7
9
5
6
11
7
6
7
6
7
8
7
8
8
9
8
9
6
6
6
7
8
8
8
8
5
8
5
7
3
6
4
5
5
5
9
7
8
7
5
8
8
4
8
8
5
6
10
5
4
8
5
5
7
8
10
6
6
7
11
8
7
2
8
4
3
8
11
4
8
5
8
5
4
8
4
3
6
10
4
7
5
4
9
3
7
6
9
5
5
2
11
4
9
8
6
3
4
6
6
5
10
5
10
5
5
5
7
4
6
10
2
8
1
5
6
4
5
5
4
7
4
3
6
5
3
6
6
12
9
4
4
8
5
5
0
9
6
4
9
8
4
3
8
4
0
4
3
2
9
6
6
5
8
6
7
6
8
6
4
3
5
10
7
3
8
5
6
6
0
4
5
4
8
5
6
4
13
4
4
9
4
5
5
5
6
2
10
4
5
4
3
4
4
9
4
2
6
4
4
4
4
3
7
9
2
6
2
4
3
3
6
4
7
1
2
7
1
5
7
2
12
3
1
4
4
5
3
2
2
9
4
7
11
4
6
5
9
11
2
5
9
8
5
6
6
2
2
1
7
5
1
2
6
1
3
4
7
6
5
6
4
3
7
6
5
4
6
5
6
8
7
4
3
7
9
4
2
1
4
4
6
3
6
3
8
4
5
3
7
6
5
7
4
5
6
8
4
5
5
5
4
6
4
3
4
4
5
4
4
2
3
4
3
3
2
4
4
1
0
1
3
3
4
5
2
1
4
4
8
1
5
8
3
10
4
4
3
4
5
4
0
3
2
3
3
0
3
2
7
2
4
3
1
2
7
8
6
4
5
3
0
5
1
4
6
3
6
1
3
2
7
3
1
2
3
4
7
5
4
6
5
1
3
2
3
4
3
2
4
2
4
3
1
8
5
2
3
4
4
2
2
3
4
2
0
3
1
5
2
2
2
1
1
3
8
3
1
3
9
6
3
3
3
1
2
6
4
0
2
1
5
4
3
6
1
1
2
5
3
1
8
1
10
4
3
5
4
4
4
5
4
4
3
5
8
1
4
4
3
3
3
1
4
4
3
3
1
1
2
4
5
2
2
3
4
1
3
1
3
3
4
1
1
4
2
4
1
5
3
1
2
2
2
2
1
4
4
6
3
2
4
4
4
0
2
0
6
2
3
3
1
4
1
3
2
3
2
2
1
2
5
2
4
0
2
5
4
3
6
2
1
4
3
5
0
6
1
4
6
4
2
2
1
3
2
3
2
3
2
4
2
1
7
4
3
4
3
4
4
0
2
5
0
1
4
2
3
4
5
2
3
2
5
4
2
2
3
2
1
0
1
1
6
0
1
2
1
2
4
1
5
2
0
3
9
0
3
2
1
5
2
3
2
0
1
2
2
2
3
1
3
2
2
3
0
4
1
2
1
0
0
5
1
2
0
0
1
3
3
4
0
2
1
3
0
2
2
1
2
5
1
3
1
2
3
3
1
2
2
4
0
2
4
0
1
1
2
3
1
3
2
0
6
0
0
2
2
1
0
1
2
3
3
5
1
2
0
0
4
2
3
4
0
4
1
0
3
4
1
3
0
1
1
2
0
1
0
3
2
0
0
3
4
4
1
2
3
1
2
0
0
3
1
4
2
0
2
4
2
2
2
0
1
1
1
2
4
0
5
1
1
4
3
2
0
1
2
2
4
2
3
3
0
1
2
1
0
1
5
1
2
3
2
2
2
2
0
4
0
1
0
0
2
1
1
2
1
0
3
1
3
5
4
3
0
0
1
2
2
1
1
2
2
2
3
3
1
2
1
1
2
2
1
2
2
0
2
5
3
3
0
0
2
2
2
1
1
1
1
0
1
3
2
1
1
2
1
1
0
3
1
2
1
1
1
1
0
0
2
1
0
1
0
1
0
1
2
2
0
3
1
3
2
1
1
0
1
1
0
2
2
1
1
2
2
2
2
0
1
2
2
1
1
0
1
0
1
1
0
2
0
0
1
0
1
3
2
0
1
0
2
1
0
1
1
0
1
1
0
2
0
4
1
3
2
1
2
1
1
1
1
0
3
1
0
1
2
2
0
2
2
1
1
0
2
0
1
0
1
0
1
1
1
0
0
1
2
2
1
1
0
2
0
1
2
0
2
0
0
1
0
1
2
2
0
1
2
2
0
1
0
1
2
1
2
2
0
1
0
0
1
0
3
0
2
0
3
1
1
3
0
1
2
3
2
2
1
0
0
1
0
0
2
0
0
3
1
0
1
2
3
3
0
2
0
2
4
0
0
0
0
2
2
3
2
0
1
0
2
0
0
0
1
0
2
1
0
0
0
0
2
0
0
0
1
0
1
1
2
2
3
0
2
0
2
1
2
0
0
2
0
1
0
0
0
0
1
0
2
1
1
1
1
0
0
1
0
1
0
0
0
0
2
1
1
1
1
1
0
0
0
0
2
0
0
2
0
0
2
1
1
2
1
0
1
0
0
3
1
0
1
2
0
0
1
1
0
0
1
0
3
1
0
0
2
0
1
1
1
0
0
0
0
2
0
2
0
0
1
1
2
1
1
1
1
0
0
1
1
2
0
0
1
0
1
0
0
0
1
3
0
2
2
0
0
1
1
1
1
2
1
2
0
0
2
0
1
1
1
0
1
1
2
0
1
0
0
0
1
0
0
0
1
0
1
3
1
0
0
1
1
1
2
0
0
1
2
0
0
1
0
0
2
0
0
0
1
0
1
1
1
1
1
4
3
0
0
0
1
0
1
2
0
0
1
2
0
1
1
0
2
1
2
1
1
0
1
0
0
2
0
0
0
1
1
0
2
0
0
2
1
0
0
0
0
0
0
0
0
0
1
0
0
0
0
1
0
0
0
0
1
0
0
1
1
1
1
0
0
0
0
0
1
1
1
1
0
0
0
1
0
0
0
2
1
2
0
2
1
1
0
0
0
1
2
1
0
1
0
0
2
1
1
0
0
0
0
1
0
1
0
1
0
1
0
0
0
0
0
0
1
0
0
1
0
0
0
1
0
1
0
1
1
1
1
1
0
1
1
1
0
1
0
1
1
0
1
0
0
1
0
0
0
0
2
0
0
0
1
0
1
1
0
1
0
0
0
0
0
0
0
0
2
1
0
2
1
0
1
0
1
0
1
1
0
0
0
0
0
1
0
0
2
0
1
0
0
0
0
0
0
0
0
0
0
0
1
0
0
1
0
0
0
0
0
1
0
0
2
1
1
1
1
0
0
1
0
1
0
0
0
0
2
0
0
1
0
0
0
1
1
0
2
0
0
0
0
0
0
0
0
1
0
2
1
1
0
1
0
1
1
0
1
1
0
0
0
0
0
0
1
1
0
0
0
1
0
0
3
1
1
0
1
1
0
1
0
0
0
0
0
0
2
0
1
0
1
0
0
0
0
0
0
0
0
1
1
1
2
0
1
1
0
0
0
1
0
2
1
0
0
0
0
1
0
0
1
1
0
1
0
0
0
0
0
0
0
1
0
0
0
0
1
0
0
0
1
0
1
1
0
2
1
1
0
0
1
1
0
1
0
2
1
2
1
0
0
0
1
0
0
0
0
0
0
1
0
0
0
0
1
0
0
0
1
1
0
0
0
1
1
0
0
0
2
0
0
0
0
0
0
0
0
2
0
0
0
1
0
0
0
1
0
0
1
0
1
0
0
1
0
0
0
0
0
0
0
2
0
0
0
0
0
0
1
0
0
0
0
0
0
0
0
0
1
1
0
0
0
0
0
0
0
0
0
0
0
1
0
0
1
1
0
0
0
0
1
0
0
0
1
1
0
1
0
0
0
0
0
0
2
1
0
0
1
0
0
0
0
0
1
0
0
0
0
0
0
0
0
0
0
0
0
0
0
0
1
0
0
0
0
0
0
0
1
1
0
0
0
0
0
0
1
0
0
0
0
0
1
1
0
1
1
0
1
2
0
1
0
2
0
0
1
0
0
0
0
0
0
1
1
0
0
0
0
0
1
0
0
0
0
0
1
0
0
0
0
1
0
0
0
0
0
0
0
0
0
0
1
1
0
1
0
0
0
0
1
0
0
0
2
0
0
1
0
0
0
0
0
0
0
0
0
0
1
0
0
0
0
0
1
0
0
1
0
0
0
0
0
0
0
0
0
2
0
0
0
0
0
0
0
0
0
0
0
0
0
1
0
0
0
0
0
0
0
0
0
0
0
0
1
0
0
0
0
0
0
0
0
1
1
0
0
0
1
1
0
0
0
0
1
0
0
0
2
0
1
0
0
0
0
0
0
0
0
1
0
0
0
0
0
0
0
0
0
0
0
0
0
0
1
0
0
0
0
0
0
0
0
0
0
0
0
0
0
1
1
0
0
0
0
0
0
0
1
0
0
0
0
0
0
0
0
0
0
1
0
0
0
0
0
1
0
0
0
0
0
0
0
1
0
0
0
0
1
0
0
0
0
0
0
0
1
0
1
1
0
0
0
0
0
0
0
0
0
0
1
0
1
0
1
0
0
0
0
0
0
1
0
1
0
0
0
0
0
0
0
0
0
0
0
0
0
0
0
0
1
0
0
0
0
0
0
0
0
0
1
0
0
0
0
0
1
0
0
1
0
0
0
0
0
0
0
0
0
0
1
0
0
0
1
0
0
0
1
0
0
0
0
0
0
0
0
0
0
1
0
0
0
0
0
0
0
0
0
0
0
1
0
1
0
1
0
0
0
0
0
0
0
0
0
0
0
0
0
0
0
0
0
0
0
0
0
0
0
0
0
0
0
0
0
0
0
0
0
1
0
0
0
0
0
1
0
1
0
0
0
0
0
0
0
0
0
1
0
0
0
0
0
0
0
0
0
0
0
0
0
0
1
0
0
0
1
0
0
0
0
0
0
0
1
0
0
0
1
0
0
0
0
0
0
0
0
0
0
0
0
0
0
0
0
0
1
0
0
0
0
1
0
0
0
0
0
0
0
0
0
0
0
0
0
0
0
0
1
0
0
0
0
0
0
0
0
0
1
0
0
0
1
0
0
0
1
0
0
0
0
1
0
0
0
0
0
0
0
0
1
0
0
0
1
0
0
0
0
0
0
0
1
0
0
0
0
0
0
0
0
0
0
0
0
0
0
0
0
1
0
0
0
0
1
0
0
0
0
0
1
0
0
0
0
0
0
0
0
0
0
1
0
1
0
0
0
0
0
0
0
0
0
2
0
0
0
0
0
0
0
0
0
0
0
0
0
0
0
0
0
0
0
1
0
0
0
0
0
0
0
0
1
0
0
0
0
0
1
0
0
0
0
0
0
0
0
0
0
0
0
0
0
0
0
0
0
0
0
0
0
0
0
0
0
0
0
0
0
0
0
0
0
0
0
0
0
0
0
1
0
0
0
0
0
0
0
0
0
1
0
0
1
0
0
0
0
0
0
0
0
0
0
0
0
0
0
0
0
1
0
0
0
0
0
0
0
0
0
0
0
0
0
0
0
0
0
0
0
0
0
0
0
1
0
0
0
0
0
0
0
0
0
0
0
0
0
0
0
0
0
0
0
0
0
0
0
0
0
0
0
0
0
0
0
0
0
0
0
0
0
0
0
0
0
0
0
1
0
0
0
0
0
0
0
0
0
0
0
0
0
0
0
0
0
0
1
0
0
0
0
0
0
0
0
0
0
0
0
0
0
0
0
0
0
0
0
0
0
0
0
0
0
0
0
0
0
0
0
0
0
0
0
0
0
0
0
0
0
0
0
0
0
1
0
0
0
0
0
0
0
0
0
0
0
0
1
0
0
0
0
0
0
0
0
0
0
0
0
0
1
0
1
0
0
0
0
0
0
0
0
0
0
0
0
1
0
0
0
0
0
0
0
0
0
0
0
0
0
0
0
0
0
0
0
0
0
0
0
0
0
0
0
0
0
0
0
0
0
0
0
0
0
0
0
0
0
0
0
0
0
0
0
0
0
0
0
1
2
0
0
0
0
0
0
0
0
0
0
0
1
0
0
0
0
0
0
0
0
0
0
0
0
0
0
0
0
0
0
0
1
0
0
0
0
0
0
0
0
0
0
0
0
0
0
0
0
0
0
0
0
0
0
0
0
0
0
0
0
0
0
0
0
0
0
0
0
0
0
0
0
0
0
1
0
0
0
0
0
0
0
0
0
0
0
0
0
0
0
0
0
0
0
1
0
1
0
0
0
0
0
0
0
0
0
0
0
0
0
0
0
0
0
0
0
0
0
0
0
0
0
0
0
0
0
0
0
0
0
0
0
0
0
0
0
0
0
0
