0
0
0
0
0
0
0
0
0
0
0
0
0
0
1
0
3
1
9
12
29
48
62
112
119
181
218
244
302
320
383
470
497
579
679
744
788
972
1093
1243
1514
1750
2164
2622
3279
3983
4847
6003
7039
7999
9203
10336
11364
12532
13532
14719
15799
17128
18139
19713
20648
21836
23285
24410
25424
26285
27461
27997
28466
28889
28773
29225
29240
29427
29463
30026
29817
30060
30353
30200
30593
31229
31259
31407
31942
32217
32400
32165
32858
32840
33144
33403
33072
33740
33700
33909
34129
33930
33851
34243
34393
34593
34212
34502
34354
34331
34001
33842
33961
33426
33547
33272
32983
32527
32418
32318
32102
31684
31672
31159
30722
30419
30210
29815
29735
29227
28996
28981
28169
28275
27685
27720
27511
26995
26784
26313
26475
25794
25592
25586
25345
25326
24927
24513
24356
24068
24137
24004
23971
23822
23409
23208
23129
23277
23328
23185
22760
22837
22919
23265
23097
22977
22978
22721
23112
22752
22648
22950
22792
22710
22788
22729
22699
22416
22639
22493
22419
22399
22742
22195
21875
22065
21778
21887
21932
21746
21735
21032
21330
20949
21164
20719
20553
20231
19960
19781
19685
19543
19368
19186
18744
18770
18425
18178
18021
18131
17621
17527
17148
16885
16692
16564
16368
16061
15922
15956
15571
15431
15423
15255
15094
14678
14751
14692
14409
14397
14152
14116
13928
13999
13881
13621
13737
13602
13475
13283
13440
13306
13194
13274
13101
13042
13085
13032
12963
12878
12939
12725
12782
12671
12671
12632
12589
12391
12408
12110
12355
12037
12181
12044
11815
11777
11989
11868
11769
11560
11554
11502
11255
11196
11105
11252
10985
10943
10825
10681
10422
10446
10353
10253
10294
9983
9930
9689
9717
9548
9511
9219
9227
8957
8864
8796
8622
8639
8492
8433
8308
8401
8134
8228
8183
8084
7955
7874
8167
7784
7767
7575
7589
7613
7464
7590
7541
7485
7288
7291
7494
7429
7154
7091
7172
7187
7272
7148
6958
7072
7127
6993
6914
6883
6911
6668
6616
6592
6693
6493
6506
6460
6509
6419
6392
6192
6073
6277
6031
6150
6045
6044
5952
6004
5958
5824
5698
5696
5480
5475
5471
5512
5339
5386
5236
5098
5092
5099
5114
4866
4893
4840
4670
4625
4629
4578
4678
4543
4563
4346
4357
4342
4258
4261
4263
4213
4071
3942
4024
4069
3784
3989
4039
3882
3858
3877
3961
3797
3794
3886
3604
3824
3777
3708
3717
3682
3667
3682
3608
3528
3562
3399
3564
3616
3479
3529
3528
3487
3462
3411
3444
3461
3373
3406
3375
3329
3348
3351
3215
3196
3186
3259
3073
3033
3106
2989
3022
2997
2952
2896
2863
2951
2822
2791
2808
2795
2703
2659
2677
2620
2536
2631
2588
2519
2488
2417
2428
2458
2353
2353
2350
2353
2306
2269
2261
2237
2200
2198
2121
2097
2215
2050
2135
2097
2106
2092
2031
1995
2003
2030
2076
1971
1971
2016
1995
1998
2015
1894
1965
1925
1883
1892
1936
1927
1868
1893
1903
1886
1766
1809
1883
1801
1832
1857
1739
1793
1743
1721
1658
1632
1790
1627
1680
1591
1665
1661
1560
1576
1628
1590
1539
1536
1583
1532
1526
1505
1451
1447
1436
1458
1440
1413
1371
1378
1329
1313
1253
1344
1340
1296
1340
1219
1245
1252
1216
1216
1179
1195
1230
1198
1209
1175
1161
1167
1105
1118
1119
1169
1105
1158
1141
1089
1150
1082
1060
1001
1065
1122
1103
1045
1097
1034
1064
1012
1056
1099
1022
989
1044
998
1029
976
1034
1003
949
974
971
976
968
959
1011
976
915
958
899
957
942
878
873
895
914
858
848
858
875
860
843
791
848
777
792
789
742
754
721
752
701
736
737
772
684
741
739
716
760
693
719
697
678
677
655
634
624
645
631
666
641
635
655
634
620
612
649
597
605
606
634
625
596
592
587
614
600
573
589
576
609
625
579
536
553
592
566
542
534
566
488
561
567
530
523
571
509
509
542
548
561
535
519
519
490
501
477
484
513
472
466
515
498
499
494
442
415
473
414
457
423
444
396
423
438
396
427
410
409
378
390
409
395
392
411
402
440
397
359
372
336
391
370
338
363
333
377
383
328
346
316
317
336
343
335
354
343
356
331
319
321
350
318
367
309
324
352
356
346
324
348
300
314
294
316
290
318
303
313
306
317
303
270
282
298
265
309
288
268
275
283
277
276
276
254
281
277
270
265
266
254
248
253
235
232
244
273
238
238
230
229
232
219
207
228
221
233
232
241
209
219
251
217
213
207
223
213
217
203
201
201
173
229
212
219
212
208
186
214
216
197
212
179
203
197
168
185
178
179
192
178
173
184
165
185
198
184
175
183
191
202
195
170
205
166
175
168
180
182
160
147
166
156
165
187
162
145
166
181
166
164
163
156
143
155
173
141
135
158
153
135
143
119
125
154
128
111
133
120
132
130
122
131
131
142
131
111
124
114
132
139
124
103
131
141
112
123
99
114
123
130
118
107
127
132
106
108
101
104
111
104
107
132
108
126
111
130
105
108
95
106
95
123
119
110
117
105
114
92
106
105
105
77
113
92
103
91
114
93
112
98
97
103
75
97
88
88
106
68
99
86
111
100
92
81
82
65
89
83
93
81
80
88
77
87
82
60
71
81
77
80
75
74
79
72
66
86
63
86
82
78
69
69
59
79
78
71
71
67
71
67
78
71
75
83
75
67
84
69
87
67
77
66
59
63
64
69
69
73
73
72
63
66
77
62
66
61
73
70
49
57
63
62
52
59
59
68
57
71
44
50
56
57
68
49
62
59
58
61
53
61
50
43
61
70
49
52
50
63
58
43
60
48
51
43
47
42
49
51
56
46
69
59
60
52
52
35
47
52
47
50
39
53
43
43
47
41
41
37
50
62
47
46
56
53
48
47
46
53
41
45
33
41
41
50
58
52
42
47
46
61
48
47
36
48
36
36
36
37
28
43
36
42
36
38
44
34
43
37
32
35
39
27
34
42
40
44
44
30
44
35
35
33
31
36
28
36
28
27
37
38
46
31
30
35
41
35
24
30
31
25
42
35
27
32
24
27
29
26
42
25
27
28
28
30
26
31
42
35
42
27
33
24
34
39
33
29
38
34
42
24
31
32
22
38
34
26
27
18
26
25
26
36
37
29
40
29
28
24
19
30
21
33
20
30
25
28
27
29
30
29
35
33
28
19
23
21
22
20
30
25
31
9
26
26
24
19
29
27
22
17
22
17
25
32
25
33
23
23
21
23
21
17
21
19
17
21
25
26
21
24
19
26
21
28
20
18
17
20
18
22
32
17
22
18
18
27
21
24
23
17
21
22
23
21
27
19
18
20
23
25
16
21
22
22
10
27
15
29
12
21
23
19
20
25
15
20
21
25
12
24
24
17
19
13
20
14
16
15
14
20
17
20
15
30
16
17
13
23
25
7
16
14
8
19
18
27
22
14
14
18
18
19
13
21
17
19
15
19
23
13
22
17
11
17
16
16
14
15
23
13
10
22
12
15
13
25
18
15
8
11
22
16
14
12
12
14
16
18
13
18
11
12
6
14
13
16
16
15
15
14
11
11
15
13
19
14
13
10
13
23
12
13
6
15
15
10
10
12
7
12
13
9
10
13
11
8
16
9
8
14
15
9
10
7
10
11
23
16
9
11
13
8
17
13
17
14
14
12
14
9
19
10
12
10
7
11
11
10
12
11
24
11
14
14
11
25
13
17
9
11
16
13
14
15
13
12
7
9
18
14
11
14
17
16
13
7
11
20
12
11
15
7
13
13
16
9
16
14
14
13
4
11
11
10
9
9
17
6
16
6
13
13
9
14
10
5
11
12
15
9
11
13
11
9
10
12
14
11
8
11
13
6
8
15
9
11
13
5
8
8
9
14
9
9
8
13
5
13
12
6
13
9
16
9
17
12
7
17
7
10
9
9
14
9
13
10
9
15
9
11
11
13
9
11
12
12
8
10
6
11
8
11
11
9
20
12
6
5
12
14
12
8
10
11
3
10
5
8
7
9
8
7
8
13
6
5
10
8
9
6
11
8
9
10
4
10
12
8
10
11
6
9
10
13
9
18
12
10
8
12
10
11
11
13
7
9
7
10
7
6
3
4
11
11
6
8
6
7
11
10
13
6
10
12
11
6
8
6
8
7
5
7
12
9
5
9
6
15
11
6
8
8
11
8
10
10
6
7
5
6
11
8
12
6
11
9
10
9
12
6
4
8
9
9
6
8
12
9
12
6
5
7
10
12
5
3
8
12
9
13
12
9
5
7
8
7
4
9
6
9
6
7
8
13
9
6
5
5
4
7
7
8
8
5
6
2
3
7
2
7
14
9
9
5
8
5
5
17
4
8
5
5
6
12
10
5
8
12
9
5
5
8
6
8
7
9
9
5
7
11
4
5
8
16
8
8
9
6
11
5
7
6
7
10
8
9
9
4
6
7
4
8
8
5
4
6
8
4
4
7
2
5
8
7
3
6
9
8
7
5
5
8
9
5
9
5
8
11
6
6
3
11
5
14
8
9
12
7
6
4
8
7
3
4
11
12
3
10
4
2
7
5
1
8
11
7
4
3
6
7
6
5
7
4
13
5
6
9
11
4
7
4
3
2
5
2
12
4
8
4
4
7
2
6
12
8
2
4
8
7
6
7
8
5
7
6
10
7
8
4
5
6
10
6
8
4
8
5
3
8
7
5
8
3
6
3
8
7
2
3
5
4
3
5
6
3
8
9
7
3
9
7
6
8
7
8
7
5
5
6
7
4
5
8
5
3
10
4
8
6
3
7
4
5
4
2
4
3
5
6
7
3
11
4
10
4
7
5
9
8
10
7
7
8
4
8
4
7
4
7
8
7
7
5
9
3
5
4
9
2
8
2
5
7
1
6
6
5
6
8
7
5
7
7
1
4
4
4
4
7
8
5
5
7
8
3
4
10
7
6
5
7
6
4
4
5
5
8
9
10
3
4
9
6
4
7
8
3
3
11
6
12
5
2
5
2
8
5
5
3
4
3
5
4
4
9
5
5
7
3
4
7
9
5
5
4
2
4
3
8
4
3
5
2
6
1
2
5
10
7
7
6
2
8
4
3
3
4
3
5
3
7
4
6
4
5
4
3
6
5
5
2
8
13
5
6
9
3
4
7
8
11
6
4
3
6
2
10
8
3
5
8
5
4
7
3
6
2
1
1
6
5
4
5
7
7
11
7
7
2
5
6
7
2
3
9
4
6
6
4
9
6
10
4
6
3
6
6
1
6
5
5
4
5
1
4
9
8
8
5
7
7
9
5
4
5
7
5
2
3
2
3
5
7
3
4
5
1
10
3
5
6
5
3
3
8
8
7
6
12
4
2
3
3
7
11
3
3
2
6
7
4
5
4
4
1
2
2
4
5
2
4
6
6
6
3
9
10
5
5
0
6
3
3
8
5
5
2
6
2
7
11
5
5
7
4
7
6
2
3
2
3
2
2
4
5
7
5
4
8
5
2
4
3
1
3
7
5
4
3
5
3
4
4
5
2
2
2
4
8
4
5
7
3
6
2
3
7
5
4
5
5
4
3
5
2
4
1
3
4
6
4
9
2
8
3
2
4
4
3
2
6
4
12
6
5
4
6
9
5
0
9
2
3
2
8
4
3
6
4
5
6
1
5
4
4
4
6
6
5
3
8
4
0
4
4
5
6
7
3
3
2
8
6
3
6
3
1
3
6
7
3
5
6
6
5
4
8
6
3
4
3
2
6
5
3
4
5
5
2
7
3
3
5
5
4
6
4
3
5
4
3
5
3
5
7
4
3
2
4
1
4
4
6
2
6
6
5
4
5
2
4
4
1
1
0
2
2
4
1
3
4
4
4
3
5
6
4
3
4
8
3
5
1
3
7
7
1
3
2
2
6
9
4
7
5
3
3
3
8
2
6
4
5
4
5
5
4
4
2
5
4
3
5
4
2
3
1
4
5
4
2
6
4
4
1
4
2
2
5
4
3
2
2
2
4
4
3
2
3
1
6
0
5
2
4
2
4
1
1
2
1
3
8
9
2
4
5
0
5
1
3
7
5
3
3
6
4
6
3
2
4
2
3
2
5
7
2
2
2
5
3
4
3
4
2
3
4
2
8
9
7
3
3
2
3
5
2
6
1
3
6
4
6
2
4
3
4
9
6
7
4
1
7
4
5
3
4
3
5
6
3
3
1
6
1
3
3
6
7
2
3
6
3
4
5
3
3
4
2
4
2
1
4
6
2
6
0
6
4
4
6
2
3
4
3
2
4
5
3
2
5
2
0
5
4
3
2
3
1
7
1
0
2
5
3
6
3
1
4
1
3
3
4
4
4
2
1
5
4
5
4
2
3
3
0
5
2
1
2
2
2
3
3
7
2
6
3
2
3
3
3
1
5
4
3
5
3
4
5
3
4
5
3
2
6
5
2
2
4
6
3
3
3
6
5
2
5
3
1
4
3
5
2
1
4
1
4
3
5
3
2
5
4
5
3
6
6
6
2
1
5
4
5
3
0
1
2
1
2
3
2
2
0
5
3
2
2
6
3
1
2
7
5
4
2
1
4
0
4
6
3
3
4
5
1
7
1
1
5
2
5
4
2
2
5
3
1
3
5
4
0
3
3
5
6
4
6
1
0
10
0
2
2
2
4
4
7
1
5
7
4
6
3
5
2
2
5
5
4
7
8
4
4
3
1
4
4
2
0
1
6
1
2
1
1
4
9
4
5
3
5
3
0
1
2
3
1
2
6
2
3
2
3
2
3
5
0
5
3
5
5
4
3
2
6
2
2
3
5
1
5
2
2
5
2
2
4
2
5
2
5
2
1
3
1
5
2
2
2
4
6
1
3
9
2
2
1
0
2
3
2
3
2
4
1
3
5
2
2
2
3
2
1
4
2
3
5
3
6
3
4
3
4
2
2
5
9
3
5
5
4
4
2
4
2
1
1
1
1
3
0
6
0
2
3
2
7
2
4
2
0
6
3
5
3
1
5
2
2
1
6
8
1
4
2
6
3
3
3
3
4
2
1
4
5
3
1
5
4
0
1
3
1
2
0
5
1
7
3
5
2
3
5
3
6
4
2
4
1
2
4
1
1
4
3
7
1
3
2
6
3
2
1
2
4
0
4
4
4
5
3
4
6
0
5
2
4
2
5
2
5
4
6
2
2
4
3
4
3
4
4
3
5
1
5
3
4
2
4
3
4
4
2
4
2
3
2
3
1
2
4
3
2
4
1
1
4
5
7
1
8
7
3
9
6
3
2
2
2
4
4
3
7
4
1
4
2
5
2
3
7
3
4
1
0
4
4
1
3
3
5
3
4
5
1
8
0
4
2
5
3
6
4
1
2
2
4
1
6
5
4
6
2
6
2
5
4
2
4
2
8
1
6
4
3
4
3
7
1
1
1
3
3
2
5
6
4
3
3
4
2
3
4
2
1
3
1
4
1
3
4
2
4
2
1
4
3
3
3
2
3
3
1
2
2
2
2
3
5
0
2
3
4
5
8
4
1
3
2
2
2
6
3
1
5
5
2
3
1
2
5
3
4
2
3
3
3
7
3
1
3
4
5
6
6
1
2
5
6
5
4
2
4
2
3
4
1
3
2
3
3
2
4
3
2
3
4
3
7
3
2
4
4
6
4
4
3
2
5
6
1
4
6
3
5
5
5
5
4
5
2
1
1
2
1
2
3
3
7
5
1
6
4
8
4
0
2
5
3
4
2
5
1
4
5
3
5
2
3
2
6
5
3
4
3
2
2
2
3
5
1
3
4
2
3
1
4
3
6
4
3
2
4
1
3
3
5
3
6
3
5
3
4
4
2
3
2
4
6
5
3
7
6
6
3
4
7
4
2
3
3
2
5
3
3
7
4
4
0
8
3
3
3
2
5
3
3
7
2
3
0
3
2
3
0
4
5
4
2
2
3
1
3
5
4
0
3
2
4
0
5
5
2
6
3
7
4
3
4
2
4
4
2
3
3
5
7
5
3
1
3
1
2
5
7
6
3
3
4
3
1
3
8
3
5
5
5
3
4
5
3
2
2
3
2
0
6
0
4
4
2
3
3
3
5
4
5
5
3
3
3
4
4
1
5
3
5
6
1
3
6
3
1
1
2
7
3
6
3
2
6
2
4
6
7
5
5
6
4
4
4
0
3
6
3
4
3
7
2
4
5
7
4
8
8
4
2
5
3
2
7
2
2
6
6
2
6
3
4
3
4
6
4
4
4
3
5
1
6
5
5
6
2
8
5
2
7
5
4
1
4
1
4
3
4
4
4
2
9
4
4
4
11
2
4
6
4
2
4
2
7
8
2
4
4
5
2
1
4
3
9
6
2
2
3
4
5
6
11
3
4
6
6
5
2
2
4
8
6
8
6
7
1
8
2
5
3
3
5
6
3
5
4
1
1
11
2
4
4
4
3
4
8
8
2
1
2
4
5
6
4
3
7
3
8
3
4
6
4
3
5
4
2
4
3
1
4
7
5
4
3
7
5
5
0
4
6
4
5
2
6
5
7
7
5
6
1
3
7
1
5
8
4
3
2
2
2
2
7
3
3
5
6
6
8
4
3
2
3
6
3
2
2
3
4
4
4
4
6
3
4
8
6
5
7
5
2
6
1
8
5
4
6
5
2
3
9
3
2
6
7
2
3
2
4
5
7
1
7
8
2
4
5
5
7
1
6
7
1
12
4
1
3
9
2
9
7
1
3
7
3
4
7
3
4
6
6
3
7
2
4
2
5
3
3
10
3
7
6
2
6
6
4
7
6
6
3
4
5
7
7
9
5
2
1
3
8
10
5
5
3
1
6
5
5
6
2
4
1
5
1
6
5
7
4
2
1
7
4
6
7
3
2
5
3
3
6
3
1
4
7
4
8
5
8
6
2
1
6
6
5
6
3
1
4
4
6
4
6
8
7
5
7
6
6
4
8
5
7
10
8
1
3
6
4
7
6
4
6
4
8
8
6
1
2
3
10
7
5
3
8
4
5
4
1
2
7
6
6
2
4
7
4
9
4
7
7
5
9
3
7
6
8
5
6
2
5
8
5
5
4
3
4
5
4
5
4
6
6
5
5
8
4
10
7
5
10
2
10
7
5
7
6
1
6
3
10
4
6
7
8
6
6
7
7
6
6
3
2
3
10
7
5
10
6
6
7
4
9
5
3
7
2
2
6
4
3
5
5
6
4
3
6
3
3
4
6
10
5
3
3
4
7
6
8
6
13
3
5
5
3
11
9
7
2
11
7
6
6
6
10
3
12
7
7
7
10
3
8
11
4
9
3
4
10
8
8
8
7
6
6
6
6
4
5
7
2
7
3
10
9
3
5
3
3
5
1
2
8
8
6
5
6
6
6
5
5
9
7
7
10
9
9
5
9
5
9
9
6
5
3
7
1
6
2
7
2
5
8
8
5
7
6
6
10
3
9
7
5
3
5
7
11
4
5
6
9
4
9
7
9
10
6
6
7
9
17
5
9
5
9
8
7
7
8
8
13
5
3
10
5
5
4
6
11
9
5
9
5
9
6
8
7
5
6
7
8
9
5
10
6
13
8
4
6
5
6
7
8
9
10
7
12
3
6
4
7
7
9
7
7
8
11
10
4
4
2
5
6
6
9
7
5
9
3
8
8
10
7
7
9
2
4
4
11
7
2
8
7
6
8
7
9
9
2
11
7
8
4
7
10
4
8
10
7
4
10
4
9
9
7
8
3
5
6
6
6
1
10
3
12
10
3
8
5
7
4
4
8
3
9
7
8
7
10
9
8
10
11
12
9
6
10
3
7
8
10
6
7
7
14
10
5
5
5
4
8
9
4
9
6
6
5
4
7
7
6
13
8
10
10
8
10
10
7
10
8
4
7
4
4
12
11
10
7
12
6
5
5
7
5
8
7
9
2
4
8
8
12
8
6
7
6
10
7
8
10
9
5
6
6
11
11
4
7
7
12
6
12
8
9
2
2
6
4
4
6
7
7
14
6
7
6
10
4
9
5
6
12
8
6
4
3
8
7
5
9
6
7
4
5
6
5
8
5
8
5
10
5
9
7
10
5
2
2
9
7
6
4
12
4
7
12
8
8
3
7
7
2
5
7
7
7
8
11
8
6
7
9
5
1
8
4
9
6
6
8
1
12
6
10
3
8
5
7
11
13
4
8
4
11
5
9
3
11
8
4
8
11
5
7
7
4
9
11
11
5
8
4
10
9
5
10
3
9
8
9
6
3
5
6
5
6
12
8
7
7
8
10
6
5
6
8
7
7
7
15
6
8
8
4
7
8
6
9
6
15
13
5
11
9
12
1
11
6
8
10
12
10
7
9
10
11
9
10
9
3
7
8
5
6
10
15
10
6
6
7
13
4
9
6
8
11
6
6
11
8
4
5
8
10
9
8
7
10
5
5
8
4
8
5
9
5
7
7
8
8
6
6
9
12
9
8
8
14
6
9
9
5
8
8
6
8
7
7
7
5
6
12
11
8
13
10
5
9
7
9
7
9
6
8
1
7
11
4
9
6
13
16
8
3
7
8
7
10
6
12
8
5
11
6
4
7
8
9
8
8
7
9
9
6
12
12
8
8
6
13
11
11
11
10
15
9
5
6
7
11
10
6
16
9
10
6
7
6
9
3
6
6
9
10
3
10
6
7
19
13
7
13
4
9
8
6
11
11
7
6
12
9
9
6
10
8
6
6
3
15
7
6
6
6
7
14
8
5
11
7
14
7
4
7
4
8
13
6
9
5
7
9
13
5
7
6
14
6
10
7
9
9
6
7
5
8
7
16
9
8
4
9
9
12
9
8
8
6
6
8
9
6
5
5
6
10
17
15
7
6
10
12
7
6
7
13
13
8
10
6
8
12
11
6
1
9
12
2
8
6
3
9
10
12
13
4
5
10
7
8
12
11
16
4
7
9
5
5
16
7
8
7
11
6
9
10
13
10
9
5
10
8
8
10
11
7
12
6
5
10
6
10
9
11
10
3
13
6
6
7
10
10
5
8
15
11
8
9
6
2
9
6
5
12
7
13
9
11
6
8
10
12
17
7
6
11
7
13
13
10
8
10
14
5
7
10
3
8
9
5
10
10
8
7
9
11
11
4
7
13
7
6
19
5
7
8
2
12
8
7
12
9
12
8
9
10
6
9
14
9
8
12
10
9
9
9
8
5
7
6
11
12
7
9
9
6
8
8
8
12
5
10
14
7
9
3
8
8
7
6
9
10
7
8
7
6
12
9
12
11
15
9
5
6
6
6
9
6
7
10
6
10
6
8
6
12
5
14
12
10
6
7
4
4
6
6
8
7
9
12
15
4
10
6
10
13
8
8
6
5
9
7
11
9
15
5
6
8
9
10
9
6
6
8
17
6
11
5
9
5
7
3
8
6
8
11
6
9
6
7
6
7
5
12
8
7
4
7
4
11
11
8
7
8
9
5
8
7
8
9
12
6
9
11
14
4
10
5
6
14
5
7
9
5
8
6
10
6
7
5
7
13
11
9
8
8
10
5
10
6
6
9
7
10
7
6
12
8
13
11
11
6
11
16
11
6
7
2
8
6
10
9
8
9
4
4
6
8
6
4
9
9
10
14
8
10
11
10
6
10
9
3
11
7
8
9
18
9
10
5
9
6
8
5
9
13
5
12
4
9
9
7
6
8
7
6
13
7
5
11
14
10
6
6
6
10
10
12
9
5
5
12
9
9
8
8
8
7
9
10
8
2
3
6
13
4
8
8
13
11
7
9
6
5
5
9
8
7
8
3
7
7
8
6
9
9
9
7
9
14
12
13
11
6
6
2
6
7
7
11
8
10
4
10
5
7
9
7
10
9
8
4
10
8
10
8
11
8
5
6
14
9
8
4
12
4
12
8
11
10
9
5
3
8
5
11
10
6
16
9
9
9
11
7
12
12
9
2
11
12
15
12
6
14
10
7
7
3
10
7
7
10
14
13
7
9
5
6
7
7
14
7
6
5
13
5
9
1
8
11
7
7
5
7
19
7
10
7
10
9
9
9
10
5
6
5
7
9
6
9
14
9
3
11
6
10
7
10
9
11
11
10
4
9
5
8
12
9
5
7
8
6
11
6
3
3
7
8
5
5
6
8
6
6
5
5
4
8
9
4
7
6
11
10
14
7
13
2
6
8
10
2
8
10
6
11
6
9
5
5
7
7
7
10
8
17
7
8
12
5
8
8
6
7
8
7
6
8
5
10
7
7
7
8
6
10
4
9
12
6
4
9
11
9
14
7
3
5
8
6
7
7
5
9
7
13
3
9
5
7
4
2
8
7
12
12
15
10
10
10
4
3
7
7
8
4
8
4
6
5
8
8
10
5
4
3
3
12
1
5
9
7
10
3
7
9
7
9
5
10
14
13
11
6
8
7
3
9
12
4
10
4
6
5
8
7
5
12
5
11
8
9
11
5
6
10
3
4
6
4
3
7
6
15
8
7
9
9
6
8
11
7
6
6
5
7
5
8
11
9
4
9
10
0
7
6
9
6
8
7
9
12
7
9
7
4
7
6
6
6
10
8
4
9
5
6
7
9
3
7
6
4
6
15
4
2
5
7
11
8
12
4
7
11
5
6
6
4
6
7
9
5
5
8
13
8
1
4
7
6
10
5
4
8
9
5
7
8
6
8
9
9
12
7
9
6
3
9
9
5
6
7
6
7
4
9
6
7
12
2
3
5
8
7
6
10
3
5
8
7
5
3
5
10
3
11
6
5
10
8
4
14
13
6
8
3
5
6
4
5
7
8
8
4
9
14
5
3
3
6
10
9
3
9
4
7
11
2
7
3
5
6
4
5
7
7
2
3
7
7
6
6
6
6
3
1
5
6
3
6
5
6
4
6
4
2
11
9
5
5
2
5
7
5
3
5
11
10
6
13
10
8
8
3
5
3
3
7
3
13
14
6
4
9
5
4
7
7
6
10
5
4
2
8
9
5
6
5
6
6
5
7
4
5
5
6
6
6
5
7
7
8
9
10
7
6
3
9
5
4
2
6
5
5
6
5
5
5
8
6
8
5
6
8
4
6
3
6
9
7
4
4
5
3
2
9
9
5
2
6
7
6
6
8
5
4
6
4
11
6
9
7
7
6
7
7
5
4
9
4
10
12
4
4
4
4
4
10
6
4
5
5
4
4
7
3
6
8
7
6
4
6
3
7
5
5
4
3
4
8
7
8
10
4
3
7
5
5
8
8
4
5
4
5
4
3
5
6
5
4
3
5
4
9
4
3
4
6
1
6
11
10
9
6
5
6
7
11
4
7
7
9
9
5
6
4
10
5
4
6
7
6
4
7
2
7
9
5
3
6
4
9
4
9
6
6
9
5
4
10
8
1
6
5
4
9
2
8
6
3
6
5
9
3
10
7
3
6
4
4
4
5
4
4
6
7
3
3
8
5
5
7
1
4
8
3
7
4
2
2
5
7
5
5
6
5
4
3
11
2
5
8
6
7
4
4
7
3
7
5
6
4
4
3
8
1
4
12
6
3
5
1
6
2
10
7
6
2
6
3
3
3
7
7
4
6
6
2
6
7
5
4
5
4
5
6
4
6
2
2
3
2
8
5
6
5
3
3
9
2
4
4
2
9
4
6
4
8
4
3
7
3
4
8
6
5
5
7
8
8
5
2
6
6
8
4
2
4
4
4
2
7
7
3
1
2
7
3
7
6
5
2
3
6
3
2
2
3
5
4
7
8
9
2
3
4
5
6
9
2
4
4
6
3
5
3
4
3
5
6
6
5
5
5
3
3
4
7
5
3
7
9
3
2
4
6
5
4
4
6
3
4
1
5
1
4
6
10
5
4
4
7
6
6
4
5
3
1
5
5
4
8
5
4
5
7
6
3
3
7
7
5
6
6
6
1
3
3
1
5
7
3
8
6
4
3
4
2
3
6
4
3
3
4
4
7
4
2
7
10
3
3
3
3
5
5
9
7
3
10
2
1
1
3
4
3
5
1
4
4
1
2
4
5
2
5
6
4
0
3
7
5
0
3
3
2
9
5
4
1
2
5
12
7
7
4
9
6
7
1
2
3
2
6
6
4
2
6
1
6
3
4
8
5
3
5
1
2
2
4
4
4
6
7
1
5
4
2
2
10
0
2
4
4
2
10
3
6
4
5
3
11
6
3
5
2
3
3
2
3
2
2
2
7
7
5
2
3
4
3
3
3
4
3
4
4
6
7
4
2
4
4
3
2
4
6
1
3
1
7
5
2
2
3
4
2
3
4
4
2
4
1
2
1
4
4
0
5
1
2
4
4
4
5
4
6
2
6
2
2
2
4
7
2
4
4
1
5
3
1
4
8
2
5
2
5
7
3
3
5
5
1
1
4
3
5
2
5
4
5
2
0
7
8
3
3
3
3
2
0
2
2
7
2
3
5
0
2
3
2
1
3
3
5
4
3
0
3
3
2
0
2
0
2
2
6
5
2
0
1
2
2
2
3
5
1
1
1
7
8
3
5
3
3
0
0
1
4
7
5
3
5
2
2
4
5
5
4
3
8
5
5
6
5
4
4
4
6
2
0
1
0
3
2
5
1
3
1
4
3
3
3
4
1
0
0
3
2
2
2
0
2
4
2
2
3
5
4
0
4
2
3
1
4
1
2
5
3
2
4
4
4
3
2
3
6
2
3
1
3
3
2
4
5
3
7
3
3
0
2
3
1
3
2
2
3
1
6
2
2
5
2
7
6
3
1
8
0
2
3
5
2
2
6
1
0
2
1
1
4
1
2
1
0
2
3
0
1
2
6
3
2
2
4
3
2
2
4
6
3
3
3
3
2
0
2
4
4
1
5
2
2
1
2
2
0
3
2
1
2
2
4
1
2
4
5
3
4
3
1
0
2
2
2
4
3
1
3
7
4
2
0
0
1
3
2
0
3
2
6
0
0
2
1
5
2
2
2
1
3
0
1
2
5
5
1
1
3
2
5
2
4
4
1
3
1
2
2
1
4
3
3
2
3
1
1
4
1
0
3
2
4
4
0
0
1
2
1
2
1
3
0
0
1
1
3
0
2
2
2
3
3
0
3
2
3
4
2
1
2
1
4
3
4
2
3
3
3
1
5
3
2
3
4
3
2
1
1
2
1
2
2
1
1
1
0
1
0
4
5
5
3
4
2
0
2
2
2
1
3
1
2
1
4
2
3
2
5
2
1
0
3
1
2
0
2
4
2
1
5
1
2
5
4
2
3
5
1
1
4
1
1
4
2
2
2
3
5
1
6
3
3
1
0
1
1
1
4
1
0
0
2
1
0
5
2
2
0
3
1
1
2
1
0
4
1
3
4
2
1
3
1
6
0
5
4
1
0
1
3
0
0
1
0
0
0
4
0
3
2
3
3
3
4
0
2
1
1
0
5
3
1
4
3
3
2
6
0
0
4
1
0
1
1
2
1
0
1
2
3
1
0
4
1
1
1
3
0
1
3
2
0
2
3
1
0
0
0
4
2
3
1
1
2
2
3
1
2
1
3
2
2
1
2
2
1
0
2
1
2
2
2
2
0
2
2
3
0
5
0
0
2
3
2
2
2
0
2
0
3
1
0
1
0
0
4
0
2
1
2
1
3
2
3
4
0
0
1
3
3
3
2
0
1
1
0
0
0
1
4
1
2
0
4
0
3
1
3
3
2
4
1
0
0
1
2
0
3
1
1
2
2
0
2
2
2
3
2
0
2
1
2
2
0
2
2
2
0
1
6
2
3
1
1
3
1
0
1
0
1
2
3
0
2
3
3
0
1
0
1
1
2
1
1
1
0
1
2
1
5
3
1
1
1
2
1
2
2
2
0
1
1
2
2
0
1
0
2
1
1
1
2
0
2
1
1
0
0
1
3
0
3
4
0
1
0
2
2
2
3
2
1
3
2
1
0
0
1
0
0
2
3
4
0
0
0
1
2
2
2
1
0
2
0
2
1
3
0
2
3
1
0
1
2
0
0
2
1
0
2
1
1
0
2
4
1
1
1
0
2
1
1
3
1
1
0
1
1
1
2
0
2
0
1
1
0
4
1
1
1
0
1
1
2
2
0
4
0
2
2
0
1
1
1
1
0
1
0
1
2
2
1
1
2
0
0
2
3
0
1
0
2
0
0
1
1
0
1
0
0
1
2
3
1
1
1
1
3
2
1
0
2
1
1
4
0
0
0
2
2
0
4
0
0
0
1
0
1
1
1
1
0
2
2
1
1
4
2
1
1
1
3
2
0
2
2
1
1
2
1
0
0
1
3
1
2
0
0
0
0
2
2
1
1
1
1
1
0
0
2
3
2
1
1
0
3
3
0
2
1
1
0
0
1
2
0
0
3
1
0
1
2
1
1
0
0
3
2
0
0
3
0
0
0
2
0
1
3
1
1
1
0
0
2
2
1
1
1
0
1
0
0
0
0
0
0
0
0
1
1
0
1
2
1
2
1
0
3
2
2
1
3
0
0
0
1
1
0
0
1
1
1
0
2
1
2
1
0
0
1
1
0
1
1
0
0
0
0
1
1
0
1
0
0
1
1
0
1
1
1
1
0
1
0
0
0
3
0
3
0
1
0
1
0
1
2
1
0
1
1
0
0
1
0
0
0
0
2
1
1
3
0
2
0
0
0
0
0
3
0
1
3
1
0
0
3
1
0
0
1
0
0
0
1
1
2
2
1
1
0
1
2
0
3
1
0
0
0
1
2
2
1
1
0
0
0
0
0
4
1
2
3
1
2
1
1
2
1
0
1
0
0
0
0
2
3
1
2
0
2
0
0
1
0
0
1
2
1
0
1
0
0
1
1
4
0
2
2
1
1
1
2
1
1
1
1
0
0
0
0
1
0
0
0
2
1
1
2
0
0
0
1
1
1
1
0
1
2
0
0
0
0
1
1
0
3
0
1
0
1
2
1
0
0
1
0
0
0
0
1
0
0
1
1
1
0
0
0
1
2
0
1
1
1
1
0
0
0
0
1
2
0
0
0
0
0
0
0
0
1
1
0
0
1
1
0
0
0
0
0
2
0
1
2
3
1
0
1
1
0
0
1
0
0
0
0
3
0
0
0
0
0
0
2
0
1
1
1
0
1
0
0
1
0
0
0
1
0
1
1
1
2
0
0
0
0
0
0
0
0
0
0
0
0
0
0
0
2
2
0
1
1
0
0
1
0
2
0
0
1
4
1
1
2
0
0
1
1
2
1
1
1
0
0
0
0
0
0
0
0
0
0
0
0
1
1
2
0
1
1
0
0
0
1
2
0
0
0
1
1
3
0
1
1
1
1
0
0
1
3
1
1
1
1
1
0
1
0
0
0
1
0
1
0
0
2
0
0
1
0
1
0
1
0
2
0
0
0
1
0
0
0
0
1
0
1
0
0
1
0
0
0
0
1
0
0
2
0
0
0
0
0
0
1
0
1
1
1
0
1
0
0
0
2
1
0
0
1
3
0
0
0
1
1
0
0
1
0
1
1
0
1
0
2
0
1
2
0
1
0
2
0
0
0
0
1
0
1
0
0
2
0
0
0
0
1
1
0
1
0
1
0
0
1
0
0
1
0
2
0
3
0
0
0
0
0
1
1
0
0
0
0
0
0
1
0
0
2
0
2
0
0
0
1
0
0
0
0
0
0
0
1
0
0
0
1
0
0
0
0
1
1
0
0
0
0
0
0
0
2
0
2
1
0
0
0
0
1
0
1
0
0
0
0
0
1
0
0
1
0
1
0
0
0
0
0
0
0
1
0
0
0
0
0
1
0
0
0
0
0
0
0
2
0
1
0
0
1
2
1
0
0
0
1
0
2
0
0
0
0
0
0
0
0
0
0
1
0
1
1
0
0
1
0
0
1
0
0
0
1
0
0
0
1
1
1
0
1
0
1
0
1
3
0
0
0
1
0
0
0
0
0
2
0
1
0
0
1
1
1
0
0
1
0
0
0
0
0
0
1
0
0
0
0
0
1
1
0
0
0
0
0
1
0
0
1
0
0
0
0
0
1
0
0
1
0
1
0
0
0
0
0
0
0
0
0
0
1
0
1
0
0
0
0
0
0
0
1
0
0
0
0
0
0
0
0
0
0
0
0
0
0
0
0
0
2
0
0
0
1
0
0
0
0
0
1
1
0
1
0
0
0
0
0
0
1
0
0
0
1
1
0
0
0
0
0
1
1
0
0
0
0
0
0
0
0
1
1
1
0
0
0
0
0
0
0
0
1
0
0
1
1
0
1
0
0
0
0
0
0
0
0
0
0
0
0
1
0
1
0
1
2
0
0
0
0
0
0
1
0
0
1
0
1
1
1
1
0
0
0
0
0
0
0
0
0
2
0
1
1
0
1
0
0
0
0
0
0
1
0
0
0
0
0
3
0
1
0
0
0
1
0
0
0
0
0
0
0
1
1
0
0
0
0
0
0
0
0
1
0
0
1
0
0
0
0
0
1
0
1
0
0
0
0
1
0
0
0
0
0
0
0
0
0
0
1
0
1
0
0
1
0
0
0
0
0
0
1
0
0
0
1
0
0
0
0
0
0
1
0
0
0
0
0
1
0
0
1
0
0
0
0
0
0
0
0
1
0
0
0
0
0
1
0
0
0
0
0
1
0
0
0
0
0
0
1
0
0
0
0
0
0
1
0
0
0
0
0
1
0
1
0
0
0
0
1
0
1
0
1
0
0
0
0
0
0
1
0
0
0
0
0
0
