LECROYWR104MXi-Al‘ 54380 Histogram
Segments 1 SegmentSize 424
Segment TrigTime TimeSinceSegment1
#1 06-Jul-2017 17:01:04 0                 
Time Ampl
-0.0435 0
-0.0434 0
-0.0433 0
-0.0432 0
-0.0431 0
-0.043 0
-0.0429 0
-0.0428 0
-0.0427 0
-0.0426 0
-0.0425 0
-0.0424 0
-0.0423 0
-0.0422 0
-0.0421 0
-0.042 0
-0.0419 0
-0.0418 0
-0.0417 0
-0.0416 0
-0.0415 0
-0.0414 0
-0.0413 0
-0.0412 0
-0.0411 0
-0.041 0
-0.0409 0
-0.0408 0
-0.0407 0
-0.0406 0
-0.0405 0
-0.0404 0
-0.0403 0
-0.0402 0
-0.0401 0
-0.04 0
-0.0399 0
-0.0398 0
-0.0397 0
-0.0396 0
-0.0395 0
-0.0394 0
-0.0393 0
-0.0392 0
-0.0391 0
-0.039 0
-0.0389 0
-0.0388 0
-0.0387 0
-0.0386 0
-0.0385 0
-0.0384 0
-0.0383 33
-0.0382 3
-0.0381 5
-0.038 2
-0.0379 4
-0.0378 6
-0.0377 0
-0.0376 1
-0.0375 0
-0.0374 1
-0.0373 1
-0.0372 1
-0.0371 1
-0.037 0
-0.0369 2
-0.0368 2
-0.0367 0
-0.0366 0
-0.0365 1
-0.0364 1
-0.0363 3
-0.0362 1
-0.0361 0
-0.036 1
-0.0359 0
-0.0358 5
-0.0357 3
-0.0356 2
-0.0355 5
-0.0354 0
-0.0353 0
-0.0352 1
-0.0351 1
-0.035 3
-0.0349 4
-0.0348 4
-0.0347 1
-0.0346 4
-0.0345 2
-0.0344 3
-0.0343 5
-0.0342 6
-0.0341 2
-0.034 0
-0.0339 2
-0.0338 0
-0.0337 0
-0.0336 2
-0.0335 5
-0.0334 2
-0.0333 6
-0.0332 3
-0.0331 4
-0.033 3
-0.0329 1
-0.0328 6
-0.0327 7
-0.0326 8
-0.0325 6
-0.0324 4
-0.0323 4
-0.0322 5
-0.0321 6
-0.032 6
-0.0319 5
-0.0318 8
-0.0317 10
-0.0316 4
-0.0315 8
-0.0314 8
-0.0313 5
-0.0312 7
-0.0311 5
-0.031 6
-0.0309 3
-0.0308 7
-0.0307 5
-0.0306 7
-0.0305 3
-0.0304 7
-0.0303 6
-0.0302 7
-0.0301 9
-0.03 6
-0.0299 7
-0.0298 6
-0.0297 9
-0.0296 4
-0.0295 12
-0.0294 9
-0.0293 7
-0.0292 7
-0.0291 5
-0.029 10
-0.0289 10
-0.0288 10
-0.0287 9
-0.0286 6
-0.0285 8
-0.0284 5
-0.0283 7
-0.0282 9
-0.0281 6
-0.028 14
-0.0279 8
-0.0278 12
-0.0277 14
-0.0276 14
-0.0275 20
-0.0274 11
-0.0273 21
-0.0272 19
-0.0271 15
-0.027 15
-0.0269 9
-0.0268 11
-0.0267 13
-0.0266 21
-0.0265 21
-0.0264 15
-0.0263 22
-0.0262 17
-0.0261 25
-0.026 10
-0.0259 13
-0.0258 19
-0.0257 17
-0.0256 22
-0.0255 16
-0.0254 22
-0.0253 21
-0.0252 18
-0.0251 23
-0.025 26
-0.0249 28
-0.0248 35
-0.0247 32
-0.0246 26
-0.0245 22
-0.0244 25
-0.0243 35
-0.0242 29
-0.0241 33
-0.024 28
-0.0239 26
-0.0238 29
-0.0237 36
-0.0236 43
-0.0235 36
-0.0234 41
-0.0233 31
-0.0232 33
-0.0231 32
-0.023 39
-0.0229 41
-0.0228 36
-0.0227 45
-0.0226 56
-0.0225 33
-0.0224 39
-0.0223 37
-0.0222 46
-0.0221 49
-0.022 43
-0.0219 47
-0.0218 44
-0.0217 56
-0.0216 53
-0.0215 63
-0.0214 47
-0.0213 47
-0.0212 52
-0.0211 57
-0.021 59
-0.0209 71
-0.0208 76
-0.0207 71
-0.0206 68
-0.0205 74
-0.0204 76
-0.0203 67
-0.0202 79
-0.0201 81
-0.02 75
-0.0199 92
-0.0198 76
-0.0197 90
-0.0196 100
-0.0195 97
-0.0194 81
-0.0193 81
-0.0192 103
-0.0191 96
-0.019 99
-0.0189 113
-0.0188 115
-0.0187 105
-0.0186 91
-0.0185 110
-0.0184 96
-0.0183 111
-0.0182 115
-0.0181 119
-0.018 109
-0.0179 142
-0.0178 102
-0.0177 110
-0.0176 135
-0.0175 132
-0.0174 139
-0.0173 160
-0.0172 148
-0.0171 148
-0.017 147
-0.0169 147
-0.0168 152
-0.0167 156
-0.0166 166
-0.0165 166
-0.0164 152
-0.0163 157
-0.0162 177
-0.0161 164
-0.016 194
-0.0159 187
-0.0158 179
-0.0157 179
-0.0156 211
-0.0155 176
-0.0154 190
-0.0153 219
-0.0152 209
-0.0151 210
-0.015 226
-0.0149 199
-0.0148 236
-0.0147 252
-0.0146 249
-0.0145 283
-0.0144 264
-0.0143 311
-0.0142 288
-0.0141 294
-0.014 310
-0.0139 324
-0.0138 333
-0.0137 323
-0.0136 352
-0.0135 368
-0.0134 397
-0.0133 412
-0.0132 392
-0.0131 388
-0.013 433
-0.0129 413
-0.0128 433
-0.0127 472
-0.0126 443
-0.0125 479
-0.0124 474
-0.0123 510
-0.0122 517
-0.0121 478
-0.012 494
-0.0119 497
-0.0118 534
-0.0117 525
-0.0116 495
-0.0115 552
-0.0114 498
-0.0113 555
-0.0112 556
-0.0111 490
-0.011 569
-0.0109 606
-0.0108 585
-0.0107 584
-0.0106 583
-0.0105 684
-0.0104 624
-0.0103 633
-0.0102 665
-0.0101 668
-0.01 707
-0.0099 783
-0.0098 711
-0.0097 826
-0.0096 773
-0.0095 816
-0.0094 783
-0.0093 851
-0.0092 838
-0.0091 880
-0.009 911
-0.0089 928
-0.0088 957
-0.0087 917
-0.0086 879
-0.0085 710
-0.0084 494
-0.0083 304
-0.0082 194
-0.0081 89
-0.008 41
-0.0079 22
-0.0078 8
-0.0077 5
-0.0076 0
-0.0075 0
-0.0074 0
-0.0073 0
-0.0072 1
-0.0071 0
-0.007 1
-0.0069 1
-0.0068 0
-0.0067 0
-0.0066 0
-0.0065 0
-0.0064 0
-0.0063 0
-0.0062 0
-0.0061 0
-0.006 0
-0.0059 0
-0.0058 0
-0.0057 0
-0.0056 0
-0.0055 0
-0.0054 0
-0.0053 0
-0.0052 0
-0.0051 0
-0.005 0
-0.0049 0
-0.0048 0
-0.0047 0
-0.0046 0
-0.0045 0
-0.0044 0
-0.0043 0
-0.0042 0
-0.0041 0
-0.004 0
-0.0039 0
-0.0038 0
-0.0037 0
-0.0036 0
-0.0035 0
-0.0034 0
-0.0033 0
-0.0032 0
-0.0031 0
-0.003 0
-0.0029 0
-0.0028 0
-0.0027 0
-0.0026 0
-0.0025 0
-0.0024 0
-0.0023 0
-0.0022 0
-0.0021 0
-0.002 0
-0.0019 0
-0.0018 0
-0.0017 0
-0.0016 0
-0.0015 0
-0.0014 0
-0.0013 0
-0.0012 0
