#LECROYWR104MXi-Al‘ 54380 Histogram
#Segments 1 SegmentSize 462
#Segment TrigTime TimeSinceSegment1
#1 26-Jun-2017 10:51:14 0                 
#Time Ampl
-0.1664 0
-0.166 0
-0.1656 0
-0.1652 0
-0.1648 0
-0.1644 0
-0.164 0
-0.1636 0
-0.1632 0
-0.1628 0
-0.1624 0
-0.162 0
-0.1616 0
-0.1612 0
-0.1608 0
-0.1604 0
-0.16 0
-0.1596 0
-0.1592 0
-0.1588 0
-0.1584 0
-0.158 0
-0.1576 0
-0.1572 0
-0.1568 0
-0.1564 0
-0.156 0
-0.1556 0
-0.1552 0
-0.1548 0
-0.1544 0
-0.154 0
-0.1536 0
-0.1532 0
-0.1528 0
-0.1524 0
-0.152 0
-0.1516 0
-0.1512 0
-0.1508 0
-0.1504 0
-0.15 0
-0.1496 0
-0.1492 0
-0.1488 0
-0.1484 0
-0.148 0
-0.1476 0
-0.1472 0
-0.1468 0
-0.1464 0
-0.146 0
-0.1456 0
-0.1452 0
-0.1448 0
-0.1444 0
-0.144 0
-0.1436 0
-0.1432 0
-0.1428 0
-0.1424 0
-0.142 0
-0.1416 0
-0.1412 0
-0.1408 0
-0.1404 0
-0.14 0
-0.1396 0
-0.1392 0
-0.1388 0
-0.1384 0
-0.138 0
-0.1376 0
-0.1372 0
-0.1368 0
-0.1364 0
-0.136 296
-0.1356 17
-0.1352 8
-0.1348 7
-0.1344 8
-0.134 3
-0.1336 8
-0.1332 1
-0.1328 1
-0.1324 2
-0.132 5
-0.1316 2
-0.1312 2
-0.1308 1
-0.1304 3
-0.13 2
-0.1296 3
-0.1292 1
-0.1288 2
-0.1284 4
-0.128 0
-0.1276 5
-0.1272 3
-0.1268 2
-0.1264 1
-0.126 3
-0.1256 5
-0.1252 6
-0.1248 9
-0.1244 8
-0.124 3
-0.1236 7
-0.1232 15
-0.1228 14
-0.1224 18
-0.122 19
-0.1216 18
-0.1212 19
-0.1208 18
-0.1204 15
-0.12 13
-0.1196 12
-0.1192 11
-0.1188 12
-0.1184 14
-0.118 16
-0.1176 13
-0.1172 5
-0.1168 8
-0.1164 6
-0.116 7
-0.1156 7
-0.1152 3
-0.1148 7
-0.1144 3
-0.114 5
-0.1136 4
-0.1132 7
-0.1128 5
-0.1124 4
-0.112 4
-0.1116 4
-0.1112 2
-0.1108 2
-0.1104 1
-0.1100 4
-0.1096 4
-0.1092 7
-0.1088 5
-0.1084 8
-0.108 14
-0.1076 21
-0.1072 23
-0.1068 36
-0.1064 29
-0.106 28
-0.1056 43
-0.1052 41
-0.1048 30
-0.1044 26
-0.104 35
-0.1036 25
-0.1032 22
-0.1028 30
-0.1024 27
-0.102 15
-0.1016 12
-0.1012 23
-0.1008 9
-0.1004 18
-0.1000 11
-0.0996 9
-0.0992 12
-0.0988 10
-0.0984 10
-0.098 8
-0.0976 5
-0.0972 7
-0.0968 8
-0.0964 10
-0.096 8
-0.0956 5
-0.0952 12
-0.0948 7
-0.0944 13
-0.094 10
-0.0936 9
-0.0932 9
-0.0928 10
-0.0924 31
-0.092 42
-0.0916 42
-0.0912 53
-0.0908 61
-0.0904 68
-0.09 61
-0.0896 65
-0.0892 60
-0.0888 59
-0.0884 56
-0.088 69
-0.0876 48
-0.0872 60
-0.0868 47
-0.0864 41
-0.086 43
-0.0856 42
-0.0852 35
-0.0848 35
-0.0844 27
-0.084 30
-0.0836 29
-0.0832 25
-0.0828 16
-0.0824 15
-0.082 25
-0.0816 17
-0.0812 22
-0.0808 15
-0.0804 20
-0.08 23
-0.0796 22
-0.0792 16
-0.0788 22
-0.0784 14
-0.078 20
-0.0776 25
-0.0772 18
-0.0768 45
-0.0764 71
-0.076 78
-0.0756 137
-0.0752 154
-0.0748 144
-0.0744 180
-0.074 175
-0.0736 180
-0.0732 155
-0.0728 130
-0.0724 118
-0.072 115
-0.0716 109
-0.0712 93
-0.0708 90
-0.0704 85
-0.07 60
-0.0696 62
-0.0692 62
-0.0688 50
-0.0684 56
-0.068 45
-0.0676 30
-0.0672 48
-0.0668 49
-0.0664 34
-0.066 39
-0.0656 36
-0.0652 50
-0.0648 32
-0.0644 28
-0.064 38
-0.0636 39
-0.0632 41
-0.0628 41
-0.0624 36
-0.062 45
-0.0616 68
-0.0612 93
-0.0608 132
-0.0604 202
-0.06 290
-0.0596 316
-0.0592 332
-0.0588 345
-0.0584 310
-0.058 306
-0.0576 309
-0.0572 277
-0.0568 240
-0.0564 307
-0.056 210
-0.0556 249
-0.0552 200
-0.0548 185
-0.0544 170
-0.054 163
-0.0536 144
-0.0532 121
-0.0528 136
-0.0524 125
-0.052 98
-0.0516 100
-0.0512 106
-0.0508 89
-0.0504 74
-0.05 86
-0.0496 93
-0.0492 93
-0.0488 83
-0.0484 88
-0.048 68
-0.0476 76
-0.0472 85
-0.0468 69
-0.0464 96
-0.046 133
-0.0456 185
-0.0452 302
-0.0448 446
-0.0444 667
-0.044 805
-0.0436 904
-0.0432 921
-0.0428 833
-0.0424 789
-0.042 762
-0.0416 691
-0.0412 672
-0.0408 635
-0.0404 578
-0.04 572
-0.0396 458
-0.0392 435
-0.0388 383
-0.0384 381
-0.038 340
-0.0376 318
-0.0372 286
-0.0368 294
-0.0364 283
-0.036 286
-0.0356 274
-0.0352 241
-0.0348 234
-0.0344 225
-0.034 237
-0.0336 223
-0.0332 229
-0.0328 220
-0.0324 223
-0.032 188
-0.0316 206
-0.0312 227
-0.0308 318
-0.0304 558
-0.03 1077
-0.0296 1801
-0.0292 2371
-0.0288 2721
-0.0284 2662
-0.028 2488
-0.0276 2182
-0.0272 2259
-0.0268 2044
-0.0264 2049
-0.026 1886
-0.0256 1707
-0.0252 1548
-0.0248 1415
-0.0244 1265
-0.024 1142
-0.0236 945
-0.0232 846
-0.0228 842
-0.0224 740
-0.022 700
-0.0216 624
-0.0212 556
-0.0208 568
-0.0204 558
-0.02 531
-0.0196 538
-0.0192 579
-0.0188 570
-0.0184 514
-0.018 601
-0.0176 592
-0.0172 586
-0.0168 655
-0.0164 710
-0.016 765
-0.0156 1045
-0.0152 2441
-0.0148 6391
-0.0144 11496
-0.014 12868
-0.0136 11036
-0.0132 7964
-0.0128 3692
-0.0124 883
-0.012 159
-0.0116 26
-0.0112 7
-0.0108 1
-0.0104 0
-0.01 0
-0.0096 0
-0.0092 0
-0.0088 0
-0.0084 0
-0.008 0
-0.0076 0
-0.0072 0
-0.0068 0
-0.0064 0
-0.006 0
-0.0056 0
-0.0052 0
-0.0048 0
-0.0044 0
-0.004 0
-0.0036 0
-0.0032 0
-0.0028 0
-0.0024 0
-0.002 0
-0.0016 0
-0.0012 0
-0.0008 0
-0.0004 0
6.513e-016 0
0.0004 0
0.0008 0
0.0012 0
0.0016 0
0.002 0
0.0024 0
0.0028 0
0.0032 0
0.0036 0
0.004 0
0.0044 0
0.0048 0
0.0052 0
0.0056 0
0.006 0
0.0064 0
0.0068 0
0.0072 0
0.0076 0
0.008 0
0.0084 0
0.0088 0
0.0092 0
0.0096 0
0.01 0
0.0104 0
0.0108 0
0.0112 0
0.0116 0
0.012 0
0.0124 0
0.0128 0
0.0132 0
0.0136 0
0.014 0
0.0144 0
0.0148 0
0.0152 0
0.0156 0
0.016 0
0.0164 0
0.0168 0
0.0172 0
0.0176 0
0.018 0
