197
157
137
125
144
280
569
720
778
878
796
712
572
446
389
287
268
189
146
108
104
81
79
70
85
52
58
35
51
48
63
52
47
49
50
44
43
43
35
56
50
53
65
44
67
55
66
51
53
78
69
56
55
41
55
59
55
72
60
60
78
71
70
70
59
69
71
65
60
80
95
62
66
80
81
69
64
77
71
81
79
63
83
76
75
56
84
87
82
92
82
96
75
73
96
87
77
91
82
80
83
89
99
84
80
83
84
106
94
103
86
87
107
95
80
93
80
96
75
89
96
82
93
84
96
89
118
89
96
104
83
87
107
100
123
81
102
110
91
93
91
99
90
101
105
104
90
98
106
94
119
90
94
114
98
107
110
104
113
101
101
119
112
117
104
108
116
102
110
110
107
109
99
118
97
105
100
112
109
113
107
114
101
107
124
97
109
104
97
124
141
94
123
104
111
107
124
113
98
111
122
116
120
116
112
106
120
111
123
109
138
142
108
133
135
108
104
104
126
113
113
122
95
115
138
111
138
136
127
122
134
139
123
111
124
125
106
110
111
113
126
119
109
107
107
119
136
121
130
128
108
117
134
139
136
120
126
117
137
134
108
137
144
117
137
122
120
119
126
123
133
116
123
144
133
116
134
109
138
138
125
130
134
120
126
118
117
146
142
98
132
143
141
143
137
163
135
132
138
150
143
130
135
140
134
126
127
152
134
137
157
122
143
148
130
139
144
132
133
121
163
138
120
146
130
133
139
136
144
157
166
146
129
151
136
143
161
137
143
152
146
142
157
138
159
141
138
150
143
153
123
149
153
122
161
118
151
129
164
157
135
167
129
145
145
158
135
133
160
142
143
140
149
154
160
137
155
143
171
151
144
157
159
139
139
154
164
154
134
144
177
166
148
153
159
146
157
143
144
154
147
156
156
127
157
163
146
162
168
164
158
150
156
157
155
173
144
165
146
165
168
158
163
161
144
142
176
163
161
167
150
158
171
165
170
144
136
166
163
166
134
140
161
173
150
168
187
166
157
150
176
143
161
161
169
151
180
165
166
164
154
171
147
160
172
161
158
149
163
145
180
171
155
137
157
163
176
171
169
148
195
134
176
162
167
151
152
180
165
167
150
158
136
147
136
160
134
168
143
147
165
180
150
157
163
177
153
153
180
167
169
153
147
160
172
161
162
174
145
156
166
180
143
159
187
156
152
173
144
154
152
159
149
142
172
150
153
146
157
173
170
153
172
185
142
152
150
152
152
181
148
146
163
141
148
138
159
146
166
131
148
143
143
153
153
137
158
161
143
140
135
141
169
135
153
167
148
157
141
159
140
142
148
145
135
176
149
150
160
139
146
144
136
156
156
146
130
158
154
139
140
143
162
137
138
151
148
156
152
133
134
148
140
145
156
153
152
141
140
152
143
156
148
149
112
152
120
138
159
131
133
148
129
146
138
127
141
145
122
167
142
139
147
121
130
133
144
147
124
137
152
114
151
131
143
154
128
117
151
129
151
141
140
140
145
139
140
139
134
136
137
146
136
140
146
141
160
136
156
142
136
135
137
145
136
156
132
124
139
138
138
146
129
137
141
137
140
129
143
127
156
134
154
138
154
127
125
128
134
120
141
137
132
128
141
147
131
130
148
120
144
119
119
125
141
128
141
119
123
118
122
155
120
139
148
121
138
126
127
138
129
145
147
132
116
137
134
145
133
145
139
147
129
113
143
153
119
123
140
109
140
122
133
122
122
141
131
147
121
138
143
121
131
119
107
143
110
142
132
147
135
133
124
107
119
133
134
123
141
131
98
123
139
101
144
130
119
104
133
128
138
128
125
147
135
127
143
128
113
123
127
133
134
120
135
120
135
111
134
110
131
124
117
151
124
122
121
144
133
134
116
113
113
134
114
128
124
142
107
115
113
127
110
112
118
117
111
133
115
138
109
130
126
111
109
137
132
128
123
129
110
117
113
133
113
124
126
113
125
115
123
122
104
123
110
103
107
124
134
116
127
124
129
122
117
131
112
110
121
112
120
109
121
139
119
101
121
134
114
110
114
117
113
121
121
124
125
138
110
105
138
110
104
115
115
132
101
120
124
137
117
100
99
122
104
103
119
111
112
106
108
115
109
114
107
112
116
109
110
117
118
97
122
131
119
131
106
109
113
103
94
112
102
129
119
102
101
105
121
118
122
127
128
126
114
120
108
106
132
105
96
103
120
121
118
103
118
125
124
115
104
114
115
102
105
122
110
111
102
96
121
127
96
100
115
106
106
82
123
94
124
115
88
106
103
91
97
105
103
122
119
127
105
121
112
104
98
121
97
107
113
125
108
102
103
108
102
105
99
105
96
109
103
119
121
107
114
115
112
119
105
110
113
93
144
103
95
108
108
112
107
106
120
116
112
114
95
128
126
95
117
119
96
104
100
105
103
96
97
95
96
96
110
107
109
109
123
109
109
96
125
86
103
102
120
119
105
116
93
113
91
96
105
111
110
112
117
102
108
103
105
105
95
101
102
91
111
121
98
90
97
106
99
114
98
127
117
102
87
104
91
99
99
93
108
96
97
127
121
123
97
91
96
89
87
108
115
98
89
97
108
90
101
101
104
89
106
113
90
116
79
111
99
90
108
102
101
92
105
94
109
90
110
103
114
107
99
87
96
106
103
118
92
102
103
106
93
118
104
76
114
101
104
92
98
118
95
102
99
107
92
111
103
78
93
112
100
120
87
118
98
100
95
119
92
94
90
108
80
71
104
101
110
108
94
117
83
89
82
88
99
94
101
81
107
97
95
103
91
111
104
97
105
94
89
99
85
107
90
97
96
103
118
86
95
85
97
88
87
99
79
93
100
104
91
82
96
83
87
83
74
83
75
110
85
92
94
104
99
91
103
111
80
89
100
117
102
89
99
114
105
85
98
104
82
104
93
100
93
100
102
102
90
83
95
87
102
97
82
99
93
116
98
107
101
87
93
94
100
107
73
109
93
101
101
83
85
98
81
87
97
106
96
89
80
96
107
103
115
111
97
86
92
109
97
77
98
109
86
106
85
106
93
84
96
108
95
85
103
67
88
109
96
106
112
94
86
97
97
99
91
95
91
104
104
93
82
88
87
94
96
106
96
105
106
99
81
108
89
95
91
83
92
103
79
77
99
96
86
86
81
95
73
89
75
88
106
92
104
100
88
83
98
105
114
109
82
85
97
88
85
76
90
88
104
99
90
93
94
99
85
88
95
75
102
106
96
96
96
97
85
90
88
101
85
98
109
94
103
94
85
79
86
101
77
104
93
94
92
82
91
100
81
89
86
107
83
93
100
92
94
98
87
69
100
104
84
101
74
76
88
99
104
88
98
85
103
85
82
87
99
80
93
93
78
90
87
88
92
104
76
104
101
83
108
91
86
75
95
82
87
102
99
86
98
98
89
123
97
90
78
89
95
89
105
106
77
115
91
92
82
89
80
90
78
82
82
89
84
80
79
110
91
93
89
100
92
101
78
89
97
93
82
97
95
81
83
87
88
82
93
92
81
87
94
82
93
90
99
88
87
103
75
97
103
97
88
96
91
85
74
120
96
97
98
82
93
96
87
61
95
81
97
77
68
101
85
80
85
79
90
84
102
104
85
93
87
76
82
78
80
71
98
83
69
86
92
89
84
92
98
94
96
82
81
82
70
76
75
89
72
72
79
87
75
74
69
95
107
88
86
98
89
76
85
82
64
85
76
80
73
72
83
74
83
90
86
100
85
80
78
89
87
75
90
79
83
86
82
84
68
70
95
84
84
78
75
78
79
88
81
85
90
85
78
83
79
77
87
86
93
78
106
77
102
88
94
69
78
71
93
80
85
80
86
78
83
70
97
60
88
74
75
86
80
83
88
91
80
91
84
77
58
56
74
90
68
91
78
75
76
71
78
87
81
71
97
90
90
74
78
83
85
92
60
83
80
94
80
86
74
71
76
76
88
71
53
89
80
90
88
80
95
78
76
67
77
78
86
83
93
77
73
79
89
69
79
81
73
81
70
74
88
96
76
92
85
83
81
87
76
72
82
76
89
73
96
100
92
75
72
80
81
88
84
77
88
93
73
76
74
66
84
90
70
84
90
92
79
75
87
72
77
78
76
88
73
92
92
76
94
86
83
65
81
76
82
67
81
78
78
85
87
75
88
82
64
88
72
73
76
74
63
75
62
76
77
88
97
87
95
85
87
89
76
74
81
74
83
77
73
56
73
69
74
66
90
69
68
81
74
61
78
79
73
68
82
77
75
75
81
86
77
81
79
81
71
79
95
84
79
73
87
89
87
69
78
76
69
71
75
76
81
80
79
77
78
82
68
65
54
83
86
89
71
78
72
88
74
59
77
76
84
73
75
72
77
82
77
83
74
89
83
96
75
79
73
52
71
100
91
82
83
81
74
77
84
84
78
78
71
99
94
86
73
82
66
64
76
76
65
80
81
57
78
74
92
90
75
71
69
74
78
64
65
62
82
75
77
69
80
70
84
65
76
70
80
73
84
72
66
60
78
96
78
107
80
77
82
86
70
65
77
75
71
79
81
88
70
71
70
74
76
75
69
78
79
78
66
89
73
84
58
79
82
73
77
73
62
75
90
83
75
74
81
80
72
74
69
76
73
49
71
66
79
77
79
73
78
71
71
80
79
65
73
78
60
83
73
73
78
88
72
87
69
73
72
79
52
78
70
77
95
81
73
72
82
76
66
90
82
85
88
85
89
89
78
75
86
76
65
57
74
73
77
83
75
63
79
83
80
85
81
75
68
63
77
78
81
68
66
76
64
59
68
60
93
65
92
78
78
61
74
79
80
87
68
74
108
76
57
63
78
62
79
89
71
82
74
79
92
75
82
59
63
66
75
65
82
70
68
76
86
83
84
68
67
64
72
79
74
66
62
79
79
80
63
87
63
76
60
85
74
80
79
74
83
63
62
69
76
61
66
72
59
79
70
81
64
77
78
75
72
77
76
72
75
83
87
75
82
64
82
66
88
80
81
74
81
73
77
64
77
69
79
69
73
82
83
96
77
74
70
71
69
83
91
84
81
81
60
61
77
71
76
74
83
88
69
78
74
72
86
61
81
77
70
81
73
75
71
74
74
69
70
77
72
94
75
86
58
63
64
76
79
77
43
82
75
68
71
64
71
71
75
81
61
47
68
92
82
67
70
64
64
79
79
63
68
70
62
71
64
74
68
57
97
71
79
93
74
71
66
78
72
78
71
74
74
88
68
66
70
61
75
79
71
67
79
66
67
82
68
73
80
50
78
85
75
77
57
75
66
64
71
67
69
66
68
89
84
81
82
64
78
76
78
70
68
64
63
88
67
67
64
69
62
72
76
65
79
75
69
53
51
59
70
57
60
57
75
56
65
75
68
70
60
87
72
73
63
82
70
65
67
71
57
67
70
62
71
70
81
66
74
65
70
64
61
73
66
65
62
73
73
65
57
70
75
74
62
61
71
78
63
79
65
71
64
64
67
58
47
91
84
69
81
74
74
83
70
59
70
89
78
60
70
75
85
75
68
76
57
75
59
76
69
57
55
68
67
77
68
68
56
73
71
82
70
72
56
66
67
76
70
63
57
70
66
89
70
73
72
71
66
69
56
84
79
65
61
63
56
77
71
75
69
66
73
74
72
61
62
64
77
49
75
56
69
60
82
67
69
81
62
75
51
64
60
64
73
60
79
62
75
76
56
64
71
70
79
57
82
69
82
66
54
63
77
76
76
74
70
80
67
73
68
72
65
66
62
65
68
71
78
68
68
68
62
65
70
77
83
78
58
62
71
70
80
70
90
84
70
58
59
77
75
71
59
78
78
85
83
77
74
70
91
63
84
78
77
51
48
71
76
77
74
79
74
82
73
71
84
64
67
68
80
63
76
81
62
69
74
72
88
65
71
68
91
70
76
71
70
70
82
66
78
73
61
64
79
85
76
79
74
77
77
78
72
87
73
89
75
92
68
75
73
83
66
84
73
61
83
86
55
79
88
62
66
82
73
65
79
91
69
87
64
80
80
84
90
84
72
82
88
83
75
71
84
68
66
80
77
90
68
74
72
74
72
90
81
77
85
80
69
105
67
89
70
100
64
86
71
92
85
84
80
92
78
92
91
81
98
74
86
84
76
81
71
84
88
69
77
81
89
84
71
84
93
77
72
77
78
92
84
73
68
74
90
78
92
79
95
79
69
95
85
67
82
84
77
77
77
87
84
79
103
73
82
68
84
86
82
80
92
62
69
87
78
79
72
82
79
87
78
75
83
82
80
83
77
88
90
100
82
95
65
66
104
66
73
76
94
82
89
85
76
90
78
99
85
77
86
83
100
102
76
86
89
75
77
84
105
86
77
93
86
91
69
108
93
82
82
77
74
82
75
92
90
74
88
72
83
73
75
84
109
84
91
80
94
83
106
81
80
66
110
103
93
83
72
79
84
71
86
88
82
89
81
87
83
87
82
90
80
87
86
78
97
87
80
86
100
80
93
100
93
84
81
76
96
98
78
86
76
73
78
87
87
61
76
90
72
92
83
86
69
92
84
78
69
74
76
92
79
86
82
88
81
87
91
93
102
99
94
93
83
100
71
67
84
89
91
89
86
80
79
93
85
68
77
85
88
99
95
76
79
87
86
83
85
83
84
81
79
79
71
90
72
73
72
93
84
67
81
66
77
68
74
81
73
89
78
91
71
78
76
74
90
75
68
83
78
81
74
78
74
91
67
71
83
85
80
100
75
73
63
88
87
64
82
76
64
87
99
89
100
85
91
63
81
66
82
73
74
89
70
81
85
87
91
83
65
87
82
87
81
76
90
63
64
75
58
80
78
74
89
76
72
85
84
82
71
88
65
73
92
79
62
79
72
54
67
74
52
92
70
68
65
86
73
84
83
67
83
72
78
67
74
74
70
75
58
61
68
75
80
85
82
77
63
65
68
70
77
95
72
74
74
84
62
57
80
55
80
66
76
81
90
82
60
69
68
67
64
86
67
80
75
79
84
79
71
76
80
73
90
72
59
76
69
65
66
74
58
76
76
60
71
70
66
89
70
77
75
78
63
64
80
71
67
79
83
64
67
69
68
81
69
54
72
91
79
90
75
77
68
79
72
79
72
77
76
81
85
75
70
59
69
78
69
70
77
87
61
80
73
63
79
67
68
81
77
68
64
72
76
73
79
66
86
76
80
86
80
84
82
75
76
75
80
74
88
83
77
90
81
81
79
76
72
62
80
98
79
87
83
90
65
98
80
93
64
81
76
82
76
81
81
81
76
77
81
93
95
73
64
88
102
100
83
85
89
68
69
84
72
91
88
92
80
95
79
84
68
80
81
73
80
75
88
76
68
76
84
73
92
78
70
83
87
86
86
75
89
78
74
100
76
74
88
90
76
77
82
74
97
78
76
75
80
77
75
70
72
77
89
68
84
81
83
84
72
75
63
85
83
73
69
85
68
68
83
72
63
79
61
91
77
84
79
78
72
100
62
84
77
78
75
69
77
68
63
64
79
66
79
72
62
76
67
71
63
61
69
65
72
76
62
66
62
74
67
71
78
79
72
59
67
73
55
63
69
82
61
58
71
62
65
66
54
74
52
61
83
69
63
56
66
65
57
64
54
65
52
65
64
55
56
65
36
57
62
54
69
69
47
58
50
59
73
49
54
64
67
52
59
56
55
53
56
42
57
45
42
41
37
46
55
52
43
42
49
44
44
48
44
41
50
48
39
53
39
35
49
45
38
44
39
34
40
37
41
37
42
22
36
36
31
36
34
26
37
34
35
36
31
35
20
30
35
23
27
26
20
24
18
22
16
13
17
16
19
25
15
20
15
8
12
15
12
11
10
8
2
3
1
0
2
1
1
0
0
0
0
0
0
0
0
0
0
0
0
0
0
0
0
0
0
0
0
0
0
0
0
0
0
0
0
0
0
0
0
0
0
0
0
0
0
0
0
0
0
0
0
0
0
0
0
0
0
0
0
0
0
0
0
0
0
0
0
0
1
0
0
0
0
0
0
0
0
0
0
0
0
0
0
0
0
0
0
0
0
0
0
0
0
0
0
0
0
0
0
0
0
0
0
0
0
0
0
0
0
0
0
0
0
0
0
0
0
0
0
0
0
0
0
0
0
0
0
0
0
0
0
0
0
0
0
0
0
0
0
0
0
0
0
0
0
0
0
0
0
0
0
0
0
0
0
0
0
0
0
0
0
0
0
0
0
0
0
0
0
0
0
0
0
0
0
0
0
0
0
0
0
0
0
0
0
0
0
0
0
0
0
0
0
0
0
0
0
0
0
0
0
0
0
0
0
0
0
0
0
0
0
0
0
0
0
0
0
0
0
0
0
0
0
0
0
0
0
0
0
0
0
0
0
0
0
0
0
0
0
0
0
0
0
0
0
0
0
0
0
0
0
0
0
0
0
0
0
0
0
0
0
0
0
0
0
0
1
0
0
0
0
0
0
0
0
0
0
0
0
0
0
0
0
0
0
0
0
0
0
0
0
0
1
0
0
0
0
0
0
0
0
0
0
0
0
0
0
0
0
0
0
0
0
0
0
0
0
0
0
0
0
0
0
0
0
0
0
0
0
0
0
0
0
0
0
0
0
0
0
0
0
0
0
0
0
0
0
0
0
0
0
0
0
0
0
0
0
0
0
0
0
0
0
0
1
0
0
0
0
0
0
0
0
0
0
0
0
0
0
0
0
0
0
0
0
0
0
0
0
0
0
0
0
0
0
0
0
0
0
0
0
0
0
0
0
0
0
0
0
0
0
0
0
0
0
0
0
0
0
0
0
0
0
0
0
0
0
0
0
0
0
0
0
0
0
0
0
0
0
0
0
0
0
0
0
0
0
0
0
0
0
0
0
0
0
0
0
0
0
0
0
0
0
0
0
0
0
0
0
0
0
0
0
0
0
0
0
0
0
0
0
0
0
0
0
0
0
0
0
0
0
0
0
0
0
0
0
0
0
0
0
0
0
0
0
0
0
0
0
0
0
0
0
0
0
0
0
0
0
0
0
0
0
0
0
0
0
0
0
0
0
0
0
0
0
0
0
0
0
0
0
0
0
0
0
0
0
0
0
0
0
0
0
0
0
0
0
0
0
0
0
0
0
0
0
0
0
0
0
0
0
0
0
0
0
0
0
0
0
0
0
0
0
0
0
0
0
0
0
0
0
0
0
0
0
0
0
0
0
0
0
0
0
0
0
0
0
0
0
0
0
0
0
0
0
0
0
0
0
0
0
0
0
0
0
0
0
0
0
0
0
0
0
0
0
0
0
0
0
0
0
0
0
0
0
0
0
0
0
0
0
0
0
0
0
0
0
0
0
0
0
0
0
0
0
0
0
0
0
0
0
0
0
0
0
0
0
0
0
0
0
0
0
0
0
0
0
0
0
0
0
0
0
0
0
0
0
0
0
0
0
0
0
0
0
0
0
0
0
0
0
0
0
0
0
0
0
0
0
0
0
0
0
0
0
0
0
0
0
0
0
0
0
0
0
0
0
0
0
0
0
0
0
0
0
0
0
0
0
0
0
0
0
0
0
0
0
0
0
0
0
0
0
0
0
0
0
0
0
0
0
0
0
0
0
0
0
0
0
0
0
0
0
0
0
0
0
0
0
0
0
0
0
0
0
0
0
0
0
0
0
0
0
0
0
0
0
0
0
0
0
0
0
0
0
0
0
0
0
0
0
0
0
0
0
0
0
0
0
0
0
0
0
0
0
0
0
0
0
0
0
0
0
0
0
0
0
0
0
0
0
0
0
0
0
0
0
0
0
0
0
0
0
0
0
0
0
0
0
0
0
0
0
0
0
0
0
0
0
0
0
0
0
0
0
0
0
0
0
0
0
0
0
0
0
0
0
0
0
0
0
0
0
0
0
0
0
0
0
0
0
0
0
0
0
0
0
0
0
0
0
0
0
0
0
0
0
0
0
0
0
0
0
0
0
0
0
0
0
0
0
0
0
0
0
0
0
0
0
0
0
0
0
0
0
0
0
0
0
0
0
0
0
0
0
0
0
0
0
0
0
0
0
0
0
0
0
0
0
0
0
0
0
0
0
0
0
0
0
0
0
0
0
0
0
0
0
0
0
0
0
0
0
0
0
0
0
0
0
0
0
0
0
0
0
0
0
0
0
0
0
0
0
0
0
0
0
0
0
0
0
0
0
0
0
0
0
0
0
0
0
0
0
0
0
0
0
0
0
0
0
0
0
0
0
0
0
0
0
0
0
0
0
0
0
0
0
0
0
0
0
0
0
0
0
0
0
0
0
0
0
0
0
0
0
0
0
0
0
0
0
0
0
0
0
0
0
0
0
0
0
0
0
0
0
0
0
0
0
0
0
0
0
0
0
0
0
0
0
0
0
0
0
0
0
0
0
0
0
0
0
0
0
0
0
0
0
0
0
0
0
0
0
0
0
0
0
0
0
0
0
0
0
0
0
0
0
0
0
0
0
0
0
0
0
0
0
0
0
0
0
0
0
0
0
0
0
0
0
0
0
0
0
0
0
0
0
0
0
0
0
0
0
0
0
0
0
0
0
0
0
0
0
0
0
0
0
0
0
0
0
0
0
0
0
0
0
0
0
0
0
0
0
0
0
0
0
0
0
0
0
0
0
0
0
0
0
0
0
0
0
0
0
0
0
0
0
0
0
0
0
0
0
0
0
0
0
0
0
0
0
0
0
0
0
0
0
0
0
0
0
0
0
0
0
0
0
0
0
0
0
0
0
0
0
0
0
0
0
0
0
0
0
0
0
0
0
0
0
0
0
0
0
0
0
0
0
0
0
0
0
0
0
0
0
0
0
0
0
0
0
0
0
0
0
0
0
0
0
0
0
0
0
0
0
0
0
0
0
0
0
0
0
0
0
0
0
0
0
0
0
0
0
0
0
0
0
0
0
0
0
0
0
0
0
0
0
0
0
0
0
0
0
0
0
0
0
0
0
0
0
0
0
0
0
0
0
0
0
0
0
0
0
0
0
0
0
0
0
0
0
0
0
0
0
0
0
0
0
0
0
0
0
0
0
0
0
0
0
0
0
0
0
0
0
0
0
0
0
0
0
0
0
0
0
0
0
0
0
0
0
0
0
0
0
0
0
0
0
0
0
0
0
0
0
0
0
0
0
0
0
0
0
0
0
0
0
0
0
0
0
0
0
0
0
0
0
0
0
0
0
0
0
0
0
0
0
0
0
0
0
0
0
0
0
0
0
0
0
0
0
0
0
0
0
0
0
0
0
0
0
0
0
0
0
0
0
0
0
0
0
0
0
0
0
0
0
0
0
0
0
0
0
0
0
0
0
0
0
0
0
0
0
0
0
0
0
0
0
0
0
0
0
0
0
0
0
0
0
0
0
0
0
0
0
0
0
0
0
0
0
0
0
0
0
0
0
0
0
0
0
0
0
0
0
0
0
0
0
0
0
0
0
0
0
0
0
0
0
0
0
0
0
0
0
0
0
0
0
0
0
0
0
0
0
0
0
0
0
0
0
0
0
0
0
0
0
0
0
0
0
0
0
0
0
0
0
0
0
0
0
0
0
0
0
0
0
0
0
0
0
0
0
0
0
0
0
0
0
0
0
0
0
0
0
0
0
0
0
0
0
0
0
0
0
0
0
0
0
0
0
0
0
0
0
0
0
0
0
0
0
0
0
0
0
0
0
0
0
0
0
0
0
0
0
0
0
0
0
0
0
0
0
0
0
0
0
0
0
0
0
0
0
0
0
0
0
0
0
0
0
0
0
0
0
0
0
0
0
0
0
0
0
0
0
0
0
0
0
0
0
0
0
0
0
0
0
0
0
0
0
0
0
0
0
0
0
0
0
0
0
0
0
0
0
0
0
0
0
0
0
0
0
0
0
0
0
0
0
0
0
0
0
0
0
0
0
0
0
0
0
0
0
0
0
0
0
0
0
0
0
0
0
0
0
0
0
0
0
0
0
0
0
0
0
0
0
0
0
0
0
0
0
0
0
0
0
0
0
0
0
0
0
0
0
0
0
0
0
0
0
0
0
0
0
0
0
0
0
0
0
0
0
0
0
0
0
0
0
0
0
0
0
0
0
0
0
0
0
0
0
0
0
0
0
0
0
0
0
0
0
0
0
0
0
0
0
0
0
0
0
0
0
0
0
0
0
0
0
0
0
0
0
0
0
0
0
0
0
0
0
0
0
0
0
0
0
0
0
0
0
0
0
0
0
0
0
0
0
0
0
0
0
0
0
0
0
0
0
0
0
0
0
0
0
0
0
0
0
0
0
0
0
0
0
0
0
0
0
0
0
0
0
0
0
0
0
0
0
0
0
0
0
0
0
0
0
0
0
0
0
0
0
0
0
0
0
0
0
0
0
0
0
0
0
0
0
0
0
0
0
0
0
0
0
0
0
0
0
0
0
0
0
0
0
0
0
0
0
0
0
0
0
0
0
0
0
0
0
0
0
0
0
0
0
0
0
0
0
0
0
0
0
0
0
0
0
0
0
0
0
0
0
0
0
0
0
0
0
0
0
0
0
0
0
0
0
0
0
0
0
0
0
0
0
0
0
0
0
0
0
0
0
0
0
0
0
0
0
0
0
0
0
0
0
0
0
0
0
0
0
0
0
0
0
0
0
0
0
0
0
0
0
0
0
0
0
0
0
0
0
0
0
0
0
0
0
0
0
0
0
0
0
0
0
0
0
0
0
0
0
0
0
0
0
0
0
0
0
0
0
0
0
0
0
0
0
0
0
0
0
0
0
0
0
0
0
0
0
0
0
0
0
0
0
0
0
0
0
0
0
0
0
0
0
0
0
0
0
0
0
0
0
0
0
0
0
0
0
0
0
0
0
0
0
0
0
0
0
0
0
0
0
0
0
0
0
0
0
0
0
0
0
0
0
0
0
0
0
0
0
0
0
0
0
0
0
0
0
0
0
0
0
0
0
0
0
0
0
0
0
0
0
0
0
0
0
0
0
0
0
0
0
0
0
0
0
0
0
0
0
0
0
0
0
0
0
0
0
0
0
0
0
0
0
0
0
0
0
0
0
0
0
0
0
0
0
0
0
0
0
0
0
0
0
0
0
0
0
0
0
0
0
0
0
0
0
0
0
0
0
0
0
0
0
0
0
0
0
0
0
0
0
0
0
0
0
0
0
0
0
0
0
0
0
0
0
0
0
0
0
0
0
0
0
0
0
0
0
0
0
0
0
0
0
0
0
0
0
0
0
0
0
0
0
0
0
0
0
0
0
0
0
0
0
0
0
0
0
0
0
0
0
0
0
0
0
0
0
0
0
0
0
0
0
0
0
0
0
0
0
0
0
0
0
0
0
0
0
0
0
0
0
0
0
0
0
0
0
0
0
0
0
0
0
0
0
0
0
0
0
0
0
0
0
0
0
0
0
0
0
0
0
0
0
0
0
0
0
0
0
0
0
0
0
0
0
0
0
0
0
0
0
0
0
0
0
0
0
0
0
0
0
0
0
0
0
0
0
0
0
0
0
0
0
0
0
0
0
0
0
0
0
0
0
0
0
0
0
0
0
0
0
0
0
0
0
0
0
0
0
0
0
0
0
0
0
0
0
0
0
0
0
0
0
0
0
0
0
0
0
0
0
0
0
0
0
0
0
0
0
0
0
0
0
0
0
0
0
0
0
0
0
0
0
0
0
0
0
0
0
0
0
0
0
0
0
0
0
0
0
0
0
0
0
0
0
0
0
0
0
0
0
0
0
0
0
0
0
0
0
0
0
0
0
0
0
0
0
0
0
0
0
0
0
0
0
0
0
0
0
0
0
0
0
0
0
0
0
0
0
0
0
0
0
0
0
0
0
0
0
0
0
0
0
0
0
0
0
0
0
0
0
0
0
0
0
0
0
0
0
0
0
0
0
0
0
0
0
0
0
0
0
0
0
0
0
0
0
0
0
0
0
0
0
0
0
0
0
0
0
0
0
0
0
0
0
0
0
0
0
0
0
0
0
0
0
0
0
0
0
0
0
0
0
0
0
0
0
0
0
0
0
0
0
0
0
0
0
0
0
0
0
0
0
0
0
0
0
0
0
0
0
0
0
0
0
0
0
0
0
0
0
0
0
0
0
0
0
0
0
0
0
0
0
0
0
0
0
0
0
0
0
0
0
0
0
0
0
0
0
0
0
0
0
0
0
0
0
0
0
0
0
0
0
0
0
0
0
0
0
0
0
0
0
0
0
0
0
0
0
0
0
0
0
0
0
0
0
0
0
0
0
0
0
0
0
0
0
0
0
0
0
0
0
0
0
0
0
0
0
0
0
0
0
0
0
0
0
0
0
0
0
0
0
0
0
0
0
0
0
0
0
0
0
0
0
0
0
0
0
0
0
0
0
0
0
0
0
0
0
0
0
0
0
0
0
0
0
0
0
0
0
0
0
0
0
0
0
0
0
0
0
0
0
0
0
0
0
0
0
0
0
0
0
0
0
0
0
0
0
0
0
0
0
0
0
0
0
0
0
0
0
0
0
0
0
0
0
0
0
0
0
0
0
0
0
0
0
0
0
0
0
0
0
0
0
0
0
0
0
0
0
0
0
0
0
0
0
0
0
0
0
0
0
0
0
0
0
0
0
0
0
0
0
0
0
0
0
0
0
0
0
0
0
0
0
0
0
0
0
0
0
0
0
0
0
0
0
0
0
0
0
0
0
0
0
0
0
0
0
0
0
0
0
0
0
0
0
0
0
0
0
0
0
0
0
0
0
0
0
0
0
0
0
0
0
0
0
0
0
0
0
0
0
0
0
0
0
0
0
0
0
0
0
0
0
0
0
0
0
0
0
0
0
0
0
0
0
0
0
0
0
0
0
0
0
0
0
0
0
0
0
0
0
0
0
0
0
0
0
0
0
0
0
0
0
0
0
0
0
0
0
0
0
0
0
0
0
0
0
0
0
0
0
0
0
0
0
0
0
0
0
0
0
0
0
0
0
0
0
0
0
0
0
0
0
0
0
0
0
0
0
0
0
0
0
0
0
0
0
0
0
0
0
0
0
0
0
0
0
0
0
0
0
0
0
0
0
0
0
0
0
0
0
0
0
0
0
0
0
0
0
0
0
0
0
0
0
0
0
0
0
0
0
0
0
0
0
0
0
0
0
0
0
0
0
0
0
0
0
0
0
0
0
0
0
0
0
0
0
0
0
0
0
0
0
0
0
0
0
0
0
0
0
0
0
0
0
0
0
0
0
0
0
0
0
0
0
0
0
0
0
0
0
0
0
0
0
0
0
0
0
0
0
0
0
0
0
0
0
0
0
0
0
0
0
0
0
0
0
0
0
0
0
0
0
0
0
0
0
0
0
0
0
0
0
0
0
0
0
0
0
0
0
0
0
0
0
0
0
0
0
0
0
0
0
0
0
0
0
0
0
0
0
0
0
0
0
0
0
0
0
0
0
0
0
0
0
0
0
0
0
0
0
0
0
0
0
0
0
0
0
0
0
0
0
0
0
0
0
0
0
0
0
0
0
0
0
0
0
0
0
0
0
0
0
0
0
0
0
0
0
0
0
0
0
0
0
0
0
0
0
0
0
0
0
0
0
0
0
0
0
0
0
0
0
0
0
0
0
0
0
0
0
0
0
0
0
0
0
0
0
0
0
0
0
0
0
0
0
0
0
0
0
0
0
0
0
0
0
0
0
0
0
0
0
0
0
0
0
0
0
0
0
0
0
0
0
0
0
0
0
0
0
0
0
0
0
0
0
0
0
0
0
0
0
0
0
0
0
0
0
0
0
0
0
0
0
0
0
0
0
0
0
0
0
0
0
0
0
0
0
0
0
0
0
0
0
0
0
0
0
0
0
0
0
0
0
0
0
0
0
0
0
0
0
0
0
0
0
0
0
0
0
0
0
0
0
0
0
0
0
0
0
0
0
0
0
0
0
0
0
0
0
0
0
0
0
0
0
0
0
0
0
0
0
0
0
0
0
0
0
0
0
0
0
0
0
0
0
0
0
0
0
0
0
0
0
0
0
0
0
0
0
0
0
0
0
0
0
0
0
0
0
0
0
0
0
0
0
0
0
0
0
0
0
0
0
0
0
0
0
0
0
0
0
0
0
0
0
0
0
0
0
0
0
0
0
0
0
0
0
0
0
0
0
0
0
0
0
0
0
0
0
0
0
0
0
0
0
0
0
0
0
0
0
0
0
0
0
0
0
0
0
0
0
0
0
0
0
0
0
0
0
0
0
0
0
0
0
0
0
0
0
0
0
0
0
0
0
0
0
0
0
0
0
0
0
0
0
0
0
0
0
0
0
0
0
0
0
0
0
0
0
0
0
0
0
0
0
0
0
0
0
0
0
0
0
0
0
0
0
0
0
0
0
0
0
0
0
0
0
0
0
0
0
0
0
0
0
0
0
0
0
0
0
0
0
0
0
0
0
0
0
0
0
0
0
0
0
0
0
0
0
0
0
0
0
0
0
0
0
0
0
0
0
0
0
0
0
0
0
0
0
0
0
0
0
0
0
0
0
0
0
0
0
0
0
0
0
0
0
0
0
0
0
0
0
0
0
0
0
0
0
0
0
0
0
0
0
0
0
0
0
0
0
0
0
0
0
0
0
0
0
0
0
0
0
0
0
0
0
0
0
0
0
0
0
0
0
0
0
0
0
0
0
0
0
0
0
0
0
0
0
0
0
0
0
0
0
0
0
0
0
0
0
0
0
0
0
0
0
0
0
0
0
0
0
0
0
0
0
0
0
0
0
0
0
0
0
0
0
0
0
0
0
0
0
0
0
0
0
0
0
0
0
0
0
0
0
0
0
0
0
0
0
0
0
0
0
0
0
0
0
0
0
0
0
0
0
0
0
0
0
0
0
0
0
0
0
0
0
0
0
0
0
0
0
0
0
0
0
0
0
0
0
0
0
0
0
0
0
0
0
0
0
0
0
0
0
0
0
0
0
0
0
0
0
0
0
0
0
0
0
0
0
0
0
0
0
0
0
0
0
0
0
0
0
0
0
0
0
0
0
0
0
0
0
0
0
0
0
0
0
0
0
0
0
0
0
0
0
0
0
0
0
0
0
0
0
0
0
0
0
0
0
0
0
0
0
0
0
0
0
0
0
0
0
0
0
0
0
0
0
0
0
0
0
0
0
0
0
0
0
0
0
0
0
0
0
0
0
0
0
0
0
0
0
0
0
0
0
0
0
0
0
0
0
0
0
0
0
0
0
0
0
0
0
0
0
0
0
0
0
0
0
0
0
0
0
0
0
0
0
0
0
0
0
0
0
0
0
0
0
0
0
0
0
0
0
0
0
0
0
0
0
0
0
0
0
0
0
0
0
0
0
0
0
0
0
0
0
0
0
0
0
0
0
0
0
0
0
0
0
0
0
0
0
0
0
0
0
0
0
0
0
0
0
0
0
0
0
0
0
0
0
0
0
0
0
0
0
0
0
0
0
0
0
0
0
0
0
0
0
0
0
0
0
0
0
0
0
0
0
0
0
0
0
0
0
0
0
0
0
0
0
0
0
0
0
0
0
0
0
0
0
0
0
0
0
0
0
0
0
0
0
0
0
0
0
0
0
0
0
0
0
0
0
0
0
0
0
0
0
0
0
0
0
0
0
0
0
0
0
0
0
0
0
0
0
0
0
0
0
0
0
0
0
0
0
0
0
0
0
0
0
0
0
0
0
0
0
0
0
0
0
0
0
0
0
0
0
0
0
0
0
0
0
0
0
0
0
0
0
0
0
0
0
0
0
0
0
0
0
0
0
0
0
0
0
0
0
0
0
0
0
0
0
0
0
0
0
0
0
0
0
0
0
0
0
0
0
0
0
0
0
0
0
0
0
0
0
0
0
0
0
0
0
0
0
0
0
0
0
0
0
0
0
0
0
0
0
0
0
0
0
0
0
0
0
0
0
0
0
0
0
0
0
0
0
0
0
0
0
0
0
0
0
0
0
0
0
0
0
0
0
0
0
0
0
0
0
0
0
0
0
0
0
0
0
0
0
0
0
0
0
0
0
0
0
0
0
0
0
0
0
0
0
0
0
0
0
0
0
0
0
0
0
0
0
0
0
0
0
0
0
0
0
0
0
0
0
0
0
0
0
0
0
0
0
0
0
0
0
0
0
0
0
0
0
0
0
0
0
0
0
0
0
0
0
0
0
0
0
0
0
0
0
0
0
0
0
0
0
0
0
0
0
0
0
0
0
0
0
0
0
0
0
0
0
0
0
0
0
0
0
0
0
0
