118
95
70
79
53
94
176
226
250
287
302
268
248
206
146
138
97
97
106
65
63
67
45
47
57
47
53
50
48
42
60
48
46
52
64
68
52
57
49
63
69
53
57
53
70
65
52
56
58
60
71
64
55
51
70
58
89
87
75
82
83
66
73
82
62
60
81
73
63
81
81
63
87
75
85
79
71
83
82
90
75
86
102
76
104
88
73
93
84
88
91
93
87
99
83
111
86
97
95
91
101
101
90
97
95
87
95
115
122
112
107
97
116
107
95
105
107
124
108
109
127
103
96
99
109
107
119
121
103
114
109
125
117
107
100
109
128
123
125
101
119
104
90
136
126
141
111
113
133
100
101
116
117
119
113
117
96
124
144
148
104
143
111
111
123
137
108
120
117
136
136
111
136
113
130
108
132
132
123
114
109
119
135
138
136
142
123
133
135
116
121
129
125
147
119
137
136
112
111
147
135
131
148
134
122
144
138
140
136
144
130
141
156
152
121
153
124
128
124
138
150
161
136
154
136
131
139
158
140
144
142
145
151
145
146
157
135
136
140
171
147
156
148
135
169
138
120
146
145
139
137
146
138
168
141
143
167
151
161
149
138
138
152
137
158
153
161
138
137
136
149
142
131
161
156
156
165
145
161
145
146
190
148
154
164
166
154
176
158
146
199
148
163
168
139
142
166
159
195
166
153
127
169
146
143
165
184
173
177
167
162
167
161
189
193
190
187
154
160
193
176
153
182
166
164
172
189
181
188
184
180
141
184
162
174
157
166
187
171
170
154
179
187
174
164
189
182
196
181
196
174
181
189
175
167
154
209
176
189
185
180
188
187
174
185
190
205
164
188
211
209
182
205
164
169
196
173
180
178
193
193
209
186
191
171
195
186
181
197
169
171
187
176
183
175
166
182
204
186
194
161
194
206
174
214
212
192
171
197
188
176
189
200
177
201
193
196
198
193
194
178
175
183
162
182
171
165
197
176
184
169
194
176
182
183
195
188
203
173
171
186
184
197
179
184
182
182
193
184
161
190
204
189
195
153
190
176
190
203
200
174
188
175
160
173
179
193
177
173
191
178
192
178
183
184
196
162
180
164
191
187
174
179
165
172
193
196
194
167
161
183
152
151
159
175
175
195
161
164
171
168
182
184
169
167
152
147
217
161
163
178
144
163
176
165
167
160
161
173
179
190
177
165
194
158
181
140
157
187
165
174
164
144
187
166
155
156
177
160
156
142
156
172
165
156
163
180
165
168
181
146
156
146
127
150
177
165
177
158
158
153
143
180
160
141
156
167
161
150
168
144
152
146
179
141
154
161
156
138
174
151
160
167
145
178
172
165
160
163
152
147
132
167
146
156
132
161
130
145
170
158
140
166
134
151
131
133
154
140
148
169
156
118
129
148
167
161
134
146
163
151
141
167
153
170
145
143
152
138
152
146
155
129
147
161
126
173
162
166
134
144
136
143
126
156
137
162
153
148
156
163
150
126
157
161
138
149
128
126
114
155
146
155
135
156
136
130
116
135
152
115
147
148
147
138
140
130
137
156
118
136
166
153
144
154
124
135
156
138
133
117
140
154
146
128
126
144
159
142
117
137
139
141
120
147
145
139
145
140
134
128
130
134
136
129
152
138
132
138
151
139
126
128
123
123
130
151
111
148
142
139
137
139
134
135
143
122
138
147
133
136
118
132
119
136
133
126
147
114
145
118
133
133
127
158
118
117
114
117
130
127
127
156
154
149
122
133
134
153
121
122
135
142
148
108
118
138
149
156
148
135
148
149
115
126
90
141
136
138
125
134
143
125
141
124
102
129
146
131
146
132
111
110
122
127
127
106
138
125
119
139
130
148
126
132
133
136
144
121
116
118
139
126
128
103
126
111
116
115
120
140
144
134
132
109
132
142
120
116
104
124
119
129
112
119
126
126
127
131
139
142
125
109
118
128
133
110
126
110
132
132
139
148
120
123
112
132
130
126
124
120
125
115
129
117
107
134
137
143
133
97
149
120
117
133
128
101
103
106
118
111
121
141
134
102
105
119
117
104
110
125
100
131
111
120
120
121
127
129
113
128
108
113
118
101
131
143
124
106
137
121
131
110
110
135
134
127
110
121
112
144
110
123
125
112
122
113
129
115
101
122
132
107
125
110
82
113
119
132
128
118
128
98
110
118
95
102
132
106
120
117
112
110
111
128
126
115
104
108
104
115
110
124
124
134
105
113
113
105
121
113
98
104
118
122
121
106
106
113
123
117
116
112
115
112
115
114
114
130
109
117
107
103
111
121
105
118
114
95
147
115
117
123
106
129
104
105
104
128
99
97
98
131
130
102
105
138
125
120
98
122
111
110
101
106
104
104
118
102
100
103
102
113
96
108
110
117
110
96
109
106
105
120
105
113
94
127
132
108
134
110
111
107
108
108
118
117
101
106
88
128
113
117
121
93
103
104
95
126
106
115
100
110
99
120
90
114
106
94
100
121
88
113
121
88
102
119
115
99
105
95
121
116
96
100
96
99
109
96
114
103
106
101
108
108
102
108
102
109
103
83
117
113
109
132
112
98
100
111
103
99
94
130
106
114
89
119
97
107
93
128
105
118
121
93
95
99
99
118
113
101
113
105
115
86
105
92
122
100
108
111
94
97
113
102
89
114
106
98
99
111
96
105
107
115
128
112
102
88
108
91
102
110
90
94
94
104
104
92
90
119
103
109
112
101
100
110
103
93
103
96
103
100
89
116
108
95
102
125
121
123
116
99
116
106
99
90
95
98
93
106
103
84
92
74
100
111
93
107
109
88
116
111
96
85
99
104
113
91
105
87
113
110
115
112
97
106
119
91
107
98
102
94
108
96
100
94
103
103
91
100
101
124
81
103
85
82
121
82
109
111
85
109
118
113
109
94
109
88
104
100
113
97
103
103
96
93
91
97
103
95
97
110
94
100
104
83
78
96
105
90
96
100
110
103
89
106
98
117
90
106
105
94
102
106
104
98
89
95
106
114
90
118
96
106
103
93
105
84
99
107
100
114
87
89
90
100
105
95
83
114
100
90
79
109
91
94
107
94
104
90
114
101
115
79
114
106
87
96
100
95
113
90
97
78
101
91
90
78
86
97
97
109
81
85
93
97
109
96
110
108
90
107
117
96
101
92
84
103
104
105
104
88
101
93
106
105
83
89
91
96
96
126
109
113
106
105
83
92
87
93
90
90
90
81
102
104
114
96
90
87
113
94
95
95
88
99
112
85
92
82
86
89
97
90
105
90
102
90
93
97
110
110
90
121
98
103
94
90
91
98
96
92
89
95
91
106
74
101
86
78
112
88
92
99
86
93
85
85
80
82
90
84
65
102
100
104
78
100
79
88
106
85
80
111
91
100
100
91
102
90
95
105
84
75
99
74
111
86
87
84
94
100
103
96
106
97
98
94
97
83
100
85
92
97
67
87
97
85
104
124
105
79
90
78
103
109
79
85
91
92
99
94
82
96
79
88
83
98
95
94
78
76
94
89
91
102
77
82
99
75
94
85
91
86
88
87
96
88
89
73
99
90
86
96
82
90
72
89
81
99
82
81
112
98
83
89
88
101
90
97
85
87
97
99
97
85
83
88
92
78
96
95
96
100
79
99
79
92
79
95
83
91
95
99
95
105
96
86
88
106
83
96
86
96
85
78
110
93
74
88
79
62
88
88
102
99
113
104
98
80
107
83
97
102
81
82
107
99
106
98
80
75
77
107
98
79
93
73
101
107
87
94
82
84
93
74
78
106
90
81
105
91
99
97
78
89
94
64
86
106
77
75
101
78
92
93
101
88
81
90
89
87
97
77
75
88
78
89
90
76
96
106
72
71
87
100
76
102
91
86
98
80
82
109
87
91
72
106
76
98
81
99
72
80
84
84
86
78
75
102
97
88
82
88
94
94
85
99
89
97
95
81
93
82
81
75
89
89
91
71
85
76
89
94
84
96
81
84
102
86
89
124
67
80
84
76
88
79
74
96
84
77
96
99
85
81
74
85
92
92
90
94
103
96
81
85
91
96
71
89
90
106
91
82
80
88
85
87
71
84
96
84
92
88
86
91
86
88
98
78
84
73
87
88
106
92
79
83
89
96
91
93
87
85
76
78
77
107
96
86
88
90
103
69
92
85
90
70
85
84
98
83
89
83
74
66
91
90
103
86
77
83
71
78
87
70
73
102
79
77
97
77
81
79
106
84
86
94
80
96
71
80
101
80
78
81
89
75
84
84
83
83
87
81
85
80
95
82
78
91
79
83
97
92
82
95
72
88
90
91
94
82
83
72
91
73
92
94
87
77
89
97
91
74
96
77
83
77
90
97
87
88
90
94
91
84
70
82
65
102
106
88
97
83
72
90
89
91
80
65
75
82
73
67
80
62
85
92
78
62
88
92
90
73
94
89
89
77
94
94
85
85
70
87
83
80
69
86
94
84
89
67
86
108
82
91
85
97
86
89
83
73
86
88
85
87
98
84
87
72
90
72
90
66
97
89
63
77
88
86
81
80
84
86
83
74
75
84
91
71
83
79
86
79
85
98
97
93
92
79
65
97
77
65
85
80
59
87
71
72
79
85
90
73
85
106
76
83
81
84
96
92
79
88
79
69
98
85
72
89
76
75
91
84
77
68
72
93
82
84
88
94
79
72
84
83
80
76
81
75
77
82
101
92
84
87
81
69
86
92
83
79
80
84
80
70
75
78
81
69
92
87
72
76
83
93
70
90
88
66
93
87
94
72
74
81
77
74
84
83
94
77
90
72
76
82
77
71
66
79
79
81
98
89
82
80
77
82
86
85
75
71
90
70
79
74
72
66
77
71
80
72
69
82
80
85
82
95
84
76
71
65
80
69
69
68
100
78
82
80
77
64
58
78
82
102
91
78
82
85
82
68
82
79
77
80
85
71
83
72
82
74
64
80
76
54
69
81
83
80
83
64
84
67
72
88
75
75
79
84
78
85
69
68
70
59
56
86
73
75
86
72
75
58
74
69
81
68
75
78
81
63
88
90
69
70
78
84
60
79
72
87
62
75
91
62
90
66
69
57
82
86
60
75
64
65
76
64
85
64
75
64
60
66
80
94
81
55
67
60
71
65
83
81
93
83
79
76
73
71
70
73
81
63
81
71
66
60
79
68
70
70
80
82
89
85
71
66
59
74
63
83
59
69
59
72
74
59
75
77
61
71
87
67
69
60
61
77
70
67
78
72
69
74
56
81
87
70
80
76
75
66
71
67
62
79
73
75
77
72
87
72
67
68
82
80
69
75
61
73
73
76
62
58
61
67
60
75
58
68
87
75
70
70
73
65
73
77
74
80
84
66
78
49
53
82
68
76
84
80
66
70
65
69
64
74
76
65
72
77
73
70
72
81
69
78
65
54
72
74
90
79
55
68
68
57
85
75
62
66
76
85
77
74
72
69
68
57
83
72
61
69
61
66
74
71
71
58
66
75
59
71
58
71
64
77
68
67
60
60
56
70
67
80
74
60
80
74
59
81
80
72
75
78
82
77
65
61
72
71
65
79
83
61
80
57
71
58
68
65
72
84
71
66
74
80
77
67
84
77
86
79
74
73
66
59
63
83
71
78
69
75
68
77
78
83
85
78
75
73
76
66
78
96
76
68
90
70
75
74
80
69
93
75
84
88
67
90
87
61
81
79
86
70
68
80
93
66
85
76
66
90
89
85
70
96
87
77
67
78
77
66
76
69
109
67
69
86
77
99
78
73
65
75
81
88
96
89
82
75
77
74
81
77
102
88
78
94
85
85
92
76
85
81
100
91
94
82
82
86
75
76
72
85
84
99
90
93
83
75
109
75
63
81
86
82
86
82
76
84
92
92
82
77
84
84
82
88
75
82
83
119
76
92
92
73
76
101
89
89
100
79
91
84
75
87
91
83
92
86
111
77
102
79
95
76
97
104
95
81
99
88
90
90
88
82
69
85
98
82
95
96
80
86
96
78
90
87
91
88
87
105
94
88
94
90
88
81
87
100
86
96
86
102
94
85
95
105
95
94
67
92
90
86
82
84
84
100
92
110
89
79
83
102
88
103
95
90
86
86
86
87
75
88
104
104
93
96
85
91
96
115
111
91
73
94
103
82
75
106
87
89
95
74
102
104
91
91
88
110
100
95
98
68
90
102
78
103
103
87
90
93
87
93
112
106
93
74
88
77
75
93
93
90
84
99
104
94
96
88
84
90
99
86
73
105
89
102
100
88
102
82
97
76
84
91
94
84
93
72
88
112
82
94
98
107
94
93
102
72
92
112
98
103
85
83
120
79
96
96
88
95
88
92
95
90
92
103
93
101
99
81
94
74
96
67
83
77
95
86
83
80
99
90
85
99
83
84
98
93
101
81
87
95
92
82
65
84
92
76
95
92
97
83
89
90
66
102
85
91
92
79
88
93
87
83
80
81
73
78
87
84
98
78
59
89
101
87
75
76
83
81
81
84
73
82
77
96
79
81
82
90
72
89
83
84
89
84
66
75
83
85
75
71
62
82
86
93
84
71
70
87
61
59
75
84
84
76
68
84
65
89
74
82
86
74
55
82
65
73
75
77
82
70
67
84
95
73
62
83
77
79
68
81
76
66
78
76
66
74
80
65
73
74
75
67
63
75
75
69
72
66
75
75
59
80
61
86
81
76
76
63
70
72
78
65
60
81
66
76
75
66
67
65
77
76
65
63
60
77
63
72
73
66
66
66
60
66
55
70
69
48
64
48
76
87
71
53
47
79
64
51
63
66
47
58
69
51
63
59
64
58
64
58
52
55
63
50
69
56
45
56
48
60
50
47
57
50
60
61
67
50
55
58
46
61
53
61
56
54
55
49
37
64
52
66
61
49
60
37
45
49
66
61
50
64
58
46
59
46
40
51
45
54
54
53
54
44
43
54
49
50
45
43
56
65
49
45
54
53
52
45
52
55
52
59
45
37
39
49
52
43
35
47
46
52
57
62
40
65
35
42
46
56
47
55
41
51
45
43
58
49
47
50
44
44
66
48
51
48
40
41
56
46
49
40
49
55
36
68
56
57
48
48
41
45
54
41
56
50
48
41
41
47
43
42
46
55
44
37
45
48
49
56
46
49
35
55
62
49
49
53
51
48
50
52
47
42
43
50
39
46
46
50
41
50
39
43
36
39
42
57
43
45
56
40
53
38
52
33
35
51
40
47
46
44
46
44
36
64
36
53
37
36
51
37
52
42
57
43
36
34
36
49
48
33
46
41
38
48
40
36
44
46
43
37
40
52
40
38
44
41
41
42
46
33
32
45
38
36
45
41
36
42
47
44
42
43
43
35
47
52
45
29
52
34
37
38
33
26
44
38
50
48
36
35
27
35
45
47
39
36
32
35
34
39
34
33
34
27
30
33
29
29
40
31
30
34
33
29
31
33
36
31
31
33
36
43
31
29
35
33
34
26
32
27
28
23
36
28
23
31
27
27
28
23
41
38
27
24
39
37
19
29
22
24
26
28
28
29
35
37
17
21
16
18
27
26
18
22
25
20
19
25
18
23
22
21
17
20
17
17
13
17
22
15
16
17
16
19
12
17
19
23
13
10
15
12
7
9
11
9
6
10
15
8
11
11
9
9
9
14
8
6
10
5
4
1
10
3
5
2
8
3
3
2
2
2
5
3
1
3
4
2
4
3
4
2
2
2
0
3
1
4
0
1
2
4
2
1
0
2
4
1
0
2
3
0
3
1
3
0
1
0
0
0
0
0
0
1
0
0
0
0
0
0
0
0
0
0
0
0
0
0
0
0
0
0
0
0
0
0
0
0
0
0
0
0
0
0
0
0
0
0
0
0
0
0
0
0
0
0
0
0
0
0
0
0
0
0
0
0
0
0
1
0
0
0
0
0
0
0
0
0
0
0
0
0
0
0
0
0
0
0
0
0
0
0
0
0
0
0
0
0
0
0
0
0
0
0
0
0
0
0
0
0
0
0
0
0
0
0
0
0
0
0
0
0
0
0
0
0
0
0
0
0
0
0
0
0
0
0
0
0
0
0
0
0
0
0
0
0
0
0
0
0
0
0
0
0
0
0
0
0
0
0
0
0
0
0
0
0
0
0
0
0
0
0
0
0
0
0
0
0
0
0
0
0
0
0
0
0
0
0
0
0
0
0
0
0
0
0
0
0
0
0
0
0
0
0
0
0
0
0
0
0
0
0
0
0
0
0
0
0
0
0
0
0
0
0
0
0
0
1
0
0
0
0
0
0
0
0
0
0
0
0
0
0
0
0
0
0
0
0
0
0
0
0
0
0
0
0
0
0
0
0
0
0
0
0
0
0
0
0
0
0
0
0
0
0
0
0
0
0
0
0
0
0
0
0
0
0
0
0
0
0
0
0
0
0
0
0
0
0
0
0
0
0
0
0
0
0
0
0
0
0
0
0
0
0
0
0
0
0
0
0
0
0
0
0
0
0
0
0
0
0
0
0
0
0
0
0
0
0
0
0
0
0
0
0
0
0
0
0
0
0
0
0
0
0
0
0
0
0
0
0
0
0
0
0
0
0
0
0
0
0
0
0
0
0
0
0
0
0
0
0
0
0
0
0
0
0
0
0
0
0
0
0
0
0
0
1
0
0
0
0
0
0
0
0
0
0
0
0
0
0
0
0
0
0
0
0
0
0
0
0
0
0
0
0
0
0
0
0
0
0
0
0
0
0
0
0
0
0
0
0
0
0
0
0
0
0
0
0
0
0
0
0
0
0
0
0
0
0
0
0
0
0
0
0
0
0
0
0
0
0
0
0
0
0
0
0
0
0
0
0
0
0
0
0
0
0
0
0
0
0
0
0
0
0
0
0
0
0
0
0
0
0
0
0
0
0
0
0
0
0
0
0
0
0
0
0
0
0
0
0
0
0
0
0
0
0
0
0
0
0
0
0
0
0
0
0
0
0
0
0
0
0
0
0
0
0
0
0
0
0
0
0
0
0
0
0
0
0
0
0
0
0
0
0
0
0
0
0
0
0
0
0
0
0
0
0
0
0
0
0
0
0
0
0
0
0
0
0
0
0
0
0
0
0
0
0
0
0
0
0
0
0
0
0
0
0
0
0
0
0
0
0
0
0
0
0
0
0
0
0
0
0
0
0
0
0
0
0
0
0
0
0
0
0
0
0
0
0
0
0
0
0
0
0
0
0
0
0
0
0
0
0
0
0
0
0
0
0
0
0
0
0
0
0
0
0
0
0
0
0
0
0
0
0
0
0
0
0
0
0
0
0
0
0
0
0
0
0
0
0
0
0
0
0
0
0
0
0
0
0
0
0
0
0
0
0
0
0
0
0
0
0
0
0
0
0
0
0
0
0
0
0
0
0
0
0
0
0
0
0
0
0
0
0
0
0
0
0
0
0
0
0
0
0
0
0
0
0
0
0
0
0
0
0
0
0
0
0
0
0
0
0
0
0
0
0
0
0
0
0
0
0
0
0
0
0
0
0
0
0
0
0
0
0
0
0
0
0
0
0
0
0
0
0
0
0
0
0
0
0
0
0
0
0
0
0
0
0
0
0
0
0
0
0
0
0
0
0
0
0
0
0
0
0
0
0
0
0
0
0
0
0
0
0
0
0
0
0
0
0
0
0
0
0
0
0
0
0
0
0
0
0
0
0
0
0
0
0
0
0
0
0
0
0
0
0
0
0
0
0
0
0
0
0
0
0
0
0
0
0
0
0
0
0
0
0
0
0
0
0
0
0
0
0
0
0
0
0
0
0
0
0
0
0
0
0
0
0
0
0
0
0
0
0
0
0
0
0
0
0
0
0
0
0
0
0
0
0
0
0
0
0
0
0
0
0
0
0
0
0
0
0
0
0
0
0
0
0
0
0
0
0
0
0
0
0
0
0
0
0
0
0
0
0
0
0
0
0
0
0
0
0
0
0
0
0
0
0
0
0
0
0
0
0
0
0
0
0
0
0
0
0
0
0
0
0
0
0
0
0
0
0
0
0
0
0
0
0
0
0
0
0
0
0
0
0
0
0
0
0
0
0
0
0
0
0
0
0
0
0
0
0
0
0
0
0
0
0
0
0
0
0
0
0
0
0
0
0
0
0
0
0
0
0
0
0
0
0
0
0
0
0
0
0
0
0
0
0
0
0
0
0
0
0
0
0
0
0
0
0
0
0
0
0
0
0
0
0
0
0
0
0
0
0
0
0
0
0
0
0
0
0
0
0
0
0
0
0
0
0
0
0
0
0
0
0
0
0
0
0
0
0
0
0
0
0
0
0
0
0
0
0
0
0
0
0
0
0
0
0
0
0
0
0
0
0
0
0
0
0
0
0
0
0
0
0
0
0
0
0
0
0
0
0
0
0
0
0
0
0
0
0
0
0
0
0
0
0
0
0
0
0
0
0
0
0
0
0
0
0
0
0
0
0
0
0
0
0
0
0
0
0
0
0
0
0
0
0
0
0
0
0
0
0
0
0
0
0
0
0
0
0
0
0
0
0
0
0
0
0
0
0
0
0
0
0
0
0
0
0
0
0
0
0
0
0
0
0
0
0
0
0
0
0
0
0
0
0
0
0
0
0
0
0
0
0
0
0
0
0
0
0
0
0
0
0
0
0
0
0
0
0
0
0
0
0
0
0
0
0
0
0
0
0
0
0
0
0
0
0
0
0
0
0
0
0
0
0
0
0
0
0
0
0
0
0
0
0
0
0
0
0
0
0
0
0
0
0
0
0
0
0
0
0
0
0
0
0
0
0
0
0
0
0
0
0
0
0
0
0
0
0
0
0
0
0
0
0
0
0
0
0
0
0
0
0
0
0
0
0
0
0
0
0
0
0
0
0
0
0
0
0
0
0
0
0
0
0
0
0
0
0
0
0
0
0
0
0
0
0
0
0
0
0
0
0
0
0
0
0
0
0
0
0
0
0
0
0
0
0
0
0
0
0
0
0
0
0
0
0
0
0
0
0
0
0
0
0
0
0
0
0
0
0
0
0
0
0
0
0
0
0
0
0
0
0
0
0
0
0
0
0
0
0
0
0
0
0
0
0
0
0
0
0
0
0
0
0
0
0
0
0
0
0
0
0
0
0
0
0
0
0
0
0
0
0
0
0
0
0
0
0
0
0
0
0
0
0
0
0
0
0
0
0
0
0
0
0
0
0
0
0
0
0
0
0
0
0
0
0
0
0
0
0
0
0
0
0
0
0
0
0
0
0
0
0
0
0
0
0
0
0
0
0
0
0
0
0
0
0
0
0
0
0
0
0
0
0
0
0
0
0
0
0
0
0
0
0
0
0
0
0
0
0
0
0
0
0
0
0
0
0
0
0
0
0
0
0
0
0
0
0
0
0
0
0
0
0
0
0
0
0
0
0
0
0
0
0
0
0
0
0
0
0
0
0
0
0
0
0
0
0
0
0
0
0
0
0
0
0
0
0
0
0
0
0
0
0
0
0
0
0
0
0
0
0
0
0
0
0
0
0
0
0
0
0
0
0
0
0
0
0
0
0
0
0
0
0
0
0
0
0
0
0
0
0
0
0
0
0
0
0
0
0
0
0
0
0
0
0
0
0
0
0
0
0
0
0
0
0
0
0
0
0
0
0
0
0
0
0
0
0
0
0
0
0
0
0
0
0
0
0
0
0
0
0
0
0
0
0
0
0
0
0
0
0
0
0
0
0
0
0
0
0
0
0
0
0
0
0
0
0
0
0
0
0
0
0
0
0
0
0
0
0
0
0
0
0
0
0
0
0
0
0
0
0
0
0
0
0
0
0
0
0
0
0
0
0
0
0
0
0
0
0
0
0
0
0
0
0
0
0
0
0
0
0
0
0
0
0
0
0
0
0
0
0
0
0
0
0
0
0
0
0
0
0
0
0
0
0
0
0
0
0
0
0
0
0
0
0
0
0
0
0
0
0
0
0
0
0
0
0
0
0
0
0
0
0
0
0
0
0
0
0
0
0
0
0
0
0
0
0
0
0
0
0
0
0
0
0
0
0
0
0
0
0
0
0
0
0
0
0
0
0
0
0
0
0
0
0
0
0
0
0
0
0
0
0
0
0
0
0
0
0
0
0
0
0
0
0
0
0
0
0
0
0
0
0
0
0
0
0
0
0
0
0
0
0
0
0
0
0
0
0
0
0
0
0
0
0
0
0
0
0
0
0
0
0
0
0
0
0
0
0
0
0
0
0
0
0
0
0
0
0
0
0
0
0
0
0
0
0
0
0
0
0
0
0
0
0
0
0
0
0
0
0
0
0
0
0
0
0
0
0
0
0
0
0
0
0
0
0
0
0
0
0
0
0
0
0
0
0
0
0
0
0
0
0
0
0
0
0
0
0
0
0
0
0
0
0
0
0
0
0
0
0
0
0
0
0
0
0
0
0
0
0
0
0
0
0
0
0
0
0
0
0
0
0
0
0
0
0
0
0
0
0
0
0
0
0
0
0
0
0
0
0
0
0
0
0
0
0
0
0
0
0
0
0
0
0
0
0
0
0
0
0
0
0
0
0
0
0
0
0
0
0
0
0
0
0
0
0
0
0
0
0
0
0
0
0
0
0
0
0
0
0
0
0
0
0
0
0
0
0
0
0
0
0
0
0
0
0
0
0
0
0
0
0
0
0
0
0
0
0
0
0
0
0
0
0
0
0
0
0
0
0
0
0
0
0
0
0
0
0
0
0
0
0
0
0
0
0
0
0
0
0
0
0
0
0
0
0
0
0
0
0
0
0
0
0
0
0
0
0
0
0
0
0
0
0
0
0
0
0
0
0
0
0
0
0
0
0
0
0
0
0
0
0
0
0
0
0
0
0
0
0
0
0
0
0
0
0
0
0
0
0
0
0
0
0
0
0
0
0
0
0
0
0
0
0
0
0
0
0
0
0
0
0
0
0
0
0
0
0
0
0
0
0
0
0
0
0
0
0
0
0
0
0
0
0
0
0
0
0
0
0
0
0
0
0
0
0
0
0
0
0
0
0
0
0
0
0
0
0
0
0
0
0
0
0
0
0
0
0
0
0
0
0
0
0
0
0
0
0
0
0
0
0
0
0
0
0
0
0
0
0
0
0
0
0
0
0
0
0
0
0
0
0
0
0
0
0
0
0
0
0
0
0
0
0
0
0
0
0
0
0
0
0
0
0
0
0
0
0
0
0
0
0
0
0
0
0
0
0
0
0
0
0
0
0
0
0
0
0
0
0
0
0
0
0
0
0
0
0
0
0
0
0
0
0
0
0
0
0
0
0
0
0
0
0
0
0
0
0
0
0
0
0
0
0
0
0
0
0
0
0
0
0
0
0
0
0
0
0
0
0
0
0
0
0
0
0
0
0
0
0
0
0
0
0
0
0
0
0
0
0
0
0
0
0
0
0
0
0
0
0
0
0
0
0
0
0
0
0
0
0
0
0
0
0
0
0
0
0
0
0
0
0
0
0
0
0
0
0
0
0
0
0
0
0
0
0
0
0
0
0
0
0
0
0
0
0
0
0
0
0
0
0
0
0
0
0
0
0
0
0
0
0
0
0
0
0
0
0
0
0
0
0
0
0
0
0
0
0
0
0
0
0
0
0
0
0
0
0
0
0
0
0
0
0
0
0
0
0
0
0
0
0
0
0
0
0
0
0
0
0
0
0
0
0
0
0
0
0
0
0
0
0
0
0
0
0
0
0
0
0
0
0
0
0
0
0
0
0
0
0
0
0
0
0
0
0
0
0
0
0
0
0
0
0
0
0
0
0
0
0
0
0
0
0
0
0
0
0
0
0
0
0
0
0
0
0
0
0
0
0
0
0
0
0
0
0
0
0
0
0
0
0
0
0
0
0
0
0
0
0
0
0
0
0
0
0
0
0
0
0
0
0
0
0
0
0
0
0
0
0
0
0
0
0
0
0
0
0
0
0
0
0
0
0
0
0
0
0
0
0
0
0
0
0
0
0
0
0
0
0
0
0
0
0
0
0
0
0
0
0
0
0
0
0
0
0
0
0
0
0
0
0
0
0
0
0
0
0
0
0
0
0
0
0
0
0
0
0
0
0
0
0
0
0
0
0
0
0
0
0
0
0
0
0
0
0
0
0
0
0
0
0
0
0
0
0
0
0
0
0
0
0
0
0
0
0
0
0
0
0
0
0
0
0
0
0
0
0
0
0
0
0
0
0
0
0
0
0
0
0
0
0
0
0
0
0
0
0
0
0
0
0
0
0
0
0
0
0
0
0
0
0
0
0
0
0
0
0
0
0
0
0
0
0
0
0
0
0
0
0
0
0
0
0
0
0
0
0
0
0
0
0
0
0
0
0
0
0
0
0
0
0
0
0
0
0
0
0
0
0
0
0
0
0
0
0
0
0
0
0
0
0
0
0
0
0
0
0
0
0
0
0
0
0
0
0
0
0
0
0
0
0
0
0
0
0
0
0
0
0
0
0
0
0
0
0
0
0
0
0
0
0
0
0
0
0
0
0
0
0
0
0
0
0
0
0
0
0
0
0
0
0
0
0
0
0
0
0
0
0
0
0
0
0
0
0
0
0
0
0
0
0
0
0
0
0
0
0
0
0
0
0
0
0
0
0
0
0
0
0
0
0
0
0
0
0
0
0
0
0
0
0
0
0
0
0
0
0
0
0
0
0
0
0
0
0
0
0
0
0
0
0
0
0
0
0
0
0
0
0
0
0
0
0
0
0
0
0
0
0
0
0
0
0
0
0
0
0
0
0
0
0
0
0
0
0
0
0
0
0
0
0
0
0
0
0
0
0
0
0
0
0
0
0
0
0
0
0
0
0
0
0
0
0
0
0
0
0
0
0
0
0
0
0
0
0
0
0
0
0
0
0
0
0
0
0
0
0
0
0
0
0
0
0
0
0
0
0
0
0
0
0
0
0
0
0
0
0
0
0
0
0
0
0
0
0
0
0
0
0
0
0
0
0
0
0
0
0
0
0
0
0
0
0
0
0
0
0
0
0
0
0
0
0
0
0
0
0
0
0
0
0
0
0
0
0
0
0
0
0
0
0
0
0
0
0
0
0
0
0
0
0
0
0
0
0
0
0
0
0
0
0
0
0
0
0
0
0
0
0
0
0
0
0
0
0
0
0
0
0
0
0
0
0
0
0
0
0
0
0
0
0
0
0
0
0
0
0
0
0
0
0
0
0
0
0
0
0
0
0
0
0
0
0
0
0
0
0
0
0
0
0
0
0
0
0
0
0
0
0
0
0
0
0
0
0
0
0
0
0
0
0
0
0
0
0
0
0
0
0
0
0
0
0
0
0
0
0
0
0
0
0
0
0
0
0
0
0
0
0
0
0
0
0
0
0
0
0
0
0
0
0
0
0
0
0
0
0
0
0
0
0
0
0
0
0
0
0
0
0
0
0
0
0
0
0
0
0
0
0
0
0
0
0
0
0
0
0
0
0
0
0
0
0
0
0
0
0
0
0
0
0
0
0
0
0
0
0
0
0
0
0
0
0
0
0
0
0
0
0
0
0
0
0
0
0
0
0
0
0
0
0
0
0
0
0
0
0
0
0
0
0
0
0
0
0
0
0
0
0
0
0
0
0
0
0
0
0
0
0
0
0
0
0
0
0
0
0
0
0
0
0
0
0
0
0
0
0
0
0
0
0
0
0
0
0
0
0
0
0
0
0
0
0
0
0
0
0
0
0
0
0
0
0
0
0
0
0
0
0
0
0
0
0
0
0
0
0
0
0
0
0
0
0
0
0
0
0
0
0
0
0
0
0
0
0
0
0
0
0
0
0
0
0
0
0
0
0
0
0
0
0
0
0
0
0
0
0
0
0
0
0
0
0
0
0
0
0
0
0
0
0
0
0
0
0
0
0
0
0
0
0
0
0
0
0
0
0
0
0
0
0
0
0
0
0
0
0
0
0
0
0
0
0
0
0
0
0
0
0
0
0
0
0
0
0
0
0
0
0
0
0
0
0
0
0
0
0
0
0
0
0
0
0
0
0
0
0
0
0
0
0
0
0
0
0
0
0
0
0
0
0
0
0
0
0
0
0
0
0
0
0
0
0
0
0
0
0
0
0
0
0
0
0
0
0
0
0
0
0
0
0
0
0
0
0
0
0
0
0
0
0
0
0
0
0
0
0
0
0
0
0
0
0
0
0
0
0
0
0
0
0
0
0
0
0
0
0
0
0
0
0
0
0
0
0
0
0
0
0
0
0
0
0
0
0
0
0
0
0
0
0
0
0
0
0
0
0
0
0
0
0
0
0
0
0
0
0
0
0
0
0
0
0
0
0
0
0
0
0
0
0
0
0
0
0
0
0
0
0
0
0
0
0
0
0
0
0
0
0
0
0
0
0
0
0
0
0
0
0
0
0
0
0
0
0
0
0
0
0
0
0
0
0
0
0
0
0
0
0
0
0
0
0
0
0
0
0
0
0
0
0
0
0
0
0
0
0
0
0
0
0
0
0
0
0
0
0
0
0
0
0
0
0
0
0
0
0
0
0
0
0
0
0
0
0
0
0
0
0
0
0
0
0
0
0
0
0
0
0
0
0
0
0
0
0
0
0
0
0
0
0
0
0
0
0
0
0
0
0
0
0
0
0
0
0
0
0
0
0
0
0
0
0
0
0
0
0
0
0
0
0
0
0
0
0
0
0
0
0
0
0
0
0
0
0
0
0
0
0
0
0
0
0
0
0
0
0
0
0
0
0
0
0
0
0
0
0
0
0
0
0
0
0
0
0
0
0
0
0
0
0
0
0
0
0
0
0
0
0
0
0
0
0
0
0
0
0
0
0
0
0
0
0
0
0
0
0
0
0
0
0
0
0
0
0
0
0
0
0
0
0
0
0
0
0
0
0
0
0
0
0
0
0
0
0
0
0
0
0
0
0
0
0
0
0
0
0
0
0
0
0
0
0
0
0
0
0
0
0
0
0
0
0
0
0
0
0
0
0
0
0
0
0
0
0
0
0
0
0
0
0
0
0
0
0
0
0
0
0
0
0
0
0
0
0
0
0
0
0
0
0
0
0
0
0
0
0
0
0
0
0
0
0
0
0
0
0
0
0
0
0
0
0
0
0
0
0
0
0
0
0
0
0
0
0
0
0
0
0
0
0
0
0
0
0
0
0
0
0
0
0
0
0
0
0
0
0
0
0
0
0
0
0
0
0
0
0
0
0
0
0
0
0
0
0
0
0
0
0
0
0
0
0
0
0
0
0
0
0
0
0
0
0
0
0
0
0
0
0
0
0
0
0
0
0
0
0
0
0
0
0
0
0
0
0
0
0
0
0
0
0
0
0
0
0
0
0
0
0
0
0
0
0
0
0
0
0
0
0
0
0
0
0
0
0
0
0
0
0
0
0
0
0
0
0
0
0
0
0
0
0
0
0
0
0
0
0
0
0
0
0
0
0
0
0
0
0
0
0
0
0
0
0
0
0
0
0
0
0
0
0
0
0
0
0
0
0
0
0
0
0
0
0
0
0
0
0
0
0
0
0
0
0
0
0
0
0
0
0
0
0
0
0
0
0
0
0
0
0
0
0
0
0
0
0
0
0
0
0
0
0
0
0
0
0
0
0
0
0
0
0
0
0
0
0
0
0
0
0
0
0
0
0
0
0
0
0
0
0
0
0
0
0
0
0
0
0
0
0
0
0
0
0
0
0
0
0
0
0
0
0
0
0
0
0
0
0
0
0
0
0
0
0
0
0
0
0
0
0
0
0
0
0
0
0
0
0
0
0
0
0
0
0
0
0
0
0
0
0
0
0
0
0
0
0
0
0
0
0
0
0
0
0
0
0
0
0
0
0
0
0
0
0
0
0
0
0
0
0
0
0
0
0
0
0
0
0
0
0
0
0
0
0
0
0
0
0
0
0
0
0
0
0
0
0
0
0
0
0
0
0
0
0
0
0
0
0
0
0
0
0
0
0
0
0
0
0
0
0
0
0
0
0
0
0
0
0
0
0
0
0
0
0
0
0
0
0
0
0
0
0
0
0
0
0
0
0
0
0
0
0
0
0
0
0
0
0
0
0
0
0
0
0
0
0
0
0
0
0
0
0
0
0
0
0
0
0
0
0
0
0
0
0
0
0
0
0
0
0
0
0
0
0
0
0
0
0
0
0
0
0
0
0
0
0
0
0
0
0
0
0
0
0
0
0
0
0
0
0
0
0
0
0
0
0
0
0
0
0
0
0
0
0
0
0
0
0
0
0
0
0
0
0
0
0
0
0
0
0
0
0
0
0
0
0
0
0
0
0
0
