10133
8152
6766
5262
4266
3305
2693
2113
1621
1401
1160
1051
1045
1309
1623
1929
1990
1944
1809
1487
1315
1067
961
841
677
605
553
543
488
494
487
530
513
531
481
468
545
533
534
502
564
548
548
533
605
556
578
594
584
609
586
570
619
601
628
597
561
654
627
672
648
644
706
677
658
699
642
686
686
674
687
710
647
743
740
703
728
752
692
690
754
755
761
750
823
765
822
723
826
792
800
795
809
787
834
837
858
849
819
828
853
844
827
779
838
858
867
872
855
885
880
857
931
923
847
909
906
933
930
960
929
938
963
993
929
937
909
985
976
1027
993
1022
985
1012
980
956
1068
1027
988
1051
1074
1049
1012
1019
1024
968
1038
1012
1025
1066
1082
1060
1051
1087
1146
1033
1117
1091
1043
1123
1071
1125
1078
1108
1131
1113
1145
1152
1118
1158
1163
1087
1192
1128
1140
1144
1149
1118
1192
1197
1149
1149
1195
1232
1227
1169
1142
1182
1134
1191
1174
1237
1227
1243
1238
1230
1174
1211
1241
1200
1262
1226
1222
1262
1253
1269
1255
1334
1239
1273
1268
1181
1377
1237
1319
1307
1279
1345
1333
1368
1310
1355
1320
1288
1409
1343
1285
1312
1301
1305
1352
1287
1325
1402
1346
1375
1375
1350
1303
1350
1375
1361
1292
1335
1335
1383
1343
1363
1332
1367
1406
1414
1361
1448
1382
1384
1356
1307
1376
1384
1414
1372
1385
1352
1321
1452
1344
1306
1384
1417
1413
1345
1378
1423
1392
1400
1430
1375
1395
1338
1376
1408
1395
1417
1486
1423
1345
1432
1350
1297
1440
1504
1386
1380
1380
1368
1421
1415
1413
1323
1471
1334
1338
1358
1342
1361
1436
1381
1342
1372
1339
1298
1379
1386
1367
1357
1402
1322
1456
1368
1290
1389
1344
1324
1294
1274
1376
1280
1254
1377
1290
1291
1375
1327
1314
1329
1279
1378
1332
1344
1364
1344
1354
1285
1307
1326
1265
1274
1254
1242
1203
1251
1277
1230
1255
1340
1250
1261
1278
1235
1232
1317
1298
1222
1190
1258
1285
1270
1303
1197
1255
1285
1255
1264
1218
1192
1208
1194
1317
1272
1176
1262
1224
1313
1231
1242
1280
1219
1233
1287
1184
1174
1219
1262
1200
1232
1166
1198
1231
1225
1196
1185
1244
1185
1199
1173
1173
1195
1135
1172
1229
1154
1235
1165
1160
1263
1187
1157
1162
1159
1116
1195
1204
1156
1157
1122
1134
1160
1123
1075
1182
1178
1192
1178
1129
1131
1124
1067
1137
1183
1117
1116
1134
1121
1119
1142
1135
1153
1163
1145
1131
1145
1049
1101
1109
1103
1055
1056
1139
1110
1163
1102
1061
1119
1131
1071
1102
1125
1170
1115
1114
1134
1088
1118
1085
1090
1081
1150
1076
1085
1114
1050
1147
1023
1081
1009
1116
1087
1049
1042
1058
1087
1054
1076
1060
1034
1051
1052
1033
1038
1050
1003
1097
1052
1080
1076
1083
1065
1072
1065
993
1062
1129
1053
1019
1062
1074
1022
1007
1013
1075
966
1031
1080
1053
1053
1031
1069
1038
1024
1031
1042
1014
1019
1027
1016
991
1044
1040
1069
1012
1025
991
1048
1000
1061
1069
996
994
1083
1009
1027
1068
1003
1005
1013
975
1018
998
984
1026
1002
987
968
991
1021
949
1011
1040
1001
1011
1006
1007
967
975
1025
976
985
1023
944
979
1017
926
1055
1001
976
1007
947
1005
994
975
969
1010
998
964
1031
969
1069
954
996
999
1052
936
1027
975
890
988
1017
1005
1016
980
1005
937
973
990
1002
979
1038
1007
910
976
1023
982
1008
955
976
1027
988
971
961
1033
979
973
955
940
956
960
969
891
1016
1037
974
1047
1006
1012
978
992
952
973
983
1038
988
960
935
1030
1020
939
944
1015
1027
960
997
984
914
962
921
982
1019
972
995
1065
969
955
960
966
987
959
996
948
983
947
1017
948
984
1026
1024
987
936
1002
943
982
954
955
975
940
986
930
936
1002
966
958
1018
983
1086
1030
956
964
1036
1012
968
1025
1065
1027
1007
1005
966
971
980
976
989
968
1009
1005
1002
1021
952
982
966
1011
994
1034
974
1026
1010
965
989
983
982
945
1000
1036
961
978
985
962
986
977
1000
1029
1019
969
990
1042
976
986
981
1009
951
997
990
997
977
1046
973
1008
994
989
994
1017
977
1025
913
996
1012
1009
966
1010
1014
1007
994
1055
993
1014
981
971
976
939
978
1007
998
991
897
975
961
1012
969
984
1016
944
996
983
970
959
1012
973
1000
953
922
921
952
994
960
959
993
946
992
971
978
954
918
994
984
938
955
959
938
945
908
948
965
960
919
970
934
913
942
901
919
937
946
915
927
937
905
959
947
898
867
941
860
898
915
956
900
854
928
954
848
834
880
869
885
904
885
916
856
883
879
874
851
877
866
902
879
831
828
815
933
855
830
888
887
808
816
857
869
847
854
825
848
840
830
853
769
837
753
797
850
810
817
804
811
827
772
761
752
795
837
792
795
799
806
808
798
781
756
751
780
773
825
746
781
720
735
777
706
721
664
688
675
742
765
732
689
665
685
729
706
705
655
698
740
672
671
707
643
664
706
668
631
627
621
636
665
691
614
708
615
637
655
704
613
676
599
658
638
626
619
590
617
662
588
649
622
600
611
624
585
604
581
605
593
584
622
616
600
585
600
548
585
567
569
590
540
578
551
597
562
537
533
564
605
578
548
531
596
559
564
556
519
583
590
522
537
533
571
536
567
525
513
552
540
538
546
481
536
511
508
525
554
576
522
522
507
538
543
512
546
502
536
494
534
506
543
529
522
572
490
512
531
538
545
529
544
530
523
552
517
563
542
552
514
581
554
579
534
518
555
574
568
515
520
556
599
533
542
545
561
507
552
582
518
559
551
592
636
526
573
567
571
617
599
612
615
550
596
580
584
576
648
639
597
604
593
610
627
648
644
590
668
651
629
675
692
665
672
658
617
637
670
694
704
681
714
687
675
709
751
670
692
744
729
755
700
794
747
785
751
855
747
742
774
770
814
818
864
755
849
803
817
851
808
820
833
854
848
844
819
872
879
952
866
865
914
852
926
936
887
933
926
886
943
878
949
925
967
955
970
1011
969
1007
1007
1030
1048
931
999
973
983
1048
985
971
1081
1152
1098
1041
1098
1122
1089
1158
1109
1118
1095
1211
1147
1127
1183
1168
1152
1157
1206
1152
1143
1161
1227
1226
1230
1257
1268
1204
1222
1208
1266
1145
1236
1259
1250
1298
1258
1305
1300
1272
1265
1278
1290
1322
1357
1300
1365
1337
1286
1278
1354
1306
1367
1339
1415
1314
1319
1339
1373
1373
1481
1376
1427
1386
1385
1395
1331
1416
1439
1481
1430
1433
1443
1430
1462
1412
1436
1424
1472
1460
1494
1439
1434
1499
1536
1472
1523
1518
1491
1574
1500
1482
1534
1515
1497
1492
1447
1541
1528
1541
1477
1549
1502
1501
1550
1544
1532
1446
1533
1494
1492
1580
1479
1541
1528
1506
1493
1492
1525
1648
1489
1514
1527
1541
1511
1536
1568
1591
1456
1460
1475
1507
1478
1530
1560
1567
1466
1490
1524
1492
1467
1469
1491
1500
1494
1469
1527
1453
1458
1431
1455
1431
1385
1494
1499
1499
1452
1482
1476
1405
1456
1465
1417
1485
1470
1458
1435
1450
1449
1414
1451
1391
1432
1457
1419
1427
1361
1439
1393
1480
1406
1367
1432
1416
1370
1383
1406
1405
1374
1323
1415
1336
1305
1416
1365
1304
1332
1241
1323
1378
1373
1312
1284
1261
1355
1288
1405
1212
1255
1232
1266
1270
1259
1261
1259
1309
1264
1276
1275
1207
1209
1285
1244
1265
1231
1271
1224
1213
1259
1181
1212
1192
1126
1117
1111
1212
1198
1193
1177
1164
1132
1134
1159
1108
1122
1184
1165
1146
1088
1141
1066
1052
1126
1055
1062
1083
1072
1094
1098
1065
992
1053
1061
1050
1003
1061
1032
995
1047
1012
959
1001
979
1015
966
981
986
972
1008
954
904
997
980
987
950
913
931
902
917
893
931
894
939
882
929
907
880
939
851
909
903
866
837
848
859
851
832
872
787
806
790
801
811
805
881
863
812
847
819
853
815
759
736
757
847
795
772
731
815
821
732
755
811
745
723
736
712
747
709
753
716
714
696
727
740
747
723
724
702
684
685
655
712
669
709
702
679
687
666
632
656
687
647
681
642
617
657
630
596
651
597
645
611
639
611
639
625
599
601
577
604
570
563
572
617
590
618
603
589
568
572
587
603
581
546
555
537
557
563
540
540
569
565
559
557
488
549
539
506
491
501
511
495
500
510
531
544
521
477
511
498
490
516
523
528
519
498
479
506
471
469
484
498
464
471
480
485
454
456
446
449
458
483
470
498
442
425
428
459
476
394
408
408
410
438
445
408
436
441
461
418
394
412
440
446
454
429
426
417
382
406
403
410
365
426
402
423
394
408
373
390
369
399
406
413
397
414
398
336
375
413
418
383
363
361
366
393
381
370
359
348
360
377
347
323
370
386
355
332
335
338
352
332
361
353
326
360
331
382
290
341
358
321
299
344
309
330
342
339
300
295
339
332
316
350
298
343
322
341
324
299
309
312
300
296
307
297
300
285
283
294
307
300
303
309
295
322
305
281
277
317
292
297
345
266
284
281
287
259
281
294
291
282
305
299
279
253
251
277
268
275
301
285
271
272
245
282
277
287
311
262
257
314
266
261
246
271
261
281
273
241
274
252
240
250
255
217
252
203
265
222
263
250
240
257
253
235
228
241
238
240
254
219
255
248
233
217
235
219
238
227
228
223
243
213
240
235
213
202
230
206
249
224
213
223
209
226
212
204
200
216
236
222
217
218
179
221
208
224
223
219
202
205
210
187
228
193
205
219
207
190
186
196
208
197
195
192
212
177
193
172
191
173
200
188
200
202
187
191
196
188
177
182
200
170
197
187
189
157
171
173
184
180
192
174
187
204
167
173
183
171
172
170
184
167
165
173
164
175
156
178
183
149
133
158
140
174
176
152
170
186
165
175
166
163
186
163
150
151
135
149
140
128
157
165
152
151
134
165
138
179
160
152
139
137
153
154
149
139
147
157
147
136
159
148
154
133
137
149
140
110
137
163
113
127
112
151
134
145
135
149
135
132
131
149
112
125
124
127
140
127
135
107
132
172
117
112
122
104
133
145
105
117
114
120
111
124
113
117
127
110
111
129
112
130
116
117
121
127
98
110
140
107
140
98
121
130
110
121
121
111
101
114
113
97
89
95
113
96
106
103
99
84
119
109
96
100
121
111
103
104
105
117
100
100
122
99
106
115
107
109
97
102
103
100
112
107
84
108
84
98
97
103
104
105
98
102
99
106
93
107
107
93
96
96
81
106
101
89
100
81
75
95
88
87
89
103
89
107
88
106
94
92
91
92
81
81
84
92
76
77
79
91
88
80
78
89
72
69
85
86
81
76
80
80
65
79
87
61
74
85
86
69
102
79
81
89
73
81
52
83
76
83
77
80
74
84
80
70
79
79
89
76
84
61
83
75
64
68
58
66
62
65
56
71
77
54
66
52
79
66
80
59
85
69
66
65
72
69
64
63
80
57
72
68
64
69
63
64
75
70
53
72
65
76
68
89
60
58
54
66
64
55
68
63
68
56
66
70
74
65
61
56
52
62
54
69
51
51
47
46
64
60
65
58
50
58
67
50
51
48
60
62
76
54
53
52
48
43
51
56
51
67
41
50
40
47
48
51
47
54
59
51
45
56
41
49
55
51
49
57
39
55
37
46
50
49
38
38
42
50
56
45
50
44
56
33
44
40
50
37
46
56
53
56
46
56
35
40
41
48
43
40
53
44
31
48
46
47
44
36
32
39
43
48
38
39
41
40
45
33
46
37
46
40
51
41
32
35
32
40
43
35
43
40
39
28
32
29
30
30
31
45
35
29
37
47
38
41
26
35
35
38
34
29
36
29
35
33
31
29
35
36
33
24
28
36
24
43
36
36
34
38
26
36
38
24
36
29
32
38
28
29
32
27
28
26
40
28
23
26
33
30
26
31
25
25
27
36
26
24
31
25
30
36
33
30
25
31
29
20
27
36
27
23
36
24
24
29
21
31
32
24
24
17
25
20
23
26
29
25
29
30
18
26
21
19
22
17
31
19
20
23
16
26
18
21
13
42
20
20
16
20
18
22
15
25
8
22
29
16
18
21
10
27
24
11
15
19
21
18
22
24
18
13
17
21
21
24
14
20
15
17
16
25
26
12
19
16
15
23
13
17
21
18
17
19
19
11
13
14
15
15
17
9
16
12
16
20
19
17
20
13
15
14
16
16
17
19
9
12
11
12
21
13
9
13
14
18
20
19
9
19
11
16
12
17
22
15
13
14
16
14
14
16
17
9
19
18
12
14
11
10
21
14
19
11
12
15
15
14
6
25
13
15
11
16
15
3
8
11
12
10
15
11
14
10
6
7
12
10
17
16
7
10
18
1
15
13
15
11
11
7
3
11
13
12
9
9
10
14
2
10
8
9
15
8
12
9
9
8
8
10
8
6
11
6
9
9
9
10
7
6
7
7
6
5
5
9
5
4
7
7
7
5
6
5
5
8
2
6
8
8
3
8
4
5
2
7
4
6
9
6
12
4
6
7
3
7
6
4
7
5
4
6
3
3
4
11
3
4
5
6
4
4
5
3
1
1
0
4
5
5
8
6
6
7
2
3
3
3
2
5
4
3
2
4
4
2
5
2
2
5
4
4
3
1
1
2
3
0
3
5
5
2
2
2
4
3
1
1
3
1
2
2
4
2
4
5
2
2
0
2
2
5
1
2
4
1
1
1
1
6
3
2
3
4
2
2
4
3
3
2
0
3
3
1
5
3
1
1
1
4
3
1
2
1
0
2
2
0
0
0
1
1
1
0
0
3
0
1
3
0
0
1
2
2
1
1
1
3
2
0
1
1
0
2
2
0
0
1
0
2
2
0
0
1
3
1
0
3
0
0
1
0
0
0
1
0
0
0
0
1
1
0
1
0
1
1
1
0
2
1
1
0
1
0
1
2
2
0
1
1
1
0
3
0
1
0
2
0
2
0
2
0
1
1
0
0
0
1
0
1
2
2
2
1
1
3
0
2
1
0
0
1
0
0
0
0
0
0
0
0
0
1
0
2
0
0
1
0
1
1
0
0
0
0
1
0
3
0
0
0
0
0
0
1
0
0
1
3
0
0
0
0
0
0
1
0
0
1
0
0
1
0
1
0
1
0
0
0
0
0
1
2
0
0
0
1
0
0
2
0
0
0
1
0
1
0
0
1
0
0
1
1
1
0
1
0
0
0
0
1
1
2
0
0
0
1
1
2
0
0
1
0
0
1
0
1
0
0
1
0
0
0
0
0
0
0
0
0
0
0
1
0
0
0
0
0
0
0
0
0
0
2
0
0
1
0
0
0
0
0
0
2
0
0
1
0
0
0
0
0
0
0
0
0
0
0
0
1
0
0
0
1
0
0
0
2
0
0
0
0
0
0
0
0
0
1
0
0
0
0
0
0
1
1
0
1
0
0
0
0
0
0
0
1
0
0
0
0
0
0
0
1
0
0
1
0
3
1
0
0
0
0
0
2
0
0
0
0
0
0
0
0
0
0
0
0
0
1
0
0
1
0
0
0
1
0
1
0
0
0
0
0
0
0
0
0
0
0
0
0
0
0
0
0
0
0
0
0
0
0
0
0
1
0
0
0
0
0
0
0
1
0
0
0
0
0
0
0
0
0
0
0
0
0
1
0
0
0
0
0
0
0
1
0
0
0
0
0
2
0
0
0
0
0
0
0
0
0
0
0
0
0
1
0
1
0
0
0
0
0
0
0
0
0
0
0
0
0
0
0
0
0
0
0
0
0
0
0
0
0
0
0
0
0
0
0
0
0
0
0
0
0
0
0
0
0
0
0
1
0
0
0
0
0
0
1
0
0
0
0
0
0
0
0
0
0
0
0
0
0
0
0
0
0
0
0
0
0
0
0
0
0
0
0
0
0
0
0
0
0
0
0
0
0
0
0
0
0
0
0
0
0
0
1
0
0
0
0
0
0
0
0
0
0
0
0
0
0
0
0
0
0
0
0
0
0
0
0
0
0
0
0
0
0
0
0
0
0
0
0
0
0
0
0
0
0
0
0
0
0
0
0
0
0
0
0
0
0
0
0
0
0
0
0
0
0
0
0
0
0
0
0
0
0
0
0
0
1
1
0
0
0
0
0
0
0
0
0
0
0
0
0
0
0
0
1
0
0
0
0
0
0
0
0
0
0
0
0
0
0
0
0
0
0
0
0
0
0
0
0
0
0
0
1
0
0
0
0
1
0
0
0
0
0
0
0
0
0
0
0
0
0
0
0
0
0
0
0
0
1
0
0
1
0
0
0
0
0
2
0
0
0
0
0
0
0
0
0
0
0
0
0
0
0
0
0
0
0
0
0
0
0
0
0
0
0
0
0
0
0
0
0
0
0
0
0
0
0
0
0
0
0
0
0
0
0
0
0
0
0
0
0
0
0
0
0
0
0
0
0
0
0
0
0
0
0
0
0
0
0
0
0
0
0
0
0
0
0
0
0
0
0
0
0
0
0
0
0
0
0
0
0
0
0
0
0
0
0
0
0
0
0
0
0
0
0
0
0
0
0
0
0
0
0
0
0
0
0
0
0
0
0
0
0
0
0
0
0
0
0
0
0
0
0
0
0
0
0
0
0
0
0
0
0
0
0
0
0
0
0
0
0
0
0
0
0
0
0
0
0
0
0
0
0
0
0
0
0
0
0
0
0
0
0
0
0
0
0
0
0
0
0
0
0
0
0
0
0
0
0
0
0
0
0
0
0
0
0
0
0
0
0
0
0
0
0
0
0
0
0
0
0
0
0
0
0
0
0
0
0
0
0
0
0
0
0
0
0
0
0
0
0
0
0
0
0
0
0
0
0
0
0
0
0
0
0
0
0
0
0
0
0
0
0
0
0
0
0
0
0
0
0
0
0
0
0
0
0
0
0
0
0
0
0
0
0
0
0
0
0
0
0
0
0
0
0
0
0
0
0
0
0
0
0
0
0
0
0
0
0
0
0
0
0
0
0
0
0
0
0
0
0
0
0
0
0
0
0
0
0
0
0
0
0
0
0
0
0
0
0
0
0
0
0
0
0
0
0
0
0
0
0
0
0
0
0
0
0
0
0
0
0
0
0
0
0
0
0
0
0
0
0
0
0
0
0
0
0
0
0
0
0
0
0
0
0
0
0
0
0
0
0
0
0
0
0
0
0
0
0
0
0
0
0
0
0
0
0
0
0
0
0
0
0
0
0
0
0
0
0
0
0
0
0
0
0
0
0
0
0
0
0
0
0
0
0
0
0
0
0
0
0
0
0
0
0
0
0
0
0
0
0
0
0
0
0
0
0
0
0
0
0
0
0
0
0
0
0
0
0
0
0
0
0
0
0
0
0
0
0
0
0
0
0
0
0
0
0
0
0
0
0
0
0
0
0
0
0
0
0
0
0
0
0
0
0
0
0
0
0
0
0
0
0
0
0
0
0
0
0
0
0
0
0
0
0
0
0
0
0
0
0
0
0
0
0
0
0
0
0
0
0
0
0
0
0
0
0
0
0
0
0
0
0
0
0
0
0
0
0
0
0
0
0
0
0
0
0
0
0
0
0
0
0
0
0
0
0
0
0
0
0
0
0
0
0
0
0
0
0
0
0
0
0
0
0
0
0
0
0
0
0
0
0
0
0
0
0
0
0
0
0
0
0
0
0
0
0
0
0
0
0
0
0
0
0
0
0
0
0
0
0
0
0
0
0
0
0
0
0
0
0
0
0
0
0
0
0
0
0
0
0
0
0
0
0
0
0
0
0
0
0
0
0
0
0
0
0
0
0
0
0
0
0
0
0
0
0
0
0
0
0
0
0
0
0
0
0
0
0
0
0
0
0
0
0
0
0
0
0
0
0
0
0
0
0
0
0
0
0
0
0
0
0
0
0
0
0
0
0
0
0
0
0
0
0
0
0
0
0
0
0
0
0
0
0
0
0
0
0
0
0
0
0
0
0
0
0
0
0
0
0
0
0
0
0
0
0
0
0
0
0
0
0
0
0
0
0
0
0
0
0
0
0
0
0
0
0
0
0
0
0
0
0
0
0
0
0
0
0
0
0
0
0
0
0
0
0
0
0
0
0
0
0
0
0
0
0
0
0
0
0
0
0
0
0
0
0
0
0
0
0
0
0
0
0
0
0
0
0
0
0
0
0
0
0
0
0
0
0
0
0
0
0
0
0
0
0
0
0
0
0
0
0
0
0
0
0
0
0
0
0
0
0
0
0
0
0
0
0
0
0
0
0
0
0
0
0
0
0
0
0
0
0
0
0
0
0
0
0
0
0
0
0
0
0
0
0
0
0
0
0
0
0
0
0
0
0
0
0
0
0
0
0
0
0
0
0
0
0
0
0
0
0
0
0
0
0
0
0
0
0
0
0
0
0
0
0
0
0
0
0
0
0
0
0
0
0
0
0
0
0
0
0
0
0
0
0
0
0
0
0
0
0
0
0
0
0
0
0
0
0
0
0
0
0
0
0
0
0
0
0
0
0
0
0
0
0
0
0
0
0
0
0
0
0
0
0
0
0
0
0
0
0
0
0
0
0
0
0
0
0
0
0
0
0
0
0
0
0
0
0
0
0
0
0
0
0
0
0
0
0
0
0
0
0
0
0
0
0
0
0
0
0
0
0
0
0
0
0
0
0
0
0
0
0
0
0
0
0
0
0
0
0
0
0
0
0
0
0
0
0
0
0
0
0
0
0
0
0
0
0
0
0
0
0
0
0
0
0
0
0
0
0
0
0
0
0
0
0
0
0
0
0
0
0
0
0
0
0
0
0
0
0
0
0
0
0
0
0
0
0
0
0
0
0
0
0
0
0
0
0
0
0
0
0
0
0
0
0
0
0
0
0
0
0
0
0
0
0
0
0
0
0
0
0
0
0
0
0
0
0
0
0
0
0
0
0
0
0
0
0
0
0
0
0
0
0
0
0
0
0
0
0
0
0
0
0
0
0
0
0
0
0
0
0
0
0
0
0
0
0
0
0
0
0
0
0
0
0
0
0
0
0
0
0
0
0
0
0
0
0
0
0
0
0
0
0
0
0
0
0
0
0
0
0
0
0
0
0
0
0
0
0
0
0
0
0
0
0
0
0
0
0
0
0
0
0
0
0
0
0
0
0
0
0
0
0
0
0
0
0
0
0
0
0
0
0
0
0
0
0
0
0
0
0
0
0
0
0
0
0
0
0
0
0
0
0
0
0
0
0
0
0
0
0
0
0
0
0
0
0
0
0
0
0
0
0
0
0
0
0
0
0
0
0
0
0
0
0
0
0
0
0
0
0
0
0
0
0
0
0
0
0
0
0
0
0
0
0
0
0
0
0
0
0
0
0
0
0
0
0
0
0
0
0
0
0
0
0
0
0
0
0
0
0
0
0
0
0
0
0
0
0
0
0
0
0
0
0
0
0
0
0
0
0
0
0
0
0
0
0
0
0
0
0
0
0
0
0
0
0
0
0
0
0
0
0
0
0
0
0
0
0
0
0
0
0
0
0
0
0
0
0
0
0
0
0
0
0
0
0
0
0
0
0
0
0
0
0
0
0
0
0
0
0
0
0
0
0
0
0
0
0
0
0
0
0
0
0
0
0
0
0
0
0
0
0
0
0
0
0
0
0
0
0
0
0
0
0
0
0
0
0
0
0
0
0
0
0
0
0
0
0
0
0
0
0
0
0
0
0
0
0
0
0
0
0
0
0
0
0
0
0
0
0
0
0
0
0
0
0
0
0
0
0
0
0
0
0
0
0
0
0
0
0
0
0
0
0
0
0
0
0
0
0
0
0
0
0
0
0
0
0
0
0
0
0
0
0
0
0
0
0
0
0
0
0
0
0
0
0
0
0
0
0
0
0
0
0
0
0
0
0
0
0
0
0
0
0
0
0
0
0
0
0
0
0
0
0
0
0
0
0
0
0
0
0
0
0
0
0
0
0
0
0
0
0
0
0
0
0
0
0
0
0
0
0
0
0
0
0
0
0
0
0
0
0
0
0
0
0
0
0
0
0
0
0
0
0
0
0
0
0
0
0
0
0
0
0
0
0
0
0
0
0
0
0
0
0
0
0
0
0
0
0
0
0
0
0
0
0
0
0
0
0
0
0
0
0
0
0
0
0
0
0
0
0
0
0
0
0
0
0
0
0
0
0
0
0
0
0
0
0
0
0
0
0
0
0
0
0
0
0
0
0
0
0
0
0
0
0
0
0
0
0
0
0
0
0
0
0
0
0
0
0
0
0
0
0
0
0
0
0
0
0
0
0
0
0
0
0
0
0
0
0
0
0
0
0
0
0
0
0
0
0
0
0
0
0
0
0
0
0
0
0
0
0
0
0
0
0
0
0
0
0
0
0
0
0
0
0
0
0
0
0
0
0
0
0
0
0
0
0
0
0
0
0
0
0
0
0
0
0
0
0
0
0
0
0
0
0
0
0
0
0
0
0
0
0
0
0
0
0
0
0
0
0
0
0
0
0
0
0
0
0
0
0
0
0
0
0
0
0
0
0
0
0
0
0
0
0
0
0
0
0
0
0
0
0
0
0
0
0
0
0
0
0
0
0
0
0
0
0
0
0
0
0
0
0
0
0
0
0
0
0
0
0
0
0
0
0
0
0
0
0
0
0
0
0
0
0
0
0
0
0
0
0
0
0
0
0
0
0
0
0
0
0
0
0
0
0
0
0
0
0
0
0
0
0
0
0
0
0
0
0
0
0
0
0
0
0
0
0
0
0
0
0
0
0
0
0
0
0
0
0
0
0
0
0
0
0
0
0
0
0
0
0
0
0
0
0
0
0
0
0
0
0
0
0
0
0
0
0
0
0
0
0
0
0
0
0
0
0
0
0
0
0
0
0
0
0
0
0
0
0
0
0
0
0
0
0
0
0
0
0
0
0
0
0
0
0
0
0
0
0
0
0
0
0
0
0
0
0
0
0
0
0
0
0
0
0
0
0
0
0
0
0
0
0
0
0
0
0
0
0
0
0
0
0
0
0
0
0
0
0
0
0
0
0
0
0
0
0
0
0
0
0
0
0
0
0
0
0
0
0
0
0
0
0
0
0
0
0
0
0
0
0
0
0
0
0
0
0
0
0
0
0
0
0
0
0
0
0
0
0
0
0
0
0
0
0
0
0
0
0
0
0
0
0
0
0
0
0
0
0
0
0
0
0
0
0
0
0
0
0
0
0
0
0
0
0
0
0
0
0
0
0
0
0
0
0
0
0
0
0
0
0
0
0
0
0
0
0
0
0
0
0
0
0
0
0
0
0
0
0
0
0
0
0
0
0
0
0
0
0
0
0
0
0
0
0
0
0
0
0
0
0
0
0
0
0
0
0
0
0
0
0
0
0
0
0
0
0
0
0
0
0
0
0
0
0
0
0
0
0
0
0
0
0
0
0
0
0
0
0
0
0
0
0
0
0
0
0
0
0
0
0
0
0
0
0
0
0
0
0
0
0
0
0
0
0
0
0
0
0
0
0
0
0
0
0
0
0
0
0
0
0
0
0
0
0
0
0
0
0
0
0
0
0
0
0
0
0
0
0
0
0
0
0
0
0
0
0
0
0
0
0
0
0
0
0
0
0
0
0
0
0
0
0
0
0
0
0
0
0
0
0
0
0
0
0
0
0
0
0
0
0
0
0
0
0
0
0
0
0
0
0
0
0
0
0
0
0
0
0
0
0
0
0
0
0
0
0
0
0
0
0
0
0
0
0
0
0
0
0
0
0
0
0
0
0
0
0
0
0
0
0
0
0
0
0
0
0
0
0
0
0
0
0
0
0
0
0
0
0
0
0
0
0
0
0
0
0
0
0
0
0
0
0
0
0
0
0
0
0
0
0
0
0
0
0
0
0
0
0
0
0
0
0
0
0
0
0
0
0
0
0
0
0
0
0
0
0
0
0
0
0
0
0
0
0
0
0
0
0
0
0
0
0
0
0
0
0
0
0
0
0
0
0
0
0
0
0
0
0
0
0
0
0
0
0
0
0
0
0
0
0
0
0
0
0
0
0
0
0
0
0
0
0
0
0
0
0
0
0
0
0
0
0
0
0
0
0
0
0
0
0
0
0
0
0
0
0
0
0
0
0
0
0
0
0
0
0
0
0
0
0
0
0
0
0
0
0
0
0
0
0
0
0
0
0
0
0
0
0
0
0
0
0
0
0
0
0
0
0
0
0
0
0
0
0
0
0
0
0
0
0
0
0
0
0
0
0
0
0
0
0
0
0
0
0
0
0
0
0
0
0
0
0
0
0
0
0
0
0
0
0
0
0
0
0
0
0
0
0
0
0
0
0
0
0
0
0
0
0
0
0
0
0
0
0
0
0
0
0
0
0
0
0
0
0
0
0
0
0
0
0
0
0
0
0
0
0
0
0
0
0
0
0
0
0
0
0
0
0
0
0
0
0
0
0
0
0
0
0
0
0
0
0
0
0
0
0
0
0
0
0
0
0
0
0
0
0
0
0
0
0
0
0
0
0
0
0
0
0
0
0
0
0
0
0
0
0
0
0
0
0
0
0
0
0
0
0
0
0
0
0
0
0
0
0
0
0
0
0
0
0
0
0
0
0
0
0
0
0
0
0
0
0
0
0
0
0
0
0
0
0
0
0
0
0
0
0
0
0
0
0
0
0
0
0
0
0
0
0
0
0
0
0
0
0
0
0
0
0
0
0
0
0
0
0
0
0
0
0
0
0
0
0
0
0
0
0
0
0
0
0
0
0
0
0
0
0
0
0
0
0
0
0
0
0
0
0
0
0
0
0
0
0
0
0
0
0
0
0
0
0
0
0
0
0
0
0
0
0
0
0
0
0
0
0
0
0
0
0
0
0
0
0
0
0
0
0
0
0
0
0
0
0
0
0
0
0
0
0
0
0
0
0
0
0
0
0
0
0
0
0
0
0
0
0
0
0
0
0
0
0
0
0
0
0
0
0
0
0
0
0
0
0
0
0
0
0
0
0
0
0
0
0
0
0
0
0
0
0
0
0
0
0
0
0
0
0
0
0
0
0
0
0
0
0
0
0
0
0
0
0
0
0
0
0
0
0
0
0
0
0
0
0
0
0
0
0
0
0
0
0
0
0
0
0
0
0
0
0
0
0
0
0
0
0
0
0
0
0
0
0
0
0
0
0
0
0
0
0
0
0
0
0
0
0
0
0
0
0
0
0
0
0
0
0
0
0
0
0
0
0
0
0
0
0
0
0
0
0
0
0
0
0
0
0
0
0
0
0
0
0
0
0
0
0
0
0
0
0
0
0
0
0
0
0
0
0
0
0
0
0
0
0
0
0
0
0
0
0
0
0
0
0
0
0
0
0
0
0
0
0
0
0
0
0
0
0
0
0
0
0
0
0
0
0
0
0
0
0
0
0
0
0
0
0
0
0
0
0
0
0
0
0
0
0
0
0
0
0
0
0
0
0
0
0
0
0
0
0
0
0
0
0
0
0
0
0
0
0
0
0
0
0
0
0
0
0
0
0
0
0
0
0
0
0
0
0
0
0
0
0
0
0
0
0
0
0
0
0
0
0
0
0
0
0
0
0
0
0
0
0
0
0
0
0
0
0
0
0
0
0
0
0
0
0
0
0
0
0
0
0
0
0
0
0
0
0
0
0
0
0
0
0
0
0
0
0
0
0
0
0
0
0
0
0
0
0
0
0
0
0
0
0
0
0
0
0
0
0
0
0
0
0
0
0
0
0
0
0
0
0
0
0
0
0
0
0
0
0
0
0
0
0
0
0
0
0
0
0
0
0
0
0
0
0
0
0
0
0
0
0
0
0
0
0
0
0
0
0
0
0
0
0
0
0
0
0
0
0
0
0
0
0
0
0
0
0
0
0
0
0
0
0
0
0
0
0
0
0
0
0
0
0
0
0
0
0
0
0
0
0
0
0
0
0
0
0
0
0
0
0
0
0
0
0
0
0
0
0
0
0
0
0
0
0
0
0
0
0
0
0
0
0
0
0
0
0
0
0
0
0
0
0
0
0
0
0
0
0
0
0
0
0
0
0
0
0
0
0
0
0
0
0
0
0
0
0
0
0
0
0
0
0
0
0
0
0
0
0
0
0
0
0
0
0
0
0
0
0
0
0
0
0
0
0
0
0
0
0
0
0
0
0
0
0
0
0
0
0
0
0
0
0
0
0
0
0
0
0
0
0
0
0
0
0
0
0
0
0
0
0
0
0
0
0
0
0
0
0
0
0
0
0
0
0
0
0
0
0
0
0
0
0
0
0
0
0
0
0
0
0
0
0
0
0
0
0
0
0
0
0
0
0
0
0
0
0
0
0
0
0
0
0
0
0
0
0
0
0
0
0
0
0
0
0
0
0
0
0
0
0
0
0
0
0
0
0
0
0
0
0
0
0
0
0
0
0
0
0
0
0
0
0
0
0
0
0
0
0
0
0
0
0
0
0
0
0
0
0
0
0
0
0
0
0
0
0
0
0
0
0
0
0
0
0
0
0
0
0
0
0
0
0
0
0
0
0
0
0
0
0
0
0
0
0
0
0
0
0
0
0
0
0
0
0
0
0
0
0
0
0
0
0
0
0
0
0
0
0
0
0
0
0
0
0
0
0
0
0
0
0
0
0
0
0
0
0
0
0
0
0
0
0
0
0
0
0
0
0
0
0
0
0
0
0
0
0
0
0
0
0
0
0
0
0
0
0
0
0
0
0
0
0
0
0
0
0
0
0
0
0
0
0
0
0
0
0
0
0
0
0
0
0
0
0
0
0
0
0
0
0
0
0
0
0
0
0
0
0
0
0
0
0
0
0
0
0
0
0
0
0
0
0
0
0
0
0
0
0
0
0
0
0
0
0
0
0
0
0
0
0
0
0
0
0
0
0
0
0
0
0
0
0
0
0
0
0
0
0
0
0
0
0
0
0
0
0
0
0
0
0
0
0
0
0
0
0
0
0
0
0
0
0
0
0
0
0
0
0
0
0
0
0
0
0
0
0
0
0
0
0
0
0
0
0
0
0
0
0
0
0
0
0
0
0
0
0
0
0
0
0
0
0
0
0
0
0
0
0
0
0
0
0
0
0
0
0
0
0
0
0
0
0
0
0
0
0
0
0
0
0
0
0
0
0
0
0
0
0
0
0
0
0
0
0
0
0
0
0
0
0
0
0
0
0
0
0
0
0
0
0
0
0
0
0
0
0
0
0
0
0
0
0
0
0
0
0
0
0
0
0
0
0
0
0
0
0
0
0
0
0
0
0
0
0
0
0
0
0
0
0
0
0
0
0
0
0
0
0
0
0
0
0
0
0
0
0
0
0
0
0
0
0
0
0
0
0
0
0
0
0
0
0
0
0
0
0
0
0
0
0
0
0
0
0
0
0
0
0
0
0
0
0
0
0
0
0
0
0
0
0
0
0
0
0
0
0
0
0
0
0
0
0
0
0
0
0
0
0
0
0
0
0
0
0
0
0
0
0
0
0
0
0
0
0
0
0
0
0
0
0
0
0
0
0
0
0
0
0
0
0
0
0
0
0
0
0
0
0
0
0
0
0
0
0
0
0
0
0
0
0
0
0
0
0
0
0
0
0
0
0
0
0
0
0
0
0
0
0
0
0
0
0
0
0
0
0
0
0
0
0
0
0
0
0
0
0
0
0
0
0
0
0
0
0
0
0
0
0
0
0
0
0
0
0
0
0
0
0
0
0
0
0
0
0
0
0
0
0
0
0
0
0
0
0
0
0
0
0
0
0
0
0
0
0
0
0
0
0
0
0
0
0
0
0
0
0
0
0
0
0
0
0
0
0
0
0
0
0
0
0
0
0
0
0
0
0
0
0
0
0
0
0
0
0
0
0
0
0
0
0
0
0
0
0
0
0
0
0
0
0
0
0
0
0
0
0
0
0
0
0
0
0
0
0
0
0
0
0
0
0
0
0
0
0
0
0
0
0
0
0
0
0
0
0
0
0
0
0
0
0
0
0
0
0
0
0
0
0
0
0
0
0
0
0
0
0
0
0
0
0
0
0
0
0
0
0
0
0
0
0
0
0
0
0
0
0
0
0
0
0
0
0
0
0
0
0
0
0
0
0
0
0
0
0
0
0
0
0
0
0
0
0
0
0
0
0
0
0
0
0
0
0
0
0
0
0
0
0
0
0
0
0
0
0
0
0
0
0
0
0
0
0
0
0
0
0
0
0
0
0
0
0
0
0
0
0
0
0
0
0
0
0
0
0
0
0
0
0
0
0
0
0
0
0
0
0
0
0
0
0
0
0
0
0
0
0
0
0
0
0
0
0
0
0
0
0
0
0
0
0
0
0
0
0
0
0
0
0
0
0
0
0
0
0
0
0
0
0
0
0
0
0
0
0
0
0
0
0
0
0
0
0
0
0
0
0
0
0
0
0
0
0
0
0
0
0
0
0
0
0
0
0
0
0
0
0
0
0
0
0
0
0
0
0
0
0
0
0
0
0
0
0
0
0
0
0
0
0
0
0
0
0
0
0
0
0
0
0
0
0
0
0
0
0
0
0
0
0
0
0
0
0
0
0
0
0
0
0
0
0
0
0
0
0
0
0
0
0
0
0
0
0
0
0
0
0
0
0
0
0
0
0
0
0
0
0
0
0
0
0
0
0
0
0
0
0
0
0
0
0
0
0
0
0
0
0
0
0
0
0
0
0
0
0
0
0
0
0
0
0
0
0
0
0
0
0
0
0
0
0
0
0
0
0
0
0
0
0
0
0
0
0
0
0
0
0
0
0
0
0
0
0
0
0
0
0
0
0
0
0
0
0
