797
607
467
388
302
259
371
540
702
755
835
816
707
647
544
444
381
268
270
226
190
167
162
174
166
131
143
175
148
152
144
157
170
155
167
152
168
161
187
213
198
168
189
184
202
216
191
216
210
211
256
215
221
234
204
216
208
219
224
252
227
235
238
232
223
245
279
225
290
276
265
255
220
262
296
261
300
249
269
274
255
282
297
268
292
297
296
308
277
303
287
294
309
272
303
302
290
317
292
328
308
314
333
313
327
337
307
292
329
330
339
323
357
376
347
336
349
320
357
350
363
386
339
347
325
375
368
338
368
362
345
372
388
369
432
346
370
375
368
383
374
423
396
409
385
376
397
372
390
407
445
391
398
418
426
386
390
380
397
404
407
415
415
432
382
388
396
429
442
442
433
420
466
463
485
434
471
460
438
433
449
455
453
449
433
477
442
475
462
454
483
457
425
424
475
496
500
491
448
445
502
464
467
481
518
503
501
486
502
491
550
461
521
515
523
492
483
466
553
525
495
503
538
540
490
493
500
497
546
494
483
515
515
547
578
492
510
493
501
559
570
520
506
566
526
497
560
521
540
488
491
536
504
536
538
538
560
505
573
525
539
555
592
573
539
557
558
567
518
549
544
542
563
527
589
540
530
537
530
526
536
523
563
598
554
573
524
577
562
553
544
572
541
564
522
577
516
498
585
537
546
556
549
515
534
552
524
594
542
550
528
544
541
515
519
560
567
524
512
523
490
554
515
541
536
484
550
553
532
515
541
527
492
467
537
515
541
552
537
501
517
551
583
545
522
509
487
513
533
512
558
491
489
542
541
515
490
510
522
503
533
515
526
550
512
539
518
507
502
521
521
531
497
503
474
526
484
471
491
468
527
491
491
500
512
493
521
498
478
482
477
495
451
488
486
516
479
520
486
496
466
523
495
465
501
430
478
470
470
472
415
467
472
501
424
469
499
492
455
497
477
503
465
479
469
433
451
472
431
464
424
421
417
471
453
462
439
465
456
446
433
420
423
456
444
475
453
418
445
433
451
457
424
450
464
448
448
431
434
486
409
494
452
413
428
427
438
423
478
420
445
420
446
426
444
439
422
410
437
401
431
423
426
419
438
468
428
448
408
422
410
402
433
404
425
446
436
417
396
437
414
415
401
464
424
428
446
364
445
428
415
370
380
412
423
371
424
427
392
417
462
384
439
405
416
439
387
408
396
439
416
406
408
422
418
417
417
387
403
401
392
400
402
395
380
402
415
407
384
398
360
391
405
368
376
383
395
396
393
389
377
375
387
400
383
381
413
384
395
411
383
370
366
391
386
388
376
360
386
380
395
377
354
381
392
384
352
390
362
337
365
356
386
356
363
365
370
328
388
342
359
378
361
349
343
359
375
336
364
336
346
385
376
328
386
357
321
383
321
349
349
344
370
326
343
343
326
348
332
335
351
324
319
312
350
331
333
363
372
331
306
320
334
323
339
322
299
328
324
338
328
333
337
339
295
291
304
327
312
303
318
284
311
302
322
319
296
294
295
268
274
323
323
299
274
318
280
302
290
289
261
291
311
305
290
306
295
260
279
251
274
272
301
269
260
305
267
281
290
289
292
277
275
262
251
285
240
255
255
257
270
294
246
261
276
258
268
243
262
264
235
237
265
235
219
247
250
232
234
248
273
253
235
272
205
230
241
240
244
229
270
257
273
270
266
219
244
244
243
227
239
243
216
207
246
234
244
209
221
193
249
255
264
245
237
231
223
234
227
219
245
232
224
213
241
229
225
224
235
214
216
219
207
226
232
236
226
204
223
232
227
192
224
245
233
233
199
201
221
241
241
227
223
243
231
226
211
220
221
198
230
234
227
246
221
237
241
228
200
250
232
251
234
216
242
226
245
228
220
260
240
228
225
242
207
224
268
236
216
230
213
242
270
259
282
270
237
250
252
249
284
238
263
247
250
280
248
244
248
270
261
262
270
289
268
285
286
254
253
280
287
253
297
291
304
303
284
309
304
295
328
317
308
316
300
357
289
292
312
317
299
324
350
374
328
346
331
347
340
357
314
338
378
355
354
357
371
411
378
335
367
380
373
385
390
403
404
388
396
408
435
370
419
430
382
390
428
421
427
395
433
428
434
411
412
450
416
441
432
417
453
503
472
495
488
486
478
484
444
440
495
509
472
493
464
492
527
478
452
456
515
521
504
506
504
495
574
546
527
533
529
546
557
567
556
509
581
505
544
593
580
562
538
569
561
589
615
620
560
561
618
585
577
603
591
597
583
611
557
579
647
601
649
632
642
600
629
606
641
597
614
609
628
601
623
635
643
628
599
681
675
658
643
666
624
610
691
656
681
664
678
597
678
668
646
642
652
631
635
661
625
701
659
710
617
662
700
678
652
707
642
686
628
693
638
697
646
711
707
697
664
643
725
672
688
674
690
698
692
674
669
662
694
696
689
687
629
639
601
655
678
680
655
629
641
655
679
621
649
676
645
656
667
660
664
620
715
671
629
614
636
668
623
646
621
643
589
648
675
606
596
622
635
673
600
618
586
675
595
644
623
630
640
642
597
600
630
623
594
602
597
569
610
580
575
604
545
568
592
572
588
583
571
533
592
550
582
559
581
544
577
546
602
535
572
555
559
619
584
535
535
536
555
488
546
559
535
524
527
534
535
536
525
473
491
508
552
542
481
482
496
499
486
479
524
482
512
476
500
505
493
434
456
451
470
421
477
459
472
455
438
474
494
447
439
458
460
453
461
442
446
453
453
440
453
425
429
425
432
466
442
420
429
428
391
417
414
384
463
430
424
399
418
414
404
397
365
392
414
413
375
385
375
355
388
382
392
359
416
361
403
368
325
382
368
364
347
372
398
383
363
349
348
313
349
340
364
309
350
334
310
309
340
350
353
335
334
349
305
358
311
299
304
320
312
311
313
277
336
313
322
339
325
335
334
324
326
280
284
304
301
307
302
295
320
312
271
302
292
260
303
284
308
279
297
255
303
289
282
284
292
296
299
257
272
295
290
298
277
274
270
293
282
265
287
240
268
265
266
245
256
275
256
264
228
254
235
255
259
258
245
236
254
243
232
230
253
229
242
221
245
227
252
266
245
247
197
236
239
250
239
220
241
235
234
230
239
205
220
231
209
228
226
255
217
237
252
224
226
226
227
215
229
209
192
228
217
210
167
206
222
214
200
191
203
198
229
198
194
214
191
213
200
210
182
198
193
209
238
198
204
197
200
191
206
194
184
184
194
203
221
219
173
179
155
200
198
198
187
173
178
202
185
187
216
187
169
191
187
185
201
168
184
166
173
192
178
172
168
176
169
156
174
164
173
181
155
163
193
179
163
162
153
165
155
173
153
167
163
156
175
173
176
156
158
160
166
168
163
154
156
161
157
141
161
142
169
161
148
166
175
176
167
161
168
172
156
167
141
163
164
163
158
159
156
156
138
164
161
153
148
162
149
161
161
138
145
160
137
144
151
146
143
120
166
147
140
144
154
124
154
161
143
138
132
129
126
123
132
155
122
147
137
143
139
133
142
134
143
135
129
125
126
142
140
132
142
126
122
131
110
126
139
122
119
150
107
104
102
140
132
115
121
120
120
136
132
122
125
138
116
130
135
118
112
137
125
125
113
124
129
110
113
123
99
126
124
119
126
118
136
120
109
112
103
110
113
102
116
125
113
113
114
96
115
124
120
114
116
107
102
104
135
122
103
123
102
105
112
110
105
108
112
120
104
110
108
109
109
87
112
127
139
117
96
107
100
126
101
108
111
94
88
116
92
92
100
112
100
97
86
99
97
98
89
96
95
113
101
88
106
90
99
104
83
111
82
91
81
95
98
83
97
94
86
99
73
95
118
110
99
122
96
92
106
103
102
97
102
113
105
129
97
103
99
103
77
78
103
81
95
87
104
102
98
91
96
100
83
105
84
95
96
81
86
83
119
88
85
82
76
101
70
104
99
87
70
84
79
86
85
91
84
96
88
76
86
91
85
91
81
87
80
88
68
77
96
81
88
77
68
74
86
75
81
91
96
78
78
88
74
75
73
88
88
94
77
86
93
74
83
87
84
85
81
57
71
89
70
68
85
92
75
70
86
72
81
88
75
74
76
80
82
66
65
76
64
86
74
74
68
78
65
63
83
75
81
75
83
73
66
85
67
68
71
79
75
71
79
81
73
70
65
71
71
84
71
70
69
68
76
86
75
82
83
76
74
62
77
69
69
83
57
72
74
65
82
49
79
75
77
73
74
83
65
63
61
76
70
55
75
65
58
72
78
64
65
71
72
67
56
73
68
69
72
79
51
81
81
80
72
64
63
88
83
76
51
70
63
72
72
71
78
61
63
64
64
75
65
72
77
58
67
69
59
64
61
69
59
72
68
53
62
62
60
72
57
70
55
67
55
60
75
66
66
61
73
79
59
75
69
73
61
65
72
56
61
51
50
62
49
57
78
48
64
72
58
59
62
64
49
56
65
49
59
65
60
67
69
53
63
60
61
49
73
65
51
42
64
48
59
59
69
51
59
56
51
62
63
61
47
58
54
60
51
53
51
62
71
65
49
47
67
58
63
48
55
58
55
61
49
59
50
50
47
59
71
66
57
72
43
54
59
48
54
51
49
55
56
63
50
48
52
55
56
41
64
49
47
49
46
45
66
67
55
49
64
62
50
38
64
57
49
46
53
50
54
67
47
44
56
54
45
54
61
54
42
51
57
64
64
49
65
48
56
46
52
70
57
54
43
58
63
45
44
51
50
65
44
59
50
50
53
48
52
58
72
52
49
46
45
71
57
42
31
43
36
49
56
43
48
44
45
56
54
46
65
34
59
47
55
53
40
40
56
52
59
43
53
55
49
50
51
33
46
46
57
49
53
53
48
56
49
51
52
45
55
62
36
46
57
48
47
55
48
46
56
62
49
47
52
48
44
50
49
49
40
54
53
33
62
53
44
28
47
47
45
51
51
47
50
43
56
42
48
66
52
47
49
46
46
52
43
49
46
55
40
41
52
50
42
45
43
55
52
49
54
50
50
67
46
57
55
41
62
38
42
52
35
58
47
42
46
43
46
45
42
37
49
43
37
37
42
43
45
53
51
48
31
42
42
43
53
50
52
44
49
47
58
40
44
41
47
38
32
37
46
42
37
35
41
42
42
37
44
40
30
35
41
46
42
48
38
45
47
56
42
42
51
30
45
40
49
49
35
39
53
44
39
36
41
32
43
41
31
48
47
43
29
42
49
43
40
38
44
46
40
44
47
39
37
39
34
42
42
51
38
36
41
41
47
42
45
31
31
39
37
32
36
46
38
35
35
43
30
32
37
34
34
35
33
44
40
38
42
29
47
55
43
45
48
37
31
46
40
43
51
41
32
48
46
38
45
32
29
45
37
33
37
33
42
39
38
35
40
38
42
43
31
50
29
46
33
34
27
35
44
41
42
41
39
30
42
46
36
36
46
35
36
41
36
42
37
36
27
34
37
21
32
42
39
30
44
29
35
33
41
30
40
33
34
34
44
25
38
33
41
34
35
38
49
35
40
34
35
43
42
35
37
51
27
45
29
47
41
31
39
38
22
36
41
39
39
39
29
39
36
36
31
34
30
42
30
45
27
33
38
39
45
35
35
35
38
33
33
35
42
35
27
34
41
28
25
46
36
36
30
33
33
42
29
33
42
34
44
38
37
38
38
36
36
32
35
43
39
35
24
28
30
49
40
40
50
49
34
24
38
31
39
46
37
28
41
32
32
45
43
44
36
42
36
52
54
44
40
45
36
37
45
46
41
31
33
42
47
45
57
36
46
39
35
36
38
44
43
39
46
40
41
40
38
58
33
34
55
43
41
37
32
47
34
39
40
31
48
41
43
48
51
37
36
45
42
46
28
35
45
54
53
58
55
55
44
46
53
49
43
54
65
48
38
57
38
51
54
40
51
44
51
49
49
63
51
42
48
49
38
55
57
51
56
48
53
56
46
51
51
39
39
46
49
57
47
48
54
55
51
43
36
57
47
51
65
46
45
46
45
54
49
43
55
54
34
56
53
58
52
47
62
52
55
65
55
50
47
61
54
55
50
53
56
66
45
48
66
55
54
35
62
62
58
64
55
57
50
58
54
52
63
57
48
66
54
60
59
40
50
59
56
64
66
54
45
44
64
59
60
58
54
67
57
57
57
60
61
56
48
59
42
59
55
70
48
59
45
76
74
64
62
60
55
57
53
48
77
55
43
50
59
61
45
50
60
62
43
47
48
55
56
55
58
60
52
59
55
64
53
42
50
64
58
49
44
55
49
46
48
47
40
64
56
53
54
51
49
57
48
49
70
56
40
59
51
45
54
56
52
48
61
54
47
50
48
49
54
54
54
52
62
45
58
64
54
35
53
51
46
51
58
60
57
45
46
54
41
56
41
54
39
45
55
56
53
47
49
49
70
49
43
46
41
53
44
58
44
53
37
42
40
41
45
48
56
46
38
51
49
38
40
49
40
59
42
40
49
37
47
42
60
34
49
36
53
39
40
41
39
46
42
47
51
30
42
48
51
49
37
54
40
38
50
43
42
30
39
40
47
30
38
53
29
28
40
53
47
43
36
31
35
41
41
44
36
37
34
48
39
44
52
38
23
39
42
35
33
46
38
23
41
43
25
36
40
47
22
44
44
36
37
33
41
35
39
35
33
21
29
35
26
39
35
34
25
41
33
42
37
41
38
30
34
41
28
27
26
26
36
38
24
29
30
41
27
40
36
30
34
31
31
33
36
33
34
32
26
25
28
25
22
19
26
27
28
31
25
34
28
35
36
32
30
26
33
22
27
35
22
20
24
14
31
38
30
15
28
16
30
41
30
29
30
18
22
14
25
29
24
33
30
27
32
26
28
28
21
31
23
25
19
19
24
20
29
28
24
22
19
28
33
33
23
25
22
23
24
17
31
26
32
15
30
22
22
19
35
22
34
20
41
23
32
17
41
30
24
29
17
11
24
23
17
20
21
27
31
28
30
31
29
31
25
27
26
22
23
26
24
26
33
22
22
28
15
26
25
29
19
33
34
27
28
22
22
27
24
24
24
18
16
26
24
28
25
25
30
28
32
24
29
23
24
32
25
28
25
24
21
28
25
16
24
15
24
22
21
28
26
24
29
21
26
25
25
25
23
16
22
24
26
21
36
25
25
21
29
19
29
20
17
17
33
31
18
28
16
27
22
29
30
19
36
24
25
19
25
22
28
27
21
25
24
29
30
19
26
20
19
20
28
17
18
29
22
33
26
26
21
19
18
25
15
25
21
28
22
25
19
23
24
21
18
28
18
27
22
24
23
20
19
27
26
13
18
17
17
24
30
20
27
23
22
22
26
19
20
26
22
19
17
26
13
31
25
23
18
29
20
29
29
24
13
18
21
7
28
27
22
26
18
29
20
20
15
24
16
17
19
11
14
13
12
16
18
22
22
16
20
19
19
23
30
19
20
12
20
15
12
17
14
19
19
18
10
15
20
18
15
17
19
20
15
20
19
10
13
10
16
17
17
30
18
18
11
10
9
9
9
14
6
10
13
13
18
6
10
10
11
12
6
9
8
14
8
9
10
3
8
9
2
1
3
4
3
1
4
3
4
2
2
5
2
5
4
5
2
2
1
2
1
5
0
4
1
2
0
4
3
1
1
1
2
1
0
0
0
1
0
1
1
0
1
2
1
0
1
0
0
0
0
0
0
0
0
0
0
0
1
2
0
0
0
0
0
0
0
0
0
0
0
0
0
0
1
0
0
0
0
0
0
0
0
0
0
0
0
0
0
0
0
0
0
0
0
0
0
0
0
0
0
0
0
0
0
0
0
0
0
0
0
0
0
0
0
0
0
0
0
0
0
0
0
0
0
0
0
0
0
0
0
0
0
0
0
0
0
0
0
0
0
0
0
0
0
0
0
0
0
0
0
0
0
0
0
0
0
0
0
0
0
0
0
0
0
0
0
0
0
0
0
0
0
0
0
0
0
0
0
0
0
0
0
0
0
0
0
0
0
0
0
0
0
0
0
0
0
0
0
0
0
0
0
0
0
0
0
0
0
0
0
0
0
0
0
0
0
0
0
0
0
0
0
0
0
0
0
0
0
0
0
0
0
0
0
0
0
0
0
0
0
0
0
0
0
0
0
0
0
0
0
0
0
0
0
0
0
0
0
0
0
0
0
0
0
0
0
0
0
0
0
0
0
0
0
0
0
0
0
0
0
0
0
0
0
0
0
0
0
0
0
0
0
0
0
0
0
0
0
0
0
0
0
0
0
0
0
0
0
0
0
0
0
0
0
0
0
0
0
0
0
0
0
0
0
0
0
0
0
0
0
0
0
0
0
0
0
0
0
0
0
0
0
0
0
0
0
0
0
0
0
0
0
0
0
0
0
0
0
0
0
0
0
0
0
0
0
0
0
0
0
0
0
0
0
0
0
0
0
0
0
0
0
0
0
0
0
0
0
0
0
0
0
0
0
0
0
0
0
0
0
0
0
0
0
0
0
0
0
0
0
0
0
0
0
0
0
0
0
0
0
0
0
0
0
0
0
0
0
0
0
0
0
0
0
0
0
0
0
0
0
0
0
0
0
0
0
0
0
0
0
0
0
0
0
0
0
0
0
0
0
0
0
0
0
0
0
0
0
0
0
0
0
0
0
0
0
0
0
0
0
0
0
0
0
0
0
0
0
0
0
0
0
0
0
0
0
0
0
0
0
0
0
0
0
0
0
0
0
0
0
0
0
0
0
0
0
0
0
0
0
0
0
0
0
0
0
0
0
0
0
0
0
0
0
0
0
0
0
1
0
0
0
0
0
0
0
0
0
0
0
0
0
0
0
0
0
0
0
0
0
0
0
0
0
0
0
0
0
0
0
0
0
0
0
0
0
0
0
0
0
0
0
0
0
0
0
0
0
0
0
0
0
0
0
0
0
0
0
0
0
0
0
0
0
0
0
0
0
0
0
0
0
0
0
0
0
0
0
0
0
0
0
0
0
0
0
0
0
0
0
0
0
0
0
0
0
0
0
0
0
0
0
0
0
0
0
0
0
0
0
0
0
0
0
0
0
0
0
0
0
0
0
0
0
0
0
0
0
0
0
0
0
0
0
0
0
0
0
0
0
0
0
0
0
0
0
0
0
0
0
0
0
0
0
0
0
0
0
0
0
0
0
0
0
0
0
0
0
0
0
0
0
0
0
0
0
0
0
0
0
0
0
0
0
0
0
0
0
0
0
0
0
0
0
0
0
0
0
0
0
0
0
0
0
0
0
0
0
0
0
0
0
0
0
0
0
0
0
0
0
0
0
0
0
0
0
0
0
0
0
0
0
0
0
0
0
0
0
0
0
0
0
0
0
0
0
0
0
0
0
0
0
0
0
0
0
0
0
0
0
0
0
0
0
0
0
0
0
0
0
0
0
0
0
0
0
0
0
0
0
0
0
0
0
0
0
0
0
0
0
0
0
0
0
0
0
0
0
0
0
0
0
0
0
0
0
0
0
0
0
0
0
0
0
0
0
0
0
0
0
0
0
0
0
0
0
0
0
0
0
0
0
0
0
0
0
0
0
0
0
0
0
0
0
0
0
0
0
0
0
0
0
0
0
0
0
0
0
0
0
0
0
0
0
0
0
0
0
0
0
0
0
0
0
0
0
0
0
0
0
0
0
0
0
0
0
0
0
0
0
0
0
0
0
0
0
0
0
0
0
0
0
0
0
0
0
0
0
0
0
0
0
0
0
0
0
0
0
0
0
0
0
0
0
0
0
0
0
0
0
0
0
0
0
0
0
0
0
0
0
0
0
0
0
0
0
0
0
0
0
0
0
0
0
0
0
0
0
0
0
0
0
0
0
0
0
0
0
0
0
0
0
0
0
0
0
0
0
0
0
0
0
0
0
0
0
0
0
0
0
0
0
0
0
0
0
0
0
0
0
0
0
0
0
0
0
0
0
0
0
0
0
0
0
0
0
0
0
0
0
0
0
0
0
0
0
0
0
0
0
0
0
0
0
0
0
0
0
0
0
0
0
0
0
0
0
0
0
0
0
0
0
0
0
0
0
0
0
0
0
0
0
0
0
0
0
0
0
0
0
0
0
0
0
0
0
0
0
0
0
0
0
0
0
0
0
0
0
0
0
0
0
0
0
0
0
0
0
0
0
0
0
0
0
0
0
0
0
0
0
0
0
0
0
0
0
0
0
0
0
0
0
0
0
0
0
0
0
0
0
0
0
0
0
0
0
0
0
0
0
0
0
0
0
0
0
0
0
0
0
0
0
0
0
0
0
0
0
0
0
0
0
0
0
0
0
0
0
0
0
0
0
0
0
0
0
0
0
0
0
0
0
0
0
0
0
0
0
0
0
0
0
0
0
0
0
0
0
0
0
0
0
0
0
0
0
0
0
0
0
0
0
0
0
0
0
0
0
0
0
0
0
0
0
0
0
0
0
0
0
0
0
0
0
0
0
0
0
0
0
0
0
0
0
0
0
0
0
0
0
0
0
0
0
0
0
0
0
0
0
0
0
0
0
0
0
0
0
0
0
0
0
0
0
0
0
0
0
0
0
0
0
0
0
0
0
0
0
0
0
0
0
0
0
0
0
0
0
0
0
0
0
0
0
0
0
0
0
0
0
0
0
0
0
0
0
0
0
0
0
0
0
0
0
0
0
0
0
0
0
0
0
0
0
0
0
0
0
0
0
0
0
0
0
0
0
0
0
0
0
0
0
0
0
0
0
0
0
0
0
0
0
0
0
0
0
0
0
0
0
0
0
0
0
0
0
0
0
0
0
0
0
0
0
0
0
0
0
0
0
0
0
0
0
0
0
0
0
0
0
0
0
0
0
0
0
0
0
0
0
0
0
0
0
0
0
0
0
0
0
0
0
0
0
0
0
0
0
0
0
0
0
0
0
0
0
0
0
0
0
0
0
0
0
0
0
0
0
0
0
0
0
0
0
0
0
0
0
0
0
0
0
0
0
0
0
0
0
0
0
0
0
0
0
0
0
0
0
0
0
0
0
0
0
0
0
0
0
0
0
0
0
0
0
0
0
0
0
0
0
0
0
0
0
0
0
0
0
0
0
0
0
0
0
0
0
0
0
0
0
0
0
0
0
0
0
0
0
0
0
0
0
0
0
0
0
0
0
0
0
0
0
0
0
0
0
0
0
0
0
0
0
0
0
0
0
0
0
0
0
0
0
0
0
0
0
0
0
0
0
0
0
0
0
0
0
0
0
0
0
0
0
0
0
0
0
0
0
0
0
0
0
0
0
0
0
0
0
0
0
0
0
0
0
0
0
0
0
0
0
0
0
0
0
0
0
0
0
0
0
0
0
0
0
0
0
0
0
0
0
0
0
0
0
0
0
0
0
0
0
0
0
0
0
0
0
0
0
0
0
0
0
0
0
0
0
0
0
0
0
0
0
0
0
0
0
0
0
0
0
0
0
0
0
0
0
0
0
0
0
0
0
0
0
0
0
0
0
0
0
0
0
0
0
0
0
0
0
0
0
0
0
0
0
0
0
0
0
0
0
0
0
0
0
0
0
0
0
0
0
0
0
0
0
0
0
0
0
0
0
0
0
0
0
0
0
0
0
0
0
0
0
0
0
0
0
0
0
0
0
0
0
0
0
0
0
0
0
0
0
0
0
0
0
0
0
0
0
0
0
0
0
0
0
0
0
0
0
0
0
0
0
0
0
0
0
0
0
0
0
0
0
0
0
0
0
0
0
0
0
0
0
0
0
0
0
0
0
0
0
0
0
0
0
0
0
0
0
0
0
0
0
0
0
0
0
0
0
0
0
0
0
0
0
0
0
0
0
0
0
0
0
0
0
0
0
0
0
0
0
0
0
0
0
0
0
0
0
0
0
0
0
0
0
0
0
0
0
0
0
0
0
0
0
0
0
0
0
0
0
0
0
0
0
0
0
0
0
0
0
0
0
0
0
0
0
0
0
0
0
0
0
0
0
0
0
0
0
0
0
0
0
0
0
0
0
0
0
0
0
0
0
0
0
0
0
0
0
0
0
0
0
0
0
0
0
0
0
0
0
0
0
0
0
0
0
0
0
0
0
0
0
0
0
0
0
0
0
0
0
0
0
0
0
0
0
0
0
0
0
0
0
0
0
0
0
0
0
0
0
0
0
0
0
0
0
0
0
0
0
0
0
0
0
0
0
0
0
0
0
0
0
0
0
0
0
0
0
0
0
0
0
0
0
0
0
0
0
0
0
0
0
0
0
0
0
0
0
0
0
0
0
0
0
0
0
0
0
0
0
0
0
0
0
0
0
0
0
0
0
0
0
0
0
0
0
0
0
0
0
0
0
0
0
0
0
0
0
0
0
0
0
0
0
0
0
0
0
0
0
0
0
0
0
0
0
0
0
0
0
0
0
0
0
0
0
0
0
0
0
0
0
0
0
0
0
0
0
0
0
0
0
0
0
0
0
0
0
0
0
0
0
0
0
0
0
0
0
0
0
0
0
0
0
0
0
0
0
0
0
0
0
0
0
0
0
0
0
0
0
0
0
0
0
0
0
0
0
0
0
0
0
0
0
0
0
0
0
0
0
0
0
0
0
0
0
0
0
0
0
0
0
0
0
0
0
0
0
0
0
0
0
0
0
0
0
0
0
0
0
0
0
0
0
0
0
0
0
0
0
0
0
0
0
0
0
0
0
0
0
0
0
0
0
0
0
0
0
0
0
0
0
0
0
0
0
0
0
0
0
0
0
0
0
0
0
0
0
0
0
0
0
0
0
0
0
0
0
0
0
0
0
0
0
0
0
0
0
0
0
0
0
0
0
0
0
0
0
0
0
0
0
0
0
0
0
0
0
0
0
0
0
0
0
0
0
0
0
0
0
0
0
0
0
0
0
0
0
0
0
0
0
0
0
0
0
0
0
0
0
0
0
0
0
0
0
0
0
0
0
0
0
0
0
0
0
0
0
0
0
0
0
0
0
0
0
0
0
0
0
0
0
0
0
0
0
0
0
0
0
0
0
0
0
0
0
0
0
0
0
0
0
0
0
0
0
0
0
0
0
0
0
0
0
0
0
0
0
0
0
0
0
0
0
0
0
0
0
0
0
0
0
0
0
0
0
0
0
0
0
0
0
0
0
0
0
0
0
0
0
0
0
0
0
0
0
0
0
0
0
0
0
0
0
0
0
0
0
0
0
0
0
0
0
0
0
0
0
0
0
0
0
0
0
0
0
0
0
0
0
0
0
0
0
0
0
0
0
0
0
0
0
0
0
0
0
0
0
0
0
0
0
0
0
0
0
0
0
0
0
0
0
0
0
0
0
0
0
0
0
0
0
0
0
0
0
0
0
0
0
0
0
0
0
0
0
0
0
0
0
0
0
0
0
0
0
0
0
0
0
0
0
0
0
0
0
0
0
0
0
0
0
0
0
0
0
0
0
0
0
0
0
0
0
0
0
0
0
0
0
0
0
0
0
0
0
0
0
0
0
0
0
0
0
0
0
0
0
0
0
0
0
0
0
0
0
0
0
0
0
0
0
0
0
0
0
0
0
0
0
0
0
0
0
0
0
0
0
0
0
0
0
0
0
0
0
0
0
0
0
0
0
0
0
0
0
0
0
0
0
0
0
0
0
0
0
0
0
0
0
0
0
0
0
0
0
0
0
0
0
0
0
0
0
0
0
0
0
0
0
0
0
0
0
0
0
0
0
0
0
0
0
0
0
0
0
0
0
0
0
0
0
0
0
0
0
0
0
0
0
0
0
0
0
0
0
0
0
0
0
0
0
0
0
0
0
0
0
0
0
0
0
0
0
0
0
0
0
0
0
0
0
0
0
0
0
0
0
0
0
0
0
0
0
0
0
0
0
0
0
0
0
0
0
0
0
0
0
0
0
0
0
0
0
0
0
0
0
0
0
0
0
0
0
0
0
0
0
0
0
0
0
0
0
0
0
0
0
0
0
0
0
0
0
0
0
0
0
0
0
0
0
0
0
0
0
0
0
0
0
0
0
0
0
0
0
0
0
0
0
0
0
0
0
0
0
0
0
0
0
0
0
0
0
0
0
0
0
0
0
0
0
0
0
0
0
0
0
0
0
0
0
0
0
0
0
0
0
0
0
0
0
0
0
0
0
0
0
0
0
0
0
0
0
0
0
0
0
0
0
0
0
0
0
0
0
0
0
0
0
0
0
0
0
0
0
0
0
0
0
0
0
0
0
0
0
0
0
0
0
0
0
0
0
0
0
0
0
0
0
0
0
0
0
0
0
0
0
0
0
0
0
0
0
0
0
0
0
0
0
0
0
0
0
0
0
0
0
0
0
0
0
0
0
0
0
0
0
0
0
0
0
0
0
0
0
0
0
0
0
0
0
0
0
0
0
0
0
0
0
0
0
0
0
0
0
0
0
0
0
0
0
0
0
0
0
0
0
0
0
0
0
0
0
0
0
0
0
0
0
0
0
0
0
0
0
0
0
0
0
0
0
0
0
0
0
0
0
0
0
0
0
0
0
0
0
0
0
0
0
0
0
0
0
0
0
0
0
0
0
0
0
0
0
0
0
0
0
0
0
0
0
0
0
0
0
0
0
0
0
0
0
0
0
0
0
0
0
0
0
0
0
0
0
0
0
0
0
0
0
0
0
0
0
0
0
0
0
0
0
0
0
0
0
0
0
0
0
0
0
0
0
0
0
0
0
0
0
0
0
0
0
0
0
0
0
0
0
0
0
0
0
0
0
0
0
0
0
0
0
0
0
0
0
0
0
0
0
0
0
0
0
0
0
0
0
0
0
0
0
0
0
0
0
0
0
0
0
0
0
0
0
0
0
0
0
0
0
0
0
0
0
0
0
0
0
0
0
0
0
0
0
0
0
0
0
0
0
0
0
0
0
0
0
0
0
0
0
0
0
0
0
0
0
0
0
0
0
0
0
0
0
0
0
0
0
0
0
0
0
0
0
0
0
0
0
0
0
0
0
0
0
0
0
0
0
0
0
0
0
0
0
0
0
0
0
0
0
0
0
0
0
0
0
0
0
0
0
0
0
0
0
0
0
0
0
0
0
0
0
0
0
0
0
0
0
0
0
0
0
0
0
0
0
0
0
0
0
0
0
0
0
0
0
0
0
0
0
0
0
0
0
0
0
0
0
0
0
0
0
0
0
0
0
0
0
0
0
0
0
0
0
0
0
0
0
0
0
0
0
0
0
0
0
0
0
0
0
0
0
0
0
0
0
0
0
0
0
0
0
0
0
0
0
0
0
0
0
0
0
0
0
0
0
0
0
0
0
0
0
0
0
0
0
0
0
0
0
0
0
0
0
0
0
0
0
0
0
0
0
0
0
0
0
0
0
0
0
0
0
0
0
0
0
0
0
0
0
0
0
0
0
0
0
0
0
0
0
0
0
0
0
0
0
0
0
0
0
0
0
0
0
0
0
0
0
0
0
0
0
0
0
0
0
0
0
0
0
0
0
0
0
0
0
0
0
0
0
0
0
0
0
0
0
0
0
0
0
0
0
0
0
0
0
0
0
0
0
0
0
0
0
0
0
0
0
0
0
0
0
0
0
0
0
0
0
0
0
0
0
0
0
0
0
0
0
0
0
0
0
0
0
0
0
0
0
0
0
0
0
0
0
0
0
0
0
0
0
0
0
0
0
0
0
0
0
0
0
0
0
0
0
0
0
0
0
0
0
0
0
0
0
0
0
0
0
0
0
0
0
0
0
0
0
0
0
0
0
0
0
0
0
0
0
0
0
0
0
0
0
0
0
0
0
0
0
0
0
0
0
0
0
0
0
0
0
0
0
0
0
0
0
0
0
0
0
0
0
0
0
0
0
0
0
0
0
0
0
0
0
0
0
0
0
0
0
0
0
0
0
0
0
0
0
0
0
0
0
0
0
0
0
0
0
0
0
0
0
0
0
0
0
0
0
0
0
0
0
0
0
0
0
0
0
0
0
0
0
0
0
0
0
0
0
0
0
0
0
0
0
0
0
0
0
0
0
0
0
0
0
0
0
0
0
0
0
0
0
0
0
0
0
0
0
0
0
0
0
0
0
0
0
0
0
0
0
0
0
0
0
0
0
0
0
0
0
0
0
0
0
0
0
0
0
0
0
0
0
0
0
0
0
0
0
0
0
0
0
0
0
0
0
0
0
0
0
0
0
0
0
0
0
0
0
0
0
0
0
0
0
0
0
0
0
0
0
0
0
0
0
0
0
0
0
0
0
0
0
0
0
0
0
0
0
0
0
0
0
0
0
0
0
0
0
0
0
0
0
0
0
0
0
0
0
0
0
0
0
0
0
0
0
0
0
0
0
0
0
0
0
0
0
0
0
0
0
0
0
0
0
0
0
0
0
0
0
0
0
0
0
0
0
0
0
0
0
0
0
0
0
0
0
0
0
0
0
0
0
0
0
0
0
0
0
0
0
0
0
0
0
0
0
0
0
0
0
0
0
0
0
0
0
0
0
0
0
0
0
0
0
0
0
0
0
0
0
0
0
0
0
0
0
0
0
0
0
0
0
0
0
0
0
0
0
0
0
0
0
0
0
0
0
0
0
0
0
0
0
0
0
0
0
0
0
0
0
0
0
0
0
0
0
0
0
0
0
0
0
0
0
0
0
0
0
0
0
0
0
0
0
0
0
0
0
0
0
0
0
0
0
0
0
0
0
0
0
0
0
0
0
0
0
0
0
0
0
0
0
0
0
0
0
0
0
0
0
0
0
0
0
0
0
0
0
0
0
0
0
0
0
0
0
0
0
0
0
0
0
0
0
0
0
0
0
0
0
0
0
0
0
0
0
0
0
0
0
0
0
0
0
0
0
0
0
0
0
0
0
0
0
0
0
0
0
0
0
0
0
0
0
0
0
0
0
0
0
0
0
0
0
0
0
0
0
0
0
0
0
0
0
0
0
0
0
0
0
0
0
0
0
0
0
0
0
0
0
0
0
0
0
0
0
0
0
0
0
0
0
0
0
0
0
0
0
0
0
0
0
0
0
0
0
0
0
0
0
0
0
0
0
0
0
0
0
0
0
0
0
0
0
0
0
0
0
0
0
0
0
0
0
0
0
0
0
0
0
0
0
0
0
0
0
0
0
0
0
0
0
0
0
0
0
0
0
0
0
0
0
0
0
0
0
0
0
0
0
0
0
0
0
0
0
0
0
0
0
0
0
0
0
0
0
0
0
0
0
0
0
0
0
0
0
0
0
0
0
0
0
0
0
0
0
0
0
0
0
0
0
0
0
0
0
0
0
0
0
0
0
0
0
0
0
0
0
0
0
0
0
0
0
0
0
0
0
0
0
0
0
0
0
0
0
0
0
0
0
0
0
0
0
0
0
0
0
0
0
0
0
0
0
0
0
0
0
0
0
0
0
0
0
0
0
0
0
0
0
0
0
0
0
0
0
0
0
0
0
0
0
0
0
0
0
0
0
0
0
0
0
0
0
0
0
0
0
0
0
0
0
0
0
0
0
0
0
0
0
0
0
0
0
0
0
0
0
0
0
0
0
0
0
0
0
0
0
0
0
0
0
0
0
0
0
0
0
0
0
0
0
0
0
0
0
0
0
0
0
0
0
0
0
0
0
0
0
0
0
0
0
0
0
0
0
0
0
0
0
0
0
0
0
0
0
0
0
0
0
0
0
0
0
0
0
0
0
0
0
0
0
0
0
0
0
0
0
0
0
0
0
0
0
0
0
0
0
0
0
0
0
0
0
0
0
0
0
0
0
0
0
0
0
0
0
0
0
0
0
0
0
0
0
0
0
0
0
0
0
0
0
0
0
0
0
0
0
0
0
0
0
0
0
0
0
0
0
0
0
0
0
0
0
0
0
0
0
0
0
0
0
0
0
0
0
0
0
0
0
0
0
0
0
0
0
0
0
0
0
0
0
0
0
0
0
0
0
0
0
0
0
0
0
0
0
0
0
0
0
0
0
0
0
0
0
0
0
0
0
0
0
0
0
0
0
0
0
0
0
0
0
0
0
0
0
0
0
0
0
0
0
0
0
0
0
0
0
0
0
0
0
0
0
0
0
0
0
0
0
0
0
0
0
0
0
0
0
0
0
0
0
0
0
0
0
0
0
0
0
0
0
0
0
0
0
0
0
0
0
0
0
0
0
0
0
0
0
0
0
0
0
0
0
0
0
0
0
0
0
0
0
0
0
0
0
0
0
0
0
0
0
0
0
0
0
0
0
0
0
0
0
0
0
0
0
0
0
0
