Ch1: 6.847011 23.304511 10.062000 25.187500 365 6458 3262
Ch1: 6.540554 21.006646 10.062000 25.218750 364 6457 3116
Ch1: 6.622416 23.304511 10.062000 25.187500 363 6458 3155
Ch1: 6.725268 21.006646 10.062000 25.156250 362 6457 3204
Ch1: 6.832318 -4.269860 10.125000 25.187500 361 6446 3255
Ch1: 6.930972 16.410918 10.125000 25.187500 360 6455 3302
Ch1: 7.017032 25.602375 10.125000 25.187500 359 6459 3343
Ch1: 7.117785 -1.971996 10.125000 25.187500 358 6447 3391
Ch1: 7.218538 25.602375 10.125000 25.156250 357 6459 3439
Ch1: 7.319291 18.708782 10.125000 25.156250 356 6456 3487
Ch1: 7.422143 23.304511 10.125000 25.187500 355 6458 3536
Ch1: 7.522896 21.006646 10.125000 25.156250 354 6457 3584
Ch1: 7.625748 21.006646 10.125000 25.218750 353 6457 3633
Ch1: 7.726501 21.006646 10.125000 25.187500 352 6457 3681
Ch1: 7.829354 18.708782 10.125000 25.187500 351 6456 3730
Ch1: 7.948998 18.708782 10.125000 25.187500 350 6456 3787
Ch1: 8.041355 -20.354910 10.125000 25.156250 349 6439 3831
Ch1: 8.127415 -4.269860 10.125000 25.187500 348 6446 3872
Ch1: 8.228168 23.304511 10.125000 25.156250 347 6458 3920
Ch1: 8.333119 21.006646 10.187000 25.125000 346 6457 3970
Ch1: 8.431773 25.602375 10.125000 25.156250 345 6459 4017
Ch1: 8.532526 23.304511 10.125000 25.187500 344 6458 4065
Ch1: 8.633279 23.304511 10.125000 25.156250 343 6458 4113
Ch1: 8.738230 21.006646 10.125000 25.156250 342 6457 4163
Ch1: 8.838983 21.006646 10.125000 25.187500 341 6457 4211
Ch1: 8.943934 25.602375 10.187000 25.125000 340 6459 4261
Ch1: 9.053084 16.410918 10.125000 25.187500 339 6455 4313
Ch1: 9.141243 18.708782 10.125000 25.187500 338 6456 4355
Ch1: 9.241996 21.006646 10.187000 25.156250 337 6457 4403
Ch1: 9.340650 -4.269860 10.125000 25.156250 336 6446 4450
Ch1: 9.439304 -1.971996 10.187000 25.156250 335 6447 4497
Ch1: 9.552651 -4.269860 10.187000 25.156250 334 6446 4551
Ch1: 9.649206 -6.567725 10.187000 25.156250 333 6445 4597
Ch1: 9.747860 23.304511 10.187000 25.156250 332 6458 4644
Ch1: 9.852811 23.304511 10.187000 25.156250 331 6458 4694
Ch1: 9.959861 21.006646 10.187000 25.187500 330 6457 4745
Ch1: 10.062713 23.304511 10.187000 25.187500 329 6458 4794
Ch1: 10.169763 -1.971996 10.187000 25.156250 328 6447 4845
Ch1: 10.255823 21.006646 10.187000 25.125000 327 6457 4886
Ch1: 10.356576 -4.269860 10.187000 25.125000 326 6446 4934
Ch1: 10.457330 0.325868 10.187000 25.156250 325 6448 4982
Ch1: 10.558083 -4.269860 10.187000 25.156250 324 6446 5030
Ch1: 10.660935 -4.269860 10.187000 25.156250 323 6446 5079
Ch1: 10.761688 -8.865589 10.187000 25.125000 322 6444 5127
Ch1: 10.866639 -1.971996 10.187000 25.125000 321 6447 5177
Ch1: 10.969491 -4.269860 10.187000 25.156250 320 6446 5226
Ch1: 11.070244 0.325868 10.187000 25.187500 319 6448 5274
Ch1: 11.185690 -6.567725 10.187000 25.156250 318 6445 5329
Ch1: 11.267552 0.325868 10.187000 25.156250 317 6448 5368
Ch1: 11.366206 4.921597 10.187000 25.187500 316 6450 5415
Ch1: 11.469058 4.921597 10.187000 25.156250 315 6450 5464
Ch1: 11.571910 4.921597 10.187000 25.125000 314 6450 5513
Ch1: 11.672664 4.921597 10.187000 25.156250 313 6450 5561
Ch1: 11.773417 7.219461 10.187000 25.187500 312 6451 5609
Ch1: 11.876269 9.517325 10.187000 25.156250 311 6452 5658
Ch1: 11.981220 7.219461 10.187000 25.187500 310 6451 5708
Ch1: 12.081973 11.815189 10.187000 25.156250 309 6453 5756
Ch1: 12.189023 9.517325 10.187000 25.187500 308 6452 5807
Ch1: 12.285578 16.410918 10.187000 25.156250 307 6455 5853
Ch1: 12.388430 14.113054 10.187000 25.187500 306 6454 5902
Ch1: 12.484985 18.708782 10.187000 25.156250 305 6456 5948
Ch1: 12.583639 16.410918 10.187000 25.125000 304 6455 5995
Ch1: 12.682293 14.113054 10.187000 25.156250 303 6454 6042
Ch1: 12.791442 16.410918 10.187000 25.156250 302 6455 6094
Ch1: 12.887997 16.410918 10.187000 25.156250 301 6455 6140
Ch1: 12.988751 21.006646 10.187000 25.125000 300 6457 6188
Ch1: 13.093702 21.006646 10.187000 25.156250 299 6457 6238
Ch1: 13.200752 21.006646 10.187000 25.156250 298 6457 6289
Ch1: 13.305703 11.815189 10.187000 25.156250 297 6453 6339
Ch1: 13.391763 21.006646 10.187000 25.156250 296 6457 6380
Ch1: 13.500912 18.708782 10.187000 25.187500 295 6456 6432
Ch1: 13.597467 -4.269860 10.187000 25.125000 294 6446 6478
Ch1: 13.696121 -8.865589 10.187000 25.156250 293 6444 6525
Ch1: 13.796874 23.304511 10.187000 25.156250 292 6458 6573
Ch1: 13.899726 21.006646 10.187000 25.156250 291 6457 6622
Ch1: 14.002578 21.006646 10.187000 25.156250 290 6457 6671
Ch1: 14.107529 18.708782 10.187000 25.156250 289 6456 6721
Ch1: 14.208283 18.708782 10.187000 25.156250 288 6456 6769
Ch1: 14.311135 16.410918 10.187000 25.156250 287 6455 6818
Ch1: 14.422383 11.815189 10.187000 25.156250 286 6453 6871
Ch1: 14.504245 0.325868 10.187000 25.156250 285 6448 6910
Ch1: 14.611295 18.708782 10.187000 25.156250 284 6456 6961
Ch1: 14.707850 0.325868 10.187000 25.156250 283 6448 7007
Ch1: 14.810702 4.921597 10.187000 25.156250 282 6450 7056
Ch1: 14.911455 2.623732 10.187000 25.156250 281 6449 7104
Ch1: 15.012208 0.325868 10.187000 25.156250 280 6448 7152
Ch1: 15.115060 4.921597 10.187000 25.218750 279 6450 7201
Ch1: 15.220011 7.219461 10.187000 25.156250 278 6451 7251
Ch1: 15.320764 4.921597 10.187000 25.125000 277 6450 7299
Ch1: 15.427815 4.921597 10.187000 25.156250 276 6450 7350
Ch1: 15.518073 9.517325 10.187000 25.156250 275 6452 7393
Ch1: 15.618826 11.815189 10.187000 25.125000 274 6453 7441
Ch1: 15.725876 9.517325 10.187000 25.156250 273 6452 7492
Ch1: 15.822431 14.113054 10.187000 25.156250 272 6454 7538
Ch1: 15.921085 14.113054 10.187000 25.156250 271 6454 7585
Ch1: 16.032333 14.113054 10.187000 25.125000 270 6454 7638
Ch1: 16.126789 11.815189 10.187000 25.125000 269 6453 7683
Ch1: 16.227542 14.113054 10.187000 25.156250 268 6454 7731
Ch1: 16.332493 16.410918 10.187000 25.156250 267 6455 7781
Ch1: 16.439543 21.006646 10.187000 25.187500 266 6457 7832
Ch1: 16.540296 0.325868 10.187000 25.125000 265 6448 7880
Ch1: 16.630554 16.410918 10.187000 25.187500 264 6455 7923
Ch1: 16.731307 21.006646 10.187000 25.125000 263 6457 7971
Ch1: 16.836259 21.006646 10.187000 25.187500 262 6457 8021
Ch1: 16.937012 23.304511 10.187000 25.156250 261 6458 8069
Ch1: 17.035666 21.006646 10.187000 25.156250 260 6457 8116
Ch1: 17.138518 21.006646 10.187000 25.156250 259 6457 8165
Ch1: 17.241370 23.304511 10.187000 25.156250 258 6458 8214
Ch1: 17.346321 23.304511 10.187000 25.187500 257 6458 8264
Ch1: 17.447074 23.304511 10.187000 25.093750 256 6458 8312
Ch1: 17.549926 7.219461 10.187000 25.156250 255 6451 8361
Ch1: 17.661174 2.623732 10.187000 25.156250 254 6449 8414
Ch1: 17.747234 -6.567725 10.187000 25.156250 253 6445 8455
Ch1: 17.845888 18.708782 10.187000 25.156250 252 6456 8502
Ch1: 17.955038 18.708782 10.187000 25.156250 251 6456 8554
Ch1: 18.053692 -1.971996 10.187000 25.156250 250 6447 8601
Ch1: 18.152346 -4.269860 10.187000 25.156250 249 6446 8648
Ch1: 18.253099 -1.971996 10.187000 25.156250 248 6447 8696
Ch1: 18.355951 0.325868 10.187000 25.156250 247 6448 8745
Ch1: 18.460902 0.325868 10.187000 25.125000 246 6448 8795
Ch1: 18.561655 2.623732 10.187000 25.156250 245 6449 8843
Ch1: 18.666606 -18.057046 10.187000 25.187500 244 6440 8893
Ch1: 18.761062 14.113054 10.187000 25.125000 243 6454 8938
Ch1: 18.859716 2.623732 10.187000 25.187500 242 6449 8985
Ch1: 18.962568 9.517325 10.187000 25.156250 241 6452 9034
Ch1: 19.063321 4.921597 10.250000 25.125000 240 6450 9082
Ch1: 19.157777 9.517325 10.250000 25.125000 239 6452 9127
Ch1: 19.271125 11.815189 10.187000 25.156250 238 6453 9181
Ch1: 19.367680 9.517325 10.250000 25.125000 237 6452 9227
Ch1: 19.468433 9.517325 10.187000 25.156250 236 6452 9275
Ch1: 19.573384 9.517325 10.250000 25.125000 235 6452 9325
Ch1: 19.682533 7.219461 10.250000 25.187500 234 6451 9377
Ch1: 19.774890 11.815189 10.250000 25.187500 233 6453 9421
Ch1: 19.871445 0.325868 10.187000 25.156250 232 6448 9467
Ch1: 19.974297 2.623732 10.250000 25.187500 231 6449 9516
Ch1: 20.075050 7.219461 10.187000 25.125000 230 6451 9564
Ch1: 20.175803 4.921597 10.187000 25.156250 229 6450 9612
Ch1: 20.276556 2.623732 10.187000 25.156250 228 6449 9660
Ch1: 20.377309 0.325868 10.187000 25.125000 227 6448 9708
Ch1: 20.480161 0.325868 10.187000 25.125000 226 6448 9757
Ch1: 20.585113 -1.971996 10.250000 25.156250 225 6447 9807
Ch1: 20.687965 -4.269860 10.187000 25.125000 224 6446 9856
Ch1: 20.786619 -31.844231 10.250000 25.156250 223 6434 9903
Ch1: 20.887372 16.410918 10.250000 25.156250 222 6455 9951
Ch1: 20.983927 -4.269860 10.187000 25.156250 221 6446 9997
Ch1: 21.082581 -4.269860 10.250000 25.125000 220 6446 10044
Ch1: 21.185433 -6.567725 10.187000 25.125000 219 6445 10093
Ch1: 21.290384 -6.567725 10.187000 25.156250 218 6445 10143
Ch1: 21.386939 -4.269860 10.250000 25.156250 217 6446 10189
Ch1: 21.487692 -6.567725 10.250000 25.125000 216 6445 10237
Ch1: 21.590544 -11.163453 10.250000 25.125000 215 6443 10286
Ch1: 21.695495 -4.269860 10.250000 25.156250 214 6446 10336
Ch1: 21.800447 -11.163453 10.250000 25.156250 213 6443 10386
Ch1: 21.890705 -4.269860 10.250000 25.125000 212 6446 10429
Ch1: 21.993557 -8.865589 10.187000 25.156250 211 6444 10478
Ch1: 22.094310 -4.269860 10.187000 25.125000 210 6446 10526
Ch1: 22.195063 -4.269860 10.187000 25.156250 209 6446 10574
Ch1: 22.295816 -1.971996 10.187000 25.125000 208 6447 10622
Ch1: 22.392371 -4.269860 10.187000 25.156250 207 6446 10668
Ch1: 22.503619 11.815189 10.250000 25.125000 206 6453 10721
Ch1: 22.598075 7.219461 10.250000 25.187500 205 6451 10766
Ch1: 22.700927 9.517325 10.250000 25.125000 204 6452 10815
Ch1: 22.807977 2.623732 10.250000 25.156250 203 6449 10866
Ch1: 22.904532 9.517325 10.187000 25.156250 202 6452 10912
Ch1: 23.001087 11.815189 10.250000 25.125000 201 6453 10958
Ch1: 23.101840 11.815189 10.187000 25.156250 200 6453 11006
Ch1: 23.200494 11.815189 10.250000 25.187500 199 6453 11053
Ch1: 23.303347 14.113054 10.250000 25.156250 198 6454 11102
Ch1: 23.406199 14.113054 10.250000 25.156250 197 6454 11151
Ch1: 23.506952 14.113054 10.250000 25.156250 196 6454 11199
Ch1: 23.611903 18.708782 10.250000 25.125000 195 6456 11249
Ch1: 23.714755 -22.652774 10.250000 25.125000 194 6438 11298
Ch1: 23.807112 -1.971996 10.250000 25.125000 193 6447 11342
Ch1: 23.905766 -1.971996 10.250000 25.156250 192 6447 11389
Ch1: 24.000222 -8.865589 10.187000 25.156250 191 6444 11434
Ch1: 24.107272 -8.865589 10.187000 25.125000 190 6444 11485
Ch1: 24.203827 -6.567725 10.250000 25.156250 189 6445 11531
Ch1: 24.302481 -8.865589 10.250000 25.187500 188 6444 11578
Ch1: 24.405333 -6.567725 10.250000 25.125000 187 6445 11627
Ch1: 24.510284 -11.163453 10.250000 25.156250 186 6443 11677
Ch1: 24.608939 -8.865589 10.187000 25.156250 185 6444 11724
Ch1: 24.713890 -18.057046 10.250000 25.156250 184 6440 11774
Ch1: 24.806247 -4.269860 10.250000 25.125000 183 6446 11818
Ch1: 24.907000 18.708782 10.250000 25.125000 182 6456 11866
Ch1: 25.005654 16.410918 10.250000 25.125000 181 6455 11913
Ch1: 25.104308 18.708782 10.250000 25.156250 180 6456 11960
Ch1: 25.205061 16.410918 10.250000 25.125000 179 6455 12008
Ch1: 25.303715 21.006646 10.250000 25.125000 178 6457 12055
Ch1: 25.404468 23.304511 10.250000 25.125000 177 6458 12103
Ch1: 25.501023 27.900239 10.250000 25.125000 176 6460 12149
Ch1: 25.595479 27.900239 10.250000 25.156250 175 6460 12194
Ch1: 25.702529 37.091696 10.250000 25.125000 174 6464 12245
Ch1: 25.792787 37.091696 10.187000 25.125000 173 6464 12288
Ch1: 25.880946 43.985289 10.250000 25.093750 172 6467 12330
Ch1: 25.979600 50.878882 10.250000 25.125000 171 6470 12377
Ch1: 26.076155 66.963931 10.250000 25.187500 170 6477 12423
Ch1: 26.166413 78.453252 10.250000 25.156250 169 6482 12466
Ch1: 26.260869 83.048981 10.250000 25.125000 168 6484 12511
Ch1: 26.353226 96.836166 10.187000 25.125000 167 6490 12555
Ch1: 26.449781 115.219080 10.250000 25.125000 166 6498 12601
Ch1: 26.540039 131.304130 10.250000 25.125000 165 6505 12644
Ch1: 26.636594 142.793451 10.250000 25.125000 164 6510 12690
Ch1: 26.728951 140.495587 10.250000 25.156250 163 6509 12734
Ch1: 26.810813 174.963551 10.250000 25.156250 162 6524 12773
Ch1: 26.901071 195.644329 10.250000 25.156250 161 6533 12816
Ch1: 26.991329 214.027243 10.250000 25.125000 160 6541 12859
Ch1: 27.077389 225.516564 10.250000 25.125000 159 6546 12900
Ch1: 27.178142 255.388799 10.250000 25.156250 158 6559 12948
Ch1: 27.257905 278.367442 10.250000 25.125000 157 6569 12986
Ch1: 27.348163 299.048220 10.250000 25.156250 156 6578 13029
Ch1: 27.434223 319.728998 10.250000 25.156250 155 6587 13070
Ch1: 27.522382 349.601233 10.250000 25.125000 154 6600 13112
Ch1: 27.612640 367.984147 10.250000 25.125000 153 6608 13155
Ch1: 27.690303 400.154246 10.250000 25.125000 152 6622 13192
Ch1: 27.772165 425.430753 10.250000 25.125000 151 6633 13231
Ch1: 27.858225 420.835025 10.250000 25.125000 150 6631 13272
Ch1: 27.940087 459.898717 10.250000 25.156250 149 6648 13311
Ch1: 28.021949 480.579495 10.250000 25.125000 148 6657 13350
Ch1: 28.099613 517.345323 10.250000 25.093750 147 6673 13387
Ch1: 28.181475 551.813287 10.250000 25.125000 146 6688 13426
Ch1: 28.265436 590.876979 10.250000 25.125000 145 6705 13466
Ch1: 28.343099 629.940671 10.250000 25.125000 144 6722 13503
Ch1: 28.418664 669.004363 10.250000 25.156250 143 6739 13539
Ch1: 28.506823 671.302227 10.250000 25.125000 142 6740 13581
Ch1: 28.573992 749.429611 10.250000 25.156250 141 6774 13613
Ch1: 28.651656 786.195439 10.250000 25.125000 140 6790 13650
Ch1: 28.727220 832.152724 10.250000 25.125000 139 6810 13686
Ch1: 28.802785 882.705737 10.250000 25.156250 138 6832 13722
Ch1: 28.878350 924.067294 10.250000 25.125000 137 6850 13758
Ch1: 28.943420 986.109628 10.250000 25.156250 136 6877 13789
Ch1: 29.021084 1025.173321 10.250000 25.156250 135 6894 13826
Ch1: 29.094549 1068.832741 10.250000 25.125000 134 6913 13861
Ch1: 29.163817 1137.768668 10.250000 25.125000 133 6943 13894
Ch1: 29.237283 1186.023818 10.250000 25.156250 132 6964 13929
Ch1: 29.306551 1241.172559 10.250000 25.125000 131 6988 13962
Ch1: 29.369521 1277.938387 10.250000 25.156250 130 7004 13992
Ch1: 29.434591 1330.789265 10.250000 25.156250 129 7027 14023
Ch1: 29.503859 1388.235871 10.250000 25.125000 128 7052 14056
Ch1: 29.571027 1443.384613 10.250000 25.125000 127 7076 14088
Ch1: 29.636097 1512.320540 10.250000 25.125000 126 7106 14119
Ch1: 29.696969 1578.958603 10.250000 25.093750 125 7135 14148
Ch1: 29.757840 1645.596666 10.250000 25.125000 124 7164 14177
Ch1: 29.820811 1721.426186 10.250000 25.125000 123 7197 14207
Ch1: 29.881683 1778.872792 10.250000 25.125000 122 7222 14236
Ch1: 29.940455 1873.085226 10.250000 25.093750 121 7263 14264
Ch1: 29.997129 1942.021153 10.250000 25.125000 120 7293 14291
Ch1: 30.058001 2015.552809 10.250000 25.125000 119 7325 14320
Ch1: 30.120971 2086.786601 10.250000 25.125000 118 7356 14350
Ch1: 30.162952 2190.190492 10.250000 25.125000 117 7401 14370
Ch1: 30.230120 2249.934962 10.250000 25.156250 116 7427 14402
Ch1: 30.278398 2353.338853 10.250000 25.125000 115 7472 14425
Ch1: 30.341369 2413.083323 10.250000 25.093750 114 7498 14455
Ch1: 30.393844 2470.529929 10.250000 25.125000 113 7523 14480
Ch1: 30.442122 2601.508191 10.250000 25.125000 112 7580 14503
Ch1: 30.488300 2677.337711 10.250000 25.125000 111 7613 14525
Ch1: 30.547073 2773.848009 10.250000 25.125000 110 7655 14553
Ch1: 30.586954 2861.166851 10.250000 25.156250 109 7693 14572
Ch1: 30.633133 2962.272877 10.250000 25.125000 108 7737 14594
Ch1: 30.681410 3084.059682 10.250000 25.125000 107 7790 14617
Ch1: 30.733886 3157.591338 10.250000 25.156250 106 7822 14642
Ch1: 30.777965 3254.101636 10.250000 25.156250 105 7864 14663
Ch1: 30.826243 3350.611934 10.250000 25.156250 104 7906 14686
Ch1: 30.859827 3483.888060 10.250000 25.125000 103 7964 14702
Ch1: 30.903907 3564.313309 10.250000 25.093750 102 7999 14723
Ch1: 30.945887 3667.717200 10.250000 25.125000 101 8044 14743
Ch1: 30.992066 3759.631770 10.250000 25.125000 100 8084 14765
Ch1: 31.040343 3863.035661 10.250000 25.125000 99 8129 14788
Ch1: 31.080225 3975.631008 10.250000 25.156250 98 8178 14807
Ch1: 31.111710 4074.439171 10.250000 25.093750 97 8221 14822
Ch1: 31.153690 4198.523840 10.250000 25.125000 96 8275 14842
Ch1: 31.191473 4308.821324 10.250000 25.125000 95 8323 14860
Ch1: 31.231354 4432.905993 10.250000 25.125000 94 8377 14879
Ch1: 31.264939 4524.820562 10.250000 25.125000 93 8417 14895
Ch1: 31.309018 4621.330861 10.250000 25.125000 92 8459 14916
Ch1: 31.336305 4791.372815 10.250000 25.125000 91 8533 14929
Ch1: 31.371989 4906.266027 10.250000 25.125000 90 8583 14946
Ch1: 31.392979 5023.457103 10.250000 25.125000 89 8634 14956
Ch1: 31.432860 5184.307600 10.250000 25.125000 88 8704 14975
Ch1: 31.462247 5287.711491 10.250000 25.125000 87 8749 14989
Ch1: 31.491633 5439.370531 10.250000 25.125000 86 8815 15003
Ch1: 31.525217 5545.072286 10.250000 25.125000 85 8861 15019
Ch1: 31.558802 5673.752684 10.250000 25.125000 84 8917 15035
Ch1: 31.586089 5795.539489 10.250000 25.125000 83 8970 15048
Ch1: 31.613376 5921.922022 10.250000 25.125000 82 9025 15061
Ch1: 31.653258 6055.198148 10.250000 25.093750 81 9083 15080
Ch1: 31.667951 6211.452917 10.250000 25.125000 80 9151 15087
Ch1: 31.695238 6319.452536 10.250000 25.125000 79 9198 15100
Ch1: 31.724624 6482.600897 10.250000 25.125000 78 9269 15114
Ch1: 31.758209 6625.068480 10.250000 25.156250 77 9331 15130
Ch1: 31.772902 6769.833928 10.250000 25.125000 76 9394 15137
Ch1: 31.802288 6893.918597 10.250000 25.125000 75 9448 15151
Ch1: 31.833774 7015.705402 10.250000 25.093750 74 9501 15166
Ch1: 31.850566 7165.066578 10.250000 25.156250 73 9566 15174
Ch1: 31.875754 7298.342704 10.250000 25.125000 72 9624 15186
Ch1: 31.903041 7429.320966 10.250000 25.125000 71 9681 15199
Ch1: 31.932428 7558.001363 10.250000 25.125000 70 9737 15213
Ch1: 31.947121 7702.766810 10.250000 25.125000 69 9800 15220
Ch1: 31.970210 7865.915172 10.250000 25.125000 68 9871 15231
Ch1: 31.982804 8026.765669 10.250000 25.125000 67 9941 15237
Ch1: 32.012190 8146.254609 10.250000 25.125000 66 9993 15251
Ch1: 32.037379 8277.232871 10.250000 25.125000 65 10050 15263
Ch1: 32.054171 8424.296183 10.187000 25.156250 65 10114 15271
Ch1: 32.068864 8424.296183 10.187000 25.125000 66 10114 15278
Ch1: 32.026884 8309.402971 10.187000 25.125000 67 10064 15258
Ch1: 32.010091 8114.084510 10.187000 25.125000 68 9979 15250
Ch1: 31.991200 7996.893433 10.187000 25.125000 69 9928 15241
Ch1: 31.966012 7822.255751 10.187000 25.125000 70 9852 15229
Ch1: 31.940824 7684.383896 10.187000 25.093750 71 9792 15217
Ch1: 31.926131 7553.405635 10.187000 25.093750 72 9735 15210
Ch1: 31.892546 7417.831644 10.187000 25.093750 73 9676 15194
Ch1: 31.877853 7298.342704 10.187000 25.125000 74 9624 15187
Ch1: 31.844269 7151.279392 85.000000 25.156250 75 9560 15171
Ch1: 31.829576 7020.301130 10.187000 25.125000 76 9503 15164
Ch1: 31.789694 6889.322868 85.000000 25.093750 77 9446 15145
Ch1: 31.772902 6721.578779 10.187000 25.125000 78 9373 15137
Ch1: 31.756110 6576.813331 10.187000 25.125000 79 9310 15129
Ch1: 31.720426 6455.026527 10.187000 25.125000 80 9257 15112
Ch1: 31.693139 6310.261079 10.187000 25.125000 81 9194 15099
Ch1: 31.661654 6183.878546 10.187000 25.125000 82 9139 15084
Ch1: 31.630168 6075.878926 10.187000 25.156250 83 9092 15069
Ch1: 31.607079 5919.624158 10.250000 25.125000 84 9024 15058
Ch1: 31.581891 5802.433082 10.187000 25.125000 85 8973 15046
Ch1: 31.542009 5636.986856 10.187000 25.125000 86 8901 15027
Ch1: 31.525217 5547.370151 10.250000 25.125000 87 8862 15019
Ch1: 31.497930 5430.179074 10.250000 25.125000 88 8811 15006
Ch1: 31.460148 5292.307220 10.250000 25.093750 89 8751 14988
Ch1: 31.422365 5170.520415 10.250000 25.125000 90 8698 14970
Ch1: 31.390880 5028.052832 10.250000 25.125000 91 8636 14955
Ch1: 31.353097 4892.478841 10.250000 25.125000 92 8577 14937
Ch1: 31.315315 4784.479222 10.250000 25.125000 93 8530 14919
Ch1: 31.290127 4676.479603 10.187000 25.093750 94 8483 14907
Ch1: 31.250245 4556.990662 10.250000 25.125000 95 8431 14888
Ch1: 31.210364 4460.480364 10.187000 25.093750 96 8389 14869
Ch1: 31.180978 4283.544817 10.250000 25.093750 97 8312 14855
Ch1: 31.136898 4203.119568 10.250000 25.125000 98 8277 14834
Ch1: 31.105413 4092.822085 10.250000 25.093750 99 8229 14819
Ch1: 31.061333 3980.226737 10.250000 25.125000 100 8180 14798
Ch1: 31.013056 3892.907896 10.250000 25.093750 101 8142 14775
Ch1: 30.979471 3773.418955 10.250000 25.125000 102 8090 14759
Ch1: 30.937491 3686.100114 10.250000 25.125000 103 8052 14739
Ch1: 30.889213 3575.802630 10.250000 25.156250 104 8004 14716
Ch1: 30.847233 3463.207282 10.250000 25.125000 105 7955 14696
Ch1: 30.815748 3350.611934 10.250000 25.125000 106 7906 14681
Ch1: 30.765371 3256.399500 10.250000 25.125000 107 7865 14657
Ch1: 30.712896 3196.655030 10.250000 25.093750 108 7839 14632
Ch1: 30.664618 3056.485311 10.250000 25.125000 109 7778 14609
Ch1: 30.622638 2978.357927 10.250000 25.125000 110 7744 14589
Ch1: 30.568063 2884.145493 10.250000 25.125000 111 7703 14563
Ch1: 30.528182 2778.443738 10.250000 25.125000 112 7657 14544
Ch1: 30.469409 2704.912082 10.250000 25.125000 113 7625 14516
Ch1: 30.421132 2619.891105 10.250000 25.125000 114 7588 14493
Ch1: 30.374953 2516.487214 10.250000 25.125000 115 7543 14471
Ch1: 30.326675 2429.168373 10.250000 25.125000 116 7505 14448
Ch1: 30.274200 2302.785840 10.250000 25.125000 117 7450 14423
Ch1: 30.213328 2256.828555 10.250000 25.125000 118 7430 14394
Ch1: 30.156655 2164.913985 10.250000 25.093750 119 7390 14367
Ch1: 30.102080 2089.084465 10.250000 25.093750 120 7357 14341
Ch1: 30.041208 2022.446402 10.250000 25.125000 121 7328 14312
Ch1: 29.982436 1942.021153 10.250000 25.125000 122 7293 14284
Ch1: 29.927861 1863.893769 10.250000 25.156250 123 7259 14258
Ch1: 29.864891 1794.957842 10.250000 25.125000 124 7229 14228
Ch1: 29.804019 1719.128322 10.250000 25.125000 125 7196 14199
Ch1: 29.741048 1654.788123 10.250000 25.093750 126 7168 14169
Ch1: 29.680177 1578.958603 10.250000 25.093750 127 7135 14140
Ch1: 29.610909 1523.809861 10.250000 25.156250 128 7111 14107
Ch1: 29.550037 1457.171798 10.250000 25.093750 129 7082 14078
Ch1: 29.487067 1392.831599 10.250000 25.125000 130 7054 14048
Ch1: 29.415700 1353.767907 10.250000 25.156250 131 7037 14014
Ch1: 29.352729 1275.640523 10.250000 25.125000 132 7003 13984
Ch1: 29.287659 1220.491781 10.250000 25.125000 133 6979 13953
Ch1: 29.218392 1169.938768 10.250000 25.156250 134 6957 13920
Ch1: 29.144926 1112.492162 10.250000 25.125000 135 6932 13885
Ch1: 29.079856 1075.726334 10.250000 25.156250 136 6916 13854
Ch1: 29.004291 1022.875456 10.250000 25.125000 137 6893 13818
Ch1: 28.935024 935.556615 10.250000 25.093750 138 6855 13785
Ch1: 28.859459 917.173701 10.250000 25.125000 139 6847 13749
Ch1: 28.783894 878.110009 10.250000 25.156250 140 6830 13713
Ch1: 28.708329 829.854860 10.250000 25.156250 141 6809 13677
Ch1: 28.630665 783.897575 10.250000 25.125000 142 6789 13640
Ch1: 28.561398 742.536019 10.250000 25.125000 143 6771 13607
Ch1: 28.483734 710.365919 10.250000 25.125000 144 6757 13570
Ch1: 28.401872 669.004363 10.250000 25.125000 145 6739 13531
Ch1: 28.328406 618.451350 10.250000 25.125000 146 6717 13496
Ch1: 28.250742 583.983386 10.250000 25.125000 147 6702 13459
Ch1: 28.173079 547.217558 10.250000 25.093750 148 6686 13422
Ch1: 28.084920 512.749594 10.250000 25.125000 149 6671 13380
Ch1: 28.005157 505.856002 10.250000 25.125000 150 6668 13342
Ch1: 27.921196 482.877359 10.250000 25.125000 151 6658 13302
Ch1: 27.837235 453.005124 10.250000 25.125000 152 6645 13262
Ch1: 27.753274 418.537160 10.250000 25.093750 153 6630 13222
Ch1: 27.671412 393.260654 10.250000 25.093750 154 6619 13183
Ch1: 27.585352 365.686283 10.250000 25.125000 155 6607 13142
Ch1: 27.503490 338.111912 10.250000 25.093750 156 6595 13103
Ch1: 27.415331 317.431134 10.250000 25.125000 157 6586 13061
Ch1: 27.333470 294.452491 10.250000 25.125000 158 6576 13022
Ch1: 27.241113 269.175985 10.250000 25.125000 159 6565 12978
Ch1: 27.157152 243.899478 10.250000 25.156250 160 6554 12938
Ch1: 27.058498 227.814428 10.250000 25.093750 161 6547 12891
Ch1: 26.972438 204.835786 10.250000 25.125000 162 6537 12850
Ch1: 26.882180 188.750736 10.250000 25.093750 163 6530 12807
Ch1: 26.794021 170.367822 10.250000 25.093750 164 6522 12765
Ch1: 26.703763 154.282772 10.250000 25.093750 165 6515 12722
Ch1: 26.615604 135.899859 10.250000 25.125000 166 6507 12680
Ch1: 26.519049 122.112673 10.250000 25.125000 167 6501 12634
Ch1: 26.426692 110.623352 10.250000 25.125000 168 6496 12590
Ch1: 26.334335 92.240438 10.250000 25.156250 169 6488 12546
Ch1: 26.244077 78.453252 10.250000 25.125000 170 6482 12503
Ch1: 26.149621 69.261795 10.250000 25.125000 171 6478 12458
Ch1: 26.057264 57.772474 10.250000 25.125000 172 6473 12414
Ch1: 25.962808 46.283153 10.250000 25.125000 173 6468 12369
Ch1: 25.870451 32.495968 10.250000 25.125000 174 6462 12325
Ch1: 25.775995 0.325868 10.250000 25.125000 175 6448 12280
Ch1: 25.679440 37.091696 10.250000 25.093750 176 6464 12234
Ch1: 25.572390 14.113054 10.250000 25.125000 177 6454 12183
Ch1: 25.482132 9.517325 10.250000 25.156250 178 6452 12140
Ch1: 25.383478 2.623732 10.250000 25.125000 179 6449 12093
Ch1: 25.284824 18.708782 10.250000 25.125000 180 6456 12046
Ch1: 25.186170 16.410918 10.250000 25.125000 181 6455 11999
Ch1: 25.091714 -4.269860 10.250000 25.125000 182 6446 11954
Ch1: 24.986763 -4.269860 10.250000 25.125000 183 6446 11904
Ch1: 24.892307 -11.163453 10.250000 25.125000 184 6443 11859
Ch1: 24.793652 -11.163453 10.250000 25.156250 185 6443 11812
Ch1: 24.688701 -8.865589 10.250000 25.125000 186 6444 11762
Ch1: 24.585849 16.410918 10.250000 25.156250 187 6455 11713
Ch1: 24.487195 18.708782 10.250000 25.125000 188 6456 11666
Ch1: 24.394838 -4.269860 10.250000 25.125000 189 6446 11622
Ch1: 24.283590 16.410918 10.250000 25.125000 190 6455 11569
Ch1: 24.184936 16.410918 10.250000 25.156250 191 6455 11522
Ch1: 24.090480 14.113054 10.250000 25.125000 192 6454 11477
Ch1: 23.983430 -8.865589 10.250000 25.125000 193 6444 11426
Ch1: 23.888974 -8.865589 10.250000 25.156250 194 6444 11381
Ch1: 23.794518 -11.163453 10.250000 25.156250 195 6443 11336
Ch1: 23.695864 -15.759181 10.250000 25.125000 196 6441 11289
Ch1: 23.586715 -8.865589 10.250000 25.125000 197 6444 11237
Ch1: 23.483863 14.113054 10.250000 25.093750 198 6454 11188
Ch1: 23.383109 -8.865589 10.250000 25.156250 199 6444 11140
Ch1: 23.284455 -8.865589 10.250000 25.125000 200 6444 11093
Ch1: 23.183702 -6.567725 10.250000 25.156250 201 6445 11045
Ch1: 23.082949 -8.865589 10.250000 25.156250 202 6444 10997
Ch1: 22.984295 -6.567725 10.250000 25.156250 203 6445 10950
Ch1: 22.885641 -6.567725 10.250000 25.125000 204 6445 10903
Ch1: 22.784888 -6.567725 10.250000 25.125000 205 6445 10855
Ch1: 22.686234 -8.865589 10.250000 25.156250 206 6444 10808
Ch1: 22.589679 -18.057046 10.250000 25.156250 207 6440 10762
Ch1: 22.486827 14.113054 10.250000 25.125000 208 6454 10713
Ch1: 22.371381 18.708782 10.250000 25.125000 209 6456 10658
Ch1: 22.276925 16.410918 10.250000 25.156250 210 6455 10613
Ch1: 22.176172 23.304511 10.250000 25.125000 211 6458 10565
Ch1: 22.075418 18.708782 10.250000 25.125000 212 6456 10517
Ch1: 21.974665 16.410918 10.250000 25.125000 213 6455 10469
Ch1: 21.873912 14.113054 10.250000 25.156250 214 6454 10421
Ch1: 21.773159 18.708782 10.250000 25.125000 215 6456 10373
Ch1: 21.678703 18.708782 10.250000 25.156250 216 6456 10328
Ch1: 21.580049 16.410918 10.250000 25.156250 217 6455 10281
Ch1: 21.468801 18.708782 10.250000 25.156250 218 6456 10228
Ch1: 21.368048 -11.163453 10.250000 25.156250 219 6443 10180
Ch1: 21.269394 -6.567725 10.250000 25.125000 220 6445 10133
Ch1: 21.168641 -6.567725 10.250000 25.125000 221 6445 10085
Ch1: 21.065789 -11.163453 10.250000 25.125000 222 6443 10036
Ch1: 20.965036 18.708782 10.250000 25.156250 223 6456 9988
Ch1: 20.870580 18.708782 10.250000 25.156250 224 6456 9943
Ch1: 20.757232 11.815189 10.250000 25.125000 225 6453 9889
Ch1: 20.666974 -4.269860 10.250000 25.125000 226 6446 9846
Ch1: 20.570419 -4.269860 10.250000 25.125000 227 6446 9800
Ch1: 20.459171 2.623732 10.250000 25.125000 228 6449 9747
Ch1: 20.358418 2.623732 10.250000 25.125000 229 6449 9699
Ch1: 20.257665 2.623732 10.250000 25.156250 230 6449 9651
Ch1: 20.156912 7.219461 10.250000 25.156250 231 6451 9603
Ch1: 20.058258 9.517325 10.250000 25.156250 232 6452 9556
Ch1: 19.957505 11.815189 10.250000 25.125000 233 6453 9508
Ch1: 19.858851 9.517325 10.250000 25.156250 234 6452 9461
Ch1: 19.762296 9.517325 10.250000 25.125000 235 6452 9415
Ch1: 19.667840 -24.950638 10.250000 25.156250 236 6437 9370
Ch1: 19.552394 0.325868 10.250000 25.125000 237 6448 9315
Ch1: 19.449541 0.325868 10.250000 25.125000 238 6448 9266
Ch1: 19.369779 -20.354910 10.250000 25.156250 239 6439 9228
Ch1: 19.275323 -22.652774 10.250000 25.156250 240 6438 9183
Ch1: 19.159876 -18.057046 10.250000 25.125000 241 6440 9128
Ch1: 19.067519 -22.652774 10.250000 25.125000 242 6438 9084
Ch1: 18.966766 -18.057046 10.250000 25.156250 243 6440 9036
Ch1: 18.845023 -8.865589 10.250000 25.187500 244 6444 8978
Ch1: 18.746369 -8.865589 10.250000 25.156250 245 6444 8931
Ch1: 18.649814 -6.567725 10.250000 25.156250 246 6445 8885
Ch1: 18.544863 -15.759181 10.250000 25.156250 247 6441 8835
Ch1: 18.437813 18.708782 10.250000 25.156250 248 6456 8784
Ch1: 18.334961 -8.865589 10.250000 25.156250 249 6444 8735
Ch1: 18.234208 -4.269860 10.250000 25.125000 250 6446 8687
Ch1: 18.133454 -4.269860 10.250000 25.125000 251 6446 8639
Ch1: 18.032701 -6.567725 10.250000 25.156250 252 6445 8591
Ch1: 17.931948 -8.865589 10.250000 25.156250 253 6444 8543
Ch1: 17.829096 -8.865589 10.250000 25.187500 254 6444 8494
Ch1: 17.732541 -6.567725 10.250000 25.156250 255 6445 8448
Ch1: 17.640184 -6.567725 10.250000 25.156250 256 6445 8404
Ch1: 17.535233 -20.354910 10.250000 25.156250 257 6439 8354
Ch1: 17.423985 -6.567725 10.250000 25.156250 258 6445 8301
Ch1: 17.323232 16.410918 10.250000 25.156250 259 6455 8253
Ch1: 17.220380 18.708782 10.250000 25.187500 260 6456 8204
Ch1: 17.119627 18.708782 10.250000 25.156250 261 6456 8156
Ch1: 17.016775 18.708782 10.250000 25.156250 262 6456 8107
Ch1: 16.916021 16.410918 10.250000 25.156250 263 6455 8059
Ch1: 16.817367 16.410918 10.250000 25.187500 264 6455 8012
Ch1: 16.716614 18.708782 10.250000 25.156250 265 6456 7964
Ch1: 16.617960 16.410918 10.250000 25.156250 266 6455 7917
Ch1: 16.521405 14.113054 10.250000 25.156250 267 6454 7871
Ch1: 16.420652 16.410918 10.250000 25.156250 268 6455 7823
Ch1: 16.309404 0.325868 10.250000 25.156250 269 6448 7770
Ch1: 16.206552 14.113054 10.250000 25.156250 270 6454 7721
Ch1: 16.107898 16.410918 10.250000 25.125000 271 6455 7674
Ch1: 16.013442 14.113054 10.250000 25.125000 272 6454 7629
Ch1: 15.902194 9.517325 10.250000 25.125000 273 6452 7576
Ch1: 15.805639 7.219461 10.250000 25.187500 274 6451 7530
Ch1: 15.706985 2.623732 10.250000 25.156250 275 6449 7483
Ch1: 15.606231 4.921597 10.250000 25.125000 276 6450 7435
Ch1: 15.509676 4.921597 10.250000 25.156250 277 6450 7389
Ch1: 15.411022 -13.461317 10.250000 25.156250 278 6442 7342
Ch1: 15.295576 0.325868 10.250000 25.125000 279 6448 7287
Ch1: 15.196922 14.113054 10.250000 25.125000 280 6454 7240
Ch1: 15.096169 14.113054 10.250000 25.156250 281 6454 7192
Ch1: 14.995416 14.113054 10.250000 25.187500 282 6454 7144
Ch1: 14.892564 18.708782 10.250000 25.187500 283 6456 7095
Ch1: 14.793910 18.708782 10.250000 25.156250 284 6456 7048
Ch1: 14.691058 18.708782 10.250000 25.156250 285 6456 6999
Ch1: 14.590305 21.006646 10.250000 25.156250 286 6457 6951
Ch1: 14.495849 18.708782 10.250000 25.156250 287 6456 6906
Ch1: 14.405591 16.410918 10.250000 25.156250 288 6455 6863
Ch1: 14.285946 21.006646 10.250000 25.156250 289 6457 6806
Ch1: 14.189391 -6.567725 10.250000 25.156250 290 6445 6760
Ch1: 14.086539 21.006646 10.250000 25.156250 291 6457 6711
Ch1: 13.983687 18.708782 10.250000 25.187500 292 6456 6662
Ch1: 13.882934 23.304511 10.250000 25.156250 293 6458 6614
Ch1: 13.780082 18.708782 10.250000 25.187500 294 6456 6565
Ch1: 13.679329 16.410918 10.250000 25.156250 295 6455 6517
Ch1: 13.582774 21.006646 10.250000 25.187500 296 6457 6471
Ch1: 13.482021 18.708782 10.250000 25.187500 297 6456 6423
Ch1: 13.385466 23.304511 10.250000 25.156250 298 6458 6377
Ch1: 13.288911 4.921597 10.250000 25.187500 299 6450 6331
Ch1: 13.175564 18.708782 10.250000 25.156250 300 6456 6277
Ch1: 13.070612 -8.865589 10.250000 25.156250 301 6444 6227
Ch1: 12.967760 21.006646 10.250000 25.156250 302 6457 6178
Ch1: 12.869106 18.708782 10.250000 25.156250 303 6456 6131
Ch1: 12.774650 21.006646 10.250000 25.125000 304 6457 6086
Ch1: 12.663402 16.410918 10.250000 25.187500 305 6455 6033
Ch1: 12.568946 18.708782 10.250000 25.156250 306 6456 5988
Ch1: 12.472391 16.410918 10.250000 25.187500 307 6455 5942
Ch1: 12.371638 16.410918 10.250000 25.187500 308 6455 5894
Ch1: 12.275083 14.113054 10.250000 25.125000 309 6454 5848
Ch1: 12.170132 11.815189 10.250000 25.156250 310 6453 5798
Ch1: 12.060983 14.113054 10.250000 25.156250 311 6454 5746
Ch1: 11.964428 -4.269860 10.250000 25.187500 312 6446 5700
Ch1: 11.859477 0.325868 10.250000 25.187500 313 6448 5650
Ch1: 11.758723 0.325868 10.250000 25.156250 314 6448 5602
Ch1: 11.657970 2.623732 10.250000 25.156250 315 6449 5554
Ch1: 11.559316 0.325868 10.250000 25.156250 316 6448 5507
Ch1: 11.456464 4.921597 10.250000 25.125000 317 6450 5458
Ch1: 11.355711 2.623732 10.250000 25.156250 318 6449 5410
Ch1: 11.261255 4.921597 10.250000 25.187500 319 6450 5365
Ch1: 11.170997 -4.269860 10.250000 25.187500 320 6446 5322
Ch1: 11.047155 9.517325 85.000000 25.156250 321 6452 5263
Ch1: 10.950600 11.815189 10.250000 25.125000 322 6453 5217
Ch1: 10.854045 9.517325 10.250000 25.156250 323 6452 5171
Ch1: 10.746995 11.815189 10.250000 25.156250 324 6453 5120
Ch1: 10.646242 11.815189 10.250000 25.187500 325 6453 5072
Ch1: 10.543389 14.113054 10.250000 25.156250 326 6454 5023
Ch1: 10.444735 16.410918 10.250000 25.218750 327 6455 4976
Ch1: 10.346081 16.410918 10.250000 25.187500 328 6455 4929
Ch1: 10.247427 16.410918 10.250000 25.156250 329 6455 4882
Ch1: 10.152971 16.410918 10.250000 25.156250 330 6455 4837
Ch1: 10.039624 18.708782 10.250000 25.156250 331 6456 4783
Ch1: 9.938871 23.304511 10.250000 25.156250 332 6458 4735
Ch1: 9.836019 -4.269860 10.250000 25.156250 333 6446 4686
Ch1: 9.735266 -11.163453 10.250000 25.187500 334 6443 4638
Ch1: 9.634513 -11.163453 10.250000 25.187500 335 6443 4590
Ch1: 9.540057 -4.269860 10.250000 25.187500 336 6446 4545
Ch1: 9.428809 -11.163453 10.250000 25.187500 337 6443 4492
Ch1: 9.330155 -4.269860 10.187000 25.125000 338 6446 4445
Ch1: 9.233599 -1.971996 10.250000 25.156250 339 6447 4399
Ch1: 9.134945 -4.269860 10.250000 25.187500 340 6446 4352
Ch1: 9.036291 -38.737824 10.250000 25.187500 341 6431 4305
Ch1: 8.922944 21.006646 10.250000 25.156250 342 6457 4251
Ch1: 8.822191 23.304511 10.250000 25.156250 343 6458 4203
Ch1: 8.723537 16.410918 10.250000 25.156250 344 6455 4156
Ch1: 8.618586 18.708782 10.250000 25.187500 345 6456 4106
Ch1: 8.519932 -1.971996 10.250000 25.156250 346 6447 4059
Ch1: 8.419179 -4.269860 10.250000 25.187500 347 6446 4011
Ch1: 8.320525 0.325868 10.250000 25.156250 348 6448 3964
Ch1: 8.217673 -4.269860 10.250000 25.218750 349 6446 3915
Ch1: 8.121118 -1.971996 10.250000 25.187500 350 6447 3869
Ch1: 8.026662 -6.567725 10.250000 25.187500 351 6445 3824
Ch1: 7.917512 -1.971996 10.250000 25.187500 352 6447 3772
Ch1: 7.806264 -1.971996 10.250000 25.187500 353 6447 3719
Ch1: 7.709709 0.325868 10.187000 25.156250 354 6448 3673
Ch1: 7.611055 -1.971996 10.250000 25.156250 355 6447 3626
Ch1: 7.512401 -1.971996 10.250000 25.156250 356 6447 3579
Ch1: 7.409549 -8.865589 10.250000 25.187500 357 6444 3530
Ch1: 7.306697 -1.971996 10.250000 25.187500 358 6447 3481
Ch1: 7.208043 -4.269860 10.250000 25.187500 359 6446 3434
Ch1: 7.111488 -1.971996 10.250000 25.187500 360 6447 3388
Ch1: 7.017032 -8.865589 10.250000 25.187500 361 6444 3343
Ch1: 6.914180 -24.950638 10.250000 25.156250 362 6437 3294
Ch1: 6.805031 -13.461317 10.250000 25.187500 363 6442 3242
Ch1: 6.704278 21.006646 10.250000 25.187500 364 6457 3194
Ch1: 6.601425 21.006646 10.187000 25.187500 365 6457 3145
