Ch1: 19.346584 9.632218 0.187000 24.843750 402 6460 9336
Ch1: 19.698716 15.859430 0.187000 24.843750 401 6455 9383
Ch1: 19.802786 12.826250 0.187000 24.843750 400 6446 9454
Ch1: 19.917120 12.366677 0.187000 24.875000 399 6451 9484
Ch1: 20.000493 16.364961 0.187000 24.906250 398 6449 9528
Ch1: 20.100826 17.192192 0.187000 24.875000 397 6457 9575
Ch1: 20.215433 17.008363 0.187000 24.906250 396 6461 9631
Ch1: 20.306635 17.996444 0.187000 24.875000 395 6451 9673
Ch1: 20.405373 19.581971 0.187000 24.906250 394 6456 9720
Ch1: 20.507995 17.100277 0.187000 24.906250 393 6456 9769
Ch1: 20.609104 22.109621 0.187000 24.875000 392 6453 9817
Ch1: 20.713279 19.903672 0.187000 24.937500 391 6449 9869
Ch1: 20.811954 19.719842 0.187000 24.937500 390 6453 9914
Ch1: 20.913484 20.799839 0.187000 24.937500 389 6454 9962
Ch1: 21.017133 22.063664 0.187000 24.906250 388 6461 10012
Ch1: 21.118390 22.224514 0.187000 24.937500 387 6458 10060
Ch1: 21.222502 23.143660 0.187000 24.937500 386 6453 10110
Ch1: 21.321995 22.936852 0.187000 24.906250 385 6463 10156
Ch1: 21.418718 19.880693 0.187000 24.968750 384 6461 10203
Ch1: 21.530554 20.707924 0.187000 24.968750 383 6461 10256
Ch1: 21.624003 22.844938 0.187000 24.937500 382 6463 10301
Ch1: 21.732522 23.005788 0.187000 24.968750 381 6458 10366
Ch1: 21.831848 24.177699 0.187000 24.937500 380 6462 10399
Ch1: 21.932181 26.429606 0.187000 24.968750 379 6464 10448
Ch1: 22.032158 28.244919 0.187000 24.968750 378 6465 10495
Ch1: 22.133393 26.866200 0.187000 24.937500 377 6464 10543
Ch1: 22.234356 27.027051 0.187000 24.968750 376 6457 10592
Ch1: 22.338258 28.198961 0.187000 24.968750 375 6467 10641
Ch1: 22.438297 28.359812 0.187000 24.968750 374 6461 10689
Ch1: 22.539323 28.405769 0.187000 25.000000 373 6456 10737
Ch1: 22.642868 29.600659 0.187000 25.000000 372 6465 10786
Ch1: 22.744209 28.038111 0.187000 24.968750 371 6465 10835
Ch1: 22.847145 28.520662 0.187000 25.000000 370 6464 10884
Ch1: 22.947856 33.690857 0.187000 24.937500 369 6466 10933
Ch1: 23.045419 28.727470 0.187000 24.968750 368 6463 10978
Ch1: 23.162544 32.679797 0.187000 24.968750 367 6463 11034
Ch1: 23.255741 33.713836 0.187000 24.968750 366 6465 11080
Ch1: 23.355843 32.358096 0.187000 24.968750 365 6465 11125
Ch1: 23.457709 35.965743 0.187000 24.968750 364 6461 11175
Ch1: 23.561295 34.610003 0.187000 24.937500 363 6464 11224
Ch1: 23.660999 39.573389 0.187000 24.968750 362 6461 11272
Ch1: 23.762907 36.264465 0.187000 24.968750 361 6464 11321
Ch1: 23.864751 37.849991 0.187000 25.000000 360 6461 11368
Ch1: 23.967078 37.344461 0.187000 25.000000 359 6465 11418
Ch1: 24.067622 39.274667 0.125000 24.968750 358 6463 11467
Ch1: 24.168228 35.644042 0.187000 24.968750 357 6461 11513
Ch1: 24.271416 39.021902 0.187000 25.000000 356 6467 11562
Ch1: 24.373029 44.169118 0.187000 24.968750 355 6471 11611
Ch1: 24.475944 42.078062 0.187000 24.968750 354 6464 11660
Ch1: 24.574158 45.386986 0.187000 24.968750 353 6470 11707
Ch1: 24.670650 45.432943 0.187000 24.968750 352 6466 11753
Ch1: 24.784606 47.271235 0.187000 25.000000 351 6471 11808
Ch1: 24.877697 50.028672 0.187000 25.000000 350 6474 11851
Ch1: 24.977023 49.798885 0.187000 24.968750 349 6468 11900
Ch1: 25.081240 53.314618 0.187000 24.968750 348 6476 11950
Ch1: 25.184889 54.555464 0.187000 24.968750 347 6477 11998
Ch1: 25.282305 55.336738 0.187000 24.968750 346 6473 12045
Ch1: 25.382701 59.289065 0.125000 24.968750 345 6479 12092
Ch1: 25.482531 60.300125 0.187000 24.937500 344 6480 12140
Ch1: 25.583850 63.930750 0.187000 25.000000 343 6477 12188
Ch1: 25.681035 69.261795 0.187000 25.000000 342 6482 12235
Ch1: 25.779962 73.260079 0.187000 24.968750 341 6471 12285
Ch1: 25.881576 77.878786 0.187000 24.968750 340 6481 12330
Ch1: 25.980104 82.819195 0.187000 24.968750 339 6486 12377
Ch1: 26.081592 86.518756 0.187000 24.968750 338 6489 12427
Ch1: 26.179721 91.711929 0.187000 24.968750 337 6494 12472
Ch1: 26.272246 98.214885 0.187000 25.000000 336 6495 12517
Ch1: 26.385761 105.751880 0.125000 24.968750 335 6498 12573
Ch1: 26.476691 110.531437 0.187000 24.968750 334 6500 12615
Ch1: 26.572553 117.815667 0.187000 25.000000 333 6496 12660
Ch1: 26.672487 128.293928 0.125000 24.968750 332 6508 12709
Ch1: 26.772191 130.844557 0.125000 24.968750 331 6507 12757
Ch1: 26.867151 137.508364 0.125000 24.968750 330 6506 12801
Ch1: 26.964315 150.330446 0.187000 24.937500 329 6517 12848
Ch1: 27.059295 158.579779 0.187000 24.968750 328 6515 12893
Ch1: 27.158642 167.748257 0.125000 25.000000 327 6517 12940
Ch1: 27.252426 175.767803 0.125000 24.968750 326 6529 12986
Ch1: 27.346546 188.474992 0.125000 25.000000 325 6535 13031
Ch1: 27.444319 201.136224 0.187000 24.968750 324 6540 13077
Ch1: 27.538796 211.982144 0.187000 24.968750 323 6541 13123
Ch1: 27.635750 222.552319 0.187000 24.968750 322 6548 13169
Ch1: 27.728820 236.684184 0.125000 25.031250 321 6554 13213
Ch1: 27.819288 250.034775 0.187000 25.000000 320 6558 13257
Ch1: 27.922665 260.926652 0.187000 25.031250 319 6568 13307
Ch1: 28.007088 276.827873 0.125000 24.968750 318 6567 13347
Ch1: 28.099844 293.625260 0.187000 24.968750 317 6573 13393
Ch1: 28.194237 312.237961 0.125000 25.000000 316 6586 13439
Ch1: 28.288000 328.345989 0.125000 25.000000 315 6593 13483
Ch1: 28.377733 347.602091 0.125000 25.000000 314 6597 13527
Ch1: 28.468369 365.686283 0.125000 25.000000 313 6603 13571
Ch1: 28.558984 385.585787 0.187000 25.031250 312 6604 13611
Ch1: 28.650291 406.680181 0.125000 25.031250 311 6619 13653
Ch1: 28.736183 428.394998 0.125000 25.031250 310 6631 13694
Ch1: 28.823733 456.750643 0.125000 25.031250 309 6645 13735
Ch1: 28.913551 476.397382 0.125000 25.062500 308 6659 13778
Ch1: 29.001395 504.936856 0.125000 25.062500 307 6667 13819
Ch1: 29.088630 531.385273 0.125000 25.062500 306 6681 13858
Ch1: 29.174060 560.522192 0.125000 25.062500 305 6689 13898
Ch1: 29.254138 588.831879 0.125000 25.031250 304 6708 13937
Ch1: 29.348174 622.058996 0.125000 25.062500 303 6714 13980
Ch1: 29.423634 653.401865 0.125000 25.093750 302 6735 14018
Ch1: 29.506545 687.502170 0.125000 25.093750 301 6745 14058
Ch1: 29.587883 724.222041 0.125000 25.093750 300 6767 14094
Ch1: 29.670752 763.607434 0.125000 25.062500 299 6780 14134
Ch1: 29.751229 804.256652 0.125000 25.062500 298 6794 14170
Ch1: 29.827549 844.767999 0.125000 25.062500 297 6821 14208
Ch1: 29.903806 887.715082 0.125000 25.093750 296 6829 14247
Ch1: 29.981533 933.833217 0.187000 25.125000 295 6851 14282
Ch1: 30.053257 981.628793 0.125000 25.062500 294 6875 14318
Ch1: 30.130879 1026.115445 0.125000 25.093750 293 6896 14353
Ch1: 30.199517 1091.167982 0.187000 25.093750 292 6925 14384
Ch1: 30.273108 1138.963558 0.187000 25.093750 291 6945 14424
Ch1: 30.345105 1196.777822 0.187000 25.093750 290 6972 14455
Ch1: 30.416388 1249.766572 0.187000 25.125000 289 6996 14489
Ch1: 30.479589 1316.404635 0.187000 25.125000 288 7025 14521
Ch1: 30.552824 1386.949067 0.187000 25.125000 287 7057 14553
Ch1: 30.615186 1450.576928 0.187000 25.125000 286 7082 14584
Ch1: 30.676666 1518.317966 0.187000 25.125000 285 7106 14617
Ch1: 30.739868 1592.561959 0.187000 25.093750 284 7143 14645
Ch1: 30.802251 1666.897868 0.187000 25.125000 283 7170 14677
Ch1: 30.859072 1745.484825 0.187000 25.125000 282 7211 14700
Ch1: 30.917382 1828.483681 0.187000 25.125000 281 7246 14731
Ch1: 30.975043 1910.839136 0.125000 25.093750 280 7288 14756
Ch1: 31.030037 2003.787744 0.125000 25.125000 279 7316 14779
Ch1: 31.083121 2090.807863 0.187000 25.125000 278 7349 14811
Ch1: 31.139018 2172.313108 0.187000 25.093750 277 7394 14835
Ch1: 31.191683 2268.984257 0.187000 25.093750 276 7453 14859
Ch1: 31.238533 2367.953270 0.125000 25.125000 275 7478 14883
Ch1: 31.290568 2467.933343 0.125000 25.125000 274 7522 14906
Ch1: 31.337061 2567.499800 0.187000 25.093750 273 7573 14929
Ch1: 31.387836 2661.321597 0.187000 25.093750 272 7619 14952
Ch1: 31.437394 2783.544996 0.125000 25.093750 271 7653 14978
Ch1: 31.473707 2884.168472 0.187000 25.125000 270 7699 14997
Ch1: 31.520746 2998.119559 0.125000 25.125000 269 7759 15012
Ch1: 31.559641 3105.613649 0.187000 25.156250 268 7788 15040
Ch1: 31.601433 3233.489794 0.187000 25.156250 267 7857 15052
Ch1: 31.636738 3348.245134 0.187000 25.125000 266 7905 15072
Ch1: 31.676704 3467.481310 85.000000 25.125000 265 7963 15089
Ch1: 31.714591 3583.845155 0.125000 25.125000 264 8005 15107
Ch1: 31.744418 3723.463386 0.187000 25.093750 263 8071 15123
Ch1: 31.779703 3845.319127 0.187000 25.125000 262 8121 15144
Ch1: 31.812930 3978.089723 0.187000 25.156250 261 8175 15157
Ch1: 31.846746 4110.469682 0.187000 25.125000 260 8239 15169
Ch1: 31.882450 4234.025843 0.187000 25.093750 259 8297 15185
Ch1: 31.900753 4398.254200 0.187000 25.125000 258 8358 15196
Ch1: 31.933561 4536.240948 0.187000 25.093750 257 8420 15210
Ch1: 31.961877 4654.167341 0.125000 25.125000 256 8461 15230
Ch1: 31.995692 4813.891884 0.187000 25.125000 255 8548 15244
Ch1: 32.019579 4950.729700 0.125000 25.156250 254 8608 15252
Ch1: 32.045733 5087.245815 0.187000 25.125000 253 8669 15269
Ch1: 32.073881 5232.011262 0.187000 25.093750 252 8721 15279
Ch1: 32.077449 5229.368718 0.187000 25.093750 252 8733 15284
Ch1: 32.046677 5090.462825 0.187000 25.125000 253 8668 15270
Ch1: 32.020587 4956.014788 0.125000 25.125000 254 8592 15259
Ch1: 31.994580 4822.623768 0.187000 25.125000 255 8528 15249
Ch1: 31.961877 4664.231986 0.125000 25.125000 256 8472 15232
Ch1: 31.936269 4527.807786 0.187000 25.125000 257 8418 15219
Ch1: 31.906253 4391.314650 0.187000 25.093750 258 8369 15201
Ch1: 31.874914 4254.614706 0.125000 25.125000 259 8295 15190
Ch1: 31.841057 4125.244949 0.187000 25.125000 260 8237 15170
Ch1: 31.809551 3989.165429 0.125000 25.093750 261 8163 15160
Ch1: 31.776722 3859.290142 0.187000 25.125000 262 8115 15140
Ch1: 31.740115 3734.447177 0.125000 25.093750 263 8072 15122
Ch1: 31.699289 3616.980357 0.187000 25.125000 264 8016 15108
Ch1: 31.662682 3499.559495 0.187000 25.125000 265 7965 15084
Ch1: 31.625928 3374.969295 0.187000 25.125000 266 7910 15070
Ch1: 31.586026 3258.697365 0.187000 25.125000 267 7859 15048
Ch1: 31.545641 3144.424576 0.187000 25.125000 268 7815 15026
Ch1: 31.506914 3014.043759 0.187000 25.125000 269 7761 15011
Ch1: 31.463611 2908.342004 0.125000 25.125000 270 7711 14989
Ch1: 31.419867 2812.521065 0.187000 25.125000 271 7662 14967
Ch1: 31.364264 2705.164847 0.125000 25.125000 272 7629 14938
Ch1: 31.318548 2605.828176 0.125000 25.093750 273 7568 14923
Ch1: 31.275266 2500.723865 0.125000 25.125000 274 7540 14904
Ch1: 31.225666 2401.938682 0.125000 25.156250 275 7477 14880
Ch1: 31.179151 2296.926286 0.125000 25.187500 276 7457 14852
Ch1: 31.125416 2209.055957 0.125000 25.156250 277 7401 14834
Ch1: 31.075859 2108.800140 0.125000 25.125000 278 7352 14803
Ch1: 31.023404 2017.850673 0.125000 25.187500 279 7321 14781
Ch1: 30.968955 1926.625463 0.125000 25.187500 280 7288 14749
Ch1: 30.911778 1846.636809 0.125000 25.156250 281 7257 14723
Ch1: 30.851095 1770.738353 0.125000 25.187500 282 7217 14695
Ch1: 30.791756 1692.358203 0.125000 25.187500 283 7181 14669
Ch1: 30.729016 1620.526967 0.125000 25.187500 284 7149 14638
Ch1: 30.666885 1540.446398 0.125000 25.218750 285 7120 14606
Ch1: 30.599506 1482.057668 0.125000 25.218750 286 7092 14576
Ch1: 30.538614 1418.314914 0.125000 25.187500 287 7060 14547
Ch1: 30.462902 1347.678567 0.125000 25.187500 288 7026 14512
Ch1: 30.400225 1288.003033 0.125000 25.187500 289 7007 14482
Ch1: 30.333434 1225.983677 0.125000 25.250000 290 6980 14448
Ch1: 30.258646 1171.225572 0.125000 25.218750 291 6962 14415
Ch1: 30.191414 1111.343230 0.125000 25.250000 292 6932 14382
Ch1: 30.116353 1056.814911 0.125000 25.250000 293 6902 14349
Ch1: 30.044126 1000.563195 0.125000 25.250000 294 6882 14312
Ch1: 29.970744 954.766760 0.125000 25.250000 295 6863 14277
Ch1: 29.893584 906.373739 0.125000 25.250000 296 6839 14243
Ch1: 29.814892 869.929612 0.125000 25.250000 297 6827 14204
Ch1: 29.735591 825.259131 0.125000 25.250000 298 6809 14165
Ch1: 29.658473 784.472041 0.125000 25.218750 299 6786 14129
Ch1: 29.575645 750.509608 0.125000 25.250000 300 6776 14090
Ch1: 29.491873 713.031442 0.125000 25.281250 301 6753 14048
Ch1: 29.417904 679.597517 0.125000 25.250000 302 6743 14010
Ch1: 29.335706 643.911685 0.187000 25.281250 303 6728 13974
Ch1: 29.241712 609.581594 0.125000 25.250000 304 6718 13929
Ch1: 29.161319 577.779152 0.187000 25.250000 305 6698 13891
Ch1: 29.076939 550.825205 0.187000 25.281250 306 6684 13851
Ch1: 28.988045 527.272096 0.187000 25.312500 307 6681 13808
Ch1: 28.901334 501.191337 0.187000 25.281250 308 6660 13766
Ch1: 28.809145 479.361627 0.187000 25.312500 309 6661 13723
Ch1: 28.723043 455.877454 0.187000 25.312500 310 6647 13685
Ch1: 28.657533 426.212027 0.125000 25.312500 311 6634 13647
Ch1: 28.558207 405.255505 0.187000 25.312500 312 6617 13604
Ch1: 28.469419 382.782393 0.125000 25.281250 313 6619 13561
Ch1: 28.368854 366.191813 0.187000 25.343750 314 6603 13511
Ch1: 28.278156 348.636130 0.187000 25.312500 315 6605 13470
Ch1: 28.185085 332.298315 0.187000 25.281250 316 6587 13425
Ch1: 28.091091 313.432850 0.125000 25.343750 317 6581 13381
Ch1: 28.000644 294.820150 0.187000 25.281250 318 6580 13338
Ch1: 27.918404 279.217651 0.187000 25.281250 319 6573 13307
Ch1: 27.839439 257.319005 0.187000 25.343750 320 6556 13261
Ch1: 27.755604 243.049268 0.125000 25.312500 321 6553 13239
Ch1: 27.709866 216.623829 0.125000 25.343750 322 6549 13198
Ch1: 27.617761 202.560900 85.000000 25.375000 323 6539 13157
Ch1: 27.525362 192.197532 0.187000 25.343750 324 6531 13112
Ch1: 27.430402 176.089504 0.187000 25.343750 325 6522 13065
Ch1: 27.329670 168.644424 0.125000 25.343750 326 6519 13016
Ch1: 27.235718 158.993394 0.187000 25.312500 327 6513 12975
Ch1: 27.143004 145.734718 0.187000 25.343750 328 6507 12929
Ch1: 27.046890 136.175602 0.125000 25.343750 329 6510 12884
Ch1: 26.949432 126.823295 0.125000 25.343750 330 6501 12836
Ch1: 26.854515 118.550984 0.187000 25.375000 331 6506 12791
Ch1: 26.755210 110.922074 0.125000 25.375000 332 6492 12743
Ch1: 26.652820 102.075297 0.125000 25.406250 333 6494 12695
Ch1: 26.554166 94.928939 0.125000 25.343750 334 6492 12647
Ch1: 26.468504 90.769805 0.187000 25.406250 335 6489 12605
Ch1: 26.349595 81.049839 0.125000 25.343750 336 6480 12551
Ch1: 26.255139 77.028577 0.125000 25.343750 337 6479 12506
Ch1: 26.158269 68.871159 0.125000 25.375000 338 6479 12459
Ch1: 26.055270 69.583496 0.187000 25.343750 339 6481 12410
Ch1: 25.956322 59.312043 0.187000 25.406250 340 6481 12364
Ch1: 25.854561 53.452490 0.125000 25.406250 341 6476 12318
Ch1: 25.755278 52.142707 0.125000 25.406250 342 6476 12272
Ch1: 25.657862 47.569957 0.187000 25.406250 343 6474 12226
Ch1: 25.555724 43.893374 0.125000 25.437500 344 6469 12177
Ch1: 25.466893 36.724038 0.125000 25.406250 345 6463 12130
Ch1: 25.354763 39.780197 0.125000 25.406250 346 6464 12082
Ch1: 25.256109 36.103614 0.125000 25.375000 347 6470 12034
Ch1: 25.151872 31.714694 0.125000 25.406250 348 6459 11985
Ch1: 25.049586 29.899381 0.125000 25.406250 349 6457 11937
Ch1: 24.949946 31.140228 0.187000 25.406250 350 6465 11890
Ch1: 24.856413 27.302794 0.125000 25.406250 351 6455 11847
Ch1: 24.742667 25.510460 0.125000 25.406250 352 6454 11792
Ch1: 24.646910 21.052604 0.187000 25.437500 353 6453 11747
Ch1: 24.548508 23.534297 0.187000 25.406250 354 6453 11703
Ch1: 24.445278 24.752165 0.125000 25.437500 355 6457 11651
Ch1: 24.344420 20.110479 0.125000 25.437500 356 6455 11602
Ch1: 24.250488 16.824533 0.187000 25.406250 357 6457 11561
Ch1: 24.153807 12.826250 0.125000 25.437500 358 6451 11515
Ch1: 24.053768 11.838168 0.125000 25.437500 359 6437 11466
Ch1: 23.950895 12.389655 0.125000 25.437500 360 6438 11416
Ch1: 23.849365 10.275620 0.187000 25.468750 361 6442 11368
Ch1: 23.747059 8.873923 0.125000 25.406250 362 6435 11320
Ch1: 23.646600 9.678176 0.187000 25.468750 363 6435 11273
Ch1: 23.543517 8.207543 0.125000 25.468750 364 6449 11221
Ch1: 23.438524 7.403290 0.125000 25.468750 365 6449 11168
Ch1: 23.329710 11.263702 0.187000 25.437500 366 6458 11114
Ch1: 23.230846 10.068813 0.125000 25.468750 367 6458 11069
Ch1: 23.108641 9.655197 0.125000 25.500000 368 6453 11008
Ch1: 23.005789 12.596463 0.125000 25.500000 369 6454 10960
Ch1: 22.903189 11.010937 0.125000 25.500000 370 6456 10910
Ch1: 22.798343 11.148809 0.125000 25.500000 371 6452 10859
Ch1: 22.694609 10.275620 0.125000 25.531250 372 6449 10809
Ch1: 22.588797 14.090075 0.125000 25.500000 373 6453 10759
Ch1: 22.487687 10.643279 0.125000 25.562500 374 6449 10710
Ch1: 22.388173 7.770948 0.125000 25.562500 375 6446 10663
Ch1: 22.284418 8.759030 0.125000 25.562500 376 6452 10614
Ch1: 22.183896 7.495205 0.125000 25.593750 377 6456 10566
Ch1: 22.078903 7.931799 0.125000 25.593750 378 6448 10515
Ch1: 21.977835 5.794785 0.125000 25.593750 379 6453 10470
Ch1: 21.874311 6.484144 0.125000 25.593750 380 6446 10419
Ch1: 21.769234 7.127546 0.125000 25.593750 381 6445 10368
Ch1: 21.668544 4.806703 0.125000 25.593750 382 6449 10320
Ch1: 21.576124 4.668832 0.125000 25.625000 383 6446 10276
Ch1: 21.467017 5.404148 0.125000 25.593750 384 6455 10221
Ch1: 21.364585 3.014369 0.125000 25.625000 385 6451 10175
Ch1: 21.264356 2.118202 0.125000 25.656250 386 6453 10128
Ch1: 21.162910 1.888416 0.125000 25.625000 387 6451 10080
Ch1: 21.062976 4.898618 0.125000 25.593750 388 6454 10032
Ch1: 20.957899 -0.455406 0.125000 25.625000 389 6445 9982
Ch1: 20.857125 -1.650295 0.125000 25.625000 390 6451 9935
Ch1: 20.757799 -2.822206 0.125000 25.625000 391 6448 9886
Ch1: 20.653646 0.233954 0.125000 25.625000 392 6451 9837
Ch1: 20.553606 -3.029014 0.125000 25.625000 393 6449 9789
Ch1: 20.453273 -2.753270 0.125000 25.625000 394 6449 9740
Ch1: 20.350736 -3.281779 0.125000 25.656250 395 6448 9692
Ch1: 20.247380 -3.212843 0.125000 25.718750 396 6442 9643
Ch1: 20.143457 -5.211985 0.125000 25.687500 397 6448 9593
Ch1: 20.042641 -6.177088 0.125000 25.687500 398 6450 9545
Ch1: 19.950494 -6.360917 0.187000 25.718750 399 6451 9501
Ch1: 19.837987 -9.394098 0.187000 25.656250 400 6444 9449
Ch1: 19.741159 -4.890284 0.187000 25.656250 401 6450 9401
Ch1: 19.638852 -4.430711 0.187000 25.656250 402 6448 9353
