Ch1: 11.100638 9.057752 10.250000 22.875000 485 6455 5325
Ch1: 11.283736 8.942859 10.062000 22.968750 484 6449 5374
Ch1: 11.383586 8.506265 9.937000 22.906250 483 6455 5422
Ch1: 11.486879 7.610098 9.750000 22.906250 482 6448 5471
Ch1: 11.586079 8.391372 85.000000 22.937500 481 6451 5518
Ch1: 11.683725 9.701154 9.500000 22.937500 480 6454 5565
Ch1: 11.797136 7.403290 9.375000 23.000000 479 6455 5619
Ch1: 11.890311 7.219461 9.250000 23.000000 478 6446 5663
Ch1: 11.991211 7.403290 9.125000 22.968750 477 6447 5712
Ch1: 12.094420 7.058610 9.062000 23.000000 476 6441 5770
Ch1: 12.205836 3.680750 8.937000 23.000000 475 6447 5840
Ch1: 12.299012 7.564141 8.875000 23.062500 474 6448 5863
Ch1: 12.397960 9.379453 8.812000 23.062500 473 6457 5909
Ch1: 12.499112 8.827966 8.750000 23.062500 472 6453 5956
Ch1: 12.600977 7.104568 8.687000 23.093750 471 6455 6004
Ch1: 12.701038 8.644137 8.625000 23.093750 470 6453 6051
Ch1: 12.801854 9.586261 8.625000 23.093750 469 6450 6099
Ch1: 12.904937 8.782009 8.562000 23.093750 468 6452 6148
Ch1: 13.006655 9.770090 8.500000 23.125000 467 6449 6196
Ch1: 13.110389 9.816048 8.437000 23.093750 466 6448 6245
Ch1: 13.209400 8.368393 8.437000 23.125000 465 6451 6292
Ch1: 13.307193 8.873923 8.437000 23.125000 464 6456 6338
Ch1: 13.423689 9.379453 8.437000 23.156250 463 6453 6393
Ch1: 13.516193 10.436471 8.437000 23.156250 462 6453 6437
Ch1: 13.616337 10.091791 8.437000 23.156250 461 6447 6485
Ch1: 13.720134 10.114770 8.437000 23.125000 460 6453 6535
Ch1: 13.823784 8.965838 8.500000 23.125000 459 6449 6584
Ch1: 13.923550 9.976898 8.500000 23.156250 458 6455 6632
Ch1: 14.026486 11.424553 8.500000 23.187500 457 6456 6685
Ch1: 14.128898 10.413492 8.562000 23.156250 456 6452 6741
Ch1: 14.231750 10.114770 8.562000 23.218750 455 6458 6787
Ch1: 14.330593 9.839026 8.625000 23.187500 454 6452 6832
Ch1: 14.431031 9.862005 8.687000 23.218750 453 6456 6878
Ch1: 14.536570 11.999019 8.750000 23.187500 452 6459 6928
Ch1: 14.637785 11.562424 8.812000 23.187500 451 6449 6975
Ch1: 14.741455 11.148809 8.875000 23.156250 450 6450 7024
Ch1: 14.841495 12.458591 8.875000 23.187500 449 6457 7073
Ch1: 14.937609 11.171787 9.000000 23.156250 448 6457 7116
Ch1: 15.050515 11.378595 9.062000 23.187500 447 6459 7170
Ch1: 15.145055 12.826250 9.125000 23.218750 446 6459 7214
Ch1: 15.245368 12.964122 9.187000 23.218750 445 6452 7262
Ch1: 15.348933 11.608382 9.250000 23.218750 444 6458 7312
Ch1: 15.452205 13.814331 9.375000 23.187500 443 6459 7360
Ch1: 15.563558 10.919022 9.437000 23.218750 442 6452 7408
Ch1: 15.654362 15.422836 9.500000 23.156250 441 6456 7457
Ch1: 15.757193 14.664541 9.562000 23.156250 440 6461 7506
Ch1: 15.860507 14.159011 9.687000 23.187500 439 6461 7555
Ch1: 15.961113 13.814331 9.750000 23.156250 438 6455 7602
Ch1: 16.063378 14.434755 9.812000 23.187500 437 6458 7652
Ch1: 16.167384 14.411776 9.875000 23.156250 436 6445 7710
Ch1: 16.268746 14.296883 9.937000 23.156250 435 6455 7758
Ch1: 16.371388 15.307943 9.937000 23.218750 434 6451 7807
Ch1: 16.472687 14.503691 10.000000 23.187500 433 6459 7852
Ch1: 16.570208 14.434755 10.062000 23.125000 432 6450 7897
Ch1: 16.683240 14.756456 10.062000 23.156250 431 6461 7950
Ch1: 16.776080 15.170071 10.125000 23.156250 430 6451 7994
Ch1: 16.876896 14.411776 10.125000 23.187500 429 6452 8041
Ch1: 16.980566 16.158153 10.125000 23.156250 428 6461 8090
Ch1: 17.083964 14.434755 10.125000 23.156250 427 6450 8139
Ch1: 17.184549 17.238149 10.187000 23.156250 426 6460 8187
Ch1: 17.286751 16.158153 10.187000 23.156250 425 6458 8235
Ch1: 17.388469 15.330922 10.187000 23.156250 424 6455 8283
Ch1: 17.493001 17.192192 10.187000 23.125000 423 6459 8333
Ch1: 17.591760 17.996444 10.187000 23.156250 422 6453 8379
Ch1: 17.692996 18.042402 10.187000 23.187500 421 6453 8428
Ch1: 17.800885 18.203252 10.187000 23.156250 420 6462 8479
Ch1: 17.899938 18.088359 10.187000 23.125000 419 6455 8526
Ch1: 18.002454 18.869633 10.187000 23.125000 418 6450 8575
Ch1: 18.101486 18.823675 10.187000 23.125000 417 6462 8622
Ch1: 18.199972 18.387081 10.187000 23.156250 416 6458 8671
Ch1: 18.315419 19.329205 10.125000 23.156250 415 6447 8733
Ch1: 18.408531 19.444099 10.125000 23.125000 414 6454 8777
Ch1: 18.508844 20.248351 10.125000 23.156250 413 6461 8823
Ch1: 18.612514 19.283248 10.125000 23.156250 412 6450 8873
Ch1: 18.717339 20.409202 10.125000 23.125000 411 6453 8920
Ch1: 18.815973 22.431322 10.062000 23.125000 410 6464 8965
Ch1: 18.918090 21.052604 10.062000 23.125000 409 6461 9014
Ch1: 19.019431 21.121540 10.062000 23.125000 408 6453 9061
Ch1: 19.132778 19.375163 10.062000 23.156250 407 6455 9109
Ch1: 19.222679 21.879835 10.062000 23.125000 406 6462 9157
Ch1: 19.333361 19.949629 10.000000 23.156250 405 6464 9205
Ch1: 19.428320 23.350468 10.000000 23.187500 404 6465 9255
Ch1: 19.530228 23.649190 10.000000 23.156250 403 6454 9303
Ch1: 19.633752 23.166639 10.000000 23.156250 402 6456 9352
Ch1: 19.732259 22.844938 9.937000 23.218750 401 6459 9399
Ch1: 19.829087 24.384507 9.937000 23.156250 400 6454 9446
Ch1: 19.941573 24.246635 9.937000 23.187500 399 6453 9500
Ch1: 20.034581 25.188759 9.937000 23.187500 398 6465 9543
Ch1: 20.134599 24.315571 9.937000 23.250000 397 6454 9599
Ch1: 20.238459 24.062806 9.937000 23.218750 396 6462 9649
Ch1: 20.341143 27.256837 9.937000 23.218750 395 6457 9696
Ch1: 20.440280 27.233858 9.875000 23.250000 394 6462 9742
Ch1: 20.542481 28.084068 9.875000 23.250000 393 6464 9788
Ch1: 20.643549 28.175983 9.875000 23.250000 392 6467 9836
Ch1: 20.746401 28.773428 9.875000 23.250000 391 6463 9884
Ch1: 20.845412 29.049171 9.875000 23.281250 390 6459 9932
Ch1: 20.946060 30.519804 9.875000 23.312500 389 6464 9978
Ch1: 21.049962 31.071292 9.875000 23.281250 388 6457 10028
Ch1: 21.150799 31.645758 9.937000 23.312500 387 6466 10076
Ch1: 21.252896 32.427032 9.875000 23.281250 386 6461 10124
Ch1: 21.352935 32.725754 9.875000 23.312500 385 6461 10172
Ch1: 21.450456 31.094270 9.937000 23.343750 384 6458 10218
Ch1: 21.561746 33.231284 9.937000 23.312500 383 6464 10271
Ch1: 21.655383 34.908725 9.937000 23.343750 382 6467 10316
Ch1: 21.766757 31.347035 9.937000 23.312500 381 6459 10364
Ch1: 21.858568 37.252547 9.937000 23.312500 380 6467 10413
Ch1: 21.962596 37.091696 9.937000 23.343750 379 6465 10462
Ch1: 22.063139 38.539351 9.937000 23.343750 378 6462 10517
Ch1: 22.164165 39.044881 9.937000 23.312500 377 6458 10567
Ch1: 22.264960 39.642325 9.937000 23.343750 376 6469 10613
Ch1: 22.370016 36.034679 9.937000 23.343750 375 6461 10660
Ch1: 22.468670 39.688283 10.000000 23.343750 374 6463 10705
Ch1: 22.569927 41.825296 10.000000 23.375000 373 6468 10756
Ch1: 22.673346 41.595510 10.000000 23.343750 372 6459 10802
Ch1: 22.773469 42.583592 10.000000 23.343750 371 6471 10850
Ch1: 22.877896 41.411681 10.000000 23.312500 370 6470 10899
Ch1: 22.977893 41.710403 10.000000 23.343750 369 6460 10946
Ch1: 23.074280 43.043164 10.000000 23.343750 368 6463 10992
Ch1: 23.190503 46.214217 10.000000 23.375000 367 6470 11047
Ch1: 23.283700 45.570815 10.000000 23.343750 366 6465 11091
Ch1: 23.384768 46.719747 10.062000 23.312500 365 6471 11139
Ch1: 23.488417 46.191238 10.062000 23.312500 364 6473 11189
Ch1: 23.592109 47.156341 10.062000 23.312500 363 6464 11238
Ch1: 23.691687 49.362291 10.062000 23.312500 362 6464 11286
Ch1: 23.802452 46.857619 10.062000 23.343750 361 6474 11335
Ch1: 23.893361 50.005693 10.062000 23.343750 360 6457 11391
Ch1: 24.006771 48.236338 10.062000 23.343750 359 6470 11439
Ch1: 24.095958 50.878882 10.062000 23.343750 358 6474 11484
Ch1: 24.197131 52.349515 10.062000 23.312500 357 6475 11531
Ch1: 24.300550 53.521425 10.062000 23.312500 356 6473 11579
Ch1: 24.407915 53.705255 10.062000 23.281250 355 6466 11627
Ch1: 24.504365 56.462692 10.062000 23.281250 354 6478 11675
Ch1: 24.605769 56.807371 10.062000 23.312500 353 6477 11721
Ch1: 24.700288 58.415876 10.062000 23.281250 352 6472 11768
Ch1: 24.828580 54.762272 10.062000 23.343750 351 6472 11836
Ch1: 24.908784 59.955445 10.062000 23.343750 350 6467 11876
Ch1: 25.009516 59.840552 10.062000 23.343750 349 6471 11913
Ch1: 25.110290 64.068622 10.062000 23.343750 348 6481 11961
Ch1: 25.220132 65.516277 10.062000 23.312500 347 6475 12010
Ch1: 25.309403 71.260937 10.062000 23.281250 346 6475 12057
Ch1: 25.409170 76.316239 10.000000 23.312500 345 6478 12104
Ch1: 25.506732 81.808134 10.000000 23.312500 344 6480 12150
Ch1: 25.606646 90.264275 10.000000 23.281250 343 6483 12205
Ch1: 25.701564 96.146807 10.000000 23.281250 342 6493 12251
Ch1: 25.799798 101.294023 10.000000 23.312500 341 6489 12296
Ch1: 25.898452 110.163779 10.000000 23.343750 340 6498 12341
Ch1: 25.994650 117.861624 10.000000 23.281250 339 6505 12386
Ch1: 26.102939 126.892231 10.000000 23.281250 338 6503 12432
Ch1: 26.186585 139.438569 10.000000 23.250000 337 6510 12475
Ch1: 26.276969 148.078539 10.000000 23.281250 336 6516 12519
Ch1: 26.385236 166.070816 10.000000 23.312500 335 6524 12569
Ch1: 26.472514 175.951632 10.000000 23.250000 334 6516 12613
Ch1: 26.565626 189.509031 10.000000 23.281250 333 6527 12655
Ch1: 26.661048 204.491106 10.000000 23.250000 332 6534 12701
Ch1: 26.756574 218.714886 10.000000 23.218750 331 6538 12746
Ch1: 26.848427 234.478235 10.000000 23.250000 330 6550 12801
Ch1: 26.941750 251.114772 10.000000 23.281250 329 6556 12834
Ch1: 27.029846 269.474707 10.000000 23.281250 328 6569 12876
Ch1: 27.129592 287.627834 10.000000 23.250000 327 6569 12921
Ch1: 27.211306 308.492442 10.000000 23.281250 326 6586 12963
Ch1: 27.301187 328.231096 10.000000 23.250000 325 6594 13008
Ch1: 27.392410 351.071866 10.000000 23.250000 324 6591 13057
Ch1: 27.480401 375.176462 10.000000 23.281250 323 6610 13096
Ch1: 27.569924 397.672553 10.000000 23.312500 322 6624 13138
Ch1: 27.662491 420.949918 10.000000 23.281250 321 6633 13176
Ch1: 27.738980 448.340460 10.000000 23.281250 320 6650 13215
Ch1: 27.835157 474.628027 10.000000 23.281250 319 6649 13261
Ch1: 27.914920 500.892615 9.937000 23.312500 318 6673 13299
Ch1: 27.999154 529.386131 9.937000 23.281250 317 6674 13339
Ch1: 28.085507 561.441338 9.937000 23.312500 316 6695 13381
Ch1: 28.171336 590.762085 9.937000 23.343750 315 6714 13420
Ch1: 28.251645 625.459835 9.937000 23.343750 314 6723 13458
Ch1: 28.335648 659.192483 10.000000 23.375000 313 6739 13498
Ch1: 28.416670 690.719180 9.937000 23.375000 312 6746 13539
Ch1: 28.499309 731.827971 10.000000 23.375000 311 6760 13577
Ch1: 28.577476 765.422747 9.937000 23.375000 310 6786 13613
Ch1: 28.656190 809.587697 9.937000 23.406250 309 6794 13651
Ch1: 28.736204 851.408826 9.937000 23.406250 308 6819 13689
Ch1: 28.814582 890.679326 10.000000 23.406250 307 6840 13728
Ch1: 28.893232 935.464701 9.937000 23.406250 306 6861 13765
Ch1: 28.968797 978.710506 9.937000 23.437500 305 6868 13804
Ch1: 29.043333 1022.117161 9.937000 23.437500 304 6891 13844
Ch1: 29.128658 1078.391856 9.937000 23.468750 303 6918 13877
Ch1: 29.194253 1123.636803 9.937000 23.437500 302 6924 13914
Ch1: 29.268831 1173.615351 9.937000 23.437500 301 6965 13947
Ch1: 29.343242 1227.270481 9.937000 23.468750 300 6989 13984
Ch1: 29.416120 1282.694966 9.937000 23.468750 299 7015 14016
Ch1: 29.483162 1340.141572 10.000000 23.437500 298 7032 14046
Ch1: 29.552115 1402.069014 10.000000 23.500000 297 7066 14077
Ch1: 29.619662 1462.755608 9.937000 23.500000 296 7091 14108
Ch1: 29.695038 1528.129846 10.000000 23.500000 295 7117 14142
Ch1: 29.752866 1586.748363 10.000000 23.500000 294 7136 14174
Ch1: 29.817663 1654.994931 10.000000 23.500000 293 7172 14206
Ch1: 29.885650 1721.908738 10.000000 23.531250 292 7199 14239
Ch1: 29.947802 1798.174852 10.000000 23.500000 291 7232 14267
Ch1: 30.011549 1867.593331 10.000000 23.531250 290 7265 14298
Ch1: 30.076199 1935.403304 10.000000 23.562500 289 7294 14328
Ch1: 30.132159 2009.532405 10.000000 23.500000 288 7318 14356
Ch1: 30.199034 2095.058912 10.000000 23.500000 287 7354 14388
Ch1: 30.253357 2171.210133 10.000000 23.531250 286 7392 14413
Ch1: 30.309254 2250.877086 10.000000 23.531250 285 7430 14437
Ch1: 30.367774 2345.020584 10.000000 23.531250 284 7467 14464
Ch1: 30.424007 2428.249227 10.000000 23.500000 283 7504 14494
Ch1: 30.476903 2514.051478 10.000000 23.500000 282 7550 14523
Ch1: 30.530050 2603.300525 10.000000 23.562500 281 7580 14547
Ch1: 30.582693 2694.158077 10.000000 23.562500 280 7626 14572
Ch1: 30.636785 2787.428387 10.000000 23.531250 279 7651 14600
Ch1: 30.688400 2881.411035 10.000000 23.468750 278 7715 14617
Ch1: 30.736216 2979.024308 10.000000 23.500000 277 7757 14641
Ch1: 30.786172 3081.026501 10.000000 23.500000 276 7797 14667
Ch1: 30.832582 3184.292520 10.000000 23.531250 275 7827 14691
Ch1: 30.880733 3291.189165 10.000000 23.500000 274 7880 14710
Ch1: 30.928108 3392.019448 10.062000 23.500000 273 7927 14733
Ch1: 30.971411 3489.448892 10.000000 23.531250 272 7968 14755
Ch1: 31.020759 3614.751429 10.000000 23.531250 271 8022 14776
Ch1: 31.058856 3719.028508 10.000000 23.531250 270 8077 14795
Ch1: 31.105182 3830.222159 10.000000 23.531250 269 8114 14820
Ch1: 31.145735 3945.138350 10.000000 23.500000 268 8158 14838
Ch1: 31.184861 4068.579617 10.000000 23.500000 267 8220 14856
Ch1: 31.224931 4181.910282 10.000000 23.500000 266 8276 14874
Ch1: 31.260950 4306.500481 10.000000 23.500000 265 8335 14891
Ch1: 31.299174 4425.323041 10.000000 23.500000 264 8370 14917
Ch1: 31.337691 4550.717492 10.000000 23.500000 263 8426 14927
Ch1: 31.366825 4684.361277 10.000000 23.500000 262 8483 14947
Ch1: 31.406958 4802.264691 10.000000 23.500000 261 8549 14962
Ch1: 31.444699 4928.785096 10.000000 23.531250 260 8608 14980
Ch1: 31.480235 5053.306360 10.000000 23.531250 259 8645 14997
Ch1: 31.513463 5188.007162 10.000000 23.531250 258 8712 15010
Ch1: 31.544633 5320.295206 10.000000 23.500000 257 8780 15022
Ch1: 31.575069 5449.021561 10.000000 23.500000 256 8826 15037
Ch1: 31.605337 5613.387790 10.000000 23.531250 255 8903 15054
Ch1: 31.626537 5752.983043 10.000000 23.531250 254 8952 15064
Ch1: 31.657393 5889.568094 10.000000 23.468750 253 8996 15082
Ch1: 31.692341 6021.971031 10.000000 23.531250 252 9066 15099
Ch1: 31.721308 6164.783294 10.000000 23.500000 251 9129 15115
Ch1: 31.751975 6298.955587 10.000000 23.500000 250 9197 15127
Ch1: 31.777583 6444.892945 10.000000 23.500000 249 9257 15139
Ch1: 31.804198 6584.603091 10.000000 23.468750 248 9308 15150
Ch1: 31.829911 6739.410205 10.000000 23.500000 247 9385 15160
Ch1: 31.848635 6891.597754 10.000000 23.468750 246 9440 15171
Ch1: 31.874033 7037.764899 10.000000 23.468750 245 9516 15186
Ch1: 31.896324 7191.009465 10.000000 23.500000 244 9576 15200
Ch1: 31.926194 7333.385133 10.000000 23.468750 243 9632 15213
Ch1: 31.948212 7490.306283 10.000000 23.500000 242 9720 15219
Ch1: 31.970735 7645.205311 10.000000 23.500000 241 9777 15231
Ch1: 31.991746 7786.707791 10.000000 23.500000 240 9843 15244
Ch1: 32.017963 7960.931858 10.000000 23.468750 239 9928 15252
Ch1: 32.042123 8100.894769 10.000000 23.500000 238 9984 15265
Ch1: 32.059691 8257.195495 10.000000 23.531250 237 10037 15274
Ch1: 32.079107 8418.114928 10.000000 23.531250 236 10107 15288
Ch1: 32.104799 8575.105013 9.937000 23.500000 235 10180 15291
Ch1: 32.064015 8255.127417 10.000000 23.531250 237 10017 15279
Ch1: 32.047223 8095.242023 9.937000 23.531250 238 9976 15267
Ch1: 32.024575 7955.922514 9.937000 23.562500 239 9910 15257
Ch1: 31.998715 7783.789504 9.937000 23.562500 240 9831 15246
Ch1: 31.975017 7643.872550 9.937000 23.562500 241 9776 15238
Ch1: 31.950605 7495.522434 10.000000 23.593750 242 9708 15220
Ch1: 31.922520 7347.057426 10.000000 23.593750 243 9640 15210
Ch1: 31.898465 7200.131986 9.937000 23.593750 244 9590 15196
Ch1: 31.875586 7042.337648 9.937000 23.593750 245 9525 15189
Ch1: 31.852623 6887.783299 10.000000 23.593750 246 9431 15179
Ch1: 31.827183 6745.476567 9.937000 23.593750 247 9388 15163
Ch1: 31.800042 6599.631123 9.937000 23.625000 248 9320 15151
Ch1: 31.768032 6469.480093 10.000000 23.625000 249 9259 15136
Ch1: 31.739108 6328.000591 9.937000 23.593750 250 9194 15124
Ch1: 31.717887 6174.503260 10.000000 23.625000 251 9125 15108
Ch1: 31.684323 6041.985429 9.937000 23.625000 252 9084 15092
Ch1: 31.657015 5894.738288 9.937000 23.656250 253 9009 15078
Ch1: 31.623577 5761.508119 9.937000 23.656250 254 8954 15062
Ch1: 31.595681 5633.608996 9.937000 23.656250 255 8901 15048
Ch1: 31.558571 5480.180600 9.937000 23.687500 256 8838 15034
Ch1: 31.530360 5349.891698 9.937000 23.718750 257 8783 15023
Ch1: 31.494844 5226.910003 9.937000 23.656250 258 8719 15005
Ch1: 31.461512 5092.622817 9.937000 23.687500 259 8666 14988
Ch1: 31.424086 4970.054738 10.000000 23.656250 260 8607 14971
Ch1: 31.389641 4838.042437 10.000000 23.687500 261 8564 14960
Ch1: 31.356729 4706.742475 10.000000 23.718750 262 8498 14940
Ch1: 31.321423 4583.048442 10.000000 23.718750 263 8454 14921
Ch1: 31.282339 4455.746763 10.000000 23.718750 264 8378 14906
Ch1: 31.243885 4340.210149 10.000000 23.718750 265 8347 14885
Ch1: 31.201695 4226.282040 10.000000 23.718750 266 8286 14865
Ch1: 31.160701 4114.031372 10.000000 23.718750 267 8235 14841
Ch1: 31.119707 3997.345826 10.000000 23.718750 268 8192 14828
Ch1: 31.078021 3876.845825 10.000000 23.718750 269 8139 14804
Ch1: 31.035599 3764.020690 10.000000 23.687500 270 8083 14785
Ch1: 30.998237 3656.457665 10.000000 23.718750 271 8035 14765
Ch1: 30.947419 3540.852115 10.000000 23.718750 272 7993 14739
Ch1: 30.901220 3439.952896 10.000000 23.718750 273 7941 14722
Ch1: 30.858631 3333.148166 10.000000 23.718750 274 7898 14700
Ch1: 30.810332 3228.710236 10.000000 23.750000 275 7854 14674
Ch1: 30.764133 3122.939545 10.000000 23.687500 276 7811 14652
Ch1: 30.711027 3027.463286 10.000000 23.781250 277 7771 14629
Ch1: 30.663380 2922.979399 10.000000 23.718750 278 7715 14603
Ch1: 30.614430 2830.260577 10.000000 23.687500 279 7670 14588
Ch1: 30.562165 2734.623467 10.000000 23.687500 280 7639 14559
Ch1: 30.508367 2646.868031 10.000000 23.687500 281 7606 14533
Ch1: 30.448188 2569.016391 10.000000 23.687500 282 7566 14514
Ch1: 30.398210 2474.114598 10.062000 23.687500 283 7532 14482
Ch1: 30.339459 2388.771920 10.000000 23.687500 284 7490 14459
Ch1: 30.283813 2298.190111 10.000000 23.687500 285 7447 14428
Ch1: 30.225775 2221.464424 10.000000 23.718750 286 7425 14400
Ch1: 30.172649 2144.118314 10.000000 23.718750 287 7382 14376
Ch1: 30.103612 2065.140720 10.000000 23.687500 288 7342 14343
Ch1: 30.046498 1985.979296 10.000000 23.718750 289 7307 14315
Ch1: 29.985941 1914.469761 10.000000 23.718750 290 7287 14284
Ch1: 29.921942 1841.420657 10.000000 23.687500 291 7248 14255
Ch1: 29.858740 1772.277922 10.000000 23.718750 292 7216 14225
Ch1: 29.794237 1696.976911 10.000000 23.718750 293 7188 14194
Ch1: 29.729336 1630.752463 10.000000 23.687500 294 7154 14163
Ch1: 29.664938 1567.308431 10.000000 23.687500 295 7122 14131
Ch1: 29.593739 1507.196303 10.000000 23.687500 296 7096 14100
Ch1: 29.524030 1447.222046 10.000000 23.687500 297 7077 14063
Ch1: 29.453734 1392.532877 10.000000 23.718750 298 7048 14031
Ch1: 29.385075 1334.282018 10.000000 23.718750 299 7026 13998
Ch1: 29.312953 1274.790313 10.000000 23.750000 300 7000 13965
Ch1: 29.239487 1220.928375 10.000000 23.687500 301 6982 13927
Ch1: 29.167511 1169.984725 10.000000 23.687500 302 6960 13892
Ch1: 29.097719 1126.003604 10.000000 23.718750 303 6940 13859
Ch1: 29.013002 1072.555281 10.000000 23.718750 304 6903 13826
Ch1: 28.941552 1026.804804 10.000000 23.687500 305 6896 13792
Ch1: 28.865399 982.846661 10.000000 23.687500 306 6874 13757
Ch1: 28.787756 936.314910 10.000000 23.687500 307 6862 13716
Ch1: 28.709568 895.298034 10.000000 23.750000 308 6843 13675
Ch1: 28.628503 851.431805 9.937000 23.718750 309 6820 13639
Ch1: 28.550861 811.334074 10.000000 23.750000 310 6801 13601
Ch1: 28.471308 774.085695 10.000000 23.687500 311 6781 13563
Ch1: 28.388501 736.745401 10.000000 23.718750 312 6764 13524
Ch1: 28.308402 698.692769 10.000000 23.718750 313 6754 13486
Ch1: 28.226247 662.179706 10.000000 23.687500 314 6737 13447
Ch1: 28.144532 631.618112 9.937000 23.687500 315 6726 13408
Ch1: 28.059773 596.414831 9.937000 23.687500 316 6708 13367
Ch1: 27.973273 566.106002 10.000000 23.687500 317 6692 13324
Ch1: 27.890277 534.487390 10.000000 23.718750 318 6684 13285
Ch1: 27.810955 510.153008 9.937000 23.687500 319 6672 13249
Ch1: 27.716877 477.661207 10.000000 23.718750 320 6656 13205
Ch1: 27.633021 453.763419 9.937000 23.718750 321 6645 13159
Ch1: 27.545975 429.635845 9.937000 23.687500 322 6636 13122
Ch1: 27.456136 407.966985 9.937000 23.718750 323 6631 13077
Ch1: 27.367726 384.758556 9.937000 23.687500 324 6618 13037
Ch1: 27.283660 356.885463 9.937000 23.718750 325 6607 12997
Ch1: 27.192016 339.260844 9.937000 23.718750 326 6596 12959
Ch1: 27.101108 318.350279 9.937000 23.718750 327 6583 12915
Ch1: 27.015300 295.831210 9.937000 23.781250 328 6586 12868
Ch1: 26.918115 279.861053 9.937000 23.781250 329 6570 12823
Ch1: 26.825191 263.224516 9.937000 23.750000 330 6566 12779
Ch1: 26.732184 248.793929 9.937000 23.750000 331 6550 12735
Ch1: 26.639722 229.652720 9.937000 23.718750 332 6552 12689
Ch1: 26.546882 213.452777 9.937000 23.750000 333 6536 12646
Ch1: 26.460906 195.023906 9.937000 23.750000 334 6537 12600
Ch1: 26.367290 186.062235 9.937000 23.750000 335 6524 12560
Ch1: 26.264437 170.298886 9.937000 23.812500 336 6528 12507
Ch1: 26.167274 159.889561 9.937000 23.781250 337 6514 12464
Ch1: 26.072083 150.583211 9.937000 23.812500 338 6517 12418
Ch1: 25.975129 139.484527 9.937000 23.843750 339 6511 12372
Ch1: 25.878700 129.580732 9.937000 23.812500 340 6508 12327
Ch1: 25.779479 121.859908 9.937000 23.812500 341 6501 12280
Ch1: 25.682609 116.666735 9.937000 23.812500 342 6495 12233
Ch1: 25.586705 109.842078 9.937000 23.718750 343 6500 12193
Ch1: 25.486120 104.051460 9.937000 23.812500 344 6496 12148
Ch1: 25.387655 98.168928 9.937000 23.812500 345 6488 12098
Ch1: 25.288329 92.906819 9.937000 23.812500 346 6484 12050
Ch1: 25.189297 88.104282 9.937000 23.812500 347 6485 12000
Ch1: 25.087075 86.863436 9.937000 23.843750 348 6483 11951
Ch1: 24.984873 85.852375 9.937000 23.812500 349 6484 11902
Ch1: 24.884099 81.647284 9.937000 23.812500 350 6481 11854
Ch1: 24.791490 83.048981 10.000000 23.875000 351 6485 11809
Ch1: 24.679109 78.843889 9.937000 23.812500 352 6478 11755
Ch1: 24.581546 78.935804 10.000000 23.875000 353 6482 11710
Ch1: 24.491981 72.639656 10.000000 23.843750 354 6476 11662
Ch1: 24.380670 72.915400 10.000000 23.781250 355 6477 11612
Ch1: 24.279791 73.742631 10.000000 23.812500 356 6479 11565
Ch1: 24.176477 70.203920 10.000000 23.812500 357 6484 11516
Ch1: 24.076165 70.226898 10.000000 23.843750 358 6477 11467
Ch1: 23.977888 69.744347 10.000000 23.875000 359 6475 11421
Ch1: 23.875141 67.285632 10.000000 23.812500 360 6481 11372
Ch1: 23.774220 66.090743 10.000000 23.812500 361 6473 11324
Ch1: 23.673215 65.056704 10.000000 23.812500 362 6478 11276
Ch1: 23.574141 64.160537 10.000000 23.875000 363 6472 11234
Ch1: 23.471184 63.310327 10.000000 23.875000 364 6473 11188
Ch1: 23.368248 59.909488 10.000000 23.812500 365 6470 11138
Ch1: 23.267516 59.863531 10.000000 23.812500 366 6479 11086
Ch1: 23.173354 57.152051 10.000000 23.781250 367 6469 11042
Ch1: 23.057614 58.507791 10.000000 23.875000 368 6479 10985
Ch1: 22.959821 57.496731 10.000000 23.843750 369 6479 10937
Ch1: 22.861083 54.532486 10.000000 23.812500 370 6476 10889
Ch1: 22.756803 55.727375 10.000000 23.812500 371 6473 10840
Ch1: 22.657414 52.418451 10.000000 23.812500 372 6477 10792
Ch1: 22.553702 51.683134 10.000000 23.812500 373 6466 10743
Ch1: 22.452487 51.062711 10.000000 23.812500 374 6468 10694
Ch1: 22.353350 50.419309 10.000000 23.843750 375 6466 10647
Ch1: 22.250603 49.201441 10.000000 23.843750 376 6475 10598
Ch1: 22.150312 46.145281 10.000000 23.812500 377 6463 10550
Ch1: 22.049055 46.191238 10.000000 23.812500 378 6469 10501
Ch1: 21.949960 45.455922 10.000000 23.781250 379 6474 10454
Ch1: 21.861276 36.379358 10.000000 23.781250 380 6474 10409
Ch1: 21.742115 45.203157 10.000000 23.781250 381 6467 10356
Ch1: 21.642201 43.479759 10.000000 23.812500 382 6462 10307
Ch1: 21.549781 43.318908 10.000000 23.750000 383 6463 10263
Ch1: 21.437211 41.641467 10.000000 23.781250 384 6466 10211
Ch1: 21.339753 41.365724 10.000000 23.812500 385 6470 10163
Ch1: 21.240134 40.745300 10.000000 23.781250 386 6455 10122
Ch1: 21.136547 39.320624 10.000000 23.750000 387 6460 10076
Ch1: 21.036591 37.643184 10.000000 23.750000 388 6461 10027
Ch1: 20.932900 38.998923 10.000000 23.750000 389 6466 9975
Ch1: 20.831748 37.528290 10.000000 23.750000 390 6463 9925
Ch1: 20.731981 36.494251 10.000000 23.750000 391 6471 9876
Ch1: 20.628898 36.011700 10.000000 23.781250 392 6465 9827
Ch1: 20.528838 35.460212 10.000000 23.750000 393 6460 9779
Ch1: 20.427497 36.609145 10.000000 23.781250 394 6468 9730
Ch1: 20.327458 33.507028 10.000000 23.718750 395 6457 9682
Ch1: 20.224333 34.472131 10.000000 23.750000 396 6467 9633
Ch1: 20.119654 33.644900 10.000000 23.781250 397 6460 9583
Ch1: 20.018964 32.128309 10.000000 23.750000 398 6458 9534
Ch1: 19.925537 32.174267 10.000000 23.750000 399 6466 9490
Ch1: 19.815275 31.530865 9.937000 23.750000 400 6462 9453
Ch1: 19.722750 28.589598 9.937000 23.750000 401 6460 9390
Ch1: 19.617631 29.095129 9.937000 23.781250 402 6455 9343
Ch1: 19.513897 29.807466 9.937000 23.750000 403 6460 9293
Ch1: 19.412137 28.773428 10.000000 23.750000 404 6459 9245
Ch1: 19.307606 28.566620 10.000000 23.812500 405 6456 9201
Ch1: 19.206076 26.176841 9.937000 23.718750 406 6458 9157
Ch1: 19.106918 26.153862 10.000000 23.781250 407 6455 9109
Ch1: 19.005283 26.360670 9.937000 23.781250 408 6461 9059
Ch1: 18.903922 26.084926 9.937000 23.781250 409 6456 9007
Ch1: 18.803315 26.176841 9.937000 23.750000 410 6460 8961
Ch1: 18.702206 25.533439 9.937000 23.750000 411 6456 8910
Ch1: 18.598199 26.912158 9.937000 23.812500 412 6454 8859
Ch1: 18.494297 24.407485 9.937000 23.781250 413 6465 8809
Ch1: 18.392012 23.396425 9.937000 23.812500 414 6456 8759
Ch1: 18.300327 23.005788 9.937000 23.812500 415 6457 8716
Ch1: 18.186392 21.144518 9.937000 23.781250 416 6457 8661
Ch1: 18.088346 21.741963 9.937000 23.781250 417 6457 8615
Ch1: 17.987467 21.443241 9.937000 23.812500 418 6453 8567
Ch1: 17.884468 20.684945 9.937000 23.812500 419 6461 8517
Ch1: 17.783212 20.753881 9.937000 23.781250 420 6458 8469
Ch1: 17.679121 21.856856 9.937000 23.750000 421 6461 8420
Ch1: 17.577612 20.294308 9.937000 23.812500 422 6455 8371
Ch1: 17.476985 19.490056 9.937000 23.875000 423 6454 8323
Ch1: 17.373356 19.030483 9.937000 23.812500 424 6461 8274
Ch1: 17.272268 17.927508 9.937000 23.781250 425 6458 8227
Ch1: 17.169541 18.547932 9.937000 23.843750 426 6447 8185
Ch1: 17.068599 16.847512 9.937000 23.875000 427 6462 8138
Ch1: 16.965978 18.272188 9.937000 23.843750 428 6452 8087
Ch1: 16.862412 17.215170 9.937000 23.843750 429 6460 8036
Ch1: 16.760568 17.559850 9.937000 23.843750 430 6454 7986
Ch1: 16.668043 16.089217 9.937000 23.875000 431 6460 7940
Ch1: 16.554906 16.387939 9.937000 23.906250 432 6459 7887
Ch1: 16.457364 14.273904 9.937000 23.875000 433 6450 7839
Ch1: 16.356107 15.790495 9.937000 23.906250 434 6451 7790
Ch1: 16.252730 15.974324 9.937000 23.906250 435 6452 7741
Ch1: 16.150109 15.997302 9.937000 23.937500 436 6449 7692
Ch1: 16.046082 14.388797 9.937000 23.906250 437 6450 7642
Ch1: 15.944300 13.906246 9.937000 23.875000 438 6459 7593
Ch1: 15.843925 14.779434 10.000000 23.875000 439 6459 7545
Ch1: 15.741073 13.929225 10.000000 23.906250 440 6457 7496
Ch1: 15.640215 13.079015 10.000000 23.875000 441 6453 7448
Ch1: 15.537824 14.733477 10.000000 23.875000 442 6454 7400
Ch1: 15.437197 13.216887 10.000000 23.906250 443 6452 7351
Ch1: 15.333505 13.630502 10.000000 23.906250 444 6448 7302
Ch1: 15.229856 11.700296 10.000000 23.875000 445 6458 7253
Ch1: 15.128410 12.159869 10.000000 23.875000 446 6452 7205
Ch1: 15.036557 12.044976 10.000000 23.906250 447 6439 7169
Ch1: 14.921362 12.067954 10.000000 23.906250 448 6448 7115
Ch1: 14.821743 12.297741 10.000000 23.906250 449 6455 7065
Ch1: 14.722396 10.987958 10.000000 23.906250 450 6454 7016
Ch1: 14.619649 11.723275 10.000000 23.906250 451 6455 6965
Ch1: 14.520281 10.919022 10.000000 23.812500 452 6449 6916
Ch1: 14.413840 10.413492 10.000000 23.875000 453 6452 6865
Ch1: 14.311995 9.241581 10.000000 23.906250 454 6455 6816
Ch1: 14.213530 10.321578 10.000000 23.968750 455 6456 6769
Ch1: 14.109566 8.713073 10.000000 23.906250 456 6448 6720
Ch1: 14.009547 9.425411 10.000000 23.968750 457 6455 6671
Ch1: 13.907157 8.575201 10.000000 23.968750 458 6452 6622
Ch1: 13.806152 10.206684 10.000000 23.906250 459 6455 6574
Ch1: 13.702040 8.919880 10.000000 23.906250 460 6457 6524
Ch1: 13.597509 8.184564 10.000000 23.906250 461 6457 6475
Ch1: 13.497596 7.564141 10.000000 23.906250 462 6450 6428
Ch1: 13.405427 8.253500 10.000000 23.875000 463 6450 6384
Ch1: 13.288365 8.713073 10.000000 23.906250 464 6450 6327
Ch1: 13.190362 8.552222 10.000000 23.937500 465 6455 6281
Ch1: 13.091330 8.253500 10.000000 23.906250 466 6449 6234
Ch1: 12.987722 8.138607 10.000000 23.906250 467 6441 6191
Ch1: 12.885416 7.035632 10.000000 23.906250 468 6450 6146
Ch1: 12.781430 8.598179 10.000000 23.906250 469 6454 6095
Ch1: 12.681034 8.161585 10.000000 23.906250 470 6446 6043
Ch1: 12.580575 8.046692 10.000000 23.937500 471 6454 5995
Ch1: 12.477618 7.633077 10.000000 23.937500 472 6455 5944
Ch1: 12.375878 7.633077 10.000000 23.906250 473 6448 5895
Ch1: 12.273677 7.633077 10.000000 23.937500 474 6454 5846
Ch1: 12.173448 7.633077 10.000000 23.875000 475 6454 5797
Ch1: 12.069778 8.069671 10.000000 23.906250 476 6453 5747
Ch1: 11.966862 7.012653 10.000000 23.875000 477 6454 5698
Ch1: 11.864577 7.679034 10.000000 23.875000 478 6457 5649
Ch1: 11.772409 6.736909 10.000000 23.875000 479 6446 5605
Ch1: 11.658894 7.334354 10.000000 23.875000 480 6452 5552
Ch1: 11.561100 8.184564 10.000000 23.875000 481 6448 5505
Ch1: 11.461418 7.288397 10.000000 23.875000 482 6452 5458
Ch1: 11.357201 5.587977 10.000000 23.906250 483 6447 5407
Ch1: 11.256196 5.771806 10.000000 23.843750 484 6448 5360
Ch1: 11.151308 6.851803 10.000000 23.843750 485 6447 5309
Ch1: 11.050261 6.139465 10.000000 23.875000 486 6455 5261
Ch1: 10.950999 7.288397 10.000000 23.781250 487 6458 5214
