Ch1: 14.113701 2.279053 -23.875000 25.093750 454 6446 6813
Ch1: 14.380549 -5.786451 -23.813000 25.093750 453 6443 6854
Ch1: 14.485060 0.073103 -23.813000 25.093750 452 6445 6899
Ch1: 14.598869 -4.177946 -23.813000 25.093750 451 6452 6947
Ch1: 14.692380 2.393946 -23.813000 25.125000 450 6447 7000
Ch1: 14.795022 -2.638377 -23.750000 25.125000 449 6453 7053
Ch1: 14.890297 5.013511 -23.813000 25.062500 448 6455 7092
Ch1: 15.005134 -4.522625 -23.750000 25.093750 447 6452 7148
Ch1: 15.099171 4.347131 -23.750000 25.093750 446 6446 7192
Ch1: 15.201036 -5.602622 -23.688000 25.093750 445 6445 7240
Ch1: 15.303888 -3.396672 -23.750000 25.093750 444 6452 7291
Ch1: 15.408105 -3.626458 -23.688000 25.093750 443 6443 7339
Ch1: 15.508606 5.335212 -23.688000 25.093750 442 6454 7389
Ch1: 15.610534 8.345414 -23.688000 25.093750 441 6451 7437
Ch1: 15.712379 -5.786451 -23.688000 25.125000 440 6445 7488
Ch1: 15.815588 10.413492 -23.688000 25.093750 439 6452 7537
Ch1: 15.929082 -1.765188 -23.688000 25.125000 438 6453 7586
Ch1: 16.017073 6.989675 -23.625000 25.093750 437 6447 7636
Ch1: 16.122129 8.667115 -23.625000 25.062500 436 6453 7690
Ch1: 16.224582 3.680750 -23.625000 25.062500 435 6433 7738
Ch1: 16.327602 5.404148 -23.625000 25.062500 434 6447 7782
Ch1: 16.431126 -2.270718 -23.625000 25.062500 433 6445 7825
Ch1: 16.526212 -4.338796 -23.625000 25.062500 432 6449 7871
Ch1: 16.639979 8.598179 -23.625000 25.062500 431 6452 7926
Ch1: 16.733323 -5.901344 -23.625000 25.062500 430 6452 7970
Ch1: 16.833068 2.715647 -23.625000 25.062500 429 6450 8018
Ch1: 16.936550 1.245014 -23.625000 25.062500 428 6447 8068
Ch1: 17.040808 12.987100 -23.625000 25.031250 427 6456 8116
Ch1: 17.140911 -2.661355 -23.625000 25.031250 426 6447 8166
Ch1: 17.244497 -0.386470 -23.625000 25.031250 425 6452 8215
Ch1: 17.345754 -6.567725 -23.625000 25.000000 424 6445 8264
Ch1: 17.449509 1.658629 -23.625000 25.031250 423 6451 8313
Ch1: 17.549590 0.647569 -23.625000 25.031250 422 6449 8360
Ch1: 17.650742 -1.535402 -23.625000 25.062500 421 6449 8410
Ch1: 17.755106 -1.558380 -23.625000 25.031250 420 6444 8460
Ch1: 17.857013 2.577775 -23.625000 25.031250 419 6448 8509
Ch1: 17.960033 6.139465 -23.625000 25.031250 418 6454 8559
Ch1: 18.061353 2.370967 -23.625000 25.031250 417 6449 8609
Ch1: 18.159587 0.509697 -23.625000 25.031250 416 6443 8659
Ch1: 18.281477 7.472226 -23.625000 25.031250 415 6441 8714
Ch1: 18.365522 -1.650295 -23.625000 25.031250 414 6445 8753
Ch1: 18.474567 -6.200066 -23.688000 25.000000 413 6449 8813
Ch1: 18.572318 1.681608 -23.625000 25.031250 412 6454 8846
Ch1: 18.674142 12.504549 -23.688000 25.000000 411 6446 8895
Ch1: 18.775105 8.000735 -23.688000 25.000000 410 6450 8944
Ch1: 18.877180 1.612672 -23.688000 25.000000 409 6448 8992
Ch1: 18.979004 6.622016 -23.688000 25.000000 408 6454 9040
Ch1: 19.082066 14.136032 -23.688000 24.968750 407 6456 9091
Ch1: 19.181643 12.665399 -23.688000 24.968750 406 6457 9136
Ch1: 19.282144 16.204110 -23.688000 25.000000 405 6450 9186
Ch1: 19.388040 16.893469 -23.688000 24.937500 404 6457 9236
Ch1: 19.489276 11.631360 -23.688000 24.968750 403 6454 9285
Ch1: 19.592401 4.071387 -23.750000 24.968750 402 6452 9333
Ch1: 19.692713 4.232237 -23.688000 24.937500 401 6450 9383
Ch1: 19.790864 13.745395 -23.750000 24.937500 400 6450 9430
Ch1: 19.902930 15.997302 -23.750000 24.968750 399 6455 9485
Ch1: 19.996379 13.331780 -23.750000 24.937500 398 6457 9532
Ch1: 20.098475 10.229663 -23.750000 24.937500 397 6454 9581
Ch1: 20.202104 2.485861 -23.750000 24.968750 396 6443 9633
Ch1: 20.306173 9.011795 -23.750000 24.906250 395 6449 9678
Ch1: 20.406318 19.122398 -23.813000 24.937500 394 6453 9721
Ch1: 20.508540 13.975182 -23.750000 24.906250 393 6451 9769
Ch1: 20.610448 18.984526 -23.813000 24.906250 392 6458 9817
Ch1: 20.713825 13.561566 -23.813000 24.906250 391 6459 9867
Ch1: 20.812731 9.241581 -23.813000 24.875000 390 6454 9914
Ch1: 20.914701 2.853519 -23.813000 24.875000 389 6452 9963
Ch1: 21.019211 4.117344 -23.813000 24.843750 388 6455 10014
Ch1: 21.129179 16.548790 -23.813000 24.875000 387 6457 10062
Ch1: 21.224391 14.113054 -23.875000 24.906250 386 6452 10111
Ch1: 21.325375 17.100277 -23.875000 24.875000 385 6456 10159
Ch1: 21.421405 25.326631 -23.875000 24.843750 384 6459 10206
Ch1: 21.534752 21.535155 -23.875000 24.812500 383 6459 10261
Ch1: 21.628327 23.281532 -23.875000 24.843750 382 6460 10305
Ch1: 21.728513 20.501116 -23.875000 24.812500 381 6460 10354
Ch1: 21.833800 25.855140 -23.875000 24.812500 380 6458 10407
Ch1: 21.937534 26.199820 -23.938000 24.781250 379 6460 10459
Ch1: 22.038791 22.867916 -23.938000 24.812500 378 6440 10507
Ch1: 22.140005 9.563282 -23.875000 24.812500 377 6454 10546
Ch1: 22.240192 16.204110 -23.938000 24.781250 376 6454 10594
Ch1: 22.343841 26.728328 -23.938000 24.812500 375 6460 10644
Ch1: 22.443545 20.225373 -23.938000 24.781250 374 6461 10692
Ch1: 22.545683 30.473847 -23.938000 24.750000 373 6461 10739
Ch1: 22.649690 29.164064 -23.938000 24.750000 372 6458 10803
Ch1: 22.757811 24.981952 -23.938000 24.750000 371 6455 10838
Ch1: 22.854177 30.956399 -23.938000 24.750000 370 6460 10887
Ch1: 22.953607 28.198961 -23.938000 24.718750 369 6455 10936
Ch1: 23.057761 20.638988 -24.000000 24.718750 368 6462 10981
Ch1: 23.168631 25.027909 -24.000000 24.750000 367 6454 11038
Ch1: 23.263549 27.073008 -24.000000 24.687500 366 6455 11084
Ch1: 23.364743 24.752165 -24.000000 24.718750 365 6463 11132
Ch1: 23.468708 25.878119 -24.000000 24.687500 364 6464 11183
Ch1: 23.572357 23.787062 -24.000000 24.687500 363 6457 11235
Ch1: 23.672544 31.278100 -24.063000 24.687500 362 6463 11284
Ch1: 23.773779 33.070434 -24.000000 24.687500 361 6460 11333
Ch1: 23.874596 25.901097 -24.000000 24.656250 360 6446 11380
Ch1: 23.978791 26.843222 -24.000000 24.656250 359 6461 11423
Ch1: 24.077823 30.565762 -24.063000 24.625000 358 6461 11470
Ch1: 24.179500 29.210022 -24.063000 24.625000 357 6460 11520
Ch1: 24.283590 27.532581 -24.063000 24.656250 356 6457 11568
Ch1: 24.384763 32.151288 -24.063000 24.625000 355 6467 11616
Ch1: 24.488308 31.347035 -24.063000 24.625000 354 6461 11665
Ch1: 24.588095 33.484049 -24.063000 24.625000 353 6463 11714
Ch1: 24.685448 30.106189 -24.063000 24.593750 352 6459 11760
Ch1: 24.797683 32.518946 -24.063000 24.625000 351 6468 11813
Ch1: 24.891068 34.449152 -24.125000 24.593750 350 6463 11859
Ch1: 24.991108 39.665304 -24.063000 24.593750 349 6460 11906
Ch1: 25.094170 36.724038 -24.125000 24.593750 348 6467 11956
Ch1: 25.197693 38.815094 -24.125000 24.593750 347 6470 12006
Ch1: 25.298635 39.573389 -24.125000 24.718750 346 6470 12056
Ch1: 25.400018 44.651669 -24.125000 24.687500 345 6471 12105
Ch1: 25.501548 40.354663 -24.125000 24.593750 344 6462 12157
Ch1: 25.604232 41.894232 -24.125000 24.562500 343 6452 12205
Ch1: 25.702508 40.216791 -24.125000 24.687500 342 6470 12244
Ch1: 25.803198 54.716315 -24.125000 24.562500 341 6469 12292
Ch1: 25.906764 49.890800 -24.125000 24.656250 340 6466 12342
Ch1: 26.006866 49.155483 -24.125000 24.593750 339 6468 12389
Ch1: 26.114819 51.843985 -24.125000 24.656250 338 6467 12437
Ch1: 26.208331 48.603996 -24.125000 24.656250 337 6478 12485
Ch1: 26.303941 55.865247 -24.125000 24.562500 336 6469 12530
Ch1: 26.419597 57.519709 -24.125000 24.656250 335 6471 12586
Ch1: 26.512731 56.830350 -24.125000 24.562500 334 6476 12630
Ch1: 26.612644 65.470319 -24.125000 24.625000 333 6479 12678
Ch1: 26.714594 65.033725 -24.125000 24.562500 332 6471 12726
Ch1: 26.817257 59.633744 -24.125000 24.656250 331 6481 12777
Ch1: 26.915428 66.711166 -24.125000 24.531250 330 6481 12824
Ch1: 27.015992 75.580922 -24.125000 24.500000 329 6485 12871
Ch1: 27.114101 78.269423 -24.125000 24.500000 328 6479 12921
Ch1: 27.216491 85.668546 -24.125000 24.625000 327 6488 12973
Ch1: 27.316405 76.683897 -24.125000 24.531250 326 6478 13018
Ch1: 27.415310 88.724706 -24.125000 24.531250 325 6486 13060
Ch1: 27.518205 88.127261 -24.125000 24.500000 324 6481 13110
Ch1: 27.618202 94.745110 -24.125000 24.500000 323 6482 13157
Ch1: 27.719375 92.906819 -24.188000 24.500000 322 6494 13205
Ch1: 27.816518 100.604664 -24.188000 24.500000 321 6489 13251
Ch1: 27.910323 98.950202 -24.188000 24.468750 320 6491 13296
Ch1: 28.019892 120.320339 -24.188000 24.468750 319 6496 13349
Ch1: 28.111535 114.966315 -24.188000 24.468750 318 6493 13392
Ch1: 28.208909 116.689713 -24.188000 24.437500 317 6506 13440
Ch1: 28.309200 135.922837 -24.188000 24.562500 316 6503 13486
Ch1: 28.407518 134.268375 -24.188000 24.531250 315 6513 13533
Ch1: 28.506718 143.620682 -24.188000 24.468750 314 6507 13579
Ch1: 28.601951 145.619824 -24.188000 24.468750 313 6515 13628
Ch1: 28.696827 164.140610 -24.188000 24.562500 312 6518 13673
Ch1: 28.795019 167.357620 -24.188000 24.437500 311 6525 13721
Ch1: 28.889496 178.984813 -24.188000 24.437500 310 6524 13767
Ch1: 28.984141 188.957544 -24.125000 24.437500 309 6525 13814
Ch1: 29.081871 198.263894 -24.188000 24.531250 308 6535 13860
Ch1: 29.176978 216.348086 -24.188000 24.531250 307 6541 13901
Ch1: 29.271539 238.614390 -24.188000 24.531250 306 6546 13944
Ch1: 29.361083 250.747113 -24.188000 24.406250 305 6550 13988
Ch1: 29.450271 260.673887 -24.188000 24.437500 304 6566 14027
Ch1: 29.552052 272.921503 -24.188000 24.406250 303 6562 14080
Ch1: 29.635656 298.473754 -24.188000 24.468750 302 6575 14119
Ch1: 29.725285 316.741774 -24.188000 24.375000 301 6588 14160
Ch1: 29.811932 345.281248 -24.188000 24.375000 300 6594 14203
Ch1: 29.901477 369.891374 -24.188000 24.468750 299 6606 14245
Ch1: 29.985731 397.603617 -24.188000 24.406250 298 6625 14286
Ch1: 30.073743 427.475852 -24.188000 24.437500 297 6632 14328
Ch1: 30.150798 463.965936 -24.188000 24.375000 296 6650 14365
Ch1: 30.231947 512.887466 -24.188000 24.343750 295 6670 14403
Ch1: 30.315089 546.712028 -24.188000 24.437500 294 6682 14446
Ch1: 30.391934 586.511037 -24.188000 24.468750 293 6707 14488
Ch1: 30.472663 635.961075 -24.188000 24.406250 292 6734 14520
Ch1: 30.538383 691.822155 -24.188000 24.406250 291 6740 14553
Ch1: 30.612289 739.502838 -24.188000 24.312500 290 6775 14584
Ch1: 30.681137 799.339223 -24.188000 24.375000 289 6788 14621
Ch1: 30.743562 860.048796 -24.188000 24.437500 288 6834 14642
Ch1: 30.808569 941.737870 -24.188000 24.406250 287 6865 14675
Ch1: 30.872085 993.715559 -24.188000 24.437500 286 6877 14707
Ch1: 30.927877 1077.771433 -24.188000 24.406250 285 6917 14727
Ch1: 30.995718 1145.190770 -24.188000 24.406250 284 6940 14767
Ch1: 31.053231 1233.589607 -24.188000 24.312500 283 6981 14791
Ch1: 31.113305 1297.493212 -24.188000 24.312500 282 6997 14825
Ch1: 31.166704 1387.224811 -24.188000 24.312500 281 7064 14846
Ch1: 31.218067 1487.112969 -24.188000 24.375000 280 7089 14874
Ch1: 31.266870 1583.990926 -24.188000 24.281250 279 7148 14892
Ch1: 31.301168 1707.386236 -24.188000 24.375000 278 7191 14915
Ch1: 31.354399 1803.551854 -24.188000 24.250000 277 7233 14938
Ch1: 31.397660 1908.219570 -24.188000 24.312500 276 7286 14966
Ch1: 31.447763 2001.007329 -24.188000 24.375000 275 7328 14984
Ch1: 31.488358 2127.343905 -24.188000 24.312500 274 7379 15004
Ch1: 31.524252 2242.834561 -24.188000 24.250000 273 7431 15017
Ch1: 31.564280 2348.835039 -24.188000 24.312500 272 7463 15041
Ch1: 31.600572 2487.717954 -24.188000 24.250000 271 7537 15050
Ch1: 31.637494 2600.198409 -24.188000 24.218750 270 7582 15072
Ch1: 31.678047 2713.896731 -24.188000 24.250000 269 7630 15091
Ch1: 31.703298 2860.017918 -24.188000 24.343750 268 7694 15102
Ch1: 31.740472 2985.986836 -24.188000 24.312500 267 7748 15120
Ch1: 31.764821 3118.481689 -24.188000 24.187500 266 7799 15134
Ch1: 31.788771 3268.739031 -24.188000 24.312500 265 7873 15148
Ch1: 31.820760 3410.126618 -24.188000 24.250000 264 7928 15158
Ch1: 31.847081 3553.168667 -24.188000 24.312500 263 7988 15177
Ch1: 31.870548 3694.763062 -24.250000 24.218750 262 8048 15181
Ch1: 31.900250 3833.622998 -24.188000 24.250000 261 8116 15204
Ch1: 31.931210 3974.137397 -24.250000 24.281250 260 8181 15208
Ch1: 31.949850 4129.955571 -24.188000 24.281250 259 8246 15224
Ch1: 31.978543 4273.870809 -24.188000 24.187500 258 8314 15230
Ch1: 31.993362 4426.609845 -24.188000 24.281250 257 8381 15239
Ch1: 32.021090 4562.390643 -24.188000 24.250000 256 8433 15258
Ch1: 32.054024 4724.045392 -24.188000 24.312500 255 8501 15270
Ch1: 32.061035 4893.375008 85.000000 24.281250 254 8574 15268
Ch1: 32.060447 4902.313700 -24.188000 24.250000 254 8574 15278
Ch1: 32.049028 4740.429164 -24.250000 24.250000 255 8505 15275
Ch1: 32.021951 4569.651894 -24.188000 24.093750 256 8445 15246
Ch1: 31.997413 4442.327236 -24.188000 24.218750 257 8375 15243
Ch1: 31.978312 4286.348211 -24.250000 24.250000 258 8321 15229
Ch1: 31.955517 4122.349640 -24.250000 24.125000 259 8245 15223
Ch1: 31.928754 3982.639494 -24.188000 24.218750 260 8196 15202
Ch1: 31.897458 3843.986366 -24.188000 24.218750 261 8112 15196
Ch1: 31.872689 3702.621758 -24.250000 24.156250 262 8057 15192
Ch1: 31.845906 3556.132912 -24.250000 24.093750 263 8012 15170
Ch1: 31.817359 3425.085714 -24.250000 24.093750 264 7931 15160
Ch1: 31.787154 3277.631766 -24.188000 24.218750 265 7877 15147
Ch1: 31.759195 3147.825415 -24.250000 24.125000 266 7819 15124
Ch1: 31.723029 3025.946695 -24.188000 24.125000 267 7780 15109
Ch1: 31.691376 2895.083327 -24.250000 24.125000 268 7700 15106
Ch1: 31.653132 2766.839523 -24.250000 24.062500 269 7653 15083
Ch1: 31.625467 2640.112310 -24.188000 24.156250 270 7611 15067
Ch1: 31.588587 2526.023351 -24.250000 24.218750 271 7548 15054
Ch1: 31.552693 2382.268964 -24.250000 24.218750 272 7494 15030
Ch1: 31.512182 2289.504184 -24.188000 24.218750 273 7432 15019
Ch1: 31.473728 2166.959084 -24.250000 24.218750 274 7384 14994
Ch1: 31.432944 2041.082081 -24.250000 24.062500 275 7334 14975
Ch1: 31.395120 1922.604201 -24.250000 24.125000 276 7283 14961
Ch1: 31.343064 1835.055573 -24.250000 24.156250 277 7249 14929
Ch1: 31.290127 1745.760568 -24.188000 24.062500 278 7176 14913
Ch1: 31.249595 1631.051185 -24.250000 24.187500 279 7160 14883
Ch1: 31.195839 1536.425136 -24.188000 24.062500 280 7097 14869
Ch1: 31.152599 1434.698686 -24.250000 24.156250 281 7064 14844
Ch1: 31.097604 1340.945825 -24.250000 24.125000 282 7041 14812
Ch1: 31.043429 1259.900153 -24.250000 24.093750 283 7001 14795
Ch1: 30.994458 1162.953261 -24.250000 24.093750 284 6942 14770
Ch1: 30.935770 1084.573111 -24.250000 24.125000 285 6921 14732
Ch1: 30.875171 1010.421032 -24.250000 24.156250 286 6887 14706
Ch1: 30.804644 966.830547 -24.250000 24.062500 287 6866 14672
Ch1: 30.734746 886.749979 -24.250000 24.187500 288 6842 14643
Ch1: 30.671167 823.650626 -24.250000 24.156250 289 6807 14606
Ch1: 30.603998 772.316339 -24.250000 24.156250 290 6787 14577
Ch1: 30.527174 721.763326 -24.250000 24.187500 291 6763 14548
Ch1: 30.460152 662.593322 -24.250000 24.125000 292 6730 14516
Ch1: 30.386246 612.178180 -24.250000 24.093750 293 6713 14480
Ch1: 30.306441 573.803847 -24.250000 24.156250 294 6693 14439
Ch1: 30.230204 526.284015 -24.250000 24.156250 295 6681 14397
Ch1: 30.148007 488.323297 -24.250000 24.062500 296 6666 14361
Ch1: 30.064445 456.474899 -24.250000 24.125000 297 6649 14322
Ch1: 29.979938 430.600948 -24.250000 24.093750 298 6637 14281
Ch1: 29.897216 396.868301 -24.250000 24.187500 299 6614 14242
Ch1: 29.809686 366.030962 -24.250000 24.125000 300 6613 14200
Ch1: 29.718694 340.157011 -24.250000 24.093750 301 6597 14156
Ch1: 29.631773 325.404723 -24.250000 24.031250 302 6588 14116
Ch1: 29.548190 302.908632 -24.250000 24.125000 303 6583 14078
Ch1: 29.448403 287.030390 -24.250000 24.125000 304 6574 14029
Ch1: 29.361482 268.900241 -24.250000 24.031250 305 6563 13988
Ch1: 29.270741 250.172647 -24.250000 24.031250 306 6550 13943
Ch1: 29.177209 231.743776 -24.250000 24.125000 307 6554 13901
Ch1: 29.086132 220.001690 -24.250000 24.187500 308 6548 13858
Ch1: 28.986890 216.968509 -24.250000 24.093750 309 6537 13814
Ch1: 28.891889 195.437521 -24.250000 24.156250 310 6527 13768
Ch1: 28.798356 185.372876 -24.250000 24.156250 311 6531 13718
Ch1: 28.702137 175.308230 -24.250000 24.093750 312 6523 13671
Ch1: 28.603252 167.127834 -24.250000 24.125000 313 6523 13625
Ch1: 28.505669 155.891277 -24.250000 24.125000 314 6521 13578
Ch1: 28.426577 148.744920 -24.250000 24.062500 315 6513 13533
Ch1: 28.316337 145.045358 -24.250000 24.093750 316 6507 13486
Ch1: 28.211722 141.001117 -24.250000 24.031250 317 6514 13438
Ch1: 28.113046 136.451346 -24.250000 24.062500 318 6504 13392
Ch1: 28.022998 131.855617 -24.250000 24.125000 319 6499 13347
Ch1: 27.913765 119.998638 -24.250000 24.062500 320 6505 13295
Ch1: 27.820632 110.922074 -24.250000 24.062500 321 6494 13253
Ch1: 27.724748 113.679511 -24.250000 24.125000 322 6499 13206
Ch1: 27.623512 111.243775 -24.250000 24.093750 323 6499 13159
Ch1: 27.524397 96.192764 -24.250000 24.093750 324 6493 13110
Ch1: 27.422972 104.970606 -24.250000 24.031250 325 6495 13063
Ch1: 27.323352 91.711929 -24.250000 24.031250 326 6485 13016
Ch1: 27.227448 94.791067 -24.250000 24.062500 327 6483 12970
Ch1: 27.125058 89.735766 -24.250000 24.062500 328 6483 12922
Ch1: 27.026047 89.322150 -24.250000 24.093750 329 6491 12876
Ch1: 26.924580 80.337501 -24.250000 24.093750 330 6486 12831
Ch1: 26.827290 74.133268 -24.250000 24.031250 331 6479 12785
Ch1: 26.725530 71.444767 -24.313000 24.031250 332 6478 12738
Ch1: 26.623433 74.638798 -24.313000 24.031250 333 6484 12685
Ch1: 26.524150 72.685613 -24.250000 23.937500 334 6482 12635
Ch1: 26.432443 58.300983 -24.250000 24.062500 335 6472 12590
Ch1: 26.319915 67.974992 -24.250000 24.031250 336 6481 12535
Ch1: 26.221764 66.274572 -24.250000 24.031250 337 6479 12489
Ch1: 26.134004 54.233763 -24.250000 23.968750 338 6471 12442
Ch1: 26.019859 67.584355 -24.250000 24.031250 339 6472 12394
Ch1: 25.919022 46.834640 -24.250000 24.031250 340 6467 12346
Ch1: 25.816863 51.637177 -24.250000 24.062500 341 6469 12297
Ch1: 25.716530 60.782676 -24.250000 24.000000 342 6476 12249
Ch1: 25.618799 53.314618 -24.250000 24.062500 343 6472 12203
Ch1: 25.515401 52.073771 -24.250000 23.906250 344 6466 12154
Ch1: 25.414816 46.398046 -24.250000 23.875000 345 6467 12106
Ch1: 25.313832 41.365724 -24.313000 23.906250 346 6463 12058
Ch1: 25.214884 51.246540 -24.313000 24.000000 347 6465 12012
Ch1: 25.110899 44.467840 -24.250000 24.000000 348 6462 11962
Ch1: 25.007543 48.213359 -24.313000 23.968750 349 6471 11914
Ch1: 24.907545 33.782772 -24.313000 23.906250 350 6466 11866
Ch1: 24.815167 29.141086 -24.313000 24.000000 351 6464 11824
Ch1: 24.701337 32.358096 -24.250000 23.937500 352 6462 11772
Ch1: 24.604677 29.095129 -24.250000 24.000000 353 6457 11728
Ch1: 24.506191 27.762367 -24.313000 23.937500 354 6458 11677
Ch1: 24.402584 30.657676 -24.250000 23.937500 355 6459 11622
Ch1: 24.301180 23.993870 -24.313000 23.843750 356 6459 11575
Ch1: 24.198118 38.102756 -24.313000 23.968750 357 6458 11526
Ch1: 24.096420 29.531723 -24.250000 23.937500 358 6466 11477
Ch1: 23.997598 38.217650 -24.313000 23.937500 359 6461 11431
Ch1: 23.894851 28.405769 -24.313000 23.968750 360 6461 11381
Ch1: 23.793846 29.439808 -24.250000 23.843750 361 6467 11333
Ch1: 23.692002 30.473847 -24.313000 23.906250 362 6466 11285
Ch1: 23.592172 36.999782 -24.313000 23.937500 363 6463 11238
Ch1: 23.488249 25.648332 -24.313000 23.906250 364 6455 11188
Ch1: 23.385880 25.211738 -24.313000 23.812500 365 6454 11141
Ch1: 23.285904 18.065380 -24.313000 23.968750 366 6457 11093
Ch1: 23.192749 18.226231 -24.313000 23.968750 367 6454 11050
Ch1: 23.075897 24.890037 -24.313000 23.968750 368 6465 10996
Ch1: 22.978397 26.659392 -24.313000 23.906250 369 6463 10950
Ch1: 22.879113 29.324915 -24.250000 23.968750 370 6455 10906
Ch1: 22.775694 20.478138 -24.313000 23.906250 371 6445 10856
Ch1: 22.674647 21.121540 -24.313000 23.937500 372 6464 10799
Ch1: 22.570137 22.867916 -24.313000 23.875000 373 6455 10750
Ch1: 22.470538 16.043260 -24.313000 23.781250 374 6461 10703
Ch1: 22.369282 26.728328 -24.313000 23.937500 375 6463 10654
Ch1: 22.265254 29.416830 -24.313000 23.906250 376 6463 10605
Ch1: 22.165970 17.766658 -24.313000 23.875000 377 6461 10557
Ch1: 22.063475 25.510460 -24.313000 23.875000 378 6460 10509
Ch1: 21.963457 17.077299 -24.313000 23.906250 379 6461 10461
Ch1: 21.859051 22.615151 -24.313000 23.875000 380 6451 10412
Ch1: 21.760103 20.064522 -24.250000 23.906250 381 6463 10364
Ch1: 21.655509 27.302794 -24.313000 23.875000 382 6453 10315
Ch1: 21.561725 18.088359 -24.313000 23.906250 383 6452 10272
Ch1: 21.450372 18.846654 -24.313000 23.843750 384 6458 10219
Ch1: 21.354257 16.755598 -24.313000 23.843750 385 6454 10175
Ch1: 21.254554 12.688378 -24.313000 23.875000 386 6452 10130
Ch1: 21.157474 13.929225 -24.313000 23.875000 387 6452 10083
Ch1: 21.048724 13.515609 -24.313000 23.906250 388 6459 10030
Ch1: 20.944570 15.744537 -24.313000 23.843750 389 6452 9975
Ch1: 20.842474 12.366677 -24.313000 23.906250 390 6450 9927
Ch1: 20.743568 12.803271 -24.313000 23.906250 391 6451 9880
Ch1: 20.641429 12.136890 -24.313000 23.906250 392 6449 9831
Ch1: 20.539375 11.516467 -24.313000 23.875000 393 6461 9782
Ch1: 20.437341 19.696864 -24.313000 23.937500 394 6450 9733
Ch1: 20.347944 5.243298 -24.313000 23.937500 395 6457 9685
Ch1: 20.232897 9.103710 -24.313000 23.812500 396 6451 9637
Ch1: 20.129730 14.434755 -24.313000 23.906250 397 6449 9587
Ch1: 20.027654 9.287539 -24.313000 23.906250 398 6450 9539
Ch1: 19.934416 7.908820 -24.313000 23.875000 399 6458 9495
Ch1: 19.822643 14.526669 -24.313000 23.875000 400 6456 9444
Ch1: 19.725269 7.449247 -24.313000 23.875000 401 6450 9397
Ch1: 19.625146 15.974324 -24.313000 23.875000 402 6456 9351
Ch1: 19.522524 4.117344 -24.313000 23.875000 403 6450 9304
Ch1: 19.420365 9.517325 -24.313000 23.906250 404 6447 9258
Ch1: 19.315561 17.720701 -24.313000 23.906250 405 6446 9208
Ch1: 19.213989 2.026288 -24.313000 23.906250 406 6448 9156
Ch1: 19.114999 18.685804 -24.313000 23.875000 407 6454 9104
Ch1: 19.011916 7.426269 -24.313000 23.875000 408 6450 9055
Ch1: 18.911142 -0.248598 -24.313000 23.875000 409 6447 9008
Ch1: 18.808794 9.264560 -24.313000 23.906250 410 6448 8958
Ch1: 18.707474 11.884125 -24.313000 23.812500 411 6460 8910
Ch1: 18.604391 5.909678 -24.313000 23.875000 412 6449 8860
Ch1: 18.500196 0.601612 -24.313000 23.875000 413 6450 8811
Ch1: 18.399841 1.980330 -24.313000 23.906250 414 6454 8763
Ch1: 18.306246 15.905388 -24.313000 23.875000 415 6451 8719
Ch1: 18.192248 6.277337 -24.313000 23.843750 416 6447 8664
Ch1: 18.093489 12.711356 -24.313000 23.906250 417 6452 8619
Ch1: 17.993492 5.335212 -24.313000 23.843750 418 6452 8571
Ch1: 17.890807 13.630502 -24.313000 23.875000 419 6451 8525
Ch1: 17.788732 3.014369 -24.313000 23.750000 420 6449 8477
Ch1: 17.685061 15.032199 -24.313000 23.906250 421 6451 8430
Ch1: 17.583888 8.782009 -24.313000 23.875000 422 6449 8384
Ch1: 17.484269 11.769232 -24.313000 23.843750 423 6440 8335
Ch1: 17.380346 15.813473 -24.313000 23.875000 424 6457 8278
Ch1: 17.280433 -0.754128 -24.313000 23.843750 425 6442 8240
Ch1: 17.177350 3.473942 -24.313000 23.843750 426 6446 8180
Ch1: 17.076828 -0.225619 -24.313000 23.843750 427 6448 8133
Ch1: 16.971939 7.058610 -24.313000 23.875000 428 6455 8083
Ch1: 16.869255 10.298599 -24.313000 23.843750 429 6446 8034
Ch1: 16.767516 7.472226 -24.313000 23.843750 430 6451 7986
Ch1: 16.675285 6.713931 -24.313000 23.843750 431 6446 7941
Ch1: 16.561832 0.119060 -24.313000 23.843750 432 6455 7888
Ch1: 16.463724 11.861147 -24.250000 23.843750 433 6450 7842
Ch1: 16.363895 11.125830 -24.313000 23.843750 434 6447 7794
Ch1: 16.260371 2.945433 -24.313000 23.875000 435 6446 7745
Ch1: 16.159912 2.830540 -24.313000 23.875000 436 6455 7698
Ch1: 16.055968 11.608382 -24.313000 23.875000 437 6452 7650
Ch1: 15.953725 14.756456 -24.313000 23.843750 438 6450 7604
Ch1: 15.853685 5.817764 -24.313000 23.843750 439 6448 7558
Ch1: 15.750224 4.163301 -24.313000 23.843750 440 6448 7511
Ch1: 15.648212 5.610956 -24.313000 23.750000 441 6453 7453
Ch1: 15.546199 8.621158 -24.313000 23.843750 442 6449 7403
Ch1: 15.445488 14.940285 -24.313000 23.812500 443 6452 7355
Ch1: 15.341944 4.553938 -24.313000 23.843750 444 6449 7306
Ch1: 15.237979 8.368393 -24.313000 23.875000 445 6455 7257
Ch1: 15.137583 0.877356 -24.313000 23.812500 446 6445 7209
Ch1: 15.045394 0.670548 -24.313000 23.718750 447 6448 7165
Ch1: 14.930304 3.014369 -24.313000 23.843750 448 6458 7110
Ch1: 14.833728 7.977756 -24.313000 23.812500 449 6450 7063
Ch1: 14.733143 6.599038 -24.313000 23.875000 450 6453 7018
Ch1: 14.630354 11.654339 -24.250000 23.812500 451 6446 6968
Ch1: 14.529391 6.369251 -24.313000 23.812500 452 6454 6920
Ch1: 14.424965 5.358191 -24.313000 23.781250 453 6453 6870
Ch1: 14.322826 10.597321 -24.313000 23.781250 454 6445 6824
