15.674617767 36.471271515 2.515854292 0.068981809
15.856141090 36.218509674 2.515854292 0.069463220
15.956075668 38.447437286 2.515854292 0.065436203
16.058235168 37.206588745 2.515854292 0.067618515
16.161968231 37.735099792 2.515854292 0.066671463
16.262575150 38.516372681 2.515854292 0.065319087
16.365930557 36.241485596 2.515854292 0.069419182
16.466600418 37.849990845 2.515854292 0.066469086
16.564014435 38.171691895 2.515854292 0.065908902
16.676313400 37.551269531 2.515854292 0.066997849
16.769048691 38.470413208 2.515854292 0.065397122
16.869758606 39.044879913 2.515854292 0.064434935
16.973472595 39.067859650 2.515854292 0.064397034
17.077310562 38.861053467 2.515854292 0.064739735
17.176425934 40.975086212 2.515854292 0.061399609
17.278690338 41.595508575 2.515854292 0.060483797
17.381795883 40.768280029 2.559825947 0.062789648
17.485528946 40.975086212 2.527283988 0.061678552
17.586196899 41.181892395 2.727681547 0.066234973
17.687915802 40.561470032 2.742588162 0.067615601
17.791797638 41.549552917 2.841637764 0.068391536
17.892255783 41.503593445 2.946373619 0.070990808
17.994541168 41.549552917 2.928297957 0.070477243
18.094810486 42.445720673 2.994994116 0.070560567
18.193151474 41.021045685 3.106037107 0.075718136
18.306875229 43.433799744 3.126918447 0.071992744
18.399841309 44.559753418 3.173530990 0.071219671
18.500909805 43.020187378 3.240898224 0.075334359
18.604328156 44.467838287 3.279454657 0.073748911
18.707704544 43.548694611 3.367226729 0.077320957
18.807409286 43.456779480 3.520686859 0.081015825
18.909126282 44.720603943 3.729689126 0.083399793
19.011098862 44.467838287 3.882810530 0.087317276
19.113740921 46.558895111 4.014905991 0.086232845
19.213254929 45.295070648 4.215252714 0.093062063
19.315917969 46.696769714 4.454655156 0.095395360
19.420028687 46.558895111 4.686414112 0.100655613
19.521223068 47.455062866 4.927373968 0.103832419
19.623823166 47.914638519 5.126441029 0.106991124
19.724702835 48.971652985 5.348930163 0.109225028
19.822496414 48.856761932 5.528106674 0.113149264
19.933996201 49.063568115 5.716098520 0.116503930
20.027381897 49.477184296 6.018744089 0.121646860
20.126623154 49.661014557 6.265830669 0.126172023
20.229957581 51.430370331 6.554749195 0.127448999
20.333440781 51.108669281 6.708311318 0.131255840
20.433521271 52.050792694 6.859669441 0.131787992
20.534694672 52.694194794 7.036384290 0.133532438
20.636602402 52.923980713 7.209258580 0.136219129
20.739957809 54.647380829 7.451811546 0.136361733
20.837730408 56.853328705 7.533589964 0.132509215
20.938566208 56.761413574 7.623249483 0.134303376
21.042636871 57.979282379 7.909485684 0.136419172
21.143390656 58.323963165 8.279651113 0.141959679
21.246618271 58.875450134 8.458394032 0.143665892
21.346427917 60.736717224 8.767812361 0.144357693
21.443592072 59.679702759 8.964153963 0.150204400
21.554651260 61.472034454 9.127603514 0.148483837
21.647827148 63.264369965 9.395529255 0.148512176
21.747739792 63.769901276 9.676216983 0.151736427
21.851684570 63.792877197 9.904972411 0.155267686
21.953968048 65.194572449 10.122818115 0.155270872
22.052476883 65.700103760 10.245255582 0.155939717
22.153942108 67.308609009 10.270343154 0.152585877
22.254570007 67.768180847 10.387416369 0.153278666
22.358261108 67.837120056 10.446456146 0.153993214
22.458490372 67.974990845 10.668167057 0.156942530
22.557836533 72.846466064 10.848106710 0.148917405
22.660331726 75.052413940 11.021263457 0.146847555
22.762302399 73.214118958 11.380753156 0.155444787
22.865636826 75.971557617 11.806305753 0.155404287
22.964899063 75.948577881 12.210370603 0.160771550
23.061454773 77.051551819 12.327621254 0.159991862
23.178224564 80.268562317 12.450274934 0.155107736
23.270286560 82.244728088 12.412810441 0.150925302
23.370599747 81.670265198 12.333483652 0.151015594
23.472402573 83.876213074 12.101689145 0.144280347
23.580060959 83.508552551 11.966128699 0.143292254
23.680351257 83.278770447 11.962286308 0.143641486
23.779111862 86.587692261 12.317518753 0.142254845
23.879381180 86.036201477 13.010018648 0.151215633
23.981771469 88.471939087 14.114876629 0.159540717
24.080425262 89.942573547 15.693094577 0.174479048
24.181179047 90.769805908 18.239848691 0.200946212
24.282644272 95.710212708 21.595505874 0.225634290
24.383188248 98.743392944 25.612589125 0.259385346
24.487216949 99.065093994 30.479199111 0.307668401
24.587591171 97.870208740 36.169264067 0.369563573
24.684293747 98.674461365 42.985276230 0.435627169
24.798732758 96.629356384 50.698546173 0.524670225
24.891361237 97.456588745 59.910951943 0.614745013
24.992849350 97.157867432 70.223027187 0.722772422
25.094903946 99.524665833 81.764304948 0.821548149
25.196790695 103.454017639 94.305695983 0.911571132
25.293430328 110.232711792 107.960176675 0.979384204
25.390508652 118.229286194 123.113466895 1.041311090
25.485427856 128.454772949 139.397932501 1.085190759
25.581499100 140.265808105 156.950275576 1.118948928
25.672218323 156.052124023 175.599699341 1.125263116
25.772741318 172.642715454 194.999681056 1.129498459
25.855968475 192.151580811 215.781782849 1.122976881
25.946792603 211.040023804 238.097596817 1.128210623
26.037134171 233.214416504 261.302454615 1.120438687
26.122774124 260.260284424 285.463281304 1.096837660
26.206001282 283.790405273 310.723899088 1.094906288
26.302030563 317.913696289 336.030770855 1.056987399
26.377679825 350.497406006 362.398792001 1.033955703
26.459562302 383.540679932 388.658934693 1.013344751
26.543041229 417.870788574 415.005272322 0.993142578
26.625741959 454.705535889 441.387552207 0.970710751
26.704036713 495.101989746 468.292050792 0.945849664
26.782434464 535.406555176 495.382658926 0.925245786
26.861755371 576.768066406 522.652584697 0.906174622
26.941665649 617.210510254 549.819959937 0.890814318
27.019876480 655.056335449 577.821672918 0.882094626
27.096805573 700.117431641 605.199034561 0.864425034
27.171047211 751.015136719 633.366327144 0.843346953
27.245792389 798.994567871 661.285846481 0.827647487
27.319847107 851.316894531 688.958448710 0.809285535
27.391529083 904.443542480 717.196165809 0.792969524
27.458507538 957.064636230 745.720539501 0.779174688
27.537641525 1017.268676758 773.873599532 0.760736684
27.604118347 1068.005493164 803.907750197 0.752718741
27.673343658 1124.211303711 834.037698874 0.741886953
27.743198395 1183.312377930 864.889200381 0.730905225
27.812612534 1247.698486328 895.697022268 0.717879385
27.878396988 1310.108520508 928.128791802 0.708436574
27.946594238 1374.172973633 961.209836774 0.699482420
28.013385773 1438.168457031 995.171501182 0.691971442
28.077972412 1510.068603516 1029.027162470 0.681443982
28.147491455 1577.373046875 1062.689586652 0.673708473
28.204563141 1644.976196289 1096.706169786 0.666700328
28.269508362 1714.072998047 1131.655454426 0.660214271
28.334095001 1784.272827148 1167.949556556 0.654580140
28.396728516 1858.677612305 1205.638220415 0.648653759
28.457517624 1934.553100586 1244.764311030 0.643437655
28.515176773 2006.338378906 1285.288056650 0.640613802
28.580625534 2096.115966797 1325.733883603 0.632471631
28.636459351 2167.855224609 1367.282931789 0.630707677
28.691621780 2251.014892578 1409.368903582 0.626103767
28.752933502 2330.498046875 1452.950884778 0.623450806
28.809082031 2421.056884766 1497.168680835 0.618394673
28.864727020 2504.124755859 1542.487317817 0.615978623
28.919532776 2593.442626953 1588.091303565 0.612348732
28.979019165 2682.416015625 1633.609204726 0.609006655
29.029165268 2768.930664062 1681.138617447 0.607143631
29.080821991 2857.949951172 1729.367094645 0.605107551
29.134115219 2948.784423828 1779.916649134 0.603610299
29.184701920 3050.051269531 1830.617546003 0.600192385
29.232706070 3148.170166016 1881.645529524 0.597694988
29.283313751 3249.023437500 1933.538253588 0.595113667
29.333166122 3345.372802734 1987.834518277 0.594204185
29.384885788 3444.893310547 2042.843983146 0.593006459
29.434570312 3549.331298828 2097.835756325 0.591050984
29.478523254 3644.531738281 2153.486235345 0.590881460
29.522497177 3751.796142578 2211.708198733 0.589506496
29.572328568 3855.751464844 2268.964292435 0.588462279
29.620250702 3962.165527344 2328.231667178 0.587615952
29.665756226 4065.615478516 2387.988300037 0.587362064
29.712900162 4170.627929688 2448.824203960 0.587159594
29.755657196 4280.534667969 2508.500587997 0.586025061
29.797721863 4398.989746094 2570.221395399 0.584275378
29.839366913 4508.597656250 2632.818001989 0.583954968
29.882061005 4620.733398438 2694.913293595 0.583221983
29.923915863 4737.671875000 2760.153227612 0.582596959
29.964572906 4854.265136719 2828.456259680 0.582674448
30.003026962 4980.027343750 2898.719110400 0.582068915
30.042320251 5094.415039062 2970.619467597 0.583112967
30.080102921 5205.608886719 3042.142866632 0.584397125
30.125568390 5337.735839844 3113.173135747 0.583238517
30.160076141 5455.547363281 3187.478479360 0.584263735
30.197649002 5577.793945312 3265.694127935 0.585481314
30.235641479 5703.739746094 3343.713271171 0.586231739
30.273864746 5830.903808594 3421.634835892 0.586810372
30.309253693 5953.012207031 3500.589165218 0.588036618
30.344244003 6079.049804688 3575.721644373 0.588204038
30.378269196 6207.086914062 3654.758341649 0.588804119
30.414520264 6338.180175781 3734.604699935 0.589223499
30.448713303 6464.103027344 3815.116720279 0.590200482
30.481582642 6597.976562500 3893.643328906 0.590126881
30.514894485 6730.724121094 3972.320801759 0.590177332
30.547555923 6864.827636719 4052.422215261 0.590316674
30.579587936 7003.480957031 4139.860883563 0.591114748
30.610820770 7136.779785156 4227.234315083 0.592316765
30.641466141 7261.370117188 4317.273584666 0.594553578
30.677232742 7418.980468750 4400.195708110 0.593099783
30.705297470 7549.545410156 4490.551172884 0.594810804
30.733486176 7687.348144531 4582.484498930 0.596107320
30.763418198 7828.115234375 4677.440449138 0.597518088
30.792720795 7974.719238281 4773.320675981 0.598556580
30.823282242 8108.477539062 4865.513112314 0.600052610
30.848428726 8254.851562500 4959.641948527 0.600815401
30.878969193 8391.183593750 5056.813884985 0.602634161
30.908084869 8535.673828125 5150.604516379 0.603420962
30.937931061 8675.958007812 5247.663656829 0.604851205
30.964693069 8815.231445312 5348.121700866 0.606691014
30.991918564 8964.018554688 5447.698801082 0.607729532
31.015533447 9115.953125000 5546.070969423 0.608391782
31.043071747 9262.809570312 5647.257253605 0.609670015
31.066791534 9411.963867188 5751.156837392 0.611047484
31.093553543 9545.401367188 5853.610164033 0.613238767
31.120483398 9721.348632812 5958.552594501 0.612934771
31.141620636 9860.024414062 6071.797941784 0.615799484
31.163660049 10013.751953125 6188.427529893 0.617992892
31.186540604 10166.950195312 6308.235828039 0.620464909
31.214771271 10315.300781250 6428.333374137 0.623184288
31.237167358 10466.224609375 6544.290274948 0.625277072
31.259481430 10619.124023438 6667.910181297 0.627915275
31.284416199 10769.404296875 6791.929378269 0.630668994
31.305345535 10933.563476562 6916.748454083 0.632616115
31.325914383 11084.327148438 7032.484660706 0.634453004
31.349025726 11236.767578125 7146.209639466 0.635966668
31.372953415 11392.240234375 7258.416702888 0.637136907
31.393985748 11547.829101562 7386.696824262 0.639661079
31.415103912 11709.162109375 7508.528483932 0.641252415
31.435714722 11861.096679688 7635.362745168 0.643731600
31.452528000 12016.845703125 7752.967037844 0.645174884
31.473056793 12198.308593750 7871.429109415 0.645288570
31.491527557 12343.556640625 8000.290045066 0.648134916
31.510440826 12504.544921875 8142.713610661 0.651180324
31.532585144 12665.648437500 8290.924500972 0.654599292
31.552274704 12827.280273438 8428.543163310 0.657079520
31.572235107 12984.155273438 8577.657622575 0.660625003
31.588188171 13149.669921875 8730.944139560 0.663966791
31.605567932 13312.405273438 8876.317613906 0.666770387
31.625530243 13473.048828125 9032.507531187 0.670413033
31.643182755 13629.027343750 9199.281632071 0.674977121
31.661506653 13790.889648438 9356.984480488 0.678490273
31.676809311 13966.376953125 9513.996229745 0.681207178
31.695154190 14125.595703125 9664.643129142 0.684193667
31.713121414 14291.892578125 9820.804793947 0.687159153
31.729976654 14453.018554688 9961.090755364 0.689204869
31.746370316 14607.090820312 10122.284480002 0.692970599
31.764274597 14796.205078125 10292.053098873 0.695587351
31.777940750 14958.433593750 10462.930160484 0.699466966
31.793556213 15119.284179688 10639.715362060 0.703718194
31.809236526 15295.623046875 10818.202011934 0.707274361
31.822208405 15469.708984375 10965.054990956 0.708808097
31.837215424 15636.327148438 11082.158552733 0.708744352
31.852287292 15803.565429688 11195.922153066 0.708442801
31.866580963 15970.482421875 11311.324872536 0.708264445
31.880413055 16146.544921875 11414.905453250 0.706956535
31.895736694 16307.670898438 11513.964191251 0.706045901
31.908184052 16486.054687500 11609.969029015 0.704229681
31.924219131 16652.488281250 11719.770424693 0.703784938
31.936626434 16823.173828125 11811.952716600 0.702123918
31.954509735 16992.433593750 11886.681253645 0.699527892
31.966138840 17163.097656250 11937.705391263 0.695544920
31.978773117 17325.187500000 11929.883019261 0.688586084
31.993719101 17508.212890625 11857.990344278 0.677281595
32.005851746 17669.775390625 11715.273761716 0.663012036
32.032531738 18014.937500000 11513.176787917 0.639090576
32.018928528 17844.941406250 11296.981791294 0.633063541
32.005702972 17676.279296875 11134.230183524 0.629896711
31.994033813 17513.130859375 11043.420311499 0.630579444
31.977870941 17331.460937500 10977.917984114 0.633409845
31.962926865 17176.447265625 10902.677993224 0.634745814
31.947771072 17011.070312500 10852.116475033 0.637944367
31.928272247 16846.726562500 10813.027831786 0.641847411
31.917482376 16670.847656250 10779.620832991 0.646615041
31.901361465 16501.863281250 10750.602435489 0.651478094
31.889755249 16325.204101562 10707.380668259 0.655880355
31.874410629 16164.123046875 10696.343431920 0.661733606
31.855581284 15997.482421875 10693.799353564 0.668467642
31.838916779 15832.817382812 10672.141282438 0.674051941
31.820886612 15671.691406250 10645.853657323 0.679304702
31.806003571 15507.921875000 10587.358702179 0.682706477
31.790533066 15337.076171875 10489.906195374 0.683957364
31.776365280 15163.289062500 10399.931888806 0.685862536
31.764505386 14989.960937500 10303.701473831 0.687373471
31.749729156 14835.176757812 10207.186134535 0.688039401
31.728403091 14651.760742188 10108.359713288 0.689907506
31.712890625 14494.150390625 9999.294463083 0.689884829
31.696329117 14332.564453125 9875.286324276 0.689010425
31.679033279 14163.373046875 9745.166767287 0.688054091
31.661989212 14000.890625000 9618.850058347 0.687017013
31.642658234 13834.732421875 9480.401548270 0.685260926
31.629098892 13663.564453125 9343.162340999 0.683801242
31.615642548 13496.417968750 9198.911595758 0.681581707
31.596794128 13332.787109375 9054.593747548 0.679122353
31.580694199 13168.167968750 8898.110783471 0.675728834
31.560228348 13012.901367188 8733.127130532 0.671112989
31.541400909 12854.095703125 8565.573029212 0.666369166
31.524084091 12685.685546875 8404.121802700 0.662488580
31.503702164 12523.249023438 8248.651179837 0.658667025
31.483951569 12368.005859375 8100.235351461 0.654934631
31.466171265 12219.563476562 7941.898183886 0.649933052
31.444068909 12035.367187500 7781.404803529 0.646544861
31.423351288 11891.245117188 7624.497770882 0.641185822
31.406118393 11728.740234375 7471.482344669 0.637023431
31.383428574 11570.371093750 7327.568093048 0.633304501
31.361431122 11418.206054688 7187.021409126 0.629435252
31.337795258 11265.743164062 7051.588726861 0.625931962
31.315168381 11108.890625000 6915.725484437 0.622539704
31.296318054 10954.750000000 6796.009346227 0.620371012
31.272138596 10799.828125000 6677.037931305 0.618254092
31.249658585 10647.319335938 6562.923406226 0.616392089
31.226022720 10498.416992188 6444.598177446 0.613863803
31.203962326 10347.930664062 6327.269177698 0.611452607
31.179508209 10191.124023438 6220.776383543 0.610411214
31.153816223 10040.913085938 6112.406756058 0.608750091
31.126487732 9898.927734375 6004.130382923 0.606543511
31.103040695 9761.101562500 5896.393654566 0.604070516
31.075208664 9587.727539062 5793.812171949 0.604294620
31.051090240 9446.845703125 5687.648547900 0.602068534
31.027328491 9297.737304688 5591.070002433 0.601336628
31.001279831 9146.928710938 5495.813714276 0.600837056
30.976890564 8997.774414062 5400.473033709 0.600200981
30.946033478 8858.086914062 5303.605488600 0.598730351
30.920846939 8709.277343750 5206.359737669 0.597794689
30.893747330 8569.452148438 5114.229258633 0.596797691
30.864864349 8423.101562500 5021.083611338 0.596108639
30.835960388 8283.023437500 4928.592320352 0.595023346
30.806722641 8139.613769531 4842.923624833 0.594981993
30.780042648 7998.226074219 4752.267778411 0.594165223
30.749166489 7858.401367188 4665.158242483 0.593652325
30.718709946 7717.174316406 4576.230536068 0.592993024
30.688127518 7581.991210938 4482.365226141 0.591185759
30.658782959 7453.747070312 4389.248442109 0.588864688
30.623771667 7300.364746094 4300.177369306 0.589035962
30.594867706 7170.903320312 4211.839088551 0.587351258
30.564033508 7037.098632812 4124.077501606 0.586047989
30.531414032 6900.421386719 4038.581429088 0.585265914
30.498983383 6769.098632812 3957.885761938 0.584699083
30.464370728 6634.466796875 3874.512003601 0.583997497
30.431207657 6503.878906250 3791.129288539 0.582902810
30.396930695 6376.485351562 3708.697248827 0.581620916
30.361120224 6244.151367188 3628.739935742 0.581142212
30.333833694 6126.202148438 3550.928039796 0.579629590
30.290676117 5987.709960938 3471.554077702 0.579779933
30.258352280 5871.782714844 3395.468563888 0.578268769
30.218513489 5735.886718750 3318.552779097 0.578559679
30.179050446 5610.308593750 3244.996419855 0.578398918
30.142318726 5488.499023438 3171.388323087 0.577824340
30.106529236 5376.592773438 3097.896347321 0.576182069
30.064109802 5238.422363281 3027.407903031 0.577923599
30.024604797 5129.020996094 2955.092943086 0.576151462
29.985521317 5013.139648438 2884.958190017 0.575479319
29.945724487 4889.813476562 2816.931421081 0.576081569
29.904981613 4775.931152344 2750.158069949 0.575837042
29.860168457 4663.014160156 2685.842777800 0.575988553
29.817369461 4546.811035156 2624.205931284 0.577153066
29.776899338 4437.662597656 2562.426824971 0.577427141
29.737752914 4333.569335938 2502.403486613 0.577446279
29.690042496 4222.812500000 2444.125184999 0.578790838
29.644681931 4106.586425781 2385.133752613 0.580806905
29.598545074 4003.044433594 2326.987739816 0.581304499
29.556543350 3898.859375000 2270.655540847 0.582389700
29.506168365 3782.633300781 2214.638273320 0.585475275
29.459379196 3680.975830078 2159.241372026 0.586594825
29.417715073 3593.243408203 2103.889749861 0.585512728
29.359634399 3477.890625000 2052.219642312 0.590075958
29.313497543 3384.597412109 1999.247358813 0.590689856
29.265514374 3288.270996094 1947.798063010 0.592347183
29.214025497 3186.544433594 1897.865220086 0.595587245
29.164594650 3086.610351562 1848.150728714 0.598763860
29.114154816 2985.412353516 1798.137707488 0.602307988
29.061510086 2895.336181641 1749.140596031 0.604123489
29.010608673 2804.271728516 1701.177568669 0.606637920
28.955530167 2709.530761719 1654.416016004 0.610591339
28.900201797 2624.348876953 1608.337872615 0.612852158
28.845394135 2535.835205078 1563.384866213 0.616516745
28.791240692 2451.135986328 1518.988170798 0.619707833
28.732656479 2362.507324219 1475.759861012 0.624658322
28.674030304 2278.658203125 1433.172679537 0.628954653
28.616287231 2198.991210938 1390.804493139 0.632473875
28.564210892 2122.978027344 1348.656541315 0.635266368
28.497985840 2034.648071289 1307.923526080 0.642825432
28.441522598 1959.163208008 1267.186562071 0.646799897
28.381008148 1884.344726562 1227.355717335 0.651343515
28.318288803 1810.054809570 1188.914382066 0.656838885
28.256473541 1740.475463867 1152.095172268 0.661942783
28.192348480 1666.805908203 1116.586789144 0.669896107
28.128999710 1596.077636719 1081.694771837 0.677720649
28.066175461 1526.015869141 1046.319943460 0.685654694
28.001546860 1455.838989258 1011.801201704 0.694995263
27.936056137 1392.946533203 977.233814954 0.701558740
27.869791031 1325.940795898 943.484848735 0.711558805
27.803651810 1263.255004883 910.065686820 0.720413284
27.732410431 1202.775268555 877.725635213 0.729750318
27.661819458 1143.697143555 845.876238296 0.739598103
27.592741013 1084.182495117 814.244306557 0.751021447
27.527881622 1032.457519531 783.413399460 0.758785117
27.449146271 969.381164551 753.662324739 0.777467473
27.380886078 918.897094727 723.966469498 0.787864576
27.310422897 865.954284668 694.750488094 0.802294648
27.236873627 810.529846191 665.196549226 0.820693467
27.162693024 761.516357422 635.884643612 0.835024274
27.091913223 715.628051758 607.136856544 0.848397230
27.007574081 670.268188477 578.549060499 0.863160553
26.932430267 628.515991211 550.692112396 0.876178363
26.851953506 585.109313965 523.470358040 0.894653948
26.774730682 544.506103516 496.063165192 0.911033250
26.694610596 506.683227539 468.838915380 0.925309720
26.616506577 468.010192871 442.061001263 0.944554217
26.533763885 430.348175049 415.211432746 0.964826754
26.448564529 394.363616943 388.470049472 0.985055499
26.367395401 359.918640137 361.956956336 1.005663269
26.289857864 332.321289062 335.783218138 1.010417416
26.193553925 297.140991211 310.810258693 1.046002631
26.111125946 271.358947754 286.098910249 1.054319058
26.021936417 251.620300293 262.674640091 1.043932623
25.933610916 226.918258667 240.353145074 1.059205841
25.844591141 204.674942017 218.950513220 1.069747528
25.751499176 186.085220337 198.596296752 1.067233047
25.661241531 166.760177612 179.254677065 1.074924959
25.571151733 151.824050903 160.935443758 1.060012843
25.474596024 139.760269165 143.872007835 1.029419940
25.378503799 131.740722656 127.834872836 0.970351993
25.282808304 121.308418274 112.941807200 0.931030252
25.184741974 116.804603577 99.234402386 0.849576124
25.083820343 112.185897827 86.642966304 0.772316022
24.980926514 110.485481262 75.509666184 0.683435193
24.881433487 106.992729187 65.633032688 0.613434513
24.789161682 106.533157349 56.666297462 0.531912307
24.677555084 104.074440002 49.208748888 0.472822615
24.581567764 99.570625305 42.340969999 0.425235554
24.480646133 99.823387146 36.176285051 0.362402901
24.377773285 98.927223206 30.889579407 0.312245491
24.277839661 96.928077698 26.546610842 0.273879473
24.175029755 95.227661133 23.043759626 0.241985988
24.073856354 93.251495361 20.331386382 0.218027457
23.974424362 91.229377747 18.263123911 0.200189066
23.871824265 91.068527222 16.704038539 0.183422737
23.771240234 88.494918823 15.684256733 0.177233416
23.670423508 87.391944885 15.174589774 0.173638312
23.568935394 87.782577515 14.793968529 0.168529667
23.468729019 82.980041504 14.594427343 0.175878766
23.364343643 80.544311523 14.226370935 0.176627879
23.265291214 78.591125488 13.989976320 0.178009619
23.173479080 76.362197876 13.675340117 0.179085208
23.054590225 79.119636536 13.382670649 0.169144744
22.957826614 77.120491028 13.318547616 0.172697910
22.857639313 77.878784180 13.133439073 0.168639498
22.755544662 76.316238403 12.900332038 0.169037839
22.655210495 73.903480530 12.671955813 0.171466293
22.551057816 73.857521057 12.375590276 0.167560326
22.449989319 72.938377380 11.973617392 0.164160732
22.350725174 72.134124756 11.928518303 0.165365815
22.249721527 67.216697693 11.787578935 0.175366826
22.149114609 65.539253235 11.644485029 0.177671921
22.048404694 64.505218506 11.544099229 0.178963803
21.949350357 62.942668915 11.342392510 0.180201963
21.845050812 64.229469299 11.264528916 0.175379449
21.742576599 62.666923523 11.294514592 0.180230877
21.642957687 61.655864716 11.217032377 0.181929690
21.548837662 60.897571564 11.199569422 0.183908309
21.437084198 58.898429871 10.937273093 0.185697193
21.340929031 58.025238037 10.737521523 0.185049159
21.240678787 56.991199493 10.590266173 0.185822833
21.137302399 56.232906342 10.389186519 0.184752793
21.036611557 56.462692261 10.314438284 0.182677054
20.933340073 57.726516724 10.230950053 0.177231377
20.834476471 51.591220856 10.082183047 0.195424394
20.735948563 50.741008759 9.885148210 0.194815760
20.632173538 50.809944153 9.846563892 0.193792063
20.531126022 48.764846802 9.836083302 0.201704382
20.429176331 47.455062866 9.827989789 0.207100975
20.328968048 47.845699310 9.890365291 0.206713779
20.225654602 46.237197876 9.739890192 0.210650529
20.121690750 47.822723389 9.532240324 0.199324498
20.021335602 47.294212341 9.205030440 0.194633339
19.928537369 46.398044586 9.110735694 0.196360337
19.818130493 45.226135254 9.024245770 0.199536081
19.721302032 41.480617523 8.825052328 0.212751228
19.622837067 41.641468048 8.640948991 0.207508270
19.520320892 39.780197144 8.408920542 0.211384587
19.418643951 37.666160583 8.132269091 0.215903850
19.314636230 37.298503876 7.755407446 0.207928111
19.213800430 36.609146118 7.525320972 0.205558495
19.115356445 36.861911774 7.226617403 0.196045649
19.010782242 36.126594543 7.017449005 0.194246070
18.909147263 35.230426788 6.820200841 0.193588368
18.806989670 33.782772064 6.655770075 0.197016694
18.707201004 34.012557983 6.453800214 0.189747570
18.603929520 34.587024689 6.230671490 0.180144767
18.498138428 35.758934021 5.817687852 0.162691870
18.404039383 31.094270706 5.451993154 0.175337547
18.306077957 31.048313141 5.164899999 0.166350422
18.191848755 31.921501160 4.847326040 0.151851444
18.094684601 31.094270706 4.821030310 0.155045615
17.994562149 30.979377747 4.676428660 0.150952956
17.890493393 29.784488678 4.744335584 0.159288804
17.788354874 28.336832047 4.809844359 0.169738253
17.682899475 30.427890778 4.795646764 0.157606940
17.582733154 31.117248535 4.712438566 0.151441364
17.482799530 28.244918823 4.627930917 0.163850034
17.378688812 28.704492569 4.561466453 0.158911238
17.277914047 28.221939087 1.828232041 0.064780525
17.175523758 27.164922714 1.713509370 0.063078014
17.074455261 27.854282379 1.666368163 0.059824487
16.971666336 28.130025864 1.634741903 0.058113772
16.867597580 26.590457916 1.605782918 0.060389442
16.772888184 24.913015366 1.594578582 0.064005844
16.677656174 25.257694244 1.584230991 0.062722708
16.570102692 22.982809067 1.570994458 0.068355198
16.467691422 23.580253601 1.559892302 0.066152482
16.373046875 20.799839020 1.548322143 0.074439141
16.264253616 21.810899734 1.539752027 0.070595530
16.158063889 22.454301834 1.535294907 0.068374199
