3.357974052 7.633077145 -27.557962038 -3.610334537
3.355454922 7.219460964 -27.557962038 -3.817177234
3.353923082 10.137748718 -27.557962038 -2.718351264
3.350208044 10.827108383 -27.557962038 -2.545274423
3.347815037 11.493488312 -27.557962038 -2.397702185
3.345568895 10.459449768 -27.557962038 -2.634742998
3.342797995 10.804128647 -27.557962038 -2.550688069
3.339713097 10.689235687 -27.557962038 -2.578104071
3.337341070 10.643279076 -27.557962038 -2.589236065
3.334779978 11.033916473 -27.557962038 -2.497568484
3.331463099 11.999018669 -27.557962038 -2.296684654
3.329071045 10.367534637 -27.557962038 -2.658101757
3.326845884 11.516467094 -27.557962038 -2.392918055
3.324347973 12.228804588 -27.557962038 -2.253528694
3.321073055 9.953919411 -27.557962038 -2.768553863
3.318470001 9.724132538 -27.557962038 -2.833976391
3.316329002 9.907961845 -22.557229620 -2.276677078
3.313874006 9.999876976 -11.713434612 -1.171357872
3.310178995 10.413492203 -6.798518729 -0.652856755
3.307975054 10.505407333 -7.165617812 -0.682088527
3.305728912 11.677317619 -10.557130889 -0.904071571
3.303106070 12.021997452 -10.426436284 -0.867279861
3.299767971 11.217744827 -11.941956295 -1.064559453
3.297416925 11.263702393 -12.236338814 -1.086351396
3.295171022 11.631360054 -11.733909235 -1.008816611
3.291455984 10.528385162 -14.705496981 -1.396747626
3.289125919 11.033916473 -19.449137368 -1.762668533
3.286942959 12.757313728 -17.631793398 -1.382092953
3.284403086 12.297740936 -19.007791194 -1.545632754
3.281486034 12.366677284 -22.759878593 -1.840419869
3.278609991 11.033916473 -23.317345521 -2.113242889
3.276406050 11.999018669 -22.237187855 -1.853250542
3.273382902 10.160726547 -19.905362563 -1.959049136
3.270045996 9.907961845 -18.398352766 -1.856926082
3.268009901 11.447530746 -17.332881468 -1.514115302
3.265763998 12.113911629 -17.075499833 -1.409577712
3.262427092 11.700296402 -10.605979305 -0.906470994
3.259697914 12.136890411 -13.630207842 -1.123039541
3.257535934 11.815189362 -14.670178400 -1.241637180
3.254765034 11.585403442 -15.562959049 -1.343324738
3.251574993 12.757313728 -18.819902889 -1.475224588
3.249140024 12.665398598 -20.526414390 -1.620668646
3.246893883 11.516467094 -23.489911677 -2.039680354
3.243535042 11.792210579 -25.404946030 -2.154383681
3.240786076 12.090932846 -31.411812546 -2.597964354
3.238560915 13.101992607 -34.902523696 -2.663909586
3.235937119 12.826250076 -36.881221395 -2.875448489
3.232494116 12.297740936 -39.867678470 -3.241870086
3.230269909 12.711356163 -37.311818054 -2.935313713
3.227982044 12.642420769 -34.074143919 -2.695223054
3.224622965 13.056035995 -32.642581630 -2.500190842
3.221873045 9.241580963 -33.828827997 -3.660502259
3.219753027 12.895186424 -35.986462753 -2.790689608
3.217046022 12.941143036 -36.325969052 -2.807013952
3.213728905 12.941143036 -34.340992439 -2.653628999
3.211399078 13.699438095 -31.923549086 -2.330281641
3.209279060 14.342840195 -30.341749337 -2.115463111
3.206362009 14.618583679 -30.431987169 -2.081732939
3.203066111 12.550505638 -29.666955028 -2.363805562
3.200903893 14.825391769 -29.734889519 -2.005673103
3.198574066 13.791353226 -28.723457744 -2.082714965
3.195215940 14.664541245 -30.340677356 -2.068982374
3.192549944 14.296882629 -30.409419695 -2.126996527
3.190366983 13.952202797 -28.923554687 -2.073045748
3.187596083 14.181989670 -26.454306561 -1.865345214
3.184216976 13.653480530 -23.000482327 -1.684587478
3.182054996 14.204968452 -24.428599015 -1.719722159
3.179893017 15.239006996 -14.787424514 -0.970366673
3.176388025 14.227947235 -12.643805274 -0.888659837
3.173784971 13.653480530 -9.600482599 -0.703152766
3.171497107 13.814331055 -4.997239000 -0.361743104
3.169146061 13.079014778 -2.358656521 -0.180339006
3.166186094 13.952202797 -3.112010375 -0.223047960
3.163100958 14.894328117 -4.117640594 -0.276456955
3.161001921 15.193050385 -1.964923170 -0.129330393
3.158441067 14.618583679 -4.189474555 -0.286585530
3.155186892 14.871349335 -3.467473759 -0.233164704
3.152626991 14.595604897 -5.722900596 -0.392097528
3.150485992 14.595604897 -6.942033705 -0.475624940
3.148219109 13.837309837 -8.654575781 -0.625452193
3.144503117 13.607523918 -6.806776896 -0.500221564
3.142111063 15.376878738 -3.079526744 -0.200269951
3.140012026 14.687520027 -2.706609717 -0.184279559
3.137387991 14.480711937 -6.159788437 -0.425378839
3.134092093 14.159010887 -7.134979674 -0.503917945
3.131699085 13.538587570 -4.964278467 -0.366676246
3.129473925 13.630501747 -1.714246119 -0.125765445
3.127311945 14.434755325 4.674149335 0.323812162
3.124373913 14.250926018 8.561301615 0.600754057
3.121225119 15.055177689 9.307619150 0.618233763
3.119041920 14.710497856 9.570845193 0.650613275
3.116942883 14.526668549 11.720493517 0.806825975
3.114696980 14.940284729 13.453025409 0.900453081
3.111275911 14.894328117 13.820485146 0.927902557
3.108694077 15.514751434 15.180405931 0.978449832
3.106511116 13.814331055 17.234101248 1.247552356
3.104348898 13.538587570 21.327228296 1.575291971
3.101871967 14.411775589 21.552210747 1.495458392
3.098660946 14.940284729 22.556302691 1.509763910
3.096015930 14.963262558 20.655989059 1.380446876
3.093832970 14.273903847 22.392698966 1.568785891
3.091629028 13.676459312 24.816341004 1.814529655
3.089088917 13.147951126 24.399257436 1.855745979
3.086402893 13.285822868 24.107126488 1.814500067
3.083442926 13.561566353 25.632600978 1.890091477
3.081259966 13.354758263 25.483202794 1.908174023
3.079160929 13.056035995 25.861870602 1.980836344
3.076998949 12.849227905 23.141418326 1.800996799
3.074647903 13.607523918 21.485131013 1.578915543
3.071751118 13.124972343 18.381273094 1.400480901
3.069086075 13.584545135 12.703289792 0.935128093
3.066651106 12.918164253 12.552173263 0.971668498
3.064446926 12.596463203 15.134054351 1.201452670
3.062284946 12.849227905 14.686890526 1.143017357
3.059997082 14.181989670 10.748143827 0.757872772
3.056806087 12.941143036 6.055610396 0.467934740
3.054141045 13.239865303 4.348878339 0.328468473
3.051873922 14.319861412 1.825104008 0.127452631
3.049690962 13.469652176 1.594170697 0.118352774
3.047633886 12.849227905 -1.582702171 -0.123174885
3.044779062 12.550505638 -4.735231231 -0.377294060
3.041630030 12.527526855 -6.290873696 -0.502164056
3.039447069 13.860288620 -6.892137109 -0.497257835
3.037200928 12.941143036 -7.737621538 -0.597908664
3.035017967 13.446673393 -9.826442970 -0.730771298
3.032752037 13.745394707 -9.830729709 -0.715201703
3.029834032 13.170928955 -11.862057431 -0.900624206
3.026999950 12.320719719 -12.376076839 -1.004493010
3.024733067 12.527526855 -12.365611074 -0.987075200
3.022550106 13.262844086 -12.865039612 -0.970006096
3.020387888 13.446673393 -17.348087002 -1.290139687
3.018079042 12.849227905 -16.831304980 -1.309907887
3.015309095 13.722416878 -15.758584755 -1.148382599
3.012370110 13.354758263 -18.886478832 -1.414213456
3.009934902 14.411775589 -20.473935990 -1.420639384
3.007836103 14.204968452 -21.889768638 -1.540993823
3.005652905 13.814331055 -23.389742972 -1.693150604
3.002965927 13.768374443 -22.132228139 -1.607468495
3.000552893 14.136032104 -24.928552281 -1.763475924
2.998034000 13.906246185 -23.772149559 -1.709458415
2.995284081 13.607523918 -23.880780620 -1.754968851
2.993185043 13.975181580 -26.540351156 -1.899105998
2.991044044 14.090074539 -25.623912992 -1.818578952
2.988903046 14.296882629 -21.771871613 -1.522840481
2.986572981 14.342840195 -20.472826979 -1.427390022
2.984096050 14.595604897 -18.195406218 -1.246635980
2.981786966 13.952202797 -18.424460865 -1.320541361
2.978912115 13.492630005 -16.111511266 -1.194097167
2.976413965 14.044117928 -17.376806411 -1.237301374
2.974293947 14.296882629 -17.344996243 -1.213201276
2.972152948 14.940284729 -20.045505600 -1.341708405
2.970011950 15.445815086 -21.193489785 -1.372118575
2.967891932 14.549648285 -19.227484430 -1.321508538
2.965729952 14.871349335 -18.587605653 -1.249893687
2.963694096 14.319861412 -17.697918159 -1.235900101
2.961258888 14.365818977 -15.397100296 -1.071787158
2.959285975 15.101135254 -13.076247868 -0.865911579
2.956892967 14.411775589 -14.473130229 -1.004257258
2.954835892 14.273903847 -13.457359690 -0.942794616
2.952358961 15.216029167 -11.815584534 -0.776522206
2.950050116 14.204968452 -9.391737422 -0.661158626
2.947551966 15.055177689 -9.421488286 -0.625797216
2.945306063 14.848369598 -8.983832551 -0.605038317
2.943353891 15.399858475 -3.504548691 -0.227570188
2.941128969 15.422836304 -0.620292421 -0.040219089
2.939450026 15.445815086 -0.561813715 -0.036373200
2.937182903 15.124114037 -1.211965929 -0.080134673
2.935797930 14.388796806 -4.726341383 -0.328473704
2.934076071 15.009221077 -5.336997044 -0.355581214
2.931621075 14.595604897 -5.664140495 -0.388071651
2.930130005 14.342840195 -3.608246063 -0.251571238
2.928093910 14.733476639 0.523130693 0.035506263
2.926037073 15.813472748 0.546341679 0.034549127
2.923959017 14.894328117 5.205452897 0.349492294
2.922195911 14.480711937 10.996388364 0.759381749
2.921188116 14.136032104 11.476152367 0.811836892
2.919718981 14.756456375 18.175353030 1.231688189
2.917661905 15.376878738 19.521032078 1.269505497
2.915772915 14.204968452 21.613440665 1.521540913
2.915395021 14.572627068 20.754450524 1.424207895
2.913464069 15.376878738 18.058373506 1.174384855
2.912623882 14.917305946 15.741096583 1.055223821
2.911344051 15.284963608 12.515007623 0.818779026
2.909811974 15.330922127 7.973052200 0.520063447
2.909245014 14.848369598 5.841479086 0.393408788
2.908447027 14.756456375 3.538725509 0.239808625
2.907272100 14.067095757 -1.106481681 -0.078657436
2.907145977 14.480711937 -0.936088004 -0.064643783
2.907145977 13.860288620 -0.559885550 -0.040394942
2.907145977 13.814331055 -1.567354579 -0.113458594
2.907145977 14.227947235 -1.501493806 -0.105531303
2.907587051 13.814331055 -1.117235069 -0.080875076
2.909203053 14.342840195 -0.671729615 -0.046833793
2.910504103 14.572627068 -0.332178055 -0.022794658
2.913295984 14.411775589 -0.285816934 -0.019832180
2.915878057 15.767516136 -0.405491278 -0.025716877
2.921859980 15.124114037 -0.184182068 -0.012178040
2.928913116 14.411775589 0.035549705 0.002466712
2.942430973 14.113054276 0.128819869 0.009127710
2.967955112 14.917305946 0.226126855 0.015158693
3.031029940 14.940284729 0.136475132 0.009134708
3.137010098 14.044117928 0.159273417 0.011340934
3.227478027 14.411775589 0.182426725 0.012658171
3.324913979 14.503690720 0.145335154 0.010020564
3.424491882 13.193907738 0.150880682 0.011435633
3.524782896 13.791353226 -0.029961683 -0.002172498
3.622618914 14.388796806 -0.106506559 -0.007402048
3.722174883 14.802412987 -0.101427761 -0.006852110
3.821059942 14.871349335 -0.062277445 -0.004187747
3.922800064 14.480711937 -0.028653200 -0.001978715
4.019985199 13.768374443 -0.007742289 -0.000562324
4.118933201 14.963262558 0.078817955 0.005267431
4.220693111 15.399858475 0.133564050 0.008673070
4.320271015 14.871349335 0.161238669 0.010842235
4.421632767 15.009221077 0.154290699 0.010279727
4.520098209 13.883267403 0.150371977 0.010831166
4.615162849 14.664541245 0.131360745 0.008957713
4.725402832 15.009221077 0.067959901 0.004527877
4.818473816 14.296882629 0.084396596 0.005903147
4.916120052 15.009221077 0.042190477 0.002810970
5.018301010 12.941143036 -0.053342283 -0.004121914
5.120355129 13.653480530 -0.040931998 -0.002997917
5.219617844 14.848369598 -0.127852365 -0.008610532
5.319972038 15.055177689 -0.139373605 -0.009257520
5.420452118 14.917305946 -0.121309978 -0.008132164
5.522633076 14.917305946 -0.111266253 -0.007458870
5.620069027 14.871349335 -0.142076614 -0.009553714
5.720403194 14.894328117 -0.137927657 -0.009260415
5.822142124 15.101135254 -0.099911758 -0.006616175
5.921929836 14.871349335 -0.089526390 -0.006020058
6.024151802 14.136032104 -0.114762361 -0.008118428
6.123877048 13.791353226 -0.164104880 -0.011899114
6.220263958 13.929224968 -0.219832610 -0.015782114
6.336318970 14.848369598 -0.171988920 -0.011583017
6.429514885 13.814331055 -0.215648395 -0.015610484
6.528631210 14.273903847 -0.154867267 -0.010849678
6.631315231 15.491771698 -0.210884466 -0.013612676
6.733181000 13.331780434 -0.241251082 -0.018095939
6.832779884 14.067095757 -0.246161034 -0.017499066
6.934057236 14.434755325 -0.184386186 -0.012773766
7.034033775 14.687520027 -0.183651292 -0.012503901
7.137495041 14.779434204 -0.122014384 -0.008255687
7.234595776 14.159010887 -0.051522889 -0.003638876
7.335557938 14.204968452 -0.008665905 -0.000610062
7.438158989 14.227947235 0.082223934 0.005779044
7.538848877 13.446673393 0.079134874 0.005885089
7.641448975 14.136032104 0.024286694 0.001718070
7.740438938 13.216887474 -0.051470830 -0.003894323
7.836490154 14.480711937 -0.117231629 -0.008095709
7.950488091 13.676459312 -0.085252921 -0.006233552
8.043475151 14.618583679 -0.089792990 -0.006142386
8.142968178 14.848369598 -0.106585803 -0.007178283
8.245841980 14.641562462 -0.074357535 -0.005078525
8.349028587 13.860288620 -0.194920218 -0.014063215
8.448417664 14.687520027 -0.252017630 -0.017158624
8.549633026 13.791353226 -0.448166811 -0.032496217
8.650364876 14.733476639 -0.523544989 -0.035534382
8.752755165 14.917305946 -0.509280240 -0.034140229
8.853110313 14.434755325 -0.526831357 -0.036497422
8.952498436 14.986242294 -0.554161285 -0.036978001
9.055077553 13.653480530 -0.539221249 -0.039493318
9.155054092 13.492630005 -0.593054621 -0.043953968
9.257423401 13.469652176 -0.601732288 -0.044673187
9.356496811 13.469652176 -0.619685505 -0.046006051
9.451918602 14.090074539 -0.605498583 -0.042973412
9.568016052 14.526668549 -0.673706786 -0.046377239
9.662178040 13.883267403 -0.659611372 -0.047511249
9.762490273 13.377737045 -0.643409230 -0.048095521
9.866559982 12.987099648 -0.624202652 -0.048063284
9.968866348 13.239865303 -0.636966703 -0.048109757
10.077134132 10.482427597 -0.629729720 -0.060074798
10.172995567 11.953061104 -0.623029048 -0.052122970
10.269635201 13.170928955 -0.552804027 -0.041971529
10.372109413 13.193907738 -0.448633572 -0.034003085
10.471350670 12.918164253 -0.333885424 -0.025846197
10.571683884 13.515608788 -0.200456640 -0.014831492
10.675271034 13.147951126 -0.260077825 -0.019780863
10.775772095 13.147951126 -0.234924825 -0.017867790
10.879233360 13.906246185 -0.188574207 -0.013560396
10.979713440 13.147951126 -0.193909121 -0.014748239
11.074630737 12.527526855 -0.207658516 -0.016576178
11.186697960 12.826250076 -0.198868415 -0.015504798
11.279454231 12.504549026 -0.113601020 -0.009084775
11.379220009 12.619441986 -0.109883894 -0.008707508
11.481652260 12.780291557 -0.079753637 -0.006240361
11.585659027 12.159869194 -0.025169873 -0.002069913
11.683956146 12.941143036 -0.149465963 -0.011549672
11.785863876 12.941143036 -0.165998776 -0.012827211
11.885966301 13.193907738 -0.192221718 -0.014568975
11.989027977 13.768374443 -0.253991812 -0.018447480
12.089131355 13.446673393 -0.243804400 -0.018131206
12.193305016 11.539445877 -0.181346990 -0.015715398
12.292105675 12.987099648 -0.172008163 -0.013244540
12.393321037 13.331780434 -0.138052417 -0.010355137
12.495711327 12.458591461 0.013976686 0.001121851
12.596001625 11.585403442 0.025083895 0.002165129
12.691529274 11.332637787 0.028186965 0.002487238
12.803322792 13.079014778 0.022497685 0.001720136
12.896855354 12.205825806 -0.037012360 -0.003032352
12.996601105 12.987099648 -0.055251339 -0.004254325
13.099662781 13.124972343 -0.084620819 -0.006447314
13.204257011 13.056035995 -0.102822415 -0.007875470
13.303646088 13.469652176 -0.112725355 -0.008368839
13.405134201 12.113911629 -0.150192695 -0.012398365
13.505928993 11.424552917 -0.144869765 -0.012680563
13.607688904 12.803271294 -0.083568281 -0.006527104
13.706216812 13.033057213 -0.085400466 -0.006552604
13.807327271 12.504549026 -0.140925633 -0.011269949
13.911438942 12.872206688 -0.065826441 -0.005113843
14.011225700 14.021139145 0.031424695 0.002241237
14.114330292 12.481570244 0.081178813 0.006503894
14.214348793 12.964121819 -0.011298472 -0.000871519
14.310714722 12.527526855 -0.063049468 -0.005032874
14.421480179 11.953061104 -0.047255519 -0.003953424
14.515516281 12.481570244 -0.090182441 -0.007225248
14.615031242 12.113911629 -0.053625001 -0.004426729
14.718092918 12.918164253 0.015536425 0.001202681
14.821386337 12.274762154 0.045359247 0.003695326
14.920838356 11.769231796 0.131914704 0.011208438
15.021717072 12.136890411 0.188164631 0.015503529
15.122637749 12.389655113 0.092315560 0.007451019
15.225300789 11.585403442 0.111988973 0.009666385
15.324689865 12.596463203 0.171924537 0.013648636
15.425547600 13.308800697 0.191273377 0.014371947
15.528336525 13.331780434 0.277593320 0.020821924
15.628900528 13.469652176 0.447611820 0.033231134
15.732803345 12.090932846 0.509897541 0.042171894
15.832127571 13.079014778 0.597516838 0.045685157
15.928388596 12.458591461 0.636203299 0.051065428
16.042135239 12.366677284 0.584463940 0.047261194
16.135185242 12.872206688 0.562370428 0.043688735
16.235246658 13.262844086 0.612428264 0.046176239
16.337762833 12.688378334 0.685279641 0.054008450
16.440488815 13.170928955 0.606341653 0.046036362
16.540506363 14.090074539 0.508448942 0.036085611
16.640882492 12.412633896 0.448516468 0.036133867
16.740711212 12.941143036 0.302498501 0.023374945
16.843605042 13.377737045 0.141136458 0.010550100
16.942783356 13.285822868 0.051111177 0.003847046
17.044481277 14.067095757 0.018416749 0.001309208
17.147018433 14.319861412 -0.027749906 -0.001937861
17.246995926 14.181989670 -0.122807700 -0.008659413
17.350938797 14.204968452 -0.259704605 -0.018282660
17.450349808 13.929224968 -0.291543157 -0.020930322
17.546651840 13.124972343 -0.434021093 -0.033068343
17.663776398 13.147951126 -0.501581240 -0.038149004
17.754413605 14.779434204 -0.548838789 -0.037135304
17.854536057 14.480711937 -0.601312595 -0.041525071
17.957387924 12.734334946 -0.720576752 -0.056585346
18.060052872 12.987099648 -0.759428872 -0.058475633
18.159313202 13.308800697 -0.715875577 -0.053789638
18.261053085 11.677317619 -0.779378359 -0.066742927
18.360715866 12.228804588 -0.800408012 -0.065452678
18.463714600 12.389655113 -0.826980385 -0.066747652
18.561801910 12.573485374 -0.859945281 -0.068393548
18.662807465 12.274762154 -0.891453000 -0.072624870
18.765953064 11.240722656 -0.878421443 -0.078146350
18.867399216 11.861146927 -0.856796820 -0.072235579
18.970272064 12.550505638 -0.757970320 -0.060393608
19.070037842 11.332637787 -0.695811274 -0.061398881
19.164766312 12.596463203 -0.680396018 -0.054014846
19.280822754 12.412633896 -0.669285914 -0.053919734
19.375047684 11.884124756 -0.546612501 -0.045995184
19.473533630 11.286681175 -0.406367963 -0.036004203
19.576049805 12.021997452 -0.365596317 -0.030410613
19.679594040 12.343697548 -0.300685544 -0.024359439
19.777534485 12.228804588 -0.257452050 -0.021052920
19.878477097 12.366677284 -0.326076264 -0.026367330
19.977382660 11.769231796 -0.291390809 -0.024758694
20.080255508 11.654338837 -0.225795627 -0.019374383
20.180295944 10.735193253 -0.180620805 -0.016825110
20.280775070 10.987957954 -0.115133253 -0.010478130
20.382389069 11.056894302 -0.165260718 -0.014946396
20.483037949 12.113911629 -0.198442253 -0.016381352
20.585155487 11.654338837 -0.152627551 -0.013096200
20.684900284 11.585403442 -0.241506150 -0.020845726
20.779649734 11.378595352 -0.262914452 -0.023106055
20.894487381 11.378595352 -0.242974394 -0.021353637
20.988376617 11.769231796 -0.224850253 -0.019104922
21.087198257 11.792210579 -0.171866839 -0.014574607
21.190071106 11.861146927 -0.165531426 -0.013955769
21.293533325 11.079873085 -0.105024838 -0.009478885
21.392984390 10.804128647 0.037665955 0.003486256
21.492834091 11.884124756 0.182570768 0.015362576
21.592664719 12.205825806 0.224420914 0.018386377
21.695516586 11.654338837 0.268698163 0.023055633
21.794485092 12.251784325 0.258683533 0.021113948
21.893810272 11.424552917 0.189491414 0.016586331
21.996137619 11.056894302 0.060340318 0.005457257
22.096681595 11.585403442 0.053435455 0.004612309
22.198945999 10.574342728 0.049053489 0.004638916
22.297431946 10.298599243 0.083704761 0.008127781
22.391405106 11.033916473 0.075168206 0.006812468
22.507585526 11.470509529 0.061158628 0.005331814
22.601915359 12.665398598 0.090345402 0.007133246
22.701620102 11.194766045 0.127112254 0.011354615
22.803569794 11.700296402 0.178140786 0.015225322
22.906358719 13.147951126 0.236650887 0.017999070
23.005054474 13.101992607 0.212239208 0.016199002
23.105871201 12.067954063 0.266299005 0.022066624
23.205720901 12.251784325 0.325965423 0.026605547
23.307523727 12.366677284 0.406099857 0.032838235
23.406471252 11.217744827 0.503018858 0.044841353
23.508190155 10.160726547 0.480095303 0.047250096
23.607894897 11.010936737 0.449027913 0.040780174
23.707429886 11.470509529 0.421937732 0.036784568
23.809400558 12.182847977 0.610985381 0.050151277
23.908369064 11.723275185 1.162078236 0.099125732
24.002950668 11.654338837 2.272531345 0.194994446
24.111911774 11.976039886 3.949955983 0.329821545
24.206682205 12.090932846 6.625365598 0.547961492
24.305252075 12.274762154 9.967085952 0.811998296
24.406572342 13.262844086 14.192005040 1.070057444
24.509214401 12.320719719 19.524229341 1.584666301
24.607154846 12.573485374 25.836709559 2.054856612
24.708347321 12.366677284 33.141072012 2.679868751
24.807191849 13.308800697 41.581034531 3.124326187
24.909414291 13.056035995 51.181959619 3.920176050
25.007059097 11.999018669 61.945325878 5.162532669
25.107036591 12.297740936 73.769009111 5.998582137
25.210433960 11.884124756 86.822565921 7.305760223
25.308731079 16.571767807 101.154641474 6.104034443
25.405916214 23.281532288 116.810718898 5.017312325
25.499197006 32.656818390 133.733688876 4.095123024
25.585718155 43.204013824 151.994956471 3.518074897
25.686975479 60.483955383 171.237078557 2.831115748
25.770704269 76.431129456 192.287190169 2.515822958
25.857940674 94.837028503 214.401798926 2.260739316
25.946393967 116.965454102 237.739432369 2.032561103
26.034992218 139.553466797 262.078108503 1.877976338
26.117904663 164.806991577 287.711191744 1.745746276
26.201887131 192.289443970 314.109934175 1.633526665
26.283874512 221.702102661 341.588227459 1.540753215
26.368276596 253.550506592 369.564750478 1.457558715
26.446989059 285.490814209 397.930117509 1.393845608
26.527235031 319.177520752 426.536583199 1.336361603
26.606956482 355.322906494 454.744824417 1.279807229
26.684242249 393.766174316 483.055686311 1.226757700
26.762933731 433.588165283 511.508771571 1.179711100
26.838079453 474.421234131 540.210519866 1.138672726
26.908018112 514.174255371 569.368620506 1.107345641
26.995065689 566.106018066 598.061709094 1.056448245
27.063997269 608.639465332 627.688434254 1.031297624
27.135574341 655.653747559 657.456950221 1.002750236
27.209291458 705.011901855 687.583494840 0.975279273
27.282505035 758.506164551 717.830566371 0.946374070
27.350072861 808.576660156 748.886467160 0.926178684
27.419780731 864.529602051 780.325179506 0.902600880
27.487138748 918.966064453 812.329080920 0.883959824
27.556827545 975.355651855 844.744676389 0.866088872
27.623113632 1033.721435547 877.925246041 0.849286100
27.690555573 1092.592651367 911.494608792 0.834249258
27.757850647 1155.324340820 945.511265337 0.818394655
27.820842743 1219.848388672 980.550890465 0.803830131
27.887086868 1286.555419922 1016.020577780 0.789721579
27.948125839 1352.251342773 1052.557379087 0.778374068
28.006689072 1414.109863281 1090.037498492 0.770829429
28.074760437 1490.490844727 1127.136919151 0.756218613
28.131874084 1556.508422852 1165.727594581 0.748937543
28.191780090 1627.994995117 1204.850860863 0.740082657
28.252422333 1701.779418945 1244.401091897 0.731235246
28.312307358 1780.090698242 1284.938345235 0.721838694
28.368812561 1854.403564453 1326.485884784 0.715316725
28.426786423 1932.002441406 1368.796748772 0.708486035
28.481950760 2010.681396484 1412.105645927 0.702302040
28.538875580 2092.898925781 1455.911660850 0.695643561
28.592420578 2172.795654297 1500.906696538 0.690772137
28.647310257 2255.702636719 1546.215136828 0.685469402
28.701864243 2343.963623047 1591.984530007 0.679184828
28.755577087 2430.133544922 1639.163932626 0.674515989
28.808515549 2521.726318359 1686.576862300 0.668818361
28.859773636 2608.608642578 1735.086386168 0.665138633
28.907756805 2694.272949219 1784.648967869 0.662386106
28.962520599 2795.999511719 1833.337024319 0.655700052
29.008741379 2882.927734375 1883.514199739 0.653333824
29.056829453 2975.922119141 1933.880063740 0.649842296
29.105253220 3074.868164062 1984.300560745 0.645328663
29.154664993 3174.641601562 2035.141090198 0.641061684
29.199291229 3268.279541016 2086.581933010 0.638434353
29.246477127 3369.247558594 2138.022268346 0.634569657
29.291143417 3469.733154297 2189.969533305 0.631163676
29.336524963 3574.377929688 2242.069154166 0.627261358
29.380058289 3675.392089844 2295.012931191 0.624426694
29.423780441 3779.048828125 2347.733991226 0.621249975
29.468574524 3887.255126953 2401.052211598 0.617672917
29.511415482 3991.761962891 2454.294347947 0.614839855
29.554718018 4099.922363281 2508.256114183 0.611781369
29.596677780 4209.047851562 2562.893634759 0.608901045
29.635404587 4307.212890625 2618.194679155 0.607862844
29.679735184 4426.518066406 2672.955666360 0.603850617
29.717727661 4530.013671875 2730.052622935 0.602658804
29.757713318 4640.311035156 2787.417042430 0.600696165
29.798582077 4754.032714844 2846.118180737 0.598674505
29.839387894 4870.625976562 2904.899625311 0.596411968
29.876960754 4982.302246094 2965.663612827 0.595239603
29.915561676 5096.437500000 3026.638846059 0.593873435
29.952104568 5210.089843750 3089.781712886 0.593038087
29.990055084 5330.405761719 3155.137947813 0.591913278
30.026557922 5445.574707031 3222.259254225 0.591720696
30.062744141 5564.879882812 3291.006757502 0.591388642
30.098049164 5682.897949219 3361.933479915 0.591587868
30.132873535 5802.800781250 3434.538326714 0.591875968
30.168178558 5929.045410156 3508.140555437 0.591687247
30.202077866 6047.982910156 3584.647509011 0.592701329
30.233772278 6162.301757812 3662.806816536 0.594389395
30.269750595 6300.954589844 3742.096919561 0.593893650
30.301633835 6419.616210938 3824.591173256 0.595766327
30.333244324 6544.022949219 3907.927411926 0.597175078
30.366241455 6671.324707031 3992.038698038 0.598387708
30.398189545 6803.796386719 4076.177742450 0.599103429
30.428939819 6927.260742188 4163.439941323 0.601022554
30.459123611 7057.916992188 4250.187287830 0.602187202
30.488216400 7188.343750000 4339.325749047 0.603661414
30.518526077 7320.700683594 4428.599309010 0.604941999
30.546947479 7449.128417969 4518.028327660 0.606517712
30.574632645 7583.001953125 4608.276968724 0.607711431
30.603956223 7719.931640625 4699.860471843 0.608795607
30.631830215 7851.622558594 4791.885420750 0.610305117
30.658594131 7989.540039062 4884.566386537 0.611370162
30.685733795 8123.758300781 4978.144285904 0.612788330
30.710145950 8252.875976562 5070.721221300 0.614418687
30.739217758 8402.995117188 5163.092710407 0.614434810
30.763797760 8531.376953125 5257.272886515 0.616227945
30.788984299 8667.593750000 5352.035546927 0.617476511
30.814802170 8804.891601562 5443.956463019 0.618287732
30.839424133 8949.886718750 5536.934668230 0.618659749
30.864591599 9085.713867188 5629.618331056 0.619612109
30.887996674 9225.469726562 5722.221760519 0.620263459
30.911798477 9360.492187500 5816.124102755 0.621348107
30.936714172 9504.291992188 5909.273338080 0.621747874
30.959531784 9642.646484375 6005.704636625 0.622827420
30.982305527 9785.504882812 6103.656223859 0.623744640
31.005834579 9928.018554688 6198.924192823 0.624386846
31.028085709 10067.636718750 6297.733427074 0.625542379
31.050209045 10213.849609375 6397.773012568 0.626382144
31.072856903 10350.595703125 6498.755437980 0.627862939
31.093427658 10486.628906250 6604.513580220 0.629803309
31.117755890 10652.742187500 6708.892095743 0.629780762
31.137317657 10788.316406250 6817.746717490 0.631956504
31.158769608 10929.864257812 6927.314261770 0.633796916
31.178962708 11075.732421875 7037.541575189 0.635401914
31.199638367 11226.496093750 7152.816211174 0.637137015
31.219432831 11367.423828125 7269.188942971 0.639475492
31.239561081 11513.407226562 7390.356450005 0.641891345
31.258598328 11656.908203125 7514.387777997 0.644629575
31.276945114 11809.716796875 7638.750950258 0.646819147
31.295520782 11949.426757812 7770.525547218 0.650284378
31.315504074 12093.939453125 7905.543354747 0.653678099
31.332275391 12245.782226562 8039.128367238 0.656481409
31.351606369 12392.271484375 8175.283779197 0.659708254
31.370058060 12544.642578125 8316.884362503 0.662982967
31.387165070 12691.797851562 8455.929164272 0.666251485
31.403684616 12830.611328125 8598.339624530 0.670142630
31.422050476 12995.943359375 8738.285158478 0.672385599
31.438318253 13135.055664062 8883.248646898 0.676300799
31.454269409 13280.947265625 9024.343487959 0.679495469
31.471376419 13435.225585938 9169.421272761 0.682491054
31.487371445 13588.722656250 9312.276145200 0.685294445
31.502464294 13733.396484375 9450.648842486 0.688150878
31.517240524 13882.482421875 9586.396618795 0.690539078
31.532207489 14029.867187500 9719.532164854 0.692774353
31.546354294 14186.903320312 9857.257357859 0.694813881
31.560754776 14330.266601562 9986.658238860 0.696892704
31.576601028 14481.742187500 10105.632883499 0.697818864
31.591503143 14635.538085938 10228.397013013 0.698873998
31.605085373 14784.255859375 10340.381557924 0.699418466
31.619421005 14936.076171875 10446.402551851 0.699407423
31.632707596 15082.496093750 10543.423213858 0.699050286
31.645595551 15219.103515625 10641.824094783 0.699241193
31.660036087 15379.425781250 10729.627489665 0.697661125
31.672988892 15521.433593750 10813.284785863 0.696667915
31.685876846 15671.713867188 10894.474166157 0.695168012
31.700086594 15820.799804688 10968.744477123 0.693311629
31.714380264 15971.815429688 11042.516747667 0.691375179
31.726451874 16112.559570312 11112.564252289 0.689683362
31.739862442 16260.978515625 11183.233168113 0.687734330
31.752185822 16403.445312500 11257.264080089 0.686274369
31.766395569 16552.117187500 11336.318230147 0.684886296
31.778652191 16696.056640625 11414.736489317 0.683678592
31.791624069 16839.511718750 11497.276484992 0.682755930
31.804239273 16985.955078125 11578.213325188 0.681634519
31.816667557 17130.789062500 11661.664877629 0.680743008
31.830331802 17274.957031250 11754.445596609 0.680432697
31.840972900 17419.148437500 11852.132511871 0.680408262
31.852958679 17546.472656250 11959.546957472 0.681592659
31.867147446 17718.951171875 12068.606181762 0.681112898
31.878021240 17853.490234375 12172.036024806 0.681773472
31.889482498 17992.603515625 12266.421697271 0.681748013
31.901004791 18137.414062500 12342.272835097 0.680486909
31.912759781 18278.824218750 12404.984946304 0.678653331
31.923612595 18413.617187500 12469.343049085 0.677180530
31.933540344 18551.236328125 12535.558366955 0.675726304
31.944580078 18684.535156250 12607.046933711 0.674731634
31.955307007 18821.626953125 12671.397932843 0.673236058
31.963954926 18959.544921875 12745.698115284 0.672257597
31.974365234 19093.072265625 12823.956059604 0.671654927
31.985029221 19228.003906250 12917.258279275 0.671794032
31.993236542 19358.521484375 13030.276197555 0.673102861
32.003059387 19490.763671875 13137.971102370 0.674061382
32.011520386 19625.029296875 13280.645378523 0.676719773
32.022411346 19765.888671875 13385.269418492 0.677190368
32.022853851 19773.103515625 13472.179123962 0.681338623
32.012630463 19630.796875000 13520.533558438 0.688740943
32.004005432 19498.853515625 13531.932714766 0.693986070
31.994390488 19363.302734375 13506.854246067 0.697549092
31.984882355 19231.197265625 13468.843062961 0.700364251
31.974323273 19101.804687500 13427.098261796 0.702923021
31.964521408 18964.921875000 13377.063028791 0.705358193
31.954446793 18834.080078125 13323.953558775 0.707438511
31.944475174 18690.923828125 13250.591575463 0.708931870
31.934274673 18554.707031250 13192.778203981 0.711020561
31.924577713 18411.021484375 13139.115418799 0.713654885
31.914522171 18272.781250000 13081.617841555 0.715907319
31.904048920 18127.832031250 13020.046363873 0.718235161
31.892545700 17986.673828125 12941.736463658 0.719518049
31.881399155 17849.537109375 12850.009157602 0.719907137
31.871744156 17713.275390625 12745.009593940 0.719517385
31.858016968 17537.603515625 12629.089837943 0.720114913
31.848068237 17408.507812500 12508.727864925 0.718541072
31.836460114 17265.558593750 12393.757464029 0.717831247
31.825021744 17116.933593750 12264.505908978 0.716513027
31.813791275 16973.730468750 12125.981736060 0.714396977
31.801469803 16827.562500000 11978.746205062 0.711852724
31.788959503 16677.902343750 11826.314981664 0.709100865
31.775463104 16540.007812500 11666.625114543 0.705357896
31.763854980 16384.535156250 11512.113338771 0.702620686
31.751827240 16239.263671875 11362.190148015 0.699673974
31.738687515 16091.464843750 11213.933989518 0.696887083
31.726743698 15946.354492188 11060.058301495 0.693579107
31.712429047 15797.269531250 10910.144762632 0.690634843
31.699247360 15644.783203125 10751.793987025 0.687244678
31.685520172 15496.501953125 10590.682739462 0.683424090
31.672988892 15361.318359375 10440.900701885 0.679687801
31.657791138 15197.526367188 10287.428227907 0.676914649
31.645364761 15063.882812500 10130.739232200 0.672518457
31.629728317 14919.370117188 9975.305532523 0.668614389
31.614027023 14768.745117188 9819.951391482 0.664914406
31.599018097 14617.798828125 9668.719087134 0.661434680
31.583402634 14470.850585938 9519.454418817 0.657836550
31.567680359 14323.074218750 9368.580416784 0.654090056
31.552902222 14179.779296875 9213.148611933 0.649738506
31.537790298 14027.477539062 9068.576399942 0.646486610
31.521816254 13884.503906250 8925.319297282 0.642825942
31.504604340 13737.487304688 8789.917005750 0.639848963
31.488798141 13594.996093750 8653.067559970 0.636489154
31.470579147 13441.154296875 8511.960841420 0.633276031
31.453241348 13291.356445312 8375.290568076 0.630130612
31.437667847 13146.889648438 8245.724443760 0.627199639
31.419469833 13008.305664062 8125.732262416 0.624657236
31.399318695 12844.375976562 8015.321665530 0.624033560
31.382211685 12707.813476562 7906.082074324 0.622143384
31.363508224 12566.724609375 7801.588641079 0.620813210
31.344764709 12418.305664062 7705.135036526 0.620465887
31.325935364 12271.265625000 7612.135296268 0.620321940
31.305868149 12126.292968750 7522.694968764 0.620362298
31.286075592 11979.137695312 7432.978211890 0.620493595
31.267267227 11837.980468750 7346.933126167 0.620623859
31.246362686 11691.008789062 7270.285862177 0.621869848
31.227806091 11548.564453125 7193.126488920 0.622858929
31.205766678 11405.636718750 7115.616827569 0.623868444
31.184230804 11268.132812500 7040.778384976 0.624839847
31.162443161 11122.081054688 6964.916099394 0.626224181
31.141641617 10974.419921875 6889.988774094 0.627822593
31.121974945 10828.069335938 6819.522477071 0.629800407
31.102788925 10694.080078125 6744.437402961 0.630670180
31.077663422 10526.933593750 6671.231267809 0.633729776
31.058374405 10390.969726562 6593.918205436 0.634581601
31.038475037 10246.272460938 6511.886990515 0.635537169
31.016141891 10101.254882812 6432.122543201 0.636764701
30.994710922 9958.695312500 6348.755741244 0.637508784
30.971347809 9815.331054688 6263.225454810 0.638106389
30.948657990 9670.726562500 6173.180234097 0.638336757
30.927583694 9529.569335938 6080.713293577 0.638088992
30.903570175 9384.917968750 5984.582350815 0.637680838
30.880292892 9245.000976562 5887.680940272 0.636850224
30.857412338 9105.958007812 5788.111485883 0.635640037
30.833400726 8969.211914062 5682.109837189 0.633512720
30.808149338 8822.654296875 5575.083409284 0.631905459
30.784219742 8683.541015625 5468.521624797 0.629757102
30.758884430 8546.037109375 5361.977495960 0.627422679
30.735271454 8415.242187500 5256.256097492 0.624611387
30.706262589 8262.755859375 5155.027186793 0.623887148
30.681011200 8138.648437500 5050.308654717 0.620534072
30.656221390 8004.683105469 4950.973039682 0.618509562
30.627527237 7865.937988281 4852.884213978 0.616949208
30.600324631 7729.077148438 4756.145674649 0.615357511
30.571441650 7597.386718750 4660.305663564 0.613409036
30.542581558 7464.179687500 4566.387156603 0.611773476
30.513866425 7336.280273438 4475.912202251 0.610106489
30.483787537 7202.452636719 4387.107237930 0.609112959
30.455156326 7073.427734375 4299.581609785 0.607849797
30.423734665 6943.529296875 4214.096534810 0.606909880
30.394557953 6820.616699219 4129.967429236 0.605512318
30.362779617 6687.317382812 4048.050376820 0.605332474
30.330181122 6560.314453125 3967.644307723 0.604794837
30.298883438 6434.529785156 3888.264808540 0.604281111
30.269372940 6313.455078125 3811.760266519 0.603751863
30.231149673 6176.594238281 3736.815549413 0.604996120
30.200775146 6059.380371094 3661.033916299 0.604192787
30.167402267 5936.881347656 3588.539545111 0.604448588
30.132852554 5814.014160156 3516.751637428 0.604874969
30.098323822 5691.768066406 3445.750458797 0.605391931
30.062849045 5568.924316406 3374.949686921 0.606032601
30.027460098 5447.183105469 3304.536707551 0.606650565
29.992322922 5331.646484375 3234.510246221 0.606662549
29.955148697 5211.169433594 3165.635286997 0.607471188
29.918876648 5096.804687500 3096.905809755 0.607617125
29.881599426 4979.567871094 3028.761692704 0.608237857
29.843795776 4865.226074219 2961.505760436 0.608708766
29.804439545 4749.988281250 2895.567768923 0.609594718
29.763738632 4630.706054688 2829.453847157 0.611019964
29.725872040 4518.271484375 2763.511749163 0.611630301
29.687376022 4416.568359375 2699.122454709 0.611135668
29.643800735 4297.446777344 2635.309137205 0.613226707
29.606081009 4195.513671875 2571.799899729 0.612988087
29.564729691 4089.352294922 2509.728346074 0.613722704
29.521049500 3981.605468750 2448.277738899 0.614897121
29.478208542 3876.409179688 2387.849278747 0.615995156
29.433477402 3769.788330078 2328.619573501 0.617705656
29.388790131 3664.339355469 2270.091808331 0.619509163
29.344774246 3563.784912109 2212.315326572 0.620776893
29.297672272 3462.471923828 2155.834423862 0.622628709
29.252269745 3363.985595703 2099.916679269 0.624234742
29.206132889 3265.062500000 2045.577539521 0.626504865
29.159870148 3170.873046875 1992.347357551 0.628327697
29.110334396 3072.754150391 1940.163774440 0.631408723
29.059936523 2977.507812500 1889.094084734 0.634454787
29.011890411 2885.891845703 1839.387229500 0.637372198
28.963506699 2799.583984375 1789.959598013 0.639366280
28.907798767 2697.765625000 1742.599505745 0.645941771
28.859710693 2614.628906250 1695.417804691 0.648435348
28.807802200 2528.183349609 1649.582792405 0.652477516
28.754171371 2439.003173828 1604.720820085 0.657941259
28.701129913 2353.982177734 1560.797871085 0.663045747
28.645359039 2269.397949219 1517.878681266 0.668846414
28.590343475 2186.605712891 1475.840098634 0.674945689
28.536418915 2108.294677734 1434.530431728 0.680422166
28.478591919 2026.329833984 1394.134731043 0.688009774
28.422882080 1947.880737305 1354.365949528 0.695302296
28.365390778 1869.500610352 1315.407842540 0.703614556
28.308130264 1794.957885742 1276.886793505 0.711374235
28.247678757 1719.335083008 1239.254983140 0.720775720
28.186742783 1643.850341797 1202.082967541 0.731260588
28.127277374 1573.512695312 1165.362530072 0.740612093
28.070478439 1507.265258789 1128.980351026 0.749025657
28.002847672 1431.091064453 1094.040641290 0.764480101
27.944368362 1366.957641602 1058.464026947 0.774321014
27.881544113 1299.745117188 1023.589238191 0.787530743
27.816707611 1232.210937500 989.387829250 0.802937061
27.752916336 1169.387329102 955.408494338 0.817016288
27.685581207 1104.932128906 921.920445181 0.834368393
27.619398117 1044.613281250 888.739555201 0.850783320
27.554727554 986.569213867 855.886382667 0.867538101
27.485355377 926.847717285 823.539476015 0.888538064
27.418458939 873.284484863 791.497116338 0.906345103
27.348833084 818.595336914 759.954530324 0.928364109
27.280511856 766.295959473 728.673539486 0.950903539
27.208347321 713.261230469 697.789630836 0.978308649
27.135658264 662.937988281 667.323061371 1.006614605
27.063787460 613.763732910 636.974144132 1.037816524
26.995338440 570.311096191 606.716927111 1.063835039
26.909151077 518.241516113 577.258616213 1.113879530
26.838247299 477.293548584 547.427127745 1.146940136
26.763185501 436.391571045 518.226929373 1.187527358
26.684326172 396.546600342 489.372682844 1.234086189
26.607522964 358.493957520 460.455186962 1.284415476
26.527507782 321.957916260 431.565065855 1.340439368
26.448038101 286.731658936 402.456864791 1.403601075
26.369073868 255.067092896 373.581320160 1.464639425
26.285196304 223.034866333 345.420941336 1.548730685
26.203775406 194.564331055 317.641502737 1.632578289
26.119268417 166.599319458 290.753697922 1.745227405
26.036252975 142.058135986 264.775909930 1.863856006
25.948764801 117.493965149 240.081374311 2.043350686
25.860334396 96.100852966 216.388052118 2.251676707
25.772300720 77.028579712 194.003679156 2.518593487
25.688528061 61.770759583 172.797479357 2.797399296
25.586536407 44.146137238 153.300328700 3.472564947
25.499994278 31.829587936 134.906011602 4.238383854
25.407344818 22.316429138 117.803274104 5.278768990
25.309591293 15.307943344 102.071885819 6.667903292
25.211631775 12.803271294 87.504242240 6.834522227
25.108779907 12.596463203 74.286313679 5.897394569
25.009452820 12.412633896 62.272726497 5.016882558
24.910903931 11.539445877 51.396429760 4.453977280
24.809331894 12.435612679 41.792770984 3.360732765
24.710950851 12.573485374 33.364068355 2.653525841
24.610197067 12.619441986 26.050957824 2.064351011
24.513622284 12.343697548 19.732302782 1.598573094
24.410476685 13.607523918 14.514608893 1.066660546
24.308254242 12.803271294 10.254329292 0.800914786
24.208927155 11.539445877 6.827865829 0.591697895
24.114849091 13.010079384 4.105813125 0.315587092
24.006309509 11.999018669 2.333266425 0.194454771
23.911537170 12.711356163 1.171279286 0.092144321
23.812631607 11.608382225 0.594034373 0.051172882
23.710010529 12.711356163 0.418710121 0.032939847
23.610454559 11.562423706 0.348118851 0.030107775
23.508022308 12.320719719 0.300345328 0.024377255
23.407352448 12.251784325 0.279482410 0.022811568
23.309160233 11.953061104 0.308550490 0.025813512
23.208848953 10.643279076 0.284866626 0.026764931
23.107696533 10.964980125 0.254607399 0.023220051
23.008119583 11.102851868 0.197964473 0.017830056
22.912488937 10.942001343 0.143633075 0.013126764
22.809551239 10.942001343 0.040795840 0.003728371
22.704286575 11.769231796 0.013216781 0.001122994
22.603448868 11.907103539 0.015202637 0.001276770
22.511070251 11.792210579 -0.068820850 -0.005836128
22.395917892 12.458591461 -0.062716213 -0.005033973
22.300727844 11.608382225 -0.158956464 -0.013693249
22.201843262 11.700296402 -0.177046787 -0.015131821
22.098529816 12.389655113 -0.153579440 -0.012395780
21.998216629 12.205825806 -0.158974268 -0.013024458
21.895721436 11.930083275 -0.202139822 -0.016943706
21.795114517 11.999018669 -0.280705974 -0.023394078
21.696985245 11.953061104 -0.333198474 -0.027875577
21.595119476 11.884124756 -0.010547606 -0.000887537
21.495206833 12.228804588 0.037405476 0.003058801
21.394054413 12.458591461 0.092187539 0.007399515
21.295736313 11.930083275 0.094588983 0.007928610
21.192359924 11.424552917 0.150640938 0.013185718
21.089319229 12.182847977 0.124173895 0.010192518
20.988586426 12.090932846 0.127269055 0.010525991
20.894487381 11.608382225 0.092012155 0.007926355
20.780740738 12.527526855 0.057226784 0.004568083
20.686746597 12.389655113 0.115953537 0.009358899
20.587127686 10.574342728 0.165774725 0.015677071
20.484779358 12.136890411 0.098024985 0.008076614
20.383773804 11.999018669 0.013181040 0.001098510
20.281930923 12.642420769 -0.013924244 -0.001101391
20.181030273 12.550505638 0.009757338 0.000777446
20.088504791 7.702012062 -0.025232168 -0.003276049
19.979858398 11.769231796 -0.037518520 -0.003187848
19.880071640 11.562423706 -0.044747418 -0.003870073
19.777996063 12.642420769 -0.086740407 -0.006861060
19.680202484 11.861146927 -0.211268626 -0.017811821
19.577434540 12.412633896 -0.244639356 -0.019708900
19.475002289 11.815189362 -0.348860510 -0.029526443
19.374731064 12.573485374 -0.383986524 -0.030539386
19.281263351 11.907103539 -0.428055094 -0.035949557
19.165607452 11.217744827 -0.512685252 -0.045703059
19.069576263 11.240722656 -0.591978248 -0.052663718
18.971509933 12.435612679 -0.512793925 -0.041235920
18.867902756 12.918164253 -0.599882937 -0.046437166
18.766771317 12.297740936 -0.616776290 -0.050153625
18.667907715 11.401574135 -0.667271864 -0.058524538
18.564657211 12.389655113 -0.707184726 -0.057078645
18.466045380 12.113911629 -0.467742078 -0.038611977
18.363170624 11.677317619 -0.475942011 -0.040757820
18.261894226 11.976039886 -0.508691962 -0.042475807
18.160196304 13.883267403 -0.486267316 -0.035025423
18.062360764 13.033057213 -0.472448313 -0.036249999
17.959068298 13.515608788 -0.479285578 -0.035461634
17.855543137 12.550505638 -0.482861030 -0.038473432
17.755546570 13.239865303 -0.534667904 -0.040383183
17.662790298 13.056035995 -0.526160819 -0.040300197
17.546442032 13.147951126 -0.437433109 -0.033270059
17.451229095 12.481570244 -0.286395610 -0.022945479
17.352029800 13.722416878 -0.232121524 -0.016915499
17.248716354 12.803271294 -0.229430613 -0.017919687
17.148635864 12.734334946 0.009229859 0.000724801
17.044334412 12.665398598 0.077450892 0.006115156
16.944757462 13.170928955 0.196363834 0.014908883
16.845872879 13.331780434 0.280370921 0.021030268
16.742809296 14.067095757 0.494926043 0.035183243
16.642686844 12.159869194 0.666162745 0.054783710
16.542373657 13.101992607 0.593197687 0.045275379
16.443426132 12.941143036 0.638661683 0.049351258
16.340616226 13.561566353 0.568428632 0.041914674
16.237848282 13.676459312 0.545620547 0.039894869
16.137830734 13.446673393 0.528667562 0.039315862
16.043983459 12.941143036 0.483733859 0.037379531
15.933238029 11.999018669 0.480995379 0.040086226
15.834731102 12.389655113 0.523989652 0.042292513
15.735698700 12.734334946 0.475634386 0.037350548
15.638724327 9.425411224 0.433506977 0.045993428
15.531695366 13.056035995 0.447651267 0.034286920
15.430333138 11.263702393 0.485857253 0.043134774
15.327334404 12.067954063 0.459444782 0.038071473
15.234495163 10.344555855 0.410983396 0.039729438
15.128452301 10.666256905 0.285929829 0.026806951
15.024991035 12.619441986 0.242702326 0.019232413
14.926547050 11.470509529 0.142924478 0.012460168
14.824744225 12.780291557 0.063882929 0.004998550
14.721597672 12.964121819 -0.068733246 -0.005301805
14.618997574 12.159869194 -0.253151883 -0.020818635
14.518791199 12.757313728 -0.362290742 -0.028398670
14.424208641 11.930083275 -0.463267032 -0.038831836
14.312163353 11.792210579 -0.476003696 -0.040365943
14.216363907 11.953061104 -0.531354665 -0.044453438
14.116513252 12.711356163 -0.631364062 -0.049669292
14.013892174 11.838168144 -0.475408144 -0.040158928
13.913496017 11.447530746 -0.616098688 -0.053819352
13.809068680 11.907103539 -0.641716116 -0.053893553
13.708609581 12.021997452 -0.697771964 -0.058041267
13.609620094 12.435612679 -0.614993738 -0.049454237
13.506096840 12.987099648 -0.533431069 -0.041073918
13.405468941 12.987099648 -0.573665475 -0.044171947
13.302659035 12.803271294 -0.511132042 -0.039921988
13.205034256 13.033057213 -0.506455791 -0.038859324
13.102560043 13.745394707 -0.497139383 -0.036167705
12.999623299 12.734334946 -0.490543511 -0.038521329
12.898115158 13.079014778 -0.522705662 -0.039965217
12.806470871 12.619441986 -0.433841167 -0.034378792
12.693270683 12.964121819 -0.323840912 -0.024979780
12.596946716 13.377737045 -0.241185878 -0.018028900
12.497831345 12.665398598 -0.246183503 -0.019437486
12.394307137 13.975181580 -0.200539265 -0.014349672
12.293994904 14.021139145 -0.136488062 -0.009734449
12.190135956 13.860288620 -0.079964934 -0.005769356
12.087555885 13.492630005 -0.073443169 -0.005443206
11.988503456 13.377737045 -0.043849230 -0.003277776
11.885945320 13.515608788 -0.191112802 -0.014140155
11.784918785 13.079014778 -0.229734491 -0.017565122
11.683347702 12.757313728 -0.205210235 -0.016085693
11.584232330 12.481570244 -0.205334772 -0.016451037
11.481506348 13.354758263 -0.251350725 -0.018821061
11.379240990 13.446673393 -0.295023189 -0.021940236
11.279830933 12.343697548 -0.314359262 -0.025467188
11.185061455 12.159869194 -0.322654082 -0.026534338
11.073371887 12.481570244 -0.330662408 -0.026492052
10.976901054 13.170928955 -0.372573285 -0.028287548
10.877574921 13.285822868 -0.352781413 -0.026553223
10.774995804 13.492630005 -0.438114132 -0.032470625
10.674556732 13.262844086 -0.547242645 -0.041261334
10.570341110 14.067095757 -0.617223397 -0.043877102
10.470070839 13.377737045 -0.620740644 -0.046401020
10.370576859 15.813472748 -0.592016467 -0.037437474
10.268522263 14.181989670 -0.582544967 -0.041076392
10.167958260 13.400715828 -0.526519227 -0.039290381
10.066576004 13.607523918 -0.483057162 -0.035499270
9.966914177 13.653480530 -0.397920666 -0.029144266
9.863180161 14.687520027 -0.344492186 -0.023454755
9.760117531 14.044117928 -0.302297858 -0.021524873
9.661023140 14.411775589 -0.213199607 -0.014793431
9.567974091 14.159010887 -0.063624696 -0.004493583
9.451540947 14.365818977 0.048111763 0.003349044
9.355636597 14.159010887 0.132657689 0.009369135
9.256163597 14.618583679 0.174603583 0.011943947
9.152492523 15.009221077 0.163180950 0.010872047
9.052789688 14.595604897 0.203638158 0.013952019
8.949560165 13.929224968 0.192970653 0.013853653
8.848849297 13.538587570 0.208380003 0.015391561
8.750321388 13.722416878 0.043365132 0.003160167
8.647615433 13.423693657 -0.000657026 -0.000048945
8.547848701 13.998160362 -0.018257906 -0.001304308
8.446487427 13.676459312 0.003694450 0.000270132
8.346866608 13.354758263 0.048242274 0.003612366
8.244519234 13.446673393 -0.010113284 -0.000752103
8.141540527 13.837309837 -0.120783237 -0.008728809
8.041816711 13.124972343 -0.111357904 -0.008484430
7.949250221 13.469652176 -0.073899992 -0.005486407
7.835838795 13.262844086 -0.062423572 -0.004706651
7.739326000 13.860288620 -0.032381629 -0.002336288
7.640902996 14.572627068 -0.022555254 -0.001547782
7.538576126 14.021139145 -0.011712430 -0.000835341
7.438075066 14.067095757 -0.018210060 -0.001294515
7.334949970 14.365818977 -0.032982867 -0.002295927
7.233986855 14.848369598 0.003655715 0.000246203
7.135647774 14.503690720 0.007967412 0.000549337
7.033257008 14.917305946 0.069211323 0.004639666
6.932441235 14.136032104 0.032685707 0.002312226
6.831583023 13.745394707 0.022051726 0.001604299
6.731964111 14.365818977 0.118127870 0.008222843
6.630287170 15.905387878 0.145705536 0.009160766
6.527371883 13.630501747 0.166331261 0.012202871
6.428067207 13.377737045 0.242386323 0.018118634
6.337096214 13.538587570 0.264881922 0.019564960
6.220033169 13.400715828 0.276123063 0.020605098
6.123519897 13.193907738 0.285012611 0.021601834
6.024655819 12.665398598 0.259342291 0.020476441
5.921741009 13.239865303 0.298358435 0.022534854
5.821513176 13.998160362 0.306020440 0.021861475
5.718576908 13.561566353 0.289565476 0.021351920
5.618390083 13.906246185 0.244274235 0.017565792
5.520743847 13.285822868 0.167307281 0.012592918
5.418017864 14.296882629 0.036518536 0.002554301
5.318061829 14.227947235 -0.029865548 -0.002099076
5.217792034 12.826250076 -0.029798574 -0.002323249
5.118697166 13.837309837 -0.073787138 -0.005332477
5.017230034 13.561566353 -0.256756837 -0.018932683
4.915994167 13.377737045 -0.313844937 -0.023460241
4.816353798 13.929224968 -0.359983478 -0.025843755
4.724522114 14.365818977 -0.395648370 -0.027540955
4.615456104 13.837309837 -0.373421321 -0.026986555
4.519552231 13.653480530 -0.318821306 -0.023350918
4.422114849 13.101992607 -0.247177852 -0.018865669
4.318675995 13.515608788 -0.215591549 -0.015951301
4.221743107 13.561566353 -0.242310820 -0.017867466
4.117421150 13.469652176 -0.308970106 -0.022938239
4.019186974 14.273903847 -0.350102888 -0.024527480
3.921057940 14.710497856 -0.371669428 -0.025265591
3.819737911 14.457733154 -0.481497757 -0.033303821
3.720853090 13.791353226 -0.587946915 -0.042631561
3.621653080 13.860288620 -0.524150957 -0.037816742
3.522999048 14.480711937 -0.549131057 -0.037921551
3.422477007 14.733476639 -0.642544799 -0.043611214
3.321996927 14.894328117 -0.593451247 -0.039844110
3.223637104 14.641562462 -0.610833811 -0.041719168
3.133986950 13.906246185 -0.713846021 -0.051332762
3.027839899 13.630501747 -0.819688322 -0.060136328
2.968080997 13.929224968 -0.858409468 -0.061626506
2.943248987 14.044117928 -0.796416139 -0.056708164
2.930717945 14.227947235 -0.756813388 -0.053192029
2.922426939 15.514751434 -0.709533876 -0.045732855
2.917850971 14.664541245 -0.536770377 -0.036603285
2.915122032 15.170070648 -0.538627704 -0.035505946
2.913233042 15.514751434 -0.715252426 -0.046101443
2.911344051 15.445815086 -0.876911301 -0.056773391
2.909874916 14.273903847 -0.790796556 -0.055401561
2.909265995 14.480711937 -0.515123791 -0.035573098
2.909245014 16.433897018 -0.489943394 -0.029812977
2.909245014 13.952202797 -0.876689371 -0.062835194
2.909349918 14.227947235 -2.477817412 -0.174151434
2.910482883 14.756456375 -6.084335646 -0.412316852
2.911344051 15.905387878 -13.645203430 -0.857898187
2.911742926 15.009221077 -25.531158541 -1.701031547
2.913422108 15.009221077 -32.700346052 -2.178683749
2.913506031 14.710497856 -34.866775088 -2.370196810
2.915374041 14.963262558 -34.318302739 -2.293504014
2.915668011 14.021139145 -35.461514231 -2.529146446
2.917619944 14.181989670 -34.204260706 -2.411809732
2.919572115 14.342840195 -33.632295421 -2.344883926
2.920202017 14.457733154 -28.141380376 -1.946458693
2.921859980 15.399858475 -24.811459452 -1.611148537
2.923832893 14.572627068 -26.199168069 -1.797834251
2.925931931 13.607523918 -26.331173245 -1.935045156
2.927108049 13.607523918 -17.587740076 -1.292501133
2.928261995 14.802412987 -19.442100890 -1.313441323
2.930213928 14.159010887 -18.861851536 -1.332144716
2.932291985 13.906246185 -18.212305823 -1.309649317
2.934328079 13.860288620 -13.014746543 -0.938995349
2.936384916 14.595604897 -7.483682957 -0.512735375
2.938211918 13.975181580 -4.046301143 -0.289534781
2.940310955 13.975181580 -4.202115820 -0.300684166
2.941884995 13.791353226 0.153424696 0.011124702
2.943269968 13.975181580 -2.505977028 -0.179316241
2.945537090 13.699438095 -3.451528987 -0.251946756
2.947468042 14.434755325 -6.607584014 -0.457755179
2.949525118 14.090074539 -7.227813045 -0.512971952
2.951708078 13.768374443 -4.703718354 -0.341632077
2.953576088 13.906246185 -7.003383197 -0.503614211
2.955717087 14.618583679 -10.354805836 -0.708331673
2.958277941 13.906246185 -13.136867543 -0.944673880
2.960733891 14.296882629 -9.785005610 -0.684415328
2.963084936 13.906246185 -11.393339176 -0.819296525
2.965058088 14.181989670 -12.951825610 -0.913258711
2.967220068 15.009221077 -12.155775609 -0.809887172
2.969907045 14.503690720 -10.526822362 -0.725803009
2.972048044 13.722416878 -12.405227056 -0.904011820
2.974147081 14.802412987 -14.052151341 -0.949314909
2.976267099 13.538587570 -17.381468592 -1.283846524
2.978450060 13.860288620 -19.742887332 -1.424421083
2.980549097 12.964121819 -19.774561829 -1.525329838
2.982815981 13.561566353 -23.062959139 -1.700611754
2.985208988 13.630501747 -26.378346017 -1.935243948
2.987664938 12.734334946 -28.649804561 -2.249807680
2.990581989 13.147951126 -26.443071976 -2.011193358
2.992891073 13.285822868 -23.510275610 -1.769576175
2.995074034 14.204968452 -23.311191618 -1.641059021
2.997256994 13.101992607 -21.871628301 -1.669336028
2.999397993 13.285822868 -18.039245227 -1.357781554
3.001980066 14.113054276 -15.602402190 -1.105529808
3.003952980 13.722416878 -14.249731633 -1.038427251
3.007457972 13.010079384 -13.014060421 -1.000305996
3.009788036 13.010079384 -11.867900491 -0.912208153
3.011887074 12.504549026 -8.677054054 -0.693911794
3.014153957 12.596463203 -5.253364424 -0.417050750
3.016336918 13.653480530 -2.081536716 -0.152454659
3.019633055 11.677317619 -2.089509887 -0.178937489
3.022277117 11.815189362 0.562232179 0.047585541
3.024523020 12.366677284 2.919113187 0.236046686
3.026705980 13.860288620 0.296306255 0.021378072
3.028951883 13.423693657 -2.115949031 -0.157627929
3.032541990 12.987099648 -1.866123467 -0.143690548
3.034996986 13.010079384 1.515284606 0.116470051
3.037137985 14.273903847 -0.882844538 -0.061850251
3.039320946 13.515608788 -0.822836651 -0.060880473
3.041903019 12.205825806 3.175958011 0.260200175
3.044296026 12.504549026 7.016465691 0.561113054
3.047612906 13.124972343 7.171118406 0.546372077
3.049732924 12.826250076 6.640186517 0.517702873
3.051873922 14.113054276 5.300112629 0.375546818
3.054497004 13.722416878 2.943982641 0.214538202
3.057415009 13.354758263 2.166944604 0.162260114
3.060143948 13.837309837 -2.647013645 -0.191295395
3.062326908 13.676459312 -7.308112820 -0.534357077
3.064446926 12.573485374 -11.834280861 -0.941209260
3.066860914 12.205825806 -8.558243474 -0.701160545
3.069798946 13.101992607 -6.178667630 -0.471582286
3.072822094 13.423693657 -7.394648510 -0.550865410
3.074942112 12.136890411 -6.299302761 -0.519021145
3.077125072 12.895186424 -3.144074977 -0.243817722
3.079854012 13.630501747 -3.926483894 -0.288065984
3.082729101 13.929224968 -10.412914386 -0.747558777
3.085058928 13.193907738 -14.965031158 -1.134237972
3.087557077 12.918164253 -18.971242577 -1.468571091
3.089656115 13.101992607 -22.560001886 -1.721875639
3.092175007 12.619441986 -22.428269957 -1.777279057
3.095490932 12.159869194 -19.917045887 -1.637932577
3.097925901 12.481570244 -19.363273326 -1.551349145
3.100130081 12.435612679 -17.655371627 -1.419742805
3.102292061 11.953061104 -16.238143313 -1.358492454
3.104748011 13.607523918 -18.035092503 -1.325376506
3.108232021 13.653480530 -22.153023608 -1.622518416
3.110562086 12.642420769 -22.422437470 -1.773587344
3.112745047 13.561566353 -20.298927311 -1.496798141
3.115075111 13.124972343 -22.075700014 -1.681961641
3.117950916 12.205825806 -22.757474875 -1.864476459
3.120784998 11.148809433 -22.969078910 -2.060227063
3.123198032 11.562423706 -23.528165008 -2.034881752
3.125255108 11.033916473 -23.846166425 -2.161169743
3.127584934 11.401574135 -22.095622298 -1.937944887
3.130839109 11.493488312 -20.380479383 -1.773219655
3.133630991 12.711356163 -21.054815787 -1.656378400
3.135792971 12.228804588 -23.185393800 -1.895965679
3.137912989 12.136890411 -24.235090960 -1.996812210
3.140767097 12.067954063 -25.429145381 -2.107162925
3.143663883 11.792210579 -26.005680046 -2.205326972
3.146203995 11.171787262 -22.546051072 -2.018123917
3.148386955 11.746253014 -18.344302938 -1.561715291
3.150633097 12.320719719 -15.306749783 -1.242358412
3.154032946 11.953061104 -17.036051466 -1.425245911
3.156656981 11.608382225 -13.232006982 -1.139866583
3.158902884 10.942001343 -12.354390173 -1.129079570
3.161107063 10.298599243 -14.861308447 -1.443041728
3.163688898 10.942001343 -16.852094549 -1.540129088
3.167005062 11.930083275 -18.827929828 -1.578189305
3.169356108 11.677317619 -21.552771899 -1.845695441
3.171560049 11.102851868 -23.340545655 -2.102211750
3.174057961 10.850086212 -23.457922925 -2.162003367
3.177016973 10.873064995 -22.640124528 -2.082221024
3.179809093 10.758172035 -22.049782664 -2.049584501
3.182013035 11.447530746 -19.747899986 -1.725079445
3.184406042 11.355616570 -19.004914006 -1.673613572
3.187827110 11.447530746 -21.112000926 -1.844240596
3.190304041 11.884124756 -21.948421573 -1.846868997
3.192382097 8.850945473 -22.761824220 -2.571682798
3.195027113 11.355616570 -19.753281527 -1.739516424
3.198153973 10.964980125 -18.612667333 -1.697464758
3.200861931 10.551363945 -21.514763135 -2.039050425
3.203044891 10.298599243 -24.008184016 -2.331208687
3.206278086 10.781150818 -24.283580263 -2.252410774
3.208837986 10.068813324 -21.686712391 -2.153849882
3.211335897 10.252641678 -20.507573184 -2.000223340
3.213540077 9.609239578 -23.464276443 -2.441845294
3.217046022 10.298599243 -25.911249691 -2.515997475
3.219626904 10.183706284 -26.593026089 -2.611330821
3.221831083 10.873064995 -24.889630942 -2.289109000
3.224287033 10.413492203 -22.345110957 -2.145784577
3.227940083 9.724132538 -21.178992369 -2.177982693
3.230227947 9.586260796 -19.751591795 -2.060406264
3.232431889 8.850945473 -15.521792316 -1.753687486
3.235790014 10.643279076 -20.302914951 -1.907580813
3.238624096 10.114769936 -17.547776155 -1.734866563
3.240765095 8.965838432 -17.112174436 -1.908597234
3.243660927 9.701153755 -17.026069042 -1.755056097
3.246936083 9.930940628 -18.441510083 -1.856975162
3.249140024 10.091791153 -16.961441453 -1.680716653
3.251322985 9.632218361 -18.292801946 -1.899126583
3.255079985 8.276477814 -25.895224756 -3.128773536
3.257556915 8.575201035 -27.595105436 -3.218012654
3.259886980 9.172645569 -26.095926929 -2.844972776
3.263139963 10.206684113 -23.815377472 -2.333311897
3.265911102 9.839026451 -20.064279896 -2.039254594
3.268136024 9.241580963 -20.690945346 -2.238896724
3.271451950 9.103710175 -17.149606923 -1.883804141
3.274202108 9.747112274 -14.958423097 -1.534651769
3.276406050 8.804986954 -17.879423636 -2.030601945
3.279072046 9.517325401 -14.533010454 -1.527005733
3.282471895 8.759030342 -10.995836763 -1.255371466
3.284780979 8.896902084 -11.939495888 -1.341983510
3.287048101 8.391371727 -9.965792449 -1.187623761
3.290678978 9.034773827 -6.759390678 -0.748152727
3.293176889 8.414349556 -1.125326336 -0.133738957
3.294981956 5.243298054 0.193283444 0.036862952
3.298362017 8.322436333 -1.981956714 -0.238146215
3.301489115 8.896902084 -5.405230721 -0.607540768
3.303693056 9.310517311 -5.548432980 -0.595931761
3.306296110 9.195624352 -1.775362937 -0.193066057
3.309529066 7.587119102 -0.498149265 -0.065657235
3.312047005 9.999876976 1.837711972 0.183773458
3.314313889 9.586260796 1.864205470 0.194466384
3.317043066 8.069670677 3.696630407 0.458089376
3.320465088 8.896902084 1.487405916 0.167182453
3.322668076 9.448389053 -9.062045575 -0.959110122
3.324892998 8.621157646 -19.983444989 -2.317953784
3.328398943 9.103710175 2.466326322 0.270914416
3.330918074 9.379452705 2.481690252 0.264587959
3.333101034 10.275620461 2.479513302 0.241300592
3.335724115 8.804986954 2.479840531 0.281640455
3.338893890 8.644137383 2.513036011 0.290721433
3.341517925 7.793927193 2.514261861 0.322592423
3.344224930 8.575201035 2.508337469 0.292510631
3.347521067 9.172645569 2.496391205 0.272156074
3.349872112 8.391371727 2.484646230 0.296095360
3.352013111 9.402432442 2.493989368 0.265249379
3.355118990 8.529244423 2.469032715 0.289478480
3.358226061 8.621157646 2.447754009 0.283924052
