Ch1: 3.108652 -4.269860 0.312000 25.187500 500 6446 1481
Ch1: 3.104454 -6.567725 0.312000 25.156250 499 6445 1479
Ch1: 3.100256 -4.269860 0.312000 25.156250 498 6446 1477
Ch1: 3.096058 18.708782 0.312000 25.187500 497 6456 1475
Ch1: 3.093959 18.708782 0.375000 25.156250 496 6456 1474
Ch1: 3.089761 -1.971996 0.375000 25.156250 495 6447 1472
Ch1: 3.089761 16.410918 0.312000 25.156250 494 6455 1472
Ch1: 3.085563 16.410918 0.375000 25.187500 493 6455 1470
Ch1: 3.083464 11.815189 0.375000 25.156250 492 6453 1469
Ch1: 3.081365 9.517325 0.375000 25.156250 491 6452 1468
Ch1: 3.079266 4.921597 0.375000 25.187500 490 6450 1467
Ch1: 3.075068 2.623732 0.375000 25.156250 489 6449 1465
Ch1: 3.072969 -1.971996 0.375000 25.156250 488 6447 1464
Ch1: 3.070870 -1.971996 0.375000 25.156250 487 6447 1463
Ch1: 3.068771 -4.269860 0.375000 25.156250 486 6446 1462
Ch1: 3.064573 14.113054 0.375000 25.125000 485 6454 1460
Ch1: 3.062474 21.006646 0.375000 25.187500 484 6457 1459
Ch1: 3.060375 18.708782 0.375000 25.125000 483 6456 1458
Ch1: 3.058276 23.304511 0.375000 25.187500 482 6458 1457
Ch1: 3.054078 11.815189 0.375000 25.156250 481 6453 1455
Ch1: 3.054078 18.708782 0.375000 25.156250 480 6456 1455
Ch1: 3.049880 9.517325 0.375000 25.187500 479 6452 1453
Ch1: 3.047781 7.219461 0.375000 25.156250 478 6451 1452
Ch1: 3.045681 4.921597 0.375000 25.156250 477 6450 1451
Ch1: 3.043582 2.623732 0.375000 25.156250 476 6449 1450
Ch1: 3.039384 -1.971996 0.375000 25.125000 475 6447 1448
Ch1: 3.037285 -6.567725 0.375000 25.156250 474 6445 1447
Ch1: 3.037285 -6.567725 0.375000 25.187500 473 6445 1447
Ch1: 3.033087 -1.971996 0.375000 25.156250 472 6447 1445
Ch1: 3.030988 -8.865589 0.375000 25.156250 471 6444 1444
Ch1: 3.028889 -8.865589 0.375000 25.187500 470 6444 1443
Ch1: 3.026790 -4.269860 0.375000 25.125000 469 6446 1442
Ch1: 3.024691 -1.971996 0.375000 25.156250 468 6447 1441
Ch1: 3.020493 0.325868 0.375000 25.125000 467 6448 1439
Ch1: 3.018394 4.921597 0.375000 25.156250 466 6450 1438
Ch1: 3.016295 9.517325 0.375000 25.156250 465 6452 1437
Ch1: 3.012097 -13.461317 0.375000 25.125000 464 6442 1435
Ch1: 3.012097 18.708782 0.375000 25.156250 463 6456 1435
Ch1: 3.007899 18.708782 0.375000 25.156250 462 6456 1433
Ch1: 3.007899 21.006646 0.375000 25.156250 461 6457 1433
Ch1: 3.003701 18.708782 0.375000 25.156250 460 6456 1431
Ch1: 3.001602 18.708782 0.375000 25.156250 459 6456 1430
Ch1: 2.999503 16.410918 0.375000 25.156250 458 6455 1429
Ch1: 2.997404 14.113054 0.375000 25.187500 457 6454 1428
Ch1: 2.995305 7.219461 0.375000 25.156250 456 6451 1427
Ch1: 2.993206 4.921597 0.375000 25.125000 455 6450 1426
Ch1: 2.989008 -8.865589 0.375000 25.156250 454 6444 1424
Ch1: 2.986909 -8.865589 0.375000 25.125000 453 6444 1423
Ch1: 2.984810 -6.567725 0.375000 25.156250 452 6445 1422
Ch1: 2.982711 -4.269860 0.375000 25.187500 451 6446 1421
Ch1: 2.980612 -1.971996 0.375000 25.156250 450 6447 1420
Ch1: 2.978513 0.325868 0.375000 25.156250 449 6448 1419
Ch1: 2.976414 2.623732 0.375000 25.156250 448 6449 1418
Ch1: 2.974315 4.921597 0.375000 25.156250 447 6450 1417
Ch1: 2.972216 11.815189 0.375000 25.125000 446 6453 1416
Ch1: 2.970117 16.410918 0.375000 25.156250 445 6455 1415
Ch1: 2.968018 16.410918 0.375000 25.156250 444 6455 1414
Ch1: 2.963820 21.006646 0.375000 25.156250 443 6457 1412
Ch1: 2.961721 16.410918 0.375000 25.187500 442 6455 1411
Ch1: 2.959622 21.006646 0.375000 25.156250 441 6457 1410
Ch1: 2.959622 18.708782 0.375000 25.156250 440 6456 1410
Ch1: 2.957523 18.708782 0.375000 25.156250 439 6456 1409
Ch1: 2.955424 16.410918 0.375000 25.187500 438 6455 1408
Ch1: 2.951225 9.517325 0.375000 25.156250 437 6452 1406
Ch1: 2.951225 2.623732 0.375000 25.156250 436 6449 1406
Ch1: 2.949126 -1.971996 0.375000 25.156250 435 6447 1405
Ch1: 2.944928 -4.269860 0.375000 25.156250 434 6446 1403
Ch1: 2.942829 -27.248503 0.375000 25.156250 433 6436 1402
Ch1: 2.942829 -4.269860 0.375000 25.187500 432 6446 1402
Ch1: 2.940730 -6.567725 0.375000 25.156250 431 6445 1401
Ch1: 2.938631 -6.567725 0.375000 25.125000 430 6445 1400
Ch1: 2.936532 -6.567725 0.375000 25.156250 429 6445 1399
Ch1: 2.934433 0.325868 0.375000 25.156250 428 6448 1398
Ch1: 2.932334 0.325868 0.375000 25.156250 427 6448 1397
Ch1: 2.930235 2.623732 0.375000 25.156250 426 6449 1396
Ch1: 2.930235 7.219461 0.375000 25.156250 425 6451 1396
Ch1: 2.928136 7.219461 0.375000 25.156250 424 6451 1395
Ch1: 2.926037 -1.971996 0.375000 25.187500 423 6447 1394
Ch1: 2.926037 14.113054 0.375000 25.156250 422 6454 1394
Ch1: 2.923938 16.410918 0.375000 25.156250 421 6455 1393
Ch1: 2.921839 16.410918 0.375000 25.156250 420 6455 1392
Ch1: 2.921839 -1.971996 0.375000 25.156250 419 6447 1392
Ch1: 2.919740 -1.971996 0.375000 25.125000 418 6447 1391
Ch1: 2.917641 -8.865589 0.375000 25.156250 417 6444 1390
Ch1: 2.917641 -6.567725 0.375000 25.156250 416 6445 1390
Ch1: 2.915542 -6.567725 0.375000 25.156250 415 6445 1389
Ch1: 2.915542 -4.269860 0.375000 25.156250 414 6446 1389
Ch1: 2.915542 -1.971996 0.375000 25.156250 413 6447 1389
Ch1: 2.913443 0.325868 0.375000 25.156250 412 6448 1388
Ch1: 2.913443 0.325868 0.375000 25.187500 411 6448 1388
Ch1: 2.913443 7.219461 0.375000 25.187500 410 6451 1388
Ch1: 2.913443 4.921597 0.375000 25.218750 409 6450 1388
Ch1: 2.915542 11.815189 0.375000 25.187500 408 6453 1389
Ch1: 2.915542 9.517325 0.375000 25.156250 407 6452 1389
Ch1: 2.917641 16.410918 0.375000 25.125000 406 6455 1390
Ch1: 2.919740 16.410918 0.375000 25.187500 405 6455 1391
Ch1: 2.923938 16.410918 0.375000 25.187500 404 6455 1393
Ch1: 2.928136 18.708782 0.375000 25.156250 403 6456 1395
Ch1: 2.940730 -13.461317 0.375000 25.187500 402 6442 1401
Ch1: 2.947027 23.304511 0.375000 25.187500 401 6458 1404
Ch1: 2.968018 21.006646 0.375000 25.156250 400 6457 1414
Ch1: 3.014196 23.304511 0.375000 25.187500 399 6458 1436
Ch1: 3.117048 23.304511 0.375000 25.187500 398 6458 1485
Ch1: 3.205207 23.304511 0.375000 25.156250 397 6458 1527
Ch1: 3.303861 23.304511 0.375000 25.125000 396 6458 1574
Ch1: 3.406713 21.006646 0.375000 25.156250 395 6457 1623
Ch1: 3.509565 21.006646 0.375000 25.187500 394 6457 1672
Ch1: 3.612418 16.410918 0.375000 25.156250 393 6455 1721
Ch1: 3.717369 4.921597 0.375000 25.156250 392 6450 1771
Ch1: 3.801330 7.219461 0.375000 25.156250 391 6451 1811
Ch1: 3.902083 9.517325 0.375000 25.187500 390 6452 1859
Ch1: 4.000737 9.517325 0.375000 25.156250 389 6452 1906
Ch1: 4.101490 2.623732 0.375000 25.156250 388 6449 1954
Ch1: 4.204342 0.325868 0.375000 25.156250 387 6448 2003
Ch1: 4.300897 -4.269860 0.375000 25.156250 386 6446 2049
Ch1: 4.405848 -1.971996 0.375000 25.156250 385 6447 2099
Ch1: 4.504502 -4.269860 0.375000 25.156250 384 6446 2146
Ch1: 4.605255 -4.269860 0.375000 25.187500 383 6446 2194
Ch1: 4.718602 -6.567725 0.375000 25.156250 382 6445 2248
Ch1: 4.804662 -1.971996 0.375000 25.156250 381 6447 2289
Ch1: 4.897019 -1.971996 0.375000 25.156250 380 6447 2333
Ch1: 4.999871 2.623732 0.375000 25.156250 379 6449 2382
Ch1: 5.100624 4.921597 0.375000 25.156250 378 6450 2430
Ch1: 5.201377 4.921597 0.375000 25.187500 377 6450 2478
Ch1: 5.304230 11.815189 0.375000 25.187500 376 6453 2527
Ch1: 5.402884 9.517325 0.375000 25.218750 375 6452 2574
Ch1: 5.507835 18.708782 0.375000 25.125000 374 6456 2624
Ch1: 5.608588 21.006646 0.375000 25.187500 373 6457 2672
Ch1: 5.713539 23.304511 0.375000 25.187500 372 6458 2722
Ch1: 5.818490 -4.269860 0.375000 25.156250 371 6446 2772
Ch1: 5.904550 23.304511 0.375000 25.156250 370 6458 2813
Ch1: 6.007402 23.304511 0.375000 25.156250 369 6458 2862
Ch1: 6.106056 18.708782 0.375000 25.218750 368 6456 2909
Ch1: 6.204710 16.410918 0.375000 25.187500 367 6455 2956
Ch1: 6.318057 11.815189 0.375000 25.187500 366 6453 3010
Ch1: 6.414612 9.517325 0.375000 25.187500 365 6452 3056
Ch1: 6.513266 4.921597 0.375000 25.187500 364 6450 3103
Ch1: 6.618218 -1.971996 0.375000 25.156250 363 6447 3153
Ch1: 6.725268 -4.269860 0.375000 25.156250 362 6446 3204
Ch1: 6.828120 -11.163453 0.375000 25.156250 361 6443 3253
Ch1: 6.914180 -6.567725 0.375000 25.187500 360 6445 3294
Ch1: 7.014933 -1.971996 0.375000 25.187500 359 6447 3342
Ch1: 7.117785 -4.269860 0.375000 25.187500 358 6446 3391
Ch1: 7.216439 -4.269860 0.375000 25.156250 357 6446 3438
Ch1: 7.317192 -6.567725 0.375000 25.156250 356 6445 3486
Ch1: 7.422143 -4.269860 0.375000 25.156250 355 6446 3536
Ch1: 7.524995 0.325868 0.375000 25.156250 354 6448 3585
Ch1: 7.625748 4.921597 0.375000 25.156250 353 6450 3633
Ch1: 7.730699 7.219461 0.375000 25.156250 352 6451 3683
Ch1: 7.833552 11.815189 0.375000 25.187500 351 6453 3732
Ch1: 7.940602 16.410918 0.375000 25.156250 350 6455 3783
Ch1: 8.024563 -4.269860 0.375000 25.187500 349 6446 3823
Ch1: 8.125316 -6.567725 0.375000 25.187500 348 6445 3871
Ch1: 8.228168 -6.567725 0.375000 25.156250 347 6445 3920
Ch1: 8.328921 -6.567725 0.375000 25.156250 346 6445 3968
Ch1: 8.429674 -4.269860 0.375000 25.156250 345 6446 4016
Ch1: 8.532526 0.325868 0.375000 25.187500 344 6448 4065
Ch1: 8.637477 0.325868 0.375000 25.187500 343 6448 4115
Ch1: 8.738230 7.219461 0.375000 25.187500 342 6451 4163
Ch1: 8.843181 11.815189 0.375000 25.187500 341 6453 4213
Ch1: 8.948132 -1.971996 0.375000 25.218750 340 6447 4263
Ch1: 9.036291 21.006646 0.375000 25.156250 339 6457 4305
Ch1: 9.137044 23.304511 0.375000 25.156250 338 6458 4353
Ch1: 9.239897 21.006646 0.375000 25.187500 337 6457 4402
Ch1: 9.340650 18.708782 0.375000 25.187500 336 6456 4450
Ch1: 9.439304 18.708782 0.375000 25.156250 335 6456 4497
Ch1: 9.552651 18.708782 0.375000 25.156250 334 6456 4551
Ch1: 9.647107 16.410918 0.375000 25.156250 333 6455 4596
Ch1: 9.752058 11.815189 0.375000 25.187500 332 6453 4646
Ch1: 9.854910 7.219461 0.375000 25.156250 331 6451 4695
Ch1: 9.964059 2.623732 0.375000 25.156250 330 6449 4747
Ch1: 10.052218 -1.971996 0.375000 25.156250 329 6447 4789
Ch1: 10.150872 -6.567725 0.375000 25.156250 328 6445 4836
Ch1: 10.251625 -6.567725 0.375000 25.187500 327 6445 4884
Ch1: 10.354477 -6.567725 0.375000 25.187500 326 6445 4933
Ch1: 10.455231 -1.971996 0.375000 25.187500 325 6447 4981
Ch1: 10.555984 0.325868 0.375000 25.187500 324 6448 5029
Ch1: 10.658836 2.623732 0.375000 25.187500 323 6449 5078
Ch1: 10.761688 7.219461 0.375000 25.156250 322 6451 5127
Ch1: 10.870837 11.815189 0.375000 25.187500 321 6453 5179
Ch1: 10.971590 14.113054 0.375000 25.218750 320 6454 5227
Ch1: 11.059749 18.708782 0.375000 25.218750 319 6456 5269
Ch1: 11.168898 21.006646 0.375000 25.156250 318 6457 5321
Ch1: 11.263354 23.304511 0.375000 25.156250 317 6458 5366
Ch1: 11.368305 25.602375 0.375000 25.218750 316 6459 5416
Ch1: 11.469058 23.304511 0.375000 25.187500 315 6458 5464
Ch1: 11.571910 25.602375 0.375000 25.187500 314 6459 5513
Ch1: 11.674763 21.006646 0.375000 25.187500 313 6457 5562
Ch1: 11.779714 18.708782 0.375000 25.187500 312 6456 5612
Ch1: 11.888863 -13.461317 0.375000 25.187500 311 6442 5664
Ch1: 11.972824 4.921597 0.375000 25.187500 310 6450 5704
Ch1: 12.071478 4.921597 0.375000 25.187500 309 6450 5751
Ch1: 12.174330 9.517325 0.375000 25.156250 308 6452 5800
Ch1: 12.277182 14.113054 0.375000 25.187500 307 6454 5849
Ch1: 12.380034 11.815189 0.375000 25.187500 306 6453 5898
Ch1: 12.482886 18.708782 0.375000 25.187500 305 6456 5947
Ch1: 12.583639 21.006646 0.375000 25.187500 304 6457 5995
Ch1: 12.682293 21.006646 0.375000 25.156250 303 6457 6042
Ch1: 12.797740 21.006646 0.375000 25.187500 302 6457 6097
Ch1: 12.896394 14.113054 0.375000 25.187500 301 6454 6144
Ch1: 12.986652 18.708782 0.375000 25.187500 300 6456 6187
Ch1: 13.087405 23.304511 0.375000 25.187500 299 6458 6235
Ch1: 13.190257 21.006646 0.375000 25.187500 298 6457 6284
Ch1: 13.291010 16.410918 0.375000 25.187500 297 6455 6332
Ch1: 13.391763 16.410918 0.375000 25.187500 296 6455 6380
Ch1: 13.492516 11.815189 0.375000 25.187500 295 6453 6428
Ch1: 13.597467 7.219461 0.375000 25.187500 294 6451 6478
Ch1: 13.698220 4.921597 0.375000 25.187500 293 6450 6526
Ch1: 13.801072 2.623732 0.375000 25.187500 292 6449 6575
Ch1: 13.910221 0.325868 0.375000 25.218750 291 6448 6627
Ch1: 14.006776 -8.865589 0.375000 25.218750 290 6444 6673
Ch1: 14.105430 -6.567725 0.375000 25.218750 289 6445 6720
Ch1: 14.201985 -4.269860 0.375000 25.156250 288 6446 6766
Ch1: 14.298541 -6.567725 0.375000 25.218750 287 6445 6812
Ch1: 14.409789 -4.269860 0.375000 25.218750 286 6446 6865
Ch1: 14.504245 -1.971996 0.375000 25.187500 285 6447 6910
Ch1: 14.607097 -1.971996 0.375000 25.187500 284 6447 6959
Ch1: 14.709949 9.517325 0.375000 25.187500 283 6452 7008
Ch1: 14.814900 9.517325 0.375000 25.187500 282 6452 7058
Ch1: 14.917752 11.815189 0.375000 25.187500 281 6453 7107
Ch1: 15.022703 -11.163453 0.375000 25.187500 280 6443 7157
Ch1: 15.110862 11.815189 0.375000 25.187500 279 6453 7199
Ch1: 15.215813 18.708782 0.375000 25.187500 278 6456 7249
Ch1: 15.312368 23.304511 0.375000 25.187500 277 6458 7295
Ch1: 15.413121 23.304511 0.375000 25.187500 276 6458 7343
Ch1: 15.518073 16.410918 0.375000 25.187500 275 6455 7393
Ch1: 15.618826 21.006646 0.375000 25.187500 274 6457 7441
Ch1: 15.723777 16.410918 0.375000 25.187500 273 6455 7491
Ch1: 15.822431 11.815189 0.375000 25.218750 272 6453 7538
Ch1: 15.923184 7.219461 0.375000 25.218750 271 6451 7586
Ch1: 16.040729 0.325868 0.375000 25.156250 270 6448 7642
Ch1: 16.122591 -4.269860 0.375000 25.187500 269 6446 7681
Ch1: 16.223344 -1.971996 0.375000 25.187500 268 6447 7729
Ch1: 16.330394 -6.567725 0.375000 25.187500 267 6445 7780
Ch1: 16.431147 -6.567725 0.375000 25.187500 266 6445 7828
Ch1: 16.529801 -6.567725 0.375000 25.156250 265 6445 7875
Ch1: 16.630554 -6.567725 0.375000 25.187500 264 6445 7923
Ch1: 16.731307 0.325868 0.375000 25.187500 263 6448 7971
Ch1: 16.836259 4.921597 0.375000 25.218750 262 6450 8021
Ch1: 16.937012 11.815189 0.375000 25.187500 261 6453 8069
Ch1: 17.044062 11.815189 0.375000 25.187500 260 6453 8120
Ch1: 17.142716 16.410918 0.375000 25.187500 259 6455 8167
Ch1: 17.237172 18.708782 0.375000 25.187500 258 6456 8212
Ch1: 17.340024 18.708782 0.375000 25.218750 257 6456 8261
Ch1: 17.444975 18.708782 0.375000 25.187500 256 6456 8311
Ch1: 17.537332 -4.269860 0.375000 25.187500 255 6446 8355
Ch1: 17.650679 -1.971996 0.375000 25.218750 254 6447 8409
Ch1: 17.745135 4.921597 0.375000 25.187500 253 6450 8454
Ch1: 17.845888 7.219461 0.375000 25.156250 252 6451 8502
Ch1: 17.950839 14.113054 0.375000 25.187500 251 6454 8552
Ch1: 18.057890 14.113054 0.375000 25.187500 250 6454 8603
Ch1: 18.160742 -1.971996 0.375000 25.187500 249 6447 8652
Ch1: 18.251000 21.006646 0.375000 25.187500 248 6457 8695
Ch1: 18.349654 -4.269860 0.375000 25.187500 247 6446 8742
Ch1: 18.452506 -4.269860 0.375000 25.187500 246 6446 8791
Ch1: 18.555358 -1.971996 0.375000 25.218750 245 6447 8840
Ch1: 18.654012 4.921597 0.375000 25.218750 244 6450 8887
Ch1: 18.756864 7.219461 0.375000 25.187500 243 6451 8936
Ch1: 18.857617 9.517325 0.375000 25.187500 242 6452 8984
Ch1: 18.960469 14.113054 0.375000 25.187500 241 6454 9033
Ch1: 19.063321 21.006646 0.375000 25.156250 240 6457 9082
Ch1: 19.164074 21.006646 0.375000 25.187500 239 6457 9130
Ch1: 19.277422 16.410918 0.375000 25.187500 238 6455 9184
Ch1: 19.363482 -6.567725 0.375000 25.187500 237 6445 9225
Ch1: 19.462136 -1.971996 0.375000 25.156250 236 6447 9272
Ch1: 19.567087 4.921597 0.375000 25.156250 235 6450 9322
Ch1: 19.672038 9.517325 0.375000 25.218750 234 6452 9372
Ch1: 19.768593 11.815189 0.375000 25.218750 233 6453 9418
Ch1: 19.869346 18.708782 0.375000 25.187500 232 6456 9466
Ch1: 19.972198 18.708782 0.375000 25.187500 231 6456 9515
Ch1: 20.075050 18.708782 0.375000 25.187500 230 6456 9564
Ch1: 20.177902 21.006646 0.375000 25.250000 229 6457 9613
Ch1: 20.282853 -1.971996 0.375000 25.156250 228 6447 9663
Ch1: 20.373111 14.113054 0.375000 25.156250 227 6454 9706
Ch1: 20.475963 16.410918 0.375000 25.218750 226 6455 9755
Ch1: 20.578816 9.517325 0.375000 25.187500 225 6452 9804
Ch1: 20.677470 7.219461 0.375000 25.187500 224 6451 9851
Ch1: 20.776124 4.921597 0.375000 25.218750 223 6450 9898
Ch1: 20.887372 0.325868 0.375000 25.187500 222 6448 9951
Ch1: 20.981828 2.623732 0.375000 25.218750 221 6449 9996
Ch1: 21.082581 -6.567725 0.375000 25.187500 220 6445 10044
Ch1: 21.187532 -6.567725 0.375000 25.187500 219 6445 10094
Ch1: 21.294582 -13.461317 0.375000 25.218750 218 6442 10145
Ch1: 21.384840 -8.865589 0.375000 25.187500 217 6444 10188
Ch1: 21.483494 -4.269860 0.375000 25.187500 216 6446 10235
Ch1: 21.584247 -4.269860 0.375000 25.218750 215 6446 10283
Ch1: 21.687099 -4.269860 0.375000 25.218750 214 6446 10332
Ch1: 21.787852 -4.269860 0.375000 25.187500 213 6446 10380
Ch1: 21.890705 4.921597 0.375000 25.187500 212 6450 10429
Ch1: 21.991458 9.517325 0.375000 25.187500 211 6452 10477
Ch1: 22.090112 9.517325 0.375000 25.187500 210 6452 10524
Ch1: 22.197162 18.708782 0.375000 25.156250 209 6456 10575
Ch1: 22.297915 18.708782 0.375000 25.187500 208 6456 10623
Ch1: 22.396569 -13.461317 0.375000 25.187500 207 6442 10670
Ch1: 22.501520 18.708782 0.375000 25.187500 206 6456 10720
Ch1: 22.593877 18.708782 0.375000 25.218750 205 6456 10764
Ch1: 22.694630 18.708782 0.375000 25.156250 204 6456 10812
Ch1: 22.797482 18.708782 0.375000 25.187500 203 6456 10861
Ch1: 22.900334 7.219461 0.375000 25.187500 202 6451 10910
Ch1: 23.001087 7.219461 0.375000 25.218750 201 6451 10958
Ch1: 23.101840 7.219461 0.375000 25.218750 200 6451 11006
Ch1: 32.098250 4607.543675 0.312000 25.218750 85 8453 15292
Ch1: 32.091953 4589.160761 0.312000 25.218750 86 8445 15289
Ch1: 32.070963 4428.310264 0.312000 25.218750 87 8375 15279
Ch1: 32.033181 4363.970065 0.312000 25.218750 88 8347 15261
Ch1: 32.003794 4223.800347 0.312000 25.218750 89 8286 15247
Ch1: 31.972309 4104.311406 0.312000 25.187500 90 8234 15232
Ch1: 31.940824 3973.333144 0.312000 25.218750 91 8177 15217
Ch1: 31.900942 3881.418574 0.312000 25.187500 92 8137 15198
Ch1: 31.867358 3748.142448 0.312000 25.218750 93 8079 15182
Ch1: 31.831675 3630.951372 0.312000 25.187500 94 8028 15165
Ch1: 31.808585 3504.568839 0.312000 25.250000 95 7973 15154
Ch1: 31.777100 3398.867083 0.312000 25.218750 96 7927 15139
Ch1: 31.733020 3244.910179 0.375000 25.156250 97 7860 15118
Ch1: 31.684743 3196.655030 0.312000 25.218750 98 7839 15095
Ch1: 31.651159 3072.570361 0.375000 25.187500 99 7785 15079
Ch1: 31.611277 2964.570742 0.375000 25.187500 100 7738 15060
Ch1: 31.571396 2845.081801 0.375000 25.218750 101 7686 15041
Ch1: 31.518920 2746.273638 0.312000 25.187500 102 7643 15016
Ch1: 31.470643 2698.018489 0.312000 25.187500 103 7622 14993
Ch1: 31.416068 2599.210327 0.375000 25.218750 104 7579 14967
Ch1: 31.382484 2438.359830 0.375000 25.187500 105 7509 14951
Ch1: 31.336305 2369.423903 0.375000 25.187500 106 7479 14929
Ch1: 31.281731 2272.913604 0.375000 25.218750 107 7437 14903
Ch1: 31.233453 2176.403306 0.375000 25.187500 108 7395 14880
Ch1: 31.170482 2107.467379 0.375000 25.218750 109 7365 14850
Ch1: 31.126403 2010.957081 0.375000 25.187500 110 7323 14829
Ch1: 31.082324 1921.340375 0.375000 25.218750 111 7284 14808
Ch1: 31.025650 1843.212991 0.375000 25.187500 112 7250 14781
Ch1: 30.952184 1788.064249 0.375000 25.187500 113 7226 14746
Ch1: 30.897610 1709.936865 0.375000 25.187500 114 7192 14720
Ch1: 30.843035 1661.681716 0.375000 25.187500 115 7171 14694
Ch1: 30.790559 1565.171418 0.375000 25.187500 116 7129 14669
Ch1: 30.735985 1503.129083 0.375000 25.187500 117 7102 14643
Ch1: 30.658321 1431.895292 0.375000 25.187500 118 7071 14606
Ch1: 30.591152 1362.959364 0.375000 25.187500 119 7041 14574
Ch1: 30.538677 1282.534116 0.375000 25.218750 120 7006 14549
Ch1: 30.463112 1227.385374 0.375000 25.187500 121 6982 14513
Ch1: 30.389646 1172.236632 0.375000 25.218750 122 6958 14478
Ch1: 30.335072 1119.385755 0.375000 25.218750 123 6935 14452
Ch1: 30.276299 1043.556234 0.375000 25.187500 124 6902 14424
Ch1: 30.192338 1006.790407 0.375000 25.218750 125 6886 14384
Ch1: 30.120971 937.854479 0.375000 25.218750 126 6856 14350
Ch1: 30.053803 898.790787 0.375000 25.218750 127 6839 14318
Ch1: 29.974040 862.024959 0.375000 25.187500 128 6823 14280
Ch1: 29.896376 822.961267 0.375000 25.187500 129 6806 14243
Ch1: 29.822910 767.812525 0.375000 25.187500 130 6782 14208
Ch1: 29.745246 756.323204 0.375000 25.250000 131 6777 14171
Ch1: 29.675979 710.365919 0.375000 25.187500 132 6757 14138
Ch1: 29.598315 673.600091 0.375000 25.156250 133 6741 14101
Ch1: 29.512255 634.536399 0.375000 25.218750 134 6724 14060
Ch1: 29.434591 597.770571 0.375000 25.187500 135 6708 14023
Ch1: 29.356927 547.217558 0.375000 25.218750 136 6686 13986
Ch1: 29.268768 531.132508 0.375000 25.218750 137 6679 13944
Ch1: 29.189005 492.068816 0.375000 25.187500 138 6662 13906
Ch1: 29.111342 482.877359 0.375000 25.187500 139 6658 13869
Ch1: 29.023183 457.600853 0.375000 25.187500 140 6647 13827
Ch1: 28.932925 439.217939 0.375000 25.218750 141 6639 13784
Ch1: 28.853162 374.877740 0.375000 25.187500 142 6611 13746
Ch1: 28.767102 361.090554 0.375000 25.218750 143 6605 13705
Ch1: 28.683141 345.005505 0.375000 25.218750 144 6598 13665
Ch1: 28.590784 322.026862 0.375000 25.218750 145 6588 13621
Ch1: 28.511021 305.941813 0.375000 25.187500 146 6581 13583
Ch1: 28.422862 259.984528 0.375000 25.218750 147 6561 13541
Ch1: 28.330505 264.580256 0.375000 25.218750 148 6563 13497
Ch1: 28.238148 248.495206 0.375000 25.218750 149 6556 13453
Ch1: 28.145791 237.005885 0.375000 25.218750 150 6551 13409
Ch1: 28.057632 220.920836 0.375000 25.218750 151 6544 13367
Ch1: 27.967374 202.537922 0.375000 25.218750 152 6536 13324
Ch1: 27.879215 191.048600 0.375000 25.218750 153 6531 13282
Ch1: 27.786858 174.963551 0.375000 25.187500 154 6524 13238
Ch1: 27.694501 161.176365 0.375000 25.218750 155 6518 13194
Ch1: 27.606342 145.091316 0.375000 25.218750 156 6511 13152
Ch1: 27.516085 126.708402 0.375000 25.218750 157 6503 13109
Ch1: 27.413232 119.814809 0.375000 25.218750 158 6500 13060
Ch1: 27.322974 103.729759 0.375000 25.218750 159 6493 13017
Ch1: 27.232716 96.836166 0.375000 25.187500 160 6490 12974
Ch1: 27.123567 89.942574 0.375000 25.187500 161 6487 12922
Ch1: 27.035408 80.751117 0.375000 25.187500 162 6483 12880
Ch1: 26.938853 78.453252 0.375000 25.187500 163 6482 12834
Ch1: 26.844397 89.942574 0.375000 25.218750 164 6487 12789
Ch1: 26.749941 78.453252 0.375000 25.187500 165 6482 12744
Ch1: 26.655485 71.559660 0.375000 25.218750 166 6479 12699
Ch1: 26.563128 62.368203 0.375000 25.187500 167 6475 12655
Ch1: 26.464474 57.772474 0.375000 25.218750 168 6473 12608
Ch1: 26.361622 50.878882 0.375000 25.187500 169 6470 12559
Ch1: 26.267166 39.389560 0.375000 25.218750 170 6465 12514
Ch1: 26.170611 30.198103 0.375000 25.218750 171 6461 12468
Ch1: 26.074056 25.602375 0.375000 25.187500 172 6459 12422
Ch1: 25.975402 21.006646 0.375000 25.187500 173 6457 12375
Ch1: 25.901936 2.623732 0.375000 25.187500 174 6449 12340
Ch1: 25.794886 23.304511 0.375000 25.218750 175 6458 12289
Ch1: 25.704628 21.006646 0.375000 25.187500 176 6457 12246
Ch1: 25.599677 18.708782 0.375000 25.218750 177 6456 12196
Ch1: 25.511518 9.517325 0.375000 25.218750 178 6452 12154
Ch1: 25.385577 27.900239 0.375000 25.218750 179 6460 12094
Ch1: 25.301616 0.325868 0.375000 25.187500 180 6448 12054
Ch1: 25.200863 -8.865589 0.375000 25.218750 181 6444 12006
Ch1: 25.100110 -6.567725 0.375000 25.156250 182 6445 11958
Ch1: 25.001456 0.325868 0.375000 25.218750 183 6448 11911
Ch1: 24.888108 16.410918 0.375000 25.187500 184 6455 11857
Ch1: 24.785256 16.410918 0.375000 25.218750 185 6455 11808
Ch1: 24.688701 -8.865589 0.375000 25.187500 186 6444 11762
Ch1: 24.587948 -8.865589 0.375000 25.187500 187 6444 11714
Ch1: 24.493492 -8.865589 0.375000 25.187500 188 6444 11669
Ch1: 24.394838 -20.354910 0.375000 25.187500 189 6439 11622
Ch1: 24.283590 -4.269860 0.375000 25.187500 190 6446 11569
Ch1: 24.184936 -4.269860 0.375000 25.187500 191 6446 11522
Ch1: 24.088381 2.623732 0.375000 25.187500 192 6449 11476
Ch1: 23.981331 7.219461 0.375000 25.156250 193 6451 11425
Ch1: 23.886875 9.517325 0.375000 25.218750 194 6452 11380
Ch1: 23.788221 11.815189 0.375000 25.218750 195 6453 11333
Ch1: 23.685369 9.517325 0.375000 25.187500 196 6452 11284
Ch1: 23.586715 -6.567725 0.375000 25.218750 197 6445 11237
Ch1: 23.488061 -6.567725 0.375000 25.187500 198 6445 11190
Ch1: 23.402001 -22.652774 0.375000 25.187500 199 6438 11149
Ch1: 23.290752 -8.865589 0.375000 25.187500 200 6444 11096
Ch1: 23.183702 -6.567725 0.375000 25.187500 201 6445 11045
Ch1: 23.085048 -11.163453 0.375000 25.187500 202 6443 10998
Ch1: 22.982196 -6.567725 0.375000 25.218750 203 6445 10949
Ch1: 22.883542 -6.567725 0.375000 25.187500 204 6445 10902
Ch1: 22.782789 -6.567725 0.375000 25.218750 205 6445 10854
Ch1: 22.679937 -1.971996 0.375000 25.187500 206 6447 10805
Ch1: 22.579184 -4.269860 0.375000 25.218750 207 6446 10757
Ch1: 22.486827 14.113054 0.375000 25.218750 208 6454 10713
Ch1: 22.377678 16.410918 0.375000 25.218750 209 6455 10661
Ch1: 22.297915 -4.269860 0.375000 25.187500 210 6446 10623
Ch1: 22.176172 16.410918 0.375000 25.218750 211 6455 10565
Ch1: 22.073319 11.815189 0.375000 25.156250 212 6453 10516
Ch1: 21.972566 16.410918 0.375000 25.187500 213 6455 10468
Ch1: 21.871813 16.410918 0.375000 25.218750 214 6455 10420
Ch1: 21.771060 9.517325 0.375000 25.187500 215 6452 10372
Ch1: 21.672406 18.708782 0.375000 25.187500 216 6456 10325
Ch1: 21.571653 14.113054 0.375000 25.218750 217 6454 10277
Ch1: 21.475098 14.113054 0.375000 25.187500 218 6454 10231
Ch1: 21.374345 14.113054 0.375000 25.187500 219 6454 10183
Ch1: 21.279889 11.815189 0.375000 25.156250 220 6453 10138
Ch1: 21.168641 18.708782 0.375000 25.187500 221 6456 10085
Ch1: 21.063690 14.113054 0.375000 25.187500 222 6454 10035
Ch1: 20.967135 21.006646 0.375000 25.218750 223 6457 9989
Ch1: 20.870580 16.410918 0.375000 25.187500 224 6455 9943
Ch1: 20.759331 16.410918 0.375000 25.187500 225 6455 9890
Ch1: 20.662776 18.708782 0.375000 25.218750 226 6456 9844
Ch1: 20.564122 16.410918 0.375000 25.218750 227 6455 9797
Ch1: 20.463369 18.708782 0.375000 25.187500 228 6456 9749
Ch1: 20.366814 18.708782 0.375000 25.187500 229 6456 9703
Ch1: 20.266061 18.708782 0.375000 25.187500 230 6456 9655
Ch1: 20.163209 9.517325 0.375000 25.218750 231 6452 9606
Ch1: 20.056159 -6.567725 0.375000 25.187500 232 6445 9555
Ch1: 19.955406 0.325868 0.375000 25.187500 233 6448 9507
Ch1: 19.854653 -4.269860 0.375000 25.218750 234 6446 9459
Ch1: 19.753900 -1.971996 0.375000 25.187500 235 6447 9411
Ch1: 19.655246 -8.865589 0.375000 25.187500 236 6444 9364
Ch1: 19.552394 -8.865589 0.375000 25.218750 237 6444 9315
Ch1: 19.451640 -6.567725 0.375000 25.187500 238 6445 9267
Ch1: 19.352986 -6.567725 0.375000 25.187500 239 6445 9220
Ch1: 19.262728 -6.567725 0.375000 25.218750 240 6445 9177
Ch1: 19.153579 -22.652774 0.375000 25.218750 241 6438 9125
Ch1: 19.044430 -6.567725 0.375000 25.187500 242 6445 9073
Ch1: 18.943677 -4.269860 0.375000 25.187500 243 6446 9025
Ch1: 18.840825 -1.971996 0.375000 25.218750 244 6447 8976
Ch1: 18.740072 -4.269860 0.375000 25.218750 245 6446 8928
Ch1: 18.639319 -4.269860 0.375000 25.218750 246 6446 8880
Ch1: 18.538566 -1.971996 0.375000 25.187500 247 6447 8832
Ch1: 18.439912 -1.971996 0.375000 25.218750 248 6447 8785
Ch1: 18.339159 0.325868 0.375000 25.187500 249 6448 8737
Ch1: 18.242604 0.325868 0.375000 25.187500 250 6448 8691
Ch1: 18.148148 -1.971996 0.375000 25.250000 251 6447 8646
Ch1: 18.036899 -6.567725 0.375000 25.218750 252 6445 8593
Ch1: 17.931948 4.921597 0.375000 25.218750 253 6450 8543
Ch1: 17.829096 -1.971996 0.375000 25.218750 254 6447 8494
Ch1: 17.730442 4.921597 0.375000 25.187500 255 6450 8447
Ch1: 17.635986 9.517325 85.000000 25.218750 256 6452 8402
Ch1: 17.522639 9.517325 0.375000 25.218750 257 6452 8348
Ch1: 17.426084 7.219461 0.375000 25.187500 258 6451 8302
Ch1: 17.329529 11.815189 0.375000 25.218750 259 6453 8256
Ch1: 17.228776 9.517325 0.375000 25.218750 260 6452 8208
Ch1: 17.132221 16.410918 0.375000 25.187500 261 6455 8162
Ch1: 17.029369 9.517325 0.375000 25.187500 262 6452 8113
Ch1: 16.918120 -4.269860 0.375000 25.218750 263 6446 8060
Ch1: 16.817367 0.325868 0.375000 25.218750 264 6448 8012
Ch1: 16.716614 -6.567725 0.375000 25.187500 265 6445 7964
Ch1: 16.615861 -4.269860 0.375000 25.218750 266 6446 7916
Ch1: 16.517207 -8.865589 0.375000 25.218750 267 6444 7869
Ch1: 16.416454 -8.865589 0.375000 25.218750 268 6444 7821
Ch1: 16.313602 -6.567725 0.375000 25.218750 269 6445 7772
Ch1: 16.212849 -6.567725 0.375000 25.218750 270 6445 7724
Ch1: 16.116294 -8.865589 0.375000 25.187500 271 6444 7678
Ch1: 16.026036 -13.461317 0.375000 25.218750 272 6442 7635
Ch1: 15.906392 -8.865589 0.375000 25.156250 273 6444 7578
Ch1: 15.805639 -8.865589 0.375000 25.187500 274 6444 7530
Ch1: 15.704886 -4.269860 0.375000 25.218750 275 6446 7482
Ch1: 15.604132 -6.567725 0.375000 25.218750 276 6445 7434
Ch1: 15.503379 -1.971996 0.375000 25.187500 277 6447 7386
Ch1: 15.400527 -6.567725 0.375000 25.218750 278 6445 7337
Ch1: 15.299774 -6.567725 0.375000 25.218750 279 6445 7289
Ch1: 15.201120 -4.269860 0.375000 25.187500 280 6446 7242
Ch1: 15.100367 -1.971996 0.375000 25.187500 281 6447 7194
Ch1: 15.005911 -6.567725 0.375000 25.218750 282 6445 7149
Ch1: 14.900960 -4.269860 0.375000 25.218750 283 6446 7099
Ch1: 14.793910 -4.269860 0.375000 25.187500 284 6446 7048
Ch1: 14.691058 18.708782 0.375000 25.187500 285 6456 6999
Ch1: 14.588206 21.006646 0.375000 25.218750 286 6457 6950
Ch1: 14.489552 21.006646 0.375000 25.156250 287 6457 6903
Ch1: 14.395096 21.006646 0.375000 25.187500 288 6457 6858
Ch1: 14.285946 23.304511 0.375000 25.218750 289 6458 6806
Ch1: 14.189391 18.708782 0.375000 25.218750 290 6456 6760
Ch1: 14.092836 23.304511 0.375000 25.187500 291 6458 6714
Ch1: 13.992083 21.006646 0.375000 25.187500 292 6457 6666
Ch1: 13.895528 2.623732 0.375000 25.187500 293 6449 6620
Ch1: 13.780082 21.006646 0.375000 25.187500 294 6457 6565
Ch1: 13.681428 16.410918 0.375000 25.187500 295 6455 6518
Ch1: 13.580675 21.006646 0.375000 25.187500 296 6457 6470
Ch1: 13.477823 21.006646 0.375000 25.187500 297 6457 6421
Ch1: 13.377070 21.006646 0.375000 25.156250 298 6457 6373
Ch1: 13.276317 18.708782 0.375000 25.187500 299 6456 6325
Ch1: 13.177663 23.304511 0.375000 25.218750 300 6458 6278
Ch1: 13.076909 21.006646 0.375000 25.218750 301 6457 6230
Ch1: 12.978255 18.708782 0.375000 25.156250 302 6456 6183
Ch1: 12.883799 16.410918 0.375000 25.218750 303 6455 6138
Ch1: 12.774650 18.708782 0.375000 25.187500 304 6456 6086
Ch1: 12.663402 16.410918 0.375000 25.187500 305 6455 6033
Ch1: 12.566847 16.410918 0.375000 25.187500 306 6455 5987
Ch1: 12.466094 2.623732 0.375000 25.187500 307 6449 5939
Ch1: 12.365341 2.623732 0.375000 25.187500 308 6449 5891
Ch1: 12.264588 4.921597 0.375000 25.156250 309 6450 5843
Ch1: 12.161736 9.517325 0.375000 25.218750 310 6452 5794
Ch1: 12.063082 11.815189 0.375000 25.187500 311 6453 5747
Ch1: 11.966527 11.815189 0.375000 25.156250 312 6453 5701
Ch1: 11.869972 16.410918 0.375000 25.187500 313 6455 5655
Ch1: 11.769219 -6.567725 0.375000 25.218750 314 6445 5607
Ch1: 11.655871 16.410918 0.375000 25.218750 315 6455 5553
Ch1: 11.555118 18.708782 0.375000 25.187500 316 6456 5505
Ch1: 11.452266 21.006646 0.375000 25.187500 317 6457 5456
Ch1: 11.351513 -6.567725 0.375000 25.187500 318 6445 5408
Ch1: 11.252859 -6.567725 0.375000 25.218750 319 6445 5361
Ch1: 11.158403 -6.567725 0.375000 25.156250 320 6445 5316
Ch1: 11.049254 -6.567725 0.375000 25.218750 321 6445 5264
Ch1: 10.952699 -8.865589 0.375000 25.187500 322 6444 5218
Ch1: 10.858243 -8.865589 0.375000 25.156250 323 6444 5173
Ch1: 10.759589 -15.759181 0.375000 25.218750 324 6441 5126
Ch1: 10.646242 -6.567725 0.375000 25.218750 325 6445 5072
Ch1: 10.543389 -4.269860 0.375000 25.218750 326 6446 5023
Ch1: 10.440537 -1.971996 0.375000 25.187500 327 6447 4974
Ch1: 10.341883 -4.269860 0.375000 25.187500 328 6446 4927
Ch1: 10.241130 14.113054 0.375000 25.218750 329 6454 4879
Ch1: 10.140377 14.113054 0.375000 25.218750 330 6454 4831
Ch1: 10.039624 16.410918 0.375000 25.187500 331 6455 4783
Ch1: 9.943069 14.113054 0.375000 25.187500 332 6454 4737
Ch1: 9.842316 14.113054 0.375000 25.187500 333 6454 4689
Ch1: 9.743662 11.815189 0.375000 25.187500 334 6453 4642
Ch1: 9.638711 14.113054 0.375000 25.156250 335 6454 4592
Ch1: 9.537958 11.815189 0.375000 25.187500 336 6453 4544
Ch1: 9.424611 11.815189 0.375000 25.187500 337 6453 4490
Ch1: 9.328056 9.517325 0.375000 25.156250 338 6452 4444
Ch1: 9.227302 9.517325 0.375000 25.156250 339 6452 4396
Ch1: 9.128648 7.219461 0.375000 25.187500 340 6451 4349
Ch1: 9.025796 9.517325 0.375000 25.187500 341 6452 4300
Ch1: 8.925043 14.113054 0.375000 25.187500 342 6454 4252
Ch1: 8.826389 11.815189 0.375000 25.187500 343 6453 4205
Ch1: 8.731933 11.815189 0.375000 25.187500 344 6453 4160
Ch1: 8.633279 -4.269860 0.375000 25.156250 345 6446 4113
Ch1: 8.517833 18.708782 0.375000 25.187500 346 6456 4058
Ch1: 8.417080 4.921597 0.375000 25.187500 347 6450 4010
Ch1: 8.318426 2.623732 0.375000 25.187500 348 6449 3963
Ch1: 8.215574 -1.971996 0.375000 25.187500 349 6447 3914
Ch1: 8.112722 -1.971996 0.375000 25.156250 350 6447 3865
Ch1: 8.014067 18.708782 0.375000 25.187500 351 6456 3818
Ch1: 7.919611 16.410918 0.375000 25.187500 352 6455 3773
Ch1: 7.808363 23.304511 0.375000 25.187500 353 6458 3720
Ch1: 7.716006 23.304511 0.375000 25.156250 354 6458 3676
Ch1: 7.623649 23.304511 0.375000 25.156250 355 6458 3632
Ch1: 7.512401 21.006646 0.375000 25.187500 356 6457 3579
Ch1: 7.407450 23.304511 0.375000 25.187500 357 6458 3529
Ch1: 7.304598 21.006646 0.375000 25.187500 358 6457 3480
Ch1: 7.203845 21.006646 0.375000 25.187500 359 6457 3432
Ch1: 7.105191 21.006646 0.375000 25.187500 360 6457 3385
Ch1: 7.004438 18.708782 0.375000 25.156250 361 6456 3337
Ch1: 6.903685 0.325868 0.375000 25.187500 362 6448 3289
Ch1: 6.805031 -1.971996 0.375000 25.156250 363 6447 3242
Ch1: 6.708476 4.921597 0.375000 25.218750 364 6450 3196
Ch1: 6.609822 2.623732 0.375000 25.187500 365 6449 3149
Ch1: 6.511167 -29.546367 0.375000 25.187500 366 6435 3102
Ch1: 6.397820 4.921597 0.375000 25.187500 367 6450 3048
Ch1: 6.303364 7.219461 0.375000 25.156250 368 6451 3003
Ch1: 6.190017 7.219461 0.375000 25.187500 369 6451 2949
Ch1: 6.093462 9.517325 0.375000 25.156250 370 6452 2903
Ch1: 5.994808 9.517325 0.375000 25.187500 371 6452 2856
Ch1: 5.894055 9.517325 0.375000 25.187500 372 6452 2808
Ch1: 5.795401 4.921597 0.375000 25.187500 373 6450 2761
Ch1: 5.694648 2.623732 0.375000 25.187500 374 6449 2713
Ch1: 5.600192 2.623732 0.375000 25.187500 375 6449 2668
Ch1: 5.507835 -1.971996 0.375000 25.187500 376 6447 2624
Ch1: 5.390289 0.325868 0.375000 25.156250 377 6448 2568
Ch1: 5.291635 0.325868 0.375000 25.187500 378 6448 2521
Ch1: 5.190882 2.623732 0.375000 25.187500 379 6449 2473
Ch1: 5.092228 0.325868 0.375000 25.156250 380 6448 2426
Ch1: 4.991475 -1.971996 0.375000 25.156250 381 6447 2378
Ch1: 4.888623 -1.971996 0.375000 25.156250 382 6447 2329
Ch1: 4.792068 0.325868 0.375000 25.156250 383 6448 2283
Ch1: 4.699711 21.006646 0.375000 25.187500 384 6457 2239
Ch1: 4.592661 21.006646 0.375000 25.187500 385 6457 2188
