19.346584320 9.632218361 5.231311439 0.543105570
19.698715210 15.859430313 5.231311439 0.329854940
19.802785873 12.826250076 5.231311439 0.407859773
19.917119980 12.366677284 5.231311439 0.423016734
20.000492096 16.364961624 5.231311439 0.319665365
20.100826263 17.192192078 5.231311439 0.304284143
20.215433121 17.008363724 5.231311439 0.307572881
20.306634903 17.996444702 5.231311439 0.290685829
20.405372620 19.581970215 5.231311439 0.267149392
20.507995605 17.100276947 5.231311439 0.305919691
20.609104156 22.109621048 5.231311439 0.236607920
20.713279724 19.903671265 5.231311439 0.262831483
20.811954498 19.719842911 5.231311439 0.265281598
20.913484573 20.799839020 5.231311439 0.251507304
21.017133713 22.063663483 5.231311439 0.237100763
21.118389130 22.224514008 5.231311439 0.235384739
21.222501755 23.143659592 4.935035717 0.213234890
21.321994781 22.936851501 4.936607437 0.215226028
21.418718338 19.880693436 5.003148312 0.251658642
21.530553818 20.707923889 4.660988724 0.225082377
21.624002457 22.844938278 4.742490907 0.207594822
21.732521057 23.005788803 4.875824680 0.211939035
21.831848145 24.177698135 4.847672673 0.200501828
21.932180405 26.429605484 5.038721637 0.190646873
22.032157898 28.244918823 5.178886180 0.183356384
22.133392334 26.866199493 5.397458203 0.200901441
22.234355927 27.027051926 5.648139501 0.208980969
22.338258743 28.198961258 5.795986605 0.205539011
22.438297272 28.359811783 5.831956420 0.205641577
22.539323807 28.405769348 5.981869592 0.210586431
22.642868042 29.600658417 5.922611136 0.200083763
22.744209290 28.038110733 6.020036340 0.214709058
22.847145081 28.520662308 6.413999125 0.224889557
22.947856903 33.690856934 6.587750193 0.195535252
23.045419693 28.727470398 6.691562928 0.232932550
23.162544250 32.679798126 6.747558830 0.206474924
23.255741119 33.713836670 6.949654996 0.206136580
23.355842590 32.358097076 7.228548956 0.223392276
23.457708359 35.965744019 7.462807392 0.207497651
23.561294556 34.610004425 7.947006037 0.229615863
23.660999298 39.573387146 8.514267892 0.215151356
23.762907028 36.264465332 8.938255712 0.246474217
23.864751816 37.849990845 9.495795707 0.250879736
23.967077255 37.344459534 10.059845257 0.269379859
24.067621231 39.274665833 10.724651468 0.273067924
24.168228149 35.644042969 11.571328147 0.324635681
24.271415710 39.021900177 12.570878731 0.322149323
24.373029709 44.169116974 13.574298892 0.307325566
24.475944519 42.078060150 14.706371252 0.349502121
24.574157715 45.386985779 16.177899603 0.356443578
24.670650482 45.432941437 17.440597731 0.383875602
24.784606934 47.271236420 19.079060316 0.403608235
24.877696991 50.028671265 20.982100125 0.419401507
24.977022171 49.798885345 22.807276702 0.457987695
25.081239700 53.314617157 24.996002366 0.468839573
25.184888840 54.555465698 27.399456417 0.502231189
25.282304764 55.336738586 29.913412799 0.540570579
25.382701874 59.289066315 32.259194467 0.544100227
25.482530594 60.300125122 35.080894398 0.581771503
25.583850861 63.930751801 37.926778177 0.593247805
25.681034088 69.261795044 40.976136324 0.591612393
25.779962540 73.260078430 43.776835610 0.597553764
25.881576538 77.878784180 47.012439559 0.603661704
25.980104446 82.819198608 50.760899498 0.612912227
26.081592560 86.518753052 54.408610979 0.628864946
26.179721832 91.711929321 58.257950531 0.635227619
26.272245407 98.214881897 62.302743764 0.634351359
26.385761261 105.751876831 66.472044612 0.628566098
26.476690292 110.531440735 70.704252337 0.639675479
26.572553635 117.815666199 75.097085202 0.637411710
26.672487259 128.293930054 79.836966745 0.622297304
26.772190094 130.844558716 84.822641841 0.648270304
26.867151260 137.508361816 89.842075255 0.653357178
26.964315414 150.330444336 95.234829935 0.633503282
27.059295654 158.579772949 100.670156933 0.634823440
27.158641815 167.748260498 106.353710240 0.634007828
27.252426147 175.767807007 112.442519469 0.639721923
27.346546173 188.474990845 118.835578113 0.630511123
27.444318771 201.136230469 125.883734148 0.625863047
27.538795471 211.982147217 132.990003520 0.627364168
27.635749817 222.552322388 140.537556228 0.631480969
27.728820801 236.684188843 148.436795168 0.627151293
27.819288254 250.034774780 156.953112756 0.627725135
27.922664642 260.926666260 165.769185348 0.635309483
28.007087708 276.827880859 175.110420266 0.632560636
28.099843979 293.625274658 184.999695472 0.630053716
28.194236755 312.237976074 195.629612021 0.626540098
28.288000107 328.345977783 206.508037039 0.628934268
28.377733231 347.602081299 218.024238106 0.627223627
28.468368530 365.686279297 230.560705590 0.630487712
28.558984756 385.585784912 243.753515182 0.632164164
28.650291443 406.680175781 257.603774117 0.633430862
28.736183167 428.394989014 272.198122470 0.635390538
28.823732376 456.750640869 287.920939757 0.630367894
28.913551331 476.397369385 304.242095480 0.638630931
29.001394272 504.936859131 322.465018359 0.638624439
29.088630676 531.385253906 341.054097823 0.641820779
29.174060822 560.522216797 360.934345494 0.643925137
29.254138947 588.831909180 381.651354734 0.648149920
29.348173141 622.059020996 403.413670691 0.648513496
29.423633575 653.401855469 427.196102805 0.653803015
29.506544113 687.502197266 452.280431589 0.657860343
29.587882996 724.222045898 478.853635354 0.661197264
29.670751572 763.607421875 506.924656715 0.663855068
29.751228333 804.256652832 536.732103758 0.667364208
29.827548981 844.768005371 568.343237583 0.672780259
29.903806686 887.715087891 601.938926069 0.678076710
29.981533051 933.833190918 637.249474986 0.682401826
30.053256989 981.628784180 675.297294260 0.687935506
30.130878448 1026.115478516 715.942376850 0.697721058
30.199516296 1091.167968750 757.359806405 0.694081780
30.273107529 1138.963500977 801.460572517 0.703675378
30.345104218 1196.777832031 848.160792901 0.708703629
30.416387558 1249.766601562 897.378595909 0.718036948
30.479589462 1316.404663086 949.506176621 0.721287461
30.552824020 1386.949096680 1002.201661131 0.722594408
30.615186691 1450.576904297 1059.504315903 0.730402030
30.676666260 1518.317993164 1119.292017027 0.737192092
30.739868164 1592.562011719 1182.094116501 0.742259396
30.802251816 1666.897827148 1247.345254663 0.748303366
30.859071732 1745.484863281 1316.589322612 0.754282864
30.917381287 1828.483642578 1389.303457635 0.759811805
30.975042343 1910.839111328 1465.281128382 0.766826008
31.030036926 2003.787719727 1543.769965620 0.770425904
31.083120346 2090.807861328 1628.832695559 0.779044658
31.139017105 2172.312988281 1715.498603715 0.789710605
31.191682816 2268.984375000 1809.516172652 0.797500500
31.238533020 2367.953369141 1906.316323349 0.805048084
31.290567398 2467.933349609 2005.326310205 0.812552864
31.337060928 2567.499755859 2111.881897138 0.822544147
31.387836456 2661.321533203 2225.154238655 0.836108757
31.437393188 2783.544921875 2338.937894670 0.840273091
31.473707199 2884.168457031 2459.136405971 0.852632723
31.520746231 2998.119628906 2584.991905494 0.862204390
31.559640884 3105.613769531 2715.024629261 0.874231257
31.601432800 3233.489746094 2848.564039061 0.880956571
31.636737823 3348.245117188 2975.896803866 0.888792994
31.676704407 3467.481201172 3090.640896949 0.891321601
31.714590073 3583.845214844 3194.283946926 0.891300755
31.744417191 3723.463378906 3292.319514574 0.884208915
31.779703140 3845.319091797 3385.904008386 0.880526148
31.812929153 3978.089843750 3471.141996553 0.872565008
31.846746445 4110.469726562 3555.436520667 0.864970857
31.882450104 4234.025878906 3647.250104995 0.861414221
31.900753021 4398.254394531 3741.618022487 0.850705231
31.933561325 4536.240722656 3844.587356436 0.847527191
31.961877823 4654.167480469 3943.456267623 0.847295737
31.995691299 4813.892089844 4041.214274852 0.839490001
32.019580841 4950.729492188 4137.641855627 0.835764075
32.045734406 5087.245605469 4196.075273459 0.824822625
32.073879242 5232.011230469 4212.215536471 0.805085339
32.077449799 5229.368652344 4171.609586618 0.797727195
32.046676636 5090.462890625 4087.272350073 0.802927443
32.020587921 4956.014648438 3988.125159544 0.804704070
31.994579315 4822.623535156 3877.950043292 0.804116269
31.961877823 4664.231933594 3772.835488784 0.808886767
31.936269760 4527.807617188 3662.306664794 0.808847675
31.906253815 4391.314453125 3566.329558897 0.812132585
31.874914169 4254.614746094 3487.577515621 0.819716408
31.841056824 4125.245117188 3414.740645295 0.827766726
31.809551239 3989.165527344 3344.152364956 0.838308750
31.776721954 3859.290039062 3268.544607599 0.846928988
31.740114212 3734.447265625 3195.033373965 0.855557234
31.699289322 3616.980468750 3115.677001162 0.861402772
31.662681580 3499.559570312 3027.383465818 0.865075563
31.625928879 3374.969238281 2925.922259546 0.866947831
31.586025238 3258.697265625 2806.523401605 0.861240911
31.545640945 3144.424560547 2681.382187122 0.852741777
31.506914139 3014.043701172 2557.279491315 0.848454682
31.463611603 2908.342041016 2438.148165417 0.838329237
31.419866562 2812.520996094 2319.373908389 0.824660122
31.364263535 2705.164794922 2207.946537645 0.816196685
31.318548203 2605.828125000 2098.798863517 0.805424903
31.275266647 2500.723876953 1995.938871129 0.798144445
31.225666046 2401.938720703 1898.580146186 0.790436546
31.179151535 2296.926269531 1802.958296017 0.784943914
31.125415802 2209.055908203 1714.108368643 0.775946124
31.075859070 2108.800048828 1628.874263629 0.772417596
31.023403168 2017.850708008 1548.073592697 0.767189360
30.968954086 1926.625488281 1469.601786558 0.762785396
30.911777496 1846.636840820 1394.112234004 0.754946616
30.851095200 1770.738403320 1321.304515527 0.746188434
30.791755676 1692.358154297 1251.735476273 0.739639817
30.729015350 1620.526977539 1185.670252560 0.731657213
30.666885376 1540.446411133 1123.517433962 0.729345355
30.599506378 1482.057617188 1063.659789095 0.717691254
30.538614273 1418.314941406 1006.562042757 0.709688669
30.462902069 1347.678588867 952.010559805 0.706407720
30.400224686 1288.003051758 898.899598450 0.697901761
30.333433151 1225.983642578 849.588052133 0.692984819
30.258646011 1171.225585938 802.640016779 0.685299251
30.191413879 1111.343261719 758.321163316 0.682346481
30.116352081 1056.814941406 715.823620931 0.677340557
30.044126511 1000.563171387 675.797014545 0.675416639
29.970743179 954.766784668 638.389086468 0.668633531
29.893583298 906.373718262 605.564155952 0.668117515
29.814891815 869.929626465 573.499849555 0.659248555
29.735591888 825.259155273 542.949069563 0.657913416
29.658472061 784.472045898 513.303266216 0.654329582
29.575645447 750.509582520 484.971288306 0.646189335
29.491872787 713.031433105 458.617178976 0.643193494
29.417903900 679.597534180 432.964410555 0.637089437
29.335706711 643.911682129 408.847981886 0.634944191
29.241712570 609.581604004 386.712695556 0.634390364
29.161319733 577.779174805 366.678066364 0.634633580
29.076938629 550.825195312 348.136357353 0.632026930
28.988044739 527.272094727 332.485130221 0.630576003
28.901334763 501.191345215 317.929578400 0.634347703
28.809144974 479.361633301 303.925538815 0.634021410
28.723043442 455.877441406 291.209457833 0.638788919
28.657533646 426.212036133 278.468147553 0.653355898
28.558206558 405.255493164 266.375758153 0.657303263
28.469419479 382.782379150 254.517932628 0.664915489
28.368854523 366.191802979 243.273609743 0.664333848
28.278156281 348.636138916 232.528577029 0.666966361
28.185085297 332.298309326 221.857066342 0.667644283
28.091091156 313.432861328 211.514691280 0.674832532
28.000644684 294.820159912 201.510982591 0.683504760
27.918403625 279.217651367 192.003373420 0.687647692
27.839439392 257.319000244 182.919991995 0.710868579
27.755603790 243.049270630 174.210196439 0.716769057
27.709865570 216.623825073 165.624532436 0.764572098
27.617761612 202.560897827 157.243736553 0.776278829
27.525362015 192.197525024 148.645548885 0.773399912
27.430402756 176.089508057 140.455023373 0.797634254
27.329669952 168.644424438 132.547674213 0.785959421
27.235717773 158.993392944 125.259449610 0.787828018
27.143003464 145.734710693 118.152954127 0.810739964
27.046890259 136.175598145 111.357464119 0.817749036
26.949432373 126.823295593 104.864161930 0.826852523
26.854515076 118.550987244 97.944789683 0.826182826
26.755210876 110.922073364 91.186269560 0.822075055
26.652820587 102.075294495 84.806639543 0.830824344
26.554166794 94.928939819 78.709666845 0.829143009
26.468503952 90.769805908 72.611969196 0.799957304
26.349594116 81.049835205 67.315442615 0.830543855
26.255138397 77.028579712 62.145870592 0.806789776
26.158269882 68.871162415 58.235012231 0.845564532
26.055269241 69.583496094 54.333747678 0.780842452
25.956321716 59.312042236 50.324494866 0.848470108
25.854560852 53.452491760 46.982677547 0.878961410
25.755277634 52.142707825 43.728961587 0.838640021
25.657861710 47.569957733 40.755798494 0.856754986
25.555723190 43.893375397 38.119202475 0.868450014
25.466892242 36.724037170 35.525252664 0.967356952
25.354763031 39.780197144 33.164559440 0.833695201
25.256109238 36.103614807 30.954631886 0.857383175
25.151872635 31.714693069 28.748239743 0.906464385
25.049585342 29.899381638 26.786211213 0.895878434
24.949945450 31.140228271 24.950218349 0.801221434
24.856412888 27.302793503 22.794783083 0.834888308
24.742666245 25.510459900 21.012711511 0.823690031
24.646909714 21.052604675 19.205043797 0.912240746
24.548507690 23.534297943 17.482012601 0.742831277
24.445278168 24.752164841 15.596941359 0.630124333
24.344419479 20.110479355 14.130512360 0.702644234
24.250488281 16.824533463 12.904078670 0.766979881
24.153806686 12.826250076 11.366803495 0.886214087
24.053768158 11.838168144 10.186775576 0.860502694
23.950895309 12.389655113 9.273036852 0.748449958
23.849365234 10.275620461 8.614369674 0.838330854
23.747058868 8.873923302 7.732284578 0.871349043
23.646600723 9.678175926 6.930267327 0.716071642
23.543516159 8.207543373 6.421583179 0.782400152
23.438524246 7.403289795 5.886062211 0.795060355
23.329710007 11.263702393 5.147232773 0.456975211
23.230846405 10.068813324 4.692412761 0.466034339
23.108640671 9.655197144 4.273330277 0.442593788
23.005788803 12.596463203 4.005130783 0.317956772
22.903188705 11.010936737 3.663505464 0.332715150
22.798343658 11.148809433 3.220668326 0.288880023
22.694608688 10.275620461 2.990576394 0.291036089
22.588796616 14.090074539 2.719184767 0.192985833
22.487686157 10.643279076 2.961158911 0.278218666
22.388172150 7.770947933 3.284199972 0.422625399
22.284418106 8.759030342 3.589748670 0.409834026
22.183895111 7.495204926 3.792622017 0.506006447
22.078903198 7.931798935 4.237261723 0.534211943
21.977834702 5.794785023 4.572233952 0.789025638
21.874311447 6.484144211 4.985489805 0.768873986
21.769233704 7.127545834 5.402384350 0.757958556
21.668544769 4.806703091 5.647332281 1.174886856
21.576124191 4.668831825 5.964442492 1.277502107
21.467016220 5.404148102 6.249099207 1.156352322
21.364585876 3.014369011 6.459820862 2.143009312
21.264356613 2.118201971 6.418996291 3.030398602
21.162910461 1.888416052 6.277412180 3.324167984
21.062976837 4.898618221 6.177548151 1.261079731
20.957899094 -0.455406010 0.350401729 -0.769427108
20.857124329 -1.650295019 0.177499043 -0.107555947
20.757799149 -2.822206020 0.113893809 -0.040356306
20.653646469 0.233953997 0.071796824 0.306884366
20.553606033 -3.029014111 0.042219257 -0.013938283
20.453273773 -2.753269911 0.015402082 -0.005594105
20.350736618 -3.281779051 -0.004447857 0.001355319
20.247379303 -3.212842941 -0.025616684 0.007973214
20.143457413 -5.211985111 -0.048824780 0.009367790
20.042640686 -6.177087784 -0.066815004 0.010816587
19.950494766 -6.360917091 -0.085498638 0.013441244
19.837987900 -9.394098282 -0.107691602 0.011463751
