15.622225761 -185.157730103 6.375544663 -0.034433046
15.044574738 -18.011087418 6.375544663 -0.353978886
15.144026756 -16.494497299 6.375544663 -0.386525551
15.243206024 -19.160020828 6.375544663 -0.332752491
15.358694077 -17.229814529 6.375544663 -0.370029791
15.451680183 -17.597473145 6.375544663 -0.362298872
15.551572800 -18.884277344 6.375544663 -0.337611260
15.654424667 -18.057046890 6.375544663 -0.353077926
15.757487297 -16.540454865 6.375544663 -0.385451592
15.864684105 -20.194059372 6.375544663 -0.315713871
15.959391594 -18.631511688 6.375544663 -0.342191486
16.066987991 -19.987251282 6.375544663 -0.318980563
16.163837433 -18.493640900 6.375544663 -0.344742536
16.263141632 -17.183856964 6.375544663 -0.371019421
16.363769531 -16.517477036 6.375544663 -0.385987802
16.466537476 -17.298751831 6.375544663 -0.368555184
16.579401016 -20.217037201 0.365800859 -0.018093693
16.672283173 -16.563434601 0.376294552 -0.022718389
16.772867203 -17.505558014 0.547269660 -0.031262623
16.869905472 -16.218753815 0.537182216 -0.033121054
16.981973648 -17.045984268 0.599405572 -0.035164034
17.075441360 -17.827259064 0.668389133 -0.037492535
17.176446915 -17.160879135 0.594603233 -0.034648763
17.280580521 -18.057046890 0.621887805 -0.034440172
17.382696152 -16.724283218 0.779780816 -0.046625664
17.484058380 -17.597473145 0.666413899 -0.037869863
17.585693359 -16.954071045 0.561398967 -0.033112930
17.686132431 -17.988109589 0.416936266 -0.023178437
17.789424896 -16.356626511 0.295194208 -0.018047377
17.889148712 -17.551515579 0.094966121 -0.005410708
17.990217209 -17.988109589 0.140628272 -0.007817846
18.093530655 -16.517477036 0.083052538 -0.005028161
18.193464279 -17.183856964 -0.100837631 0.005868161
18.297346115 -16.057903290 -0.126531478 0.007879701
18.397552490 -16.218753815 -0.235700994 0.014532620
18.493352890 -16.862155914 -0.296911754 0.017608173
18.610477448 -16.333648682 -0.407571748 0.024952891
18.704639435 -17.275772095 -0.450595442 0.026082507
18.804658890 -16.356626511 -0.557461349 0.034081682
18.908475876 -15.667266846 -0.694465371 0.044325879
19.012336731 -16.264711380 -0.664965909 0.040883966
19.112123489 -17.528537750 -0.743845646 0.042436263
19.213695526 -16.678327560 -0.806050664 0.048329226
19.313966751 -17.666408539 -0.978205160 0.055370912
19.424079895 -20.308952332 -1.025942065 0.050516740
19.516059875 -17.114921570 -1.097194717 0.064107493
19.617462158 -18.057046890 -1.215688151 0.067324860
19.721385956 -17.137899399 -1.211786153 0.070707974
19.822999954 -18.148960114 -1.230863446 0.067820053
19.926397324 -18.654489517 -1.173965128 0.062932043
20.025911331 -19.297891617 -1.085558909 0.056252721
20.122404099 -19.458742142 -1.133540229 0.058253520
20.234996796 -17.643430710 -0.974317655 0.055222687
20.329305649 -19.412786484 -0.833033968 0.042911612
20.429574966 -19.114063263 -0.666874413 0.034889202
20.532657623 -17.804281235 -0.431444722 0.024232639
20.635887146 -18.769384384 -0.265989028 0.014171431
20.735025406 -19.251934052 -0.159207088 0.008269667
20.836156845 -20.148101807 -0.073101021 0.003628184
20.935985565 -19.941293716 -0.032644830 0.001637047
21.040536880 -19.297891617 -0.187057845 0.009693175
21.138435364 -19.734487534 -0.054159810 0.002744424
21.239377975 -19.366828918 0.013704066 -0.000707605
21.342020035 -19.228956223 0.147244279 -0.007657424
21.443466187 -19.297891617 0.149761230 -0.007760497
21.546213150 -18.815341949 0.199714999 -0.010614476
21.653200150 -20.584695816 0.190827156 -0.009270341
21.742156982 -17.919174194 0.205930998 -0.011492215
21.855503082 -17.344707489 0.324939311 -0.018734205
21.948972702 -17.896194458 0.329001541 -0.018383883
22.048131943 -17.574493408 0.410240768 -0.023342964
22.150438309 -18.240875244 0.454466528 -0.024914733
22.254674911 -18.011087418 0.519706082 -0.028854786
22.354021072 -19.297891617 0.456204798 -0.023640137
22.456537247 -19.182998657 0.369826386 -0.019278862
22.556640625 -19.734487534 0.272704921 -0.013818698
22.659030914 -18.286832809 0.172758563 -0.009447156
22.757642746 -18.447683334 0.120295357 -0.006520892
22.858585358 -18.355768204 0.091300287 -0.004973929
22.962003708 -19.550657272 0.085955829 -0.004396570
23.062421799 -18.309810638 0.025699251 -0.001403578
23.165210724 -18.585554123 -0.017090755 0.000919572
23.264913559 -17.965131760 -0.148403556 0.008260644
23.360670090 -18.057046890 -0.062338207 0.003452292
23.472990036 -18.125982285 0.007691336 -0.000424327
23.566165924 -17.068964005 0.168312550 -0.009860736
23.666183472 -18.953212738 0.656808707 -0.034654215
23.770042419 -17.643430710 1.780988763 -0.100943450
23.873399734 -19.205978394 4.216597950 -0.219546115
23.972892761 -18.631511688 8.289796928 -0.444934210
24.073919296 -18.930234909 14.176586746 -0.748885939
24.175113678 -19.596614838 22.046229434 -1.125001926
24.277902603 -18.355768204 32.184041737 -1.753347579
24.377017975 -18.263853073 44.778968625 -2.451781037
24.477624893 -17.942153931 59.727349181 -3.328884002
24.581504822 -18.700447083 77.146967233 -4.125407638
24.681207657 -18.884277344 97.383294368 -5.156845168
24.784837723 -18.493640900 120.355348908 -6.507931540
24.884519577 -17.551515579 146.386971294 -8.340417705
24.980779648 -18.401725769 175.484189809 -9.536289803
25.091945648 -16.379604340 207.286053694 -12.655131919
25.183797836 -11.117495537 243.460474623 -21.898859668
25.276784897 0.739484012 282.876400628 382.532138611
25.365131378 23.993869781 325.898803278 13.582586146
25.450939178 56.049076080 372.717784862 6.649847079
25.527702332 92.102569580 423.835124206 4.601773068
25.603769302 133.877731323 478.985369525 3.577782240
25.676353455 180.754165649 538.367998175 2.978454169
25.748119354 234.432281494 601.994087979 2.567880516
25.815225601 288.363159180 670.262896756 2.324370765
25.883108139 347.533142090 742.806334432 2.137368338
25.949016571 411.069091797 818.747402634 1.991751311
26.012092590 476.604187012 898.258750131 1.884705956
26.075504303 546.620117188 979.999227565 1.792834176
26.135158539 616.613037109 1063.545073538 1.724817689
26.191076279 686.238342285 1147.782915098 1.672571823
26.257238388 774.591247559 1228.018779072 1.585376523
26.310678482 850.558593750 1307.727838078 1.537492946
26.365379333 929.605163574 1384.133138545 1.488947343
26.421108246 1015.131652832 1458.435857946 1.436696269
26.476459503 1102.979003906 1530.620376488 1.387714880
26.528242111 1188.459594727 1601.915407710 1.347892192
26.579963684 1277.846435547 1671.815340388 1.308306925
26.630401611 1367.830810547 1740.987860247 1.272809361
26.682289124 1463.261108398 1809.511635554 1.236629352
26.730756760 1557.519531250 1877.707180428 1.205575367
26.779558182 1652.903930664 1945.148310732 1.176806634
26.828151703 1752.631225586 2011.988989705 1.147981937
26.875547409 1853.070800781 2078.699876663 1.121759555
26.922880173 1956.290893555 2144.700047954 1.096309376
26.968135834 2057.695556641 2210.692119413 1.074353352
27.011039734 2154.274902344 2277.132407099 1.057029632
27.062192917 2276.911865234 2341.574984697 1.028399483
27.103080750 2376.271484375 2407.403333762 1.013101133
27.145837784 2484.937500000 2472.950620849 0.995176185
27.188951492 2595.303955078 2538.192949381 0.977994483
27.232444763 2708.060058594 2603.291873408 0.961312459
27.273059845 2817.047851562 2668.821080243 0.947382232
27.314493179 2931.090820312 2734.421928651 0.932902491
27.354354858 3044.996093750 2800.236806452 0.919619179
27.395601273 3162.302001953 2865.655360872 0.906192817
27.434118271 3277.746582031 2931.816303920 0.894460945
27.472908020 3394.570068359 2997.676423430 0.883079849
27.512054443 3515.276855469 3063.562905087 0.871499751
27.550235748 3634.398193359 3129.831583146 0.861169145
27.588291168 3757.104003906 3196.123817354 0.850688140
27.624898911 3877.558105469 3263.155055498 0.841548977
27.659385681 3992.106689453 3330.663503939 0.834312247
27.700042725 4129.496093750 3396.500884417 0.822497663
27.732851028 4245.124511719 3464.097412619 0.816017858
27.768218994 4368.588867188 3532.256112360 0.808557688
27.803461075 4496.740722656 3600.391928962 0.800667006
27.838851929 4627.512207031 3668.067820472 0.792665185
27.871868134 4752.033203125 3736.863902105 0.786371589
27.906293869 4882.138671875 3804.835691874 0.779337898
27.939498901 5010.727050781 3873.677936573 0.773077020
27.972705841 5142.693359375 3941.713209626 0.766468645
28.004884720 5270.914062500 4010.700038411 0.760911673
28.037187576 5402.283203125 4079.748863404 0.755189743
28.070142746 5538.729980469 4148.663588109 0.749027955
28.101543427 5671.408691406 4217.986471149 0.743728181
28.133007050 5808.706054688 4287.456907532 0.738108775
28.163045883 5941.477050781 4357.095800682 0.733335459
28.192012787 6068.410644531 4428.128028469 0.729701447
28.226625443 6223.838378906 4496.475866024 0.722460256
28.254583359 6354.012207031 4566.587013044 0.718693459
28.283340454 6487.816894531 4636.456849448 0.714640522
28.313272476 6627.710937500 4706.050753256 0.710056730
28.342344284 6771.281738281 4776.069078774 0.705341952
28.373283386 6913.358398438 4845.487534624 0.700887652
28.399353027 7046.611816406 4914.786396545 0.697468021
28.428928375 7190.480957031 4983.783430609 0.693108494
28.455627441 7328.444824219 5053.536943019 0.689578357
28.482620239 7466.891113281 5122.589076598 0.686040415
28.509992599 7608.163574219 5190.769845769 0.682263176
28.537321091 7754.537597656 5260.023701756 0.678315584
28.563413620 7895.374023438 5328.687072122 0.674912557
28.590805054 8041.333984375 5398.277302352 0.671316141
28.616161346 8185.640136719 5468.324409000 0.668038702
28.641307831 8320.249023438 5538.048006583 0.665610848
28.669538498 8477.882812500 5606.147326748 0.661267377
28.693006516 8614.880859375 5677.466193825 0.659030146
28.718027115 8756.866210938 5748.768878441 0.656487006
28.743215561 8905.836914062 5818.228773782 0.653305111
28.770061493 9055.244140625 5890.856811049 0.650546437
28.793968201 9200.399414062 5959.613203256 0.647755922
28.818674088 9347.554687500 6031.855461353 0.645286994
28.842372894 9495.790039062 6101.746247199 0.642573838
28.867624283 9647.036132812 6172.816542839 0.639866634
28.891363144 9791.916015625 6244.934687538 0.637764323
28.914390564 9945.344726562 6316.586334433 0.635129954
28.938697815 10096.750976562 6390.039064997 0.632880724
28.961324692 10246.088867188 6463.558585521 0.630831790
28.985420227 10400.711914062 6536.061179463 0.628424403
29.008007050 10547.384765625 6611.311402338 0.626819970
29.028724670 10688.358398438 6688.298241854 0.625755424
29.053178787 10858.883789062 6764.097918638 0.622909136
29.074041367 11001.350585938 6843.391972346 0.622050167
29.096984863 11152.044921875 6922.015446635 0.620694724
29.117639542 11305.587890625 7000.543194030 0.619210895
29.140518188 11460.808593750 7076.155072870 0.617421975
29.160814285 11612.628906250 7155.493853847 0.616182082
29.182729721 11765.758789062 7232.199324184 0.614681930
29.203678131 11918.106445312 7311.845011814 0.613507275
29.224773407 12075.510742188 7391.419044259 0.612099910
29.245321274 12226.985351562 7470.493383540 0.610984079
29.265472412 12383.010742188 7552.521079024 0.609909919
29.286945343 12540.483398438 7632.339498150 0.608616052
29.307579041 12696.531250000 7713.435657767 0.607523071
29.327835083 12854.808593750 7791.817174202 0.606140272
29.346536636 13011.867187500 7871.075885798 0.604915173
29.364881516 13158.125976562 7953.385694191 0.604446690
29.388076782 13342.093750000 8036.312827350 0.602327714
29.406358719 13489.087890625 8120.980139084 0.602040717
29.425880432 13643.182617188 8200.461634502 0.601066618
29.446052551 13808.421875000 8285.394287920 0.600024707
29.464166641 13969.318359375 8369.321176989 0.599121658
29.483413696 14122.585937500 8454.688877628 0.598664360
29.501697540 14282.976562500 8537.875172798 0.597765818
29.519224167 14440.885742188 8621.782166184 0.597039705
29.537967682 14604.287109375 8705.319338992 0.596079718
29.555473328 14758.726562500 8788.323527217 0.595466248
29.574197769 14920.427734375 8873.202299158 0.594701604
29.592542648 15082.863281250 8958.466618016 0.593949998
29.610803604 15241.830078125 9040.916294864 0.593164748
29.628099442 15405.162109375 9123.894631144 0.592262163
29.644954681 15564.955078125 9212.653237867 0.591884345
29.661138535 15716.177734375 9304.173719772 0.592012503
29.680093765 15893.113281250 9394.417455605 0.591099886
29.696758270 16044.174804688 9484.319569201 0.591137886
29.712942123 16204.519531250 9573.465202261 0.590789822
29.729671478 16370.838867188 9661.754203245 0.590180765
29.747261047 16534.287109375 9754.062862583 0.589929448
29.763339996 16691.482421875 9846.300384279 0.589899695
29.779901505 16856.837890625 9941.489281797 0.589760034
29.796190262 17015.781250000 10038.458909889 0.589949927
29.813045502 17183.410156250 10133.452942334 0.589723044
29.828933716 17344.191406250 10215.419818881 0.588982189
29.843984604 17508.810546875 10285.546953063 0.587449783
29.860525131 17673.865234375 10347.024885809 0.585442106
29.875783920 17834.876953125 10401.002451073 0.583183303
29.891841888 18006.044921875 10453.148147417 0.580535492
29.906787872 18168.849609375 10507.116357031 0.578303887
29.920389175 18322.025390625 10562.099412357 0.576470078
29.937643051 18502.314453125 10615.870958219 0.573759082
29.951517105 18660.156250000 10664.938101895 0.571535305
29.966041565 18822.453125000 10716.753292123 0.569360073
29.981176376 18989.072265625 10768.342760803 0.567081035
29.995386124 19160.101562500 10802.023865049 0.563776963
30.009492874 19323.501953125 10813.487781415 0.559602903
30.024374008 19487.363281250 10798.913348994 0.554149537
30.039129257 19650.144531250 10750.499999051 0.547095213
30.024478912 19491.132812500 10676.446088847 0.547759137
30.009534836 19329.085937500 10597.730079389 0.548278905
29.994987488 19168.029296875 10524.532899529 0.549067029
29.979034424 18998.630859375 10457.250757432 0.550421282
29.964048386 18831.300781250 10404.300652514 0.552500370
29.948892593 18670.886718750 10363.102454946 0.555040723
29.934829712 18515.917968750 10325.890311716 0.557676391
29.917177200 18335.031250000 10296.861552779 0.561594982
29.902967453 18182.935546875 10270.192977280 0.564825902
29.887371063 18021.509765625 10241.771905224 0.568308207
29.871398926 17853.513671875 10211.825334170 0.571978464
29.855697632 17688.779296875 10177.428205353 0.575360687
29.839241028 17522.804687500 10136.448161771 0.578471788
29.823350906 17359.035156250 10087.101856836 0.581086550
29.807586670 17200.230468750 10024.250856773 0.582797473
29.791004181 17034.347656250 9951.685478102 0.584212890
29.775178909 16872.509765625 9875.246727463 0.585286176
29.758575439 16710.945312500 9795.068256711 0.586146868
29.742328644 16554.277343750 9716.615596925 0.586954984
29.725494385 16388.279296875 9636.364363186 0.588003425
29.708471298 16222.374023438 9556.769211820 0.589110398
29.691112518 16061.339843750 9477.306980754 0.590069513
29.675643921 15910.094726562 9397.053522345 0.590634668
29.656604767 15729.827148438 9316.008240784 0.592251151
29.640169144 15579.385742188 9230.962433060 0.592511321
29.623062134 15420.764648438 9146.670685224 0.593139892
29.604948044 15257.202148438 9062.247891336 0.593965250
29.587757111 15098.190429688 8978.392384394 0.594666786
29.569768906 14934.053710938 8893.617955888 0.595526046
29.551086426 14775.684570312 8809.160663928 0.596193064
29.534231186 14618.556640625 8725.837412498 0.596901433
29.515108109 14454.466796875 8641.865103246 0.597868135
29.496406555 14297.775390625 8559.948428397 0.598690929
29.478439331 14139.681640625 8474.801534050 0.599362967
29.460115433 13984.966796875 8391.909363338 0.600066449
29.440782547 13823.082031250 8309.840922237 0.601156884
29.421745300 13660.393554688 8227.589933544 0.602295234
29.402454376 13504.230468750 8143.681856597 0.603046718
29.384319305 13356.431640625 8060.004263757 0.603454911
29.361293793 13174.601562500 7980.124827124 0.605720392
29.343116760 13027.837890625 7897.985812227 0.606239184
29.323469162 12874.753906250 7817.820603491 0.607220974
29.302856445 12712.915039062 7737.928976374 0.608666773
29.282810211 12559.003906250 7658.800601924 0.609825481
29.262197495 12401.738281250 7582.502938494 0.611406463
29.242614746 12250.722656250 7503.688223151 0.612509844
29.221393585 12092.882812500 7426.649115303 0.614133886
29.200906754 11939.109375000 7349.538546995 0.615585159
29.178762436 11782.670898438 7270.246142220 0.617028703
29.158716202 11630.391601562 7193.347773860 0.618495750
29.137453079 11478.065429688 7115.074417061 0.619884462
29.115056992 11320.799804688 7037.844130400 0.621673756
29.092870712 11166.406250000 6960.976450959 0.623385563
29.070640564 11013.759765625 6884.754442453 0.625104831
29.050281525 10870.671875000 6806.223413177 0.626108808
29.025659561 10703.938476562 6728.428625680 0.628593731
29.004899979 10562.367187500 6648.781343618 0.629478338
28.982461929 10412.385742188 6570.761126389 0.631052411
28.958953857 10257.486328125 6492.380555174 0.632940698
28.936891556 10110.169921875 6414.069364700 0.634417563
28.912500381 9954.213867188 6335.082186506 0.636422150
28.888719559 9803.795898438 6257.531230279 0.638276367
28.865272522 9656.847656250 6179.410865938 0.639899384
28.840652466 9507.119140625 6103.929965475 0.642037811
28.817205429 9360.653320312 6025.956238479 0.643753810
28.792352676 9213.566406250 5948.740978871 0.645650198
28.768550873 9070.249023438 5872.802460025 0.647479738
28.742479324 8918.245117188 5796.919343234 0.650006730
28.718048096 8773.457031250 5720.863961484 0.652064966
28.691474915 8625.588867188 5645.199752205 0.654471230
28.667146683 8490.038085938 5570.415790312 0.656111991
28.638977051 8336.104492188 5498.066211413 0.659548620
28.614965439 8200.369140625 5424.522507441 0.661497356
28.588285446 8058.430175781 5352.717596139 0.664238255
28.561250687 7912.286132812 5280.332058304 0.667358583
28.533899307 7770.461914062 5209.757119660 0.670456554
28.506340027 7623.283691406 5140.962635687 0.674376403
28.478548050 7482.815429688 5072.268717129 0.677855650
28.453088760 7349.355468750 5003.758276283 0.680843143
28.423051834 7202.337890625 4935.985437396 0.685331001
28.394546509 7064.558105469 4869.152854090 0.689236720
28.366481781 6924.985839844 4802.842775066 0.693552721
28.338125229 6790.491699219 4736.798781380 0.697563445
28.307668686 6646.300781250 4671.516338968 0.702874651
28.277757645 6505.533691406 4607.101612894 0.708181962
28.248182297 6368.626953125 4541.252272407 0.713066145
28.220369339 6240.612792969 4474.816334941 0.717047585
28.185630798 6085.575683594 4409.750688035 0.724623424
28.157167435 5959.009765625 4343.086022150 0.728826801
28.125892639 5828.881347656 4277.124857899 0.733781424
28.094301224 5690.665039062 4211.481455759 0.740068415
28.063634872 5558.744628906 4145.544801487 0.745769968
28.030933380 5423.951660156 4079.979653951 0.752215342
27.998418808 5292.261230469 4014.068789192 0.758478959
27.966829300 5164.270019531 3948.053129056 0.764493939
27.933601379 5032.257812500 3882.253192418 0.771473429
27.900583267 4901.670410156 3815.495941179 0.778407282
27.866851807 4772.989746094 3749.096254001 0.785481732
27.833917618 4648.744140625 3682.339993263 0.792115006
27.799934387 4522.384765625 3615.843439012 0.799543521
27.763181686 4391.567382812 3549.380941547 0.808226456
27.727813721 4265.552734375 3482.569110666 0.816440290
27.694921494 4148.269531250 3415.934382831 0.823460085
27.654367447 4011.615478516 3350.969572848 0.835316742
27.620006561 3893.666259766 3284.367759596 0.843515479
27.583316803 3772.982421875 3217.372700580 0.852739913
27.545429230 3649.081542969 3151.167142737 0.863550761
27.507583618 3530.810546875 3085.347066088 0.873835349
27.469024658 3410.678222656 3019.480786976 0.885302157
27.429983139 3293.027343750 2953.184589081 0.896799292
27.391340256 3177.077148438 2887.191125716 0.908757009
27.350828171 3060.506591797 2821.782124630 0.921998382
27.310947418 2947.589599609 2756.519994152 0.935177677
27.270015717 2833.063964844 2691.144704444 0.949906087
27.229295731 2723.226074219 2625.610444436 0.964154416
27.186265945 2609.045166016 2560.572722811 0.981421386
27.143066406 2499.069335938 2495.097120636 0.998410522
27.100772858 2391.483398438 2429.449322027 1.015875470
27.060009003 2290.905761719 2363.530535548 1.031701336
27.009380341 2169.417724609 2298.843875993 1.059659396
26.966287613 2069.966308594 2232.208136741 1.078378970
26.921640396 1969.319824219 2165.927719670 1.099835432
26.874937057 1865.525268555 2099.833774076 1.125599213
26.828004837 1766.326416016 2033.029804943 1.150993263
26.778823853 1665.266357422 1965.739137793 1.180435267
26.730356216 1566.756958008 1897.986557351 1.211410964
26.682626724 1473.854248047 1829.635296153 1.241395001
26.631765366 1378.263183594 1760.965112282 1.277669703
26.581789017 1289.611572266 1691.045348991 1.311282704
26.530195236 1199.719116211 1620.428892734 1.350673563
26.479209900 1112.607055664 1548.459945587 1.391740181
26.424236298 1024.392089844 1475.590095018 1.440454402
26.368318558 937.165100098 1400.678656186 1.494591141
26.313407898 856.533081055 1323.553814892 1.545245413
26.261121750 782.013305664 1243.021401558 1.589514389
26.195379257 695.108093262 1162.039916343 1.671739874
26.139734268 624.931335449 1076.743060090 1.722978188
26.080017090 552.732421875 993.154168141 1.796808236
26.017465591 482.417785645 910.250210030 1.886850438
25.954538345 418.008666992 829.435317572 1.984253876
25.889509201 353.760375977 752.147746683 2.126150349
25.822425842 293.257598877 678.812365391 2.314730694
25.755613327 237.833114624 609.768044022 2.563848373
25.683910370 185.694580078 545.366040724 2.936897999
25.611787796 138.473464966 484.991273470 3.502413069
25.535278320 94.124687195 429.057566874 4.558395673
25.457908630 56.991199493 377.265089885 6.619707836
25.374031067 25.625354767 329.786549405 12.869540828
25.286062241 1.428843021 286.450012257 200.476894920
25.192697525 -11.048560143 246.649213835 -22.324104739
25.101831436 -17.551515579 210.102119301 -11.970596975
24.989973068 -17.643430710 177.803025735 -10.077576672
24.898876190 -19.941293716 148.311116010 -7.437386868
24.794723511 -18.125982285 122.024075101 -6.731997923
24.691535950 -17.643430710 98.764599452 -5.597811507
24.590341568 -17.528537750 78.211526012 -4.461953822
24.487321854 -18.171939850 60.433840834 -3.325668109
24.387323380 -18.562576294 45.271647055 -2.438866585
24.287662506 -18.493640900 32.538418094 -1.759438191
24.184894562 -17.804281235 22.102411016 -1.241409902
24.083847046 -18.378747940 13.875148035 -0.754956109
23.982295990 -17.873216629 7.848446901 -0.439117763
23.882677078 -17.827259064 3.689149415 -0.206938678
23.779426575 -18.746404648 1.209566220 -0.064522571
23.675481796 -17.551515579 0.019842887 -0.001130551
23.575695038 -16.563434601 -0.417500548 0.025206158
23.482267380 -16.931091309 -0.477182166 0.028183781
23.371690750 -17.321729660 -0.546979057 0.031577623
23.274421692 -17.643430710 -0.460404967 0.026094980
23.174488068 -17.551515579 -0.384995555 0.021935174
23.071697235 -17.804281235 -0.465135154 0.026124905
22.970420837 -17.965131760 -0.577989737 0.032172864
22.867107391 -17.850238800 -0.639116240 0.035804352
22.766332626 -17.827259064 -0.681600707 0.038233623
22.668581009 -16.632369995 -0.646884470 0.038893102
22.565624237 -16.954071045 -0.641218704 0.037820928
22.463464737 -17.459600449 -0.600857643 0.034414169
22.362459183 -17.321729660 -0.568685696 0.032830768
22.263385773 -17.482580185 -0.526799346 0.030132815
22.160282135 -16.471519470 -0.371786800 0.022571494
22.057178497 -17.045984268 -0.276394461 0.016214638
21.957284927 -16.862155914 -0.267348974 0.015854970
21.863500595 -16.540454865 -0.232361099 0.014048048
21.750238419 -16.632369995 -0.181088459 0.010887712
21.658447266 -18.171939850 -0.092092962 0.005067866
21.554588318 -16.080881119 -0.091263126 0.005675257
21.452617645 -15.552373886 -0.049719761 0.003196924
21.352325439 -15.598331451 0.071674815 -0.004595031
21.249032974 -15.322587013 0.173124658 -0.011298657
21.147567749 -16.471519470 0.190909593 -0.011590284
21.047611237 -16.586412430 0.095830375 -0.005777643
20.944738388 -16.471519470 0.092351656 -0.005606748
20.844446182 -16.747262955 0.100957292 -0.006028286
20.743652344 -16.885135651 0.132176926 -0.007828005
20.643821716 -17.735345840 0.182134274 -0.010269564
20.541137695 -17.942153931 0.205059449 -0.011428920
20.437341690 -17.574493408 0.479545319 -0.027286438
20.336252213 -17.689386368 0.517802041 -0.029271905
20.242216110 -17.597473145 0.485324979 -0.027579242
20.129981995 -17.896194458 0.472951979 -0.026427517
20.033761978 -16.540454865 0.536289536 -0.032422901
19.933870316 -16.885135651 0.488893484 -0.028954075
19.830345154 -17.988109589 0.427762674 -0.023780302
19.729761124 -17.781301498 0.304478047 -0.017123496
19.626573563 -16.402582169 0.209880104 -0.012795553
19.524896622 -15.690245628 0.168168216 -0.010718010
19.426221848 -16.816198349 0.121622794 -0.007232479
19.323621750 -16.471519470 0.096458896 -0.005856102
19.223245621 -16.931091309 0.252668736 -0.014923358
19.122619629 -17.045984268 0.206451797 -0.012111462
19.023103714 -17.643430710 0.183401476 -0.010394887
18.928543091 -21.342992783 0.206903522 -0.009694213
18.816265106 -17.850238800 0.248699493 -0.013932558
18.716163635 -17.068964005 0.254452558 -0.014907323
18.622568130 -17.344707489 0.302388950 -0.017434076
18.505464554 -17.023006439 0.313314769 -0.018405372
18.408531189 -17.321729660 0.287046378 -0.016571462
18.309457779 -17.735345840 0.219164857 -0.012357518
18.205892563 -16.793220520 0.249063000 -0.014831164
18.104677200 -17.643430710 0.309803241 -0.017559127
18.002265930 -17.459600449 0.260533018 -0.014922049
17.900882721 -17.321729660 0.101143592 -0.005839116
17.802732468 -17.850238800 0.029915597 -0.001675921
17.706113815 -20.699590683 -0.091033799 0.004397855
17.597049713 -17.413644791 -0.164166965 0.009427490
17.494512558 -16.931091309 -0.216310134 0.012775912
17.394472122 -17.436622620 -0.233848541 0.013411344
17.291011810 -18.103002548 -0.024402977 0.001348007
17.187845230 -17.413644791 -0.050484079 0.002899110
17.086713791 -18.194917679 -0.072887012 0.004005900
16.993810654 -17.298751831 -0.057038046 0.003297235
16.880422592 -18.080024719 -0.086091890 0.004761713
16.783657074 -17.114921570 -0.089149285 0.005208863
16.683891296 -17.597473145 -0.124370337 0.007067511
16.583955765 -18.309810638 -0.161189335 0.008803441
16.479970932 -17.965131760 -0.150807000 0.008394428
16.374557495 -16.977050781 -1.001127424 0.058969454
16.273637772 -17.344707489 -1.043515216 0.060163322
16.174856186 -16.908113480 -1.059033945 0.062634660
16.072319031 -17.252792358 -1.057673575 0.061304486
15.970768929 -17.505558014 -1.066224552 0.060907773
15.869196892 -17.482580185 -1.074872886 0.061482509
15.769179344 -17.321729660 -1.080908490 0.062401880
15.665508270 -16.839178085 -1.084097384 0.064379471
15.561606407 -17.666408539 -1.089268915 0.061657632
15.460474968 -18.057046890 -1.091404761 0.060442041
15.366711617 -17.689386368 -1.096562004 0.061989827
15.250068665 -17.850238800 -1.098597016 0.061545228
