Ch1: 4.704959 12.964122 0.187000 25.062500 386 6457 2207
Ch1: 4.450977 14.113054 0.187000 25.000000 385 6458 2130
Ch1: 4.534938 16.410918 0.187000 25.031250 384 6458 2171
Ch1: 4.631493 15.261986 0.187000 25.031250 383 6457 2219
Ch1: 4.736444 14.113054 0.187000 25.000000 382 6458 2267
Ch1: 4.828801 12.964122 0.187000 25.031250 381 6458 2312
Ch1: 4.929554 11.815189 0.187000 25.000000 380 6457 2360
Ch1: 5.032406 14.113054 0.187000 25.000000 379 6457 2409
Ch1: 5.130011 12.964122 0.250000 25.031250 378 6457 2455
Ch1: 5.230764 14.113054 0.187000 25.000000 377 6458 2504
Ch1: 5.330467 12.964122 0.250000 25.031250 376 6458 2551
Ch1: 5.432270 14.113054 0.250000 25.031250 375 6457 2600
Ch1: 5.537221 3.772665 0.187000 25.031250 374 6449 2652
Ch1: 5.639024 4.921597 0.250000 25.000000 373 6452 2701
Ch1: 5.738727 7.219461 0.250000 25.031250 372 6453 2749
Ch1: 5.840530 3.772665 0.250000 25.000000 371 6452 2796
Ch1: 5.950728 -14.610249 0.250000 24.968750 370 6446 2846
Ch1: 6.046234 12.964122 0.250000 25.000000 369 6453 2890
Ch1: 6.142789 21.006646 0.250000 25.031250 368 6456 2936
Ch1: 6.243542 19.857714 0.250000 25.000000 367 6455 2986
Ch1: 6.351642 19.857714 0.250000 25.031250 366 6455 3035
Ch1: 6.445048 23.304511 0.250000 25.000000 365 6457 3081
Ch1: 6.544752 22.155579 0.250000 25.000000 364 6457 3129
Ch1: 6.645505 21.006646 0.250000 25.000000 363 6455 3177
Ch1: 6.746258 22.155579 0.250000 25.000000 362 6457 3225
Ch1: 6.844912 24.453443 0.250000 25.000000 361 6458 3272
Ch1: 6.945665 25.602375 0.250000 25.000000 360 6459 3320
Ch1: 7.046418 24.453443 0.250000 25.031250 359 6459 3369
Ch1: 7.147171 23.304511 0.250000 25.000000 358 6459 3416
Ch1: 7.247924 21.006646 0.250000 25.000000 357 6460 3464
Ch1: 7.349727 24.453443 0.250000 25.000000 356 6460 3513
Ch1: 7.453629 22.155579 0.250000 24.968750 355 6459 3562
Ch1: 7.553332 19.857714 0.250000 24.968750 354 6459 3610
Ch1: 7.655135 19.857714 0.250000 25.000000 353 6459 3658
Ch1: 7.754838 22.155579 0.250000 25.031250 352 6460 3705
Ch1: 7.853492 22.155579 0.250000 25.031250 351 6461 3754
Ch1: 7.960542 23.304511 0.250000 24.968750 350 6460 3803
Ch1: 8.054998 24.453443 0.250000 25.000000 349 6462 3849
Ch1: 8.155751 21.006646 0.250000 25.000000 348 6460 3897
Ch1: 8.258604 19.857714 0.250000 25.000000 347 6460 3946
Ch1: 8.359357 21.006646 0.250000 25.031250 346 6460 3994
Ch1: 8.460110 18.708782 0.250000 24.968750 345 6459 4042
Ch1: 8.559813 18.708782 0.250000 24.968750 344 6458 4089
Ch1: 8.663715 15.261986 0.250000 25.000000 343 6456 4140
Ch1: 8.764468 18.708782 0.250000 24.968750 342 6458 4187
Ch1: 8.863122 17.559850 0.250000 25.000000 341 6459 4234
Ch1: 8.963875 19.857714 0.250000 24.968750 340 6460 4282
Ch1: 9.070925 14.113054 0.250000 24.937500 339 6456 4335
Ch1: 9.174827 12.964122 0.312000 25.000000 338 6453 4386
Ch1: 9.276629 16.410918 0.250000 24.968750 337 6456 4434
Ch1: 9.373184 19.857714 0.250000 25.000000 336 6459 4479
Ch1: 9.481284 -4.269860 0.250000 25.000000 335 6457 4529
Ch1: 9.590433 15.261986 0.312000 25.031250 334 6459 4578
Ch1: 9.683840 1.474800 0.312000 25.000000 333 6448 4623
Ch1: 9.782494 0.325868 0.250000 25.000000 332 6448 4671
Ch1: 9.883247 -1.971996 0.312000 25.000000 331 6448 4719
Ch1: 9.986099 -1.971996 0.312000 24.968750 330 6448 4768
Ch1: 10.083704 -1.971996 0.250000 25.000000 329 6447 4815
Ch1: 10.184457 -0.823064 0.250000 24.968750 328 6447 4863
Ch1: 10.285210 -3.120928 0.312000 25.000000 327 6447 4911
Ch1: 10.385963 -1.971996 0.250000 25.000000 326 6448 4959
Ch1: 10.484617 -0.823064 0.312000 24.968750 325 6448 5006
Ch1: 10.590617 0.325868 0.250000 25.000000 324 6450 5057
Ch1: 10.690321 -0.823064 0.250000 25.000000 323 6449 5104
Ch1: 10.792124 0.325868 0.250000 25.000000 322 6449 5153
Ch1: 10.892877 -1.971996 0.250000 25.000000 321 6449 5201
Ch1: 10.991531 -0.823064 0.312000 25.000000 320 6449 5247
Ch1: 11.094383 -0.823064 0.312000 24.937500 319 6450 5298
Ch1: 11.197235 -1.971996 0.250000 25.000000 318 6449 5345
Ch1: 11.294839 -1.971996 0.312000 24.968750 317 6448 5392
Ch1: 11.394543 -1.971996 0.250000 25.000000 316 6448 5440
Ch1: 11.499494 -5.418792 0.312000 25.000000 315 6445 5491
Ch1: 11.603396 -1.971996 0.250000 25.000000 314 6449 5539
Ch1: 11.699951 -1.971996 0.312000 24.968750 313 6447 5586
Ch1: 11.801753 -0.823064 0.250000 24.937500 312 6448 5634
Ch1: 11.908804 -3.120928 0.312000 24.968750 311 6447 5686
Ch1: 12.011656 6.070529 0.312000 24.968750 310 6452 5737
Ch1: 12.110310 23.304511 0.250000 25.000000 309 6460 5784
Ch1: 12.214211 12.964122 0.250000 24.968750 308 6451 5832
Ch1: 12.318113 -6.567725 0.312000 25.000000 307 6455 5879
Ch1: 12.417816 14.113054 0.250000 24.968750 306 6459 5926
Ch1: 12.518570 15.261986 0.312000 24.968750 305 6458 5974
Ch1: 12.616174 12.964122 0.312000 24.968750 304 6457 6020
Ch1: 12.715878 15.261986 0.312000 24.968750 303 6459 6070
Ch1: 12.821878 10.666257 0.312000 24.968750 302 6457 6118
Ch1: 12.918433 6.070529 0.312000 25.000000 301 6455 6165
Ch1: 13.016038 6.070529 0.250000 24.968750 300 6454 6212
Ch1: 13.120989 6.070529 0.250000 24.968750 299 6454 6262
Ch1: 13.221742 2.623732 0.312000 25.000000 298 6452 6310
Ch1: 13.320396 0.325868 0.312000 25.000000 297 6451 6357
Ch1: 13.427446 7.219461 0.312000 24.968750 296 6457 6408
Ch1: 13.522952 21.006646 0.312000 24.937500 295 6456 6454
Ch1: 13.623705 23.304511 0.312000 24.968750 294 6458 6502
Ch1: 13.724458 23.304511 0.312000 25.000000 293 6459 6550
Ch1: 13.827310 23.304511 0.312000 24.937500 292 6459 6600
Ch1: 13.928063 21.006646 0.312000 24.968750 291 6458 6647
Ch1: 14.028816 22.155579 0.312000 24.937500 290 6459 6695
Ch1: 14.130619 18.708782 0.312000 24.968750 289 6458 6743
Ch1: 14.229273 17.559850 0.312000 24.937500 288 6458 6790
Ch1: 14.332125 2.623732 0.312000 24.968750 287 6445 6842
Ch1: 14.436026 4.921597 0.312000 24.968750 286 6448 6888
Ch1: 14.530482 7.219461 0.312000 24.968750 285 6449 6934
Ch1: 14.632285 12.964122 0.312000 24.968750 284 6452 6983
Ch1: 14.740385 2.623732 0.312000 25.000000 283 6443 7037
Ch1: 14.846385 16.410918 0.312000 24.937500 282 6454 7087
Ch1: 14.942940 6.070529 0.312000 25.000000 281 6455 7133
Ch1: 15.045792 6.070529 0.312000 24.968750 280 6453 7180
Ch1: 15.149694 -7.716657 0.312000 25.000000 279 6453 7228
Ch1: 15.251497 -0.823064 0.312000 25.000000 278 6452 7276
Ch1: 15.350151 21.006646 0.312000 24.968750 277 6456 7323
Ch1: 15.449854 19.857714 0.312000 24.937500 276 6455 7371
Ch1: 15.549558 24.453443 0.312000 25.000000 275 6459 7419
Ch1: 15.651360 23.304511 0.312000 24.906250 274 6458 7468
Ch1: 15.753163 24.453443 0.312000 24.968750 273 6460 7516
Ch1: 15.849718 21.006646 0.312000 24.968750 272 6458 7562
Ch1: 15.951521 25.602375 0.312000 24.968750 271 6460 7612
Ch1: 16.058571 22.155579 0.312000 24.968750 270 6458 7661
Ch1: 16.153027 24.453443 0.312000 24.937500 269 6460 7707
Ch1: 16.259027 7.219461 0.312000 24.937500 268 6447 7757
Ch1: 16.356632 -0.823064 0.312000 24.968750 267 6449 7804
Ch1: 16.458435 -1.971996 0.312000 24.968750 266 6448 7852
Ch1: 16.558138 -1.971996 0.312000 24.968750 265 6447 7900
Ch1: 16.658891 1.474800 0.312000 24.906250 264 6448 7948
Ch1: 16.760694 0.325868 0.312000 24.937500 263 6449 7997
Ch1: 16.862496 2.623732 0.312000 24.968750 262 6448 8045
Ch1: 16.961150 2.623732 0.312000 24.968750 261 6448 8092
Ch1: 17.062953 0.325868 0.312000 24.968750 260 6447 8141
Ch1: 17.167904 14.113054 0.312000 24.968750 259 6457 8192
Ch1: 17.266558 16.410918 0.312000 24.968750 258 6459 8238
Ch1: 17.368361 18.708782 0.312000 24.968750 257 6459 8286
Ch1: 17.470163 10.666257 0.312000 25.000000 256 6457 8335
Ch1: 17.575114 -1.971996 0.312000 24.968750 255 6442 8389
Ch1: 17.683214 6.070529 0.312000 24.968750 254 6452 8438
Ch1: 17.778720 8.368393 0.312000 24.968750 253 6453 8484
Ch1: 17.884720 -1.971996 0.312000 24.968750 252 6447 8532
Ch1: 17.987572 -1.971996 0.312000 24.937500 251 6455 8580
Ch1: 18.087276 3.772665 0.312000 24.937500 250 6454 8627
Ch1: 18.184880 14.113054 0.312000 24.968750 249 6452 8674
Ch1: 18.284584 15.261986 0.312000 24.968750 248 6452 8722
Ch1: 18.384288 15.261986 0.312000 24.968750 247 6453 8770
Ch1: 18.485041 19.857714 0.312000 24.937500 246 6456 8817
Ch1: 18.584744 19.857714 0.312000 24.968750 245 6456 8865
Ch1: 18.685497 21.006646 0.312000 24.937500 244 6456 8914
Ch1: 18.787300 22.155579 0.312000 24.968750 243 6459 8962
Ch1: 18.887003 21.006646 0.312000 24.968750 242 6458 9010
Ch1: 18.988806 21.006646 0.312000 24.906250 241 6459 9058
Ch1: 19.088510 21.006646 0.312000 24.968750 240 6460 9105
Ch1: 19.189263 21.006646 0.312000 24.968750 239 6460 9156
Ch1: 19.296313 16.410918 0.312000 24.968750 238 6457 9204
Ch1: 19.392868 17.559850 0.312000 24.968750 237 6459 9250
Ch1: 19.493621 14.113054 0.312000 24.906250 236 6457 9299
Ch1: 19.596473 14.113054 0.312000 24.937500 235 6457 9348
Ch1: 19.698276 15.261986 0.312000 24.968750 234 6458 9396
Ch1: 19.797979 14.113054 0.312000 24.968750 233 6458 9444
Ch1: 19.897683 10.666257 0.312000 24.937500 232 6457 9491
Ch1: 20.000535 2.623732 0.312000 24.937500 231 6450 9541
Ch1: 20.101288 7.219461 0.312000 24.968750 230 6454 9588
Ch1: 20.199942 3.772665 0.312000 24.937500 229 6455 9635
Ch1: 20.301745 4.921597 0.312000 24.968750 228 6453 9684
Ch1: 20.407745 -14.610249 0.312000 24.968750 227 6437 9736
Ch1: 20.510597 -4.269860 0.312000 24.937500 226 6446 9786
Ch1: 20.611350 -1.971996 0.312000 24.968750 225 6449 9833
Ch1: 20.711054 -1.971996 0.312000 24.937500 224 6449 9879
Ch1: 20.816005 -4.269860 0.312000 24.906250 223 6449 9929
Ch1: 20.922006 -6.567725 0.312000 24.968750 222 6448 9977
Ch1: 21.016462 19.857714 0.312000 24.937500 221 6458 10023
Ch1: 21.115116 22.155579 0.312000 24.968750 220 6459 10071
Ch1: 21.216918 19.857714 0.312000 24.937500 219 6459 10119
Ch1: 21.318721 19.857714 0.312000 24.937500 218 6459 10168
Ch1: 21.417375 19.857714 0.312000 24.968750 217 6460 10215
Ch1: 21.516029 16.410918 0.312000 25.000000 216 6458 10262
Ch1: 21.616782 16.410918 0.312000 24.937500 215 6458 10310
Ch1: 21.718585 16.410918 0.312000 24.906250 214 6458 10358
Ch1: 21.816189 14.113054 0.312000 24.937500 213 6457 10405
Ch1: 21.923239 3.772665 0.312000 24.937500 212 6450 10456
Ch1: 22.018745 4.921597 0.312000 24.968750 211 6448 10502
Ch1: 22.121597 6.070529 0.312000 24.937500 210 6448 10551
Ch1: 22.221301 8.368393 0.312000 24.968750 209 6449 10598
Ch1: 22.318905 11.815189 0.312000 24.968750 208 6451 10644
Ch1: 22.420708 12.964122 0.312000 24.937500 207 6453 10695
Ch1: 22.528807 14.113054 0.312000 24.937500 206 6453 10744
Ch1: 22.624313 16.410918 0.312000 24.968750 205 6454 10790
Ch1: 22.726115 21.006646 0.312000 24.968750 204 6455 10839
Ch1: 22.830017 9.517325 0.312000 24.968750 203 6447 10890
Ch1: 22.928671 -3.120928 0.312000 24.937500 202 6448 10935
Ch1: 23.028375 -3.120928 0.312000 24.968750 201 6448 10983
Ch1: 23.129128 -4.269860 0.312000 24.937500 200 6446 11031
Ch1: 23.235128 -21.503842 0.312000 24.937500 199 6430 11084
Ch1: 23.334832 -4.269860 0.312000 24.937500 198 6443 11131
Ch1: 23.434535 -1.971996 0.312000 24.937500 197 6446 11178
Ch1: 23.536338 3.772665 0.312000 24.968750 196 6448 11226
Ch1: 23.640240 2.623732 0.312000 24.968750 195 6454 11273
Ch1: 23.740993 2.623732 0.312000 24.937500 194 6449 11321
Ch1: 23.840696 9.517325 0.312000 24.968750 193 6455 11369
Ch1: 23.937251 9.517325 0.312000 24.937500 192 6456 11414
Ch1: 24.036955 2.623732 0.312000 24.968750 191 6452 11467
Ch1: 24.139807 -0.823064 0.312000 24.968750 190 6449 11513
Ch1: 24.239511 -21.503842 0.312000 24.906250 189 6447 11559
Ch1: 24.338165 -8.865589 0.312000 24.968750 188 6448 11606
Ch1: 24.439967 -4.269860 0.312000 24.906250 187 6448 11655
Ch1: 24.538621 -5.418792 0.312000 24.937500 186 6447 11701
Ch1: 24.641473 9.517325 0.312000 24.968750 185 6458 11750
Ch1: 24.734880 18.708782 0.312000 24.937500 184 6459 11795
Ch1: 24.835633 18.708782 0.312000 24.968750 183 6459 11844
Ch1: 24.935336 18.708782 0.312000 24.937500 182 6459 11891
Ch1: 25.033991 21.006646 0.312000 24.937500 181 6461 11938
Ch1: 25.132645 17.559850 0.312000 24.937500 180 6459 11985
Ch1: 25.232348 16.410918 0.312000 24.937500 179 6458 12033
Ch1: 25.332052 15.261986 0.312000 24.968750 178 6458 12080
Ch1: 25.432805 14.113054 0.312000 24.906250 177 6457 12128
Ch1: 25.530409 6.070529 0.312000 24.937500 176 6450 12175
Ch1: 25.626964 26.751307 0.312000 24.968750 175 6458 12222
Ch1: 25.729816 30.198103 0.312000 24.937500 174 6459 12269
Ch1: 25.823223 35.942764 0.312000 24.968750 173 6463 12314
Ch1: 25.920827 39.389560 0.312000 24.968750 172 6465 12361
Ch1: 26.019482 47.432085 0.312000 24.968750 171 6468 12408
Ch1: 26.119185 50.878882 0.312000 24.968750 170 6471 12455
Ch1: 26.214691 53.176746 0.312000 24.937500 169 6473 12501
Ch1: 26.312295 57.772474 0.312000 24.906250 168 6476 12547
Ch1: 26.408850 60.070339 0.312000 24.937500 167 6476 12593
Ch1: 26.505405 69.261795 0.312000 24.937500 166 6479 12639
Ch1: 26.600911 71.559660 0.312000 24.937500 165 6483 12685
Ch1: 26.700614 61.219271 0.312000 24.968750 164 6472 12734
Ch1: 26.798219 68.112863 0.312000 24.968750 163 6475 12780
Ch1: 26.893724 86.495777 0.312000 24.937500 162 6489 12826
Ch1: 26.990279 93.389370 0.312000 24.968750 161 6493 12871
Ch1: 27.084735 80.751117 0.312000 24.937500 160 6491 12914
Ch1: 27.180241 107.176556 0.312000 24.937500 159 6501 12961
Ch1: 27.279944 116.368012 0.312000 24.968750 158 6504 13008
Ch1: 27.369153 114.070148 0.312000 24.968750 157 6498 13052
Ch1: 27.464658 131.304130 0.312000 24.937500 156 6510 13098
Ch1: 27.558065 146.240248 0.312000 24.906250 155 6516 13142
Ch1: 27.654620 133.601994 0.312000 24.937500 154 6517 13185
Ch1: 27.743828 165.772094 0.312000 24.968750 153 6528 13227
Ch1: 27.834086 178.410347 0.312000 24.937500 152 6531 13270
Ch1: 27.927493 194.495397 0.312000 24.937500 151 6538 13316
Ch1: 28.016701 209.431514 0.312000 24.937500 150 6546 13358
Ch1: 28.105910 219.771903 0.312000 24.937500 149 6549 13400
Ch1: 28.196168 238.154817 0.312000 24.937500 148 6555 13443
Ch1: 28.284327 253.090935 0.312000 24.968750 147 6562 13486
Ch1: 28.373535 274.920645 0.312000 24.937500 146 6573 13528
Ch1: 28.464843 282.963170 0.312000 24.937500 145 6577 13571
Ch1: 28.549853 304.792880 0.312000 24.968750 144 6587 13611
Ch1: 28.635913 331.218319 0.312000 24.937500 143 6595 13654
Ch1: 28.727220 350.750165 0.312000 24.937500 142 6604 13696
Ch1: 28.811181 372.579876 0.312000 24.937500 141 6616 13736
Ch1: 28.896192 396.707450 0.312000 24.937500 140 6623 13778
Ch1: 28.981202 443.813667 0.312000 24.937500 139 6645 13818
Ch1: 29.065163 472.536970 0.312000 24.968750 138 6657 13856
Ch1: 29.149124 503.558137 0.312000 24.937500 137 6674 13897
Ch1: 29.232035 520.792119 0.312000 24.937500 136 6680 13935
Ch1: 29.311798 558.706879 0.312000 24.906250 135 6696 13975
Ch1: 29.392611 588.579114 0.312000 24.968750 134 6711 14013
Ch1: 29.473423 621.898146 0.312000 24.937500 133 6726 14051
Ch1: 29.552136 647.174653 0.312000 24.906250 132 6738 14089
Ch1: 29.635048 680.493684 0.312000 24.937500 131 6751 14129
Ch1: 29.716909 710.365919 0.312000 24.937500 130 6766 14167
Ch1: 29.795623 742.536019 0.312000 24.937500 129 6778 14206
Ch1: 29.863841 796.535828 0.312000 24.968750 128 6804 14236
Ch1: 29.939406 837.897385 0.312000 24.937500 127 6820 14274
Ch1: 30.014971 875.812145 0.312000 24.937500 126 6842 14306
Ch1: 30.088436 926.365158 0.312000 24.937500 125 6864 14343
Ch1: 30.159803 965.428850 0.312000 24.968750 124 6880 14375
Ch1: 30.233269 1020.577592 0.312000 24.968750 123 6900 14412
Ch1: 30.299388 1076.875266 0.312000 24.968750 122 6924 14442
Ch1: 30.370755 1129.726144 0.312000 24.906250 121 6943 14478
Ch1: 30.443171 1180.279157 0.312000 24.968750 120 6965 14510
Ch1: 30.504043 1241.172559 0.312000 24.937500 119 6992 14540
Ch1: 30.571212 1304.363826 0.312000 24.937500 118 7020 14573
Ch1: 30.628935 1368.704025 0.312000 25.000000 117 7048 14600
Ch1: 30.699252 1429.597427 0.312000 24.937500 116 7080 14634
Ch1: 30.761173 1498.533355 0.312000 24.937500 115 7107 14663
Ch1: 30.825193 1576.660739 0.312000 24.937500 114 7138 14695
Ch1: 30.878718 1647.894530 0.312000 24.937500 113 7170 14717
Ch1: 30.936442 1735.213372 0.312000 24.968750 112 7207 14746
Ch1: 30.997313 1784.617453 0.312000 24.968750 111 7238 14777
Ch1: 31.055036 1869.638430 0.312000 24.968750 110 7273 14800
Ch1: 31.106462 1935.127561 0.312000 24.937500 109 7302 14828
Ch1: 31.143195 2030.488927 0.312000 24.937500 108 7344 14841
Ch1: 31.206166 2112.063107 0.312000 24.968750 107 7385 14874
Ch1: 31.263889 2206.275541 0.312000 24.968750 106 7421 14899
Ch1: 31.304820 2300.487975 0.312000 25.000000 105 7464 14917
Ch1: 31.360444 2374.019631 0.312000 24.968750 104 7492 14946
Ch1: 31.412920 2460.189540 0.312000 24.968750 103 7530 14970
Ch1: 31.459098 2568.189160 0.312000 24.968750 102 7585 14992
Ch1: 31.507376 2675.039847 0.312000 24.937500 101 7624 15017
Ch1: 31.544108 2781.890534 0.312000 24.968750 100 7665 15036
Ch1: 31.588188 2876.102968 0.312000 24.968750 99 7711 15057
Ch1: 31.630168 2984.102588 0.312000 24.906250 98 7762 15077
Ch1: 31.674248 3113.931917 0.312000 24.968750 97 7818 15097
Ch1: 31.710981 3201.250759 0.312000 24.906250 96 7856 15111
Ch1: 31.761357 3314.995039 0.312000 24.906250 95 7900 15133
Ch1: 31.791793 3432.186115 0.312000 24.937500 94 7954 15149
Ch1: 31.818031 3568.909037 0.312000 24.968750 93 8015 15165
Ch1: 31.860011 3668.866132 0.312000 24.906250 92 8063 15182
Ch1: 31.900942 3811.333715 0.312000 24.968750 91 8119 15200
Ch1: 31.925081 3905.546149 0.312000 24.937500 90 8160 15214
Ch1: 31.948170 4037.673343 0.312000 24.968750 89 8228 15224
Ch1: 31.991200 4165.204808 0.312000 24.937500 88 8286 15247
Ch1: 32.016389 4295.034138 0.312000 24.968750 87 8337 15259
Ch1: 32.048923 4403.033758 0.312000 24.968750 86 8386 15272
Ch1: 32.078310 4476.565413 0.250000 25.000000 86 8402 15280
Ch1: 32.053121 4470.820753 0.250000 24.968750 87 8377 15262
Ch1: 32.031082 4324.906373 0.250000 24.968750 88 8314 15257
Ch1: 31.997497 4215.757822 0.250000 24.968750 89 8273 15235
Ch1: 31.971260 4046.864800 0.250000 24.968750 90 8196 15229
Ch1: 31.938725 3979.077805 0.250000 25.000000 91 8154 15217
Ch1: 31.906190 3829.716629 0.250000 25.000000 92 8100 15196
Ch1: 31.869457 3703.334096 0.250000 25.000000 93 8053 15176
Ch1: 31.829576 3581.547291 0.250000 24.968750 94 7996 15159
Ch1: 31.790744 3475.845536 0.250000 24.968750 95 7946 15143
Ch1: 31.750862 3374.739509 0.250000 25.000000 96 7893 15120
Ch1: 31.726723 3228.825129 0.250000 24.968750 97 7836 15109
Ch1: 31.678446 3147.250949 0.250000 24.968750 98 7804 15088
Ch1: 31.645911 3033.506669 0.250000 25.000000 99 7751 15070
Ch1: 31.591336 2951.932488 0.250000 25.000000 100 7725 15045
Ch1: 31.552505 2849.677529 0.312000 24.968750 101 7664 15028
Ch1: 31.515772 2727.890725 0.250000 25.000000 102 7621 15008
Ch1: 31.473791 2640.571883 0.312000 25.000000 103 7574 14990
Ch1: 31.420266 2522.231875 0.250000 24.968750 104 7531 14963
Ch1: 31.375137 2439.508762 0.312000 24.968750 105 7500 14942
Ch1: 31.322662 2360.232446 0.312000 25.000000 106 7462 14917
Ch1: 31.272285 2253.381758 0.312000 25.000000 107 7411 14896
Ch1: 31.232404 2152.275732 0.250000 24.968750 108 7373 14877
Ch1: 31.166284 2079.893008 0.312000 24.968750 109 7337 14842
Ch1: 31.119056 2000.616692 0.312000 24.968750 110 7309 14820
Ch1: 31.062383 1925.936104 0.312000 25.031250 111 7280 14793
Ch1: 31.012006 1828.276873 0.312000 24.968750 112 7240 14763
Ch1: 30.951135 1774.277064 0.312000 24.968750 113 7212 14740
Ch1: 30.896560 1698.447544 0.312000 24.968750 114 7172 14713
Ch1: 30.844085 1636.405209 0.312000 25.031250 115 7152 14688
Ch1: 30.780064 1551.384232 0.312000 25.000000 116 7115 14654
Ch1: 30.711846 1492.788694 0.312000 24.968750 117 7091 14622
Ch1: 30.649925 1426.150631 0.312000 25.000000 118 7064 14593
Ch1: 30.585905 1360.661500 0.312000 24.968750 119 7037 14564
Ch1: 30.517687 1292.874505 0.312000 25.000000 120 7008 14530
Ch1: 30.450518 1248.066152 0.312000 25.000000 121 6982 14500
Ch1: 30.385448 1175.683428 0.312000 25.000000 122 6953 14470
Ch1: 30.323527 1103.300705 0.312000 24.968750 123 6927 14440
Ch1: 30.247962 1065.385945 0.312000 25.000000 124 6912 14404
Ch1: 30.176595 1006.790407 0.250000 25.000000 125 6883 14367
Ch1: 30.106278 948.194868 0.312000 24.968750 126 6860 14334
Ch1: 30.038060 907.982244 0.312000 24.968750 127 6841 14304
Ch1: 29.964594 851.684570 0.312000 24.968750 128 6815 14267
Ch1: 29.884831 803.429421 0.312000 24.968750 129 6796 14228
Ch1: 29.813465 760.918933 0.312000 25.000000 130 6774 14195
Ch1: 29.739999 718.408444 0.312000 25.000000 131 6756 14160
Ch1: 29.657087 717.259512 0.312000 24.968750 132 6755 14120
Ch1: 29.577325 675.897956 0.250000 24.968750 133 6739 14081
Ch1: 29.496512 639.132128 0.312000 24.968750 134 6726 14043
Ch1: 29.417799 605.813096 0.312000 25.000000 135 6710 14006
Ch1: 29.341184 561.004743 0.312000 24.968750 136 6690 13970
Ch1: 29.255125 517.345323 0.312000 25.000000 137 6669 13928
Ch1: 29.175362 494.366680 0.312000 24.968750 138 6658 13890
Ch1: 29.090351 465.643377 0.312000 24.968750 139 6647 13849
Ch1: 29.011638 433.473278 0.312000 25.000000 140 6641 13812
Ch1: 28.923479 418.537160 0.312000 24.968750 141 6629 13769
Ch1: 28.835320 410.494636 0.312000 24.968750 142 6623 13726
Ch1: 28.754508 381.771333 0.312000 25.000000 143 6611 13689
Ch1: 28.665299 363.388419 0.312000 25.000000 144 6602 13645
Ch1: 28.572942 343.856573 0.312000 24.968750 145 6598 13602
Ch1: 28.490031 315.133269 0.312000 24.968750 146 6585 13562
Ch1: 28.402921 300.197152 0.312000 25.000000 147 6580 13520
Ch1: 28.312664 279.516374 0.312000 24.968750 148 6568 13477
Ch1: 28.220307 261.133460 0.312000 25.000000 149 6562 13434
Ch1: 28.131098 242.750546 0.312000 24.968750 150 6555 13391
Ch1: 28.040840 222.069768 0.312000 24.968750 151 6545 13348
Ch1: 27.948483 201.388989 0.312000 25.000000 152 6538 13304
Ch1: 27.857176 191.048600 0.312000 25.000000 153 6534 13261
Ch1: 27.765868 176.112483 0.312000 25.000000 154 6526 13216
Ch1: 27.673511 160.027433 0.312000 25.000000 155 6521 13173
Ch1: 27.582204 143.942383 0.312000 24.968750 156 6513 13129
Ch1: 27.486698 135.899859 0.312000 25.000000 157 6508 13084
Ch1: 27.392242 120.963741 0.312000 25.000000 158 6502 13039
Ch1: 27.304083 111.772284 0.312000 25.000000 159 6499 12998
Ch1: 27.204380 126.708402 0.312000 24.968750 160 6501 12948
Ch1: 27.104676 115.219080 0.312000 25.000000 161 6497 12902
Ch1: 27.013369 108.325488 0.312000 25.031250 162 6495 12859
Ch1: 26.918913 97.985099 0.312000 24.968750 163 6491 12813
Ch1: 26.822358 92.240438 0.312000 25.000000 164 6489 12767
Ch1: 26.726852 81.900049 85.000000 24.968750 165 6486 12721
Ch1: 26.629248 73.857524 0.312000 25.000000 166 6481 12675
Ch1: 26.534792 63.517135 0.312000 25.000000 167 6478 12630
Ch1: 26.439286 57.772474 0.312000 24.968750 168 6475 12584
Ch1: 26.340632 52.027814 0.312000 24.968750 169 6475 12538
Ch1: 26.244077 45.134221 0.312000 25.000000 170 6471 12491
Ch1: 26.150670 34.793832 0.312000 25.000000 171 6464 12449
Ch1: 26.055165 17.559850 0.312000 24.968750 172 6452 12403
Ch1: 25.954412 23.304511 0.312000 25.000000 173 6460 12355
Ch1: 25.856807 18.708782 0.312000 25.000000 174 6458 12309
Ch1: 25.763401 4.921597 0.312000 25.000000 175 6455 12263
Ch1: 25.666846 3.772665 0.312000 25.000000 176 6456 12214
Ch1: 25.562944 4.921597 0.312000 24.968750 177 6451 12167
Ch1: 25.466389 3.772665 0.312000 24.968750 178 6450 12120
Ch1: 25.367735 1.474800 0.312000 25.000000 179 6449 12073
Ch1: 25.264883 0.325868 0.312000 25.000000 180 6449 12024
Ch1: 25.165179 2.623732 0.312000 25.000000 181 6448 11977
Ch1: 25.064426 0.325868 0.312000 24.968750 182 6447 11929
Ch1: 24.964723 0.325868 0.312000 25.000000 183 6446 11882
Ch1: 24.865019 3.772665 0.312000 25.000000 184 6447 11834
Ch1: 24.764266 6.070529 0.312000 25.000000 185 6449 11786
Ch1: 24.663513 11.815189 0.312000 25.031250 186 6451 11738
Ch1: 24.563810 3.772665 0.312000 25.000000 187 6453 11691
Ch1: 24.464106 1.474800 0.312000 25.031250 188 6452 11643
Ch1: 24.361254 2.623732 0.312000 25.000000 189 6452 11594
Ch1: 24.261550 1.474800 0.312000 25.000000 190 6451 11547
Ch1: 24.163946 -4.269860 0.312000 25.000000 191 6449 11501
Ch1: 24.064242 -0.823064 0.312000 24.968750 192 6449 11452
Ch1: 23.960341 -4.269860 0.312000 24.937500 193 6447 11404
Ch1: 23.864835 -5.418792 0.312000 25.000000 194 6447 11358
Ch1: 23.765132 -1.971996 0.312000 25.000000 195 6447 11310
Ch1: 23.665428 -0.823064 0.312000 25.031250 196 6448 11263
Ch1: 23.563625 -3.120928 0.312000 25.000000 197 6446 11215
Ch1: 23.461823 0.325868 0.312000 25.031250 198 6447 11166
Ch1: 23.362119 0.325868 0.312000 25.000000 199 6447 11119
Ch1: 23.265564 -4.269860 0.312000 25.031250 200 6442 11074
Ch1: 23.164811 -3.120928 0.312000 25.000000 201 6441 11027
Ch1: 23.065108 6.070529 0.312000 24.968750 202 6447 10979
Ch1: 22.966453 8.368393 0.312000 25.031250 203 6450 10932
Ch1: 22.867799 3.772665 0.312000 24.968750 204 6451 10882
Ch1: 22.767046 -0.823064 0.312000 25.031250 205 6447 10834
Ch1: 22.663145 8.368393 0.312000 25.000000 206 6450 10784
Ch1: 22.565540 9.517325 0.312000 25.031250 207 6450 10739
Ch1: 22.463738 15.261986 0.312000 25.000000 208 6453 10688
Ch1: 22.353539 15.261986 0.312000 25.031250 209 6453 10638
Ch1: 22.256984 17.559850 0.312000 25.031250 210 6455 10592
Ch1: 22.156231 21.006646 0.312000 25.000000 211 6456 10543
Ch1: 22.052329 22.155579 0.312000 25.000000 212 6457 10494
Ch1: 21.951576 19.857714 0.312000 24.968750 213 6457 10446
Ch1: 21.849774 24.453443 0.312000 25.000000 214 6460 10398
Ch1: 21.749020 -3.120928 0.312000 24.968750 215 6446 10350
Ch1: 21.649317 -3.120928 0.312000 25.000000 216 6447 10302
Ch1: 21.547514 0.325868 0.312000 25.031250 217 6447 10254
Ch1: 21.446761 1.474800 0.312000 25.000000 218 6447 10206
Ch1: 21.348107 2.623732 0.312000 25.031250 219 6446 10159
Ch1: 21.248404 7.219461 0.312000 25.000000 220 6450 10111
Ch1: 21.144502 7.219461 0.312000 25.031250 221 6448 10062
Ch1: 21.042699 10.666257 0.312000 25.000000 222 6451 10014
Ch1: 20.945095 12.964122 0.312000 25.031250 223 6452 9968
Ch1: 20.845391 14.113054 0.312000 25.031250 224 6453 9918
Ch1: 20.737292 15.261986 0.312000 25.000000 225 6453 9869
Ch1: 20.640737 16.410918 0.312000 25.000000 226 6454 9822
Ch1: 20.539984 22.155579 0.312000 25.000000 227 6456 9774
Ch1: 20.438181 21.006646 0.312000 25.000000 228 6458 9726
Ch1: 20.342675 3.772665 0.312000 25.031250 229 6441 9682
Ch1: 20.239823 16.410918 0.312000 25.031250 230 6453 9634
Ch1: 20.139070 23.304511 0.312000 25.000000 231 6458 9586
Ch1: 20.039367 8.368393 0.312000 25.031250 232 6448 9536
Ch1: 19.942812 -13.461317 0.312000 24.968750 233 6441 9489
Ch1: 19.841009 -3.120928 0.312000 25.000000 234 6446 9440
Ch1: 19.739207 0.325868 0.312000 24.968750 235 6448 9392
Ch1: 19.638453 1.474800 0.312000 25.000000 236 6447 9343
Ch1: 19.533502 2.623732 0.312000 25.031250 237 6447 9294
Ch1: 19.430650 2.623732 0.312000 25.000000 238 6448 9245
Ch1: 19.334095 7.219461 0.312000 25.031250 239 6449 9200
Ch1: 19.230194 10.666257 0.312000 25.000000 240 6450 9148
Ch1: 19.122094 10.666257 0.312000 25.031250 241 6451 9099
Ch1: 19.025539 14.113054 0.312000 25.031250 242 6452 9053
Ch1: 18.923736 15.261986 0.312000 25.000000 243 6452 9004
Ch1: 18.820884 17.559850 0.312000 25.000000 244 6454 8955
Ch1: 18.720131 16.410918 0.312000 25.062500 245 6453 8907
Ch1: 18.617279 19.857714 0.312000 25.031250 246 6456 8858
Ch1: 18.517576 18.708782 0.312000 25.000000 247 6455 8811
Ch1: 18.415773 19.857714 0.312000 25.000000 248 6457 8762
Ch1: 18.313970 18.708782 0.312000 25.000000 249 6456 8714
Ch1: 18.214267 16.410918 0.312000 24.968750 250 6456 8666
Ch1: 18.113514 21.006646 0.312000 24.968750 251 6458 8618
Ch1: 18.016959 19.857714 0.312000 25.031250 252 6459 8572
Ch1: 17.909909 19.857714 0.312000 25.000000 253 6459 8521
Ch1: 17.809155 18.708782 0.312000 25.031250 254 6459 8473
Ch1: 17.710501 16.410918 0.312000 25.000000 255 6458 8427
Ch1: 17.610798 15.261986 0.312000 25.000000 256 6458 8377
Ch1: 17.504797 8.368393 0.312000 25.000000 257 6453 8331
Ch1: 17.410341 -4.269860 0.312000 25.031250 258 6443 8286
Ch1: 17.308539 0.325868 0.312000 25.031250 259 6449 8237
Ch1: 17.206736 4.921597 0.312000 25.000000 260 6453 8188
Ch1: 17.111231 -14.610249 0.312000 25.000000 261 6445 8140
Ch1: 17.006279 15.261986 0.312000 25.000000 262 6455 8089
Ch1: 16.904477 18.708782 0.312000 25.031250 263 6456 8041
Ch1: 16.803724 19.857714 0.312000 25.031250 264 6456 7993
Ch1: 16.699822 23.304511 0.312000 25.031250 265 6458 7944
Ch1: 16.599069 23.304511 0.312000 25.000000 266 6460 7896
Ch1: 16.497266 21.006646 0.312000 25.031250 267 6460 7848
Ch1: 16.395464 21.006646 0.312000 25.000000 268 6460 7799
Ch1: 16.291562 18.708782 0.312000 25.031250 269 6459 7750
Ch1: 16.189760 14.113054 0.312000 24.968750 270 6457 7702
Ch1: 16.090056 11.815189 0.312000 25.000000 271 6456 7655
Ch1: 15.991402 9.517325 0.312000 25.000000 272 6456 7606
Ch1: 15.883302 3.772665 0.312000 25.031250 273 6454 7556
Ch1: 15.784648 -0.823064 0.312000 25.062500 274 6451 7509
Ch1: 15.684945 1.474800 0.312000 25.000000 275 6452 7461
Ch1: 15.582093 -1.971996 0.312000 25.000000 276 6449 7412
Ch1: 15.480290 -1.971996 0.312000 25.000000 277 6449 7364
Ch1: 15.377438 -1.971996 0.312000 25.000000 278 6448 7315
Ch1: 15.277734 -3.120928 0.312000 25.031250 279 6448 7268
Ch1: 15.181179 -1.971996 0.312000 24.968750 280 6448 7221
Ch1: 15.075179 -1.971996 0.312000 25.000000 281 6445 7171
Ch1: 14.974426 2.623732 0.312000 25.031250 282 6449 7123
Ch1: 14.873673 6.070529 0.312000 24.968750 283 6448 7075
Ch1: 14.771870 8.368393 0.312000 25.031250 284 6449 7026
Ch1: 14.671117 16.410918 0.312000 25.000000 285 6453 6979
Ch1: 14.574562 0.325868 0.312000 25.000000 286 6439 6936
Ch1: 14.476957 15.261986 0.312000 25.000000 287 6452 6890
Ch1: 14.375155 24.453443 0.312000 25.000000 288 6457 6839
Ch1: 14.274402 21.006646 0.312000 25.000000 289 6457 6791
Ch1: 14.177847 14.113054 0.312000 25.000000 290 6460 6742
Ch1: 14.073945 21.006646 0.312000 25.000000 291 6459 6692
Ch1: 13.971093 18.708782 0.312000 25.031250 292 6459 6644
Ch1: 13.868241 15.261986 0.312000 25.031250 293 6458 6595
Ch1: 13.765389 11.815189 0.312000 25.000000 294 6457 6546
Ch1: 13.663586 9.517325 0.312000 25.000000 295 6456 6498
Ch1: 13.562833 10.666257 0.312000 25.031250 296 6455 6450
Ch1: 13.458932 4.921597 0.312000 25.031250 297 6453 6401
Ch1: 13.359228 1.474800 0.312000 25.031250 298 6452 6353
Ch1: 13.259524 21.006646 0.312000 25.000000 299 6456 6306
Ch1: 13.156672 23.304511 0.312000 25.000000 300 6458 6256
Ch1: 13.053820 24.453443 0.312000 25.000000 301 6460 6208
Ch1: 12.952018 19.857714 0.312000 25.000000 302 6457 6160
Ch1: 12.852314 21.006646 0.312000 25.031250 303 6459 6113
Ch1: 12.752611 19.857714 0.312000 25.031250 304 6458 6063
Ch1: 12.645560 21.006646 0.312000 25.000000 305 6460 6014
Ch1: 12.547956 16.410918 0.312000 25.031250 306 6458 5967
Ch1: 12.447203 12.964122 0.312000 25.000000 307 6457 5919
Ch1: 12.348549 11.815189 0.312000 25.031250 308 6457 5872
Ch1: 12.243598 10.666257 0.312000 25.000000 309 6455 5822
Ch1: 12.140746 2.623732 0.312000 25.000000 310 6452 5773
Ch1: 12.041042 3.772665 0.312000 25.000000 311 6452 5726
Ch1: 11.941338 3.772665 85.000000 25.031250 312 6453 5678
Ch1: 11.841635 1.474800 0.312000 25.000000 313 6450 5632
Ch1: 11.744030 -21.503842 0.312000 25.031250 314 6433 5587
Ch1: 11.644327 -8.865589 0.312000 24.968750 315 6443 5540
Ch1: 11.542524 -1.971996 0.312000 25.031250 316 6448 5491
Ch1: 11.442821 -6.567725 0.312000 25.000000 317 6443 5442
Ch1: 11.343117 -14.610249 0.312000 25.000000 318 6447 5392
Ch1: 11.243413 -5.418792 0.312000 25.031250 319 6448 5345
Ch1: 11.142660 1.474800 0.312000 25.000000 320 6449 5295
Ch1: 11.034561 -0.823064 0.312000 25.000000 321 6447 5246
Ch1: 10.934857 -0.823064 0.312000 25.000000 322 6447 5198
Ch1: 10.834104 1.474800 0.312000 25.031250 323 6447 5150
Ch1: 10.731252 4.921597 0.312000 25.031250 324 6449 5101
Ch1: 10.628400 2.623732 0.312000 25.000000 325 6447 5052
Ch1: 10.524498 8.368393 0.312000 25.031250 326 6449 5003
Ch1: 10.423745 8.368393 0.312000 25.031250 327 6456 4955
Ch1: 10.324042 4.921597 0.312000 25.000000 328 6454 4907
Ch1: 10.222239 2.623732 0.312000 25.031250 329 6452 4859
Ch1: 10.121486 1.474800 0.312000 25.000000 330 6452 4811
Ch1: 10.019683 -0.823064 0.312000 25.031250 331 6449 4763
Ch1: 9.917881 -3.120928 0.312000 25.000000 332 6448 4714
Ch1: 9.816078 -1.971996 0.312000 25.031250 333 6447 4665
Ch1: 9.714276 -1.971996 0.312000 25.000000 334 6447 4617
Ch1: 9.615622 -0.823064 0.312000 25.031250 335 6447 4571
Ch1: 9.518017 1.474800 0.312000 25.000000 336 6448 4522
Ch1: 9.405719 3.772665 0.312000 25.031250 337 6448 4471
Ch1: 9.307065 3.772665 0.312000 25.000000 338 6447 4423
Ch1: 9.208411 8.368393 0.312000 25.000000 339 6450 4376
Ch1: 9.105559 11.815189 0.312000 25.031250 340 6452 4327
Ch1: 9.003757 12.964122 0.312000 25.000000 341 6452 4278
Ch1: 8.905102 15.261986 0.312000 25.031250 342 6452 4234
Ch1: 8.814845 9.517325 0.312000 25.031250 343 6447 4195
Ch1: 8.708844 17.559850 0.312000 25.000000 344 6456 4141
Ch1: 8.607041 16.410918 0.312000 25.000000 345 6454 4093
Ch1: 8.509437 14.113054 0.312000 25.000000 346 6459 4043
Ch1: 8.408684 16.410918 0.312000 25.000000 347 6458 3994
Ch1: 8.305832 19.857714 0.312000 25.000000 348 6459 3944
Ch1: 8.201930 23.304511 0.312000 25.000000 349 6459 3895
Ch1: 8.098028 22.155579 0.312000 25.031250 350 6458 3846
Ch1: 7.999374 23.304511 0.312000 25.031250 351 6461 3800
Ch1: 7.898621 26.751307 0.312000 25.031250 352 6462 3750
Ch1: 7.790522 22.155579 0.312000 25.000000 353 6459 3701
Ch1: 7.692917 19.857714 0.312000 24.968750 354 6459 3654
Ch1: 7.590065 3.772665 0.312000 25.031250 355 6448 3605
Ch1: 7.488262 7.219461 0.312000 25.000000 356 6449 3557
Ch1: 7.386460 8.368393 0.312000 25.000000 357 6450 3508
Ch1: 7.285707 10.666257 0.312000 25.000000 358 6451 3460
Ch1: 7.186003 11.815189 0.312000 25.031250 359 6450 3413
Ch1: 7.085250 11.815189 0.312000 25.000000 360 6451 3365
Ch1: 6.983447 14.113054 0.312000 25.000000 361 6452 3316
Ch1: 6.882694 14.113054 0.312000 25.000000 362 6453 3268
Ch1: 6.782991 16.410918 0.312000 25.000000 363 6453 3221
Ch1: 6.685386 16.410918 0.312000 25.000000 364 6454 3174
Ch1: 6.580435 17.559850 0.312000 25.000000 365 6453 3124
Ch1: 6.478633 17.559850 0.312000 25.000000 366 6455 3076
Ch1: 6.382078 16.410918 0.312000 25.031250 367 6454 3031
Ch1: 6.282374 19.857714 0.312000 25.031250 368 6455 2981
Ch1: 6.171126 19.857714 0.312000 25.031250 369 6455 2930
Ch1: 6.076670 19.857714 0.312000 25.000000 370 6457 2885
Ch1: 5.981164 9.517325 0.312000 25.000000 371 6445 2842
Ch1: 5.881461 21.006646 0.312000 25.031250 372 6455 2795
Ch1: 5.780708 22.155579 0.312000 25.062500 373 6456 2747
Ch1: 5.677856 23.304511 0.312000 25.000000 374 6459 2696
Ch1: 5.582350 8.368393 0.312000 25.000000 375 6458 2648
Ch1: 5.481597 21.006646 0.312000 25.000000 376 6459 2599
Ch1: 5.380844 25.602375 0.312000 25.000000 377 6460 2551
Ch1: 5.277992 23.304511 0.312000 25.031250 378 6460 2503
Ch1: 5.177239 23.304511 0.312000 24.968750 379 6460 2455
Ch1: 5.074387 23.304511 0.312000 25.031250 380 6461 2406
Ch1: 4.972584 21.006646 0.312000 25.000000 381 6459 2358
Ch1: 4.870781 19.857714 0.312000 25.000000 382 6459 2310
Ch1: 4.773177 4.921597 0.312000 25.000000 383 6449 2264
Ch1: 4.675572 6.070529 0.312000 25.000000 384 6448 2215
Ch1: 4.569572 9.517325 0.312000 25.000000 385 6450 2167
Ch1: 4.473017 6.070529 0.312000 25.000000 386 6448 2120
