14.113700867 2.279052973 0.782644426 0.343407738
14.380549431 -5.786450863 0.782644426 -0.135254657
14.485059738 0.073103003 0.782644426 10.706050249
14.598869324 -4.177946091 0.782644426 -0.187327555
14.692379951 2.393945932 0.782644426 0.326926525
14.795022011 -2.638376951 0.782644426 -0.296638593
14.890296936 5.013511181 0.782644426 0.156107047
15.005133629 -4.522624969 0.782644426 -0.173050923
15.099170685 4.347130775 0.782644426 0.180037010
15.201036453 -5.602622032 0.782644426 -0.139692526
15.303888321 -3.396672010 0.782644426 -0.230415072
15.408104897 -3.626457930 0.782644426 -0.215815112
15.508605957 5.335212231 0.782644426 0.146694150
15.610533714 8.345414162 0.782644426 0.093781376
15.712379456 -5.786450863 0.782644426 -0.135254657
15.815587997 10.413492203 0.782644426 0.075156769
15.929081917 -1.765187979 0.935615096 -0.530037088
16.017072678 6.989675045 0.495015508 0.070820962
16.122129440 8.667115211 0.271113688 0.031280730
16.224582672 3.680749893 -0.215385321 -0.058516696
16.327602386 5.404148102 -0.053047044 -0.009815986
16.431125641 -2.270718098 0.001710191 -0.000753150
16.526212692 -4.338796139 0.283121181 -0.065253396
16.639978409 8.598178864 -0.138045125 -0.016055159
16.733322144 -5.901343822 0.396395252 -0.067170337
16.833068848 2.715646982 -0.254317556 -0.093648975
16.936550140 1.245013952 -1.051981597 -0.844955669
17.040807724 12.987099648 -1.384722774 -0.106622942
17.140911102 -2.661355019 -0.531702154 0.199786256
17.244497299 -0.386469990 0.216810620 -0.561002472
17.345754623 -6.567725182 -0.305335054 0.046490230
17.449508667 1.658628941 0.464843085 0.280257430
17.549589157 0.647569001 0.925845794 1.429725315
17.650741577 -1.535402060 1.789669287 -1.165603026
17.755105972 -1.558380008 2.946013174 -1.890433116
17.857013702 2.577775002 3.799140653 1.473806151
17.960033417 6.139464855 4.396696287 0.716136730
18.061353683 2.370966911 4.036053253 1.702281560
18.159587860 0.509697020 3.531246791 6.928129167
18.281476974 7.472226143 4.368810053 0.584673158
18.365522385 -1.650295019 4.406647559 -2.670218057
18.474567413 -6.200066090 4.747623352 -0.765737539
18.572317123 1.681607962 4.769632960 2.836352508
18.674142838 12.504549026 5.038707415 0.402949951
18.775104523 8.000735283 4.745309968 0.593109233
18.877180099 1.612671971 5.149676449 3.193257241
18.979003906 6.622015953 4.780169009 0.721860087
19.082065582 14.136032104 5.147219219 0.364120510
19.181642532 12.665398598 5.060116418 0.399522872
19.282144547 16.204109192 4.528534083 0.279468253
19.388040543 16.893468857 3.572802915 0.211490189
19.489276886 11.631360054 2.934929751 0.252329026
19.592401505 4.071386814 3.254653843 0.799396862
19.692712784 4.232236862 3.150295757 0.744357147
19.790864944 13.745394707 3.059190758 0.222561143
19.902929306 15.997302055 3.825575341 0.239138783
19.996379852 13.331780434 3.724319743 0.279356517
20.098474503 10.229662895 3.348831789 0.327364824
20.202104568 2.485861063 3.189521732 1.283065164
20.306173325 9.011795044 3.957051819 0.439096961
20.406318665 19.122398376 4.407766078 0.230502785
20.508539200 13.975181580 4.184898516 0.299452175
20.610448837 18.984525681 3.406333796 0.179426858
20.713825226 13.561566353 3.485159632 0.256987987
20.812730789 9.241580963 4.087112479 0.442252521
20.914701462 2.853518963 4.473807034 1.567821028
21.019210815 4.117343903 5.493528072 1.334240764
21.129179001 16.548789978 6.049155664 0.365534621
21.224391937 14.113054276 5.806075246 0.411397500
21.325374603 17.100276947 5.847626176 0.341960905
21.421405792 25.326631546 6.225123751 0.245793592
21.534751892 21.535154343 6.232252933 0.289399037
21.628326416 23.281532288 6.313617176 0.271185638
21.728513718 20.501115799 6.277392593 0.306197607
21.833799362 25.855140686 5.546645469 0.214527762
21.937534332 26.199819565 5.206250273 0.198713211
22.038791656 22.867916107 5.314208320 0.232387083
22.140005112 9.563282013 5.523509944 0.577574721
22.240192413 16.204109192 6.087583405 0.375681460
22.343841553 26.728328705 5.828368631 0.218059599
22.443544388 20.225372314 5.302883267 0.262189649
22.545682907 30.473846436 4.525000435 0.148487998
22.649690628 29.164064407 3.637440819 0.124723385
22.757810593 24.981952667 3.335755878 0.133526627
22.854177475 30.956399918 3.111759225 0.100520708
22.953607559 28.198961258 2.957347904 0.104874356
23.057760239 20.638988495 3.395118384 0.164500231
23.168630600 25.027908325 3.359064861 0.134212768
23.263549805 27.073007584 3.542209928 0.130839173
23.364742279 24.752164841 3.629174178 0.146620475
23.468708038 25.878118515 4.308059425 0.166474986
23.572357178 23.787061691 4.780041811 0.200951335
23.672544479 31.278099060 5.123681219 0.163810506
23.773778915 33.070434570 4.606904569 0.139305837
23.874595642 25.901096344 4.692973782 0.181188229
23.978790283 26.843221664 5.079394139 0.189224461
24.077823639 30.565761566 5.091083074 0.166561630
24.179500580 29.210021973 5.570382878 0.190701085
24.283590317 27.532581329 6.787941768 0.246542149
24.384763718 32.151287079 7.349319586 0.228585548
24.488307953 31.347034454 8.152405289 0.260069427
24.588094711 33.484050751 8.868380122 0.264853861
24.685447693 30.106189728 8.818503038 0.292913289
24.797683716 32.518947601 9.364505126 0.287970731
24.891067505 34.449153900 10.016446019 0.290760291
24.991107941 39.665302277 10.362976456 0.261260494
25.094169617 36.724037170 11.167067370 0.304080603
25.197692871 38.815093994 11.653711366 0.300236588
25.298635483 39.573387146 12.132407844 0.306579970
25.400018692 44.651668549 13.037054731 0.291972398
25.501548767 40.354663849 13.881093595 0.343977431
25.604232788 41.894233704 14.747735613 0.352023043
25.702508926 40.216789246 16.091881641 0.400128452
25.803197861 54.716316223 16.597171522 0.303331303
25.906763077 49.890800476 17.523039894 0.351227876
26.006866455 49.155483246 18.465076024 0.375646313
26.114818573 51.843986511 19.526289332 0.376635568
26.208330154 48.603996277 20.364518106 0.418988554
26.303941727 55.865245819 21.219883821 0.379840516
26.419597626 57.519710541 21.841895351 0.379728882
26.512731552 56.830348969 23.605057233 0.415360061
26.612644196 65.470321655 25.053675579 0.382672254
26.714593887 65.033721924 26.118894652 0.401620788
26.817256927 59.633743286 28.147583432 0.472007657
26.915428162 66.711166382 29.744934258 0.445876393
27.015991211 75.580924988 31.856251214 0.421485331
27.114101410 78.269424438 33.423255697 0.427028254
27.216491699 85.668548584 35.784763810 0.417711802
27.316404343 76.683898926 37.757026926 0.492372290
27.415309906 88.724708557 40.878669210 0.460736021
27.518205643 88.127258301 43.797029401 0.496974832
27.618202209 94.745109558 46.685302055 0.492746299
27.719375610 92.906822205 50.229182846 0.540640414
27.816518784 100.604667664 54.290731401 0.539644260
27.910322189 98.950202942 58.860648044 0.594851211
28.019891739 120.320335388 63.324484109 0.526299099
28.111534119 114.966316223 67.714040489 0.588990260
28.208908081 116.689712524 73.417731330 0.629170556
28.309200287 135.922836304 79.307391205 0.583473634
28.407518387 134.268371582 85.600557828 0.637533299
28.506717682 143.620681763 92.794359785 0.646107222
28.601951599 145.619827271 101.145614792 0.694586834
28.696826935 164.140609741 110.324654582 0.672135036
28.795019150 167.357620239 120.965057944 0.722793846
28.889495850 178.984817505 132.617952022 0.740945259
28.984140396 188.957550049 145.624835239 0.770674870
29.081871033 198.263900757 159.377663963 0.803866278
29.176977158 216.348083496 174.872788102 0.808293678
29.271539688 238.614395142 191.812886607 0.803861337
29.361082077 250.747116089 210.243358351 0.838467703
29.450271606 260.673889160 230.248339463 0.883281176
29.552051544 272.921508789 253.114264665 0.927425126
29.635656357 298.473754883 278.516966051 0.933137207
29.725284576 316.741760254 304.744109940 0.962121666
29.811931610 345.281250000 335.079935512 0.970455058
29.901477814 369.891387939 366.662150582 0.991269769
29.985731125 397.603607178 401.575368130 1.009989248
30.073743820 427.475860596 437.537620255 1.023537609
30.150798798 463.965942383 477.637044015 1.029465744
30.231946945 512.887451172 521.004368131 1.015825922
30.315088272 546.712036133 568.196927577 1.039298369
30.391933441 586.511047363 621.041235685 1.058873892
30.472663879 635.961059570 676.832703644 1.064267526
30.538383484 691.822143555 737.108964760 1.065460208
30.612289429 739.502807617 801.093715246 1.083286915
30.681137085 799.339233398 870.871944713 1.089489804
30.743562698 860.048767090 945.389820946 1.099228157
30.808568954 941.737854004 1021.770848283 1.084984366
30.872085571 993.715576172 1106.277590963 1.113273876
30.927877426 1077.771484375 1194.704644783 1.108495318
30.995718002 1145.190795898 1288.090396319 1.124782351
31.053230286 1233.589599609 1388.446348668 1.125533442
31.113304138 1297.493164062 1494.025779662 1.151471022
31.166704178 1387.224853516 1604.658148536 1.156739763
31.218067169 1487.112915039 1725.237584358 1.160125480
31.266870499 1583.990966797 1854.316827703 1.170661239
31.301168442 1707.386230469 1988.323889134 1.164542535
31.354398727 1803.551879883 2128.955174597 1.180423584
31.397659302 1908.219604492 2273.007026341 1.191166374
31.447763443 2001.007324219 2426.493980859 1.212636232
31.488357544 2127.343994141 2586.260853271 1.215722920
31.524251938 2242.834472656 2751.568519452 1.226826390
31.564279556 2348.834960938 2928.858648163 1.246941014
31.600572586 2487.718017578 3113.919687863 1.251717303
31.637493134 2600.198486328 3300.642308706 1.269380905
31.678047180 2713.896728516 3508.958230193 1.292959380
31.703298569 2860.017822266 3701.964289760 1.294385042
31.740472794 2985.986816406 3871.695250844 1.296621683
31.764820099 3118.481689453 4014.477821298 1.287318067
31.788770676 3268.739013672 4146.964648658 1.268674137
31.820760727 3410.126708984 4267.405980209 1.251392205
31.847080231 3553.168701172 4378.335534175 1.232234071
31.870548248 3694.763183594 4518.975548803 1.223075830
31.900249481 3833.623046875 4652.259640674 1.213541233
31.931209564 3974.137451172 4794.180540547 1.206344924
31.949850082 4129.955566406 4918.847728315 1.191017106
31.978542328 4273.870605469 5054.825693069 1.182727827
31.993362427 4426.609863281 5204.573323210 1.175747013
32.021091461 4562.390625000 5332.567731786 1.168809988
32.054023743 4724.045410156 5425.221812003 1.148427109
32.061035156 4893.375000000 5440.906210822 1.111892346
32.060447693 4902.313476562 5339.949455281 1.089271317
32.049026489 4740.429199219 5231.451119256 1.103581743
32.021949768 4569.651855469 5074.549476263 1.110489297
31.997413635 4442.327148438 4937.506608128 1.111468481
31.978311539 4286.348144531 4792.899033373 1.118177729
31.955516815 4122.349609375 4666.858269138 1.132086968
31.928754807 3982.639404297 4556.965136808 1.144207314
31.897457123 3843.986328125 4462.807589637 1.160984251
31.872688293 3702.621826172 4350.420067057 1.174956631
31.845905304 3556.132812500 4228.325949218 1.189023631
31.817359924 3425.085693359 4117.787517680 1.202243648
31.787153244 3277.631835938 3998.072413089 1.219805217
31.759195328 3147.825439453 3877.145246994 1.231690042
31.723028183 3025.946777344 3745.545281604 1.237809372
31.691375732 2895.083251953 3600.084722225 1.243516821
31.653131485 2766.839599609 3435.298494870 1.241596548
31.625467300 2640.112304688 3257.977579444 1.234029921
31.588586807 2526.023437500 3088.678875789 1.222743554
31.552692413 2382.269042969 2914.526530653 1.223424591
31.512182236 2289.504150391 2742.658752239 1.197926962
31.473728180 2166.958984375 2581.443680821 1.191274823
31.432943344 2041.082031250 2428.292165080 1.189708266
31.395120621 1922.604248047 2276.702378235 1.184176297
31.343063354 1835.055541992 2134.265733863 1.163052390
31.290126801 1745.760620117 1998.811939865 1.144951901
31.249595642 1631.051147461 1868.104316041 1.145337667
31.195838928 1536.425170898 1744.483303635 1.135417030
31.152599335 1434.698730469 1627.244389548 1.134206335
31.097604752 1340.945800781 1514.924757756 1.129743467
31.043428421 1259.900146484 1406.338096802 1.116229807
30.994457245 1162.953247070 1304.973306340 1.122120179
30.935770035 1084.573120117 1209.376208893 1.115071162
30.875171661 1010.421020508 1119.399151670 1.107854181
30.804643631 966.830566406 1033.552010337 1.069010483
30.734746933 886.750000000 955.955270269 1.078043722
30.671167374 823.650634766 879.756660689 1.068118719
30.603998184 772.316345215 809.765512220 1.048489414
30.527173996 721.763305664 745.852669799 1.033375712
30.460151672 662.593322754 687.356260918 1.037372755
30.386245728 612.178161621 631.444577610 1.031471910
30.306440353 573.803833008 577.187131559 1.005896263
30.230203629 526.283996582 528.825788789 1.004829697
30.148006439 488.323303223 483.915111117 0.990972800
30.064445496 456.474884033 443.050581623 0.970591367
29.979938507 430.600952148 405.441657675 0.941571670
29.897216797 396.868286133 370.722248807 0.934119106
29.809686661 366.030975342 340.444207979 0.930096716
29.718694687 340.157012939 312.006665397 0.917243078
29.631772995 325.404724121 285.652849412 0.877838667
29.548189163 302.908630371 259.709279746 0.857384880
29.448402405 287.030395508 236.944253888 0.825502308
29.361482620 268.900238037 216.494496394 0.805110840
29.270740509 250.172653198 197.837721442 0.790804746
29.177209854 231.743774414 180.086641449 0.777093762
29.086132050 220.001693726 164.273323933 0.746691178
28.986890793 216.968505859 150.839862786 0.695215475
28.891889572 195.437515259 137.450315447 0.703295451
28.798355103 185.372879028 126.365768630 0.681684232
28.702136993 175.308227539 116.000525407 0.661694702
28.603252411 167.127838135 106.556570779 0.637575236
28.505668640 155.891281128 97.469454140 0.625239933
28.426576614 148.744918823 89.866273939 0.604163656
28.316337585 145.045364380 83.475675788 0.575514262
28.211721420 141.001113892 77.795557894 0.551737187
28.113046646 136.451339722 71.835868949 0.526457777
28.022998810 131.855621338 66.512211231 0.504432125
27.913764954 119.998634338 62.244140646 0.518707075
27.820632935 110.922073364 57.604100348 0.519320444
27.724748611 113.679512024 53.515664823 0.470759100
27.623512268 111.243774414 50.687739867 0.455645632
27.524396896 96.192764282 47.046162331 0.489082133
27.422971725 104.970603943 44.276132423 0.421795539
27.323352814 91.711929321 41.920710339 0.457091140
27.227447510 94.791069031 39.092592780 0.412407975
27.125057220 89.735763550 36.888986712 0.411084558
27.026046753 89.322151184 34.794968655 0.389544678
26.924579620 80.337501526 33.313350730 0.414667498
26.827289581 74.133270264 32.190217033 0.434220923
26.725530624 71.444770813 30.262989248 0.423585784
26.623432159 74.638801575 28.620299718 0.383450687
26.524150848 72.685615540 26.656500946 0.366736950
26.432443619 58.300983429 25.523843749 0.437794395
26.319915771 67.974990845 25.041035074 0.368386001
26.221763611 66.274574280 24.568306779 0.370704860
26.134004593 54.233764648 23.816143971 0.439138683
26.019859314 67.584358215 22.965724771 0.339808284
25.919021606 46.834640503 22.565906568 0.481820856
25.816862106 51.637176514 21.745466541 0.421120363
25.716529846 60.782676697 20.597451096 0.338870419
25.618799210 53.314617157 19.561068533 0.366898790
25.515401840 52.073772430 18.069851345 0.347004845
25.414815903 46.398044586 16.988800506 0.366153373
25.313831329 41.365722656 16.175941447 0.391046993
25.214883804 51.246540070 15.496353015 0.302388278
25.110898972 44.467838287 14.425828697 0.324410389
25.007543564 48.213359833 13.691475805 0.283976803
24.907545090 33.782772064 12.913630482 0.382254910
24.815166473 29.141086578 13.298266074 0.456340776
24.701337814 32.358097076 12.895144431 0.398513683
24.604677200 29.095129013 11.992591188 0.412185531
24.506191254 27.762367249 11.600171627 0.417837986
24.402584076 30.657676697 10.083488222 0.328905818
24.301179886 23.993869781 10.260953701 0.427648970
24.198118210 38.102756500 9.990133331 0.262189255
24.096420288 29.531723022 8.912952696 0.301809437
23.997598648 38.217651367 8.569542896 0.224229972
23.894851685 28.405769348 7.519958655 0.264733497
23.793846130 29.439807892 6.568746857 0.223124651
23.692001343 30.473846436 6.565950915 0.215461836
23.592172623 36.999782562 5.381542678 0.145447954
23.488248825 25.648332596 5.028342566 0.196049492
23.385879517 25.211738586 3.999874356 0.158651270
23.285903931 18.065380096 3.936372209 0.217895897
23.192749023 18.226230621 3.683927709 0.202122303
23.075897217 24.890037537 3.766741250 0.151335298
22.978397369 26.659391403 3.953829860 0.148309082
22.879112244 29.324914932 4.311435023 0.147022934
22.775693893 20.478137970 4.682993563 0.228682587
22.674646378 21.121540070 5.333913112 0.252534289
22.570137024 22.867916107 5.072441023 0.221814747
22.470537186 16.043260574 5.123517348 0.319356363
22.369281769 26.728328705 4.770592708 0.178484512
22.265253067 29.416830063 4.912357137 0.166991383
22.165969849 17.766658783 4.966362121 0.279532701
22.063474655 25.510459900 4.922882772 0.192975069
21.963457108 17.077299118 3.902739985 0.228533796
21.859050751 22.615150452 4.394741841 0.194327332
21.760103226 20.064521790 4.603618383 0.229440723
21.655509949 27.302793503 4.884616051 0.178905358
21.561725616 18.088359833 5.453771792 0.301507259
21.450372696 18.846654892 5.640231578 0.299269638
21.354257584 16.755598068 5.250061764 0.313331804
21.254554749 12.688378334 5.067296027 0.399365143
21.157474518 13.929224968 4.852116969 0.348340771
21.048723221 13.515608788 5.283925162 0.390949845
20.944570541 15.744537354 5.214577090 0.331199131
20.842473984 12.366677284 5.035414149 0.407175997
20.743568420 12.803271294 5.121347879 0.400003074
20.641429901 12.136890411 3.948837519 0.325358258
20.539375305 11.516467094 4.141251195 0.359593889
20.437341690 19.696863174 4.258575931 0.216205793
20.347944260 5.243298054 4.242645187 0.809155830
20.232896805 9.103710175 3.689359873 0.405258933
20.129730225 14.434755325 3.610157933 0.250101775
20.027654648 9.287538528 3.332915895 0.358858904
19.934415817 7.908820152 3.451262510 0.436381463
19.822643280 14.526668549 2.634196588 0.181335217
19.725269318 7.449246883 2.505195499 0.336301849
19.625146866 15.974324226 2.210804773 0.138397390
19.522523880 4.117343903 2.277008405 0.553028471
19.420364380 9.517325401 1.841680731 0.193508223
19.315561295 17.720701218 1.896370255 0.107014403
19.213989258 2.026288033 1.399970452 0.690903973
19.114999771 18.685804367 1.258532704 0.067352343
19.011915207 7.426269054 0.966552825 0.130153219
18.911142349 -0.248597994 0.472001050 -1.898651882
18.808794022 9.264559746 0.460122024 0.049664748
18.707473755 11.884124756 1.033758594 0.086986515
18.604391098 5.909677982 1.572711646 0.266124762
18.500196457 0.601611972 1.305155794 2.169431220
18.399841309 1.980329990 1.141188572 0.576261824
18.306245804 15.905387878 1.237722757 0.077817829
18.192247391 6.277337074 0.959048470 0.152779508
18.093488693 12.711356163 1.488299181 0.117084217
17.993492126 5.335212231 0.751477426 0.140852396
17.890806198 13.630501747 0.793312281 0.058201253
17.788732529 3.014369011 1.005903730 0.333702916
17.685060501 15.032198906 0.680426234 0.045264584
17.583887100 8.782009125 0.767468955 0.087391045
17.484268188 11.769231796 -0.348760858 -0.029633273
17.380346298 15.813472748 -0.236969136 -0.014985269
17.280433655 -0.754127979 0.452983596 -0.600672046
17.177349091 3.473942041 0.471898469 0.135839477
17.076828003 -0.225619003 0.131633086 -0.583430848
16.971939087 7.058609962 -0.217973590 -0.030880526
16.869255066 10.298599243 0.419938537 0.040776277
16.767515182 7.472226143 0.759761498 0.101678065
16.675285339 6.713931084 0.686937627 0.102315263
16.561832428 0.119060002 1.176273040 9.879665859
16.463724136 11.861146927 1.098897514 0.092646817
16.363895416 11.125829697 1.155612225 0.103867510
16.260370255 2.945432901 0.779302356 0.264579905
16.159912109 2.830539942 0.747297965 0.264012514
16.055967331 11.608382225 0.302537024 0.026061945
15.953724861 14.756456375 0.278871419 0.018898265
15.853685379 5.817763805 -0.258864538 -0.044495539
15.750224113 4.163300991 -1.053080915 -0.252943738
15.648212433 5.610956192 -1.240120707 -0.221017713
15.546198845 8.621157646 -1.260853679 -0.146251087
15.445487976 14.940284729 -1.250747337 -0.083716432
15.341943741 4.553937912 -1.267931974 -0.278425398
15.237978935 8.368392944 -1.293346081 -0.154551309
15.137582779 0.877355993 -1.305959228 -1.488516906
15.045393944 0.670548022 -1.314803640 -1.960789678
14.930303574 3.014369011 -1.298643766 -0.430817780
14.833727837 7.977756023 -1.324745796 -0.166054940
14.733142853 6.599038124 -1.348660854 -0.204372339
14.630353928 11.654338837 -1.341344365 -0.115093991
14.529391289 6.369250774 -1.332078948 -0.209142173
