Ch1: 12.970909 20.776860 0.312000 24.593750 450 6455 6994
Ch1: 14.822876 -4.499647 0.312000 24.718750 449 6452 7066
Ch1: 14.881439 -4.040074 0.312000 24.625000 448 6445 7096
Ch1: 14.999824 -4.040074 0.250000 24.625000 447 6449 7151
Ch1: 15.088822 5.381170 0.250000 24.625000 446 6451 7195
Ch1: 15.188526 11.585403 0.250000 24.625000 445 6453 7242
Ch1: 15.293057 12.964122 0.250000 24.625000 444 6454 7293
Ch1: 15.398008 13.423694 0.250000 24.656250 443 6447 7352
Ch1: 15.501070 -3.810287 0.187000 24.625000 442 6446 7399
Ch1: 15.602243 -1.282637 0.187000 24.625000 441 6448 7442
Ch1: 15.702367 0.785441 0.187000 24.656250 440 6448 7489
Ch1: 15.804799 6.530102 0.187000 24.625000 439 6451 7536
Ch1: 15.903873 14.342840 0.187000 24.625000 438 6453 7583
Ch1: 16.005466 18.019423 0.125000 24.625000 437 6457 7631
Ch1: 16.109997 18.938569 0.125000 24.625000 436 6457 7681
Ch1: 16.209071 15.261986 0.125000 24.593750 435 6453 7730
Ch1: 16.314022 2.853519 0.125000 24.625000 434 6449 7783
Ch1: 16.414355 5.151383 0.062000 24.656250 433 6452 7828
Ch1: 16.513429 16.870491 0.062000 24.656250 432 6448 7883
Ch1: 16.624047 24.223656 0.062000 24.625000 431 6458 7934
Ch1: 16.723541 20.087501 0.062000 24.625000 430 6459 7975
Ch1: 16.821985 11.125830 0.062000 24.593750 429 6448 8021
Ch1: 16.925257 17.559850 0.062000 24.625000 428 6459 8070
Ch1: 17.025800 3.313092 0.062000 24.656250 427 6450 8119
Ch1: 17.127183 3.542878 0.000000 24.625000 426 6450 8167
Ch1: 17.229825 8.598179 0.000000 24.656250 425 6454 8215
Ch1: 17.330368 17.100277 0.000000 24.625000 424 6456 8264
Ch1: 17.434060 24.683229 0.000000 24.593750 423 6461 8313
Ch1: 17.534813 25.372588 0.000000 24.656250 422 6460 8360
Ch1: 17.637036 21.925792 0.000000 24.593750 421 6450 8419
Ch1: 17.741567 17.789636 0.000000 24.625000 420 6456 8465
Ch1: 17.844629 8.368393 0.000000 24.656250 419 6450 8510
Ch1: 17.946012 24.683229 -0.063000 24.687500 418 6459 8557
Ch1: 18.046555 25.832161 -0.063000 24.687500 417 6460 8605
Ch1: 18.143320 28.819385 -0.063000 24.656250 416 6460 8651
Ch1: 18.255618 27.440666 -0.063000 24.656250 415 6460 8705
Ch1: 18.351333 23.764083 -0.063000 24.656250 414 6461 8749
Ch1: 18.450197 25.142802 -0.125000 24.687500 413 6459 8796
Ch1: 18.553469 14.113054 -0.125000 24.625000 412 6453 8846
Ch1: 18.656111 18.249209 -0.125000 24.656250 411 6456 8894
Ch1: 18.759173 23.764083 -0.125000 24.656250 410 6459 8952
Ch1: 18.877768 5.151383 -0.125000 24.656250 409 6452 9015
Ch1: 18.973903 8.138607 -0.125000 24.656250 408 6453 9043
Ch1: 19.067519 7.449247 -0.125000 24.687500 407 6443 9099
Ch1: 19.165964 11.815189 -0.125000 24.656250 406 6455 9138
Ch1: 19.265457 27.670453 -0.188000 24.625000 405 6460 9185
Ch1: 19.369569 23.764083 -0.188000 24.656250 404 6460 9235
Ch1: 19.471791 17.559850 -0.188000 24.593750 403 6456 9283
Ch1: 19.575063 9.976898 -0.188000 24.687500 402 6454 9333
Ch1: 19.676656 27.210880 -0.188000 24.656250 401 6463 9380
Ch1: 19.774260 36.402337 -0.188000 24.656250 400 6464 9429
Ch1: 19.885718 20.087501 -0.188000 24.687500 399 6457 9489
Ch1: 19.982063 20.776860 -0.188000 24.656250 398 6457 9529
Ch1: 20.081137 22.615151 -0.188000 24.656250 397 6459 9574
Ch1: 20.182310 31.576822 -0.188000 24.656250 396 6462 9622
Ch1: 20.285162 34.104473 -0.250000 24.656250 395 6463 9670
Ch1: 20.385915 39.619347 -0.250000 24.625000 394 6465 9719
Ch1: 20.488558 40.538492 -0.250000 24.656250 393 6467 9767
Ch1: 20.590780 38.240628 -0.250000 24.625000 392 6465 9818
Ch1: 20.693212 29.968317 -0.250000 24.625000 391 6462 9865
Ch1: 20.791866 25.372588 -0.250000 24.656250 390 6458 9914
Ch1: 20.893039 32.266181 -0.250000 24.656250 389 6461 9964
Ch1: 20.997151 34.564045 -0.250000 24.656250 388 6466 10017
Ch1: 21.100632 22.615151 -0.250000 24.625000 387 6458 10062
Ch1: 21.203485 20.087501 -0.250000 24.625000 386 6457 10109
Ch1: 21.302349 23.534297 -0.250000 24.656250 385 6459 10156
Ch1: 21.399953 28.819385 -0.313000 24.625000 384 6466 10201
Ch1: 21.510152 40.768279 -0.313000 24.656250 383 6468 10257
Ch1: 21.606077 45.134221 -0.250000 24.625000 382 6468 10299
Ch1: 21.705361 45.823580 -0.313000 24.656250 381 6468 10348
Ch1: 21.808003 42.606570 -0.313000 24.718750 380 6469 10396
Ch1: 21.910016 43.755502 -0.313000 24.625000 379 6468 10444
Ch1: 22.012868 30.657676 -0.313000 24.656250 378 6461 10498
Ch1: 22.115090 36.861910 -0.313000 24.687500 377 6464 10549
Ch1: 22.217102 36.861910 -0.313000 24.625000 376 6465 10594
Ch1: 22.321844 38.470415 -0.313000 24.656250 375 6465 10643
Ch1: 22.418819 44.904435 -0.313000 24.625000 374 6466 10689
Ch1: 22.518732 45.134221 -0.313000 24.625000 373 6469 10735
Ch1: 22.621374 50.419309 -0.313000 24.656250 372 6472 10784
Ch1: 22.722547 54.325678 -0.313000 24.656250 371 6471 10833
Ch1: 22.826029 54.325678 -0.313000 24.656250 370 6472 10881
Ch1: 22.927831 53.406532 -0.313000 24.625000 369 6472 10929
Ch1: 23.023967 55.244824 -0.313000 24.625000 368 6473 10975
Ch1: 23.138363 38.470415 -0.313000 24.625000 367 6465 11034
Ch1: 23.237017 40.308706 -0.313000 24.625000 366 6465 11083
Ch1: 23.336931 48.121444 -0.313000 24.656250 365 6468 11128
Ch1: 23.439363 50.878882 -0.313000 24.656250 364 6470 11175
Ch1: 23.540536 57.083115 -0.313000 24.625000 363 6474 11222
Ch1: 23.640659 57.542688 -0.375000 24.625000 362 6473 11269
Ch1: 23.740783 62.597989 -0.375000 24.656250 361 6473 11317
Ch1: 23.843635 63.517135 -0.313000 24.656250 360 6477 11366
Ch1: 23.945018 65.125640 -0.375000 24.656250 359 6476 11414
Ch1: 24.045141 67.883077 -0.313000 24.656250 358 6477 11462
Ch1: 24.145684 67.423504 -0.313000 24.625000 357 6478 11509
Ch1: 24.249376 46.053367 -0.375000 24.656250 356 6469 11559
Ch1: 24.352438 46.972512 -0.313000 24.656250 355 6468 11614
Ch1: 24.454241 51.798027 -0.375000 24.656250 354 6472 11661
Ch1: 24.554994 55.704396 -0.375000 24.656250 353 6472 11706
Ch1: 24.651339 61.449057 -0.313000 24.625000 352 6472 11751
Ch1: 24.763427 62.597989 -0.313000 24.625000 351 6475 11807
Ch1: 24.857253 71.329873 -0.313000 24.656250 350 6480 11848
Ch1: 24.956117 75.695815 -0.313000 24.625000 349 6480 11896
Ch1: 25.058969 78.453252 -0.313000 24.656250 348 6482 11945
Ch1: 25.160352 85.806418 -0.375000 24.656250 347 6486 11993
Ch1: 25.260055 86.495777 -0.313000 24.625000 346 6487 12040
Ch1: 25.359759 74.776670 -0.375000 24.656250 345 6481 12088
Ch1: 25.461142 70.410728 -0.375000 24.656250 344 6477 12144
Ch1: 25.562105 73.168165 -0.375000 24.625000 343 6482 12188
Ch1: 25.659499 81.210690 -0.375000 24.656250 342 6482 12234
Ch1: 25.758363 89.253214 -0.313000 24.656250 341 6487 12278
Ch1: 25.858487 89.023428 -0.313000 24.656250 340 6489 12326
Ch1: 25.957560 94.997875 -0.313000 24.625000 339 6489 12373
Ch1: 26.056634 105.338264 -0.375000 24.625000 338 6494 12420
Ch1: 26.157387 115.678653 -0.313000 24.625000 337 6501 12467
Ch1: 26.249744 121.653100 -0.313000 24.625000 336 6503 12511
Ch1: 26.359523 115.908440 -0.313000 24.625000 335 6497 12566
Ch1: 26.456498 126.708402 -0.313000 24.656250 334 6505 12609
Ch1: 26.552843 134.980713 -0.313000 24.625000 333 6502 12663
Ch1: 26.652337 140.955160 -0.313000 24.625000 332 6510 12707
Ch1: 26.750991 151.065763 -0.313000 24.625000 331 6514 12752
Ch1: 26.845447 158.418928 -0.313000 24.625000 330 6518 12796
Ch1: 26.942632 165.312521 -0.313000 24.656250 329 6521 12842
Ch1: 27.041705 174.503978 -0.313000 24.656250 328 6527 12889
Ch1: 27.138260 185.763513 -0.313000 24.656250 327 6530 12936
Ch1: 27.232087 198.861339 -0.313000 24.656250 326 6537 12981
Ch1: 27.326333 214.257029 -0.313000 24.625000 325 6543 13024
Ch1: 27.422468 228.044215 -0.313000 24.656250 324 6552 13070
Ch1: 27.516504 239.073963 -0.313000 24.625000 323 6554 13115
Ch1: 27.615368 252.861149 -0.313000 24.656250 322 6555 13170
Ch1: 27.718220 259.295168 -0.313000 24.656250 321 6559 13224
Ch1: 27.801342 276.988723 -0.313000 24.593750 320 6570 13252
Ch1: 27.901675 293.763132 -0.313000 24.656250 319 6578 13300
Ch1: 27.988994 305.712026 -0.313000 24.656250 318 6580 13341
Ch1: 28.079252 323.405581 -0.313000 24.656250 317 6590 13383
Ch1: 28.173708 340.869349 -0.313000 24.625000 316 6596 13428
Ch1: 28.267115 336.733193 -0.313000 24.656250 315 6593 13473
Ch1: 28.359262 348.222515 -0.250000 24.656250 314 6605 13516
Ch1: 28.448470 374.188381 -0.250000 24.656250 313 6613 13559
Ch1: 28.538518 390.733003 -0.250000 24.656250 312 6620 13602
Ch1: 28.629826 410.724422 -0.250000 24.656250 311 6628 13645
Ch1: 28.717775 434.851997 -0.250000 24.625000 310 6640 13686
Ch1: 28.807403 478.970990 -0.250000 24.656250 309 6648 13735
Ch1: 28.896821 481.498641 -0.250000 24.625000 308 6662 13777
Ch1: 28.983301 510.221944 -0.250000 24.656250 307 6671 13816
Ch1: 29.072510 532.511227 -0.250000 24.625000 306 6683 13859
Ch1: 29.156261 564.911113 -0.250000 24.625000 305 6694 13896
Ch1: 29.239802 589.268474 -0.250000 24.625000 304 6705 13936
Ch1: 29.333208 624.885369 -0.250000 24.625000 303 6728 13979
Ch1: 29.407094 661.880984 -0.250000 24.687500 302 6739 14014
Ch1: 29.490215 711.514851 -0.250000 24.656250 301 6759 14053
Ch1: 29.568299 732.425416 -0.250000 24.625000 300 6769 14091
Ch1: 29.653729 765.055088 -0.188000 24.656250 299 6783 14133
Ch1: 29.734121 800.442198 -0.188000 24.625000 298 6795 14174
Ch1: 29.811575 870.067484 -0.188000 24.656250 297 6832 14213
Ch1: 29.892388 899.480146 -0.188000 24.625000 296 6847 14246
Ch1: 29.967533 940.841703 -0.188000 24.656250 295 6861 14282
Ch1: 30.040369 988.867066 -0.188000 24.656250 294 6880 14315
Ch1: 30.111946 1045.394526 -0.188000 24.625000 293 6907 14350
Ch1: 30.186671 1107.436860 -0.188000 24.656250 292 6933 14387
Ch1: 30.259927 1135.011231 -0.188000 24.656250 291 6945 14422
Ch1: 30.333392 1193.606770 -0.188000 24.656250 290 6975 14456
Ch1: 30.403290 1254.959745 -0.125000 24.656250 289 7002 14490
Ch1: 30.466890 1309.189341 -0.188000 24.656250 288 7023 14520
Ch1: 30.536788 1384.329502 -0.188000 24.625000 287 7045 14555
Ch1: 30.599548 1455.793080 -0.125000 24.718750 286 7092 14587
Ch1: 30.661679 1523.809861 -0.125000 24.656250 285 7119 14613
Ch1: 30.725490 1610.439343 -0.125000 24.656250 284 7158 14642
Ch1: 30.786991 1680.064630 -0.125000 24.656250 283 7183 14668
Ch1: 30.856889 1766.694112 -0.125000 24.656250 282 7222 14705
Ch1: 30.914612 1844.132137 -0.125000 24.687500 281 7261 14732
Ch1: 30.962889 1934.438201 -0.125000 24.625000 280 7292 14757
Ch1: 31.018093 2014.863450 -0.125000 24.625000 279 7328 14779
Ch1: 31.067420 2107.237593 -0.063000 24.656250 278 7371 14803
Ch1: 31.119896 2195.705366 -0.125000 24.625000 277 7409 14828
Ch1: 31.199449 2328.292133 -0.063000 24.593750 276 7450 14859
Ch1: 31.223168 2398.836565 -0.063000 24.593750 275 7498 14882
Ch1: 31.273964 2500.172378 -0.063000 24.656250 274 7542 14902
Ch1: 31.314895 2586.801860 -0.063000 24.593750 273 7579 14923
Ch1: 31.356876 2713.184393 -0.063000 24.656250 272 7629 14945
Ch1: 31.405993 2796.826652 -0.063000 24.625000 271 7661 14967
Ch1: 31.451332 2899.081611 -0.063000 24.625000 270 7724 14984
Ch1: 31.497510 3020.868416 -0.063000 24.656250 269 7769 15010
Ch1: 31.534663 3150.238172 -0.063000 24.625000 268 7833 15022
Ch1: 31.579372 3252.263345 -0.063000 24.656250 267 7862 15047
Ch1: 31.616945 3363.020401 0.000000 24.656250 266 7920 15066
Ch1: 31.655357 3486.875284 -0.063000 24.625000 265 7977 15088
Ch1: 31.691040 3612.338672 0.000000 24.625000 264 8032 15100
Ch1: 31.728403 3743.316933 0.000000 24.625000 263 8089 15115
Ch1: 31.762407 3876.133487 0.000000 24.656250 262 8140 15132
Ch1: 31.797460 4002.516020 0.000000 24.625000 261 8202 15151
Ch1: 31.831884 4127.290048 0.000000 24.593750 260 8251 15170
Ch1: 31.866518 4255.281087 0.000000 24.625000 259 8307 15181
Ch1: 31.895695 4400.965680 0.000000 24.625000 258 8375 15196
Ch1: 31.922982 4532.633301 0.062000 24.656250 257 8424 15209
Ch1: 31.953418 4654.649892 0.000000 24.625000 256 8482 15225
Ch1: 31.986582 4806.308932 0.062000 24.687500 255 8554 15245
Ch1: 32.012400 4935.448903 0.062000 24.625000 254 8616 15255
Ch1: 32.034020 5102.963206 0.062000 24.687500 253 8685 15262
Ch1: 32.064246 5220.843642 0.062000 24.625000 252 8736 15278
Ch1: 32.095522 5365.609089 0.062000 24.656250 251 8800 15290
Ch1: 32.124068 5502.102225 0.062000 24.656250 250 8856 15302
Ch1: 32.070753 5265.651994 0.125000 24.625000 252 8736 15279
Ch1: 32.047034 5128.469499 0.125000 24.625000 253 8675 15266
Ch1: 32.017858 5001.167820 0.125000 24.656250 254 8620 15250
Ch1: 31.984903 4886.044821 0.125000 24.656250 255 8558 15238
Ch1: 31.955307 4725.194324 0.125000 24.656250 256 8495 15227
Ch1: 31.918994 4582.726741 0.125000 24.656250 257 8435 15207
Ch1: 31.881841 4467.373956 0.125000 24.656250 258 8369 15193
Ch1: 31.858962 4333.868044 0.187000 24.625000 259 8328 15173
Ch1: 31.819920 4199.902559 0.187000 24.656250 260 8262 15160
Ch1: 31.795571 4044.796722 0.187000 24.656250 261 8202 15146
Ch1: 31.759048 3926.686500 0.187000 24.625000 262 8145 15123
Ch1: 31.726304 3809.265637 0.187000 24.625000 263 8089 15116
Ch1: 31.688101 3681.504385 0.187000 24.625000 264 8047 15095
Ch1: 31.653258 3558.109075 0.187000 24.593750 265 7985 15074
Ch1: 31.617154 3443.215863 0.187000 24.625000 266 7946 15059
Ch1: 31.575174 3333.607739 0.187000 24.625000 267 7881 15043
Ch1: 31.529205 3194.816739 0.250000 24.625000 268 7833 15019
Ch1: 31.492473 3077.395876 0.250000 24.625000 269 7775 14998
Ch1: 31.448393 2977.438781 0.250000 24.593750 270 7747 14971
Ch1: 31.405573 2877.251900 0.250000 24.625000 271 7692 14956
Ch1: 31.356456 2752.477872 0.250000 24.625000 272 7649 14932
Ch1: 31.311747 2654.588855 0.250000 24.687500 273 7608 14918
Ch1: 31.266408 2559.687062 0.250000 24.593750 274 7556 14893
Ch1: 31.221489 2437.210898 0.250000 24.625000 275 7507 14872
Ch1: 31.169223 2343.687823 0.250000 24.625000 276 7462 14846
Ch1: 31.120736 2248.556243 0.250000 24.687500 277 7422 14821
Ch1: 31.060494 2177.552238 0.312000 24.656250 278 7400 14791
Ch1: 31.014315 2086.327028 0.250000 24.625000 279 7352 14773
Ch1: 30.954283 2002.914556 0.312000 24.718750 280 7308 14744
Ch1: 30.900128 1922.948880 0.312000 24.625000 281 7278 14715
Ch1: 30.842825 1837.698117 0.312000 24.593750 282 7240 14689
Ch1: 30.781953 1736.592090 0.312000 24.625000 283 7196 14660
Ch1: 30.721921 1659.843424 0.312000 24.593750 284 7165 14633
Ch1: 30.661679 1593.664934 0.312000 24.656250 285 7118 14609
Ch1: 30.598289 1515.537550 0.312000 24.625000 286 7107 14574
Ch1: 30.540986 1443.154826 0.312000 24.593750 287 7072 14545
Ch1: 30.469829 1386.627366 0.312000 24.625000 288 7046 14512
Ch1: 30.404129 1333.546702 0.312000 24.625000 289 7026 14478
Ch1: 30.334862 1268.746930 0.312000 24.625000 290 7001 14448
Ch1: 30.266434 1212.679043 0.312000 24.656250 291 6970 14412
Ch1: 30.194857 1130.415503 0.312000 24.656250 292 6933 14381
Ch1: 30.120132 1103.530491 0.312000 24.625000 293 6924 14344
Ch1: 30.052123 1041.028584 0.312000 24.718750 294 6896 14316
Ch1: 29.976768 973.011802 0.312000 24.625000 295 6869 14275
Ch1: 29.901204 944.748072 0.375000 24.625000 296 6855 14243
Ch1: 29.823750 906.143953 0.375000 24.656250 297 6842 14205
Ch1: 29.744617 861.795173 0.375000 24.625000 298 6818 14167
Ch1: 29.667373 822.271908 0.375000 24.593750 299 6800 14129
Ch1: 29.585721 783.897575 0.375000 24.625000 300 6786 14091
Ch1: 29.502389 746.901961 0.375000 24.593750 301 6767 14049
Ch1: 29.422207 711.514851 0.375000 24.593750 302 6748 14011
Ch1: 29.345383 677.966033 0.375000 24.656250 303 6743 13974
Ch1: 29.254495 647.864012 0.375000 24.625000 304 6722 13931
Ch1: 29.173053 601.217368 0.375000 24.625000 305 6703 13893
Ch1: 29.089932 580.996162 0.375000 24.625000 306 6699 13853
Ch1: 29.003662 556.409015 0.375000 24.593750 307 6685 13816
Ch1: 28.915923 532.741013 0.375000 24.687500 308 6681 13771
Ch1: 28.826504 504.936856 0.375000 24.718750 309 6668 13728
Ch1: 28.738345 459.668930 0.375000 24.718750 310 6644 13686
Ch1: 28.652915 436.000929 0.375000 24.593750 311 6637 13644
Ch1: 28.561398 429.566909 0.375000 24.625000 312 6635 13599
Ch1: 28.472399 405.209548 0.375000 24.625000 313 6624 13558
Ch1: 28.382141 379.933041 0.375000 24.687500 314 6612 13515
Ch1: 28.291463 363.158632 0.437000 24.625000 315 6607 13470
Ch1: 28.198267 341.788495 0.375000 24.656250 316 6598 13426
Ch1: 28.104860 322.026862 0.437000 24.593750 317 6590 13381
Ch1: 28.014183 304.103521 0.437000 24.625000 318 6574 13345
Ch1: 27.929802 297.439715 0.437000 24.593750 319 6579 13303
Ch1: 27.829469 287.558899 0.375000 24.625000 320 6574 13252
Ch1: 27.735852 255.159013 0.437000 24.593750 321 6558 13207
Ch1: 27.642446 244.818624 0.375000 24.625000 322 6556 13162
Ch1: 27.547150 250.103711 0.437000 24.593750 323 6549 13118
Ch1: 27.453114 214.257029 0.437000 24.593750 324 6539 13072
Ch1: 27.355719 206.214504 0.437000 24.562500 325 6535 13024
Ch1: 27.260004 210.120874 0.437000 24.593750 326 6540 12979
Ch1: 27.165338 200.929417 0.437000 24.593750 327 6535 12935
Ch1: 27.069413 175.193337 0.437000 24.687500 328 6523 12891
Ch1: 26.974327 166.921026 0.437000 24.562500 329 6521 12850
Ch1: 26.878611 173.584832 0.437000 24.625000 330 6525 12800
Ch1: 26.783106 165.542307 0.437000 24.625000 331 6522 12753
Ch1: 26.682983 155.201918 0.437000 24.593750 332 6517 12706
Ch1: 26.583279 150.146617 0.437000 24.625000 333 6512 12657
Ch1: 26.485674 142.563665 0.437000 24.625000 334 6512 12610
Ch1: 26.393527 136.819004 0.437000 24.625000 335 6508 12567
Ch1: 26.283539 123.261605 0.437000 24.593750 336 6500 12512
Ch1: 26.189083 105.797837 0.437000 24.593750 337 6493 12473
Ch1: 26.090848 105.797837 0.437000 24.593750 338 6494 12423
Ch1: 25.992194 109.474420 0.437000 24.656250 339 6494 12380
Ch1: 25.895219 99.823390 0.437000 24.687500 340 6494 12334
Ch1: 25.799294 90.402147 0.437000 24.593750 341 6494 12285
Ch1: 25.696022 85.117059 0.437000 24.593750 342 6483 12234
Ch1: 25.595899 85.117059 0.437000 24.562500 343 6484 12187
Ch1: 25.493257 83.278767 0.437000 24.687500 344 6484 12137
Ch1: 25.399640 73.857524 0.437000 24.562500 345 6480 12090
Ch1: 25.295529 78.223466 0.437000 24.625000 346 6480 12043
Ch1: 25.195405 72.249019 0.437000 24.593750 347 6481 11996
Ch1: 25.094023 74.087310 0.437000 24.593750 348 6482 11946
Ch1: 24.991170 72.019233 0.437000 24.625000 349 6481 11898
Ch1: 24.894196 60.989484 0.437000 24.625000 350 6463 11861
Ch1: 24.799320 68.572436 0.437000 24.625000 351 6475 11812
Ch1: 24.689541 71.559660 0.375000 24.562500 352 6480 11755
Ch1: 24.591727 69.261795 0.437000 24.656250 353 6480 11708
Ch1: 24.491813 47.661872 0.437000 24.656250 354 6470 11659
Ch1: 24.387492 48.810804 0.437000 24.593750 355 6470 11610
Ch1: 24.286529 46.742726 0.437000 24.625000 356 6470 11562
Ch1: 24.183047 48.581017 0.437000 24.593750 357 6470 11512
Ch1: 24.082504 53.176746 0.437000 24.593750 358 6473 11464
Ch1: 23.982800 51.798027 0.437000 24.593750 359 6472 11418
Ch1: 23.880788 49.959736 0.375000 24.593750 360 6467 11369
Ch1: 23.780454 51.108668 0.437000 24.625000 361 6465 11329
Ch1: 23.678232 51.798027 0.437000 24.687500 362 6472 11277
Ch1: 23.579788 49.729949 0.375000 24.593750 363 6470 11227
Ch1: 23.476936 48.121444 0.437000 24.593750 364 6466 11176
Ch1: 23.372824 39.389560 0.375000 24.625000 365 6465 11127
Ch1: 23.269552 40.768279 0.437000 24.593750 366 6466 11078
Ch1: 23.176566 41.687425 0.375000 24.656250 367 6466 11034
Ch1: 23.063218 38.240628 0.437000 24.687500 368 6464 10977
Ch1: 22.961836 45.364007 0.437000 24.593750 369 6469 10932
Ch1: 22.862972 43.295930 0.437000 24.625000 370 6467 10884
Ch1: 22.759070 38.929987 0.437000 24.593750 371 6467 10834
Ch1: 22.660206 39.389560 0.437000 24.593750 372 6458 10796
Ch1: 22.558823 37.781055 0.437000 24.593750 373 6462 10743
Ch1: 22.459540 38.240628 0.375000 24.593750 374 6465 10694
Ch1: 22.357737 38.700201 0.375000 24.593750 375 6466 10644
Ch1: 22.254885 41.917211 0.437000 24.593750 376 6470 10594
Ch1: 22.153082 37.551269 0.375000 24.593750 377 6466 10547
Ch1: 22.050440 34.104473 0.375000 24.656250 378 6465 10497
Ch1: 21.950946 32.955540 0.375000 24.625000 379 6465 10449
Ch1: 21.847045 38.470415 0.375000 24.625000 380 6467 10400
Ch1: 21.742933 25.602375 0.437000 24.593750 381 6459 10350
Ch1: 21.643020 23.534297 0.375000 24.687500 382 6459 10303
Ch1: 21.549613 23.304511 0.437000 24.593750 383 6452 10267
Ch1: 21.441304 21.466219 0.375000 24.687500 384 6457 10210
Ch1: 21.342650 17.330064 0.375000 24.562500 385 6457 10162
Ch1: 21.241687 17.330064 0.375000 24.656250 386 6456 10112
Ch1: 21.137995 36.632123 0.375000 24.562500 387 6465 10062
Ch1: 21.035143 17.559850 0.375000 24.687500 388 6455 10014
Ch1: 20.932081 16.640704 0.375000 24.593750 389 6457 9964
Ch1: 20.829229 12.734335 0.375000 24.593750 390 6456 9915
Ch1: 20.729315 17.559850 0.375000 24.562500 391 6455 9870
Ch1: 20.627093 16.870491 0.375000 24.593750 392 6458 9817
Ch1: 20.526970 17.559850 0.375000 24.687500 393 6456 9771
Ch1: 20.425167 32.495968 0.375000 24.593750 394 6458 9731
Ch1: 20.327772 14.342840 0.375000 24.593750 395 6458 9679
Ch1: 20.224081 18.708782 0.375000 24.593750 396 6457 9628
Ch1: 20.120179 19.168355 0.375000 24.593750 397 6456 9582
Ch1: 20.018796 15.951345 0.375000 24.562500 398 6457 9529
Ch1: 19.924340 20.547074 0.375000 24.562500 399 6458 9484
Ch1: 19.816031 18.938569 0.375000 24.625000 400 6455 9433
Ch1: 19.716117 26.521521 0.375000 24.593750 401 6461 9384
Ch1: 19.614944 18.708782 0.375000 24.562500 402 6457 9337
Ch1: 19.510623 21.696006 0.375000 24.656250 403 6460 9286
Ch1: 19.410710 13.653481 0.375000 24.593750 404 6455 9239
Ch1: 19.310796 13.883267 0.312000 24.656250 405 6451 9199
Ch1: 19.207524 17.559850 0.375000 24.625000 406 6454 9147
Ch1: 19.107191 23.764083 0.375000 24.593750 407 6460 9097
Ch1: 19.005178 23.993870 0.375000 24.593750 408 6461 9046
Ch1: 18.901907 24.913016 0.375000 24.593750 409 6461 8997
Ch1: 18.798425 21.006646 0.375000 24.593750 410 6454 8947
Ch1: 18.697252 5.151383 0.312000 24.593750 411 6450 8899
Ch1: 18.597548 26.981093 0.375000 24.593750 412 6461 8850
Ch1: 18.491338 23.534297 0.375000 24.593750 413 6459 8801
Ch1: 18.390165 10.206684 0.375000 24.656250 414 6449 8755
Ch1: 18.296129 24.683229 0.312000 24.593750 415 6457 8714
Ch1: 18.186140 23.074724 0.375000 24.656250 416 6459 8662
Ch1: 18.086856 6.300315 0.312000 24.593750 417 6452 8612
Ch1: 17.987153 6.300315 0.312000 24.625000 418 6453 8562
Ch1: 17.882201 11.125830 0.312000 24.562500 419 6456 8511
Ch1: 17.779559 5.151383 0.312000 24.593750 420 6451 8463
Ch1: 17.676497 2.623732 0.312000 24.562500 421 6452 8412
Ch1: 17.573855 3.772665 0.312000 24.593750 422 6450 8364
Ch1: 17.475201 8.368393 0.312000 24.562500 423 6450 8316
Ch1: 17.372349 22.615151 0.312000 24.593750 424 6458 8267
Ch1: 17.269917 20.547074 0.312000 24.562500 425 6459 8219
Ch1: 17.168954 18.708782 0.312000 24.656250 426 6444 8179
Ch1: 17.068830 -1.052850 0.312000 24.562500 427 6449 8129
Ch1: 16.966608 20.547074 0.312000 24.562500 428 6459 8076
Ch1: 16.862286 21.696006 0.312000 24.687500 429 6458 8025
Ch1: 16.759434 22.844938 0.312000 24.562500 430 6458 7975
Ch1: 16.664768 19.627928 0.312000 24.625000 431 6456 7931
Ch1: 16.555199 13.653481 0.312000 24.656250 432 6456 7877
Ch1: 16.452347 18.478996 0.312000 24.656250 433 6459 7829
Ch1: 16.353483 21.236433 0.312000 24.562500 434 6458 7782
Ch1: 16.250631 13.423694 0.312000 24.562500 435 6455 7733
Ch1: 16.149458 -0.593277 0.312000 24.562500 436 6448 7685
Ch1: 16.046606 -1.512423 0.312000 24.593750 437 6448 7643
Ch1: 15.946063 14.342840 0.312000 24.562500 438 6456 7591
Ch1: 15.847199 18.938569 0.312000 24.593750 439 6456 7542
Ch1: 15.742668 20.776860 0.312000 24.562500 440 6459 7492
Ch1: 15.642545 18.019423 0.312000 24.562500 441 6455 7443
Ch1: 15.537384 14.572627 0.250000 24.562500 442 6454 7393
Ch1: 15.435161 16.870491 0.312000 24.562500 443 6456 7344
Ch1: 15.332939 5.151383 0.312000 24.593750 444 6453 7296
Ch1: 15.230087 1.704587 0.250000 24.656250 445 6451 7246
Ch1: 15.129334 7.679034 0.312000 24.562500 446 6452 7198
Ch1: 15.033828 8.138607 0.312000 24.593750 447 6453 7155
Ch1: 14.925519 1.245014 0.312000 24.562500 448 6448 7110
Ch1: 14.824136 6.759888 0.250000 24.656250 449 6453 7057
Ch1: 14.724222 8.827966 0.312000 24.656250 450 6454 7009
Ch1: 14.620740 2.853519 0.312000 24.656250 451 6447 6957
Ch1: 14.518728 3.772665 0.250000 24.656250 452 6449 6909
