Ch1: 3.473882 -0.363491 0.312000 24.062500 400 6455 1603
Ch1: 3.437989 8.598179 0.312000 24.093750 399 6446 1645
Ch1: 3.529506 0.785441 0.312000 24.062500 398 6456 1688
Ch1: 3.624382 9.517325 0.312000 24.125000 397 6446 1734
Ch1: 3.725135 3.772665 0.250000 23.968750 396 6455 1783
Ch1: 3.826518 8.598179 0.250000 24.062500 395 6449 1837
Ch1: 3.925802 4.691810 0.250000 24.000000 394 6448 1881
Ch1: 4.025715 9.976898 0.187000 24.093750 393 6455 1927
Ch1: 4.123110 10.436471 0.187000 24.062500 392 6451 1973
Ch1: 4.224702 9.747112 0.187000 24.031250 391 6448 2020
Ch1: 4.320628 3.083305 0.187000 24.093750 390 6456 2066
Ch1: 4.420121 13.423694 0.187000 24.000000 389 6456 2115
Ch1: 4.520665 12.734335 0.125000 24.000000 388 6452 2161
Ch1: 4.620158 3.083305 0.125000 24.093750 387 6449 2209
Ch1: 4.721541 5.840742 0.125000 24.125000 386 6454 2257
Ch1: 4.847692 -1.512423 0.125000 24.062500 385 6444 2319
Ch1: 4.917800 2.623732 0.125000 23.968750 384 6456 2349
Ch1: 5.028208 5.840742 0.062000 24.062500 383 6441 2410
Ch1: 5.120985 0.325868 0.062000 24.125000 382 6448 2451
Ch1: 5.218589 1.245014 0.062000 24.000000 381 6452 2496
Ch1: 5.321232 7.908820 0.062000 24.000000 380 6453 2544
Ch1: 5.422614 4.002451 0.062000 24.000000 379 6447 2592
Ch1: 5.521478 6.530102 0.062000 24.125000 378 6455 2638
Ch1: 5.620552 6.759888 0.000000 24.031250 377 6446 2685
Ch1: 5.720256 3.083305 0.000000 24.031250 376 6455 2733
Ch1: 5.823528 9.747112 0.000000 24.062500 375 6448 2781
Ch1: 5.921762 4.232237 0.000000 24.093750 374 6452 2829
Ch1: 6.021256 11.355617 0.000000 24.062500 373 6452 2876
Ch1: 6.123688 6.759888 0.000000 24.093750 372 6446 2925
Ch1: 6.225071 4.921597 0.000000 23.968750 371 6445 2979
Ch1: 6.328972 5.381170 0.000000 24.062500 370 6445 3028
Ch1: 6.428466 2.853519 0.000000 24.093750 369 6457 3073
Ch1: 6.523342 6.300315 -0.063000 24.093750 368 6445 3117
Ch1: 6.636689 1.704587 -0.063000 24.093750 367 6454 3172
Ch1: 6.734084 5.381170 -0.063000 24.093750 366 6445 3217
Ch1: 6.830009 -2.201782 -0.063000 24.062500 365 6446 3262
Ch1: 6.932441 0.785441 -0.063000 24.125000 364 6454 3311
Ch1: 7.035503 9.517325 -0.063000 24.062500 363 6451 3359
Ch1: 7.133947 1.474800 -0.063000 24.093750 362 6449 3406
Ch1: 7.235330 6.300315 -0.063000 24.093750 361 6453 3454
Ch1: 7.334404 4.921597 -0.063000 24.031250 360 6446 3502
Ch1: 7.437256 4.002451 -0.063000 24.093750 359 6450 3553
Ch1: 7.537799 4.002451 -0.063000 24.062500 358 6454 3604
Ch1: 7.637923 -1.282637 -0.063000 24.093750 357 6444 3650
Ch1: 7.741404 5.151383 -0.063000 24.062500 356 6456 3698
Ch1: 7.842158 8.598179 -0.125000 24.062500 355 6450 3744
Ch1: 7.943750 8.368393 -0.063000 24.031250 354 6447 3793
Ch1: 8.042824 3.772665 -0.063000 24.031250 353 6456 3839
Ch1: 8.141058 6.989675 -0.063000 24.062500 352 6447 3885
Ch1: 8.249998 -0.363491 -0.125000 24.093750 351 6450 3940
Ch1: 8.346343 10.206684 -0.125000 24.000000 350 6451 3983
Ch1: 8.444997 0.555655 -0.125000 24.093750 349 6450 4030
Ch1: 8.547009 9.057752 -0.125000 24.093750 348 6453 4080
Ch1: 8.650701 2.393946 -0.063000 24.062500 347 6449 4128
Ch1: 8.750405 5.381170 -0.125000 24.062500 346 6446 4183
Ch1: 8.851997 10.436471 -0.125000 24.093750 345 6446 4230
Ch1: 8.952330 4.002451 -0.063000 24.062500 344 6457 4272
Ch1: 9.057072 9.747112 -0.063000 24.000000 343 6440 4329
Ch1: 9.156146 0.325868 -0.125000 24.031250 342 6452 4374
Ch1: 9.254380 10.436471 -0.125000 24.062500 341 6451 4416
Ch1: 9.358491 1.704587 -0.125000 24.062500 340 6444 4473
Ch1: 9.478136 -0.823064 -0.125000 24.093750 339 6447 4534
Ch1: 9.591693 -5.418792 -0.125000 24.125000 338 6451 4574
Ch1: 9.663059 2.623732 -0.125000 24.093750 337 6454 4612
Ch1: 9.758145 9.976898 -0.125000 24.031250 336 6448 4656
Ch1: 9.869393 3.083305 -0.125000 24.093750 335 6456 4711
Ch1: 9.968047 6.989675 -0.125000 24.093750 334 6445 4755
Ch1: 10.065862 2.393946 -0.125000 24.125000 333 6453 4803
Ch1: 10.168294 10.206684 -0.125000 23.968750 332 6452 4852
Ch1: 10.271776 0.555655 -0.063000 24.093750 331 6450 4901
Ch1: 10.371270 9.976898 -0.063000 24.000000 330 6451 4950
Ch1: 10.473492 1.245014 -0.125000 24.000000 329 6447 4996
Ch1: 10.572776 2.623732 -0.063000 24.000000 328 6439 5050
Ch1: 10.685073 -0.133705 -0.063000 24.062500 327 6440 5117
Ch1: 10.778060 0.096082 -0.125000 24.093750 326 6452 5144
Ch1: 10.877764 6.300315 -0.063000 24.125000 325 6445 5190
Ch1: 10.979566 1.245014 -0.063000 24.093750 324 6455 5239
Ch1: 11.081579 6.759888 -0.063000 24.125000 323 6446 5287
Ch1: 11.182752 2.393946 -0.063000 24.125000 322 6453 5336
Ch1: 11.283295 9.057752 -0.063000 24.125000 321 6449 5383
Ch1: 11.379220 -2.661355 -0.063000 24.031250 320 6450 5428
Ch1: 11.487740 8.368393 -0.063000 24.000000 319 6454 5482
Ch1: 11.585344 0.096082 -0.063000 23.968750 318 6448 5526
Ch1: 11.684208 6.530102 -0.063000 23.968750 317 6452 5574
Ch1: 11.787900 2.623732 -0.063000 24.062500 316 6449 5623
Ch1: 11.891592 1.934373 -0.063000 24.125000 315 6450 5679
Ch1: 11.991715 4.462024 -0.063000 23.968750 314 6447 5724
Ch1: 12.093518 4.691810 -0.063000 24.062500 313 6455 5771
Ch1: 12.193431 3.772665 -0.063000 24.062500 312 6445 5817
Ch1: 12.295653 6.300315 -0.063000 24.093750 311 6454 5865
Ch1: 12.394098 4.921597 -0.063000 24.031250 310 6444 5913
Ch1: 12.494011 1.934373 -0.063000 24.062500 309 6455 5959
Ch1: 12.596443 5.151383 -0.063000 24.093750 308 6446 6009
Ch1: 12.697616 0.325868 -0.063000 24.093750 307 6453 6058
Ch1: 12.800048 4.002451 -0.063000 24.125000 306 6446 6106
Ch1: 12.899962 3.542878 -0.063000 24.062500 305 6454 6153
Ch1: 12.996307 3.542878 -0.063000 23.968750 304 6447 6198
Ch1: 13.106296 -3.810287 -0.063000 24.062500 303 6440 6257
Ch1: 13.204740 6.759888 0.000000 24.093750 302 6446 6303
Ch1: 13.304024 -1.742210 0.000000 24.000000 301 6454 6348
Ch1: 13.406666 10.896044 -0.063000 24.093750 300 6452 6396
Ch1: 13.510148 -3.120928 0.000000 24.062500 299 6450 6444
Ch1: 13.609222 4.691810 0.000000 24.125000 298 6448 6490
Ch1: 13.708086 0.785441 0.000000 24.125000 297 6451 6538
Ch1: 13.808629 8.598179 0.000000 24.093750 296 6451 6586
Ch1: 13.910851 1.474800 0.000000 24.093750 295 6450 6635
Ch1: 14.010345 7.908820 0.000000 24.031250 294 6450 6682
Ch1: 14.111308 -3.810287 0.000000 24.062500 293 6448 6730
Ch1: 14.213740 6.989675 0.000000 24.062500 292 6451 6779
Ch1: 14.316382 1.015227 0.000000 24.093750 291 6447 6828
Ch1: 14.419444 5.381170 0.000000 24.000000 290 6444 6883
Ch1: 14.519987 1.015227 0.000000 24.093750 289 6448 6929
Ch1: 14.634174 -3.580501 0.000000 24.093750 288 6446 6973
Ch1: 14.725482 -4.040074 0.000000 24.125000 287 6449 7024
Ch1: 14.820357 6.300315 0.000000 24.093750 286 6450 7068
Ch1: 14.920901 -0.823064 0.000000 24.062500 285 6450 7116
Ch1: 15.023543 6.530102 0.000000 24.125000 284 6449 7166
Ch1: 15.124926 0.555655 0.000000 24.093750 283 6451 7214
Ch1: 15.224839 4.691810 0.062000 23.968750 282 6453 7260
Ch1: 15.325592 -0.593277 0.000000 24.062500 281 6447 7309
Ch1: 15.425925 4.921597 0.000000 24.062500 280 6451 7356
Ch1: 15.528358 -3.350715 0.062000 24.062500 279 6447 7405
Ch1: 15.628481 4.002451 0.062000 24.062500 278 6451 7456
Ch1: 15.729864 -0.593277 0.062000 24.062500 277 6446 7506
Ch1: 15.833346 -3.580501 0.062000 24.125000 276 6454 7553
Ch1: 15.934099 5.381170 0.062000 24.093750 275 6453 7599
Ch1: 16.036321 5.840742 0.062000 23.968750 274 6451 7647
Ch1: 16.136025 -1.742210 0.062000 24.062500 273 6447 7695
Ch1: 16.232160 6.070529 0.062000 24.125000 272 6452 7741
Ch1: 16.342988 -0.593277 0.062000 23.968750 271 6449 7795
Ch1: 16.440383 6.530102 0.062000 24.093750 270 6450 7838
Ch1: 16.537988 -0.363491 0.062000 24.031250 269 6450 7886
Ch1: 16.640420 4.232237 0.062000 24.093750 268 6452 7935
Ch1: 16.742852 0.785441 0.062000 24.125000 267 6453 7984
Ch1: 16.844865 4.691810 0.062000 23.968750 266 6446 8031
Ch1: 16.947297 1.474800 0.062000 24.093750 265 6440 8086
Ch1: 17.046161 -0.133705 0.062000 24.000000 264 6454 8131
Ch1: 17.147544 2.393946 0.062000 24.062500 263 6446 8178
Ch1: 17.246198 1.015227 0.062000 24.062500 262 6453 8224
Ch1: 17.365212 -7.257084 0.062000 24.093750 261 6450 8275
Ch1: 17.448963 3.542878 0.062000 24.125000 260 6456 8320
Ch1: 17.549926 -0.823064 0.062000 23.968750 259 6446 8368
Ch1: 17.651309 4.462024 0.062000 24.062500 258 6450 8417
Ch1: 17.751642 -1.052850 0.062000 24.062500 257 6445 8464
Ch1: 17.850926 5.840742 0.062000 24.093750 256 6452 8513
Ch1: 17.960495 0.325868 0.062000 24.093750 255 6450 8565
Ch1: 18.058729 3.083305 0.062000 24.093750 254 6450 8610
Ch1: 18.156963 -6.567725 0.062000 24.125000 253 6432 8663
Ch1: 18.259606 3.083305 0.125000 24.031250 252 6448 8712
Ch1: 18.364137 -1.512423 0.062000 24.125000 251 6443 8758
Ch1: 18.461951 5.381170 0.062000 24.093750 250 6448 8804
Ch1: 18.562075 -1.282637 0.125000 24.093750 249 6451 8851
Ch1: 18.663038 7.219461 0.062000 23.968750 248 6449 8899
Ch1: 18.764001 -3.350715 0.125000 24.125000 247 6452 8947
Ch1: 18.864124 4.921597 0.062000 24.093750 246 6445 8994
Ch1: 18.964247 -0.593277 0.125000 23.968750 245 6454 9042
Ch1: 19.067100 4.462024 0.125000 23.968750 244 6444 9092
Ch1: 19.168063 0.555655 0.125000 24.062500 243 6454 9139
Ch1: 19.270915 3.083305 0.125000 24.093750 242 6448 9188
Ch1: 19.370408 2.393946 0.125000 24.125000 241 6449 9235
Ch1: 19.466963 -3.350715 0.125000 24.000000 240 6439 9286
Ch1: 19.578841 4.691810 0.125000 24.093750 239 6448 9339
Ch1: 19.677495 -3.120928 0.125000 24.125000 238 6451 9384
Ch1: 19.775310 2.393946 0.125000 24.093750 237 6445 9429
Ch1: 19.875643 0.555655 0.125000 24.125000 236 6454 9477
Ch1: 19.979335 4.462024 0.125000 24.031250 235 6445 9526
Ch1: 20.077989 -4.729433 0.062000 24.093750 234 6454 9572
Ch1: 20.178742 5.151383 0.125000 24.062500 233 6445 9620
Ch1: 20.278865 2.164160 0.125000 24.125000 232 6454 9668
Ch1: 20.380878 3.313092 0.125000 23.968750 231 6446 9717
Ch1: 20.480161 -1.512423 0.125000 24.125000 230 6452 9764
Ch1: 20.581124 3.313092 0.125000 24.062500 229 6450 9812
Ch1: 20.683137 -2.891142 0.125000 23.968750 228 6428 9866
Ch1: 20.783680 -0.133705 0.125000 24.125000 227 6450 9913
Ch1: 20.887582 3.542878 0.125000 24.062500 226 6447 9960
Ch1: 20.986656 -0.363491 0.125000 24.062500 225 6455 10006
Ch1: 21.081951 3.313092 0.125000 24.062500 224 6444 10051
Ch1: 21.191100 -3.810287 0.125000 24.093750 223 6453 10104
Ch1: 21.287865 1.934373 0.125000 24.062500 222 6445 10149
Ch1: 21.388199 1.474800 0.125000 24.062500 221 6454 10196
Ch1: 21.488322 -0.133705 0.125000 24.031250 220 6446 10245
Ch1: 21.592853 2.853519 0.125000 24.031250 219 6453 10294
Ch1: 21.690458 -3.120928 0.125000 23.968750 218 6447 10341
Ch1: 21.790581 4.232237 0.125000 24.125000 217 6451 10389
Ch1: 21.890914 -2.431569 0.125000 24.125000 216 6448 10436
Ch1: 21.994606 1.704587 0.125000 24.062500 215 6444 10492
Ch1: 22.093890 0.096082 0.125000 24.125000 214 6448 10536
Ch1: 22.194433 3.542878 0.125000 24.062500 213 6454 10582
Ch1: 22.296236 1.704587 0.125000 24.031250 212 6447 10630
Ch1: 22.396359 -6.337938 0.125000 24.093750 211 6444 10677
Ch1: 22.497742 -2.891142 0.125000 24.000000 210 6450 10725
Ch1: 22.597655 1.934373 0.125000 24.062500 209 6446 10772
Ch1: 22.692321 -0.593277 0.125000 24.093750 208 6454 10817
Ch1: 22.805458 4.691810 0.125000 24.125000 207 6445 10873
Ch1: 22.901384 -6.337938 0.125000 24.000000 206 6449 10917
Ch1: 23.000877 4.002451 0.125000 24.093750 205 6444 10965
Ch1: 23.102050 -3.810287 0.125000 24.093750 204 6453 11013
Ch1: 23.205742 -1.512423 0.125000 24.062500 203 6438 11067
Ch1: 23.304606 2.853519 0.187000 24.062500 202 6444 11113
Ch1: 23.424670 -13.461317 0.125000 24.062500 201 6441 11168
Ch1: 23.521855 -11.623026 0.125000 24.093750 200 6452 11209
Ch1: 23.606445 6.759888 0.125000 24.093750 199 6450 11254
Ch1: 23.704050 -1.742210 0.125000 24.093750 198 6452 11300
Ch1: 23.804383 1.245014 0.125000 24.093750 197 6444 11348
Ch1: 23.905766 -1.282637 0.125000 24.031250 196 6453 11396
Ch1: 24.005260 2.623732 0.125000 24.093750 195 6443 11443
Ch1: 24.108112 -0.363491 0.125000 23.968750 194 6453 11492
Ch1: 24.206976 -0.823064 0.125000 24.062500 193 6446 11539
Ch1: 24.302481 0.096082 0.125000 24.125000 192 6449 11586
Ch1: 24.409321 -1.742210 0.125000 23.968750 191 6444 11639
Ch1: 24.504827 5.151383 0.125000 24.093750 190 6446 11681
Ch1: 24.603481 -5.878365 0.125000 24.156250 189 6453 11728
Ch1: 24.705494 2.853519 0.125000 24.062500 188 6429 11781
Ch1: 24.808556 -2.431569 0.125000 24.031250 187 6453 11829
Ch1: 24.908049 2.853519 0.125000 24.031250 186 6449 11875
Ch1: 25.006913 0.096082 0.187000 24.093750 185 6446 11921
Ch1: 25.112494 -3.810287 0.125000 24.031250 184 6445 11975
Ch1: 25.223322 -13.001744 0.125000 24.093750 183 6443 12026
Ch1: 25.313580 -2.431569 0.125000 24.062500 182 6441 12065
Ch1: 25.402579 0.096082 0.125000 23.968750 181 6445 12109
Ch1: 25.503962 0.785441 0.125000 24.062500 180 6453 12157
Ch1: 25.602406 12.504549 0.125000 24.125000 179 6448 12204
Ch1: 25.703789 3.542878 0.125000 24.125000 178 6450 12252
Ch1: 25.800554 7.679034 0.125000 24.062500 177 6458 12298
Ch1: 25.893960 14.802413 0.125000 24.093750 176 6441 12347
Ch1: 25.999541 15.261986 0.125000 24.031250 175 6461 12397
Ch1: 26.095256 20.547074 0.125000 24.000000 174 6454 12440
Ch1: 26.190762 22.155579 0.125000 24.093750 173 6464 12485
Ch1: 26.289836 30.427890 0.125000 24.125000 172 6456 12532
Ch1: 26.389959 26.981093 0.125000 24.062500 171 6465 12579
Ch1: 26.484625 39.159774 0.125000 24.062500 170 6461 12624
Ch1: 26.582439 35.483191 0.187000 24.125000 169 6470 12671
Ch1: 26.677735 50.419309 0.125000 24.093750 168 6470 12716
Ch1: 26.775969 53.406532 0.125000 24.000000 167 6466 12764
Ch1: 26.871685 52.027814 0.125000 24.000000 166 6477 12808
Ch1: 26.966770 60.989484 0.125000 24.000000 165 6473 12854
Ch1: 27.064165 69.951155 0.125000 24.062500 164 6480 12902
Ch1: 27.159251 68.802223 0.125000 24.093750 163 6480 12949
Ch1: 27.256645 83.048981 0.125000 24.062500 162 6485 12994
Ch1: 27.351731 83.508554 0.125000 24.031250 161 6484 13038
Ch1: 27.440940 95.227661 0.125000 24.125000 160 6488 13080
Ch1: 27.550299 95.687234 0.125000 24.125000 159 6497 13136
Ch1: 27.638667 115.448867 0.125000 23.968750 158 6504 13174
Ch1: 27.731444 126.478615 0.125000 24.125000 157 6502 13217
Ch1: 27.825900 134.521140 0.125000 24.062500 156 6513 13263
Ch1: 27.921616 146.470034 0.125000 24.031250 155 6507 13309
Ch1: 28.012713 154.742345 0.125000 24.125000 154 6522 13352
Ch1: 28.106120 166.231667 0.125000 24.125000 153 6517 13397
Ch1: 28.197637 183.235862 0.125000 24.062500 152 6529 13440
Ch1: 28.292513 188.061377 0.125000 23.968750 151 6527 13488
Ch1: 28.382561 209.431514 0.125000 24.093750 150 6541 13530
Ch1: 28.474078 215.865534 0.125000 24.062500 149 6542 13571
Ch1: 28.566225 236.546312 0.125000 24.093750 148 6553 13616
Ch1: 28.656064 246.427129 0.125000 24.093750 147 6558 13658
Ch1: 28.748211 269.175985 0.125000 24.125000 146 6564 13702
Ch1: 28.836160 277.218509 0.125000 24.031250 145 6576 13743
Ch1: 28.918861 305.022667 0.125000 24.093750 144 6578 13783
Ch1: 29.016256 310.077968 0.125000 24.062500 143 6584 13830
Ch1: 29.100427 339.031058 0.125000 24.062500 142 6592 13870
Ch1: 29.186487 346.384223 0.125000 23.968750 141 6602 13911
Ch1: 29.275065 376.256458 0.125000 24.031250 140 6609 13953
Ch1: 29.364903 392.111722 0.125000 23.968750 139 6613 13998
Ch1: 29.450544 425.430753 0.125000 24.000000 138 6641 14036
Ch1: 29.535554 443.813667 0.125000 24.125000 137 6635 14079
Ch1: 29.620354 467.251882 0.125000 24.062500 136 6658 14117
Ch1: 29.705575 499.192195 0.125000 24.125000 135 6661 14156
Ch1: 29.789326 514.817672 0.125000 24.062500 134 6683 14197
Ch1: 29.873916 549.974995 0.125000 24.093750 133 6685 14238
Ch1: 29.956198 576.630220 0.125000 24.062500 132 6709 14277
Ch1: 30.040789 605.123737 0.062000 24.062500 131 6712 14316
Ch1: 30.124330 633.847040 0.125000 24.062500 130 6733 14358
Ch1: 30.202203 667.855431 0.125000 24.093750 129 6740 14394
Ch1: 30.278818 701.634035 0.125000 24.125000 128 6757 14430
Ch1: 30.362149 745.523242 0.062000 24.062500 127 6771 14474
Ch1: 30.440233 768.501885 0.062000 24.031250 126 6784 14510
Ch1: 30.516637 800.901770 0.125000 24.000000 125 6806 14546
Ch1: 30.602697 841.803754 0.125000 24.093750 124 6816 14586
Ch1: 30.677422 882.705737 0.062000 24.031250 123 6834 14620
Ch1: 30.747529 930.041741 0.125000 24.125000 122 6860 14653
Ch1: 30.822884 972.092657 0.062000 24.093750 121 6869 14690
Ch1: 30.895511 1009.777630 0.125000 24.000000 120 6893 14723
Ch1: 30.970236 1061.249789 0.062000 24.062500 119 6907 14759
Ch1: 31.042022 1105.598569 0.062000 24.062500 118 6933 14794
Ch1: 31.114858 1162.815389 0.062000 24.031250 117 6953 14832
Ch1: 31.184966 1209.921606 0.062000 24.125000 116 6988 14861
Ch1: 31.254024 1269.666076 0.062000 24.093750 115 6998 14892
Ch1: 31.322242 1312.176564 0.062000 24.000000 114 7026 14931
Ch1: 31.392559 1377.665695 0.062000 24.031250 113 7050 14962
Ch1: 31.455740 1422.474048 0.062000 24.125000 112 7076 14992
Ch1: 31.521019 1493.478053 0.062000 24.125000 111 7105 15024
Ch1: 31.585459 1547.477863 0.062000 24.093750 110 7124 15051
Ch1: 31.648010 1617.332936 0.062000 24.093750 109 7144 15084
Ch1: 31.714549 1670.183814 0.062000 24.062500 108 7177 15110
Ch1: 31.775211 1744.634615 0.062000 24.093750 107 7214 15142
Ch1: 31.835243 1811.272678 0.062000 24.031250 106 7244 15174
Ch1: 31.892966 1880.208605 0.062000 24.000000 105 7261 15201
Ch1: 31.953208 1949.604105 0.062000 24.093750 104 7317 15226
Ch1: 32.009882 2029.799568 0.062000 24.093750 103 7331 15254
Ch1: 32.066555 2104.480155 0.062000 24.093750 102 7371 15284
Ch1: 32.122179 2183.986258 0.062000 24.125000 101 7397 15312
Ch1: 32.180952 2262.113642 0.062000 24.062500 100 7441 15335
Ch1: 32.080199 2119.186487 -0.063000 24.125000 102 7371 15283
Ch1: 32.031711 2051.859064 -0.063000 24.000000 103 7330 15253
Ch1: 31.973988 1974.650826 -0.063000 24.093750 104 7313 15230
Ch1: 31.915635 1895.374509 -0.063000 24.093750 105 7268 15199
Ch1: 31.854344 1835.170466 -0.063000 24.031250 106 7236 15169
Ch1: 31.795571 1763.706888 0.000000 24.156250 107 7210 15138
Ch1: 31.734280 1699.366689 -0.063000 24.125000 108 7182 15117
Ch1: 31.669630 1626.064820 0.000000 24.062500 109 7148 15085
Ch1: 31.607709 1569.077787 -0.063000 24.031250 110 7130 15056
Ch1: 31.544948 1506.805666 -0.063000 24.031250 111 7103 15026
Ch1: 31.477989 1448.439914 -0.063000 24.125000 112 7068 14991
Ch1: 31.413129 1374.908258 -0.063000 23.968750 113 7042 14962
Ch1: 31.349949 1327.112682 -0.063000 24.125000 114 7026 14933
Ch1: 31.276693 1280.695824 -0.063000 24.093750 115 7009 14897
Ch1: 31.208475 1213.827975 0.000000 24.062500 116 6973 14861
Ch1: 31.137738 1170.628127 -0.063000 24.125000 117 6959 14828
Ch1: 31.063222 1121.913405 0.000000 24.031250 118 6924 14793
Ch1: 30.994794 1068.602955 0.000000 24.125000 119 6913 14761
Ch1: 30.923008 1030.917981 0.000000 23.968750 120 6890 14727
Ch1: 30.847863 978.067104 0.000000 24.062500 121 6880 14689
Ch1: 30.773557 945.897004 0.000000 24.062500 122 6852 14655
Ch1: 30.699042 898.101428 -0.063000 24.125000 123 6831 14619
Ch1: 30.622428 851.454784 0.000000 24.062500 124 6821 14582
Ch1: 30.542245 817.216607 -0.063000 24.031250 125 6797 14548
Ch1: 30.467100 775.165691 -0.063000 24.000000 126 6777 14510
Ch1: 30.393005 741.157300 0.000000 24.093750 127 6773 14475
Ch1: 30.305685 703.472327 0.000000 24.062500 128 6753 14431
Ch1: 30.230120 678.885179 0.000000 23.968750 129 6739 14397
Ch1: 30.148678 638.672555 0.000000 24.125000 130 6725 14358
Ch1: 30.068916 614.774767 0.000000 24.000000 131 6709 14320
Ch1: 29.984745 578.698298 0.000000 24.000000 132 6706 14278
Ch1: 29.900154 557.787734 0.000000 24.093750 133 6684 14237
Ch1: 29.817243 518.953828 0.000000 24.093750 134 6673 14199
Ch1: 29.735801 496.204972 0.000000 24.093750 135 6664 14160
Ch1: 29.649111 472.536970 0.000000 24.093750 136 6648 14121
Ch1: 29.564940 451.626406 0.000000 24.125000 137 6643 14079
Ch1: 29.479090 422.903102 -0.063000 24.093750 138 6628 14041
Ch1: 29.395759 400.384033 0.000000 24.031250 139 6628 14000
Ch1: 29.306551 382.690478 0.000000 23.968750 140 6610 13956
Ch1: 29.218182 356.954399 0.000000 24.031250 141 6612 13913
Ch1: 29.130443 341.099135 0.000000 24.062500 142 6591 13870
Ch1: 29.047951 321.567289 0.000000 24.125000 143 6592 13833
Ch1: 28.951186 302.724803 0.000000 24.125000 144 6575 13786
Ch1: 28.865126 287.329112 0.000000 24.031250 145 6573 13745
Ch1: 28.778017 268.027053 0.000000 23.968750 146 6558 13704
Ch1: 28.686709 251.712216 0.000000 24.125000 147 6558 13660
Ch1: 28.596451 242.290973 0.000000 24.125000 148 6548 13618
Ch1: 28.502625 218.393185 0.000000 24.125000 149 6549 13572
Ch1: 28.411947 209.431514 -0.063000 24.093750 150 6521 13532
Ch1: 28.325258 190.359241 0.000000 24.125000 151 6529 13495
Ch1: 28.244025 169.218890 0.000000 24.125000 152 6521 13451
Ch1: 28.140124 168.069958 0.000000 24.062500 153 6527 13398
Ch1: 28.044199 158.418928 0.000000 24.062500 154 6511 13354
Ch1: 27.952891 149.687044 0.000000 23.968750 155 6513 13311
Ch1: 27.858435 131.763703 0.000000 24.062500 156 6505 13265
Ch1: 27.761460 127.167974 0.000000 24.062500 157 6507 13219
Ch1: 27.669103 121.193527 0.000000 24.093750 158 6495 13175
Ch1: 27.579055 108.555274 0.000000 24.125000 159 6501 13133
Ch1: 27.472635 102.810613 0.000000 24.000000 160 6487 13080
Ch1: 27.380698 86.955350 0.000000 24.093750 161 6485 13040
Ch1: 27.287081 80.980903 0.000000 24.125000 162 6472 12996
Ch1: 27.189896 75.236243 0.000000 24.125000 163 6476 12949
Ch1: 27.095860 72.019233 0.000000 23.968750 164 6479 12903
Ch1: 26.998675 62.138416 0.000000 24.031250 165 6478 12855
Ch1: 26.901071 58.691620 -0.063000 24.062500 166 6475 12809
Ch1: 26.807664 57.083115 0.000000 24.062500 167 6469 12764
Ch1: 26.708381 45.364007 0.000000 24.093750 168 6474 12717
Ch1: 26.612245 43.755502 0.000000 24.000000 169 6462 12672
Ch1: 26.515690 34.793832 0.000000 24.062500 170 6468 12625
Ch1: 26.419135 32.725754 0.000000 24.093750 171 6457 12579
Ch1: 26.320901 30.657676 0.000000 24.093750 172 6462 12532
Ch1: 26.221408 22.844938 0.000000 24.062500 173 6459 12484
Ch1: 26.124223 26.061948 0.000000 24.093750 174 6454 12440
Ch1: 26.033545 14.802413 0.000000 24.062500 175 6457 12399
Ch1: 25.927334 15.032199 0.000000 24.062500 176 6450 12346
Ch1: 25.832249 14.802413 0.000000 24.125000 177 6458 12301
Ch1: 25.735904 7.679034 0.000000 24.125000 178 6449 12254
Ch1: 25.634941 4.232237 0.000000 24.062500 179 6450 12205
Ch1: 25.536077 6.989675 0.000000 24.062500 180 6456 12158
Ch1: 25.435324 8.827966 0.000000 24.000000 181 6446 12110
Ch1: 25.336879 1.934373 0.000000 23.968750 182 6456 12063
Ch1: 25.238225 4.691810 0.000000 23.937500 183 6446 12016
Ch1: 25.137682 -4.269860 0.000000 24.093750 184 6444 11969
Ch1: 25.037769 1.474800 0.000000 24.031250 185 6455 11921
Ch1: 24.938065 1.015227 0.000000 24.000000 186 6446 11873
Ch1: 24.840461 1.474800 0.000000 24.093750 187 6446 11831
Ch1: 24.738658 3.083305 0.000000 24.062500 188 6445 11780
Ch1: 24.637905 1.704587 0.000000 24.093750 189 6446 11731
Ch1: 24.537152 -4.269860 0.000000 24.062500 190 6454 11682
Ch1: 24.441856 6.530102 0.000000 24.031250 191 6447 11638
Ch1: 24.335436 2.164160 0.000000 24.031250 192 6447 11585
Ch1: 24.239091 2.623732 0.000000 24.062500 193 6451 11540
Ch1: 24.140437 -0.593277 0.000000 24.062500 194 6451 11493
Ch1: 24.039684 3.772665 0.000000 24.125000 195 6445 11445
Ch1: 23.939560 -0.363491 0.000000 24.062500 196 6454 11398
Ch1: 23.837548 2.393946 0.000000 24.062500 197 6445 11348
Ch1: 23.737215 -0.363491 0.000000 24.093750 198 6451 11300
Ch1: 23.638980 -4.959220 0.000000 24.062500 199 6433 11258
Ch1: 23.537597 4.232237 0.000000 24.093750 200 6446 11209
Ch1: 23.438104 -2.891142 0.000000 24.093750 201 6452 11160
Ch1: 23.337351 1.704587 0.000000 24.125000 202 6444 11111
Ch1: 23.238277 -6.108152 0.000000 23.968750 203 6446 11063
Ch1: 23.136894 2.164160 0.000000 24.062500 204 6451 11015
Ch1: 23.033412 -1.512423 0.000000 24.093750 205 6448 10966
Ch1: 22.934548 4.232237 0.000000 24.125000 206 6447 10918
Ch1: 22.840092 -7.486870 0.000000 24.093750 207 6443 10875
Ch1: 22.728005 0.555655 0.000000 24.125000 208 6454 10819
Ch1: 22.630190 2.623732 0.000000 24.062500 209 6445 10774
Ch1: 22.532166 2.853519 0.000000 24.031250 210 6452 10728
Ch1: 22.432042 -0.133705 0.000000 24.062500 211 6448 10680
Ch1: 22.332759 2.164160 0.000000 24.062500 212 6451 10635
Ch1: 22.229907 -3.810287 0.000000 24.125000 213 6451 10585
Ch1: 22.129783 6.300315 0.000000 24.093750 214 6445 10536
Ch1: 22.030919 -0.363491 0.000000 24.125000 215 6455 10488
Ch1: 21.928067 4.691810 0.000000 24.031250 216 6445 10439
Ch1: 21.826894 2.164160 0.000000 24.125000 217 6446 10391
Ch1: 21.726561 0.096082 0.000000 24.062500 218 6455 10342
Ch1: 21.626647 0.555655 0.000000 24.031250 219 6449 10295
Ch1: 21.524005 5.610956 0.000000 24.125000 220 6448 10246
Ch1: 21.438785 -14.150677 0.000000 24.125000 221 6448 10211
Ch1: 21.340971 -7.716657 0.000000 24.062500 222 6442 10159
Ch1: 21.234970 1.015227 0.000000 23.968750 223 6453 10108
Ch1: 21.117425 -0.363491 0.062000 24.062500 224 6446 10056
Ch1: 21.019820 1.245014 0.000000 24.125000 225 6452 10009
Ch1: 20.922216 -2.891142 0.000000 24.031250 226 6446 9960
Ch1: 20.819573 6.300315 0.000000 24.093750 227 6448 9910
Ch1: 20.718401 0.096082 0.000000 24.093750 228 6455 9863
Ch1: 20.622055 -0.593277 0.000000 24.062500 229 6441 9823
Ch1: 20.515845 -0.133705 0.000000 24.093750 230 6452 9767
Ch1: 20.415931 2.164160 0.000000 24.031250 231 6446 9718
Ch1: 20.314549 5.381170 0.062000 24.031250 232 6448 9670
Ch1: 20.214845 -1.052850 0.062000 24.093750 233 6450 9622
Ch1: 20.113462 6.070529 0.062000 24.031250 234 6447 9574
Ch1: 20.014178 -1.282637 0.062000 24.062500 235 6444 9527
Ch1: 19.912166 -0.363491 0.062000 24.125000 236 6444 9483
Ch1: 19.809734 4.921597 0.062000 24.093750 237 6449 9433
Ch1: 19.711290 1.015227 0.062000 24.093750 238 6446 9384
Ch1: 19.616414 2.623732 0.062000 24.093750 239 6452 9338
Ch1: 19.502437 5.381170 0.062000 24.000000 240 6450 9282
Ch1: 19.404203 -1.052850 0.000000 24.031250 241 6452 9237
Ch1: 19.304709 5.151383 0.062000 24.031250 242 6447 9189
Ch1: 19.202277 0.555655 0.062000 24.031250 243 6452 9140
Ch1: 19.101733 3.083305 0.062000 23.968750 244 6455 9092
Ch1: 19.000561 4.002451 0.000000 23.968750 245 6445 9044
Ch1: 18.898758 0.785441 0.062000 24.062500 246 6455 8995
Ch1: 18.800524 4.002451 0.062000 24.093750 247 6445 8948
Ch1: 18.699771 -3.810287 0.062000 24.031250 248 6439 8905
Ch1: 18.598388 0.096082 0.062000 24.031250 249 6450 8856
Ch1: 18.498474 -5.189006 0.062000 24.125000 250 6446 8806
Ch1: 18.399191 -0.823064 0.062000 24.125000 251 6455 8758
Ch1: 18.296758 6.530102 0.062000 24.062500 252 6448 8709
Ch1: 18.194116 -1.282637 0.062000 24.093750 253 6453 8661
Ch1: 18.093993 6.759888 0.062000 24.062500 254 6445 8612
Ch1: 17.998487 3.313092 0.062000 24.062500 255 6454 8567
Ch1: 17.887449 0.325868 0.062000 24.062500 256 6445 8512
Ch1: 17.787536 6.300315 0.062000 24.062500 257 6455 8466
Ch1: 17.688881 5.381170 0.062000 24.093750 258 6454 8419
Ch1: 17.587289 -1.052850 0.062000 24.031250 259 6448 8370
Ch1: 17.486536 1.245014 0.062000 24.031250 260 6446 8327
Ch1: 17.384943 0.785441 0.062000 24.031250 261 6445 8279
Ch1: 17.284190 -1.282637 0.062000 24.093750 262 6455 8228
Ch1: 17.184696 6.530102 0.062000 24.093750 263 6453 8180
Ch1: 17.081844 1.015227 0.062000 24.093750 264 6447 8130
Ch1: 16.981931 1.015227 0.062000 24.031250 265 6454 8082
Ch1: 16.879498 7.908820 0.062000 24.031250 266 6453 8033
Ch1: 16.781054 9.057752 0.062000 24.093750 267 6455 7986
Ch1: 16.680091 -4.040074 0.062000 24.062500 268 6445 7937
Ch1: 16.574301 -1.512423 0.062000 24.062500 269 6452 7887
Ch1: 16.474387 6.300315 0.062000 24.000000 270 6444 7840
Ch1: 16.379301 1.245014 0.062000 24.062500 271 6456 7795
Ch1: 16.270992 7.449247 0.062000 24.093750 272 6448 7745
Ch1: 16.172548 -0.593277 0.062000 24.093750 273 6443 7702
Ch1: 16.075153 2.164160 0.062000 24.031250 274 6451 7653
Ch1: 15.971461 -0.823064 0.062000 24.031250 275 6450 7602
Ch1: 15.870918 8.827966 0.062000 24.031250 276 6455 7554
Ch1: 15.767856 8.368393 0.062000 24.062500 277 6453 7503
Ch1: 15.665214 8.138607 0.062000 24.000000 278 6447 7455
Ch1: 15.566350 -4.269860 0.062000 24.000000 279 6445 7408
Ch1: 15.464128 1.474800 0.062000 24.062500 280 6455 7358
Ch1: 15.362745 4.232237 0.062000 23.937500 281 6446 7310
Ch1: 15.260942 3.772665 0.062000 24.062500 282 6454 7261
Ch1: 15.161868 3.083305 0.062000 24.000000 283 6449 7215
Ch1: 15.060486 6.530102 0.062000 24.093750 284 6450 7167
Ch1: 14.958893 -2.431569 0.062000 24.031250 285 6447 7123
Ch1: 14.857720 6.530102 0.062000 24.031250 286 6451 7073
Ch1: 14.763684 -0.133705 0.062000 24.062500 287 6453 7027
Ch1: 14.653905 5.381170 0.062000 24.125000 288 6446 6972
Ch1: 14.554201 1.704587 0.062000 24.125000 289 6455 6926
Ch1: 14.456177 -0.363491 0.062000 24.031250 290 6445 6879
Ch1: 14.353955 0.555655 0.062000 24.093750 291 6455 6829
Ch1: 14.256140 4.691810 0.062000 24.000000 292 6445 6787
Ch1: 14.150769 4.002451 0.062000 24.000000 293 6455 6732
Ch1: 14.048967 3.083305 0.062000 24.093750 294 6447 6683
Ch1: 13.949473 -1.052850 0.062000 24.062500 295 6454 6637
Ch1: 13.848300 4.921597 0.062000 24.031250 296 6452 6591
Ch1: 13.748177 6.300315 0.062000 24.031250 297 6436 6547
Ch1: 13.646794 1.015227 0.062000 24.062500 298 6448 6497
Ch1: 13.548560 -3.350715 0.062000 24.031250 299 6454 6449
Ch1: 13.445708 6.530102 0.062000 24.031250 300 6449 6397
Ch1: 13.341806 2.164160 0.125000 24.031250 301 6453 6348
Ch1: 13.241263 7.908820 0.125000 24.031250 302 6448 6299
Ch1: 13.146387 2.623732 0.062000 24.062500 303 6455 6255
Ch1: 13.035769 0.325868 0.125000 24.031250 304 6452 6201
Ch1: 12.937534 10.666257 0.125000 24.093750 305 6448 6155
Ch1: 12.837831 5.151383 0.125000 24.093750 306 6456 6107
Ch1: 12.736028 4.921597 0.125000 24.093750 307 6446 6058
Ch1: 12.634645 6.989675 0.125000 24.062500 308 6453 6011
Ch1: 12.533892 2.164160 0.125000 24.031250 309 6450 5966
Ch1: 12.432090 1.015227 0.062000 24.062500 310 6455 5920
Ch1: 12.334065 7.449247 0.125000 24.062500 311 6449 5870
Ch1: 12.231003 1.934373 0.125000 24.062500 312 6453 5820
Ch1: 12.130670 7.449247 0.125000 24.031250 313 6448 5770
Ch1: 12.028658 0.096082 0.125000 24.031250 314 6456 5721
Ch1: 11.927275 6.530102 0.125000 24.031250 315 6447 5673
Ch1: 11.825472 2.623732 0.125000 24.062500 316 6455 5625
Ch1: 11.722200 5.151383 0.125000 24.093750 317 6445 5576
Ch1: 11.621447 3.083305 0.125000 23.937500 318 6447 5527
Ch1: 11.527621 0.555655 0.125000 24.031250 319 6455 5483
Ch1: 11.419102 3.772665 0.125000 24.093750 320 6449 5430
Ch1: 11.318768 7.449247 0.125000 24.031250 321 6452 5384
Ch1: 11.222423 -1.052850 0.125000 24.093750 322 6442 5347
Ch1: 11.119571 1.245014 0.125000 24.031250 323 6454 5292
Ch1: 11.019448 7.908820 0.125000 24.062500 324 6448 5243
Ch1: 10.916806 0.325868 0.125000 24.000000 325 6453 5193
Ch1: 10.814793 6.070529 0.125000 23.937500 326 6446 5146
Ch1: 10.715719 -1.512423 0.125000 24.000000 327 6452 5096
Ch1: 10.613287 12.504549 0.125000 24.031250 328 6450 5047
Ch1: 10.511694 3.313092 0.125000 24.062500 329 6448 4999
Ch1: 10.409472 1.245014 0.125000 24.062500 330 6456 4950
Ch1: 10.309978 8.827966 0.125000 24.062500 331 6451 4903
Ch1: 10.207546 7.219461 0.125000 24.062500 332 6452 4854
Ch1: 10.104904 -1.282637 0.125000 23.937500 333 6454 4804
Ch1: 10.005200 7.679034 0.125000 24.031250 334 6434 4764
Ch1: 9.911164 1.704587 0.125000 24.062500 335 6455 4719
Ch1: 9.800336 8.827966 0.125000 23.937500 336 6448 4662
Ch1: 9.699792 2.393946 0.125000 23.968750 337 6455 4614
Ch1: 9.621289 -0.823064 0.125000 24.031250 338 6446 4567
Ch1: 9.497237 1.015227 0.125000 23.937500 339 6456 4516
Ch1: 9.396484 8.138607 0.125000 24.062500 340 6445 4468
Ch1: 9.292792 7.679034 0.125000 24.000000 341 6446 4418
Ch1: 9.191409 3.772665 0.125000 24.031250 342 6455 4370
Ch1: 9.092335 7.679034 0.125000 24.031250 343 6447 4322
Ch1: 8.990953 4.691810 0.125000 24.062500 344 6455 4274
Ch1: 8.889570 5.840742 0.125000 24.031250 345 6447 4228
Ch1: 8.789446 6.300315 0.125000 24.031250 346 6453 4179
Ch1: 8.690792 0.785441 0.125000 24.031250 347 6443 4138
Ch1: 8.589410 6.300315 0.125000 24.062500 348 6452 4087
Ch1: 8.488027 1.245014 0.125000 24.031250 349 6450 4036
Ch1: 8.385594 1.704587 0.125000 24.062500 350 6445 3987
Ch1: 8.290929 -0.823064 0.125000 23.968750 351 6450 3942
Ch1: 8.180520 10.436471 0.125000 24.000000 352 6449 3887
Ch1: 8.081656 -1.512423 0.125000 24.031250 353 6448 3842
Ch1: 7.983422 2.393946 0.125000 24.062500 354 6455 3794
Ch1: 7.881619 2.853519 0.125000 24.000000 355 6455 3746
Ch1: 7.781286 11.355617 0.125000 23.968750 356 6450 3698
Ch1: 7.678644 4.002451 0.125000 24.000000 357 6455 3649
Ch1: 7.576841 8.827966 0.125000 23.968750 358 6446 3601
Ch1: 7.480076 1.474800 0.125000 24.031250 359 6450 3561
Ch1: 7.376804 10.436471 0.125000 24.000000 360 6454 3509
Ch1: 7.277311 6.530102 0.125000 24.062500 361 6447 3460
Ch1: 7.175718 4.462024 0.125000 24.062500 362 6456 3410
Ch1: 7.074755 6.759888 0.125000 24.000000 363 6446 3361
Ch1: 6.973372 2.623732 0.125000 24.031250 364 6454 3313
Ch1: 6.874718 4.002451 0.187000 24.031250 365 6455 3270
Ch1: 6.768718 10.436471 0.125000 24.031250 366 6452 3216
Ch1: 6.677410 3.083305 0.125000 24.031250 367 6453 3172
Ch1: 6.563643 10.896044 0.125000 24.000000 368 6449 3118
Ch1: 6.464149 1.015227 0.125000 24.062500 369 6447 3073
Ch1: 6.366545 8.827966 0.187000 24.031250 370 6447 3023
Ch1: 6.265792 1.704587 0.187000 24.000000 371 6442 2983
Ch1: 6.165249 8.598179 0.125000 24.062500 372 6447 2933
Ch1: 6.065335 2.853519 0.125000 23.968750 373 6455 2882
Ch1: 5.962903 7.679034 0.187000 24.000000 374 6446 2833
Ch1: 5.863199 3.772665 0.125000 23.906250 375 6453 2785
Ch1: 5.760557 7.219461 0.125000 24.031250 376 6457 2735
Ch1: 5.660644 7.449247 0.125000 24.062500 377 6447 2687
Ch1: 5.560940 0.325868 0.125000 23.968750 378 6447 2642
Ch1: 5.460397 5.151383 0.125000 24.062500 379 6456 2592
Ch1: 5.358804 8.368393 0.125000 24.031250 380 6447 2543
Ch1: 5.257211 9.057752 0.187000 24.031250 381 6456 2495
Ch1: 5.159817 6.300315 0.187000 24.062500 382 6451 2450
Ch1: 5.066830 4.691810 0.125000 24.031250 383 6436 2411
Ch1: 4.960620 8.598179 0.187000 24.031250 384 6455 2359
Ch1: 4.863225 4.232237 0.125000 24.000000 385 6451 2312
Ch1: 4.763941 14.572627 0.125000 24.000000 386 6459 2262
Ch1: 4.662139 1.704587 0.125000 24.000000 387 6448 2212
Ch1: 4.562435 9.976898 0.187000 23.968750 388 6449 2165
Ch1: 4.459583 5.151383 0.125000 24.000000 389 6456 2115
Ch1: 4.360929 8.827966 0.187000 24.031250 390 6446 2068
Ch1: 4.262485 6.070529 0.187000 24.093750 391 6455 2022
Ch1: 4.162151 3.772665 0.125000 23.968750 392 6457 1973
Ch1: 4.062238 7.679034 0.187000 24.031250 393 6448 1925
Ch1: 3.963794 8.138607 0.187000 24.031250 394 6455 1879
Ch1: 3.864930 5.151383 0.187000 24.000000 395 6448 1832
Ch1: 3.766486 6.530102 0.125000 24.031250 396 6448 1791
Ch1: 3.665733 3.772665 0.125000 24.031250 397 6448 1741
Ch1: 3.567289 3.313092 0.125000 24.031250 398 6450 1692
Ch1: 3.474722 12.964122 0.125000 24.000000 399 6455 1648
Ch1: 3.369351 1.704587 0.187000 23.968750 400 6447 1595
Ch1: 3.270697 10.436471 0.187000 24.000000 401 6446 1549
Ch1: 3.174142 1.934373 0.187000 24.031250 402 6450 1502
