Ch1: 3.357974 7.633077 20.000000 24.000000 600 6457 1600
Ch1: 3.355455 7.219461 20.000000 24.031250 599 6450 1599
Ch1: 3.353923 10.137749 20.000000 24.062500 598 6447 1598
Ch1: 3.350208 10.827108 20.000000 23.968750 597 6455 1596
Ch1: 3.347815 11.493488 20.000000 24.125000 596 6449 1594
Ch1: 3.345569 10.459450 20.000000 24.125000 595 6447 1594
Ch1: 3.342798 10.804129 20.000000 24.062500 594 6460 1593
Ch1: 3.339713 10.689236 20.000000 24.125000 593 6440 1590
Ch1: 3.337341 10.643279 20.000000 24.156250 592 6456 1590
Ch1: 3.334780 11.033916 20.000000 24.093750 591 6451 1589
Ch1: 3.331463 11.999019 20.000000 24.093750 590 6445 1587
Ch1: 3.329071 10.367535 20.000000 24.093750 589 6448 1586
Ch1: 3.326846 11.516467 20.000000 24.187500 588 6460 1585
Ch1: 3.324348 12.228805 20.000000 24.062500 587 6454 1583
Ch1: 3.321073 9.953919 20.000000 24.093750 586 6456 1583
Ch1: 3.318470 9.724133 20.000000 24.156250 585 6454 1581
Ch1: 3.316329 9.907962 20.000000 24.218750 584 6448 1580
Ch1: 3.313874 9.999877 20.000000 24.093750 583 6457 1579
Ch1: 3.310179 10.413492 20.000000 24.218750 582 6458 1577
Ch1: 3.307975 10.505407 20.062000 24.187500 581 6457 1576
Ch1: 3.305729 11.677318 20.062000 24.187500 580 6451 1575
Ch1: 3.303106 12.021997 20.062000 24.250000 579 6459 1574
Ch1: 3.299768 11.217745 20.062000 24.093750 578 6452 1572
Ch1: 3.297417 11.263702 20.062000 24.093750 577 6449 1571
Ch1: 3.295171 11.631360 20.062000 24.250000 576 6452 1570
Ch1: 3.291456 10.528385 20.062000 24.250000 575 6452 1569
Ch1: 3.289126 11.033916 20.062000 24.281250 574 6461 1567
Ch1: 3.286943 12.757314 20.062000 24.218750 573 6455 1566
Ch1: 3.284403 12.297741 20.125000 24.218750 572 6448 1564
Ch1: 3.281486 12.366677 20.125000 24.250000 571 6461 1563
Ch1: 3.278610 11.033916 20.125000 24.218750 570 6458 1562
Ch1: 3.276406 11.999019 20.125000 24.281250 569 6448 1561
Ch1: 3.273383 10.160727 20.125000 24.187500 568 6460 1560
Ch1: 3.270046 9.907962 20.125000 24.218750 567 6457 1558
Ch1: 3.268010 11.447531 20.125000 24.281250 566 6459 1557
Ch1: 3.265764 12.113912 20.125000 24.125000 565 6451 1556
Ch1: 3.262427 11.700296 20.125000 24.125000 564 6447 1554
Ch1: 3.259698 12.136890 20.125000 24.156250 563 6454 1553
Ch1: 3.257536 11.815189 20.125000 24.250000 562 6448 1552
Ch1: 3.254765 11.585403 20.125000 24.281250 561 6457 1550
Ch1: 3.251575 12.757314 20.125000 24.312500 560 6460 1549
Ch1: 3.249140 12.665399 20.125000 24.281250 559 6459 1548
Ch1: 3.246894 11.516467 20.125000 24.218750 558 6449 1547
Ch1: 3.243535 11.792211 20.125000 24.156250 557 6448 1545
Ch1: 3.240786 12.090933 20.125000 24.218750 556 6451 1544
Ch1: 3.238561 13.101993 20.062000 24.218750 555 6449 1543
Ch1: 3.235937 12.826250 20.062000 24.156250 554 6451 1542
Ch1: 3.232494 12.297741 20.062000 24.281250 553 6449 1540
Ch1: 3.230270 12.711356 20.062000 24.218750 552 6448 1539
Ch1: 3.227982 12.642421 20.062000 24.250000 551 6457 1538
Ch1: 3.224623 13.056036 20.062000 24.250000 550 6456 1536
Ch1: 3.221873 9.241581 20.062000 24.250000 549 6450 1535
Ch1: 3.219753 12.895186 20.062000 24.218750 548 6459 1534
Ch1: 3.217046 12.941143 20.062000 24.156250 547 6460 1533
Ch1: 3.213729 12.941143 20.062000 24.125000 546 6448 1531
Ch1: 3.211399 13.699438 20.062000 24.250000 545 6450 1530
Ch1: 3.209279 14.342840 20.062000 24.218750 544 6453 1529
Ch1: 3.206362 14.618584 20.000000 24.187500 543 6453 1527
Ch1: 3.203066 12.550506 20.062000 24.250000 542 6457 1526
Ch1: 3.200904 14.825392 20.062000 24.187500 541 6451 1525
Ch1: 3.198574 13.791353 20.000000 24.218750 540 6460 1524
Ch1: 3.195216 14.664541 20.000000 24.250000 539 6454 1522
Ch1: 3.192550 14.296883 20.000000 24.218750 538 6453 1521
Ch1: 3.190367 13.952203 20.000000 24.093750 537 6450 1520
Ch1: 3.187596 14.181990 20.000000 24.093750 536 6461 1519
Ch1: 3.184217 13.653481 20.000000 24.062500 535 6442 1517
Ch1: 3.182055 14.204968 20.000000 24.218750 534 6449 1516
Ch1: 3.179893 15.239007 20.000000 24.093750 533 6457 1515
Ch1: 3.176388 14.227947 20.000000 24.218750 532 6445 1513
Ch1: 3.173785 13.653481 20.062000 24.062500 531 6462 1512
Ch1: 3.171497 13.814331 20.000000 24.125000 530 6458 1511
Ch1: 3.169146 13.079015 20.062000 24.187500 529 6451 1509
Ch1: 3.166186 13.952203 20.062000 24.093750 528 6459 1508
Ch1: 3.163101 14.894328 20.062000 24.156250 527 6449 1507
Ch1: 3.161002 15.193050 20.062000 24.156250 526 6450 1506
Ch1: 3.158441 14.618584 20.062000 24.187500 525 6452 1505
Ch1: 3.155187 14.871349 20.000000 24.125000 524 6454 1503
Ch1: 3.152627 14.595605 20.000000 24.093750 523 6449 1502
Ch1: 3.150486 14.595605 20.000000 24.156250 522 6459 1501
Ch1: 3.148219 13.837310 20.062000 24.093750 521 6449 1500
Ch1: 3.144503 13.607524 20.062000 24.093750 520 6455 1498
Ch1: 3.142111 15.376879 20.062000 24.187500 519 6449 1497
Ch1: 3.140012 14.687520 20.062000 24.125000 518 6448 1496
Ch1: 3.137388 14.480712 20.000000 24.125000 517 6449 1494
Ch1: 3.134092 14.159011 20.000000 24.093750 516 6450 1493
Ch1: 3.131699 13.538588 20.000000 24.031250 515 6448 1492
Ch1: 3.129474 13.630502 20.000000 24.125000 514 6453 1491
Ch1: 3.127312 14.434755 20.000000 24.156250 513 6448 1490
Ch1: 3.124374 14.250926 20.000000 24.156250 512 6449 1489
Ch1: 3.121225 15.055178 20.000000 24.125000 511 6454 1487
Ch1: 3.119042 14.710498 20.000000 24.187500 510 6452 1486
Ch1: 3.116943 14.526669 20.000000 24.218750 509 6455 1485
Ch1: 3.114697 14.940285 20.000000 24.218750 508 6452 1484
Ch1: 3.111276 14.894328 20.000000 24.218750 507 6449 1483
Ch1: 3.108694 15.514751 20.000000 24.156250 506 6458 1481
Ch1: 3.106511 13.814331 20.000000 24.218750 505 6450 1480
Ch1: 3.104349 13.538588 20.000000 24.250000 504 6450 1479
Ch1: 3.101872 14.411776 20.000000 24.250000 503 6453 1478
Ch1: 3.098661 14.940285 20.000000 24.156250 502 6455 1476
Ch1: 3.096016 14.963263 20.000000 24.156250 501 6455 1475
Ch1: 3.093833 14.273904 20.000000 24.187500 500 6461 1474
Ch1: 3.091629 13.676459 20.000000 24.250000 499 6455 1473
Ch1: 3.089089 13.147951 20.062000 24.125000 498 6460 1472
Ch1: 3.086403 13.285823 20.062000 24.281250 497 6457 1470
Ch1: 3.083443 13.561566 20.062000 24.281250 496 6448 1469
Ch1: 3.081260 13.354758 20.000000 24.156250 495 6461 1468
Ch1: 3.079161 13.056036 20.000000 24.312500 494 6458 1467
Ch1: 3.076999 12.849228 20.062000 24.250000 493 6459 1466
Ch1: 3.074648 13.607524 20.062000 24.281250 492 6449 1465
Ch1: 3.071751 13.124972 20.062000 24.312500 491 6451 1464
Ch1: 3.069086 13.584545 20.062000 24.343750 490 6455 1463
Ch1: 3.066651 12.918164 20.062000 24.250000 489 6448 1461
Ch1: 3.064447 12.596463 20.062000 24.312500 488 6451 1460
Ch1: 3.062285 12.849228 20.062000 24.343750 487 6459 1459
Ch1: 3.059997 14.181990 20.062000 24.343750 486 6453 1457
Ch1: 3.056806 12.941143 20.062000 24.343750 485 6455 1457
Ch1: 3.054141 13.239865 20.062000 24.312500 484 6449 1455
Ch1: 3.051874 14.319861 20.062000 24.281250 483 6460 1454
Ch1: 3.049691 13.469652 20.125000 24.281250 482 6453 1453
Ch1: 3.047634 12.849228 20.062000 24.250000 481 6451 1452
Ch1: 3.044779 12.550506 20.125000 24.343750 480 6443 1450
Ch1: 3.041630 12.527527 20.125000 24.375000 479 6454 1449
Ch1: 3.039447 13.860289 20.125000 24.281250 478 6453 1448
Ch1: 3.037201 12.941143 20.125000 24.250000 477 6445 1446
Ch1: 3.035018 13.446673 20.125000 24.312500 476 6453 1446
Ch1: 3.032752 13.745395 20.125000 24.312500 475 6451 1445
Ch1: 3.029834 13.170929 20.125000 24.218750 474 6449 1443
Ch1: 3.027000 12.320720 20.125000 24.250000 473 6452 1442
Ch1: 3.024733 12.527527 20.125000 24.250000 472 6453 1441
Ch1: 3.022550 13.262844 20.125000 24.375000 471 6457 1440
Ch1: 3.020388 13.446673 20.125000 24.250000 470 6457 1439
Ch1: 3.018079 12.849228 20.125000 24.406250 469 6454 1438
Ch1: 3.015309 13.722417 20.125000 24.375000 468 6448 1436
Ch1: 3.012370 13.354758 20.125000 24.375000 467 6457 1435
Ch1: 3.009935 14.411776 20.125000 24.343750 466 6461 1434
Ch1: 3.007836 14.204968 20.125000 24.375000 465 6450 1433
Ch1: 3.005653 13.814331 20.062000 24.343750 464 6455 1432
Ch1: 3.002966 13.768374 20.125000 24.281250 463 6460 1431
Ch1: 3.000553 14.136032 20.062000 24.343750 462 6448 1429
Ch1: 2.998034 13.906246 20.062000 24.250000 461 6449 1429
Ch1: 2.995284 13.607524 20.062000 24.281250 460 6449 1427
Ch1: 2.993185 13.975182 20.062000 24.312500 459 6448 1426
Ch1: 2.991044 14.090075 20.062000 24.250000 458 6458 1425
Ch1: 2.988903 14.296883 20.062000 24.343750 457 6449 1424
Ch1: 2.986573 14.342840 20.062000 24.375000 456 6459 1423
Ch1: 2.984096 14.595605 20.062000 24.250000 455 6452 1422
Ch1: 2.981787 13.952203 20.062000 24.218750 454 6452 1420
Ch1: 2.978912 13.492630 20.000000 24.218750 453 6449 1420
Ch1: 2.976414 14.044118 20.062000 24.250000 452 6458 1418
Ch1: 2.974294 14.296883 20.062000 24.187500 451 6457 1417
Ch1: 2.972153 14.940285 20.062000 24.218750 450 6459 1416
Ch1: 2.970012 15.445815 20.062000 24.250000 449 6454 1415
Ch1: 2.967892 14.549648 20.062000 24.312500 448 6459 1414
Ch1: 2.965730 14.871349 20.000000 24.250000 447 6459 1413
Ch1: 2.963694 14.319861 20.000000 24.312500 446 6453 1412
Ch1: 2.961259 14.365819 20.062000 24.218750 445 6461 1411
Ch1: 2.959286 15.101135 20.062000 24.281250 444 6449 1410
Ch1: 2.956893 14.411776 20.000000 24.281250 443 6461 1409
Ch1: 2.954836 14.273904 20.062000 24.156250 442 6457 1408
Ch1: 2.952359 15.216029 20.000000 24.250000 441 6459 1406
Ch1: 2.950050 14.204968 20.000000 24.187500 440 6448 1405
Ch1: 2.947552 15.055178 20.062000 24.281250 439 6457 1404
Ch1: 2.945306 14.848370 20.000000 24.250000 438 6461 1403
Ch1: 2.943354 15.399858 20.062000 24.187500 437 6459 1402
Ch1: 2.941129 15.422836 20.000000 24.218750 436 6459 1402
Ch1: 2.939450 15.445815 20.062000 24.250000 435 6456 1401
Ch1: 2.937183 15.124114 20.000000 24.218750 434 6452 1399
Ch1: 2.935798 14.388797 20.000000 24.281250 433 6460 1398
Ch1: 2.934076 15.009221 20.000000 24.218750 432 6448 1398
Ch1: 2.931621 14.595605 20.000000 24.156250 431 6454 1397
Ch1: 2.930130 14.342840 20.000000 24.218750 430 6449 1396
Ch1: 2.928094 14.733477 20.062000 24.156250 429 6459 1395
Ch1: 2.926037 15.813473 20.000000 24.187500 428 6460 1394
Ch1: 2.923959 14.894328 20.000000 24.125000 427 6461 1393
Ch1: 2.922196 14.480712 20.000000 24.281250 426 6448 1392
Ch1: 2.921188 14.136032 20.000000 24.187500 425 6453 1392
Ch1: 2.919719 14.756456 20.000000 24.187500 424 6448 1391
Ch1: 2.917662 15.376879 20.000000 24.250000 423 6451 1390
Ch1: 2.915773 14.204968 20.062000 24.250000 422 6460 1389
Ch1: 2.915395 14.572627 20.000000 24.281250 421 6450 1389
Ch1: 2.913464 15.376879 20.000000 24.312500 420 6452 1388
Ch1: 2.912624 14.917306 20.000000 24.281250 419 6453 1388
Ch1: 2.911344 15.284964 20.000000 24.312500 418 6449 1387
Ch1: 2.909812 15.330922 20.000000 24.312500 417 6451 1386
Ch1: 2.909245 14.848370 20.000000 24.281250 416 6454 1386
Ch1: 2.908447 14.756456 20.000000 24.250000 415 6461 1386
Ch1: 2.907272 14.067096 20.000000 24.281250 414 6455 1385
Ch1: 2.907146 14.480712 20.000000 24.218750 413 6448 1385
Ch1: 2.907146 13.860289 20.000000 24.218750 412 6458 1385
Ch1: 2.907146 13.814331 20.000000 24.343750 411 6457 1385
Ch1: 2.907146 14.227947 20.000000 24.343750 410 6453 1385
Ch1: 2.907587 13.814331 20.000000 24.312500 409 6462 1385
Ch1: 2.909203 14.342840 20.000000 24.375000 408 6453 1386
Ch1: 2.910504 14.572627 20.000000 24.343750 407 6459 1387
Ch1: 2.913296 14.411776 20.062000 24.375000 406 6449 1388
Ch1: 2.915878 15.767516 20.000000 24.281250 405 6456 1389
Ch1: 2.921860 15.124114 20.000000 24.312500 404 6451 1393
Ch1: 2.928913 14.411776 20.062000 24.375000 403 6452 1395
Ch1: 2.942431 14.113054 20.062000 24.250000 402 6456 1401
Ch1: 2.967955 14.917306 20.062000 24.312500 401 6454 1419
Ch1: 3.031030 14.940285 20.062000 24.406250 400 6461 1443
Ch1: 3.137010 14.044118 20.062000 24.406250 399 6451 1495
Ch1: 3.227478 14.411776 20.062000 24.312500 398 6452 1544
Ch1: 3.324914 14.503691 20.062000 24.343750 397 6457 1583
Ch1: 3.424492 13.193908 20.062000 24.406250 396 6448 1632
Ch1: 3.524783 13.791353 20.062000 24.437500 395 6448 1685
Ch1: 3.622619 14.388797 20.125000 24.437500 394 6453 1725
Ch1: 3.722175 14.802413 20.125000 24.437500 393 6451 1774
Ch1: 3.821060 14.871349 20.125000 24.437500 392 6456 1827
Ch1: 3.922800 14.480712 20.125000 24.437500 391 6462 1868
Ch1: 4.019985 13.768374 20.125000 24.343750 390 6454 1915
Ch1: 4.118933 14.963263 20.125000 24.406250 389 6458 1968
Ch1: 4.220693 15.399858 20.125000 24.343750 388 6462 2010
Ch1: 4.320271 14.871349 20.125000 24.437500 387 6449 2059
Ch1: 4.421633 15.009221 20.125000 24.437500 386 6459 2111
Ch1: 4.520098 13.883267 20.125000 24.437500 385 6454 2152
Ch1: 4.615163 14.664541 20.125000 24.375000 384 6455 2198
Ch1: 4.725403 15.009221 20.125000 24.375000 383 6449 2256
Ch1: 4.818474 14.296883 20.125000 24.343750 382 6462 2295
Ch1: 4.916120 15.009221 20.125000 24.437500 381 6450 2342
Ch1: 5.018301 12.941143 20.125000 24.437500 380 6453 2395
Ch1: 5.120355 13.653481 20.125000 24.437500 379 6456 2439
Ch1: 5.219618 14.848370 20.062000 24.406250 378 6452 2489
Ch1: 5.319972 15.055178 20.125000 24.406250 377 6453 2538
Ch1: 5.420452 14.917306 20.062000 24.437500 376 6461 2582
Ch1: 5.522633 14.917306 20.062000 24.375000 375 6461 2630
Ch1: 5.620069 14.871349 20.062000 24.343750 374 6450 2680
Ch1: 5.720403 14.894328 20.062000 24.312500 373 6454 2724
Ch1: 5.822142 15.101135 20.062000 24.406250 372 6461 2773
Ch1: 5.921930 14.871349 20.062000 24.312500 371 6449 2824
Ch1: 6.024152 14.136032 20.062000 24.437500 370 6447 2869
Ch1: 6.123877 13.791353 20.062000 24.343750 369 6461 2917
Ch1: 6.220264 13.929225 20.062000 24.312500 368 6449 2966
Ch1: 6.336319 14.848370 20.062000 24.406250 367 6452 3018
Ch1: 6.429515 13.814331 20.062000 24.437500 366 6455 3063
Ch1: 6.528631 14.273904 20.062000 24.375000 365 6461 3113
Ch1: 6.631315 15.491772 20.062000 24.406250 364 6449 3158
Ch1: 6.733181 13.331780 20.062000 24.312500 363 6448 3207
Ch1: 6.832780 14.067096 20.000000 24.312500 362 6450 3258
Ch1: 6.934057 14.434755 20.062000 24.281250 361 6450 3302
Ch1: 7.034034 14.687520 20.062000 24.375000 360 6460 3351
Ch1: 7.137495 14.779434 20.062000 24.312500 359 6453 3403
Ch1: 7.234596 14.159011 20.000000 24.312500 358 6458 3446
Ch1: 7.335558 14.204968 20.000000 24.375000 357 6452 3495
Ch1: 7.438159 14.227947 20.062000 24.375000 356 6451 3546
Ch1: 7.538849 13.446673 20.000000 24.281250 355 6450 3591
Ch1: 7.641449 14.136032 20.000000 24.343750 354 6459 3640
Ch1: 7.740439 13.216887 20.000000 24.281250 353 6455 3690
Ch1: 7.836490 14.480712 20.062000 24.343750 352 6459 3732
Ch1: 7.950488 13.676459 20.062000 24.375000 351 6459 3787
Ch1: 8.043475 14.618584 20.000000 24.250000 350 6458 3834
Ch1: 8.142968 14.848370 20.000000 24.343750 349 6457 3879
Ch1: 8.245842 14.641562 20.062000 24.343750 348 6458 3928
Ch1: 8.349029 13.860289 20.062000 24.250000 347 6460 3979
Ch1: 8.448418 14.687520 20.062000 24.343750 346 6457 4024
Ch1: 8.549633 13.791353 20.062000 24.281250 345 6461 4073
Ch1: 8.650365 14.733477 20.062000 24.343750 344 6459 4122
Ch1: 8.752755 14.917306 20.062000 24.250000 343 6458 4170
Ch1: 8.853110 14.434755 20.062000 24.187500 342 6452 4217
Ch1: 8.952498 14.986242 20.062000 24.312500 341 6451 4266
Ch1: 9.055078 13.653481 20.062000 24.250000 340 6448 4317
Ch1: 9.155054 13.492630 20.062000 24.343750 339 6457 4361
Ch1: 9.257423 13.469652 20.062000 24.343750 338 6459 4411
Ch1: 9.356497 13.469652 20.062000 24.218750 337 6443 4463
Ch1: 9.451919 14.090075 20.000000 24.218750 336 6460 4502
Ch1: 9.568016 14.526669 20.062000 24.250000 335 6459 4559
Ch1: 9.662178 13.883267 20.062000 24.281250 334 6442 4609
Ch1: 9.762490 13.377737 20.000000 24.375000 333 6460 4651
Ch1: 9.866560 12.987100 20.000000 24.218750 332 6454 4700
Ch1: 9.968866 13.239865 20.000000 24.312500 331 6450 4755
Ch1: 10.077134 10.482428 20.000000 24.281250 330 6450 4804
Ch1: 10.172996 11.953061 20.000000 24.218750 329 6452 4857
Ch1: 10.269635 13.170929 20.000000 24.343750 328 6453 4898
Ch1: 10.372109 13.193908 20.000000 24.312500 327 6453 4941
Ch1: 10.471351 12.918164 20.000000 24.375000 326 6448 4989
Ch1: 10.571684 13.515609 20.000000 24.250000 325 6452 5042
Ch1: 10.675271 13.147951 20.000000 24.250000 324 6455 5086
Ch1: 10.775772 13.147951 20.000000 24.250000 323 6455 5134
Ch1: 10.879233 13.906246 20.000000 24.406250 322 6458 5189
Ch1: 10.979713 13.147951 20.000000 24.375000 321 6460 5230
Ch1: 11.074631 12.527527 20.000000 24.312500 320 6450 5276
Ch1: 11.186698 12.826250 20.000000 24.343750 319 6456 5334
Ch1: 11.279454 12.504549 20.000000 24.375000 318 6452 5373
Ch1: 11.379220 12.619442 20.000000 24.406250 317 6456 5421
Ch1: 11.481652 12.780292 20.000000 24.406250 316 6453 5474
Ch1: 11.585659 12.159869 20.000000 24.343750 315 6459 5519
Ch1: 11.683956 12.941143 20.062000 24.312500 314 6460 5567
Ch1: 11.785864 12.941143 20.000000 24.437500 313 6460 5619
Ch1: 11.885966 13.193908 20.062000 24.468750 312 6460 5662
Ch1: 11.989028 13.768374 20.062000 24.437500 311 6458 5712
Ch1: 12.089131 13.446673 20.062000 24.468750 310 6447 5763
Ch1: 12.193305 11.539446 20.062000 24.375000 309 6448 5807
Ch1: 12.292106 12.987100 20.062000 24.406250 308 6459 5856
Ch1: 12.393321 13.331780 20.062000 24.500000 307 6454 5908
Ch1: 12.495711 12.458591 20.062000 24.406250 306 6452 5953
Ch1: 12.596002 11.585403 20.062000 24.375000 305 6453 6001
Ch1: 12.691529 11.332638 20.062000 24.375000 304 6450 6050
Ch1: 12.803323 13.079015 20.062000 24.500000 303 6454 6099
Ch1: 12.896855 12.205826 20.062000 24.437500 302 6457 6144
Ch1: 12.996601 12.987100 20.125000 24.406250 301 6454 6195
Ch1: 13.099663 13.124972 20.125000 24.500000 300 6459 6240
Ch1: 13.204257 13.056036 20.125000 24.406250 299 6450 6290
Ch1: 13.303646 13.469652 20.125000 24.437500 298 6447 6340
Ch1: 13.405134 12.113912 20.125000 24.500000 297 6450 6386
Ch1: 13.505929 11.424553 20.125000 24.500000 296 6458 6434
Ch1: 13.607689 12.803271 20.125000 24.531250 295 6448 6484
Ch1: 13.706217 13.033057 20.125000 24.500000 294 6448 6529
Ch1: 13.807327 12.504549 20.125000 24.437500 293 6461 6578
Ch1: 13.911439 12.872207 20.125000 24.500000 292 6449 6628
Ch1: 14.011226 14.021139 20.125000 24.406250 291 6459 6675
Ch1: 14.114330 12.481570 20.125000 24.406250 290 6460 6724
Ch1: 14.214349 12.964122 20.125000 24.406250 289 6460 6773
Ch1: 14.310715 12.527527 20.125000 24.406250 288 6460 6818
Ch1: 14.421480 11.953061 20.125000 24.406250 287 6458 6870
Ch1: 14.515516 12.481570 20.125000 24.406250 286 6455 6916
Ch1: 14.615031 12.113912 20.125000 24.500000 285 6460 6962
Ch1: 14.718093 12.918164 20.125000 24.406250 284 6455 7011
Ch1: 14.821386 12.274762 20.062000 24.500000 283 6456 7062
Ch1: 14.920838 11.769232 20.062000 24.437500 282 6458 7110
Ch1: 15.021717 12.136890 20.062000 24.500000 281 6449 7156
Ch1: 15.122638 12.389655 20.062000 24.468750 280 6455 7205
Ch1: 15.225301 11.585403 20.062000 24.468750 279 6442 7259
Ch1: 15.324690 12.596463 20.062000 24.406250 278 6455 7300
Ch1: 15.425548 13.308801 20.062000 24.406250 277 6459 7349
Ch1: 15.528337 13.331780 20.062000 24.375000 276 6452 7403
Ch1: 15.628901 13.469652 20.062000 24.375000 275 6451 7446
Ch1: 15.732803 12.090933 20.062000 24.468750 274 6456 7496
Ch1: 15.832128 13.079015 20.000000 24.343750 273 6453 7548
Ch1: 15.928389 12.458591 20.000000 24.437500 272 6450 7589
Ch1: 16.042135 12.366677 20.062000 24.406250 271 6460 7644
Ch1: 16.135185 12.872207 20.000000 24.343750 270 6449 7693
Ch1: 16.235246 13.262844 20.000000 24.437500 269 6458 7734
Ch1: 16.337762 12.688378 20.000000 24.375000 268 6447 7783
Ch1: 16.440488 13.170929 20.000000 24.437500 267 6460 7838
Ch1: 16.540506 14.090075 20.000000 24.312500 266 6454 7880
Ch1: 16.640882 12.412634 20.062000 24.312500 265 6448 7928
Ch1: 16.740711 12.941143 20.062000 24.343750 264 6448 7980
Ch1: 16.843605 13.377737 20.062000 24.312500 263 6458 8024
Ch1: 16.942784 13.285823 20.062000 24.406250 262 6460 8072
Ch1: 17.044482 14.067096 20.000000 24.375000 261 6448 8124
Ch1: 17.147019 14.319861 20.000000 24.312500 260 6461 8169
Ch1: 17.246995 14.181990 20.000000 24.312500 259 6458 8217
Ch1: 17.350939 14.204968 20.062000 24.375000 258 6459 8269
Ch1: 17.450349 13.929225 20.062000 24.312500 257 6454 8313
Ch1: 17.546652 13.124972 20.062000 24.375000 256 6452 8360
Ch1: 17.663777 13.147951 20.062000 24.375000 255 6458 8418
Ch1: 17.754413 14.779434 20.000000 24.375000 254 6449 8458
Ch1: 17.854536 14.480712 20.062000 24.312500 253 6454 8506
Ch1: 17.957388 12.734335 20.062000 24.281250 252 6459 8558
Ch1: 18.060052 12.987100 20.062000 24.218750 251 6458 8604
Ch1: 18.159314 13.308801 20.062000 24.375000 250 6450 8652
Ch1: 18.261054 11.677318 20.000000 24.375000 249 6459 8702
Ch1: 18.360716 12.228805 20.062000 24.281250 248 6456 8746
Ch1: 18.463715 12.389655 20.062000 24.375000 247 6459 8796
Ch1: 18.561802 12.573485 20.000000 24.312500 246 6451 8845
Ch1: 18.662807 12.274762 20.000000 24.375000 245 6451 8891
Ch1: 18.765953 11.240723 20.062000 24.312500 244 6458 8940
Ch1: 18.867399 11.861147 20.000000 24.375000 243 6448 8991
Ch1: 18.970272 12.550506 20.000000 24.281250 242 6460 9037
Ch1: 19.070038 11.332638 20.062000 24.375000 241 6448 9085
Ch1: 19.164767 12.596463 20.000000 24.343750 240 6460 9132
Ch1: 19.280822 12.412634 20.000000 24.406250 239 6448 9185
Ch1: 19.375047 11.884125 20.000000 24.406250 238 6455 9230
Ch1: 19.473533 11.286681 20.000000 24.312500 237 6452 9279
Ch1: 19.576050 12.021997 20.000000 24.375000 236 6451 9326
Ch1: 19.679594 12.343698 20.000000 24.312500 235 6452 9375
Ch1: 19.777535 12.228805 20.000000 24.406250 234 6454 9424
Ch1: 19.878477 12.366677 20.000000 24.343750 233 6452 9470
Ch1: 19.977383 11.769232 20.000000 24.406250 232 6446 9517
Ch1: 20.080256 11.654339 20.000000 24.437500 231 6459 9568
Ch1: 20.180295 10.735193 20.000000 24.437500 230 6448 9614
Ch1: 20.280775 10.987958 20.000000 24.468750 229 6457 9661
Ch1: 20.382389 11.056894 20.000000 24.468750 228 6446 9712
Ch1: 20.483037 12.113912 20.000000 24.375000 227 6452 9758
Ch1: 20.585155 11.654339 20.000000 24.375000 226 6448 9807
Ch1: 20.684900 11.585403 20.062000 24.375000 225 6449 9856
Ch1: 20.779650 11.378595 20.062000 24.468750 224 6454 9899
Ch1: 20.894487 11.378595 20.062000 24.500000 223 6451 9954
Ch1: 20.988377 11.769232 20.062000 24.500000 222 6450 10000
Ch1: 21.087199 11.792211 20.062000 24.500000 221 6453 10046
Ch1: 21.190072 11.861147 20.062000 24.531250 220 6449 10095
Ch1: 21.293533 11.079873 20.062000 24.500000 219 6454 10146
Ch1: 21.392984 10.804129 20.062000 24.437500 218 6452 10195
Ch1: 21.492835 11.884125 20.062000 24.437500 217 6460 10239
Ch1: 21.592664 12.205826 20.062000 24.437500 216 6456 10288
Ch1: 21.695516 11.654339 20.062000 24.531250 215 6446 10340
Ch1: 21.794485 12.251784 20.125000 24.437500 214 6454 10383
Ch1: 21.893811 11.424553 20.062000 24.562500 213 6452 10431
Ch1: 21.996138 11.056894 20.125000 24.437500 212 6439 10484
Ch1: 22.096682 11.585403 20.125000 24.531250 211 6447 10527
Ch1: 22.198946 10.574343 20.125000 24.500000 210 6458 10576
Ch1: 22.297432 10.298599 20.125000 24.531250 209 6444 10627
Ch1: 22.391405 11.033916 20.125000 24.531250 208 6449 10667
Ch1: 22.507586 11.470510 20.125000 24.531250 207 6450 10724
Ch1: 22.601916 12.665399 20.125000 24.531250 206 6449 10772
Ch1: 22.701620 11.194766 20.125000 24.531250 205 6459 10815
Ch1: 22.803569 11.700296 20.125000 24.562500 204 6458 10864
Ch1: 22.906358 13.147951 20.125000 24.468750 203 6460 10917
Ch1: 23.005055 13.101993 20.125000 24.562500 202 6455 10959
Ch1: 23.105871 12.067954 20.125000 24.562500 201 6450 11008
Ch1: 23.205721 12.251784 20.125000 24.437500 200 6457 11058
Ch1: 23.307524 12.366677 20.125000 24.500000 199 6458 11104
Ch1: 23.406472 11.217745 20.125000 24.437500 198 6446 11160
Ch1: 23.508190 10.160727 20.125000 24.437500 197 6448 11201
Ch1: 23.607894 11.010937 20.062000 24.531250 196 6449 11247
Ch1: 23.707429 11.470510 20.062000 24.531250 195 6456 11294
Ch1: 23.809400 12.182848 20.062000 24.500000 194 6451 11345
Ch1: 23.908369 11.723275 20.062000 24.500000 193 6458 11390
Ch1: 24.002951 11.654339 20.062000 24.500000 192 6459 11436
Ch1: 24.111911 11.976040 20.062000 24.437500 191 6452 11489
Ch1: 24.206682 12.090933 20.062000 24.500000 190 6456 11532
Ch1: 24.305252 12.274762 20.062000 24.406250 189 6457 11579
Ch1: 24.406572 13.262844 20.062000 24.500000 188 6457 11629
Ch1: 24.509214 12.320720 20.062000 24.406250 187 6460 11676
Ch1: 24.607154 12.573485 20.062000 24.468750 186 6461 11723
Ch1: 24.708348 12.366677 20.062000 24.375000 185 6448 11772
Ch1: 24.807191 13.308801 20.062000 24.500000 184 6455 11818
Ch1: 24.909414 13.056036 20.000000 24.406250 183 6454 11867
Ch1: 25.007060 11.999019 20.062000 24.468750 182 6456 11915
Ch1: 25.107037 12.297741 20.000000 24.468750 181 6452 11962
Ch1: 25.210434 11.884125 20.000000 24.406250 180 6449 12011
Ch1: 25.308732 16.571768 20.000000 24.468750 179 6449 12059
Ch1: 25.405916 23.281532 20.000000 24.375000 178 6458 12104
Ch1: 25.499197 32.656818 20.000000 24.468750 177 6461 12148
Ch1: 25.585719 43.204015 20.000000 24.343750 176 6462 12190
Ch1: 25.686975 60.483954 20.000000 24.437500 175 6476 12237
Ch1: 25.770705 76.431132 20.000000 24.375000 174 6479 12277
Ch1: 25.857941 94.837025 20.000000 24.375000 173 6492 12319
Ch1: 25.946394 116.965457 20.062000 24.343750 172 6495 12361
Ch1: 26.034993 139.553463 20.000000 24.312500 171 6503 12403
Ch1: 26.117905 164.806991 20.000000 24.406250 170 6514 12443
Ch1: 26.201887 192.289447 20.000000 24.281250 169 6526 12483
Ch1: 26.283874 221.702109 20.062000 24.406250 168 6547 12522
Ch1: 26.368276 253.550508 20.000000 24.406250 167 6562 12563
Ch1: 26.446989 285.490821 20.000000 24.312500 166 6579 12599
Ch1: 26.527235 319.177511 20.062000 24.406250 165 6593 12638
Ch1: 26.606956 355.322915 20.062000 24.375000 164 6607 12676
Ch1: 26.684242 393.766184 20.062000 24.406250 163 6622 12713
Ch1: 26.762934 433.588171 20.062000 24.281250 162 6646 12750
Ch1: 26.838079 474.421219 20.062000 24.406250 161 6649 12787
Ch1: 26.908019 514.174270 20.062000 24.437500 160 6678 12820
Ch1: 26.995065 566.106002 20.062000 24.375000 159 6698 12862
Ch1: 27.063997 608.639469 20.062000 24.343750 158 6718 12895
Ch1: 27.135574 655.653772 20.000000 24.343750 157 6728 12928
Ch1: 27.209291 705.011896 20.062000 24.406250 156 6752 12962
Ch1: 27.282505 758.506175 20.000000 24.406250 155 6774 12998
Ch1: 27.350073 808.576637 20.062000 24.437500 154 6799 13032
Ch1: 27.419781 864.529631 20.000000 24.343750 153 6828 13064
Ch1: 27.487139 918.966035 20.000000 24.437500 152 6848 13095
Ch1: 27.556827 975.355624 20.062000 24.406250 151 6869 13131
Ch1: 27.623114 1033.721376 20.000000 24.312500 150 6891 13160
Ch1: 27.690555 1092.592657 20.062000 24.375000 149 6930 13195
Ch1: 27.757850 1155.324351 20.000000 24.406250 148 6947 13225
Ch1: 27.820842 1219.848379 20.062000 24.375000 147 6985 13255
Ch1: 27.887087 1286.555378 20.000000 24.468750 146 7011 13285
Ch1: 27.948126 1352.251317 20.000000 24.437500 145 7032 13316
Ch1: 28.006689 1414.109822 20.000000 24.343750 144 7057 13343
Ch1: 28.074760 1490.490830 20.062000 24.406250 143 7094 13374
Ch1: 28.131875 1556.508469 20.062000 24.468750 142 7125 13402
Ch1: 28.191781 1627.995026 20.062000 24.500000 141 7161 13432
Ch1: 28.252422 1701.779447 20.062000 24.500000 140 7191 13460
Ch1: 28.312307 1780.090660 20.062000 24.500000 139 7218 13489
Ch1: 28.368812 1854.403590 20.000000 24.500000 138 7261 13516
Ch1: 28.426787 1932.002465 20.062000 24.437500 137 7288 13543
Ch1: 28.481950 2010.681337 20.062000 24.531250 136 7325 13570
Ch1: 28.538875 2092.898920 20.062000 24.468750 135 7351 13596
Ch1: 28.592421 2172.795659 20.062000 24.468750 134 7398 13621
Ch1: 28.647311 2255.702601 20.062000 24.437500 133 7438 13649
Ch1: 28.701864 2343.963567 20.062000 24.437500 132 7469 13674
Ch1: 28.755578 2430.133476 20.062000 24.593750 131 7513 13701
Ch1: 28.808516 2521.726345 20.062000 24.500000 130 7554 13723
Ch1: 28.859774 2608.608592 20.062000 24.468750 129 7587 13749
Ch1: 28.907757 2694.272971 20.062000 24.593750 128 7625 13771
Ch1: 28.962521 2795.999421 20.062000 24.562500 127 7673 13797
Ch1: 29.008741 2882.927625 20.125000 24.531250 126 7708 13818
Ch1: 29.056830 2975.922191 20.125000 24.500000 125 7743 13844
Ch1: 29.105254 3074.868225 20.062000 24.500000 124 7781 13866
Ch1: 29.154665 3174.641491 20.125000 24.500000 123 7830 13894
Ch1: 29.199291 3268.279459 20.125000 24.500000 122 7868 13911
Ch1: 29.246477 3369.247613 20.125000 24.562500 121 7913 13934
Ch1: 29.291144 3469.733217 20.125000 24.593750 120 7960 13953
Ch1: 29.336525 3574.377954 20.125000 24.500000 119 8011 13977
Ch1: 29.380058 3675.392066 20.125000 24.500000 118 8049 13997
Ch1: 29.423781 3779.048722 20.125000 24.500000 117 8083 14019
Ch1: 29.468574 3887.255150 20.125000 24.593750 116 8151 14037
Ch1: 29.511415 3991.762015 20.125000 24.562500 115 8190 14060
Ch1: 29.554718 4099.922485 20.125000 24.562500 114 8221 14084
Ch1: 29.596677 4209.048058 20.125000 24.500000 113 8274 14101
Ch1: 29.635404 4307.212819 20.125000 24.593750 112 8331 14118
Ch1: 29.679736 4426.517930 20.125000 24.500000 111 8361 14143
Ch1: 29.717728 4530.013736 20.125000 24.500000 110 8412 14160
Ch1: 29.757714 4640.311219 20.125000 24.500000 109 8464 14178
Ch1: 29.798582 4754.032521 20.062000 24.562500 108 8511 14198
Ch1: 29.839387 4870.626152 20.062000 24.468750 107 8567 14220
Ch1: 29.876960 4982.302355 20.062000 24.468750 106 8617 14233
Ch1: 29.915561 5096.437272 20.062000 24.468750 105 8671 14253
Ch1: 29.952105 5210.089637 20.062000 24.468750 104 8709 14271
Ch1: 29.990055 5330.405809 20.062000 24.468750 103 8761 14288
Ch1: 30.026557 5445.574765 20.062000 24.562500 102 8828 14309
Ch1: 30.062744 5564.879876 20.062000 24.531250 101 8873 14322
Ch1: 30.098050 5682.898184 20.062000 24.531250 100 8917 14341
Ch1: 30.132873 5802.800740 20.062000 24.468750 99 8970 14354
Ch1: 30.168178 5929.045401 20.062000 24.437500 98 9027 14373
Ch1: 30.202078 6047.982855 20.062000 24.437500 97 9085 14388
Ch1: 30.233773 6162.301601 20.062000 24.500000 96 9129 14407
Ch1: 30.269750 6300.954729 20.062000 24.531250 95 9189 14420
Ch1: 30.301634 6419.616439 20.062000 24.500000 94 9241 14435
Ch1: 30.333245 6544.022809 20.000000 24.531250 93 9288 14450
Ch1: 30.366242 6671.324488 20.062000 24.437500 92 9355 14467
Ch1: 30.398189 6803.796361 20.062000 24.437500 91 9409 14481
Ch1: 30.428940 6927.260607 20.000000 24.375000 90 9460 14498
Ch1: 30.459124 7057.917168 20.000000 24.406250 89 9514 14512
Ch1: 30.488216 7188.343942 20.062000 24.500000 88 9571 14525
Ch1: 30.518526 7320.700923 20.000000 24.468750 87 9637 14539
Ch1: 30.546947 7449.128555 20.062000 24.406250 86 9686 14553
Ch1: 30.574633 7583.002126 20.062000 24.406250 85 9747 14564
Ch1: 30.603956 7719.931856 20.062000 24.468750 84 9809 14582
Ch1: 30.631831 7851.622456 20.000000 24.375000 83 9876 14591
Ch1: 30.658594 7989.540268 20.062000 24.500000 82 9931 14609
Ch1: 30.685734 8123.758518 20.062000 24.343750 81 9980 14621
Ch1: 30.710146 8252.875510 20.062000 24.375000 80 10035 14636
Ch1: 30.739217 8402.994981 20.062000 24.437500 79 10109 14644
Ch1: 30.763797 8531.376656 20.062000 24.375000 78 10164 14656
Ch1: 30.788985 8667.594049 20.062000 24.375000 77 10212 14668
Ch1: 30.814803 8804.891437 20.062000 24.437500 76 10280 14683
Ch1: 30.839425 8949.886671 20.062000 24.437500 75 10335 14697
Ch1: 30.864592 9085.713426 20.062000 24.437500 74 10403 14703
Ch1: 30.887996 9225.469530 20.062000 24.437500 73 10472 14715
Ch1: 30.911799 9360.492033 20.062000 24.375000 72 10524 14728
Ch1: 30.936714 9504.292377 20.062000 24.437500 71 10573 14738
Ch1: 30.959531 9642.646783 20.062000 24.437500 70 10645 14747
Ch1: 30.982305 9785.505003 20.062000 24.437500 69 10702 14758
Ch1: 31.005835 9928.018543 20.062000 24.468750 68 10755 14773
Ch1: 31.028085 10067.636775 20.062000 24.468750 67 10821 14784
Ch1: 31.050209 10213.849876 20.062000 24.468750 66 10890 14792
Ch1: 31.072857 10350.595777 20.062000 24.437500 65 10936 14804
Ch1: 31.093427 10486.629341 20.062000 24.343750 64 11010 14813
Ch1: 31.117755 10652.741947 20.000000 24.375000 63 11080 14825
Ch1: 31.137318 10788.315937 20.062000 24.406250 62 11126 14834
Ch1: 31.158770 10929.864374 20.062000 24.406250 61 11207 14846
Ch1: 31.178963 11075.732797 20.062000 24.406250 60 11269 14856
Ch1: 31.199638 11226.495670 20.062000 24.500000 59 11323 14867
Ch1: 31.219432 11367.423684 20.062000 24.437500 58 11396 14874
Ch1: 31.239561 11513.406999 20.062000 24.531250 57 11461 14881
Ch1: 31.258599 11656.908621 20.062000 24.437500 56 11520 14894
Ch1: 31.276945 11809.716593 20.062000 24.500000 55 11599 14899
Ch1: 31.295521 11949.426739 20.062000 24.437500 54 11647 14909
Ch1: 31.315504 12093.939421 20.062000 24.500000 53 11713 14917
Ch1: 31.332275 12245.782290 20.062000 24.531250 52 11776 14928
Ch1: 31.351607 12392.271136 20.062000 24.500000 51 11838 14936
Ch1: 31.370058 12544.642514 20.062000 24.437500 50 11903 14947
Ch1: 31.387165 12691.797740 20.062000 24.437500 49 11983 14953
Ch1: 31.403684 12830.611719 20.062000 24.562500 48 12036 14958
Ch1: 31.422050 12995.943051 20.062000 24.468750 47 12111 14972
Ch1: 31.438318 13135.055752 20.062000 24.500000 46 12166 14981
Ch1: 31.454270 13280.947153 20.062000 24.500000 45 12233 14984
Ch1: 31.471377 13435.225759 20.062000 24.562500 44 12283 14992
Ch1: 31.487372 13588.723090 20.062000 24.468750 43 12367 15001
Ch1: 31.502464 13733.396623 20.062000 24.468750 42 12420 15008
Ch1: 31.517241 13882.482055 20.062000 24.562500 41 12484 15012
Ch1: 31.532207 14029.867067 20.062000 24.500000 40 12562 15025
Ch1: 31.546354 14186.903110 20.062000 24.500000 39 12615 15030
Ch1: 31.560754 14330.266860 20.125000 24.562500 38 12698 15036
Ch1: 31.576601 14481.742071 20.125000 24.531250 37 12745 15048
Ch1: 31.591504 14635.538124 20.125000 24.500000 36 12820 15052
Ch1: 31.605085 14784.255898 20.125000 24.593750 35 12889 15059
Ch1: 31.619421 14936.075789 20.125000 24.593750 34 12952 15066
Ch1: 31.632708 15082.495698 20.125000 24.593750 33 13013 15072
Ch1: 31.645596 15219.103728 20.125000 24.500000 32 13076 15076
Ch1: 31.660037 15379.425716 20.125000 24.500000 31 13149 15083
Ch1: 31.672988 15521.433726 20.125000 24.593750 30 13209 15094
Ch1: 31.685876 15671.714047 20.125000 24.593750 29 13262 15094
Ch1: 31.700087 15820.799480 20.125000 24.500000 28 13335 15103
Ch1: 31.714381 15971.815118 20.125000 24.500000 27 13398 15108
Ch1: 31.726451 16112.559302 20.125000 24.562500 26 13457 15114
Ch1: 31.739863 16260.978354 20.125000 24.500000 25 13526 15122
Ch1: 31.752185 16403.445937 20.125000 24.531250 24 13588 15127
Ch1: 31.766395 16552.117754 20.125000 24.468750 23 13651 15134
Ch1: 31.778653 16696.055970 20.125000 24.468750 22 13720 15138
Ch1: 31.791625 16839.511634 20.125000 24.500000 21 13783 15143
Ch1: 31.804240 16985.954523 20.125000 24.500000 20 13837 15152
Ch1: 31.816667 17130.788906 20.125000 24.500000 19 13911 15158
Ch1: 31.830331 17274.956908 20.125000 24.593750 18 13978 15163
Ch1: 31.840973 17419.147890 20.125000 24.562500 17 14024 15173
Ch1: 31.852959 17546.472547 20.125000 24.562500 16 14077 15176
Ch1: 31.867148 17718.950237 20.062000 24.562500 15 14149 15182
Ch1: 31.878021 17853.490189 20.062000 24.562500 14 14231 15189
Ch1: 31.889482 17992.602890 20.062000 24.468750 13 14278 15193
Ch1: 31.901005 18137.414295 20.062000 24.562500 12 14346 15200
Ch1: 31.912760 18278.824860 20.062000 24.468750 11 14395 15204
Ch1: 31.923612 18413.617577 20.062000 24.468750 10 14451 15210
Ch1: 31.933540 18551.236666 20.062000 24.531250 9 14523 15212
Ch1: 31.944581 18684.535771 20.062000 24.531250 8 14587 15219
Ch1: 31.955307 18821.626352 20.062000 24.437500 7 14645 15225
Ch1: 31.963955 18959.544164 20.062000 24.500000 6 14696 15226
Ch1: 31.974366 19093.073055 20.062000 24.531250 5 14756 15236
Ch1: 31.985029 19228.003643 20.062000 24.531250 4 14795 15238
Ch1: 31.993236 19358.522332 20.062000 24.437500 3 14860 15242
Ch1: 32.003060 19490.764419 20.062000 24.437500 2 14933 15247
Ch1: 32.011519 19625.028627 20.062000 24.500000 1 14985 15249
Ch1: 32.022413 19765.887705 20.062000 24.531250 0 15051 15255
Ch1: 32.022854 19773.102999 20.062000 24.437500 0 15058 15259
Ch1: 32.012631 19630.796266 20.062000 24.500000 1 14986 15252
Ch1: 32.004004 19498.852901 20.062000 24.375000 2 14934 15246
Ch1: 31.994391 19363.301890 20.062000 24.375000 3 14870 15244
Ch1: 31.984882 19231.197674 20.062000 24.375000 4 14816 15234
Ch1: 31.974324 19101.804939 20.062000 24.500000 5 14760 15233
Ch1: 31.964522 18964.921166 20.062000 24.468750 6 14700 15228
Ch1: 31.954446 18834.080776 20.062000 24.437500 7 14635 15227
Ch1: 31.944476 18690.923834 20.062000 24.468750 8 14577 15221
Ch1: 31.934275 18554.706441 20.062000 24.437500 9 14526 15214
Ch1: 31.924577 18411.020990 20.062000 24.437500 10 14463 15212
Ch1: 31.914523 18272.781477 20.062000 24.468750 11 14403 15201
Ch1: 31.904049 18127.832201 20.062000 24.437500 12 14341 15199
Ch1: 31.892546 17986.674400 20.062000 24.343750 13 14282 15196
Ch1: 31.881400 17849.537862 20.062000 24.375000 14 14209 15189
Ch1: 31.871745 17713.274513 20.062000 24.375000 15 14160 15183
Ch1: 31.858017 17537.602791 20.062000 24.437500 16 14076 15176
Ch1: 31.848068 17408.508778 20.062000 24.437500 17 14028 15171
Ch1: 31.836460 17265.558644 20.062000 24.437500 18 13964 15166
Ch1: 31.825021 17116.932784 20.062000 24.437500 19 13908 15162
Ch1: 31.813791 16973.729885 20.062000 24.468750 20 13839 15156
Ch1: 31.801470 16827.562740 20.062000 24.468750 21 13773 15154
Ch1: 31.788959 16677.902842 20.062000 24.437500 22 13709 15142
Ch1: 31.775463 16540.008009 20.062000 24.468750 23 13640 15138
Ch1: 31.763855 16384.534514 20.062000 24.406250 24 13586 15135
Ch1: 31.751828 16239.263537 20.062000 24.375000 25 13519 15126
Ch1: 31.738688 16091.464909 20.062000 24.375000 26 13457 15117
Ch1: 31.726744 15946.354782 20.062000 24.468750 27 13390 15113
Ch1: 31.712429 15797.269350 20.000000 24.406250 28 13319 15108
Ch1: 31.699247 15644.783079 20.062000 24.500000 29 13264 15099
Ch1: 31.685520 15496.501899 20.000000 24.437500 30 13194 15095
Ch1: 31.672988 15361.318546 20.000000 24.437500 31 13125 15091
Ch1: 31.657792 15197.526782 20.062000 24.406250 32 13053 15085
Ch1: 31.645365 15063.882998 20.062000 24.531250 33 13001 15075
Ch1: 31.629728 14919.370316 20.062000 24.500000 34 12944 15065
Ch1: 31.614027 14768.745315 20.062000 24.437500 35 12877 15062
Ch1: 31.599019 14617.798612 20.062000 24.531250 36 12802 15050
Ch1: 31.583402 14470.850194 20.062000 24.562500 37 12751 15047
Ch1: 31.567681 14323.074545 20.062000 24.562500 38 12681 15040
Ch1: 31.552903 14179.779731 20.062000 24.562500 39 12618 15033
Ch1: 31.537790 14027.477288 20.062000 24.468750 40 12553 15024
Ch1: 31.521817 13884.504175 20.062000 24.562500 41 12497 15015
Ch1: 31.504605 13737.486821 20.062000 24.468750 42 12412 15012
Ch1: 31.488799 13594.996259 20.062000 24.500000 43 12364 14999
Ch1: 31.470580 13441.154248 20.062000 24.562500 44 12285 14990
Ch1: 31.453242 13291.356478 20.062000 24.593750 45 12243 14985
Ch1: 31.437667 13146.889753 20.125000 24.593750 46 12172 14978
Ch1: 31.419469 13008.305561 20.062000 24.531250 47 12104 14971
Ch1: 31.399318 12844.375926 20.125000 24.500000 48 12030 14958
Ch1: 31.382211 12707.813854 20.125000 24.500000 49 11973 14950
Ch1: 31.363509 12566.724989 20.125000 24.531250 50 11913 14943
Ch1: 31.344764 12418.305938 20.125000 24.500000 51 11852 14934
Ch1: 31.325936 12271.265605 20.125000 24.500000 52 11789 14925
Ch1: 31.305869 12126.293350 20.125000 24.500000 53 11731 14913
Ch1: 31.286076 11979.138124 20.125000 24.531250 54 11659 14907
Ch1: 31.267268 11837.980323 20.125000 24.531250 55 11597 14892
Ch1: 31.246362 11691.008926 20.125000 24.531250 56 11542 14884
Ch1: 31.227807 11548.564322 20.125000 24.593750 57 11473 14878
Ch1: 31.205767 11405.637166 20.125000 24.531250 58 11412 14865
Ch1: 31.184231 11268.132970 20.125000 24.625000 59 11352 14851
Ch1: 31.162443 11122.080718 20.125000 24.531250 60 11283 14843
Ch1: 31.141642 10974.419962 20.125000 24.625000 61 11213 14836
Ch1: 31.121974 10828.068989 20.125000 24.593750 62 11155 14828
Ch1: 31.102789 10694.080525 20.125000 24.593750 63 11102 14816
Ch1: 31.077664 10526.933879 20.125000 24.593750 64 11021 14806
Ch1: 31.058374 10390.969252 20.125000 24.593750 65 10974 14795
Ch1: 31.038475 10246.272741 20.125000 24.468750 66 10905 14791
Ch1: 31.016141 10101.254529 20.125000 24.500000 67 10850 14775
Ch1: 30.994710 9958.695031 20.125000 24.500000 68 10786 14768
Ch1: 30.971348 9815.331281 20.125000 24.593750 69 10701 14756
Ch1: 30.948658 9670.726684 20.062000 24.500000 70 10650 14747
Ch1: 30.927584 9529.568884 20.062000 24.562500 71 10592 14733
Ch1: 30.903571 9384.918329 20.062000 24.500000 72 10524 14722
Ch1: 30.880293 9245.001376 20.062000 24.593750 73 10456 14715
Ch1: 30.857413 9105.957610 20.062000 24.468750 74 10403 14698
Ch1: 30.833400 8969.211709 20.062000 24.500000 75 10349 14691
Ch1: 30.808149 8822.653928 20.062000 24.468750 76 10286 14679
Ch1: 30.784220 8683.541227 20.062000 24.437500 77 10222 14666
Ch1: 30.758885 8546.037030 20.062000 24.468750 78 10168 14652
Ch1: 30.735271 8415.242598 20.062000 24.468750 79 10104 14644
Ch1: 30.706263 8262.756326 20.062000 24.531250 80 10030 14631
Ch1: 30.681011 8138.648679 20.000000 24.437500 81 9981 14615
Ch1: 30.656222 8004.683193 20.062000 24.500000 82 9927 14606
Ch1: 30.627528 7865.938150 20.062000 24.562500 83 9862 14591
Ch1: 30.600325 7729.077356 20.062000 24.531250 84 9817 14579
Ch1: 30.571442 7597.386756 20.062000 24.500000 85 9738 14565
Ch1: 30.542581 7464.179566 20.062000 24.437500 86 9689 14551
Ch1: 30.513866 7336.280442 20.062000 24.500000 87 9645 14534
Ch1: 30.483787 7202.452829 20.000000 24.437500 88 9585 14524
Ch1: 30.455157 7073.427752 20.062000 24.406250 89 9524 14511
Ch1: 30.423734 6943.529486 20.062000 24.437500 90 9466 14495
Ch1: 30.394558 6820.616728 20.062000 24.375000 91 9422 14478
Ch1: 30.362779 6687.317623 20.062000 24.500000 92 9360 14463
Ch1: 30.330181 6560.314666 20.062000 24.468750 93 9294 14449
Ch1: 30.298884 6434.529577 20.062000 24.468750 94 9247 14437
Ch1: 30.269372 6313.455111 20.062000 24.500000 95 9202 14419
Ch1: 30.231149 6176.594316 20.062000 24.375000 96 9138 14402
Ch1: 30.200776 6059.380261 20.062000 24.468750 97 9088 14391
Ch1: 30.167402 5936.881118 20.062000 24.406250 98 9035 14372
Ch1: 30.132852 5814.014317 20.062000 24.375000 99 8986 14355
Ch1: 30.098323 5691.767940 20.062000 24.468750 100 8930 14341
Ch1: 30.062849 5568.924117 20.062000 24.375000 101 8864 14325
Ch1: 30.027460 5447.183270 20.062000 24.468750 102 8821 14306
Ch1: 29.992322 5331.646655 20.062000 24.500000 103 8766 14287
Ch1: 29.955149 5211.169633 20.062000 24.500000 104 8714 14271
Ch1: 29.918877 5096.804930 20.000000 24.375000 105 8670 14250
Ch1: 29.881599 4979.567896 20.062000 24.406250 106 8616 14236
Ch1: 29.843795 4865.226171 20.062000 24.375000 107 8566 14218
Ch1: 29.804439 4749.988280 20.000000 24.406250 108 8515 14201
Ch1: 29.763739 4630.706147 20.000000 24.500000 109 8459 14181
Ch1: 29.725872 4518.271649 20.000000 24.406250 110 8411 14161
Ch1: 29.687376 4416.568178 20.000000 24.406250 111 8366 14142
Ch1: 29.643801 4297.446896 20.000000 24.437500 112 8320 14123
Ch1: 29.606081 4195.513638 20.000000 24.531250 113 8269 14104
Ch1: 29.564730 4089.352310 20.000000 24.437500 114 8227 14081
Ch1: 29.521050 3981.605455 20.000000 24.500000 115 8186 14063
Ch1: 29.478209 3876.409230 20.000000 24.468750 116 8141 14040
Ch1: 29.433478 3769.788330 20.000000 24.468750 117 8084 14021
Ch1: 29.388790 3664.339339 20.062000 24.562500 118 8037 13999
Ch1: 29.344774 3563.784800 20.000000 24.468750 119 8009 13978
Ch1: 29.297672 3462.471966 20.000000 24.468750 120 7954 13956
Ch1: 29.252270 3363.985504 20.000000 24.468750 121 7915 13937
Ch1: 29.206133 3265.062449 20.000000 24.500000 122 7869 13915
Ch1: 29.159871 3170.872993 20.062000 24.500000 123 7824 13893
Ch1: 29.110334 3072.754190 20.062000 24.593750 124 7785 13867
Ch1: 29.059936 2977.507717 20.062000 24.593750 125 7749 13845
Ch1: 29.011890 2885.891870 20.062000 24.468750 126 7707 13821
Ch1: 28.963507 2799.584089 20.062000 24.593750 127 7664 13798
Ch1: 28.907799 2697.765724 20.062000 24.531250 128 7629 13771
Ch1: 28.859711 2614.628996 20.062000 24.500000 129 7582 13748
Ch1: 28.807802 2528.183343 20.062000 24.593750 130 7549 13724
Ch1: 28.754172 2439.003232 20.062000 24.531250 131 7508 13698
Ch1: 28.701130 2353.982255 20.062000 24.593750 132 7467 13671
Ch1: 28.645359 2269.397872 20.062000 24.531250 133 7435 13647
Ch1: 28.590343 2186.605823 20.062000 24.593750 134 7396 13620
Ch1: 28.536419 2108.294610 20.062000 24.593750 135 7370 13594
Ch1: 28.478591 2026.329793 20.125000 24.531250 136 7321 13568
Ch1: 28.422883 1947.880707 20.125000 24.593750 137 7288 13541
Ch1: 28.365391 1869.500558 20.125000 24.625000 138 7266 13514
Ch1: 28.308130 1794.957842 20.125000 24.562500 139 7232 13486
Ch1: 28.247678 1719.335130 20.125000 24.531250 140 7193 13456
Ch1: 28.186743 1643.850289 20.125000 24.531250 141 7153 13429
Ch1: 28.127278 1573.512665 20.125000 24.531250 142 7140 13399
Ch1: 28.070478 1507.265239 20.125000 24.562500 143 7105 13374
Ch1: 28.002848 1431.091039 20.125000 24.562500 144 7066 13342
Ch1: 27.944369 1366.957648 20.125000 24.656250 145 7040 13313
Ch1: 27.881545 1299.745119 20.125000 24.656250 146 7006 13282
Ch1: 27.816707 1232.210889 20.125000 24.562500 147 6984 13253
Ch1: 27.752917 1169.387280 20.125000 24.593750 148 6960 13222
Ch1: 27.685581 1104.932188 20.125000 24.531250 149 6921 13189
Ch1: 27.619398 1044.613252 20.125000 24.625000 150 6905 13159
Ch1: 27.554728 986.569201 20.062000 24.531250 151 6872 13126
Ch1: 27.485355 926.847710 20.062000 24.500000 152 6853 13093
Ch1: 27.418459 873.284494 20.062000 24.531250 153 6825 13062
Ch1: 27.348834 818.595325 20.062000 24.593750 154 6799 13028
Ch1: 27.280511 766.295935 20.062000 24.531250 155 6773 12995
Ch1: 27.208347 713.261228 20.062000 24.531250 156 6758 12963
Ch1: 27.135658 662.938001 20.062000 24.500000 157 6736 12927
Ch1: 27.063787 613.763706 20.062000 24.500000 158 6718 12893
Ch1: 26.995338 570.311094 20.062000 24.562500 159 6699 12861
Ch1: 26.909152 518.241490 20.062000 24.562500 160 6674 12819
Ch1: 26.838247 477.293549 20.062000 24.562500 161 6659 12785
Ch1: 26.763186 436.391566 20.062000 24.562500 162 6644 12750
Ch1: 26.684326 396.546600 20.062000 24.500000 163 6624 12711
Ch1: 26.607523 358.493968 20.062000 24.500000 164 6603 12675
Ch1: 26.527508 321.957926 20.000000 24.500000 165 6591 12637
Ch1: 26.448039 286.731667 20.062000 24.468750 166 6579 12599
Ch1: 26.369074 255.067098 20.062000 24.437500 167 6560 12561
Ch1: 26.285197 223.034871 20.062000 24.531250 168 6551 12522
Ch1: 26.203776 194.564333 20.062000 24.500000 169 6538 12482
Ch1: 26.119269 166.599325 20.000000 24.468750 170 6523 12443
Ch1: 26.036253 142.058135 20.062000 24.437500 171 6513 12405
Ch1: 25.948765 117.493966 20.062000 24.500000 172 6504 12361
Ch1: 25.860334 96.100850 20.062000 24.437500 173 6494 12318
Ch1: 25.772301 77.028577 20.062000 24.531250 174 6479 12279
Ch1: 25.688529 61.770758 20.062000 24.437500 175 6480 12237
Ch1: 25.586537 44.146139 20.062000 24.437500 176 6472 12188
Ch1: 25.499995 31.829587 20.062000 24.500000 177 6457 12150
Ch1: 25.407344 22.316429 20.062000 24.406250 178 6454 12103
Ch1: 25.309592 15.307943 20.062000 24.500000 179 6461 12056
Ch1: 25.211631 12.803271 20.062000 24.531250 180 6460 12011
Ch1: 25.108779 12.596463 20.062000 24.468750 181 6456 11961
Ch1: 25.009453 12.412634 20.062000 24.406250 182 6459 11913
Ch1: 24.910904 11.539446 20.062000 24.406250 183 6458 11868
Ch1: 24.809332 12.435613 20.062000 24.437500 184 6451 11817
Ch1: 24.710951 12.573485 20.000000 24.406250 185 6454 11771
Ch1: 24.610198 12.619442 20.000000 24.468750 186 6458 11725
Ch1: 24.513622 12.343698 20.062000 24.531250 187 6460 11676
Ch1: 24.410476 13.607524 20.000000 24.406250 188 6458 11628
Ch1: 24.308254 12.803271 20.062000 24.406250 189 6460 11580
Ch1: 24.208928 11.539446 20.000000 24.406250 190 6459 11532
Ch1: 24.114850 13.010079 20.000000 24.406250 191 6448 11487
Ch1: 24.006309 11.999019 20.000000 24.500000 192 6450 11436
Ch1: 23.911538 12.711356 20.000000 24.406250 193 6455 11390
Ch1: 23.812632 11.608382 20.000000 24.500000 194 6448 11343
Ch1: 23.710011 12.711356 20.000000 24.468750 195 6449 11295
Ch1: 23.610455 11.562424 20.000000 24.468750 196 6444 11250
Ch1: 23.508022 12.320720 20.000000 24.437500 197 6459 11197
Ch1: 23.407353 12.251784 20.000000 24.437500 198 6450 11150
Ch1: 23.309161 11.953061 20.000000 24.531250 199 6452 11108
Ch1: 23.208849 10.643279 20.000000 24.437500 200 6460 11054
Ch1: 23.107697 10.964980 20.000000 24.500000 201 6448 11007
Ch1: 23.008119 11.102852 20.000000 24.437500 202 6456 10964
Ch1: 22.912488 10.942001 20.000000 24.437500 203 6448 10921
Ch1: 22.809552 10.942001 20.000000 24.437500 204 6446 10864
Ch1: 22.704286 11.769232 20.000000 24.562500 205 6450 10817
Ch1: 22.603449 11.907104 20.000000 24.468750 206 6456 10767
Ch1: 22.511071 11.792211 20.062000 24.468750 207 6450 10723
Ch1: 22.395918 12.458591 20.062000 24.500000 208 6455 10670
Ch1: 22.300728 11.608382 20.000000 24.562500 209 6454 10622
Ch1: 22.201843 11.700296 20.062000 24.500000 210 6453 10575
Ch1: 22.098529 12.389655 20.062000 24.500000 211 6460 10528
Ch1: 21.998216 12.205826 20.000000 24.500000 212 6450 10478
Ch1: 21.895721 11.930083 20.062000 24.593750 213 6459 10430
Ch1: 21.795115 11.999019 20.062000 24.531250 214 6453 10384
Ch1: 21.696986 11.953061 20.062000 24.531250 215 6448 10335
Ch1: 21.595120 11.884125 20.062000 24.531250 216 6450 10286
Ch1: 21.495207 12.228805 20.062000 24.531250 217 6459 10240
Ch1: 21.394055 12.458591 20.062000 24.562500 218 6452 10191
Ch1: 21.295737 11.930083 20.062000 24.625000 219 6460 10144
Ch1: 21.192360 11.424553 20.062000 24.593750 220 6458 10096
Ch1: 21.089319 12.182848 20.062000 24.531250 221 6458 10045
Ch1: 20.988587 12.090933 20.062000 24.625000 222 6449 9999
Ch1: 20.894487 11.608382 20.062000 24.562500 223 6450 9954
Ch1: 20.780741 12.527527 20.062000 24.656250 224 6448 9899
Ch1: 20.686747 12.389655 20.062000 24.562500 225 6452 9854
Ch1: 20.587128 10.574343 20.125000 24.562500 226 6450 9807
Ch1: 20.484779 12.136890 20.125000 24.562500 227 6454 9757
Ch1: 20.383774 11.999019 20.125000 24.562500 228 6452 9710
Ch1: 20.281930 12.642421 20.125000 24.625000 229 6449 9661
Ch1: 20.181030 12.550506 20.125000 24.562500 230 6455 9614
Ch1: 20.088505 7.702012 20.125000 24.656250 231 6444 9574
Ch1: 19.979859 11.769232 20.125000 24.656250 232 6449 9518
Ch1: 19.880072 11.562424 20.125000 24.625000 233 6445 9473
Ch1: 19.777996 12.642421 20.125000 24.562500 234 6457 9421
Ch1: 19.680203 11.861147 20.125000 24.656250 235 6457 9374
Ch1: 19.577435 12.412634 20.125000 24.531250 236 6441 9331
Ch1: 19.475003 11.815189 20.125000 24.562500 237 6448 9276
Ch1: 19.374732 12.573485 20.125000 24.562500 238 6459 9228
Ch1: 19.281263 11.907104 20.125000 24.531250 239 6456 9190
Ch1: 19.165607 11.217745 20.125000 24.562500 240 6450 9128
Ch1: 19.069576 11.240723 20.125000 24.531250 241 6460 9084
Ch1: 18.971510 12.435613 20.062000 24.593750 242 6459 9041
Ch1: 18.867902 12.918164 20.062000 24.500000 243 6452 8987
Ch1: 18.766771 12.297741 20.062000 24.562500 244 6454 8939
Ch1: 18.667908 11.401574 20.062000 24.562500 245 6460 8895
Ch1: 18.564657 12.389655 20.062000 24.625000 246 6449 8842
Ch1: 18.466045 12.113912 20.062000 24.531250 247 6452 8796
Ch1: 18.363171 11.677318 20.062000 24.531250 248 6450 8750
Ch1: 18.261894 11.976040 20.062000 24.593750 249 6457 8698
Ch1: 18.160196 13.883267 20.062000 24.625000 250 6460 8650
Ch1: 18.062361 13.033057 20.062000 24.593750 251 6448 8606
Ch1: 17.959068 13.515609 20.062000 24.468750 252 6451 8554
Ch1: 17.855544 12.550506 20.062000 24.468750 253 6456 8505
Ch1: 17.755546 13.239865 20.000000 24.593750 254 6451 8459
Ch1: 17.662791 13.056036 20.000000 24.500000 255 6459 8412
Ch1: 17.546442 13.147951 20.062000 24.500000 256 6455 8357
Ch1: 17.451230 12.481570 20.000000 24.468750 257 6455 8313
Ch1: 17.352030 13.722417 20.062000 24.468750 258 6448 8265
Ch1: 17.248716 12.803271 20.000000 24.468750 259 6450 8215
Ch1: 17.148635 12.734335 20.000000 24.468750 260 6454 8169
Ch1: 17.044335 12.665399 20.062000 24.468750 261 6458 8118
Ch1: 16.944757 13.170929 20.000000 24.437500 262 6456 8071
Ch1: 16.845872 13.331780 20.000000 24.468750 263 6458 8025
Ch1: 16.742810 14.067096 20.062000 24.531250 264 6456 7975
Ch1: 16.642687 12.159869 20.000000 24.531250 265 6449 7927
Ch1: 16.542374 13.101993 20.000000 24.500000 266 6447 7880
Ch1: 16.443427 12.941143 20.000000 24.531250 267 6453 7835
Ch1: 16.340616 13.561566 20.062000 24.500000 268 6452 7783
Ch1: 16.237848 13.676459 20.062000 24.531250 269 6452 7739
Ch1: 16.137830 13.446673 20.000000 24.468750 270 6456 7686
Ch1: 16.043983 12.941143 20.000000 24.437500 271 6456 7642
Ch1: 15.933238 11.999019 20.000000 24.500000 272 6450 7591
Ch1: 15.834731 12.389655 20.000000 24.500000 273 6453 7542
Ch1: 15.735699 12.734335 20.000000 24.531250 274 6451 7494
Ch1: 15.638724 9.425411 20.000000 24.437500 275 6449 7448
Ch1: 15.531695 13.056036 20.000000 24.468750 276 6448 7397
Ch1: 15.430333 11.263702 20.000000 24.531250 277 6454 7348
Ch1: 15.327334 12.067954 20.000000 24.437500 278 6459 7303
Ch1: 15.234495 10.344556 20.000000 24.531250 279 6451 7264
Ch1: 15.128452 10.666257 20.000000 24.437500 280 6447 7204
Ch1: 15.024991 12.619442 20.000000 24.406250 281 6448 7158
Ch1: 14.926547 11.470510 20.000000 24.437500 282 6450 7108
Ch1: 14.824744 12.780292 20.000000 24.500000 283 6455 7061
Ch1: 14.721598 12.964122 20.000000 24.468750 284 6450 7013
Ch1: 14.618998 12.159869 20.000000 24.437500 285 6452 6962
Ch1: 14.518791 12.757314 20.000000 24.437500 286 6452 6914
Ch1: 14.424209 11.930083 20.062000 24.562500 287 6454 6871
Ch1: 14.312163 11.792211 20.000000 24.437500 288 6449 6818
Ch1: 14.216364 11.953061 20.000000 24.468750 289 6446 6770
Ch1: 14.116513 12.711356 20.000000 24.500000 290 6447 6724
Ch1: 14.013892 11.838168 20.000000 24.500000 291 6436 6680
Ch1: 13.913496 11.447531 20.062000 24.500000 292 6451 6626
Ch1: 13.809069 11.907104 20.000000 24.593750 293 6451 6578
Ch1: 13.708610 12.021997 20.000000 24.500000 294 6455 6535
Ch1: 13.609620 12.435613 20.000000 24.531250 295 6456 6482
Ch1: 13.506097 12.987100 20.062000 24.593750 296 6450 6433
Ch1: 13.405469 12.987100 20.062000 24.625000 297 6448 6390
Ch1: 13.302659 12.803271 20.062000 24.593750 298 6449 6335
Ch1: 13.205034 13.033057 20.062000 24.593750 299 6449 6290
Ch1: 13.102560 13.745395 20.062000 24.531250 300 6458 6245
Ch1: 12.999623 12.734335 20.062000 24.531250 301 6459 6190
Ch1: 12.898115 13.079015 20.062000 24.562500 302 6458 6143
Ch1: 12.806471 12.619442 20.062000 24.531250 303 6447 6103
Ch1: 12.693271 12.964122 20.062000 24.656250 304 6451 6045
Ch1: 12.596947 13.377737 20.062000 24.625000 305 6449 5999
Ch1: 12.497831 12.665399 20.062000 24.562500 306 6449 5955
Ch1: 12.394307 13.975182 20.062000 24.687500 307 6451 5902
Ch1: 12.293995 14.021139 20.062000 24.562500 308 6455 5854
Ch1: 12.190136 13.860289 20.062000 24.562500 309 6450 5808
Ch1: 12.087556 13.492630 20.125000 24.687500 310 6448 5756
Ch1: 11.988503 13.377737 20.125000 24.656250 311 6450 5709
Ch1: 11.885945 13.515609 20.062000 24.562500 312 6460 5663
Ch1: 11.784919 13.079015 20.125000 24.562500 313 6457 5612
Ch1: 11.683348 12.757314 20.125000 24.593750 314 6459 5564
Ch1: 11.584232 12.481570 20.125000 24.593750 315 6452 5519
Ch1: 11.481506 13.354758 20.125000 24.593750 316 6454 5467
Ch1: 11.379241 13.446673 20.125000 24.656250 317 6449 5419
Ch1: 11.279831 12.343698 20.125000 24.593750 318 6452 5373
Ch1: 11.185061 12.159869 20.125000 24.656250 319 6455 5326
Ch1: 11.073372 12.481570 20.125000 24.593750 320 6458 5273
Ch1: 10.976901 13.170929 20.125000 24.593750 321 6452 5229
Ch1: 10.877575 13.285823 20.125000 24.593750 322 6460 5180
Ch1: 10.774996 13.492630 20.125000 24.593750 323 6449 5132
Ch1: 10.674557 13.262844 20.125000 24.593750 324 6459 5084
Ch1: 10.570341 14.067096 20.125000 24.625000 325 6445 5039
Ch1: 10.470071 13.377737 20.125000 24.593750 326 6452 4985
Ch1: 10.370577 15.813473 20.062000 24.531250 327 6454 4940
Ch1: 10.268522 14.181990 20.125000 24.593750 328 6443 4897
Ch1: 10.167958 13.400716 20.062000 24.562500 329 6451 4841
Ch1: 10.066576 13.607524 20.062000 24.656250 330 6462 4794
Ch1: 9.966914 13.653481 20.062000 24.562500 331 6460 4751
Ch1: 9.863180 14.687520 20.062000 24.562500 332 6450 4697
Ch1: 9.760118 14.044118 20.062000 24.531250 333 6460 4648
Ch1: 9.661023 14.411776 20.062000 24.562500 334 6449 4605
Ch1: 9.567974 14.159011 20.062000 24.625000 335 6459 4556
Ch1: 9.451541 14.365819 20.062000 24.593750 336 6458 4501
Ch1: 9.355637 14.159011 20.062000 24.625000 337 6448 4459
Ch1: 9.256164 14.618584 20.062000 24.531250 338 6461 4407
Ch1: 9.152493 15.009221 20.062000 24.625000 339 6455 4358
Ch1: 9.052790 14.595605 20.062000 24.500000 340 6457 4316
Ch1: 8.949560 13.929225 20.062000 24.625000 341 6451 4261
Ch1: 8.848849 13.538588 20.062000 24.531250 342 6451 4214
Ch1: 8.750321 13.722417 20.062000 24.593750 343 6458 4171
Ch1: 8.647615 13.423694 20.000000 24.500000 344 6451 4117
Ch1: 8.547849 13.998160 20.062000 24.593750 345 6454 4070
Ch1: 8.446487 13.676459 20.062000 24.500000 346 6450 4026
Ch1: 8.346867 13.354758 20.062000 24.593750 347 6447 3974
Ch1: 8.244519 13.446673 20.062000 24.593750 348 6461 3926
Ch1: 8.141541 13.837310 20.062000 24.500000 349 6449 3880
Ch1: 8.041817 13.124972 20.000000 24.562500 350 6449 3828
Ch1: 7.949250 13.469652 20.000000 24.562500 351 6455 3785
Ch1: 7.835839 13.262844 20.000000 24.468750 352 6448 3735
Ch1: 7.739326 13.860289 20.000000 24.468750 353 6461 3685
Ch1: 7.640903 14.572627 20.000000 24.468750 354 6449 3638
Ch1: 7.538576 14.021139 20.000000 24.531250 355 6461 3592
Ch1: 7.438075 14.067096 20.000000 24.562500 356 6459 3541
Ch1: 7.334950 14.365819 20.000000 24.531250 357 6458 3492
Ch1: 7.233987 14.848370 20.062000 24.437500 358 6450 3447
Ch1: 7.135648 14.503691 85.000000 24.468750 359 6462 3397
Ch1: 7.033257 14.917306 20.000000 24.437500 360 6452 3348
Ch1: 6.932441 14.136032 20.000000 24.468750 361 6456 3304
Ch1: 6.831583 13.745395 20.000000 24.531250 362 6460 3252
Ch1: 6.731964 14.365819 20.000000 24.437500 363 6451 3205
Ch1: 6.630287 15.905388 20.000000 24.437500 364 6456 3159
Ch1: 6.527372 13.630502 20.000000 24.468750 365 6449 3107
Ch1: 6.428067 13.377737 20.000000 24.562500 366 6459 3060
Ch1: 6.337096 13.538588 20.000000 24.531250 367 6455 3019
Ch1: 6.220033 13.400716 20.000000 24.437500 368 6456 2960
Ch1: 6.123520 13.193908 20.000000 24.562500 369 6459 2915
Ch1: 6.024656 12.665399 20.000000 24.468750 370 6461 2869
Ch1: 5.921741 13.239865 20.000000 24.531250 371 6454 2818
Ch1: 5.821513 13.998160 20.000000 24.437500 372 6449 2771
Ch1: 5.718577 13.561566 20.000000 24.593750 373 6457 2724
Ch1: 5.618390 13.906246 20.000000 24.562500 374 6448 2674
Ch1: 5.520744 13.285823 20.000000 24.562500 375 6451 2627
Ch1: 5.418018 14.296883 20.000000 24.593750 376 6460 2580
Ch1: 5.318062 14.227947 20.000000 24.593750 377 6452 2534
Ch1: 5.217792 12.826250 20.000000 24.500000 378 6449 2483
Ch1: 5.118697 13.837310 20.000000 24.500000 379 6462 2438
Ch1: 5.017230 13.561566 20.000000 24.500000 380 6449 2390
Ch1: 4.915994 13.377737 20.062000 24.500000 381 6455 2339
Ch1: 4.816354 13.929225 20.000000 24.531250 382 6447 2293
Ch1: 4.724522 14.365819 20.000000 24.500000 383 6448 2254
Ch1: 4.615456 13.837310 20.062000 24.531250 384 6437 2213
Ch1: 4.519552 13.653481 20.000000 24.562500 385 6460 2152
Ch1: 4.422115 13.101993 20.062000 24.656250 386 6440 2108
Ch1: 4.318676 13.515609 20.062000 24.625000 387 6455 2055
Ch1: 4.221743 13.561566 20.062000 24.656250 388 6452 2009
Ch1: 4.117421 13.469652 20.062000 24.656250 389 6444 1967
Ch1: 4.019187 14.273904 20.062000 24.593750 390 6448 1912
Ch1: 3.921058 14.710498 20.062000 24.656250 391 6456 1867
Ch1: 3.819738 14.457733 20.062000 24.562500 392 6444 1825
Ch1: 3.720853 13.791353 20.062000 24.687500 393 6450 1770
Ch1: 3.621653 13.860289 20.062000 24.593750 394 6450 1724
Ch1: 3.522999 14.480712 20.062000 24.687500 395 6452 1683
Ch1: 3.422477 14.733477 20.062000 24.593750 396 6449 1628
Ch1: 3.321997 14.894328 20.062000 24.593750 397 6458 1581
Ch1: 3.223637 14.641562 20.062000 24.593750 398 6452 1540
Ch1: 3.133987 13.906246 20.125000 24.625000 399 6449 1490
Ch1: 3.027840 13.630502 20.125000 24.593750 400 6450 1441
Ch1: 2.968081 13.929225 20.125000 24.687500 401 6458 1417
Ch1: 2.943249 14.044118 20.125000 24.593750 402 6460 1402
Ch1: 2.930718 14.227947 20.125000 24.562500 403 6459 1396
Ch1: 2.922427 15.514751 20.125000 24.593750 404 6452 1392
Ch1: 2.917851 14.664541 20.125000 24.687500 405 6455 1390
Ch1: 2.915122 15.170071 20.125000 24.593750 406 6460 1389
Ch1: 2.913233 15.514751 20.125000 24.625000 407 6454 1388
Ch1: 2.911344 15.445815 20.125000 24.656250 408 6458 1387
Ch1: 2.909875 14.273904 20.125000 24.593750 409 6449 1387
Ch1: 2.909266 14.480712 20.125000 24.593750 410 6449 1386
Ch1: 2.909245 16.433897 20.125000 24.531250 411 6455 1386
Ch1: 2.909245 13.952203 20.125000 24.656250 412 6452 1386
Ch1: 2.909350 14.227947 20.062000 24.656250 413 6453 1386
Ch1: 2.910483 14.756456 20.062000 24.562500 414 6461 1386
Ch1: 2.911344 15.905388 20.062000 24.562500 415 6451 1387
Ch1: 2.911743 15.009221 20.062000 24.562500 416 6456 1388
Ch1: 2.913422 15.009221 20.062000 24.562500 417 6451 1388
Ch1: 2.913506 14.710498 20.062000 24.562500 418 6461 1388
Ch1: 2.915374 14.963263 20.062000 24.625000 419 6458 1389
Ch1: 2.915668 14.021139 20.062000 24.593750 420 6459 1389
Ch1: 2.917620 14.181990 20.062000 24.656250 421 6454 1390
Ch1: 2.919572 14.342840 20.062000 24.562500 422 6458 1391
Ch1: 2.920202 14.457733 20.062000 24.531250 423 6451 1391
Ch1: 2.921860 15.399858 20.062000 24.625000 424 6461 1392
Ch1: 2.923833 14.572627 20.062000 24.625000 425 6456 1393
Ch1: 2.925932 13.607524 20.000000 24.531250 426 6451 1394
Ch1: 2.927108 13.607524 20.062000 24.562500 427 6448 1394
Ch1: 2.928262 14.802413 20.000000 24.531250 428 6454 1395
Ch1: 2.930214 14.159011 20.062000 24.593750 429 6459 1396
Ch1: 2.932292 13.906246 20.062000 24.500000 430 6450 1397
Ch1: 2.934328 13.860289 20.062000 24.500000 431 6456 1398
Ch1: 2.936385 14.595605 20.000000 24.500000 432 6452 1399
Ch1: 2.938212 13.975182 20.000000 24.562500 433 6454 1399
Ch1: 2.940311 13.975182 20.000000 24.500000 434 6459 1401
Ch1: 2.941885 13.791353 20.000000 24.562500 435 6454 1401
Ch1: 2.943270 13.975182 20.000000 24.593750 436 6449 1402
Ch1: 2.945537 13.699438 20.062000 24.500000 437 6452 1403
Ch1: 2.947468 14.434755 20.000000 24.593750 438 6458 1404
Ch1: 2.949525 14.090075 20.000000 24.500000 439 6458 1405
Ch1: 2.951708 13.768374 20.062000 24.562500 440 6450 1406
Ch1: 2.953576 13.906246 20.000000 24.500000 441 6459 1407
Ch1: 2.955717 14.618584 20.000000 24.437500 442 6449 1408
Ch1: 2.958278 13.906246 20.062000 24.531250 443 6451 1409
Ch1: 2.960734 14.296883 20.062000 24.437500 444 6454 1411
Ch1: 2.963085 13.906246 20.062000 24.468750 445 6460 1412
Ch1: 2.965058 14.181990 20.000000 24.468750 446 6451 1413
Ch1: 2.967220 15.009221 20.062000 24.468750 447 6453 1414
Ch1: 2.969907 14.503691 20.000000 24.468750 448 6457 1415
Ch1: 2.972048 13.722417 20.000000 24.531250 449 6448 1416
Ch1: 2.974147 14.802413 20.000000 24.468750 450 6450 1416
Ch1: 2.976267 13.538588 20.000000 24.562500 451 6460 1418
Ch1: 2.978450 13.860289 20.000000 24.500000 452 6459 1419
Ch1: 2.980549 12.964122 20.062000 24.468750 453 6435 1420
Ch1: 2.982816 13.561566 20.062000 24.468750 454 6457 1421
Ch1: 2.985209 13.630502 20.000000 24.531250 455 6461 1423
Ch1: 2.987665 12.734335 20.000000 24.562500 456 6444 1423
Ch1: 2.990582 13.147951 20.000000 24.500000 457 6451 1424
Ch1: 2.992891 13.285823 20.000000 24.500000 458 6459 1426
Ch1: 2.995074 14.204968 20.000000 24.500000 459 6446 1426
Ch1: 2.997257 13.101993 20.062000 24.593750 460 6451 1428
Ch1: 2.999398 13.285823 20.062000 24.500000 461 6460 1429
Ch1: 3.001980 14.113054 20.000000 24.562500 462 6446 1430
Ch1: 3.003953 13.722417 20.000000 24.593750 463 6456 1431
Ch1: 3.007458 13.010079 20.000000 24.500000 464 6460 1433
Ch1: 3.009788 13.010079 20.000000 24.593750 465 6447 1434
Ch1: 3.011887 12.504549 20.000000 24.531250 466 6448 1435
Ch1: 3.014154 12.596463 20.000000 24.500000 467 6457 1436
Ch1: 3.016337 13.653481 20.000000 24.562500 468 6456 1437
Ch1: 3.019633 11.677318 20.062000 24.562500 469 6451 1438
Ch1: 3.022277 11.815189 20.000000 24.625000 470 6460 1439
Ch1: 3.024523 12.366677 20.062000 24.531250 471 6450 1441
Ch1: 3.026706 13.860289 20.000000 24.656250 472 6451 1442
Ch1: 3.028952 13.423694 20.000000 24.562500 473 6456 1443
Ch1: 3.032542 12.987100 20.062000 24.593750 474 6457 1445
Ch1: 3.034997 13.010079 20.062000 24.593750 475 6455 1446
Ch1: 3.037138 14.273904 20.062000 24.562500 476 6451 1447
Ch1: 3.039321 13.515609 20.062000 24.687500 477 6448 1448
Ch1: 3.041903 12.205826 20.062000 24.593750 478 6457 1449
Ch1: 3.044296 12.504549 20.062000 24.625000 479 6450 1450
Ch1: 3.047613 13.124972 20.062000 24.593750 480 6446 1452
Ch1: 3.049733 12.826250 20.062000 24.625000 481 6452 1453
Ch1: 3.051874 14.113054 20.062000 24.625000 482 6458 1454
Ch1: 3.054497 13.722417 20.062000 24.593750 483 6450 1456
Ch1: 3.057415 13.354758 20.062000 24.625000 484 6448 1457
Ch1: 3.060144 13.837310 20.062000 24.625000 485 6454 1458
Ch1: 3.062327 13.676459 20.062000 24.656250 486 6452 1459
Ch1: 3.064447 12.573485 20.062000 24.625000 487 6461 1460
Ch1: 3.066861 12.205826 20.062000 24.625000 488 6448 1461
Ch1: 3.069799 13.101993 20.062000 24.593750 489 6457 1463
Ch1: 3.072822 13.423694 20.125000 24.562500 490 6450 1464
Ch1: 3.074942 12.136890 20.125000 24.625000 491 6460 1465
Ch1: 3.077125 12.895186 20.125000 24.625000 492 6459 1466
Ch1: 3.079854 13.630502 20.125000 24.625000 493 6450 1467
Ch1: 3.082729 13.929225 20.125000 24.718750 494 6460 1469
Ch1: 3.085059 13.193908 20.125000 24.625000 495 6455 1470
Ch1: 3.087557 12.918164 20.125000 24.656250 496 6451 1470
Ch1: 3.089656 13.101993 20.062000 24.625000 497 6447 1472
Ch1: 3.092175 12.619442 20.125000 24.625000 498 6451 1474
Ch1: 3.095491 12.159869 20.125000 24.625000 499 6440 1474
Ch1: 3.097926 12.481570 20.125000 24.593750 500 6449 1476
Ch1: 3.100130 12.435613 20.125000 24.625000 501 6453 1477
Ch1: 3.102292 11.953061 20.062000 24.593750 502 6444 1478
Ch1: 3.104748 13.607524 20.062000 24.562500 503 6450 1479
Ch1: 3.108232 13.653481 20.062000 24.593750 504 6453 1481
Ch1: 3.110562 12.642421 20.062000 24.593750 505 6454 1482
Ch1: 3.112745 13.561566 20.062000 24.656250 506 6459 1483
Ch1: 3.115075 13.124972 20.062000 24.562500 507 6456 1484
Ch1: 3.117951 12.205826 20.062000 24.562500 508 6452 1485
Ch1: 3.120785 11.148809 20.062000 24.562500 509 6448 1487
Ch1: 3.123198 11.562424 20.062000 24.562500 510 6452 1488
Ch1: 3.125255 11.033916 20.062000 24.593750 511 6448 1489
Ch1: 3.127585 11.401574 20.062000 24.593750 512 6453 1490
Ch1: 3.130839 11.493488 20.062000 24.593750 513 6455 1492
Ch1: 3.133631 12.711356 20.062000 24.593750 514 6447 1493
Ch1: 3.135793 12.228805 20.062000 24.562500 515 6457 1494
Ch1: 3.137913 12.136890 20.062000 24.531250 516 6449 1495
Ch1: 3.140767 12.067954 20.000000 24.625000 517 6449 1497
Ch1: 3.143664 11.792211 20.062000 24.531250 518 6457 1498
Ch1: 3.146204 11.171787 20.062000 24.562500 519 6449 1499
Ch1: 3.148387 11.746253 20.000000 24.531250 520 6460 1500
Ch1: 3.150633 12.320720 20.062000 24.625000 521 6456 1501
Ch1: 3.154033 11.953061 20.062000 24.500000 522 6453 1503
Ch1: 3.156657 11.608382 20.062000 24.625000 523 6456 1504
Ch1: 3.158903 10.942001 20.062000 24.593750 524 6459 1505
Ch1: 3.161107 10.298599 20.062000 24.531250 525 6453 1506
Ch1: 3.163689 10.942001 20.062000 24.625000 526 6457 1507
Ch1: 3.167005 11.930083 20.062000 24.500000 527 6452 1508
Ch1: 3.169356 11.677318 20.000000 24.500000 528 6457 1510
Ch1: 3.171560 11.102852 20.000000 24.562500 529 6451 1511
Ch1: 3.174058 10.850086 20.062000 24.562500 530 6457 1512
Ch1: 3.177017 10.873065 20.062000 24.593750 531 6447 1514
Ch1: 3.179809 10.758172 20.062000 24.468750 532 6456 1515
Ch1: 3.182013 11.447531 20.000000 24.500000 533 6433 1515
Ch1: 3.184406 11.355617 20.062000 24.562500 534 6459 1517
Ch1: 3.187827 11.447531 20.062000 24.562500 535 6455 1519
Ch1: 3.190304 11.884125 20.062000 24.500000 536 6455 1519
Ch1: 3.192382 8.850945 20.000000 24.562500 537 6456 1521
Ch1: 3.195027 11.355617 20.000000 24.562500 538 6458 1522
Ch1: 3.198154 10.964980 20.062000 24.468750 539 6447 1523
Ch1: 3.200862 10.551364 20.062000 24.562500 540 6449 1525
Ch1: 3.203045 10.298599 20.000000 24.562500 541 6448 1526
Ch1: 3.206278 10.781151 20.000000 24.500000 542 6458 1528
Ch1: 3.208838 10.068813 20.000000 24.500000 543 6457 1529
Ch1: 3.211336 10.252642 20.000000 24.468750 544 6447 1530
Ch1: 3.213540 9.609240 20.000000 24.562500 545 6448 1531
Ch1: 3.217046 10.298599 20.000000 24.593750 546 6455 1533
Ch1: 3.219627 10.183706 20.000000 24.562500 547 6457 1534
Ch1: 3.221831 10.873065 20.000000 24.593750 548 6450 1535
Ch1: 3.224287 10.413492 20.000000 24.500000 549 6459 1536
Ch1: 3.227940 9.724133 20.000000 24.625000 550 6449 1538
Ch1: 3.230228 9.586261 20.000000 24.500000 551 6454 1539
Ch1: 3.232432 8.850945 20.000000 24.625000 552 6457 1540
Ch1: 3.235790 10.643279 20.062000 24.531250 553 6447 1542
Ch1: 3.238624 10.114770 20.000000 24.562500 554 6448 1543
Ch1: 3.240765 8.965838 20.000000 24.531250 555 6450 1544
Ch1: 3.243661 9.701154 20.000000 24.562500 556 6458 1545
Ch1: 3.246936 9.930941 20.000000 24.625000 557 6458 1547
Ch1: 3.249140 10.091791 20.062000 24.593750 558 6459 1548
Ch1: 3.251323 9.632218 20.000000 24.562500 559 6447 1549
Ch1: 3.255080 8.276478 20.000000 24.562500 560 6445 1551
Ch1: 3.257557 8.575201 20.062000 24.562500 561 6448 1552
Ch1: 3.259887 9.172646 20.062000 24.593750 562 6447 1553
Ch1: 3.263140 10.206684 20.000000 24.593750 563 6458 1555
Ch1: 3.265911 9.839026 20.062000 24.593750 564 6456 1556
Ch1: 3.268136 9.241581 20.062000 24.625000 565 6449 1557
Ch1: 3.271452 9.103710 20.062000 24.687500 566 6456 1559
Ch1: 3.274202 9.747112 20.062000 24.625000 567 6439 1559
Ch1: 3.276406 8.804987 20.062000 24.593750 568 6456 1561
Ch1: 3.279072 9.517325 20.062000 24.625000 569 6457 1563
Ch1: 3.282472 8.759030 20.062000 24.687500 570 6441 1563
Ch1: 3.284781 8.896902 20.062000 24.625000 571 6449 1565
Ch1: 3.287048 8.391372 20.062000 24.593750 572 6457 1566
Ch1: 3.290679 9.034774 20.125000 24.625000 573 6450 1567
Ch1: 3.293177 8.414350 20.062000 24.625000 574 6451 1569
Ch1: 3.294982 5.243298 20.125000 24.718750 575 6442 1570
Ch1: 3.298362 8.322436 20.125000 24.625000 576 6451 1571
Ch1: 3.301489 8.896902 20.125000 24.625000 577 6453 1573
Ch1: 3.303693 9.310517 20.125000 24.625000 578 6459 1574
Ch1: 3.306296 9.195624 20.125000 24.625000 579 6446 1575
Ch1: 3.309529 7.587119 20.125000 24.625000 580 6458 1577
Ch1: 3.312047 9.999877 20.125000 24.593750 581 6459 1578
Ch1: 3.314314 9.586261 20.125000 24.625000 582 6447 1579
Ch1: 3.317043 8.069671 20.125000 24.593750 583 6446 1580
Ch1: 3.320465 8.896902 20.062000 24.625000 584 6459 1582
Ch1: 3.322668 9.448389 20.062000 24.593750 585 6446 1583
Ch1: 3.324893 8.621158 20.062000 24.593750 586 6459 1584
Ch1: 3.328399 9.103710 20.125000 24.687500 587 6455 1585
Ch1: 3.330918 9.379453 20.062000 24.625000 588 6460 1587
Ch1: 3.333101 10.275620 20.062000 24.593750 589 6458 1588
Ch1: 3.335724 8.804987 20.062000 24.656250 590 6459 1589
Ch1: 3.338894 8.644137 20.062000 24.593750 591 6457 1591
Ch1: 3.341518 7.793927 20.062000 24.593750 592 6449 1592
Ch1: 3.344225 8.575201 20.062000 24.562500 593 6458 1593
Ch1: 3.347521 9.172646 20.062000 24.687500 594 6457 1595
Ch1: 3.349872 8.391372 20.062000 24.593750 595 6451 1596
Ch1: 3.352013 9.402432 20.062000 24.562500 596 6457 1597
Ch1: 3.355119 8.529244 20.062000 24.562500 597 6446 1599
Ch1: 3.358226 8.621158 20.062000 24.593750 598 6455 1600
Ch1: 3.360367 7.724991 20.062000 24.562500 599 6455 1601
Ch1: 3.362487 3.083305 20.062000 24.562500 600 6447 1603
