Ch1: 8.754393 -1.742210 20.000000 24.156250 347 6451 4137
Ch1: 8.756912 5.610956 20.000000 24.156250 346 6454 4179
Ch1: 8.855146 8.827966 20.000000 24.187500 345 6457 4225
Ch1: 8.956319 9.517325 20.000000 24.093750 344 6454 4273
Ch1: 9.063369 10.896044 20.062000 24.156250 343 6436 4349
Ch1: 9.259417 -25.639998 20.000000 24.156250 342 6428 4424
Ch1: 9.304546 -9.784734 20.062000 24.125000 341 6447 4440
Ch1: 9.401731 -13.691104 20.062000 24.156250 340 6443 4489
Ch1: 9.490940 4.691810 20.062000 24.156250 339 6448 4549
Ch1: 9.630944 -13.001744 20.062000 24.125000 338 6440 4588
Ch1: 9.681951 -8.865589 20.000000 24.062500 337 6446 4615
Ch1: 9.768430 9.976898 20.000000 24.156250 336 6452 4664
Ch1: 9.902768 -15.299609 85.000000 24.187500 335 6442 4742
Ch1: 10.024511 -21.963415 20.062000 24.187500 334 6435 4784
Ch1: 10.124844 -7.027297 20.000000 24.156250 333 6451 4813
Ch1: 10.198730 -12.312385 20.062000 24.093750 332 6444 4879
Ch1: 10.312917 -7.716657 20.062000 24.156250 331 6436 4944
Ch1: 10.411781 -6.797511 20.062000 24.187500 330 6450 4972
Ch1: 10.506447 2.623732 20.062000 24.187500 329 6452 5013
Ch1: 10.578653 9.747112 20.062000 24.125000 328 6455 5047
Ch1: 10.682555 -3.810287 20.062000 24.093750 327 6439 5102
Ch1: 10.777850 -4.269860 20.062000 24.062500 326 6446 5142
Ch1: 10.880073 -8.406016 20.062000 24.093750 325 6445 5190
Ch1: 10.981036 -2.201782 20.062000 24.156250 324 6449 5239
Ch1: 11.082418 -1.052850 20.062000 24.187500 323 6451 5287
Ch1: 11.202902 -0.593277 20.062000 24.156250 322 6456 5336
Ch1: 11.284764 6.989675 20.062000 24.093750 321 6456 5383
Ch1: 11.383418 8.598179 20.062000 24.125000 320 6455 5432
Ch1: 11.491728 10.206684 20.062000 24.156250 319 6454 5490
Ch1: 11.588073 13.423694 20.062000 24.187500 318 6456 5530
Ch1: 11.686517 16.870491 20.000000 24.156250 317 6456 5576
Ch1: 11.788320 15.032199 20.062000 24.125000 316 6452 5624
Ch1: 11.890962 9.057752 20.062000 24.093750 315 6449 5673
Ch1: 11.991085 4.232237 20.062000 24.156250 314 6447 5720
Ch1: 12.091209 0.555655 20.062000 24.156250 313 6444 5768
Ch1: 12.191752 -2.431569 20.062000 24.187500 312 6447 5816
Ch1: 12.293554 -1.512423 20.062000 24.156250 311 6448 5864
Ch1: 12.393468 -0.133705 20.062000 24.062500 310 6447 5913
Ch1: 12.510803 -8.635802 20.062000 24.187500 309 6447 5973
Ch1: 12.598962 2.623732 20.062000 24.062500 308 6452 6015
Ch1: 12.699715 12.504549 20.062000 24.156250 307 6456 6061
Ch1: 12.802357 15.032199 20.062000 24.218750 306 6455 6108
Ch1: 12.902691 -2.201782 20.062000 24.125000 305 6450 6154
Ch1: 12.998406 -0.593277 20.062000 24.156250 304 6451 6199
Ch1: 13.107135 7.908820 20.062000 24.031250 303 6453 6253
Ch1: 13.203481 5.610956 20.062000 24.156250 302 6452 6297
Ch1: 13.302554 15.261986 20.062000 24.187500 301 6457 6345
Ch1: 13.405616 15.032199 20.062000 24.187500 300 6457 6394
Ch1: 13.507419 12.964122 20.000000 24.187500 299 6451 6443
Ch1: 13.609222 9.747112 20.062000 24.187500 298 6449 6490
Ch1: 13.710185 8.827966 20.062000 24.093750 297 6442 6545
Ch1: 13.812197 0.325868 20.062000 24.093750 296 6447 6591
Ch1: 13.911691 -0.823064 20.062000 24.156250 295 6448 6636
Ch1: 14.011814 -6.108152 20.062000 24.093750 294 6447 6688
Ch1: 14.113617 -3.810287 20.062000 24.156250 293 6448 6734
Ch1: 14.216889 1.015227 20.062000 24.187500 292 6446 6782
Ch1: 14.316172 6.759888 20.062000 24.218750 291 6448 6828
Ch1: 14.418185 -0.133705 20.062000 24.125000 290 6448 6877
Ch1: 14.517888 -0.823064 20.062000 24.187500 289 6445 6924
Ch1: 14.612554 -4.040074 20.062000 24.125000 288 6448 6969
Ch1: 14.722963 -3.350715 20.062000 24.187500 287 6449 7022
Ch1: 14.818468 1.474800 20.062000 24.187500 286 6453 7066
Ch1: 14.917542 5.840742 20.062000 24.156250 285 6455 7114
Ch1: 15.020604 4.002451 20.062000 24.187500 284 6453 7163
Ch1: 15.125345 9.747112 20.062000 24.031250 283 6453 7221
Ch1: 15.225469 12.044976 20.062000 24.156250 282 6456 7263
Ch1: 15.326222 17.559850 20.062000 24.187500 281 6457 7310
Ch1: 15.426975 18.019423 20.062000 24.093750 280 6454 7357
Ch1: 15.529617 12.504549 20.062000 24.093750 279 6452 7406
Ch1: 15.627851 14.802413 20.000000 24.125000 278 6455 7452
Ch1: 15.731333 0.785441 20.062000 24.062500 277 6455 7505
Ch1: 15.831457 9.287539 20.062000 24.187500 276 6449 7549
Ch1: 15.933259 4.232237 20.062000 24.187500 275 6447 7598
Ch1: 16.035062 3.083305 20.062000 24.156250 274 6443 7648
Ch1: 16.136025 -0.823064 20.062000 24.125000 273 6446 7696
Ch1: 16.232580 1.015227 20.062000 24.187500 272 6447 7746
Ch1: 16.341519 17.330064 20.062000 24.187500 271 6456 7797
Ch1: 16.438284 15.951345 20.062000 24.062500 270 6455 7839
Ch1: 16.538827 14.342840 20.062000 24.187500 269 6453 7887
Ch1: 16.639580 13.423694 20.000000 24.156250 268 6454 7935
Ch1: 16.742012 17.559850 20.062000 24.125000 267 6454 7984
Ch1: 16.842975 10.206684 20.062000 24.093750 266 6450 8031
Ch1: 16.943099 8.598179 20.062000 24.093750 265 6450 8080
Ch1: 17.042173 9.287539 20.062000 24.062500 264 6450 8127
Ch1: 17.145235 6.530102 20.062000 24.156250 263 6448 8175
Ch1: 17.244728 -6.108152 20.062000 24.156250 262 6447 8222
Ch1: 17.346531 -5.189006 20.062000 24.187500 261 6439 8277
Ch1: 17.450642 -2.431569 20.062000 24.156250 260 6447 8324
Ch1: 17.550976 -0.133705 20.062000 24.187500 259 6450 8370
Ch1: 17.653618 9.287539 20.062000 24.156250 258 6457 8418
Ch1: 17.752062 15.721559 20.062000 24.187500 257 6456 8464
Ch1: 17.847987 15.951345 20.062000 24.093750 256 6456 8510
Ch1: 17.959655 14.342840 20.062000 24.156250 255 6453 8564
Ch1: 18.055581 15.721559 20.062000 24.125000 254 6452 8608
Ch1: 18.154235 13.423694 20.062000 24.125000 253 6452 8656
Ch1: 18.258766 5.151383 20.062000 24.187500 252 6445 8706
Ch1: 18.361198 4.462024 20.062000 24.125000 251 6447 8754
Ch1: 18.460902 9.057752 20.062000 24.187500 250 6445 8805
Ch1: 18.561865 -2.661355 20.062000 24.093750 249 6445 8855
Ch1: 18.662198 -4.959220 20.062000 24.156250 248 6446 8900
Ch1: 18.764211 -6.337938 20.062000 24.187500 247 6447 8947
Ch1: 18.862865 -3.580501 20.062000 24.093750 246 6448 8994
Ch1: 18.962778 -1.052850 20.062000 24.187500 245 6452 9041
Ch1: 19.065210 -0.133705 20.062000 24.093750 244 6453 9090
Ch1: 19.166383 6.759888 20.062000 24.187500 243 6454 9138
Ch1: 19.269865 4.921597 20.062000 24.093750 242 6454 9188
Ch1: 19.368099 9.747112 20.062000 24.062500 241 6456 9234
Ch1: 19.463815 15.032199 20.062000 24.156250 240 6455 9280
Ch1: 19.577792 12.274762 20.062000 24.187500 239 6455 9337
Ch1: 19.675816 -6.567725 20.062000 24.187500 238 6446 9385
Ch1: 19.774680 -6.337938 20.062000 24.125000 237 6445 9430
Ch1: 19.876902 -3.580501 20.062000 24.062500 236 6448 9478
Ch1: 19.979335 -3.120928 20.062000 24.156250 235 6448 9526
Ch1: 20.077989 0.555655 20.062000 24.187500 234 6452 9572
Ch1: 20.179581 4.921597 20.062000 24.187500 233 6452 9622
Ch1: 20.276766 10.206684 20.062000 24.093750 232 6456 9667
Ch1: 20.380248 13.883267 20.062000 24.125000 231 6456 9716
Ch1: 20.479322 13.883267 20.062000 24.062500 230 6456 9763
Ch1: 20.579865 15.721559 20.062000 24.156250 229 6453 9812
Ch1: 20.682717 12.044976 20.062000 24.187500 228 6450 9861
Ch1: 20.784520 3.772665 20.062000 24.156250 227 6444 9914
Ch1: 20.886112 3.083305 20.062000 24.093750 226 6449 9959
Ch1: 20.986026 -0.133705 20.062000 24.156250 225 6445 10006
Ch1: 21.081321 -3.120928 20.062000 24.187500 224 6445 10050
Ch1: 21.191940 -5.878365 20.062000 24.218750 223 6445 10104
Ch1: 21.288285 -4.040074 20.062000 24.218750 222 6447 10148
Ch1: 21.385680 -0.363491 20.062000 24.218750 221 6452 10195
Ch1: 21.488322 -0.823064 20.062000 24.093750 220 6453 10244
Ch1: 21.591384 9.287539 20.062000 24.125000 219 6456 10293
Ch1: 21.690458 8.598179 20.062000 24.187500 218 6454 10340
Ch1: 21.791631 14.342840 20.062000 24.156250 217 6456 10389
Ch1: 21.891334 14.113054 20.062000 24.187500 216 6446 10441
Ch1: 21.993976 15.491772 20.062000 24.125000 215 6453 10488
Ch1: 22.092001 -0.363491 20.062000 24.062500 214 6448 10533
Ch1: 22.192754 5.610956 20.062000 24.218750 213 6455 10581
Ch1: 22.294347 8.598179 20.062000 24.062500 212 6456 10628
Ch1: 22.394680 16.410918 20.062000 24.156250 211 6456 10676
Ch1: 22.497532 17.559850 20.062000 24.218750 210 6456 10725
Ch1: 22.597026 14.572627 20.062000 24.250000 209 6455 10772
Ch1: 22.691062 16.870491 20.062000 24.187500 208 6453 10817
Ch1: 22.809027 -6.797511 20.062000 24.125000 207 6443 10881
Ch1: 22.919435 -2.661355 20.062000 24.125000 206 6451 10925
Ch1: 23.005915 3.313092 20.062000 24.156250 205 6449 10969
Ch1: 23.102680 8.598179 20.062000 24.062500 204 6455 11016
Ch1: 23.205742 15.491772 20.062000 24.156250 203 6457 11065
Ch1: 23.304396 16.410918 20.062000 24.156250 202 6454 11110
Ch1: 23.405569 12.504549 20.062000 24.187500 201 6450 11158
Ch1: 23.503593 11.585403 20.062000 24.187500 200 6450 11204
Ch1: 23.605606 8.598179 20.062000 24.156250 199 6448 11253
Ch1: 23.704680 -0.133705 20.062000 24.093750 198 6447 11300
Ch1: 23.803754 -1.742210 20.062000 24.062500 197 6445 11347
Ch1: 23.906186 2.164160 20.062000 24.156250 196 6447 11396
Ch1: 24.006519 -4.959220 20.062000 24.218750 195 6449 11444
Ch1: 24.108741 -7.257084 20.062000 24.218750 194 6437 11497
Ch1: 24.208235 1.474800 20.062000 24.156250 193 6452 11543
Ch1: 24.304370 1.934373 20.062000 24.187500 192 6451 11587
Ch1: 24.409531 10.666257 20.062000 24.218750 191 6456 11637
Ch1: 24.504197 15.032199 20.062000 24.093750 190 6455 11681
Ch1: 24.602222 16.870491 20.062000 24.187500 189 6454 11727
Ch1: 24.704444 17.100277 20.062000 24.187500 188 6458 11777
Ch1: 24.806876 14.342840 20.062000 24.093750 187 6450 11825
Ch1: 24.905111 11.355617 20.062000 24.156250 186 6450 11872
Ch1: 25.005444 7.679034 20.062000 24.156250 185 6448 11920
Ch1: 25.103468 2.164160 20.062000 24.156250 184 6447 11966
Ch1: 25.205481 -1.742210 20.062000 24.218750 183 6446 12018
Ch1: 25.304974 -3.120928 20.062000 24.187500 182 6446 12065
Ch1: 25.404888 -4.269860 20.062000 24.156250 181 6447 12112
Ch1: 25.503752 7.219461 20.062000 24.093750 180 6456 12158
Ch1: 25.598208 18.478996 20.062000 24.125000 179 6459 12202
Ch1: 25.693503 32.266181 20.062000 24.187500 178 6468 12247
Ch1: 25.784811 46.972512 20.062000 24.125000 177 6472 12290
Ch1: 25.871291 62.597989 20.062000 24.218750 176 6477 12331
Ch1: 25.968895 82.129835 20.062000 24.125000 175 6486 12378
Ch1: 26.053906 102.121254 20.062000 24.093750 174 6494 12418
Ch1: 26.139546 121.653100 20.062000 24.156250 173 6499 12459
Ch1: 26.228334 144.631743 20.062000 24.218750 172 6511 12502
Ch1: 26.316703 165.312521 20.062000 24.093750 171 6522 12546
Ch1: 26.399615 186.912445 20.062000 24.218750 170 6530 12584
Ch1: 26.483365 215.635748 20.062000 24.093750 169 6540 12623
Ch1: 26.564598 239.303749 20.062000 24.218750 168 6552 12662
Ch1: 26.648139 266.188761 20.062000 24.187500 167 6563 12701
Ch1: 26.727062 297.669501 20.062000 24.250000 166 6579 12739
Ch1: 26.805985 332.367251 20.062000 24.125000 165 6592 12776
Ch1: 26.887217 363.388419 20.062000 24.125000 164 6609 12815
Ch1: 26.965511 401.073392 20.062000 24.062500 163 6627 12852
Ch1: 27.044224 443.124308 20.062000 24.218750 162 6647 12890
Ch1: 27.121468 480.349709 20.062000 24.125000 161 6662 12926
Ch1: 27.193045 526.306993 20.062000 24.218750 160 6680 12962
Ch1: 27.278055 578.238725 20.062000 24.187500 159 6708 13003
Ch1: 27.351101 624.885369 20.062000 24.218750 158 6725 13036
Ch1: 27.422048 675.897956 20.062000 24.156250 157 6747 13069
Ch1: 27.496983 722.544600 20.062000 24.093750 156 6769 13105
Ch1: 27.571709 775.625264 20.062000 24.125000 155 6787 13141
Ch1: 27.640557 821.812335 20.062000 24.156250 154 6809 13173
Ch1: 27.711084 854.212221 20.062000 24.125000 153 6828 13206
Ch1: 27.780142 910.280108 20.062000 24.156250 152 6850 13240
Ch1: 27.850249 966.577782 20.062000 24.250000 151 6874 13273
Ch1: 27.917627 1023.564816 20.062000 24.187500 150 6902 13304
Ch1: 27.985846 1074.577402 20.062000 24.125000 149 6912 13341
Ch1: 28.053644 1152.015427 20.062000 24.250000 148 6953 13373
Ch1: 28.119973 1205.325877 20.062000 24.250000 147 6975 13400
Ch1: 28.187142 1266.219280 20.062000 24.093750 146 7007 13434
Ch1: 28.251372 1322.976526 20.062000 24.093750 145 7029 13465
Ch1: 28.311824 1383.180570 20.062000 24.125000 144 7055 13492
Ch1: 28.380672 1450.278205 20.062000 24.218750 143 7084 13526
Ch1: 28.440284 1514.848191 20.062000 24.093750 142 7114 13552
Ch1: 28.502205 1583.554332 20.062000 24.187500 141 7146 13584
Ch1: 28.564966 1656.396628 20.062000 24.093750 140 7181 13610
Ch1: 28.629616 1735.672944 20.062000 24.218750 139 7217 13645
Ch1: 28.687549 1805.068445 20.062000 24.218750 138 7231 13672
Ch1: 28.747791 1884.344761 20.062000 24.156250 137 7271 13702
Ch1: 28.804674 1936.276493 20.062000 24.218750 136 7298 13727
Ch1: 28.864916 2016.701741 20.062000 24.187500 135 7335 13757
Ch1: 28.920330 2101.033359 20.062000 24.187500 134 7372 13781
Ch1: 28.977634 2182.837326 20.062000 24.156250 133 7403 13810
Ch1: 29.035987 2266.249798 20.062000 24.218750 132 7444 13838
Ch1: 29.092450 2342.538891 20.062000 24.250000 131 7473 13864
Ch1: 29.149124 2437.900257 20.062000 24.156250 130 7514 13892
Ch1: 29.202859 2507.525544 20.062000 24.218750 129 7546 13917
Ch1: 29.255334 2577.610403 20.062000 24.093750 128 7575 13940
Ch1: 29.310959 2667.916468 20.062000 24.218750 127 7604 13971
Ch1: 29.362385 2759.371465 20.062000 24.218750 126 7663 13991
Ch1: 29.414650 2840.256286 20.062000 24.187500 125 7694 14018
Ch1: 29.466916 2930.792137 20.062000 24.218750 124 7731 14044
Ch1: 29.517922 3022.247134 20.062000 24.250000 123 7771 14066
Ch1: 29.568089 3115.770209 20.062000 24.250000 122 7816 14089
Ch1: 29.616576 3205.157128 20.062000 24.218750 121 7856 14112
Ch1: 29.664644 3299.829135 20.062000 24.250000 120 7892 14135
Ch1: 29.716490 3389.216054 20.062000 24.093750 119 7931 14161
Ch1: 29.763928 3486.415711 20.062000 24.250000 118 7975 14183
Ch1: 29.811365 3598.091913 20.062000 24.187500 117 8022 14206
Ch1: 29.859643 3698.968154 20.062000 24.218750 116 8057 14229
Ch1: 29.906031 3796.627384 20.062000 24.156250 115 8102 14253
Ch1: 29.953050 3877.512205 20.062000 24.156250 114 8149 14273
Ch1: 29.999228 3974.022503 20.062000 24.156250 113 8190 14296
Ch1: 30.038480 4075.588103 20.062000 24.250000 112 8231 14313
Ch1: 30.087387 4186.804732 20.062000 24.156250 111 8273 14338
Ch1: 30.129577 4280.787380 20.062000 24.218750 110 8325 14359
Ch1: 30.169459 4397.059311 20.062000 24.187500 109 8370 14376
Ch1: 30.213748 4515.399319 20.062000 24.125000 108 8424 14395
Ch1: 30.256358 4627.994667 20.062000 24.187500 107 8465 14418
Ch1: 30.296030 4733.466636 20.062000 24.250000 106 8513 14436
Ch1: 30.339270 4835.951381 20.062000 24.250000 105 8553 14457
Ch1: 30.379151 4951.074380 20.062000 24.250000 104 8610 14475
Ch1: 30.423440 5058.384640 20.062000 24.156250 103 8661 14496
Ch1: 30.459124 5168.911910 20.062000 24.250000 102 8704 14513
Ch1: 30.500475 5286.332773 20.062000 24.281250 101 8756 14530
Ch1: 30.538047 5396.170683 20.062000 24.218750 100 8800 14549
Ch1: 30.577089 5502.561798 20.062000 24.218750 99 8848 14570
Ch1: 30.616760 5621.131593 20.062000 24.250000 98 8898 14590
Ch1: 30.652654 5734.186514 20.062000 24.218750 97 8950 14603
Ch1: 30.687917 5828.628734 20.062000 24.187500 96 8992 14620
Ch1: 30.726959 5967.879307 20.062000 24.156250 95 9054 14642
Ch1: 30.760753 6074.040635 20.062000 24.125000 94 9089 14660
Ch1: 30.797906 6190.082779 20.062000 24.250000 93 9156 14674
Ch1: 30.835269 6311.410011 20.062000 24.218750 92 9203 14693
Ch1: 30.868013 6447.213788 20.062000 24.250000 91 9271 14708
Ch1: 30.904326 6565.783583 20.062000 24.250000 90 9318 14723
Ch1: 30.935392 6694.693767 20.062000 24.093750 89 9371 14740
Ch1: 30.968976 6817.629504 20.062000 24.187500 88 9429 14753
Ch1: 31.004030 6941.254600 20.062000 24.250000 87 9473 14773
Ch1: 31.034046 7064.420124 20.062000 24.250000 86 9532 14789
Ch1: 31.067420 7190.572871 20.062000 24.250000 85 9588 14803
Ch1: 31.099116 7318.793695 20.062000 24.250000 84 9637 14821
Ch1: 31.131021 7444.486870 20.062000 24.187500 83 9689 14838
Ch1: 31.164395 7574.775772 20.062000 24.250000 82 9761 14849
Ch1: 31.195881 7698.400868 20.062000 24.187500 81 9799 14867
Ch1: 31.221489 7821.106819 20.062000 24.187500 80 9862 14876
Ch1: 31.254653 7958.059528 20.062000 24.250000 79 9925 14892
Ch1: 31.283620 8080.535692 20.062000 24.187500 78 9974 14903
Ch1: 31.313846 8209.216090 20.062000 24.281250 77 10029 14921
Ch1: 31.343022 8333.070972 20.062000 24.156250 76 10086 14936
Ch1: 31.371569 8467.036458 20.062000 24.250000 75 10143 14947
Ch1: 31.399906 8598.933865 20.062000 24.218750 74 10202 14964
Ch1: 31.428452 8723.478107 20.062000 24.218750 73 10256 14976
Ch1: 31.453431 8857.903165 20.062000 24.250000 72 10318 14984
Ch1: 31.483447 8997.153738 20.062000 24.218750 71 10367 15002
Ch1: 31.508635 9135.025593 20.062000 24.218750 70 10436 15014
Ch1: 31.537392 9270.829370 20.062000 24.250000 69 10491 15024
Ch1: 31.561111 9410.999089 20.062000 24.218750 68 10549 15039
Ch1: 31.585879 9549.560302 20.062000 24.250000 67 10607 15052
Ch1: 31.612747 9679.849205 20.125000 24.218750 66 10669 15064
Ch1: 31.640244 9819.329565 20.062000 24.250000 65 10723 15078
Ch1: 31.662703 9940.886583 20.062000 24.250000 64 10785 15086
Ch1: 31.690830 10097.830711 20.062000 24.187500 63 10849 15100
Ch1: 31.715599 10226.740895 20.062000 24.281250 62 10904 15111
Ch1: 31.735749 10359.097875 20.062000 24.250000 61 10967 15119
Ch1: 31.763037 10494.442079 20.062000 24.250000 60 11002 15139
Ch1: 31.785496 10642.654323 20.062000 24.250000 59 11089 15143
Ch1: 31.809635 10776.390022 20.125000 24.281250 58 11148 15153
Ch1: 31.830835 10913.802303 20.062000 24.156250 57 11208 15164
Ch1: 31.855813 11053.052877 20.062000 24.281250 56 11267 15178
Ch1: 31.876174 11193.682168 20.062000 24.250000 55 11331 15186
Ch1: 31.896744 11329.485945 20.062000 24.281250 54 11395 15196
Ch1: 31.920463 11477.927975 20.062000 24.250000 53 11449 15210
Ch1: 31.944392 11617.178548 20.062000 24.250000 52 11514 15222
Ch1: 31.964123 11764.241860 20.125000 24.250000 51 11570 15230
Ch1: 31.987002 11883.271228 20.062000 24.250000 50 11624 15242
Ch1: 32.005054 12020.913296 20.062000 24.250000 49 11677 15251
Ch1: 32.027303 12156.257500 20.062000 24.250000 48 11747 15261
Ch1: 32.047244 12307.916540 20.062000 24.125000 47 11810 15270
Ch1: 32.031292 12193.253114 20.000000 24.281250 48 11756 15261
Ch1: 32.016808 12069.168445 20.000000 24.187500 49 11697 15252
Ch1: 31.996868 11933.594454 20.000000 24.312500 50 11637 15239
Ch1: 31.974618 11792.275803 20.000000 24.281250 51 11572 15235
Ch1: 31.953628 11650.267793 20.000000 24.281250 52 11510 15222
Ch1: 31.929909 11516.302308 20.000000 24.156250 53 11446 15212
Ch1: 31.909338 11372.226220 20.062000 24.250000 54 11387 15202
Ch1: 31.884150 11241.937317 20.062000 24.156250 55 11331 15187
Ch1: 31.864629 11097.401656 20.062000 24.281250 56 11265 15176
Ch1: 31.841330 10952.636209 20.062000 24.312500 57 11199 15168
Ch1: 31.819290 10818.211151 20.062000 24.281250 58 11153 15157
Ch1: 31.795571 10682.407374 20.000000 24.312500 59 11087 15143
Ch1: 31.770803 10533.505771 20.062000 24.281250 60 11022 15135
Ch1: 31.748763 10388.970110 20.062000 24.281250 61 10957 15127
Ch1: 31.723575 10258.681208 20.000000 24.187500 62 10901 15115
Ch1: 31.699016 10127.702946 20.062000 24.187500 63 10846 15102
Ch1: 31.669420 9971.907750 20.062000 24.312500 64 10768 15083
Ch1: 31.648010 9834.495469 20.062000 24.218750 65 10717 15076
Ch1: 31.623452 9700.989556 20.062000 24.281250 66 10663 15065
Ch1: 31.594695 9565.415566 20.062000 24.281250 67 10598 15055
Ch1: 31.569297 9432.139440 20.062000 24.281250 68 10533 15037
Ch1: 31.544108 9303.459042 20.062000 24.218750 69 10494 15024
Ch1: 31.520390 9152.489361 20.062000 24.312500 70 10427 15016
Ch1: 31.488904 9027.715333 20.062000 24.281250 71 10369 15000
Ch1: 31.462876 8898.115790 20.062000 24.281250 72 10313 14987
Ch1: 31.435379 8765.299236 20.062000 24.281250 73 10256 14973
Ch1: 31.407672 8644.891150 20.062000 24.218750 74 10201 14962
Ch1: 31.380805 8512.534170 20.062000 24.281250 75 10137 14947
Ch1: 31.351208 8373.513383 20.062000 24.281250 76 10074 14935
Ch1: 31.321192 8248.279782 20.062000 24.281250 77 10027 14920
Ch1: 31.293485 8117.990879 20.062000 24.187500 78 9973 14909
Ch1: 31.265988 7982.416889 20.062000 24.218750 79 9913 14892
Ch1: 31.231774 7845.004607 20.062000 24.250000 80 9856 14878
Ch1: 31.202388 7717.473142 20.062000 24.281250 81 9807 14863
Ch1: 31.177199 7590.631035 20.062000 24.281250 82 9742 14851
Ch1: 31.142775 7463.329356 20.062000 24.281250 83 9684 14837
Ch1: 31.109191 7348.665931 20.062000 24.187500 84 9646 14815
Ch1: 31.078965 7221.823824 20.062000 24.281250 85 9587 14803
Ch1: 31.043282 7106.241253 20.062000 24.281250 86 9531 14788
Ch1: 31.014315 6979.169360 20.062000 24.156250 87 9468 14776
Ch1: 30.984299 6838.080496 20.062000 24.312500 88 9412 14761
Ch1: 30.949875 6724.106429 20.062000 24.250000 89 9369 14743
Ch1: 30.909784 6598.872828 20.062000 24.218750 90 9306 14724
Ch1: 30.878718 6478.005169 20.062000 24.312500 91 9261 14712
Ch1: 30.843035 6363.111957 20.062000 24.250000 92 9201 14693
Ch1: 30.806092 6238.797501 20.062000 24.156250 93 9154 14674
Ch1: 30.771668 6114.023473 20.062000 24.281250 94 9102 14659
Ch1: 30.737664 6003.036630 20.062000 24.187500 95 9054 14642
Ch1: 30.697993 5875.964737 20.062000 24.218750 96 8995 14623
Ch1: 30.660840 5760.611952 20.062000 24.281250 97 8949 14607
Ch1: 30.628095 5646.408099 20.062000 24.281250 98 8899 14588
Ch1: 30.592202 5526.919159 20.062000 24.281250 99 8844 14573
Ch1: 30.548752 5418.919539 20.062000 24.156250 100 8808 14547
Ch1: 30.509500 5301.728463 20.062000 24.281250 101 8751 14532
Ch1: 30.470668 5187.524610 20.062000 24.218750 102 8703 14513
Ch1: 30.432676 5082.052641 20.062000 24.218750 103 8658 14498
Ch1: 30.393424 4968.538148 20.062000 24.281250 104 8602 14478
Ch1: 30.355012 4863.755538 20.062000 24.281250 105 8562 14458
Ch1: 30.310933 4761.041007 20.062000 24.218750 106 8516 14434
Ch1: 30.269162 4660.394553 20.062000 24.250000 107 8468 14417
Ch1: 30.225293 4547.339632 20.062000 24.250000 108 8420 14399
Ch1: 30.183102 4448.071897 20.062000 24.125000 109 8376 14376
Ch1: 30.140492 4344.897792 20.062000 24.312500 110 8332 14358
Ch1: 30.098512 4239.196037 20.062000 24.125000 111 8284 14337
Ch1: 30.052543 4133.494282 20.062000 24.187500 112 8234 14316
Ch1: 30.007834 4031.928682 20.062000 24.281250 113 8197 14295
Ch1: 29.964174 3930.822656 20.062000 24.312500 114 8149 14272
Ch1: 29.919045 3821.674104 20.062000 24.218750 115 8101 14250
Ch1: 29.872657 3716.661708 20.062000 24.156250 116 8054 14230
Ch1: 29.825009 3613.717390 20.062000 24.250000 117 8009 14206
Ch1: 29.777151 3517.896451 20.062000 24.281250 118 7971 14185
Ch1: 29.732442 3427.590386 20.062000 24.187500 119 7932 14164
Ch1: 29.681226 3348.314070 20.062000 24.281250 120 7893 14137
Ch1: 29.633368 3245.369752 20.062000 24.250000 121 7848 14113
Ch1: 29.582782 3151.846677 20.062000 24.281250 122 7807 14091
Ch1: 29.534295 3056.255525 20.062000 24.250000 123 7763 14068
Ch1: 29.482449 2961.813304 20.062000 24.187500 124 7732 14045
Ch1: 29.429763 2871.277453 20.062000 24.156250 125 7687 14019
Ch1: 29.377288 2782.809680 20.062000 24.281250 126 7651 13993
Ch1: 29.329640 2700.086567 20.062000 24.156250 127 7617 13970
Ch1: 29.271077 2614.146445 20.062000 24.250000 128 7581 13943
Ch1: 29.219651 2533.950982 20.062000 24.187500 129 7549 13917
Ch1: 29.165916 2453.066161 20.062000 24.281250 130 7510 13892
Ch1: 29.109243 2375.628136 20.062000 24.281250 131 7478 13864
Ch1: 29.053618 2294.743315 20.062000 24.250000 132 7446 13838
Ch1: 28.998414 2215.926571 20.062000 24.281250 133 7403 13812
Ch1: 28.938802 2138.718333 20.062000 24.187500 134 7367 13782
Ch1: 28.882338 2053.927142 20.062000 24.218750 135 7336 13756
Ch1: 28.824405 1973.731680 20.062000 24.281250 136 7298 13728
Ch1: 28.765423 1893.306432 20.062000 24.156250 137 7257 13702
Ch1: 28.705181 1822.302426 20.062000 24.281250 138 7239 13673
Ch1: 28.648087 1761.179238 20.062000 24.281250 139 7215 13644
Ch1: 28.585536 1691.553951 20.062000 24.250000 140 7181 13613
Ch1: 28.521936 1624.915888 20.062000 24.281250 141 7151 13583
Ch1: 28.458755 1558.277825 20.062000 24.281250 142 7121 13553
Ch1: 28.401242 1489.112111 20.062000 24.281250 143 7088 13525
Ch1: 28.332184 1413.282591 20.062000 24.218750 144 7053 13492
Ch1: 28.270263 1347.104101 20.062000 24.218750 145 7027 13464
Ch1: 28.207083 1278.397960 20.062000 24.218750 146 7001 13434
Ch1: 28.140754 1215.896053 20.062000 24.156250 147 6973 13402
Ch1: 28.074634 1158.219660 20.062000 24.281250 148 6948 13372
Ch1: 28.006206 1099.394336 20.062000 24.156250 149 6923 13339
Ch1: 27.938828 1035.973282 20.062000 24.281250 150 6894 13306
Ch1: 27.873128 985.650056 20.062000 24.187500 151 6876 13275
Ch1: 27.801132 928.892809 20.062000 24.125000 152 6846 13240
Ch1: 27.732914 876.041931 20.062000 24.250000 153 6826 13208
Ch1: 27.662176 816.757034 20.062000 24.187500 154 6804 13172
Ch1: 27.593119 774.016759 20.062000 24.250000 155 6785 13140
Ch1: 27.519023 727.599901 20.062000 24.250000 156 6764 13105
Ch1: 27.445767 680.953257 20.062000 24.218750 157 6747 13070
Ch1: 27.372721 639.821487 20.062000 24.218750 158 6727 13036
Ch1: 27.302614 602.596086 20.062000 24.187500 159 6707 13003
Ch1: 27.219912 550.434568 20.062000 24.281250 160 6677 12966
Ch1: 27.151065 504.247497 20.062000 24.312500 161 6662 12928
Ch1: 27.070672 467.711455 20.062000 24.250000 162 6645 12892
Ch1: 26.991539 419.226520 20.062000 24.187500 163 6624 12853
Ch1: 26.913245 374.188381 20.062000 24.218750 164 6607 12816
Ch1: 26.833273 338.801271 20.062000 24.156250 165 6596 12778
Ch1: 26.752670 307.090745 20.062000 24.250000 166 6581 12740
Ch1: 26.673957 275.150432 20.062000 24.281250 167 6567 12702
Ch1: 26.591045 246.886701 20.062000 24.156250 168 6557 12662
Ch1: 26.509393 214.027243 20.062000 24.250000 169 6542 12623
Ch1: 26.425852 183.235862 20.062000 24.187500 170 6525 12584
Ch1: 26.343361 151.755122 20.062000 24.281250 171 6515 12547
Ch1: 26.256251 128.087120 20.062000 24.187500 172 6503 12503
Ch1: 26.168512 113.610575 20.062000 24.281250 173 6499 12462
Ch1: 26.082032 96.836166 20.062000 24.187500 174 6492 12419
Ch1: 25.998072 79.372398 20.062000 24.250000 175 6485 12380
Ch1: 25.901307 66.734145 20.062000 24.218750 176 6476 12332
Ch1: 25.813567 52.257600 20.062000 24.125000 177 6469 12291
Ch1: 25.724569 22.385365 20.062000 24.281250 178 6458 12249
Ch1: 25.629063 14.572627 20.062000 24.250000 179 6457 12203
Ch1: 25.534607 9.976898 20.062000 24.281250 180 6457 12158
Ch1: 25.436583 4.232237 20.062000 24.250000 181 6453 12110
Ch1: 25.338349 7.449247 20.062000 24.250000 182 6446 12069
Ch1: 25.240115 12.274762 20.062000 24.281250 183 6455 12019
Ch1: 25.139361 10.666257 20.062000 24.281250 184 6452 11970
Ch1: 25.040498 8.138607 20.062000 24.156250 185 6448 11922
Ch1: 24.940164 4.232237 20.062000 24.187500 186 6448 11874
Ch1: 24.842140 3.772665 20.062000 24.187500 187 6448 11828
Ch1: 24.740337 1.015227 20.062000 24.218750 188 6447 11779
Ch1: 24.637485 -9.554948 20.062000 24.156250 189 6445 11730
Ch1: 24.537152 -5.418792 20.062000 24.250000 190 6448 11682
Ch1: 24.443116 -7.257084 20.062000 24.093750 191 6448 11638
Ch1: 24.336695 -3.580501 20.062000 24.250000 192 6452 11586
Ch1: 24.240350 4.691810 20.062000 24.187500 193 6444 11546
Ch1: 24.142536 9.517325 20.062000 24.250000 194 6453 11497
Ch1: 24.039894 12.734335 20.062000 24.281250 195 6452 11446
Ch1: 23.941239 3.772665 20.062000 24.187500 196 6446 11402
Ch1: 23.838597 5.840742 20.062000 24.156250 197 6449 11351
Ch1: 23.737844 -1.282637 20.062000 24.281250 198 6445 11302
Ch1: 23.638980 -6.797511 20.062000 24.250000 199 6446 11254
Ch1: 23.536758 -9.554948 20.062000 24.156250 200 6446 11206
Ch1: 23.436425 -5.189006 20.062000 24.187500 201 6449 11158
Ch1: 23.335672 -4.499647 20.062000 24.250000 202 6448 11109
Ch1: 23.238277 3.313092 20.062000 24.250000 203 6453 11063
Ch1: 23.135635 11.125830 20.062000 24.093750 204 6450 11015
Ch1: 23.034462 7.679034 20.062000 24.187500 205 6448 10966
Ch1: 22.933709 5.151383 20.062000 24.250000 206 6446 10918
Ch1: 22.841772 7.908820 20.062000 24.187500 207 6446 10879
Ch1: 22.728424 -7.257084 20.062000 24.250000 208 6448 10821
Ch1: 22.631659 -9.325162 20.062000 24.250000 209 6442 10777
Ch1: 22.531956 -3.810287 20.062000 24.250000 210 6450 10727
Ch1: 22.429314 -2.891142 20.062000 24.156250 211 6452 10678
Ch1: 22.329400 4.002451 20.062000 24.156250 212 6453 10630
Ch1: 22.227388 9.976898 20.062000 24.187500 213 6454 10581
Ch1: 22.127894 11.125830 20.062000 24.218750 214 6453 10533
Ch1: 22.028820 12.274762 20.062000 24.218750 215 6451 10487
Ch1: 21.926388 9.517325 20.062000 24.218750 216 6450 10439
Ch1: 21.826684 8.827966 20.062000 24.218750 217 6449 10391
Ch1: 21.728030 0.325868 20.062000 24.218750 218 6449 10348
Ch1: 21.628956 8.368393 20.062000 24.125000 219 6454 10299
Ch1: 21.526944 12.274762 20.062000 24.125000 220 6454 10249
Ch1: 21.426401 7.908820 20.062000 24.156250 221 6448 10202
Ch1: 21.323968 -6.797511 20.062000 24.156250 222 6446 10151
Ch1: 21.230562 -0.593277 20.062000 24.281250 223 6446 10106
Ch1: 21.117844 -4.269860 20.062000 24.093750 224 6444 10052
Ch1: 21.020660 -5.878365 20.062000 24.250000 225 6443 10008
Ch1: 20.922006 -9.325162 20.062000 24.218750 226 6447 9959
Ch1: 20.818104 -4.040074 20.062000 24.156250 227 6445 9910
Ch1: 20.718820 6.300315 20.062000 24.250000 228 6448 9864
Ch1: 20.618277 -2.431569 20.062000 24.156250 229 6445 9819
Ch1: 20.516475 7.219461 20.062000 24.250000 230 6451 9769
Ch1: 20.417611 13.883267 20.062000 24.156250 231 6454 9720
Ch1: 20.314968 12.044976 20.062000 24.187500 232 6451 9670
Ch1: 20.214005 6.300315 20.062000 24.218750 233 6449 9622
Ch1: 20.112203 7.449247 20.062000 24.093750 234 6448 9573
Ch1: 20.013969 -2.431569 20.062000 24.187500 235 6443 9527
Ch1: 19.911536 -6.797511 20.062000 24.156250 236 6446 9478
Ch1: 19.808264 10.206684 20.062000 24.250000 237 6451 9428
Ch1: 19.707511 8.138607 20.062000 24.093750 238 6450 9380
Ch1: 19.614105 4.462024 20.062000 24.218750 239 6446 9339
Ch1: 19.503486 -1.512423 20.062000 24.156250 240 6444 9287
Ch1: 19.405042 -6.337938 20.062000 24.187500 241 6446 9239
Ch1: 19.305968 -7.027297 20.062000 24.187500 242 6446 9190
Ch1: 19.203116 -4.729433 20.062000 24.218750 243 6447 9141
Ch1: 19.102573 -7.257084 20.062000 24.218750 244 6445 9093
Ch1: 18.999931 -1.052850 20.062000 24.093750 245 6450 9044
Ch1: 18.898548 5.151383 20.062000 24.187500 246 6454 8995
Ch1: 18.798425 5.840742 20.062000 24.093750 247 6456 8947
Ch1: 18.696202 12.274762 20.062000 24.156250 248 6455 8898
Ch1: 18.595029 13.423694 20.062000 24.093750 249 6455 8851
Ch1: 18.494486 13.193908 20.062000 24.218750 250 6453 8803
Ch1: 18.397511 10.666257 20.062000 24.093750 251 6447 8762
Ch1: 18.295499 7.679034 20.062000 24.218750 252 6450 8711
Ch1: 18.191807 7.449247 20.062000 24.187500 253 6448 8660
Ch1: 18.092314 2.393946 20.062000 24.218750 254 6445 8612
Ch1: 17.998067 -1.282637 20.062000 24.187500 255 6448 8566
Ch1: 17.884300 -5.189006 20.062000 24.218750 256 6445 8511
Ch1: 17.786486 -4.729433 20.062000 24.125000 257 6448 8465
Ch1: 17.688042 -7.257084 20.062000 24.187500 258 6450 8418
Ch1: 17.584350 -2.201782 20.062000 24.187500 259 6446 8370
Ch1: 17.483177 -5.418792 20.062000 24.062500 260 6447 8321
Ch1: 17.380955 -1.512423 20.062000 24.218750 261 6445 8272
Ch1: 17.281041 0.555655 20.062000 24.125000 262 6441 8230
Ch1: 17.180708 2.164160 20.062000 24.218750 263 6447 8180
Ch1: 17.080585 -7.027297 20.062000 24.218750 264 6446 8130
Ch1: 16.979832 -7.946443 20.062000 24.093750 265 6445 8081
Ch1: 16.876770 -4.729433 20.062000 24.250000 266 6446 8032
Ch1: 16.777276 -6.337938 20.062000 24.218750 267 6447 7985
Ch1: 16.676103 -8.176229 20.062000 24.125000 268 6448 7936
Ch1: 16.572621 -4.269860 20.062000 24.187500 269 6448 7887
Ch1: 16.471239 -0.823064 20.062000 24.093750 270 6450 7839
Ch1: 16.377832 -2.891142 20.062000 24.218750 271 6448 7794
Ch1: 16.267214 4.002451 20.062000 24.218750 272 6455 7740
Ch1: 16.169399 7.679034 20.062000 24.218750 273 6444 7699
Ch1: 16.070325 11.355617 20.062000 24.093750 274 6454 7653
Ch1: 15.968313 3.313092 20.062000 24.187500 275 6450 7601
Ch1: 15.868609 -8.635802 20.062000 24.125000 276 6446 7552
Ch1: 15.764918 12.044976 20.062000 24.218750 277 6454 7502
Ch1: 15.664374 1.704587 20.062000 24.187500 278 6450 7454
Ch1: 15.564671 -1.742210 20.062000 24.062500 279 6445 7407
Ch1: 15.461399 -2.201782 20.062000 24.093750 280 6445 7357
Ch1: 15.360646 -1.742210 20.062000 24.187500 281 6445 7310
Ch1: 15.260522 -2.201782 20.062000 24.156250 282 6446 7261
Ch1: 15.159560 -7.257084 20.062000 24.156250 283 6446 7214
Ch1: 15.058387 -9.325162 20.062000 24.156250 284 6430 7170
Ch1: 14.955954 -5.418792 20.062000 24.125000 285 6447 7121
Ch1: 14.856671 -2.431569 20.062000 24.218750 286 6447 7071
Ch1: 14.762424 11.125830 20.062000 24.218750 287 6449 7025
Ch1: 14.652646 11.815189 20.062000 24.062500 288 6451 6971
Ch1: 14.552942 7.908820 20.062000 24.156250 289 6449 6925
Ch1: 14.453868 3.772665 20.062000 24.156250 290 6447 6877
Ch1: 14.358992 7.449247 20.062000 24.125000 291 6450 6843
Ch1: 14.276921 0.325868 20.062000 24.218750 292 6451 6793
Ch1: 14.174698 -0.133705 20.062000 24.156250 293 6447 6743
Ch1: 14.047707 11.355617 20.062000 24.156250 294 6454 6688
Ch1: 13.950733 10.666257 20.062000 24.093750 295 6454 6646
Ch1: 13.847461 6.070529 20.062000 24.125000 296 6453 6590
Ch1: 13.746917 14.342840 20.062000 24.218750 297 6454 6541
Ch1: 13.643855 15.032199 20.062000 24.093750 298 6452 6492
Ch1: 13.543942 12.274762 20.062000 24.187500 299 6451 6444
Ch1: 13.442139 11.125830 20.062000 24.125000 300 6450 6396
Ch1: 13.338238 12.734335 20.062000 24.156250 301 6451 6346
Ch1: 13.238114 9.517325 20.062000 24.093750 302 6449 6298
Ch1: 13.143868 8.827966 20.062000 24.218750 303 6450 6254
Ch1: 13.034509 5.840742 20.062000 24.062500 304 6449 6200
Ch1: 12.936275 -0.133705 20.062000 24.156250 305 6446 6155
Ch1: 12.837831 10.666257 20.062000 24.125000 306 6452 6114
Ch1: 12.736028 1.704587 20.062000 24.125000 307 6454 6062
Ch1: 12.635485 13.193908 20.062000 24.218750 308 6453 6012
Ch1: 12.532423 14.342840 20.062000 24.125000 309 6454 5962
Ch1: 12.430830 13.883267 20.062000 24.187500 310 6456 5913
Ch1: 12.330497 14.802413 20.062000 24.156250 311 6454 5866
Ch1: 12.227645 15.721559 20.062000 24.093750 312 6455 5817
Ch1: 12.127522 16.181131 20.062000 24.156250 313 6455 5769
Ch1: 12.026349 14.802413 20.062000 24.093750 314 6453 5720
Ch1: 11.925386 13.883267 20.062000 24.062500 315 6452 5673
Ch1: 11.824003 14.572627 20.062000 24.218750 316 6454 5624
Ch1: 11.722620 13.883267 20.062000 24.187500 317 6448 5582
Ch1: 11.621657 11.355617 20.062000 24.125000 318 6453 5531
Ch1: 11.527411 2.164160 20.062000 24.187500 319 6445 5485
Ch1: 11.446389 -12.082599 20.062000 24.156250 320 6442 5445
Ch1: 11.321077 -5.418792 20.062000 24.187500 321 6445 5385
Ch1: 11.220744 -3.350715 20.062000 24.156250 322 6446 5337
Ch1: 11.117262 -3.580501 20.062000 24.218750 323 6448 5287
Ch1: 11.016719 -6.567725 20.062000 24.187500 324 6446 5239
Ch1: 10.913657 -6.337938 20.062000 24.125000 325 6446 5190
Ch1: 10.813953 -4.959220 20.062000 24.156250 326 6445 5143
Ch1: 10.715299 -3.580501 20.062000 24.062500 327 6451 5096
Ch1: 10.614756 -2.661355 20.062000 24.031250 328 6443 5054
Ch1: 10.512534 4.921597 20.062000 24.187500 329 6452 5004
Ch1: 10.412201 9.747112 20.062000 24.125000 330 6455 4954
Ch1: 10.312707 10.896044 20.062000 24.125000 331 6456 4905
Ch1: 10.208595 14.342840 20.062000 24.125000 332 6454 4856
Ch1: 10.104904 15.032199 20.062000 24.031250 333 6454 4805
Ch1: 10.005620 12.504549 20.062000 24.187500 334 6452 4758
Ch1: 9.910114 13.193908 20.062000 24.125000 335 6450 4713
Ch1: 9.797187 10.436471 20.062000 24.156250 336 6449 4657
Ch1: 9.698953 6.530102 20.062000 24.062500 337 6448 4611
Ch1: 9.599669 8.368393 20.062000 24.187500 338 6450 4564
Ch1: 9.497447 -2.891142 20.062000 24.093750 339 6432 4522
Ch1: 9.397533 -0.823064 20.062000 24.187500 340 6445 4473
Ch1: 9.295311 8.827966 20.062000 24.093750 341 6449 4423
Ch1: 9.193928 14.572627 20.062000 24.156250 342 6455 4372
Ch1: 9.093595 15.721559 20.062000 24.093750 343 6452 4324
Ch1: 8.991162 14.802413 20.062000 24.125000 344 6453 4274
Ch1: 8.888940 14.342840 20.062000 24.156250 345 6453 4226
Ch1: 8.788817 15.491772 20.062000 24.093750 346 6452 4177
Ch1: 8.687434 14.342840 20.062000 24.125000 347 6451 4130
Ch1: 8.586681 12.044976 20.062000 24.031250 348 6450 4082
