Ch1: 14.389008 25.372588 9.875000 24.562500 436 6455 7674
Ch1: 16.214108 12.504549 9.875000 24.562500 435 6456 7732
Ch1: 16.333963 16.410918 9.875000 24.593750 434 6450 7799
Ch1: 16.436605 12.734335 9.875000 24.500000 433 6461 7829
Ch1: 16.517207 21.696006 9.875000 24.593750 432 6455 7874
Ch1: 16.625307 17.100277 9.875000 24.500000 431 6461 7929
Ch1: 16.723541 25.142802 9.937000 24.625000 430 6456 7973
Ch1: 16.822825 17.330064 9.937000 24.593750 429 6454 8030
Ch1: 16.926307 23.534297 9.937000 24.500000 428 6450 8080
Ch1: 17.031887 17.559850 9.937000 24.500000 427 6457 8123
Ch1: 17.132221 20.087501 9.875000 24.593750 426 6463 8169
Ch1: 17.234233 20.547074 9.937000 24.500000 425 6452 8218
Ch1: 17.333307 21.925792 9.937000 24.593750 424 6461 8265
Ch1: 17.436369 21.696006 9.937000 24.500000 423 6459 8313
Ch1: 17.536073 25.602375 9.937000 24.562500 422 6461 8361
Ch1: 17.637036 19.857714 9.937000 24.593750 421 6460 8409
Ch1: 17.740727 32.495968 9.937000 24.500000 420 6460 8459
Ch1: 17.843370 21.925792 9.937000 24.500000 419 6462 8507
Ch1: 17.950420 26.981093 9.937000 24.468750 418 6456 8557
Ch1: 18.046345 23.074724 9.937000 24.468750 417 6464 8609
Ch1: 18.146049 28.130026 9.937000 24.531250 416 6455 8659
Ch1: 18.257926 22.615151 9.937000 24.531250 415 6465 8711
Ch1: 18.354481 28.589598 9.937000 24.531250 414 6455 8752
Ch1: 18.452716 27.900239 9.937000 24.593750 413 6464 8798
Ch1: 18.555568 26.751307 9.937000 24.593750 412 6456 8848
Ch1: 18.658840 32.036395 10.000000 24.593750 411 6466 8896
Ch1: 18.760013 28.130026 10.000000 24.500000 410 6457 8944
Ch1: 18.862445 26.981093 9.937000 24.562500 409 6462 8992
Ch1: 18.962358 35.942764 10.000000 24.625000 408 6459 9040
Ch1: 19.066260 23.993870 10.000000 24.500000 407 6457 9091
Ch1: 19.164074 29.968317 9.937000 24.531250 406 6467 9137
Ch1: 19.266507 35.712978 10.000000 24.500000 405 6459 9188
Ch1: 19.371458 25.602375 10.000000 24.625000 404 6461 9244
Ch1: 19.473260 37.781055 10.000000 24.593750 403 6459 9290
Ch1: 19.613265 22.615151 10.000000 24.500000 402 6458 9354
Ch1: 19.679175 34.104473 10.000000 24.500000 401 6460 9382
Ch1: 19.774680 40.078920 10.000000 24.531250 400 6468 9427
Ch1: 19.883409 35.023618 10.000000 24.500000 399 6463 9481
Ch1: 19.977656 38.929987 10.000000 24.531250 398 6465 9524
Ch1: 20.077569 37.091696 10.000000 24.531250 397 6467 9572
Ch1: 20.180211 42.146997 10.000000 24.562500 396 6463 9620
Ch1: 20.283273 36.402337 10.000000 24.593750 395 6468 9670
Ch1: 20.383816 44.674648 10.000000 24.500000 394 6460 9718
Ch1: 20.486039 35.253405 10.000000 24.500000 393 6471 9766
Ch1: 20.587422 41.687425 10.000000 24.500000 392 6449 9822
Ch1: 20.693842 35.712978 10.000000 24.500000 391 6466 9871
Ch1: 20.792706 41.917211 10.000000 24.625000 390 6469 9915
Ch1: 20.892409 42.836357 10.000000 24.468750 389 6467 9962
Ch1: 20.994212 51.568241 10.000000 24.562500 388 6468 10010
Ch1: 21.095385 41.687425 10.000000 24.500000 387 6472 10057
Ch1: 21.198027 49.959736 10.000000 24.625000 386 6464 10106
Ch1: 21.297521 38.929987 10.000000 24.500000 385 6464 10153
Ch1: 21.396595 45.134221 10.000000 24.500000 384 6475 10199
Ch1: 21.505114 53.406532 10.000000 24.531250 383 6466 10254
Ch1: 21.603348 44.444862 10.000000 24.593750 382 6476 10300
Ch1: 21.702212 56.853329 10.000000 24.593750 381 6467 10346
Ch1: 21.805274 51.108668 10.062000 24.500000 380 6466 10400
Ch1: 21.909386 54.785251 10.000000 24.500000 379 6473 10452
Ch1: 22.011608 49.959736 10.062000 24.500000 378 6472 10496
Ch1: 22.113411 59.610766 10.062000 24.500000 377 6475 10542
Ch1: 22.213324 53.636319 10.062000 24.500000 376 6476 10590
Ch1: 22.316176 59.380979 10.000000 24.593750 375 6468 10640
Ch1: 22.414411 56.393756 10.000000 24.531250 374 6480 10685
Ch1: 22.514324 62.138416 10.000000 24.593750 373 6469 10733
Ch1: 22.616546 59.840552 10.062000 24.593750 372 6480 10781
Ch1: 22.718139 63.746921 10.000000 24.500000 371 6470 10830
Ch1: 22.823300 52.487387 10.000000 24.593750 370 6479 10880
Ch1: 22.921534 66.504358 10.062000 24.500000 369 6479 10927
Ch1: 23.019139 67.883077 10.062000 24.531250 368 6478 10973
Ch1: 23.134585 60.529911 10.062000 24.500000 367 6471 11037
Ch1: 23.232819 72.019233 10.062000 24.500000 366 6478 11079
Ch1: 23.331893 64.436281 10.062000 24.500000 365 6481 11124
Ch1: 23.443771 66.274572 10.062000 24.500000 364 6470 11186
Ch1: 23.558588 62.827776 10.062000 24.593750 363 6480 11221
Ch1: 23.636042 74.776670 10.062000 24.593750 362 6477 11267
Ch1: 23.737215 68.802223 10.062000 24.500000 361 6485 11316
Ch1: 23.837128 76.385175 10.062000 24.500000 360 6477 11363
Ch1: 23.941449 74.546883 10.062000 24.593750 359 6486 11413
Ch1: 24.039894 72.938378 10.062000 24.500000 358 6479 11460
Ch1: 24.140437 80.980903 10.062000 24.500000 357 6484 11507
Ch1: 24.243709 82.589408 10.062000 24.593750 356 6479 11556
Ch1: 24.344672 76.844747 10.062000 24.500000 355 6484 11604
Ch1: 24.447104 87.185137 10.062000 24.625000 354 6482 11653
Ch1: 24.545758 80.521330 10.062000 24.500000 353 6490 11699
Ch1: 24.644412 89.023428 10.062000 24.500000 352 6472 11755
Ch1: 24.755240 87.185137 10.062000 24.500000 351 6485 11806
Ch1: 24.853894 84.657486 10.062000 24.562500 350 6492 11851
Ch1: 24.950869 90.861719 10.062000 24.593750 349 6483 11894
Ch1: 25.050783 94.538302 10.062000 24.500000 348 6494 11942
Ch1: 25.153215 98.214885 10.062000 24.468750 347 6485 11990
Ch1: 25.250610 102.351041 10.062000 24.468750 346 6495 12037
Ch1: 25.350313 105.797837 10.062000 24.500000 345 6487 12084
Ch1: 25.448757 110.393565 10.062000 24.593750 344 6499 12130
Ch1: 25.544893 116.138226 10.062000 24.500000 343 6498 12177
Ch1: 25.641867 129.236052 10.062000 24.500000 342 6505 12222
Ch1: 25.739892 126.938188 10.062000 24.468750 341 6505 12268
Ch1: 25.838966 136.819004 10.062000 24.562500 340 6504 12321
Ch1: 25.936570 152.674268 10.062000 24.562500 339 6513 12369
Ch1: 26.033965 155.891277 10.062000 24.500000 338 6520 12412
Ch1: 26.129890 174.044405 10.062000 24.500000 337 6521 12455
Ch1: 26.217839 180.248638 10.062000 24.500000 336 6533 12497
Ch1: 26.327198 200.010271 10.062000 24.500000 335 6530 12552
Ch1: 26.414308 207.133650 10.062000 24.593750 334 6545 12590
Ch1: 26.504776 223.218700 10.125000 24.531250 333 6541 12633
Ch1: 26.598392 237.925031 10.062000 24.562500 332 6558 12678
Ch1: 26.695577 253.550508 10.062000 24.593750 331 6556 12723
Ch1: 26.785625 269.865344 10.125000 24.500000 330 6571 12766
Ch1: 26.877142 286.409966 10.062000 24.500000 329 6574 12810
Ch1: 26.966980 310.077968 10.062000 24.562500 328 6585 12852
Ch1: 27.062696 316.741774 10.125000 24.468750 327 6587 12898
Ch1: 27.148965 347.073582 10.062000 24.500000 326 6599 12939
Ch1: 27.238804 360.860768 10.062000 24.562500 325 6607 12983
Ch1: 27.332840 391.422362 10.062000 24.593750 324 6613 13035
Ch1: 27.421629 406.818053 10.062000 24.593750 323 6633 13074
Ch1: 27.510837 437.379647 10.125000 24.500000 322 6644 13114
Ch1: 27.595847 451.166833 10.062000 24.500000 321 6650 13153
Ch1: 27.679179 487.932661 10.125000 24.500000 320 6659 13190
Ch1: 27.772585 509.302798 10.062000 24.500000 319 6679 13236
Ch1: 27.852768 548.366490 10.062000 24.593750 318 6682 13277
Ch1: 27.931901 575.251502 10.062000 24.562500 317 6701 13314
Ch1: 28.019010 609.949252 10.062000 24.500000 316 6714 13354
Ch1: 28.106540 629.940671 10.062000 24.500000 315 6725 13396
Ch1: 28.189241 674.059664 10.125000 24.562500 314 6744 13434
Ch1: 28.271103 700.025530 10.125000 24.562500 313 6760 13473
Ch1: 28.350866 745.523242 10.125000 24.500000 312 6776 13515
Ch1: 28.436086 774.016759 10.125000 24.562500 311 6796 13558
Ch1: 28.515429 815.837888 10.125000 24.500000 310 6802 13594
Ch1: 28.596871 848.697347 10.125000 24.562500 309 6822 13631
Ch1: 28.677474 889.369544 10.125000 24.500000 308 6847 13667
Ch1: 28.755557 930.041741 10.125000 24.500000 307 6854 13704
Ch1: 28.833221 982.892618 10.125000 24.531250 306 6879 13742
Ch1: 28.909835 1019.428660 10.125000 24.500000 305 6898 13778
Ch1: 28.980572 1074.577402 10.125000 24.625000 304 6914 13811
Ch1: 29.062224 1119.155968 10.125000 24.562500 303 6945 13851
Ch1: 29.133801 1169.479195 10.125000 24.468750 302 6954 13884
Ch1: 29.206217 1214.517334 10.125000 24.593750 301 6978 13920
Ch1: 29.282202 1269.666076 10.062000 24.593750 300 7011 13954
Ch1: 29.353989 1328.721187 10.125000 24.562500 299 7023 13994
Ch1: 29.425355 1384.559288 10.125000 24.562500 298 7069 14024
Ch1: 29.493993 1443.154826 10.125000 24.562500 297 7077 14056
Ch1: 29.561582 1511.631181 10.125000 24.593750 296 7113 14089
Ch1: 29.636307 1574.592661 10.125000 24.593750 295 7145 14138
Ch1: 29.712711 1644.907307 10.125000 24.562500 294 7176 14157
Ch1: 29.763928 1699.366689 10.125000 24.593750 293 7192 14185
Ch1: 29.828787 1764.855820 10.125000 24.468750 292 7217 14218
Ch1: 29.892808 1845.281069 10.125000 24.593750 291 7249 14244
Ch1: 29.957248 1911.689345 10.125000 24.468750 290 7286 14276
Ch1: 30.018539 1978.097622 10.125000 24.500000 289 7316 14302
Ch1: 30.080670 2050.710132 10.125000 24.562500 288 7348 14333
Ch1: 30.140912 2130.216235 10.125000 24.500000 287 7370 14368
Ch1: 30.199265 2215.696785 10.125000 24.593750 286 7416 14394
Ch1: 30.257198 2286.471003 10.125000 24.500000 285 7456 14420
Ch1: 30.313032 2385.738739 10.125000 24.593750 284 7488 14445
Ch1: 30.369915 2466.393774 10.125000 24.500000 283 7526 14474
Ch1: 30.423231 2557.159411 10.125000 24.500000 282 7560 14499
Ch1: 30.477385 2639.193165 10.125000 24.562500 281 7605 14524
Ch1: 30.531960 2733.635385 10.125000 24.500000 280 7635 14549
Ch1: 30.581077 2823.022304 10.125000 24.500000 279 7684 14573
Ch1: 30.633553 2931.251710 10.125000 24.468750 278 7723 14597
Ch1: 30.683929 3019.489697 10.125000 24.500000 277 7785 14618
Ch1: 30.732417 3128.638248 10.125000 24.562500 276 7819 14646
Ch1: 30.781114 3228.135770 10.125000 24.593750 275 7850 14666
Ch1: 30.830021 3322.348204 10.125000 24.500000 274 7909 14693
Ch1: 30.875780 3434.024406 10.125000 24.500000 273 7941 14718
Ch1: 30.920909 3525.709190 10.125000 24.593750 272 7991 14739
Ch1: 30.971495 3647.266208 10.125000 24.562500 271 8037 14758
Ch1: 31.008438 3746.304157 10.125000 24.531250 270 8095 14773
Ch1: 31.053147 3866.482457 10.125000 24.468750 269 8128 14797
Ch1: 31.093658 3975.171436 10.125000 24.500000 268 8191 14818
Ch1: 31.134589 4097.647600 10.125000 24.500000 267 8238 14836
Ch1: 31.176150 4214.608890 10.125000 24.562500 266 8295 14854
Ch1: 31.215821 4328.353170 10.125000 24.562500 265 8336 14871
Ch1: 31.249196 4448.761256 10.125000 24.500000 264 8392 14894
Ch1: 31.289707 4585.943751 10.125000 24.562500 263 8451 14911
Ch1: 31.327909 4697.849740 10.125000 24.468750 262 8497 14929
Ch1: 31.365692 4817.798253 10.125000 24.593750 261 8554 14946
Ch1: 31.401165 4962.793487 10.125000 24.593750 260 8621 14964
Ch1: 31.432650 5085.959011 10.125000 24.562500 259 8680 14975
Ch1: 31.466445 5222.452147 10.125000 24.468750 258 8723 14997
Ch1: 31.503387 5333.438990 10.125000 24.593750 257 8774 15014
Ch1: 31.532564 5475.447000 10.125000 24.531250 256 8836 15025
Ch1: 31.564469 5620.442233 10.125000 24.500000 255 8912 15041
Ch1: 31.597424 5752.799214 10.125000 24.531250 254 8954 15058
Ch1: 31.624081 5885.845554 10.125000 24.468750 253 9018 15069
Ch1: 31.651159 6036.585448 10.125000 24.562500 252 9082 15082
Ch1: 31.680335 6167.333923 10.062000 24.468750 251 9136 15097
Ch1: 31.712660 6316.005740 10.125000 24.562500 250 9204 15109
Ch1: 31.744565 6441.239341 10.125000 24.468750 249 9271 15127
Ch1: 31.769963 6594.506886 10.125000 24.593750 248 9338 15138
Ch1: 31.797251 6739.502120 10.125000 24.562500 247 9392 15148
Ch1: 31.823069 6880.361198 10.125000 24.468750 246 9450 15164
Ch1: 31.848257 7025.586218 10.125000 24.500000 245 9515 15173
Ch1: 31.875334 7178.394190 10.125000 24.468750 244 9580 15188
Ch1: 31.899053 7322.929851 10.125000 24.500000 243 9646 15196
Ch1: 31.927810 7470.682522 10.125000 24.500000 242 9711 15214
Ch1: 31.951949 7620.733057 10.125000 24.500000 241 9777 15222
Ch1: 31.971679 7756.996407 10.125000 24.468750 240 9840 15234
Ch1: 31.997707 7936.919177 10.125000 24.562500 239 9912 15242
Ch1: 32.022895 8064.680429 10.125000 24.562500 238 9985 15255
Ch1: 32.041997 8233.803237 10.125000 24.562500 237 10037 15266
Ch1: 32.060678 8395.113307 10.125000 24.531250 236 10121 15277
Ch1: 32.069284 8416.253658 10.062000 24.468750 236 10108 15282
Ch1: 32.047244 8281.828600 10.125000 24.500000 237 10049 15263
Ch1: 32.024575 8132.007851 10.062000 24.500000 238 9972 15254
Ch1: 32.002325 7995.055142 10.125000 24.500000 239 9915 15244
Ch1: 31.973149 7820.187673 10.125000 24.468750 240 9838 15232
Ch1: 31.953628 7676.341372 10.125000 24.562500 241 9779 15220
Ch1: 31.927810 7527.209982 10.125000 24.500000 242 9714 15208
Ch1: 31.902622 7384.282826 10.125000 24.500000 243 9658 15199
Ch1: 31.881631 7230.325922 10.125000 24.593750 244 9573 15188
Ch1: 31.852245 7078.437096 10.125000 24.500000 245 9518 15172
Ch1: 31.826637 6927.697201 10.125000 24.562500 246 9453 15162
Ch1: 31.799560 6802.463600 10.125000 24.500000 247 9394 15148
Ch1: 31.771223 6657.238580 10.125000 24.562500 248 9337 15133
Ch1: 31.746874 6507.188045 10.125000 24.500000 249 9265 15125
Ch1: 31.720007 6353.920500 10.125000 24.468750 250 9223 15107
Ch1: 31.692719 6222.482665 10.125000 24.500000 251 9142 15092
Ch1: 31.661234 6074.729994 10.062000 24.562500 252 9086 15082
Ch1: 31.632687 5932.492198 10.062000 24.562500 253 9023 15067
Ch1: 31.602671 5805.650091 10.125000 24.562500 254 8981 15051
Ch1: 31.573705 5681.105850 10.125000 24.562500 255 8903 15042
Ch1: 31.544318 5518.876634 10.125000 24.500000 256 8849 15023
Ch1: 31.509055 5386.289867 10.125000 24.468750 257 8782 15011
Ch1: 31.472322 5274.383879 10.125000 24.562500 258 8730 14991
Ch1: 31.438947 5130.078004 10.125000 24.562500 259 8670 14978
Ch1: 31.408092 5000.938034 10.125000 24.562500 260 8606 14961
Ch1: 31.372408 4865.134257 10.125000 24.500000 261 8559 14945
Ch1: 31.331687 4744.726171 10.125000 24.593750 262 8505 14923
Ch1: 31.298313 4626.386162 10.125000 24.593750 263 8460 14911
Ch1: 31.261790 4502.990852 10.125000 24.468750 264 8397 14892
Ch1: 31.225897 4380.284902 10.062000 24.593750 265 8336 14874
Ch1: 31.182237 4262.634252 10.062000 24.500000 266 8292 14857
Ch1: 31.145714 4141.307020 10.062000 24.500000 267 8241 14837
Ch1: 31.103104 4035.145692 10.125000 24.562500 268 8190 14816
Ch1: 31.063013 3900.490848 10.125000 24.468750 269 8145 14795
Ch1: 31.022501 3798.695462 10.062000 24.500000 270 8085 14778
Ch1: 30.979052 3692.304347 10.125000 24.468750 271 8057 14752
Ch1: 30.924267 3585.683446 10.125000 24.562500 272 7987 14734
Ch1: 30.884176 3471.249807 10.125000 24.500000 273 7955 14712
Ch1: 30.841776 3371.522499 10.125000 24.500000 274 7898 14689
Ch1: 30.792658 3256.859073 10.125000 24.593750 275 7861 14661
Ch1: 30.744591 3161.497707 10.125000 24.468750 276 7812 14641
Ch1: 30.694004 3056.025738 10.125000 24.468750 277 7776 14621
Ch1: 30.645517 2955.609071 10.062000 24.562500 278 7725 14602
Ch1: 30.598919 2866.681725 10.125000 24.500000 279 7695 14575
Ch1: 30.542665 2771.320359 10.125000 24.468750 280 7650 14547
Ch1: 30.489770 2676.418565 10.125000 24.562500 281 7602 14524
Ch1: 30.436454 2591.167802 10.125000 24.562500 282 7563 14499
Ch1: 30.379571 2499.483019 10.125000 24.468750 283 7532 14468
Ch1: 30.320588 2422.044994 10.062000 24.500000 284 7496 14443
Ch1: 30.266853 2327.602773 10.125000 24.531250 285 7454 14413
Ch1: 30.209970 2242.352010 10.125000 24.593750 286 7416 14390
Ch1: 30.153506 2164.913985 10.125000 24.562500 287 7378 14363
Ch1: 30.087177 2097.126990 10.125000 24.562500 288 7353 14329
Ch1: 30.028404 2010.727294 10.125000 24.468750 289 7315 14303
Ch1: 29.967953 1943.859445 10.125000 24.500000 290 7278 14276
Ch1: 29.906871 1865.272488 10.125000 24.562500 291 7257 14251
Ch1: 29.845160 1801.851435 10.062000 24.500000 292 7229 14216
Ch1: 29.780510 1720.507040 10.062000 24.468750 293 7198 14184
Ch1: 29.714181 1660.302997 10.062000 24.468750 294 7157 14152
Ch1: 29.647642 1587.920274 10.125000 24.562500 295 7139 14119
Ch1: 29.579633 1529.554522 10.125000 24.531250 296 7099 14087
Ch1: 29.508686 1470.499411 10.062000 24.562500 297 7091 14053
Ch1: 29.437530 1422.014475 10.062000 24.562500 298 7062 14018
Ch1: 29.371201 1352.159402 10.062000 24.500000 299 7024 13987
Ch1: 29.300673 1293.334078 10.062000 24.500000 300 7011 13954
Ch1: 29.224059 1241.861919 10.125000 24.500000 301 6985 13917
Ch1: 29.150803 1194.755702 10.062000 24.468750 302 6964 13883
Ch1: 29.083215 1139.606960 10.125000 24.500000 303 6942 13854
Ch1: 29.004501 1089.743306 10.125000 24.531250 304 6917 13815
Ch1: 28.930196 1050.449827 10.062000 24.468750 305 6903 13778
Ch1: 28.855681 992.773435 10.125000 24.468750 306 6881 13742
Ch1: 28.776338 956.007607 10.062000 24.562500 307 6854 13703
Ch1: 28.694686 909.820536 10.062000 24.562500 308 6848 13665
Ch1: 28.615972 872.365348 10.125000 24.562500 309 6816 13628
Ch1: 28.537889 825.488918 10.062000 24.562500 310 6811 13590
Ch1: 28.460645 788.493304 10.125000 24.500000 311 6782 13553
Ch1: 28.378573 746.212601 10.062000 24.500000 312 6778 13513
Ch1: 28.297551 716.570153 10.125000 24.468750 313 6750 13475
Ch1: 28.214849 678.425606 10.062000 24.562500 314 6744 13438
Ch1: 28.133617 645.795934 10.062000 24.531250 315 6712 13402
Ch1: 28.049236 615.004553 10.062000 24.468750 316 6719 13361
Ch1: 27.965275 580.306803 10.062000 24.468750 317 6697 13317
Ch1: 27.879635 555.260083 10.062000 24.468750 318 6692 13278
Ch1: 27.802601 518.034682 10.062000 24.562500 319 6669 13239
Ch1: 27.708355 492.068816 10.125000 24.500000 320 6663 13192
Ch1: 27.621665 470.698679 10.062000 24.468750 321 6652 13154
Ch1: 27.536445 439.907298 10.062000 24.531250 322 6637 13113
Ch1: 27.449126 415.090364 10.062000 24.468750 323 6629 13070
Ch1: 27.359078 388.435139 10.125000 24.593750 324 6614 13026
Ch1: 27.270079 371.201157 10.062000 24.562500 325 6610 12984
Ch1: 27.181081 349.831020 10.125000 24.468750 326 6595 12941
Ch1: 27.092712 322.946008 10.062000 24.468750 327 6591 12903
Ch1: 26.999935 311.456687 10.062000 24.500000 328 6585 12861
Ch1: 26.909047 285.490821 10.062000 24.468750 329 6578 12816
Ch1: 26.816480 278.597228 10.125000 24.500000 330 6566 12770
Ch1: 26.726432 254.010081 10.062000 24.562500 331 6561 12726
Ch1: 26.630297 245.737769 10.062000 24.562500 332 6549 12680
Ch1: 26.537520 221.380408 10.062000 24.500000 333 6549 12635
Ch1: 26.442435 214.946388 10.062000 24.593750 334 6536 12589
Ch1: 26.355955 192.197532 10.062000 24.468750 335 6539 12549
Ch1: 26.248905 186.223085 10.062000 24.468750 336 6524 12496
Ch1: 26.156548 173.584832 10.062000 24.468750 337 6528 12456
Ch1: 26.063561 159.338074 10.062000 24.468750 338 6517 12409
Ch1: 25.966796 154.742345 10.125000 24.500000 339 6515 12362
Ch1: 25.870451 137.508364 10.062000 24.468750 340 6502 12325
Ch1: 25.772427 137.048791 10.062000 24.468750 341 6503 12276
Ch1: 25.676921 121.193527 10.062000 24.500000 342 6507 12227
Ch1: 25.580576 117.516945 10.062000 24.468750 343 6495 12180
Ch1: 25.479193 114.759508 10.062000 24.500000 344 6501 12130
Ch1: 25.380329 103.959546 10.062000 24.468750 345 6493 12083
Ch1: 25.280206 107.176556 10.062000 24.562500 346 6489 12036
Ch1: 25.183021 95.457448 10.062000 24.500000 347 6495 11990
Ch1: 25.082268 93.389370 10.062000 24.500000 348 6484 11941
Ch1: 24.978786 83.738340 10.062000 24.562500 349 6489 11892
Ch1: 24.879712 90.172360 10.062000 24.562500 350 6490 11845
Ch1: 24.787775 83.968127 10.062000 24.500000 351 6482 11801
Ch1: 24.679046 85.117059 10.062000 24.468750 352 6480 11754
Ch1: 24.582491 75.695815 10.062000 24.468750 353 6482 11710
Ch1: 24.482997 84.657486 10.125000 24.562500 354 6482 11659
Ch1: 24.378886 77.993680 10.062000 24.562500 355 6487 11607
Ch1: 24.277503 83.968127 10.062000 24.468750 356 6480 11557
Ch1: 24.173391 75.925602 10.062000 24.468750 357 6487 11508
Ch1: 24.070749 77.763893 10.062000 24.500000 358 6478 11459
Ch1: 23.970836 71.329873 10.062000 24.531250 359 6486 11411
Ch1: 23.869243 75.925602 10.062000 24.500000 360 6482 11366
Ch1: 23.768070 71.559660 10.062000 24.531250 361 6478 11315
Ch1: 23.667107 67.883077 10.062000 24.468750 362 6484 11267
Ch1: 23.567404 73.397951 10.062000 24.531250 363 6477 11220
Ch1: 23.464971 63.517135 10.062000 24.593750 364 6479 11171
Ch1: 23.365688 68.572436 10.062000 24.468750 365 6468 11131
Ch1: 23.263045 64.206494 10.062000 24.562500 366 6474 11079
Ch1: 23.170898 59.151193 10.062000 24.437500 367 6479 11032
Ch1: 23.056502 70.180941 10.062000 24.468750 368 6479 10975
Ch1: 22.955748 62.138416 10.062000 24.468750 369 6469 10929
Ch1: 22.855835 62.138416 10.062000 24.593750 370 6481 10881
Ch1: 22.754032 53.866105 10.062000 24.562500 371 6473 10831
Ch1: 22.650761 59.610766 10.062000 24.468750 372 6474 10783
Ch1: 22.548958 52.257600 10.062000 24.468750 373 6472 10734
Ch1: 22.448205 61.908630 10.062000 24.562500 374 6471 10685
Ch1: 22.347242 50.189522 10.062000 24.468750 375 6472 10638
Ch1: 22.245859 54.555464 10.062000 24.593750 376 6466 10589
Ch1: 22.144896 46.512939 10.062000 24.468750 377 6461 10551
Ch1: 22.044563 53.866105 10.062000 24.468750 378 6465 10501
Ch1: 21.946958 46.512939 10.062000 24.562500 379 6474 10451
Ch1: 21.842217 50.189522 10.062000 24.562500 380 6465 10399
Ch1: 21.738735 48.581017 10.062000 24.468750 381 6473 10348
Ch1: 21.637353 41.687425 10.062000 24.500000 382 6464 10300
Ch1: 21.541427 50.649095 10.062000 24.562500 383 6472 10257
Ch1: 21.431229 42.376784 10.062000 24.562500 384 6462 10201
Ch1: 21.331105 50.189522 10.062000 24.468750 385 6469 10154
Ch1: 21.233291 39.849133 10.062000 24.562500 386 6469 10108
Ch1: 21.131488 45.364007 10.062000 24.468750 387 6464 10057
Ch1: 21.028636 45.823580 10.062000 24.562500 388 6464 10010
Ch1: 20.930192 36.632123 10.062000 24.500000 389 6470 9963
Ch1: 20.828179 41.687425 10.062000 24.468750 390 6458 9922
Ch1: 20.728056 34.793832 10.062000 24.562500 391 6461 9872
Ch1: 20.625834 38.470415 10.062000 24.562500 392 6471 9820
Ch1: 20.523401 38.929987 10.062000 24.468750 393 6462 9770
Ch1: 20.420759 37.321483 10.062000 24.468750 394 6468 9721
Ch1: 20.319586 35.942764 10.062000 24.468750 395 6462 9672
Ch1: 20.217364 35.712978 10.062000 24.468750 396 6467 9624
Ch1: 20.114512 34.334259 10.062000 24.437500 397 6459 9573
Ch1: 20.012289 36.402337 10.062000 24.562500 398 6466 9524
Ch1: 19.917623 31.347035 10.062000 24.531250 399 6463 9481
Ch1: 19.808264 31.576822 10.062000 24.468750 400 6468 9428
Ch1: 19.710870 27.210880 10.062000 24.562500 401 6461 9382
Ch1: 19.611586 27.670453 10.062000 24.468750 402 6448 9344
Ch1: 19.510203 35.942764 10.062000 24.500000 403 6460 9293
Ch1: 19.410080 22.615151 10.062000 24.531250 404 6462 9241
Ch1: 19.305968 34.334259 10.062000 24.468750 405 6465 9190
Ch1: 19.201857 26.981093 10.062000 24.562500 406 6465 9142
Ch1: 19.102573 37.091696 10.062000 24.437500 407 6465 9093
Ch1: 18.997832 32.955540 10.062000 24.531250 408 6457 9043
Ch1: 18.896449 26.981093 10.062000 24.468750 409 6466 8994
Ch1: 18.796746 26.751307 10.062000 24.531250 410 6454 8946
Ch1: 18.693893 20.317287 10.062000 24.468750 411 6464 8897
Ch1: 18.592301 25.602375 10.062000 24.562500 412 6453 8848
Ch1: 18.488189 26.981093 10.062000 24.468750 413 6465 8799
Ch1: 18.388066 23.534297 10.062000 24.500000 414 6456 8755
Ch1: 18.294030 27.210880 10.062000 24.468750 415 6464 8715
Ch1: 18.184251 26.751307 10.062000 24.531250 416 6461 8657
Ch1: 18.083288 21.696006 10.062000 24.468750 417 6461 8609
Ch1: 17.981695 30.887463 10.062000 24.531250 418 6462 8559
Ch1: 17.879263 23.993870 10.062000 24.531250 419 6453 8509
Ch1: 17.777670 26.981093 10.062000 24.468750 420 6459 8461
Ch1: 17.673349 23.074724 10.062000 24.531250 421 6452 8411
Ch1: 17.571966 16.181131 10.062000 24.562500 422 6463 8363
Ch1: 17.471843 22.615151 10.062000 24.468750 423 6454 8315
Ch1: 17.369620 18.019423 10.062000 24.562500 424 6463 8266
Ch1: 17.269707 11.355617 10.062000 24.531250 425 6447 8224
Ch1: 17.166225 20.776860 10.062000 24.468750 426 6445 8176
Ch1: 17.066311 14.572627 10.062000 24.531250 427 6457 8129
Ch1: 16.964299 21.925792 10.062000 24.562500 428 6454 8076
Ch1: 16.858928 17.100277 10.062000 24.562500 429 6460 8027
Ch1: 16.757335 20.087501 10.062000 24.531250 430 6449 7975
Ch1: 16.663719 17.330064 10.062000 24.468750 431 6462 7930
Ch1: 16.551841 17.100277 10.062000 24.468750 432 6452 7876
Ch1: 16.451928 18.019423 10.062000 24.468750 433 6464 7829
Ch1: 16.353064 14.113054 10.062000 24.437500 434 6454 7781
Ch1: 16.248742 20.547074 10.062000 24.437500 435 6460 7732
Ch1: 16.147359 12.274762 10.062000 24.468750 436 6457 7683
