Ch1: 3.106553 21.006646 -25.063000 24.718750 500 6457 1480
Ch1: 3.100256 9.517325 -25.063000 24.718750 499 6452 1477
Ch1: 3.096058 7.219461 -25.000000 24.718750 498 6451 1475
Ch1: 3.093959 4.921597 -25.000000 24.718750 497 6450 1474
Ch1: 3.091860 4.921597 -25.000000 24.718750 496 6450 1473
Ch1: 3.087662 4.921597 -25.000000 24.718750 495 6450 1471
Ch1: 3.085563 2.623732 -25.000000 24.687500 494 6449 1470
Ch1: 3.083464 2.623732 -25.000000 24.718750 493 6449 1469
Ch1: 3.079266 4.921597 -25.000000 24.687500 492 6450 1467
Ch1: 3.077167 -1.971996 -25.000000 24.718750 491 6447 1466
Ch1: 3.072969 -8.865589 -25.000000 24.718750 490 6444 1464
Ch1: 3.072969 18.708782 -25.000000 24.750000 489 6456 1464
Ch1: 3.070870 -1.971996 -24.938000 24.718750 488 6447 1463
Ch1: 3.066672 -1.971996 -25.000000 24.687500 487 6447 1461
Ch1: 3.064573 -1.971996 -24.938000 24.718750 486 6447 1460
Ch1: 3.062474 0.325868 -24.938000 24.718750 485 6448 1459
Ch1: 3.060375 -4.269860 -24.938000 24.718750 484 6446 1458
Ch1: 3.056177 -4.269860 -24.938000 24.718750 483 6446 1456
Ch1: 3.054078 -20.354910 -24.938000 24.656250 482 6439 1455
Ch1: 3.051979 -1.971996 -24.938000 24.687500 481 6447 1454
Ch1: 3.049880 18.708782 -24.938000 24.718750 480 6456 1453
Ch1: 3.047781 21.006646 -24.938000 24.718750 479 6457 1452
Ch1: 3.045681 16.410918 -24.938000 24.718750 478 6455 1451
Ch1: 3.041483 21.006646 -24.938000 24.687500 477 6457 1449
Ch1: 3.039384 16.410918 -24.938000 24.687500 476 6455 1448
Ch1: 3.037285 14.113054 -24.938000 24.718750 475 6454 1447
Ch1: 3.035186 9.517325 -24.938000 24.687500 474 6452 1446
Ch1: 3.033087 11.815189 -24.875000 24.718750 473 6453 1445
Ch1: 3.028889 4.921597 -24.875000 24.687500 472 6450 1443
Ch1: 3.026790 4.921597 -24.875000 24.687500 471 6450 1442
Ch1: 3.024691 4.921597 -24.875000 24.718750 470 6450 1441
Ch1: 3.022592 18.708782 -24.875000 24.718750 469 6456 1440
Ch1: 3.020493 16.410918 -24.875000 24.718750 468 6455 1439
Ch1: 3.018394 21.006646 -24.875000 24.718750 467 6457 1438
Ch1: 3.014196 23.304511 -24.875000 24.718750 466 6458 1436
Ch1: 3.012097 21.006646 -24.875000 24.656250 465 6457 1435
Ch1: 3.009998 21.006646 -24.875000 24.718750 464 6457 1434
Ch1: 3.007899 21.006646 -24.875000 24.718750 463 6457 1433
Ch1: 3.005800 21.006646 -24.875000 24.718750 462 6457 1432
Ch1: 3.001602 21.006646 -24.875000 24.750000 461 6457 1430
Ch1: 2.999503 14.113054 -24.875000 24.656250 460 6454 1429
Ch1: 2.997404 16.410918 -24.875000 24.687500 459 6455 1428
Ch1: 2.995305 21.006646 -24.875000 24.656250 458 6457 1427
Ch1: 2.993206 16.410918 -24.875000 24.687500 457 6455 1426
Ch1: 2.991107 14.113054 -24.875000 24.687500 456 6454 1425
Ch1: 2.989008 11.815189 -24.813000 24.718750 455 6453 1424
Ch1: 2.986909 11.815189 -24.813000 24.656250 454 6453 1423
Ch1: 2.982711 -27.248503 -24.813000 24.687500 453 6436 1421
Ch1: 2.982711 14.113054 -24.813000 24.656250 452 6454 1421
Ch1: 2.978513 14.113054 -24.813000 24.656250 451 6454 1419
Ch1: 2.976414 16.410918 -24.813000 24.656250 450 6455 1418
Ch1: 2.974315 18.708782 -24.813000 24.656250 449 6456 1417
Ch1: 2.972216 2.623732 -24.813000 24.656250 448 6449 1416
Ch1: 2.970117 4.921597 -24.813000 24.656250 447 6450 1415
Ch1: 2.968018 0.325868 -24.813000 24.656250 446 6448 1414
Ch1: 2.965919 2.623732 -24.813000 24.687500 445 6449 1413
Ch1: 2.963820 -1.971996 -24.813000 24.687500 444 6447 1412
Ch1: 2.961721 0.325868 -24.813000 24.656250 443 6448 1411
Ch1: 2.959622 -4.269860 -24.813000 24.687500 442 6446 1410
Ch1: 2.957523 -6.567725 -24.813000 24.656250 441 6445 1409
Ch1: 2.955424 4.921597 -24.813000 24.656250 440 6450 1408
Ch1: 2.953325 0.325868 -24.813000 24.656250 439 6448 1407
Ch1: 2.951225 0.325868 -24.813000 24.656250 438 6448 1406
Ch1: 2.949126 21.006646 -24.813000 24.687500 437 6457 1405
Ch1: 2.947027 21.006646 -24.813000 24.656250 436 6457 1404
Ch1: 2.944928 21.006646 -24.813000 24.656250 435 6457 1403
Ch1: 2.942829 21.006646 -24.750000 24.656250 434 6457 1402
Ch1: 2.940730 18.708782 -24.813000 24.625000 433 6456 1401
Ch1: 2.936532 -15.759181 -24.813000 24.656250 432 6441 1399
Ch1: 2.936532 21.006646 -24.750000 24.625000 431 6457 1399
Ch1: 2.934433 11.815189 -24.813000 24.656250 430 6453 1398
Ch1: 2.932334 21.006646 -24.750000 24.656250 429 6457 1397
Ch1: 2.930235 14.113054 -24.813000 24.656250 428 6454 1396
Ch1: 2.930235 14.113054 -24.813000 24.656250 427 6454 1396
Ch1: 2.928136 14.113054 -24.750000 24.656250 426 6454 1395
Ch1: 2.926037 11.815189 -24.750000 24.625000 425 6453 1394
Ch1: 2.923938 16.410918 -24.750000 24.656250 424 6455 1393
Ch1: 2.921839 14.113054 -24.750000 24.656250 423 6454 1392
Ch1: 2.919740 0.325868 -24.750000 24.656250 422 6448 1391
Ch1: 2.919740 9.517325 -24.750000 24.656250 421 6452 1391
Ch1: 2.917641 9.517325 -24.750000 24.625000 420 6452 1390
Ch1: 2.915542 9.517325 -24.750000 24.656250 419 6452 1389
Ch1: 2.915542 7.219461 -24.750000 24.656250 418 6451 1389
Ch1: 2.913443 4.921597 -24.750000 24.656250 417 6450 1388
Ch1: 2.913443 4.921597 -24.750000 24.656250 416 6450 1388
Ch1: 2.913443 4.921597 -24.750000 24.625000 415 6450 1388
Ch1: 2.911344 7.219461 -24.750000 24.593750 414 6451 1387
Ch1: 2.911344 4.921597 -24.750000 24.625000 413 6450 1387
Ch1: 2.909245 4.921597 -24.750000 24.625000 412 6450 1386
Ch1: 2.909245 2.623732 -24.750000 24.656250 411 6449 1386
Ch1: 2.909245 7.219461 -24.750000 24.625000 410 6451 1386
Ch1: 2.909245 4.921597 -24.750000 24.625000 409 6450 1386
Ch1: 2.911344 4.921597 -24.750000 24.593750 408 6450 1387
Ch1: 2.911344 9.517325 -24.750000 24.687500 407 6452 1387
Ch1: 2.913443 9.517325 -24.688000 24.656250 406 6452 1388
Ch1: 2.917641 11.815189 -24.750000 24.625000 405 6453 1390
Ch1: 2.919740 11.815189 -24.688000 24.625000 404 6453 1391
Ch1: 2.926037 11.815189 -24.688000 24.625000 403 6453 1394
Ch1: 2.934433 9.517325 -24.750000 24.656250 402 6452 1398
Ch1: 2.953325 -11.163453 -24.750000 24.625000 401 6443 1407
Ch1: 2.970117 4.921597 -24.688000 24.593750 400 6450 1415
Ch1: 3.026790 16.410918 -24.688000 24.593750 399 6455 1442
Ch1: 3.127543 21.006646 -24.750000 24.625000 398 6457 1490
Ch1: 3.217801 21.006646 -24.688000 24.625000 397 6457 1533
Ch1: 3.316455 21.006646 -24.688000 24.625000 396 6457 1580
Ch1: 3.419307 18.708782 -24.688000 24.625000 395 6456 1629
Ch1: 3.522160 18.708782 -24.688000 24.593750 394 6456 1678
Ch1: 3.620814 21.006646 -24.688000 24.625000 393 6457 1725
Ch1: 3.723666 25.602375 -24.688000 24.625000 392 6459 1774
Ch1: 3.826518 18.708782 -24.688000 24.625000 391 6456 1823
Ch1: 3.916776 25.602375 -24.688000 24.625000 390 6459 1866
Ch1: 4.011232 23.304511 -24.688000 24.625000 389 6458 1911
Ch1: 4.111985 21.006646 -24.688000 24.687500 388 6457 1959
Ch1: 4.214837 21.006646 -24.688000 24.625000 387 6457 2008
Ch1: 4.313491 23.304511 -24.688000 24.625000 386 6458 2055
Ch1: 4.414244 21.006646 -24.688000 24.625000 385 6457 2103
Ch1: 4.512898 25.602375 -24.625000 24.625000 384 6459 2150
Ch1: 4.619948 23.304511 -24.688000 24.625000 383 6458 2201
Ch1: 4.724899 0.325868 -24.688000 24.718750 382 6448 2251
Ch1: 4.821454 -4.269860 -24.688000 24.593750 381 6446 2297
Ch1: 4.924307 -27.248503 -24.625000 24.593750 380 6436 2346
Ch1: 5.010366 25.602375 -24.688000 24.593750 379 6459 2387
Ch1: 5.113219 25.602375 -24.688000 24.593750 378 6459 2436
Ch1: 5.211873 25.602375 -24.625000 24.593750 377 6459 2483
Ch1: 5.312626 25.602375 -24.625000 24.593750 376 6459 2531
Ch1: 5.413379 23.304511 -24.625000 24.593750 375 6458 2579
Ch1: 5.516231 21.006646 -24.688000 24.593750 374 6457 2628
Ch1: 5.616984 23.304511 -24.688000 24.687500 373 6458 2676
Ch1: 5.724034 23.304511 -24.688000 24.687500 372 6458 2727
Ch1: 5.824787 2.623732 -24.688000 24.562500 371 6449 2775
Ch1: 5.929738 -4.269860 -24.688000 24.593750 370 6446 2825
Ch1: 6.017897 2.623732 -24.625000 24.625000 369 6449 2867
Ch1: 6.118650 2.623732 -24.625000 24.593750 368 6449 2915
Ch1: 6.215205 0.325868 -24.625000 24.625000 367 6448 2961
Ch1: 6.328553 2.623732 -24.625000 24.625000 366 6449 3015
Ch1: 6.423009 2.623732 -24.625000 24.593750 365 6449 3060
Ch1: 6.523762 7.219461 -24.625000 24.562500 364 6451 3108
Ch1: 6.626614 2.623732 -24.625000 24.656250 363 6449 3157
Ch1: 6.731565 0.325868 -24.625000 24.562500 362 6448 3207
Ch1: 6.838615 4.921597 -24.625000 24.593750 361 6450 3258
Ch1: 6.939368 16.410918 -24.625000 24.656250 360 6455 3306
Ch1: 7.038022 2.623732 -24.625000 24.687500 359 6449 3353
Ch1: 7.128280 23.304511 -24.625000 24.593750 358 6458 3396
Ch1: 7.226934 27.900239 -24.625000 24.562500 357 6460 3443
Ch1: 7.327687 25.602375 -24.625000 24.656250 356 6459 3491
Ch1: 7.430539 27.900239 -24.625000 24.562500 355 6460 3540
Ch1: 7.552283 7.219461 -24.563000 24.593750 354 6451 3598
Ch1: 7.655135 11.815189 -24.625000 24.562500 353 6453 3647
Ch1: 7.736997 23.304511 -24.625000 24.562500 352 6458 3686
Ch1: 7.835651 23.304511 -24.563000 24.625000 351 6458 3733
Ch1: 7.953196 18.708782 -24.625000 24.656250 350 6456 3789
Ch1: 8.049751 16.410918 -24.625000 24.562500 349 6455 3835
Ch1: 8.135811 18.708782 -24.625000 24.562500 348 6456 3876
Ch1: 8.238663 21.006646 -24.625000 24.656250 347 6457 3925
Ch1: 8.341515 18.708782 -24.625000 24.593750 346 6456 3974
Ch1: 8.440169 21.006646 -24.625000 24.656250 345 6457 4021
Ch1: 8.543021 18.708782 -24.563000 24.531250 344 6456 4070
Ch1: 8.643774 14.113054 -24.625000 24.562500 343 6454 4118
Ch1: 8.746626 18.708782 -24.563000 24.562500 342 6456 4167
Ch1: 8.847379 18.708782 -24.563000 24.656250 341 6456 4215
Ch1: 8.950231 2.623732 -24.563000 24.687500 340 6449 4264
Ch1: 9.065678 11.815189 -24.563000 24.562500 339 6453 4319
Ch1: 9.158035 -1.971996 -24.563000 24.562500 338 6447 4363
Ch1: 9.250392 7.219461 -24.563000 24.562500 337 6451 4407
Ch1: 9.349046 2.623732 -24.563000 24.656250 336 6449 4454
Ch1: 9.447700 4.921597 -24.563000 24.625000 335 6450 4501
Ch1: 9.561047 0.325868 -24.563000 24.625000 334 6448 4555
Ch1: 9.655503 2.623732 -24.563000 24.531250 333 6449 4600
Ch1: 9.756256 4.921597 -24.563000 24.625000 332 6450 4648
Ch1: 9.861207 2.623732 -24.563000 24.625000 331 6449 4698
Ch1: 9.968257 0.325868 -24.563000 24.593750 330 6448 4749
Ch1: 10.069010 0.325868 -24.563000 24.656250 329 6448 4797
Ch1: 10.182358 -18.057046 -24.563000 24.531250 328 6440 4851
Ch1: 10.264219 21.006646 -24.563000 24.562500 327 6457 4890
Ch1: 10.367072 0.325868 -24.563000 24.562500 326 6448 4939
Ch1: 10.465726 0.325868 -24.563000 24.625000 325 6448 4986
Ch1: 10.566479 23.304511 -24.563000 24.562500 324 6458 5034
Ch1: 10.669331 21.006646 -24.563000 24.562500 323 6457 5083
Ch1: 10.770084 25.602375 -24.563000 24.656250 322 6459 5131
Ch1: 10.875035 21.006646 -24.563000 24.625000 321 6457 5181
Ch1: 10.975788 23.304511 -24.563000 24.531250 320 6458 5229
Ch1: 11.097531 11.815189 -24.563000 24.531250 319 6453 5287
Ch1: 11.215077 7.219461 -24.563000 24.562500 318 6451 5343
Ch1: 11.324226 -31.844231 -24.563000 24.531250 317 6434 5395
Ch1: 11.374602 21.006646 -24.563000 24.562500 316 6457 5419
Ch1: 11.477454 25.602375 -24.563000 24.625000 315 6459 5468
Ch1: 11.582406 18.708782 -24.563000 24.625000 314 6456 5518
Ch1: 11.678961 21.006646 -24.563000 24.531250 313 6457 5564
Ch1: 11.781813 18.708782 -24.563000 24.625000 312 6456 5613
Ch1: 11.882566 16.410918 -24.500000 24.656250 311 6455 5661
Ch1: 11.987517 18.708782 -24.563000 24.531250 310 6456 5711
Ch1: 12.086171 21.006646 -24.500000 24.625000 309 6457 5758
Ch1: 12.191122 21.006646 -24.563000 24.531250 308 6457 5808
Ch1: 12.298172 16.410918 -24.563000 24.562500 307 6455 5859
Ch1: 12.396826 16.410918 -24.500000 24.562500 306 6455 5906
Ch1: 12.493381 7.219461 -24.500000 24.625000 305 6451 5952
Ch1: 12.589936 7.219461 -24.563000 24.531250 304 6451 5998
Ch1: 12.688590 -1.971996 -24.563000 24.593750 303 6447 6045
Ch1: 12.799839 7.219461 -24.500000 24.500000 302 6451 6098
Ch1: 12.894295 4.921597 -24.563000 24.531250 301 6450 6143
Ch1: 12.995048 11.815189 -24.500000 24.625000 300 6453 6191
Ch1: 13.097900 9.517325 -24.500000 24.531250 299 6452 6240
Ch1: 13.204950 9.517325 -24.500000 24.625000 298 6452 6291
Ch1: 13.307802 11.815189 -24.500000 24.531250 297 6453 6340
Ch1: 13.412753 -22.652774 -24.500000 24.531250 296 6438 6390
Ch1: 13.503011 4.921597 -24.500000 24.531250 295 6450 6433
Ch1: 13.603764 14.113054 -24.500000 24.625000 294 6454 6481
Ch1: 13.702418 18.708782 -24.500000 24.531250 293 6456 6528
Ch1: 13.805270 18.708782 -24.500000 24.562500 292 6456 6577
Ch1: 13.908122 14.113054 -24.500000 24.531250 291 6454 6626
Ch1: 14.008875 18.708782 -24.500000 24.531250 290 6456 6674
Ch1: 14.113827 21.006646 -24.500000 24.531250 289 6457 6724
Ch1: 14.214580 18.708782 -24.500000 24.625000 288 6456 6772
Ch1: 14.313234 18.708782 -24.500000 24.625000 287 6456 6819
Ch1: 14.430779 18.708782 -24.500000 24.625000 286 6456 6875
Ch1: 14.512641 23.304511 -24.500000 24.500000 285 6458 6914
Ch1: 14.615493 18.708782 -24.500000 24.500000 284 6456 6963
Ch1: 14.716246 21.006646 -24.500000 24.593750 283 6457 7011
Ch1: 14.819098 23.304511 -24.500000 24.500000 282 6458 7060
Ch1: 14.917752 23.304511 -24.500000 24.593750 281 6458 7107
Ch1: 15.020604 21.006646 -24.500000 24.531250 280 6457 7156
Ch1: 15.121357 23.304511 -24.500000 24.531250 279 6458 7204
Ch1: 15.224209 23.304511 -24.500000 24.593750 278 6458 7253
Ch1: 15.327061 21.006646 -24.500000 24.500000 277 6457 7302
Ch1: 15.432013 21.006646 -24.500000 24.531250 276 6457 7352
Ch1: 15.539063 4.921597 -24.500000 24.625000 275 6450 7403
Ch1: 15.654509 4.921597 -24.500000 24.500000 274 6450 7458
Ch1: 15.751064 9.517325 -24.500000 24.593750 273 6452 7504
Ch1: 15.851817 0.325868 -24.438000 24.500000 272 6448 7552
Ch1: 15.948372 4.921597 -24.500000 24.500000 271 6450 7598
Ch1: 16.040729 14.113054 -24.500000 24.593750 270 6454 7642
Ch1: 16.137284 18.708782 -24.500000 24.468750 269 6456 7688
Ch1: 16.240136 11.815189 -24.500000 24.593750 268 6453 7737
Ch1: 16.347186 -4.269860 -24.500000 24.531250 267 6446 7788
Ch1: 16.439543 11.815189 -24.438000 24.500000 266 6453 7832
Ch1: 16.538197 9.517325 -24.500000 24.593750 265 6452 7879
Ch1: 16.638950 11.815189 -24.438000 24.593750 264 6453 7927
Ch1: 16.741803 9.517325 -24.438000 24.562500 263 6452 7976
Ch1: 16.842556 7.219461 -24.438000 24.468750 262 6451 8024
Ch1: 16.941210 7.219461 -24.438000 24.593750 261 6451 8071
Ch1: 17.044062 7.219461 -24.438000 24.500000 260 6451 8120
Ch1: 17.149013 2.623732 -24.438000 24.500000 259 6449 8170
Ch1: 17.251865 0.325868 -24.438000 24.531250 258 6448 8219
Ch1: 17.358915 0.325868 -24.438000 24.593750 257 6448 8270
Ch1: 17.449173 7.219461 -24.438000 24.593750 256 6451 8313
Ch1: 17.545728 4.921597 -24.438000 24.562500 255 6450 8359
Ch1: 17.656976 16.410918 -24.438000 24.593750 254 6455 8412
Ch1: 17.751432 16.410918 -24.438000 24.593750 253 6455 8457
Ch1: 17.856383 16.410918 -24.438000 24.593750 252 6455 8507
Ch1: 17.957137 16.410918 -24.438000 24.500000 251 6455 8555
Ch1: 18.059989 11.815189 -24.438000 24.468750 250 6453 8604
Ch1: 18.160742 16.410918 -24.438000 24.500000 249 6455 8652
Ch1: 18.263594 14.113054 -24.438000 24.562500 248 6454 8701
Ch1: 18.366446 11.815189 -24.438000 24.562500 247 6453 8750
Ch1: 18.473496 -34.142095 -24.438000 24.562500 246 6433 8801
Ch1: 18.559556 7.219461 -24.438000 24.562500 245 6451 8842
Ch1: 18.662408 16.410918 -24.438000 24.500000 244 6455 8891
Ch1: 18.765260 16.410918 -24.438000 24.500000 243 6455 8940
Ch1: 18.863914 14.113054 -24.438000 24.468750 242 6454 8987
Ch1: 18.968865 16.410918 -24.438000 24.500000 241 6455 9037
Ch1: 19.067519 18.708782 -24.438000 24.468750 240 6456 9084
Ch1: 19.166173 16.410918 -24.438000 24.593750 239 6455 9131
Ch1: 19.279521 18.708782 -24.438000 24.500000 238 6456 9185
Ch1: 19.378175 16.410918 -24.438000 24.500000 237 6455 9232
Ch1: 19.481027 16.410918 -24.438000 24.468750 236 6455 9281
Ch1: 19.575483 23.304511 -24.438000 24.468750 235 6458 9326
Ch1: 19.676236 23.304511 -24.438000 24.562500 234 6458 9374
Ch1: 19.776989 21.006646 -24.438000 24.468750 233 6457 9422
Ch1: 19.875643 21.006646 -24.438000 24.468750 232 6457 9469
Ch1: 19.976396 23.304511 -24.438000 24.531250 231 6458 9517
Ch1: 20.083446 23.304511 -24.438000 24.468750 230 6458 9568
Ch1: 20.180001 16.410918 -24.438000 24.500000 229 6455 9614
Ch1: 20.280754 21.006646 -24.438000 24.531250 228 6457 9662
Ch1: 20.385705 21.006646 -24.438000 24.593750 227 6457 9712
Ch1: 20.490657 21.006646 -24.375000 24.468750 226 6457 9762
Ch1: 20.593509 -4.269860 -24.438000 24.562500 225 6446 9811
Ch1: 20.683767 16.410918 -24.438000 24.437500 224 6455 9854
Ch1: 20.780322 0.325868 -24.438000 24.468750 223 6448 9900
Ch1: 20.893669 2.623732 -24.438000 24.468750 222 6449 9954
Ch1: 20.986026 4.921597 -24.438000 24.531250 221 6450 9998
Ch1: 21.086779 7.219461 -24.438000 24.468750 220 6451 10046
Ch1: 21.191730 9.517325 -24.438000 24.500000 219 6452 10096
Ch1: 21.294582 9.517325 -24.438000 24.468750 218 6452 10145
Ch1: 21.395335 11.815189 -24.438000 24.468750 217 6453 10193
Ch1: 21.498187 14.113054 -24.375000 24.468750 216 6454 10242
Ch1: 21.603138 7.219461 -24.438000 24.468750 215 6451 10292
Ch1: 21.693396 18.708782 -24.438000 24.562500 214 6456 10335
Ch1: 21.794149 16.410918 -24.438000 24.468750 213 6455 10383
Ch1: 21.892804 18.708782 -24.375000 24.468750 212 6456 10430
Ch1: 21.995656 18.708782 -24.375000 24.468750 211 6456 10479
Ch1: 22.096409 16.410918 -24.375000 24.468750 210 6455 10527
Ch1: 22.199261 21.006646 -24.375000 24.531250 209 6457 10576
Ch1: 22.302113 21.006646 -24.375000 24.468750 208 6457 10625
Ch1: 22.396569 16.410918 -24.375000 24.531250 207 6455 10670
Ch1: 22.512015 18.708782 -24.375000 24.468750 206 6456 10725
Ch1: 22.610669 21.006646 -24.375000 24.562500 205 6457 10772
Ch1: 22.713521 16.410918 -24.375000 24.531250 204 6455 10821
Ch1: 22.803779 -4.269860 -24.375000 24.531250 203 6446 10864
Ch1: 22.906631 0.325868 -24.375000 24.562500 202 6448 10913
Ch1: 23.005285 0.325868 -24.375000 24.500000 201 6448 10960
Ch1: 23.106038 -1.971996 -24.375000 24.468750 200 6447 11008
Ch1: 32.131835 1981.084846 -24.438000 24.437500 99 7310 15308
Ch1: 32.138132 2015.552809 -24.438000 24.531250 100 7325 15311
Ch1: 32.106646 1863.893769 -24.438000 24.437500 101 7259 15296
Ch1: 32.045775 1765.085607 -24.438000 24.531250 102 7216 15267
Ch1: 32.007992 1654.788123 -24.438000 24.562500 103 7168 15249
Ch1: 31.949220 1588.150060 -24.375000 24.406250 104 7139 15221
Ch1: 31.926131 1454.873934 -24.438000 24.531250 105 7081 15210
Ch1: 31.909338 1328.491401 -24.375000 24.531250 106 7026 15202
Ch1: 31.821179 1319.299944 -24.438000 24.531250 107 7022 15160
Ch1: 31.781298 1174.534496 -24.375000 24.437500 108 6959 15141
Ch1: 31.724624 1073.428470 -24.375000 24.437500 109 6915 15114
Ch1: 31.691040 990.705357 -24.375000 24.531250 110 6879 15098
Ch1: 31.619673 944.748072 -24.375000 24.437500 111 6859 15064
Ch1: 31.560901 868.918552 -24.375000 24.437500 112 6826 15036
Ch1: 31.493732 811.471946 -24.375000 24.406250 113 6801 15004
Ch1: 31.437058 733.344562 -24.375000 24.437500 114 6767 14977
Ch1: 31.371989 719.557376 -24.375000 24.531250 115 6761 14946
Ch1: 31.302721 634.536399 -24.375000 24.437500 116 6724 14913
Ch1: 31.225057 581.685522 -24.375000 24.437500 117 6701 14876
Ch1: 31.149492 526.536780 -24.375000 24.437500 118 6677 14840
Ch1: 31.084423 496.664545 -24.375000 24.437500 119 6664 14809
Ch1: 31.004660 475.983766 -24.375000 24.406250 120 6655 14771
Ch1: 30.922798 432.324346 -24.375000 24.437500 121 6636 14732
Ch1: 30.847233 402.452111 -24.375000 24.531250 122 6623 14696
Ch1: 30.767470 370.282011 -24.375000 24.437500 123 6609 14658
Ch1: 30.677212 331.218319 -24.375000 24.500000 124 6592 14615
Ch1: 30.586954 319.728998 -24.375000 24.437500 125 6587 14572
Ch1: 30.509290 296.750356 -24.375000 24.531250 126 6577 14535
Ch1: 30.423231 276.069577 -24.375000 24.437500 127 6568 14494
Ch1: 30.337171 223.218700 -24.375000 24.406250 128 6545 14453
Ch1: 30.249012 204.835786 -24.375000 24.437500 129 6537 14411
Ch1: 30.167150 197.942193 -24.375000 24.437500 130 6534 14372
Ch1: 30.085288 181.857143 -24.375000 24.437500 131 6527 14333
Ch1: 29.976139 188.750736 -24.375000 24.437500 132 6530 14281
Ch1: 29.883782 170.367822 -24.375000 24.500000 133 6522 14237
Ch1: 29.789326 156.580637 -24.375000 24.406250 134 6516 14192
Ch1: 29.699068 142.793451 -24.375000 24.500000 135 6510 14149
Ch1: 29.608810 131.304130 -24.375000 24.500000 136 6505 14106
Ch1: 29.514354 126.708402 -24.375000 24.406250 137 6503 14061
Ch1: 29.426195 106.027623 -24.313000 24.406250 138 6494 14019
Ch1: 29.325442 101.431895 -24.375000 24.531250 139 6492 13971
Ch1: 29.228887 99.134031 -24.375000 24.437500 140 6491 13925
Ch1: 29.132332 94.538302 -24.375000 24.437500 141 6489 13879
Ch1: 29.035777 85.346845 -24.375000 24.500000 142 6485 13833
Ch1: 28.945519 78.453252 -24.375000 24.406250 143 6482 13790
Ch1: 28.851063 73.857524 -24.375000 24.406250 144 6480 13745
Ch1: 28.748211 60.070339 -24.375000 24.437500 145 6474 13696
Ch1: 28.657953 60.070339 -24.313000 24.500000 146 6474 13653
Ch1: 28.561398 57.772474 -24.313000 24.406250 147 6473 13607
Ch1: 28.464843 53.176746 85.000000 24.500000 148 6471 13561
Ch1: 28.368288 30.198103 -24.313000 24.437500 149 6461 13515
Ch1: 28.267535 41.687425 -24.375000 24.500000 150 6466 13467
Ch1: 28.166781 57.772474 -24.313000 24.406250 151 6473 13419
Ch1: 28.070226 62.368203 -24.375000 24.500000 152 6475 13373
Ch1: 27.971572 57.772474 -24.313000 24.500000 153 6473 13326
Ch1: 27.875017 53.176746 -24.313000 24.437500 154 6471 13280
Ch1: 27.776363 53.176746 -24.313000 24.406250 155 6471 13233
Ch1: 27.681907 48.581017 -24.313000 24.500000 156 6469 13188
Ch1: 27.583253 41.687425 -24.313000 24.531250 157 6466 13141
Ch1: 27.484599 41.687425 -24.313000 24.468750 158 6466 13094
Ch1: 27.390143 30.198103 -24.313000 24.500000 159 6461 13049
Ch1: 27.287291 37.091696 -24.313000 24.406250 160 6464 13000
Ch1: 27.178142 21.006646 -24.313000 24.406250 161 6457 12948
Ch1: 27.083686 25.602375 -24.313000 24.500000 162 6459 12903
Ch1: 26.985032 21.006646 -24.313000 24.406250 163 6457 12856
Ch1: 26.886378 21.006646 -24.313000 24.375000 164 6457 12809
Ch1: 26.785625 18.708782 -24.313000 24.437500 165 6456 12761
Ch1: 26.684872 23.304511 -24.313000 24.406250 166 6458 12713
Ch1: 26.588317 14.113054 -24.313000 24.406250 167 6454 12667
Ch1: 26.491762 14.113054 -24.313000 24.468750 168 6454 12621
Ch1: 26.395207 4.921597 -24.375000 24.406250 169 6450 12575
Ch1: 26.294453 9.517325 -24.313000 24.406250 170 6452 12527
Ch1: 26.189502 7.219461 -24.313000 24.531250 171 6451 12477
Ch1: 26.095046 0.325868 -24.313000 24.406250 172 6448 12432
Ch1: 25.990095 4.921597 -24.313000 24.500000 173 6450 12382
Ch1: 25.889342 4.921597 -24.313000 24.468750 174 6450 12334
Ch1: 25.790688 0.325868 -24.313000 24.500000 175 6448 12287
Ch1: 25.696232 2.623732 -24.313000 24.375000 176 6449 12242
Ch1: 25.589182 0.325868 -24.313000 24.406250 177 6448 12191
Ch1: 25.496825 0.325868 -24.313000 24.406250 178 6448 12147
Ch1: 25.400270 4.921597 -24.313000 24.468750 179 6450 12101
Ch1: 25.314210 -31.844231 -24.313000 24.406250 180 6434 12060
Ch1: 25.194566 21.006646 -24.313000 24.437500 181 6457 12003
Ch1: 25.091714 16.410918 -24.313000 24.468750 182 6455 11954
Ch1: 24.995159 11.815189 -24.313000 24.468750 183 6453 11908
Ch1: 24.894406 14.113054 -24.313000 24.468750 184 6454 11860
Ch1: 24.793652 9.517325 -24.313000 24.406250 185 6452 11812
Ch1: 24.694998 7.219461 -24.313000 24.500000 186 6451 11765
Ch1: 24.594245 7.219461 -24.313000 24.500000 187 6451 11717
Ch1: 24.497690 7.219461 -24.313000 24.406250 188 6451 11671
Ch1: 24.396937 7.219461 -24.313000 24.468750 189 6451 11623
Ch1: 24.298283 2.623732 -24.313000 24.406250 190 6449 11576
Ch1: 24.193332 4.921597 -24.313000 24.406250 191 6450 11526
Ch1: 24.096777 7.219461 -24.313000 24.406250 192 6451 11480
Ch1: 23.989727 4.921597 -24.313000 24.375000 193 6450 11429
Ch1: 23.895271 0.325868 -24.313000 24.500000 194 6448 11384
Ch1: 23.796617 0.325868 -24.313000 24.468750 195 6448 11337
Ch1: 23.693765 2.623732 -24.313000 24.406250 196 6449 11288
Ch1: 23.595111 2.623732 -24.313000 24.468750 197 6449 11241
Ch1: 23.494358 2.623732 -24.313000 24.468750 198 6449 11193
Ch1: 23.395704 -1.971996 -24.313000 24.406250 199 6447 11146
Ch1: 23.301248 0.325868 -24.313000 24.375000 200 6448 11101
Ch1: 23.198395 -18.057046 -24.313000 24.468750 201 6440 11052
Ch1: 23.091345 0.325868 -24.250000 24.437500 202 6448 11001
Ch1: 22.990592 2.623732 -24.313000 24.375000 203 6449 10953
Ch1: 22.891938 -4.269860 -24.313000 24.375000 204 6446 10906
Ch1: 22.791185 -4.269860 -24.250000 24.375000 205 6446 10858
Ch1: 22.686234 0.325868 -24.313000 24.406250 206 6448 10808
Ch1: 22.587580 -1.971996 -24.313000 24.375000 207 6447 10761
Ch1: 22.493124 -4.269860 -24.313000 24.406250 208 6446 10716
Ch1: 22.381876 0.325868 -24.313000 24.437500 209 6448 10663
Ch1: 22.289519 -1.971996 -24.313000 24.375000 210 6447 10619
Ch1: 22.192964 -11.163453 -24.313000 24.437500 211 6443 10573
Ch1: 22.081716 -4.269860 -24.313000 24.375000 212 6446 10520
Ch1: 21.980962 23.304511 -24.313000 24.375000 213 6458 10472
Ch1: 21.878110 18.708782 -24.313000 24.375000 214 6456 10423
Ch1: 21.777357 18.708782 -24.313000 24.437500 215 6456 10375
Ch1: 21.680802 16.410918 -24.313000 24.437500 216 6455 10329
Ch1: 21.577950 18.708782 -24.313000 24.437500 217 6456 10280
Ch1: 21.477197 21.006646 -24.313000 24.437500 218 6457 10232
Ch1: 21.378543 18.708782 -24.313000 24.343750 219 6456 10185
Ch1: 21.281988 18.708782 -24.250000 24.437500 220 6456 10139
Ch1: 21.183334 14.113054 -24.313000 24.375000 221 6454 10092
Ch1: 21.078383 14.113054 -24.313000 24.437500 222 6454 10042
Ch1: 20.973432 14.113054 -24.250000 24.343750 223 6454 9992
Ch1: 20.876877 14.113054 -24.313000 24.343750 224 6454 9946
Ch1: 20.765629 14.113054 -24.313000 24.468750 225 6454 9893
Ch1: 20.671173 11.815189 -24.250000 24.468750 226 6453 9848
Ch1: 20.572518 7.219461 -24.250000 24.437500 227 6451 9801
Ch1: 20.469666 9.517325 -24.250000 24.468750 228 6452 9752
Ch1: 20.368913 11.815189 -24.250000 24.343750 229 6453 9704
Ch1: 20.268160 11.815189 -24.250000 24.406250 230 6453 9656
Ch1: 20.173704 9.517325 -24.313000 24.437500 231 6452 9611
Ch1: 20.075050 -13.461317 -24.250000 24.437500 232 6442 9564
Ch1: 19.961703 2.623732 -24.250000 24.437500 233 6449 9510
Ch1: 19.863049 7.219461 -24.250000 24.343750 234 6451 9463
Ch1: 19.760197 4.921597 -24.250000 24.406250 235 6450 9414
Ch1: 19.661543 4.921597 -24.250000 24.375000 236 6450 9367
Ch1: 19.558691 2.623732 -24.250000 24.375000 237 6449 9318
Ch1: 19.460037 2.623732 -24.250000 24.437500 238 6449 9271
Ch1: 19.359284 4.921597 -24.250000 24.343750 239 6450 9223
Ch1: 19.264827 -1.971996 -24.313000 24.437500 240 6447 9178
Ch1: 19.153579 4.921597 -24.250000 24.375000 241 6450 9125
Ch1: 19.063321 -4.269860 -24.250000 24.343750 242 6446 9082
Ch1: 18.952073 2.623732 -24.250000 24.406250 243 6449 9029
Ch1: 18.849221 2.623732 -24.250000 24.437500 244 6449 8980
Ch1: 18.748468 2.623732 -24.250000 24.343750 245 6449 8932
Ch1: 18.645616 -1.971996 -24.250000 24.375000 246 6447 8883
Ch1: 18.546962 2.623732 -24.250000 24.343750 247 6449 8836
Ch1: 18.448308 2.623732 -24.250000 24.375000 248 6449 8789
Ch1: 18.347555 0.325868 -24.250000 24.406250 249 6448 8741
Ch1: 18.246802 -1.971996 -24.250000 24.343750 250 6447 8693
Ch1: 18.150247 0.325868 -24.250000 24.437500 251 6448 8647
Ch1: 18.053692 -4.269860 -24.250000 24.437500 252 6446 8601
Ch1: 17.950839 -8.865589 -24.313000 24.437500 253 6444 8552
Ch1: 17.839591 21.006646 -24.250000 24.406250 254 6457 8499
Ch1: 17.740937 16.410918 -24.250000 24.406250 255 6455 8452
Ch1: 17.644382 23.304511 -24.250000 24.343750 256 6458 8406
Ch1: 17.531035 23.304511 -24.250000 24.343750 257 6458 8352
Ch1: 17.436579 25.602375 -24.250000 24.343750 258 6459 8307
Ch1: 17.335826 21.006646 -24.250000 24.406250 259 6457 8259
Ch1: 17.237172 21.006646 -24.250000 24.343750 260 6457 8212
Ch1: 17.136419 25.602375 -24.250000 24.343750 261 6459 8164
Ch1: 17.037765 21.006646 -24.250000 24.312500 262 6457 8117
Ch1: 16.941210 7.219461 -24.250000 24.406250 263 6451 8071
Ch1: 16.829962 23.304511 -24.250000 24.312500 264 6458 8018
Ch1: 16.727109 23.304511 -24.250000 24.437500 265 6458 7969
Ch1: 16.636851 7.219461 -24.250000 24.375000 266 6451 7926
Ch1: 16.529801 21.006646 -24.250000 24.343750 267 6457 7875
Ch1: 16.426949 21.006646 -24.250000 24.406250 268 6457 7826
Ch1: 16.324097 23.304511 -24.250000 24.343750 269 6458 7777
Ch1: 16.223344 21.006646 -24.250000 24.437500 270 6457 7729
Ch1: 16.126789 23.304511 -24.250000 24.343750 271 6458 7683
Ch1: 16.032333 21.006646 -24.250000 24.343750 272 6457 7638
Ch1: 15.925283 21.006646 -24.250000 24.343750 273 6457 7587
Ch1: 15.822431 23.304511 -24.250000 24.312500 274 6458 7538
Ch1: 15.719579 23.304511 -24.250000 24.312500 275 6458 7489
Ch1: 15.616727 21.006646 -24.250000 24.312500 276 6457 7440
Ch1: 15.515974 21.006646 -24.250000 24.437500 277 6457 7392
Ch1: 15.413121 21.006646 -24.250000 24.375000 278 6457 7343
Ch1: 15.310269 23.304511 -24.250000 24.312500 279 6458 7294
Ch1: 15.213714 23.304511 -24.250000 24.406250 280 6458 7248
Ch1: 15.110862 21.006646 -24.250000 24.312500 281 6457 7199
Ch1: 15.016406 23.304511 -24.250000 24.406250 282 6458 7154
Ch1: 14.917752 18.708782 -24.250000 24.343750 283 6456 7107
Ch1: 14.819098 -13.461317 -24.250000 24.437500 284 6442 7060
Ch1: 14.703652 -1.971996 -24.250000 24.343750 285 6447 7005
Ch1: 14.600800 -1.971996 -24.250000 24.312500 286 6447 6956
Ch1: 14.502146 2.623732 -24.250000 24.437500 287 6449 6909
Ch1: 14.407690 0.325868 -24.250000 24.437500 288 6448 6864
Ch1: 14.298541 -1.971996 -24.250000 24.406250 289 6447 6812
Ch1: 14.199886 2.623732 -24.250000 24.343750 290 6449 6765
Ch1: 14.101232 0.325868 -24.250000 24.406250 291 6448 6718
Ch1: 14.000479 -1.971996 -24.250000 24.375000 292 6447 6670
Ch1: 13.906023 -1.971996 -24.250000 24.406250 293 6447 6625
Ch1: 13.807369 -4.269860 -24.250000 24.312500 294 6446 6578
Ch1: 13.694022 0.325868 -24.250000 24.406250 295 6448 6524
Ch1: 13.595368 -1.971996 -24.250000 24.375000 296 6447 6477
Ch1: 13.490417 0.325868 -24.250000 24.375000 297 6448 6427
Ch1: 13.391763 0.325868 -24.250000 24.343750 298 6448 6380
Ch1: 13.291010 0.325868 -24.250000 24.312500 299 6448 6332
Ch1: 13.190257 2.623732 -24.250000 24.312500 300 6449 6284
Ch1: 13.089504 0.325868 -24.250000 24.312500 301 6448 6236
Ch1: 12.986652 0.325868 -24.250000 24.406250 302 6448 6187
Ch1: 12.890096 -1.971996 -24.250000 24.312500 303 6447 6141
Ch1: 12.801938 -1.971996 -24.250000 24.375000 304 6447 6099
Ch1: 12.686491 -6.567725 -24.250000 24.406250 305 6445 6044
Ch1: 12.581540 25.602375 -24.250000 24.343750 306 6459 5994
Ch1: 12.482886 0.325868 -24.250000 24.375000 307 6448 5947
Ch1: 12.380034 0.325868 -24.250000 24.312500 308 6448 5898
Ch1: 12.277182 -1.971996 -24.250000 24.312500 309 6447 5849
Ch1: 12.176429 0.325868 -24.250000 24.375000 310 6448 5801
Ch1: 12.075676 -4.269860 -24.250000 24.375000 311 6446 5753
Ch1: 11.979121 -1.971996 -24.250000 24.343750 312 6447 5707
Ch1: 11.878368 0.325868 -24.250000 24.375000 313 6448 5659
Ch1: 11.779714 2.623732 -24.250000 24.281250 314 6449 5612
Ch1: 11.687357 -15.759181 -24.250000 24.343750 315 6441 5568
Ch1: 11.571910 0.325868 -24.250000 24.343750 316 6448 5513
Ch1: 11.469058 18.708782 -24.250000 24.375000 317 6456 5464
Ch1: 11.366206 21.006646 -24.250000 24.343750 318 6457 5415
Ch1: 11.265453 18.708782 -24.250000 24.312500 319 6456 5367
Ch1: 11.170997 21.006646 -24.250000 24.406250 320 6457 5322
Ch1: 11.061848 16.410918 -24.250000 24.343750 321 6455 5270
Ch1: 10.967392 14.113054 -24.250000 24.406250 322 6454 5225
Ch1: 10.868738 16.410918 -24.250000 24.343750 323 6455 5178
Ch1: 10.767985 11.815189 -24.250000 24.312500 324 6453 5130
Ch1: 10.673529 7.219461 -24.250000 24.250000 325 6451 5085
Ch1: 10.562281 7.219461 -24.250000 24.406250 326 6451 5032
Ch1: 10.457330 9.517325 -24.250000 24.406250 327 6452 4982
Ch1: 10.358675 7.219461 -24.250000 24.343750 328 6451 4935
Ch1: 10.255823 2.623732 -24.250000 24.406250 329 6449 4886
Ch1: 10.157169 2.623732 -24.250000 24.375000 330 6449 4839
Ch1: 10.054317 -1.971996 -24.250000 24.375000 331 6447 4790
Ch1: 9.955663 -1.971996 -24.250000 24.375000 332 6447 4743
Ch1: 9.857009 0.325868 -24.250000 24.312500 333 6448 4696
Ch1: 9.754157 4.921597 -24.250000 24.312500 334 6450 4647
Ch1: 9.659701 0.325868 -24.250000 24.375000 335 6448 4602
Ch1: 9.567344 -29.546367 -24.250000 24.375000 336 6435 4558
Ch1: 9.437205 21.006646 -24.188000 24.250000 337 6457 4496
Ch1: 9.346947 0.325868 -24.250000 24.281250 338 6448 4453
Ch1: 9.244095 0.325868 -24.250000 24.312500 339 6448 4404
Ch1: 9.141243 0.325868 -24.250000 24.281250 340 6448 4355
Ch1: 9.042588 0.325868 -24.188000 24.281250 341 6448 4308
Ch1: 8.939736 2.623732 -24.250000 24.375000 342 6449 4259
Ch1: 8.838983 4.921597 -24.250000 24.375000 343 6450 4211
Ch1: 8.742428 4.921597 -24.250000 24.312500 344 6450 4165
Ch1: 8.641675 7.219461 -24.250000 24.312500 345 6451 4117
Ch1: 8.547219 7.219461 -24.250000 24.375000 346 6451 4072
Ch1: 8.435971 2.623732 -24.250000 24.281250 347 6449 4019
Ch1: 8.333119 9.517325 -24.250000 24.375000 348 6452 3970
Ch1: 8.232366 11.815189 -24.250000 24.312500 349 6453 3922
Ch1: 8.129514 16.410918 -24.250000 24.312500 350 6455 3873
Ch1: 8.030860 16.410918 -24.250000 24.375000 351 6455 3826
Ch1: 7.936404 16.410918 -24.250000 24.281250 352 6455 3781
Ch1: 7.827254 16.410918 -24.250000 24.375000 353 6455 3729
Ch1: 7.730699 16.410918 -24.250000 24.281250 354 6455 3683
Ch1: 7.634144 21.006646 -24.250000 24.281250 355 6457 3637
Ch1: 7.539688 18.708782 -24.250000 24.312500 356 6456 3592
Ch1: 7.441034 -6.567725 -24.188000 24.218750 357 6445 3545
Ch1: 7.323489 21.006646 -24.250000 24.375000 358 6457 3489
Ch1: 7.222736 16.410918 -24.188000 24.281250 359 6455 3441
Ch1: 7.124082 2.623732 -24.250000 24.375000 360 6449 3394
Ch1: 7.021230 4.921597 -24.188000 24.343750 361 6450 3345
Ch1: 6.922576 4.921597 -24.250000 24.375000 362 6450 3298
Ch1: 6.821823 2.623732 -24.188000 24.281250 363 6449 3250
Ch1: 6.723169 9.517325 -24.188000 24.343750 364 6452 3203
Ch1: 6.622416 7.219461 -24.250000 24.375000 365 6451 3155
Ch1: 6.523762 4.921597 -24.250000 24.343750 366 6450 3108
Ch1: 6.431405 0.325868 -24.250000 24.312500 367 6448 3064
Ch1: 6.322255 7.219461 -24.250000 24.312500 368 6451 3012
Ch1: 6.208908 7.219461 -24.250000 24.281250 369 6451 2958
Ch1: 6.110254 4.921597 -24.250000 24.375000 370 6450 2911
Ch1: 6.013699 21.006646 -24.250000 24.218750 371 6457 2865
Ch1: 5.910847 18.708782 -24.188000 24.406250 372 6456 2816
Ch1: 5.812193 16.410918 -24.250000 24.281250 373 6455 2769
Ch1: 5.711440 16.410918 -24.188000 24.312500 374 6455 2721
Ch1: 5.612786 16.410918 -24.188000 24.281250 375 6455 2674
Ch1: 5.516231 16.410918 -24.188000 24.281250 376 6455 2628
Ch1: 5.421775 16.410918 -24.250000 24.343750 377 6455 2583
Ch1: 5.318923 7.219461 -24.250000 24.281250 378 6451 2534
Ch1: 5.207675 18.708782 -24.188000 24.343750 379 6456 2481
Ch1: 5.111120 16.410918 -24.250000 24.250000 380 6455 2435
Ch1: 5.008267 18.708782 -24.250000 24.375000 381 6456 2386
Ch1: 4.907514 7.219461 -24.188000 24.281250 382 6451 2338
Ch1: 4.808860 2.623732 -24.250000 24.312500 383 6449 2291
Ch1: 4.716503 4.921597 -24.188000 24.375000 384 6450 2247
Ch1: 4.607354 7.219461 -24.250000 24.218750 385 6451 2195
Ch1: 4.514997 7.219461 -24.250000 24.312500 386 6451 2151
Ch1: 4.422640 7.219461 -24.188000 24.281250 387 6451 2107
Ch1: 4.326085 -4.269860 -24.250000 24.343750 388 6446 2061
Ch1: 4.210639 4.921597 -24.250000 24.281250 389 6450 2006
Ch1: 4.109886 7.219461 -24.188000 24.343750 390 6451 1958
Ch1: 4.013331 4.921597 -24.188000 24.312500 391 6450 1912
Ch1: 3.914677 4.921597 -24.250000 24.250000 392 6450 1865
Ch1: 3.813924 18.708782 -24.188000 24.343750 393 6456 1817
Ch1: 3.715270 23.304511 -24.188000 24.343750 394 6458 1770
Ch1: 3.616616 18.708782 -24.250000 24.250000 395 6456 1723
Ch1: 3.520061 21.006646 -24.188000 24.250000 396 6457 1677
Ch1: 3.421406 16.410918 -24.188000 24.250000 397 6455 1630
Ch1: 3.324851 18.708782 -24.188000 24.281250 398 6456 1584
Ch1: 3.228296 4.921597 -24.250000 24.218750 399 6450 1538
