12.002209663 -354.740112305 -15.188900519 0.042816981
9.328516960 -26.880844116 -15.188900519 0.565045519
9.410757065 -21.411928177 -15.188900519 0.709366312
9.508760452 -19.068105698 -15.188900519 0.796560537
9.610226631 -18.493640900 -15.188900519 0.821303961
9.708733559 -18.516618729 -15.188900519 0.820284780
9.842967033 -27.731054306 -15.188900519 0.547721711
9.932258606 -23.571920395 -15.188900519 0.644364153
10.014540672 -18.194917679 -15.188900519 0.834788087
10.117540359 -18.125982285 -15.188900519 0.837962891
10.218146324 -18.493640900 -15.188900519 0.821303961
10.314910889 -18.171939850 -15.188900519 0.835843649
10.427754402 -18.148960114 -15.188900519 0.836901973
10.520572662 -19.297891617 -15.188900519 0.787075646
10.620905876 -18.746404648 -15.188900519 0.810230058
10.723066330 -18.057046890 -15.188900519 0.841161936
10.826757431 -18.011087418 1.054682320 -0.058557393
10.926482201 -18.355768204 0.589831791 -0.032133321
11.027907372 -17.919174194 0.410606765 -0.022914380
11.128932953 -17.965131760 0.438098807 -0.024386061
11.234009743 -17.896194458 0.498451519 -0.027852375
11.332348824 -18.148960114 0.517531233 -0.028515751
11.433690071 -17.160879135 -0.010718805 0.000624607
11.537465096 -18.034067154 -0.325499778 0.018049161
11.638553619 -17.574493408 -0.314038370 0.017868986
11.741490364 -19.228956223 -0.297451017 0.015468911
11.842432022 -17.781301498 -0.235981380 0.013271322
11.939575195 -19.458742142 -0.158946064 0.008168363
12.050865173 -19.182998657 -0.211022912 0.011000517
12.143663406 -19.734487534 -0.281553117 0.014267060
12.244479179 -19.849380493 -0.388067120 0.019550591
12.347519875 -19.182998657 -0.473707877 0.024694152
12.452073097 -19.045127869 -0.771679075 0.040518451
12.551650047 -19.527679443 -1.125222303 0.057621916
12.652759552 -18.447683334 -1.408835716 0.076369249
12.754394531 -18.470661163 -1.570931714 0.085050107
12.857205391 -19.137041092 -1.686670687 0.088136441
12.956404686 -18.654489517 -1.872671595 0.100387180
13.056947708 -18.838319778 -1.925336760 0.102203210
13.161709785 -18.723426819 -2.005568466 0.107115459
13.262883186 -18.746404648 -2.043186672 0.108990855
13.365125656 -17.643430710 -2.159055644 0.122371645
13.465815544 -17.666408539 -2.131161697 0.120633557
13.563714981 -19.826400757 -2.249093233 0.113439311
13.676536560 -19.022148132 -2.291736708 0.120477282
13.770635605 -20.194059372 -2.346071664 0.116176328
13.869877815 -20.676610947 -2.411545446 0.116631563
13.972310066 -24.468086243 -2.360683383 0.096480099
14.076442719 -25.456169128 -2.273778273 0.089321306
14.174110413 -25.226381302 -2.125636211 0.084262431
14.275198936 -23.617876053 -1.854912456 0.078538496
14.376812935 -23.296176910 -1.638335212 0.070326355
14.480504990 -24.560001373 -1.475680865 0.060084722
14.580228806 -23.801706314 -1.541089312 0.064747010
14.681129456 -23.778728485 -1.389616330 0.058439472
14.784526825 -23.939577103 -1.170334411 0.048887013
14.885847092 -23.916599274 -0.918855564 0.038419156
14.989581108 -23.365112305 -0.553189213 0.023675864
15.089809418 -24.376171112 -0.133784939 0.005488349
15.186469078 -23.755748749 0.156821149 -0.006601398
15.303363800 -23.686813354 0.480597625 -0.020289670
15.397169113 -23.985534668 0.708112741 -0.029522491
15.497291565 -23.020431519 0.891187310 -0.038712885
15.601257324 -22.836603165 0.833173409 -0.036484122
15.704948425 -21.549798965 0.646396777 -0.029995490
15.805660248 -20.768526077 0.458403448 -0.022072026
15.907252312 -21.802564621 0.370518842 -0.016994278
16.008047104 -22.216180801 0.333275275 -0.015001466
16.126306534 -26.765951157 0.233390508 -0.008719679
16.211904526 -23.457027435 0.136788267 -0.005831441
16.312992096 -22.744689941 0.062620442 -0.002753190
16.415552139 -22.445966721 0.036053654 -0.001606242
16.517522812 -21.940435410 0.035716638 -0.001627891
16.620668411 -21.297033310 0.019500005 -0.000915621
16.721357346 -21.411928177 -0.022063144 0.001030414
16.817346573 -21.779586792 -0.016976978 0.000779490
16.930944443 -22.354051590 0.028925279 -0.001293961
17.026157379 -22.744689941 0.054644725 -0.002402527
17.127056122 -22.905538559 0.104712355 -0.004571486
17.230833054 -23.916599274 0.207842673 -0.008690310
17.334293365 -24.077449799 0.159799358 -0.006636889
17.434837341 -24.031492233 0.439824941 -0.018302024
17.536157608 -23.548940659 0.632918088 -0.026876712
17.636657715 -23.273197174 0.849433625 -0.036498364
17.739761353 -23.939577103 0.713928659 -0.029822108
17.839380264 -23.594898224 0.731716280 -0.031011631
17.940805435 -22.606817245 0.734454703 -0.032488196
18.046113968 -22.101287842 0.764524304 -0.034591844
18.146678925 -22.836603165 0.854293628 -0.037408962
18.249635696 -22.147243500 0.985056924 -0.044477631
18.349065781 -21.871500015 1.062068406 -0.048559468
18.445201874 -21.136184692 1.042898748 -0.049341864
18.562788010 -20.998311996 1.046630476 -0.049843553
18.658399582 -21.411928177 1.028840061 -0.048049856
18.758333206 -20.607675552 0.989967119 -0.048038757
18.873338699 -24.353193283 0.855756606 -0.035139400
18.965087891 -19.872358322 0.673452288 -0.033888896
19.064287186 -20.171081543 0.446500830 -0.022135691
19.166278839 -19.228956223 0.232027330 -0.012066559
19.266548157 -20.125123978 0.073931005 -0.003673568
19.371059418 -20.607675552 -0.095727582 0.004645239
19.470006943 -21.434906006 -0.135653413 0.006328622
19.571327209 -21.205120087 -0.068570467 0.003233675
19.674913406 -20.653631210 0.078171231 -0.003784866
19.775541306 -20.561717987 0.152339319 -0.007408881
19.879127502 -21.297033310 0.251912937 -0.011828546
19.978557587 -22.537881851 0.374073766 -0.016597556
20.075134277 -21.572778702 0.541359633 -0.025094571
20.187957764 -21.457885742 0.522149824 -0.024333703
20.281005859 -21.572778702 0.494350275 -0.022915466
20.381109238 -22.009372711 0.569213244 -0.025862311
20.484212875 -22.514902115 0.354417170 -0.015741448
20.588596344 -23.204261780 0.437636561 -0.018860180
20.687566757 -23.457027435 0.518414579 -0.022100608
20.790229797 -22.790645599 0.622666947 -0.027321163
20.891380310 -22.239158630 0.695853108 -0.031289543
20.995386124 -20.308952332 0.723462554 -0.035622840
21.093894958 -19.343849182 0.661030643 -0.034172653
21.195697784 -18.332788467 0.564267246 -0.030779128
21.298025131 -18.516618729 0.444922191 -0.024028263
21.398904800 -18.539596558 0.333324027 -0.017979033
21.501966476 -18.217895508 0.151939590 -0.008340129
21.602718353 -18.011087418 -0.087044150 0.004832809
21.700008392 -21.067247391 -0.236799294 0.011240163
21.812641144 -20.768526077 -0.272107828 0.013101933
21.906152725 -19.872358322 -0.231925248 0.011670746
22.006885529 -20.699590683 -0.101361675 0.004896796
22.108919144 -20.217037201 0.002072028 -0.000102489
22.212631226 -19.964273453 0.073180712 -0.003665584
22.312587738 -20.561717987 0.081000085 -0.003939364
22.415439606 -20.217037201 0.083033543 -0.004107107
22.515604019 -20.469802856 0.078973139 -0.003858031
22.619022369 -21.090227127 0.168389379 -0.007984237
22.717382431 -21.894479752 0.397262463 -0.018144412
22.818933487 -22.905538559 0.660817105 -0.028849665
22.922185898 -23.020431519 0.958158398 -0.041622087
23.023357391 -23.571920395 1.242244889 -0.052700199
23.127281189 -23.365112305 1.555206555 -0.066561056
23.226585388 -22.951496124 1.865452740 -0.081278045
23.322971344 -21.251077652 2.076978108 -0.097735190
23.434492111 -19.849380493 2.299482831 -0.115846579
23.527795792 -17.735345840 2.602240731 -0.146726247
23.628442764 -17.367685318 2.378304032 -0.136938457
23.731147766 -16.839178085 2.323378592 -0.137974584
23.834314346 -17.206836700 2.483189664 -0.144314130
23.933809280 -17.597473145 2.956817231 -0.168025103
24.035192490 -17.942153931 3.493864513 -0.194729380
24.135755539 -18.148960114 4.077372748 -0.224661508
24.239803314 -16.701305389 4.631642505 -0.277322185
24.339424133 -17.023006439 5.180750713 -0.304338175
24.439840317 -16.172796249 5.695767684 -0.352181997
24.543260574 -16.218753815 6.356354018 -0.391913836
24.642564774 -15.920031548 7.055824494 -0.443204178
24.746067047 -16.034925461 7.807810359 -0.486925267
24.845413208 -14.311527252 8.604258216 -0.601211741
24.941003799 -13.966847420 9.565395935 -0.684864354
25.053888321 -13.139616013 10.701184984 -0.814421439
25.147569656 -20.653631210 12.044668529 -0.583174378
25.247524261 -18.332788467 13.249921650 -0.722744479
25.350061417 -14.863014221 14.783896154 -0.994676849
25.452011108 -8.635802269 16.467276620 -1.906861240
25.550559998 -7.142190933 18.069932971 -2.530026590
25.651187897 -5.234962940 19.789391282 -3.780235220
25.751415253 -4.040073872 21.575775987 -5.340440960
25.852861404 -2.155824900 23.577109651 -10.936467825
25.950571060 -0.340512007 25.588822237 -75.148076061
26.048973083 3.726706982 27.815819133 7.463913656
26.150775909 6.736908913 30.133375499 4.472878569
26.250961304 9.425411224 32.546953702 3.453107024
26.351610184 11.884124756 35.098936564 2.953430504
26.449676514 15.055177689 37.862206649 2.514896033
26.542642593 18.984525681 40.705219533 2.144126233
26.655736923 22.661109924 43.643117870 1.925903807
26.748199463 22.569194794 46.323442320 2.052507533
26.843999863 30.106189728 49.177865488 1.633480222
26.943555832 36.103614807 52.275819927 1.447938668
27.044412613 38.631263733 55.866047488 1.446135645
27.140863419 44.605712891 59.746738729 1.339441405
27.237501144 49.982715607 63.780180108 1.276044715
27.333805084 56.508647919 67.977811857 1.202962986
27.433761597 61.770759583 72.451507346 1.172909445
27.528867722 69.491584778 77.242217384 1.111533398
27.624940872 76.683898926 82.532089170 1.076263601
27.723552704 83.945144653 88.110951194 1.049625342
27.820169449 92.975753784 94.020722049 1.011239148
27.917249680 101.638702393 100.279402457 0.986626158
28.011348724 109.750160217 106.966873146 0.974639790
28.101459503 118.987579346 114.087797139 0.958821062
28.210798264 131.487960815 121.473407292 0.923836726
28.298452377 141.529632568 129.217864976 0.913009259
28.390348434 152.214691162 137.514128013 0.903422179
28.485853195 164.531250000 145.985441680 0.887280937
28.580478668 178.777999878 154.249581327 0.862799569
28.671072006 191.140518188 162.907104915 0.852289752
28.763050079 205.157485962 171.796449565 0.837388159
28.853330612 221.127639771 180.935294590 0.818239162
28.947261810 238.545455933 190.160905046 0.797168424
29.034873962 257.158142090 199.665625047 0.776431279
29.122928619 274.782775879 209.530631744 0.762531898
29.213731766 294.360565186 220.053494570 0.747564452
29.301134109 315.454956055 231.277951491 0.733156817
29.390029907 337.974029541 243.209820967 0.719610975
29.475837708 359.849700928 259.926843133 0.722320576
29.556333542 383.218994141 281.276453792 0.733983592
29.652091980 411.574645996 304.586464585 0.740051574
29.730573654 435.357513428 331.933285522 0.762438399
29.813360214 456.773620605 361.055119890 0.790446522
29.897048950 477.523345947 391.788571501 0.820459512
29.980546951 504.270477295 424.520570700 0.841850931
30.058797836 529.868713379 459.609242773 0.867402115
30.137155533 555.604736328 496.730347445 0.894035481
30.214693069 582.351928711 536.252672365 0.920839523
30.292755127 609.604553223 577.981266772 0.948124918
30.367019653 639.637634277 622.773470080 0.973634816
30.442016602 676.518371582 670.286015933 0.990787603
30.515859604 713.192321777 721.417232643 1.011532529
30.587940216 752.026184082 775.627748243 1.031383966
30.658174515 852.971374512 833.274490814 0.976907919
30.726245880 952.422912598 895.056011967 0.939767408
30.789762497 1019.957153320 961.389705117 0.942578521
30.863542557 1116.053833008 1030.131086250 0.923012005
30.923679352 1182.163452148 1104.401786223 0.934220885
30.985181808 1248.410888672 1182.252295528 0.947005754
31.046850204 1320.356933594 1263.295032339 0.956782973
31.106273651 1399.518432617 1348.554894869 0.963584947
31.163387299 1475.531738281 1438.539450201 0.974929521
31.217479706 1555.060791016 1532.459470633 0.985465957
31.269514084 1635.531982422 1630.577829083 0.996970922
31.324172974 1724.344482422 1731.702693624 1.004267251
31.374151230 1811.249755859 1837.174133788 1.014312978
31.425472260 1914.239990234 1945.808922356 1.016491627
31.471145630 2006.177490234 2057.687846077 1.025675872
31.513631821 2104.526123047 2172.610945738 1.032351617
31.558361053 2212.870361328 2300.381494077 1.039546434
31.602523804 2318.870849609 2442.746165146 1.053420532
31.639404297 2417.288330078 2595.757690352 1.073830398
31.680482864 2537.926269531 2733.489612924 1.077056353
31.714696884 2645.351562500 2860.153601636 1.081199808
31.749855042 2757.808837891 2976.617708600 1.079341566
31.783754349 2880.675781250 3083.486039072 1.070403708
31.817653656 3006.116210938 3188.077985540 1.060530519
31.849138260 3128.178710938 3288.783698289 1.051341372
31.879888535 3257.571289062 3391.542266784 1.041126031
31.909631729 3385.424560547 3500.159741585 1.033890928
31.937549591 3521.572998047 3613.302681236 1.026047929
31.965675354 3650.873779297 3735.672180929 1.023226878
31.990255356 3787.343994141 3867.266590179 1.021102545
32.015380859 3928.616699219 4005.156368405 1.019482600
32.040527344 4070.119140625 4140.280027796 1.017238043
32.063198090 4215.987792969 4243.586849049 1.006546285
32.086475372 4356.915527344 4276.863149631 0.981626365
32.064811707 4221.640136719 4242.257999742 1.004883851
32.041240692 4078.690185547 4141.676029213 1.015442664
32.017185211 3936.774169922 4010.871355579 1.018821802
31.993341446 3787.849609375 3869.334069009 1.021512063
31.965171814 3666.775146484 3736.937638661 1.019134659
31.939626694 3522.882812500 3613.781185167 1.025802270
31.910871506 3389.997314453 3500.418103662 1.032572530
31.881065369 3262.374023438 3396.166813741 1.041010868
31.851131439 3135.577880859 3297.550849401 1.051656497
31.821012497 3013.331542969 3197.216750753 1.061023888
31.785495758 2892.004150391 3094.602279935 1.070054578
31.751491547 2767.850585938 2986.599903456 1.079032199
31.715599060 2653.899414062 2870.296325354 1.081539229
31.680524826 2542.751708984 2744.190721135 1.079220874
31.639068604 2421.010986328 2605.868201661 1.076355381
31.602209091 2315.562011719 2448.415824096 1.057374327
31.560522079 2215.260253906 2300.183068771 1.038335367
31.517240524 2109.144775391 2159.807278994 1.024020401
31.471418381 2010.635375977 2027.187183674 1.008232128
31.424884796 1910.264648438 1903.233814674 0.996319445
31.375745773 1817.637817383 1784.649142873 0.981850799
31.326293945 1731.582763672 1673.538532192 0.966479089
31.274887085 1640.242675781 1569.797747182 0.957052130
31.223398209 1557.082885742 1471.670617777 0.945145972
31.166536331 1475.003173828 1379.616653724 0.935331312
31.109926224 1401.287719727 1293.920163465 0.923379364
31.050523758 1324.562011719 1212.023356395 0.915037081
30.988685608 1251.329101562 1135.215691474 0.907207936
30.927185059 1184.920898438 1062.806540202 0.896943029
30.867069244 1122.947387695 994.701687351 0.885795451
30.794107437 1051.024291992 931.836267183 0.886598221
30.731304169 995.760681152 872.072798683 0.875785533
30.663274765 941.691894531 816.092024131 0.866623180
30.591949463 885.509155273 763.909663546 0.862678448
30.520435333 835.002075195 714.850270826 0.856105981
30.447137833 784.839721680 669.270625141 0.852748156
30.371427536 739.571777344 626.531819722 0.847154852
30.299009323 696.463867188 586.219988215 0.841709119
30.220947266 654.298034668 548.927518784 0.838956392
30.144207001 615.234313965 513.891659729 0.835277955
30.069713593 576.722106934 481.361249985 0.834650249
29.985647202 543.288208008 450.586491001 0.829369172
29.902694702 509.877258301 421.899873765 0.827453798
29.818187714 475.914825439 395.199281384 0.830399181
29.736219406 448.041748047 370.134075422 0.826115149
29.656625748 422.489501953 346.580502408 0.820329265
29.561729431 391.560241699 325.177209969 0.830465342
29.480455399 367.547546387 304.708742557 0.829032177
29.394458771 344.362091064 285.495943018 0.829057409
29.305416107 321.107727051 267.673229736 0.833593237
29.217384338 299.484802246 250.914759844 0.837821345
29.126642227 278.114685059 235.374026066 0.846320021
29.037162781 259.708770752 220.727119292 0.849902445
28.949108124 242.153106689 207.016816855 0.854900520
28.855953217 225.355712891 194.217397779 0.861825934
28.766996384 208.925979614 182.236135869 0.872252155
28.674430847 194.426467896 171.111604108 0.880083900
28.583122253 181.374588013 160.571958867 0.885305712
28.488288879 166.829116821 150.698336911 0.903309565
28.394420624 153.869155884 141.515259576 0.919711678
28.301685333 141.552612305 132.800621909 0.938171467
28.213359833 131.832641602 124.454945045 0.944037406
28.105216980 119.217361450 116.900164876 0.980563262
28.014204025 109.911010742 109.685667281 0.997949764
27.920335770 101.087211609 102.889426586 1.017828318
27.822731018 92.355331421 96.504386243 1.044924909
27.727708817 83.968124390 90.482250315 1.077578557
27.629116058 76.178367615 84.898655246 1.114471968
27.532772064 68.802223206 79.561814123 1.156384349
27.438169479 62.460117340 74.600613199 1.194371967
27.339305878 55.359718323 69.866834025 1.262051834
27.243127823 49.752929688 65.494403321 1.316392899
27.145648956 43.594650269 61.280464921 1.405687729
27.049745560 38.217651367 57.295444523 1.499188005
26.949264526 33.621921539 53.572072657 1.593367369
26.848825455 28.290876389 50.050688678 1.769145925
26.750822067 24.039827347 46.705590630 1.942842183
26.659976959 19.972606659 43.452032919 2.175581468
26.547805786 15.124114037 40.526381582 2.679587147
26.453937531 11.884124756 37.750915149 3.176583545
26.357402802 9.310517311 35.055960634 3.765200092
26.256481171 6.553080082 32.534872498 4.964821441
26.157869339 3.657771111 30.113026573 8.232616439
26.055479050 1.520758033 27.825938586 18.297413517
25.956027985 -2.109868050 25.660040768 -12.161917316
25.858926773 -3.373692989 23.569775361 -6.986342692
25.757419586 -6.429852962 21.596759842 -3.358826394
25.657630920 -7.417933941 19.763561007 -2.664294555
25.556478500 -10.244306564 18.014042904 -1.758444341
25.458328247 -11.301324844 16.316747651 -1.443790695
25.355918884 -12.473236084 14.715487862 -1.179765040
25.254135132 -13.047701836 13.245834171 -1.015185229
25.153970718 -14.012804985 11.859722948 -0.846348962
25.060375214 -15.368544579 10.534053307 -0.685429466
24.947301865 -17.206836700 9.422742083 -0.547616174
24.852340698 -17.023006439 8.485726606 -0.498485778
24.752553940 -18.240875244 7.423061778 -0.406946579
24.649492264 -18.217895508 6.494370449 -0.356483022
24.548486710 -18.815341949 5.613967984 -0.298371829
24.445152283 -19.205978394 4.736324103 -0.246606760
24.344377518 -19.366828918 4.017004391 -0.207416733
24.245429993 -19.022148132 3.345327780 -0.175864879
24.143480301 -20.217037201 2.779842446 -0.137499992
24.043104172 -19.596614838 2.287555136 -0.116732158
23.941785812 -18.861297607 1.928803891 -0.102262524
23.842145920 -19.274913788 1.554337193 -0.080640423
23.739187241 -19.297891617 1.219233298 -0.063179612
23.636083603 -19.297891617 0.958545203 -0.049670981
23.535623550 -18.769384384 0.696182365 -0.037091380
23.444065094 -19.619592667 0.558957678 -0.028489770
23.334894180 -21.457885742 0.489329926 -0.022804200
23.233743668 -18.815341949 0.429929912 -0.022849965
23.134626389 -19.941293716 0.321626730 -0.016128679
23.031040192 -19.435764313 0.255736386 -0.013158031
22.929910660 -18.723426819 0.231356458 -0.012356523
22.827791214 -18.838319778 0.179332070 -0.009519536
22.726345062 -19.389806747 0.229973796 -0.011860551
22.627649307 -18.953212738 0.219241546 -0.011567514
22.523454666 -19.964273453 0.318578142 -0.015957412
22.423603058 -20.010229111 0.354513165 -0.017716597
22.321130753 -19.274913788 0.320214479 -0.016613017
22.221866608 -19.205978394 0.512393135 -0.026678835
22.118343353 -20.285974503 0.535313035 -0.026388332
22.015806198 -19.711507797 0.763351990 -0.038726210
21.915662766 -20.745546341 0.666621920 -0.032133254
21.821205139 -20.262994766 0.620315117 -0.030613200
21.707607269 -20.837461472 0.681787786 -0.032719330
21.611093521 -18.976190567 0.633511843 -0.033384564
21.510696411 -19.757465363 0.574864555 -0.029096068
21.407342911 -19.918315887 0.491921875 -0.024696961
21.305286407 -19.114063263 0.434793104 -0.022747288
21.202707291 -20.653631210 0.332192621 -0.016083981
21.101030350 -20.079166412 0.253663850 -0.012633186
21.000970840 -20.722568512 0.137738308 -0.006646778
20.897300720 -20.354909897 0.128692584 -0.006322434
20.797260284 -20.010229111 0.094918593 -0.004743504
20.705324173 -23.457027435 -0.008471306 0.000361141
20.596467972 -20.860439301 -0.085936327 0.004119584
20.504909515 -24.422130585 -0.096873608 0.003966632
20.388370514 -19.872358322 -0.176310003 0.008872123
20.288541794 -19.872358322 -0.203227021 0.010226618
20.194169998 -19.734487534 -0.223790547 0.011340074
20.082334518 -20.607675552 -0.210266340 0.010203302
19.986680984 -19.343849182 -0.254119088 0.013136945
19.886327744 -19.435764313 -0.324093311 0.016675100
19.781900406 -20.630653381 -0.352916621 0.017106420
19.680118561 -19.872358322 -0.461934084 0.023245056
19.577497482 -19.757465363 -0.478055390 0.024196190
19.475400925 -19.619592667 -0.495897046 0.025275604
19.375970840 -20.377889633 -0.515450355 0.025294590
19.273580551 -19.941293716 -0.537753838 0.026966848
19.172302246 -19.550657272 -0.592408391 0.030301201
19.070499420 -20.079166412 -0.400307203 0.019936445
18.970859528 -20.102144241 -0.343580994 0.017091758
18.867649078 -19.550657272 -0.066105057 0.003381219
18.764190674 -19.320871353 0.066171388 -0.003424866
18.662597656 -19.849380493 0.053757363 -0.002708264
18.570156097 -19.780443192 0.048199589 -0.002436729
18.452737808 -20.722568512 0.050605606 -0.002442053
18.355131149 -19.573635101 0.027572604 -0.001408660
18.255008698 -20.079166412 0.040393594 -0.002011717
18.151884079 -19.596614838 0.046590593 -0.002377482
18.051759720 -19.550657272 0.034652984 -0.001772472
17.946998596 -20.056188583 -0.045222148 0.002254773
17.845867157 -19.343849182 -0.053014979 0.002740663
17.747255325 -19.596614838 0.000952691 -0.000048615
17.642702103 -19.366828918 -0.003400501 0.000175584
17.541593552 -19.803422928 -0.010961584 0.000553520
17.440965652 -20.056188583 -0.074213535 0.003700281
17.341011047 -19.895336151 -0.101236923 0.005088475
17.242776871 -22.032350540 -0.127605980 0.005791755
17.134403229 -19.734487534 -0.120731237 0.006117779
17.032495499 -19.987251282 -0.113062403 0.005656726
16.939048767 -19.205978394 -0.146940813 0.007650785
16.825784683 -20.033208847 -0.105245397 0.005253547
16.727718353 -20.584695816 0.005381522 -0.000261433
16.627510071 -19.274913788 -0.044098096 0.002287849
16.524007797 -19.688528061 -0.110368916 0.005605747
16.423612595 -18.654489517 -0.216268284 0.011593364
16.320550919 -19.941293716 -0.283133896 0.014198371
16.219167709 -20.194059372 -0.394487536 0.019534831
16.119987488 -19.665550232 -0.437022075 0.022222723
16.016149521 -20.010229111 -0.504815384 0.025227866
15.914178848 -18.539596558 -0.544848352 0.029388361
15.812837601 -19.022148132 -0.546465852 0.028727873
15.713533401 -19.550657272 -0.527893439 0.027001314
15.610429764 -20.354909897 -0.409863582 0.020135858
15.506276131 -19.872358322 -0.414693809 0.020867871
15.406089783 -19.251934052 -0.401396005 0.020849646
15.312934875 -19.481721878 -0.414372009 0.021269784
15.203050613 -21.779586792 -0.357071667 0.016394786
15.097134590 -18.700447083 -0.267573621 0.014308408
14.997703552 -18.838319778 -0.290453554 0.015418230
14.894390106 -18.171939850 -0.208967489 0.011499460
14.792943954 -18.194917679 -0.304876603 0.016756141
14.689126968 -18.080024719 -0.305242322 0.016882849
14.588185310 -18.884277344 -0.321815149 0.017041433
14.489152908 -18.654489517 -0.343240402 0.018399882
14.385146141 -18.608533859 -0.393887839 0.021167054
14.283637047 -18.907255173 -0.499136472 0.026399203
14.182044983 -19.343849182 -0.518241847 0.026791040
14.082194328 -18.700447083 -0.537195751 0.028726359
13.978963852 -18.861297607 -0.513449659 0.027222393
13.875482559 -18.838319778 -0.498481060 0.026461015
13.775443077 -19.160020828 -0.485976480 0.025364089
13.682665825 -19.458742142 -0.475843506 0.024453970
13.570515633 -19.366828918 -0.322919311 0.016673835
13.472805977 -18.792362213 -0.279785857 0.014888275
13.372872353 -20.079166412 -0.268819056 0.013387959
13.270145416 -18.217895508 -0.321222480 0.017632250
13.167440414 -18.424703598 -0.421683912 0.022886876
13.063854218 -17.781301498 -0.459104251 0.025819496
12.963226318 -18.103002548 -0.429290450 0.023713771
12.863144875 -17.137899399 -0.476670521 0.027813824
12.760670662 -17.597473145 -0.473848058 0.026927051
12.658804893 -18.470661163 -0.507646265 0.027483925
12.555470467 -17.873216629 -0.545195879 0.030503512
12.455577850 -17.620452881 -0.619361079 0.035150123
12.351864815 -17.804281235 -0.649586273 0.036484836
12.249327660 -18.286832809 -0.627925568 0.034337579
12.148847580 -17.942153931 -0.565893040 0.031539861
12.056427956 -17.781301498 -0.527778357 0.029681649
11.944486618 -18.953212738 -0.482044166 0.025433375
11.847049713 -18.286832809 -0.466224650 0.025495101
11.746990204 -17.896194458 -0.311306705 0.017395134
11.643864632 -17.045984268 -0.278479638 0.016336964
11.542503357 -18.148960114 -0.197551742 0.010885017
11.439314842 -18.424703598 -0.221119153 0.012001233
11.336988449 -17.344707489 -0.132829866 0.007658236
11.237767220 -18.148960114 -0.228661849 0.012599171
11.134999275 -17.183856964 -0.249630119 0.014527013
11.033027649 -16.540454865 -0.241704234 0.014612913
10.931141853 -16.425561905 -0.249142213 0.015167957
10.830221176 -16.839178085 -0.253585015 0.015059228
10.726948738 -17.597473145 -0.296332298 0.016839480
10.623593330 -17.850238800 -0.316157710 0.017711680
10.522126198 -17.045984268 -0.350512560 0.020562764
10.430084229 -17.114921570 -1.432531945 0.083700760
10.316506386 -17.068964005 -1.539279222 0.090180003
10.219132423 -17.919174194 -1.586216418 0.088520620
10.119912148 -17.712366104 -1.615623522 0.091214438
10.015736580 -18.263853073 -1.641507741 0.089877406
9.913010597 -17.183856964 -1.655297307 0.096328625
9.808899879 -18.677469254 -1.664550741 0.089120786
9.708923340 -16.655349731 -1.678535484 0.100780561
9.609995842 -17.390665054 -1.686263468 0.096963714
9.507795334 -16.931091309 -1.698908829 0.100342547
9.406454086 -17.206836700 -1.715083898 0.099674561
9.303895950 -17.482580185 -1.731910762 0.099064940
