Ch1: 3.151682 9.976898 -24.438000 23.500000 419 6457 1489
Ch1: 3.131951 11.585403 -24.438000 23.500000 418 6453 1492
Ch1: 3.148743 11.355617 -24.438000 23.531250 417 6449 1500
Ch1: 3.186316 12.044976 -24.438000 23.500000 416 6459 1520
Ch1: 3.276364 11.815189 -24.438000 23.500000 415 6448 1568
Ch1: 3.365782 11.355617 -24.438000 23.500000 414 6450 1611
Ch1: 3.462967 9.517325 -24.438000 23.500000 413 6450 1657
Ch1: 3.562881 12.044976 -24.438000 23.500000 412 6452 1705
Ch1: 3.663844 12.734335 -24.438000 23.500000 411 6457 1753
Ch1: 3.763127 12.274762 -24.438000 23.500000 410 6459 1799
Ch1: 3.861362 13.423694 -24.438000 23.531250 409 6459 1847
Ch1: 3.962744 11.585403 -24.438000 23.531250 408 6449 1894
Ch1: 4.062238 11.585403 -24.438000 23.531250 407 6450 1943
Ch1: 4.159423 9.287539 -24.438000 23.500000 406 6449 1989
Ch1: 4.258497 11.585403 -24.438000 23.500000 405 6449 2036
Ch1: 4.360509 10.206684 -24.438000 23.468750 404 6442 2091
Ch1: 4.461472 11.125830 -24.438000 23.531250 403 6454 2140
Ch1: 4.562015 11.585403 -24.438000 23.500000 402 6456 2187
Ch1: 4.662349 7.908820 -24.438000 23.531250 401 6455 2231
Ch1: 4.758274 12.044976 -24.438000 23.500000 400 6454 2276
Ch1: 4.866374 9.287539 -24.375000 23.500000 399 6457 2327
Ch1: 4.958940 14.113054 -24.438000 23.500000 398 6449 2370
Ch1: 5.056965 9.976898 -24.438000 23.500000 397 6457 2418
Ch1: 5.157718 15.032199 -24.438000 23.500000 396 6459 2465
Ch1: 5.260990 9.057752 -24.438000 23.500000 395 6458 2514
Ch1: 5.361743 13.423694 -24.438000 23.500000 394 6449 2561
Ch1: 5.459557 12.044976 -24.375000 23.531250 393 6451 2608
Ch1: 5.559471 13.883267 -24.438000 23.500000 392 6457 2656
Ch1: 5.661063 12.734335 -24.438000 23.500000 391 6457 2704
Ch1: 5.760347 10.896044 -24.438000 23.500000 390 6458 2751
Ch1: 5.858162 13.193908 -24.375000 23.531250 389 6452 2799
Ch1: 5.962483 9.517325 -24.438000 23.531250 388 6450 2848
Ch1: 6.063656 10.436471 -24.438000 23.468750 387 6453 2896
Ch1: 6.166088 9.287539 -24.438000 23.531250 386 6444 2951
Ch1: 6.268311 9.976898 -24.438000 23.468750 385 6449 3000
Ch1: 6.364236 9.287539 -24.438000 23.500000 384 6452 3044
Ch1: 6.474015 10.436471 -24.375000 23.500000 383 6453 3096
Ch1: 6.568891 13.193908 -24.438000 23.531250 382 6456 3139
Ch1: 6.667964 11.815189 -24.375000 23.531250 381 6449 3185
Ch1: 6.767878 10.436471 -24.375000 23.531250 380 6449 3233
Ch1: 6.868421 9.517325 -24.438000 23.500000 379 6453 3280
Ch1: 6.971063 12.274762 -24.438000 23.531250 378 6450 3328
Ch1: 7.070347 8.368393 -24.438000 23.531250 377 6446 3376
Ch1: 7.232601 -11.163453 -24.375000 23.531250 376 6446 3456
Ch1: 7.305647 -2.891142 -24.438000 23.531250 375 6452 3488
Ch1: 7.403882 2.164160 -24.438000 23.500000 374 6448 3535
Ch1: 7.473569 7.679034 -24.438000 23.500000 373 6457 3568
Ch1: 7.573902 11.355617 -24.438000 23.500000 372 6456 3616
Ch1: 7.675915 8.598179 -24.375000 23.468750 371 6449 3664
Ch1: 7.778137 9.976898 -24.438000 23.500000 370 6451 3713
Ch1: 7.877421 14.113054 -24.375000 23.531250 369 6446 3764
Ch1: 7.976075 9.517325 -24.375000 23.500000 368 6451 3813
Ch1: 8.087953 10.896044 -24.375000 23.531250 367 6453 3868
Ch1: 8.187447 6.989675 -24.375000 23.531250 366 6457 3910
Ch1: 8.284631 10.436471 -24.438000 23.500000 365 6453 3956
Ch1: 8.385804 11.585403 -24.375000 23.500000 364 6456 4004
Ch1: 8.488027 10.206684 -24.438000 23.500000 363 6454 4053
Ch1: 8.596966 9.057752 -24.438000 23.468750 362 6448 4102
Ch1: 8.688903 9.747112 -24.375000 23.531250 361 6451 4147
Ch1: 8.790706 11.815189 -24.375000 23.500000 360 6450 4196
Ch1: 8.893978 7.219461 -24.375000 23.500000 359 6451 4245
Ch1: 8.992212 11.355617 -24.375000 23.500000 358 6457 4292
Ch1: 9.094434 12.734335 -24.375000 23.531250 357 6458 4340
Ch1: 9.195817 11.585403 -24.375000 23.531250 356 6457 4388
Ch1: 9.295521 12.044976 -24.375000 23.562500 355 6450 4436
Ch1: 9.398583 11.585403 -24.438000 23.468750 354 6448 4485
Ch1: 9.497866 12.044976 -24.438000 23.500000 353 6457 4532
Ch1: 9.597990 9.976898 85.000000 23.500000 352 6449 4579
Ch1: 9.705460 11.355617 -24.438000 23.468750 351 6455 4633
Ch1: 9.804743 7.679034 -24.438000 23.500000 350 6446 4685
Ch1: 9.904027 10.206684 -24.438000 23.531250 349 6452 4732
Ch1: 10.007299 11.585403 -24.375000 23.531250 348 6458 4779
Ch1: 10.110361 9.517325 -24.375000 23.500000 347 6452 4827
Ch1: 10.210065 12.274762 -24.375000 23.531250 346 6453 4874
Ch1: 10.311238 10.206684 -24.375000 23.531250 345 6452 4921
Ch1: 10.410941 12.504549 -24.438000 23.500000 344 6456 4968
Ch1: 10.515263 9.057752 -24.438000 23.500000 343 6453 5017
Ch1: 10.612027 10.666257 -24.438000 23.500000 342 6457 5063
Ch1: 10.712571 11.355617 -24.375000 23.500000 341 6450 5113
Ch1: 10.816472 8.138607 -24.375000 23.531250 340 6449 5161
Ch1: 10.917225 8.598179 -24.438000 23.500000 339 6450 5208
Ch1: 11.020077 8.827966 -24.438000 23.562500 338 6455 5258
Ch1: 11.118732 10.206684 -24.438000 23.531250 337 6455 5305
Ch1: 11.215706 10.436471 -24.438000 23.500000 336 6457 5350
Ch1: 11.328634 10.436471 -24.375000 23.531250 335 6457 5406
Ch1: 11.425189 10.436471 -24.438000 23.531250 334 6458 5450
Ch1: 11.524892 9.747112 -24.375000 23.500000 333 6450 5498
Ch1: 11.627535 10.896044 -24.375000 23.500000 332 6451 5548
Ch1: 11.732276 5.151383 -24.375000 23.500000 331 6443 5604
Ch1: 11.832189 9.287539 -24.375000 23.500000 330 6450 5650
Ch1: 11.935461 9.517325 -24.375000 23.531250 329 6448 5697
Ch1: 12.034115 7.908820 -24.375000 23.531250 328 6448 5743
Ch1: 12.136967 10.206684 -24.375000 23.531250 327 6448 5791
Ch1: 12.236461 9.747112 -24.375000 23.531250 326 6447 5838
Ch1: 12.336164 10.206684 -24.375000 23.531250 325 6457 5885
Ch1: 12.440696 7.679034 -24.375000 23.500000 324 6457 5934
Ch1: 12.540189 8.598179 -24.375000 23.531250 323 6456 5982
Ch1: 12.642622 10.206684 -24.375000 23.531250 322 6453 6031
Ch1: 12.742745 7.908820 -24.375000 23.500000 321 6452 6078
Ch1: 12.839510 10.436471 -24.375000 23.500000 320 6449 6124
Ch1: 12.949289 6.989675 -24.438000 23.531250 319 6448 6178
Ch1: 13.045634 7.908820 -24.438000 23.531250 318 6446 6222
Ch1: 13.142609 9.747112 -24.438000 23.500000 317 6449 6269
Ch1: 13.245881 9.287539 -24.438000 23.531250 316 6450 6318
Ch1: 13.348943 10.666257 -24.375000 23.531250 315 6452 6367
Ch1: 13.449906 8.827966 -24.375000 23.562500 314 6455 6415
Ch1: 13.550239 12.044976 -24.375000 23.562500 313 6454 6463
Ch1: 13.651832 6.530102 -24.375000 23.531250 312 6438 6517
Ch1: 13.754684 9.287539 -24.375000 23.500000 311 6447 6566
Ch1: 13.855857 11.125830 -24.375000 23.562500 310 6459 6612
Ch1: 13.955980 8.598179 -24.375000 23.500000 309 6457 6659
Ch1: 14.059042 11.815189 -24.375000 23.500000 308 6456 6707
Ch1: 14.159375 8.138607 -24.375000 23.562500 307 6457 6754
Ch1: 14.261388 12.964122 -24.375000 23.500000 306 6449 6803
Ch1: 14.361931 8.368393 -24.375000 23.531250 305 6453 6849
Ch1: 14.457227 10.666257 -24.375000 23.531250 304 6452 6895
Ch1: 14.567425 10.206684 -24.375000 23.531250 303 6452 6948
Ch1: 14.664610 8.827966 -24.375000 23.531250 302 6448 6993
Ch1: 14.762424 11.585403 -24.375000 23.562500 301 6457 7040
Ch1: 14.865486 9.287539 -24.375000 23.500000 300 6454 7090
Ch1: 14.968758 11.125830 -24.375000 23.531250 299 6457 7139
Ch1: 15.068882 8.138607 -24.375000 23.531250 298 6456 7186
Ch1: 15.169215 7.908820 -24.375000 23.562500 297 6453 7234
Ch1: 15.271647 6.530102 -24.375000 23.531250 296 6458 7283
Ch1: 15.372820 8.368393 -24.375000 23.562500 295 6456 7331
Ch1: 15.473363 8.827966 -24.375000 23.500000 294 6449 7383
Ch1: 15.574536 7.908820 -24.438000 23.531250 293 6451 7433
Ch1: 15.676759 10.436471 -24.375000 23.500000 292 6453 7481
Ch1: 15.778351 7.219461 -24.375000 23.531250 291 6452 7527
Ch1: 15.882463 9.517325 -24.375000 23.531250 290 6455 7576
Ch1: 15.982586 7.908820 -24.375000 23.531250 289 6455 7623
Ch1: 16.078092 8.827966 -24.375000 23.531250 288 6455 7668
Ch1: 16.187031 10.666257 -24.375000 23.562500 287 6459 7720
Ch1: 16.282956 6.759888 -24.375000 23.562500 286 6457 7765
Ch1: 16.380561 9.057752 -24.375000 23.562500 285 6456 7811
Ch1: 16.485092 7.219461 -24.375000 23.500000 284 6446 7862
Ch1: 16.587734 10.436471 -24.375000 23.531250 283 6448 7911
Ch1: 16.688697 7.219461 -24.438000 23.531250 282 6454 7958
Ch1: 16.789240 7.219461 -24.375000 23.500000 281 6449 8007
Ch1: 16.890623 4.462024 -24.375000 23.531250 280 6452 8054
Ch1: 16.991796 10.206684 -24.375000 23.562500 279 6457 8102
Ch1: 17.091920 7.679034 -24.375000 23.562500 278 6456 8150
Ch1: 17.192673 7.449247 -24.375000 23.531250 277 6457 8198
Ch1: 17.299723 6.530102 -24.375000 23.531250 276 6449 8248
Ch1: 17.396698 4.921597 -24.375000 23.562500 275 6450 8295
Ch1: 17.498080 9.517325 -24.375000 23.500000 274 6450 8344
Ch1: 17.599673 3.313092 -24.375000 23.531250 273 6452 8391
Ch1: 17.694129 7.449247 -24.375000 23.562500 272 6448 8437
Ch1: 17.806217 8.138607 -24.375000 23.562500 271 6445 8497
Ch1: 17.902982 8.368393 -24.375000 23.562500 270 6456 8541
Ch1: 18.001216 8.138607 -24.375000 23.562500 269 6456 8586
Ch1: 18.103648 8.138607 -24.375000 23.562500 268 6448 8634
Ch1: 18.206500 9.057752 -24.375000 23.562500 267 6448 8683
Ch1: 18.307253 7.908820 -24.375000 23.562500 266 6452 8730
Ch1: 18.408216 10.206684 -24.375000 23.531250 265 6453 8779
Ch1: 18.508760 8.827966 -24.438000 23.531250 264 6449 8825
Ch1: 18.609933 7.219461 -24.375000 23.531250 263 6446 8874
Ch1: 18.708796 7.449247 -24.375000 23.562500 262 6447 8920
Ch1: 18.809759 7.219461 -24.375000 23.531250 261 6447 8969
Ch1: 18.912192 8.827966 -24.375000 23.562500 260 6450 9018
Ch1: 19.012735 5.610956 -24.375000 23.562500 259 6450 9065
Ch1: 19.116217 7.908820 -24.375000 23.531250 258 6454 9115
Ch1: 19.215920 9.517325 -24.375000 23.562500 257 6455 9162
Ch1: 19.311636 7.219461 -24.375000 23.531250 256 6456 9207
Ch1: 19.423933 5.381170 85.000000 23.531250 255 6448 9262
Ch1: 19.520488 4.921597 -24.375000 23.531250 254 6448 9306
Ch1: 19.618723 7.219461 -24.375000 23.531250 253 6453 9355
Ch1: 19.722414 4.462024 -24.375000 23.531250 252 6439 9408
Ch1: 19.825896 7.679034 -24.375000 23.531250 251 6456 9457
Ch1: 19.929168 6.070529 -24.375000 23.531250 250 6446 9503
Ch1: 20.026983 7.219461 -24.375000 23.531250 249 6449 9550
Ch1: 20.127316 8.598179 -24.375000 23.562500 248 6456 9597
Ch1: 20.229538 6.989675 -24.375000 23.562500 247 6455 9646
Ch1: 20.327982 8.138607 -24.375000 23.593750 246 6454 9692
Ch1: 20.428945 5.840742 -24.375000 23.593750 245 6453 9740
Ch1: 20.531588 7.449247 -24.375000 23.531250 244 6450 9789
Ch1: 20.631921 7.679034 -24.375000 23.531250 243 6449 9837
Ch1: 20.733723 6.300315 -24.375000 23.562500 242 6449 9885
Ch1: 20.834476 7.449247 -24.375000 23.562500 241 6448 9933
Ch1: 20.931031 5.381170 -24.375000 23.562500 240 6451 9979
Ch1: 21.042280 8.827966 -24.375000 23.593750 239 6456 10033
Ch1: 21.140094 7.679034 -24.375000 23.531250 238 6456 10078
Ch1: 21.238958 7.219461 -24.438000 23.593750 237 6457 10125
Ch1: 21.341600 5.151383 -24.375000 23.562500 236 6451 10175
Ch1: 21.444662 3.542878 -24.375000 23.531250 235 6458 10223
Ch1: 21.543316 6.989675 -24.375000 23.562500 234 6450 10272
Ch1: 21.645958 3.083305 -24.375000 23.562500 233 6442 10325
Ch1: 21.745242 6.759888 -24.375000 23.593750 232 6449 10371
Ch1: 21.849144 5.610956 -24.375000 23.593750 231 6452 10419
Ch1: 21.947378 4.462024 -24.375000 23.562500 230 6446 10464
Ch1: 22.047082 4.691810 -24.375000 23.562500 229 6450 10511
Ch1: 22.150773 6.989675 -24.375000 23.562500 228 6450 10561
Ch1: 22.250057 6.530102 -24.375000 23.562500 227 6453 10608
Ch1: 22.352699 4.691810 -24.375000 23.531250 226 6448 10657
Ch1: 22.451143 6.300315 -24.375000 23.562500 225 6446 10703
Ch1: 22.546649 2.853519 -24.375000 23.531250 224 6446 10748
Ch1: 22.657267 6.989675 -24.375000 23.562500 223 6448 10802
Ch1: 22.755082 4.691810 -24.375000 23.562500 222 6451 10847
Ch1: 22.853526 6.759888 -24.375000 23.562500 221 6449 10895
Ch1: 22.955748 6.300315 -24.375000 23.562500 220 6451 10944
Ch1: 23.058181 6.989675 -24.375000 23.593750 219 6455 10992
Ch1: 23.156205 8.368393 -24.375000 23.531250 218 6455 11039
Ch1: 23.257798 5.610956 -24.375000 23.562500 217 6455 11087
Ch1: 23.357501 6.300315 -24.375000 23.593750 216 6454 11135
Ch1: 23.460563 6.300315 -24.375000 23.562500 215 6445 11188
Ch1: 23.559847 5.151383 -24.375000 23.593750 214 6452 11236
Ch1: 23.660600 6.989675 -24.375000 23.593750 213 6452 11282
Ch1: 23.763242 4.462024 -24.375000 23.562500 212 6455 11330
Ch1: 23.862106 7.908820 -24.375000 23.562500 211 6454 11376
Ch1: 23.965588 3.772665 -24.375000 23.593750 210 6454 11426
Ch1: 24.064662 8.598179 -24.375000 23.562500 209 6456 11472
Ch1: 24.160377 7.908820 -24.375000 23.562500 208 6446 11516
Ch1: 24.270786 5.840742 -24.375000 23.593750 207 6446 11571
Ch1: 24.367131 6.989675 -24.375000 23.593750 206 6447 11615
Ch1: 24.465785 3.542878 -24.375000 23.562500 205 6446 11663
Ch1: 24.566748 7.679034 -24.375000 23.562500 204 6449 11711
Ch1: 24.669810 4.232237 -24.375000 23.562500 203 6449 11760
Ch1: 24.768464 8.598179 -24.375000 23.562500 202 6448 11807
Ch1: 24.868797 6.989675 -24.375000 23.562500 201 6448 11855
Ch1: 24.968711 7.219461 -24.375000 23.562500 200 6450 11902
Ch1: 25.070304 9.976898 -24.375000 23.562500 199 6449 11951
Ch1: 25.169797 7.679034 -24.375000 23.593750 198 6453 11998
Ch1: 25.268661 7.679034 -24.375000 23.531250 197 6451 12046
Ch1: 25.372563 4.462024 -24.375000 23.593750 196 6442 12099
Ch1: 25.470797 7.449247 -24.375000 23.593750 195 6453 12145
Ch1: 25.574069 6.300315 -24.375000 23.562500 194 6450 12192
Ch1: 25.672723 8.138607 -24.375000 23.562500 193 6451 12239
Ch1: 25.766969 10.436471 -24.375000 23.562500 192 6448 12283
Ch1: 25.872130 10.666257 -24.375000 23.562500 191 6450 12334
Ch1: 25.966796 11.815189 -24.375000 23.562500 190 6454 12378
Ch1: 26.065240 10.436471 -24.375000 23.562500 189 6459 12425
Ch1: 26.165364 14.342840 -24.375000 23.593750 188 6459 12473
Ch1: 26.268426 13.193908 -24.375000 23.562500 187 6459 12522
Ch1: 26.365820 16.181131 -24.375000 23.593750 186 6460 12568
Ch1: 26.465104 15.491772 -24.375000 23.562500 185 6459 12615
Ch1: 26.564388 15.721559 -24.375000 23.593750 184 6459 12662
Ch1: 26.665561 19.627928 -24.375000 23.625000 183 6460 12711
Ch1: 26.763795 18.019423 -24.375000 23.562500 182 6460 12757
Ch1: 26.861819 20.317287 -24.375000 23.562500 181 6458 12804
Ch1: 26.963832 23.304511 -24.375000 23.593750 180 6460 12853
Ch1: 27.062486 19.857714 -24.438000 23.593750 179 6461 12899
Ch1: 27.162609 23.304511 -24.375000 23.562500 178 6464 12949
Ch1: 27.262733 23.764083 -24.375000 23.593750 177 6452 12999
Ch1: 27.355299 26.981093 -24.375000 23.562500 176 6460 13042
Ch1: 27.463609 25.372588 -24.375000 23.562500 175 6463 13093
Ch1: 27.557855 31.117249 -24.375000 23.562500 174 6466 13136
Ch1: 27.653990 33.415113 -24.375000 23.593750 173 6469 13182
Ch1: 27.754324 35.253405 -24.375000 23.562500 172 6468 13230
Ch1: 27.854027 37.781055 -24.375000 23.593750 171 6469 13277
Ch1: 27.951422 38.929987 -24.375000 23.625000 170 6462 13323
Ch1: 28.048187 44.444862 -24.375000 23.593750 169 6464 13370
Ch1: 28.144532 46.512939 -24.438000 23.625000 168 6468 13415
Ch1: 28.245285 50.419309 -24.375000 23.593750 167 6469 13463
Ch1: 28.341210 55.934183 -24.375000 23.593750 166 6470 13508
Ch1: 28.438395 57.083115 -24.375000 23.562500 165 6475 13555
Ch1: 28.536209 63.976708 -24.375000 23.562500 164 6475 13602
Ch1: 28.633814 66.044786 -24.375000 23.562500 163 6479 13648
Ch1: 28.733308 71.559660 -24.375000 23.593750 162 6478 13696
Ch1: 28.829023 77.074534 -24.375000 23.593750 161 6483 13741
Ch1: 28.920330 81.210690 -24.375000 23.593750 160 6485 13783
Ch1: 29.027591 90.861719 -24.375000 23.593750 159 6490 13837
Ch1: 29.121627 93.159584 -24.375000 23.656250 158 6480 13883
Ch1: 29.215453 98.444671 -24.375000 23.562500 157 6492 13929
Ch1: 29.312008 109.933993 -24.375000 23.593750 156 6498 13973
Ch1: 29.421367 107.176556 -24.375000 23.593750 155 6502 14025
Ch1: 29.509946 126.019042 -24.375000 23.593750 154 6515 14062
Ch1: 29.597055 129.465839 -24.375000 23.593750 153 6505 14108
Ch1: 29.687943 148.308325 -24.375000 23.625000 152 6514 14150
Ch1: 29.782189 156.121064 -24.375000 23.562500 151 6516 14193
Ch1: 29.873916 167.380599 -24.375000 23.625000 150 6519 14238
Ch1: 29.963335 185.993299 -24.375000 23.593750 149 6529 14281
Ch1: 30.058630 195.414542 -24.375000 23.593750 148 6535 14326
Ch1: 30.147629 211.499592 -24.375000 23.593750 147 6546 14369
Ch1: 30.238097 228.274001 -24.438000 23.625000 146 6549 14411
Ch1: 30.324367 250.103711 -24.375000 23.625000 145 6558 14454
Ch1: 30.407908 260.444101 -24.375000 23.593750 144 6560 14491
Ch1: 30.505512 287.329112 -24.375000 23.625000 143 6568 14540
Ch1: 30.586115 310.767327 -24.375000 23.593750 142 6586 14578
Ch1: 30.666507 339.950203 -24.375000 23.593750 141 6603 14615
Ch1: 30.752567 361.550127 -24.375000 23.625000 140 6605 14657
Ch1: 30.841985 387.745780 -24.375000 23.593750 139 6603 14699
Ch1: 30.922588 420.605238 -24.375000 23.593750 138 6630 14740
Ch1: 31.003400 452.315765 -24.375000 23.625000 137 6632 14780
Ch1: 31.081064 490.000738 -24.375000 23.656250 136 6676 14813
Ch1: 31.153480 543.770762 -24.375000 23.593750 135 6698 14846
Ch1: 31.231564 575.711075 -24.375000 23.593750 134 6701 14883
Ch1: 31.292436 631.549176 -24.375000 23.593750 133 6721 14913
Ch1: 31.367581 682.102189 -24.375000 23.625000 132 6762 14945
Ch1: 31.436639 734.493494 -24.375000 23.593750 131 6772 14982
Ch1: 31.497720 796.076256 -24.375000 23.625000 130 6818 15005
Ch1: 31.570346 870.986630 -24.375000 23.625000 129 6836 15044
Ch1: 31.627650 923.148148 -24.375000 23.656250 128 6858 15067
Ch1: 31.682434 999.896814 -24.375000 23.625000 127 6897 15098
Ch1: 31.730502 1101.462413 -24.375000 23.625000 126 6945 15126
Ch1: 31.786336 1172.925991 -24.375000 23.593750 125 6962 15145
Ch1: 31.839651 1263.691629 -24.375000 23.593750 124 7001 15177
Ch1: 31.886879 1362.959364 -24.375000 23.593750 123 7042 15194
Ch1: 31.928439 1460.159022 -24.375000 23.593750 122 7108 15214
Ch1: 31.975248 1552.303378 -24.375000 23.625000 121 7125 15244
Ch1: 32.015969 1662.600862 -24.375000 23.562500 120 7166 15261
Ch1: 32.051862 1784.387666 -24.375000 23.593750 119 7244 15266
Ch1: 32.045985 1804.838658 -24.438000 23.687500 119 7213 15271
Ch1: 32.019327 1726.251701 -24.438000 23.656250 120 7208 15252
Ch1: 31.985323 1606.073401 -24.438000 23.625000 121 7131 15240
Ch1: 31.950269 1487.503606 -24.438000 23.656250 122 7096 15218
Ch1: 31.902412 1388.006084 -24.438000 23.656250 123 7038 15195
Ch1: 31.855394 1291.955359 -24.375000 23.625000 124 7000 15168
Ch1: 31.805437 1214.057761 -24.438000 23.656250 125 6947 15153
Ch1: 31.757789 1107.896433 -24.438000 23.625000 126 6921 15126
Ch1: 31.693979 1056.883847 -24.438000 23.656250 127 6908 15091
Ch1: 31.644862 953.939529 -24.438000 23.656250 128 6844 15063
Ch1: 31.587768 881.786592 -24.438000 23.656250 129 6810 15050
Ch1: 31.519130 824.339986 -24.438000 23.656250 130 6802 15012
Ch1: 31.460357 749.659398 -24.375000 23.656250 131 6778 14985
Ch1: 31.391090 705.999977 -24.375000 23.656250 132 6748 14957
Ch1: 31.318464 651.310808 -24.375000 23.687500 133 6731 14916
Ch1: 31.254233 588.349328 -24.375000 23.656250 134 6700 14885
Ch1: 31.175310 558.477093 -24.438000 23.656250 135 6681 14853
Ch1: 31.099326 507.004934 -24.438000 23.656250 136 6666 14813
Ch1: 31.024181 464.724232 -24.438000 23.625000 137 6645 14775
Ch1: 30.944628 430.715841 -24.375000 23.656250 138 6625 14737
Ch1: 30.866754 400.154246 -24.375000 23.718750 139 6621 14703
Ch1: 30.779015 373.039448 -24.375000 23.687500 140 6610 14655
Ch1: 30.701141 339.490630 -24.375000 23.656250 141 6592 14619
Ch1: 30.613822 317.431134 -24.438000 23.656250 142 6585 14578
Ch1: 30.532380 290.775909 -24.438000 23.687500 143 6570 14543
Ch1: 30.438343 275.610005 -24.375000 23.625000 144 6560 14498
Ch1: 30.352284 252.861149 -24.375000 23.656250 145 6559 14455
Ch1: 30.266014 233.099516 -24.375000 23.687500 146 6556 14411
Ch1: 30.175546 217.244253 -24.375000 23.656250 147 6537 14369
Ch1: 30.086128 202.997494 -24.438000 23.656250 148 6538 14330
Ch1: 29.992931 190.359241 -24.438000 23.625000 149 6531 14282
Ch1: 29.901204 174.274191 -24.375000 23.687500 150 6524 14239
Ch1: 29.810526 163.933802 -24.375000 23.656250 151 6519 14197
Ch1: 29.717119 150.606190 -24.375000 23.687500 152 6516 14150
Ch1: 29.621824 142.104092 -24.375000 23.625000 153 6513 14105
Ch1: 29.530936 131.763703 -24.375000 23.625000 154 6511 14061
Ch1: 29.438159 120.274382 -24.375000 23.656250 155 6506 14018
Ch1: 29.341604 114.989294 -24.438000 23.687500 156 6502 13971
Ch1: 29.247358 100.512749 -24.375000 23.656250 157 6486 13931
Ch1: 29.150593 97.755312 -24.375000 23.687500 158 6487 13884
Ch1: 29.061175 86.955350 -24.375000 23.687500 159 6490 13841
Ch1: 28.953285 85.117059 -24.375000 23.656250 160 6488 13787
Ch1: 28.859249 76.844747 -24.375000 23.656250 161 6484 13742
Ch1: 28.762484 75.466029 -24.375000 23.687500 162 6485 13696
Ch1: 28.664250 69.261795 -24.375000 23.625000 163 6483 13648
Ch1: 28.567485 62.827776 -24.375000 23.687500 164 6480 13603
Ch1: 28.468831 61.678843 -24.375000 23.656250 165 6479 13555
Ch1: 28.371646 53.176746 -24.375000 23.656250 166 6475 13509
Ch1: 28.275301 52.717173 -24.375000 23.687500 167 6472 13464
Ch1: 28.177696 43.525716 -24.375000 23.656250 168 6464 13417
Ch1: 28.079672 46.512939 -24.438000 23.656250 169 6473 13370
Ch1: 27.981858 41.687425 -24.438000 23.687500 170 6465 13323
Ch1: 27.885303 38.929987 -24.375000 23.750000 171 6466 13277
Ch1: 27.784969 36.861910 -24.375000 23.656250 172 6465 13229
Ch1: 27.684216 33.415113 -24.375000 23.687500 173 6462 13181
Ch1: 27.587031 31.347035 -24.438000 23.656250 174 6460 13136
Ch1: 27.494045 26.291734 -24.375000 23.687500 175 6457 13095
Ch1: 27.387414 29.508744 -24.375000 23.687500 176 6463 13043
Ch1: 27.292749 24.223656 -24.375000 23.656250 177 6465 12997
Ch1: 27.196403 23.304511 -24.375000 23.656250 178 6454 12950
Ch1: 27.095860 23.764083 -24.375000 23.656250 179 6457 12902
Ch1: 26.996157 22.385365 -24.375000 23.656250 180 6464 12854
Ch1: 26.895404 19.627928 -24.375000 23.718750 181 6459 12806
Ch1: 26.796120 15.491772 -24.375000 23.656250 182 6452 12758
Ch1: 26.697676 18.249209 -24.438000 23.687500 183 6451 12711
Ch1: 26.596293 14.342840 -24.375000 23.687500 184 6452 12663
Ch1: 26.497009 16.410918 -24.375000 23.718750 185 6451 12616
Ch1: 26.397515 15.491772 -24.375000 23.687500 186 6450 12569
Ch1: 26.299701 12.504549 -24.375000 23.687500 187 6460 12522
Ch1: 26.198948 13.883267 -24.375000 23.687500 188 6460 12474
Ch1: 26.097565 12.044976 -24.375000 23.687500 189 6459 12425
Ch1: 25.998072 9.057752 -24.375000 23.656250 190 6451 12378
Ch1: 25.904245 8.598179 -24.438000 23.687500 191 6448 12334
Ch1: 25.798245 11.355617 -24.375000 23.687500 192 6457 12282
Ch1: 25.702949 6.989675 -24.375000 23.656250 193 6437 12242
Ch1: 25.605135 10.436471 -24.375000 23.687500 194 6454 12195
Ch1: 25.519494 -3.350715 -24.375000 23.687500 195 6452 12153
Ch1: 25.422310 -4.040074 -24.375000 23.656250 196 6451 12104
Ch1: 25.302875 5.381170 -24.375000 23.750000 197 6455 12047
Ch1: 25.200653 9.747112 -24.375000 23.687500 198 6454 11998
Ch1: 25.102838 8.368393 -24.375000 23.687500 199 6453 11952
Ch1: 25.000196 6.989675 -24.375000 23.687500 200 6452 11902
Ch1: 24.906370 4.921597 -24.375000 23.687500 201 6446 11864
Ch1: 24.819261 -7.027297 -24.375000 23.687500 202 6442 11816
Ch1: 24.720816 -2.891142 -24.375000 23.718750 203 6444 11769
Ch1: 24.601802 4.232237 -24.375000 23.687500 204 6454 11712
Ch1: 24.497900 6.989675 -24.375000 23.656250 205 6454 11663
Ch1: 24.398616 5.610956 -24.375000 23.687500 206 6455 11616
Ch1: 24.303531 7.219461 -24.375000 23.750000 207 6447 11571
Ch1: 24.192702 8.368393 -24.375000 23.625000 208 6448 11517
Ch1: 24.094888 6.070529 -24.375000 23.750000 209 6447 11472
Ch1: 23.996864 6.759888 -24.438000 23.718750 210 6448 11426
Ch1: 23.894851 2.393946 -24.375000 23.687500 211 6441 11380
Ch1: 23.794308 6.989675 -24.375000 23.687500 212 6445 11332
Ch1: 23.693555 5.610956 -24.375000 23.656250 213 6447 11282
Ch1: 23.593222 5.840742 -24.375000 23.687500 214 6447 11233
Ch1: 23.493518 8.138607 -24.375000 23.656250 215 6448 11185
Ch1: 23.390246 7.219461 -24.375000 23.687500 216 6452 11135
Ch1: 23.289913 7.908820 -24.375000 23.687500 217 6452 11088
Ch1: 23.189370 5.610956 -24.375000 23.687500 218 6451 11039
Ch1: 23.090506 6.300315 -24.375000 23.687500 219 6455 10993
Ch1: 22.988493 3.772665 -24.375000 23.687500 220 6447 10944
Ch1: 22.886481 5.381170 -24.375000 23.687500 221 6448 10895
Ch1: 22.786147 6.530102 -24.375000 23.718750 222 6450 10847
Ch1: 22.690642 6.759888 -24.375000 23.656250 223 6456 10802
Ch1: 22.580443 4.002451 -24.375000 23.687500 224 6448 10748
Ch1: 22.481999 6.530102 -24.375000 23.718750 225 6447 10703
Ch1: 22.382925 5.840742 -24.375000 23.656250 226 6446 10655
Ch1: 22.282592 4.002451 -24.438000 23.687500 227 6447 10607
Ch1: 22.181209 7.679034 -24.438000 23.687500 228 6455 10559
Ch1: 22.082135 2.164160 -24.375000 23.687500 229 6451 10516
Ch1: 21.978654 7.908820 -24.375000 23.687500 230 6456 10467
Ch1: 21.881259 6.759888 -24.375000 23.687500 231 6454 10418
Ch1: 21.778197 6.759888 -24.375000 23.750000 232 6455 10368
Ch1: 21.676604 4.462024 -24.375000 23.687500 233 6457 10320
Ch1: 21.575012 8.827966 -24.375000 23.687500 234 6448 10271
Ch1: 21.477617 6.989675 -24.375000 23.687500 235 6446 10224
Ch1: 21.375395 6.300315 -24.375000 23.687500 236 6449 10175
Ch1: 21.272752 10.666257 -24.438000 23.718750 237 6448 10126
Ch1: 21.172839 3.772665 -24.375000 23.718750 238 6450 10079
Ch1: 21.078173 8.827966 -24.375000 23.687500 239 6455 10034
Ch1: 20.966925 3.772665 -24.375000 23.687500 240 6449 9980
Ch1: 20.866382 7.679034 -24.375000 23.687500 241 6449 9933
Ch1: 20.768147 6.300315 -24.375000 23.687500 242 6450 9886
Ch1: 20.664666 5.840742 -24.375000 23.656250 243 6457 9836
Ch1: 20.564332 6.759888 -24.375000 23.687500 244 6454 9789
Ch1: 20.463159 7.449247 -24.375000 23.687500 245 6450 9740
Ch1: 20.360727 6.759888 -24.375000 23.718750 246 6451 9695
Ch1: 20.262073 6.070529 -24.375000 23.687500 247 6443 9650
Ch1: 20.160690 7.219461 -24.375000 23.687500 248 6447 9600
Ch1: 20.059098 5.610956 -24.375000 23.750000 249 6446 9548
Ch1: 19.958764 6.989675 -24.375000 23.687500 250 6450 9502
Ch1: 19.860950 3.772665 -24.375000 23.687500 251 6448 9459
Ch1: 19.757048 7.219461 -24.375000 23.718750 252 6448 9408
Ch1: 19.655665 3.542878 -24.375000 23.687500 253 6447 9358
Ch1: 19.554702 8.827966 -24.375000 23.718750 254 6453 9309
Ch1: 19.460246 3.772665 -24.375000 23.718750 255 6457 9264
Ch1: 19.347739 7.449247 -24.375000 23.687500 256 6453 9208
Ch1: 19.249085 8.138607 -24.375000 23.687500 257 6453 9163
Ch1: 19.148961 8.368393 -24.375000 23.687500 258 6454 9115
Ch1: 19.046319 8.138607 -24.375000 23.718750 259 6455 9065
Ch1: 18.947455 6.530102 -24.375000 23.687500 260 6454 9018
Ch1: 18.843344 7.908820 -24.375000 23.687500 261 6455 8968
Ch1: 18.743011 5.610956 -24.375000 23.750000 262 6455 8923
Ch1: 18.641418 8.368393 -24.375000 23.718750 263 6454 8873
Ch1: 18.538776 7.908820 -24.375000 23.718750 264 6454 8823
Ch1: 18.439282 7.679034 -24.375000 23.718750 265 6455 8776
Ch1: 18.338529 6.759888 -24.438000 23.718750 266 6453 8728
Ch1: 18.239875 6.070529 -24.375000 23.687500 267 6455 8681
Ch1: 18.136393 7.908820 -24.375000 23.687500 268 6456 8632
Ch1: 18.034171 4.921597 -24.375000 23.718750 269 6440 8588
Ch1: 17.934677 7.449247 -24.375000 23.687500 270 6455 8541
Ch1: 17.839591 6.070529 -24.375000 23.687500 271 6451 8494
Ch1: 17.730442 3.542878 -24.375000 23.718750 272 6452 8439
Ch1: 17.631158 6.300315 -24.375000 23.718750 273 6446 8392
Ch1: 17.531875 6.989675 -24.375000 23.687500 274 6449 8344
Ch1: 17.429652 9.057752 -24.375000 23.718750 275 6456 8295
Ch1: 17.328479 6.759888 -24.375000 23.718750 276 6451 8247
Ch1: 17.225627 9.057752 -24.375000 23.687500 277 6447 8198
Ch1: 17.123825 5.381170 -24.375000 23.750000 278 6448 8149
Ch1: 17.023911 8.368393 -24.375000 23.718750 279 6447 8102
Ch1: 16.923998 3.542878 -24.375000 23.718750 280 6457 8053
Ch1: 16.821775 8.368393 -24.375000 23.718750 281 6456 8006
Ch1: 16.719973 8.827966 -24.375000 23.687500 282 6457 7956
Ch1: 16.620479 6.530102 -24.375000 23.750000 283 6455 7909
Ch1: 16.517627 8.827966 -24.375000 23.750000 284 6455 7861
Ch1: 16.415615 8.138607 -24.375000 23.687500 285 6450 7812
Ch1: 16.314861 8.368393 -24.375000 23.718750 286 6450 7766
Ch1: 16.221455 1.474800 -24.375000 23.718750 287 6445 7726
Ch1: 16.112096 9.747112 -24.375000 23.718750 288 6452 7672
Ch1: 16.016380 5.610956 -24.375000 23.750000 289 6452 7625
Ch1: 15.927382 4.232237 -24.438000 23.718750 290 6457 7576
Ch1: 15.813405 10.436471 -24.375000 23.718750 291 6457 7526
Ch1: 15.712862 7.679034 -24.375000 23.718750 292 6457 7478
Ch1: 15.608330 7.219461 -24.375000 23.718750 293 6452 7428
Ch1: 15.507997 6.989675 -24.375000 23.718750 294 6451 7379
Ch1: 15.406405 9.517325 -24.375000 23.718750 295 6456 7331
Ch1: 15.304392 6.300315 -24.375000 23.750000 296 6456 7282
Ch1: 15.203429 8.827966 -24.375000 23.718750 297 6452 7234
Ch1: 15.102466 8.598179 -24.375000 23.781250 298 6452 7186
Ch1: 15.001503 7.679034 -24.375000 23.781250 299 6448 7138
Ch1: 14.898651 9.057752 -24.375000 23.750000 300 6449 7089
Ch1: 14.796639 6.530102 -24.375000 23.718750 301 6448 7040
Ch1: 14.695256 8.598179 -24.375000 23.718750 302 6448 6992
Ch1: 14.602059 7.219461 -24.375000 23.781250 303 6451 6948
Ch1: 14.491860 6.759888 -24.375000 23.718750 304 6453 6894
Ch1: 14.394256 3.772665 -24.375000 23.718750 305 6437 6855
Ch1: 14.295182 4.691810 -24.375000 23.750000 306 6448 6807
Ch1: 14.192750 6.759888 -24.375000 23.750000 307 6447 6757
Ch1: 14.093886 2.393946 -24.375000 23.687500 308 6448 6707
Ch1: 13.988935 9.057752 -24.375000 23.750000 309 6447 6657
Ch1: 13.887762 6.530102 -24.375000 23.781250 310 6448 6608
Ch1: 13.787638 9.057752 -24.375000 23.718750 311 6446 6561
Ch1: 13.685416 9.057752 -24.375000 23.781250 312 6456 6511
Ch1: 13.584873 5.610956 -24.375000 23.718750 313 6456 6463
Ch1: 13.483490 8.827966 -24.375000 23.750000 314 6453 6414
Ch1: 13.382947 8.368393 -24.375000 23.718750 315 6453 6367
Ch1: 13.279465 8.138607 -24.375000 23.718750 316 6448 6319
Ch1: 13.176193 7.219461 -24.375000 23.718750 317 6453 6267
Ch1: 13.074601 9.287539 -24.375000 23.718750 318 6448 6220
Ch1: 12.994838 1.245014 -24.375000 23.718750 319 6447 6188
Ch1: 12.879391 6.530102 -24.375000 23.750000 320 6449 6123
Ch1: 12.775490 12.274762 -24.375000 23.718750 321 6457 6079
Ch1: 12.676206 9.287539 -24.375000 23.750000 322 6448 6029
Ch1: 12.572934 7.908820 -24.375000 23.781250 323 6440 5986
Ch1: 12.472601 5.381170 -24.375000 23.718750 324 6444 5939
Ch1: 12.369329 8.827966 -24.375000 23.718750 325 6449 5888
Ch1: 12.269835 6.300315 -24.375000 23.718750 326 6453 5838
Ch1: 12.169292 9.517325 -24.375000 23.750000 327 6456 5791
Ch1: 12.067490 5.840742 -24.375000 23.718750 328 6453 5741
Ch1: 11.965687 8.138607 -24.375000 23.750000 329 6458 5693
Ch1: 11.863675 9.976898 -24.375000 23.718750 330 6453 5643
Ch1: 11.765020 9.976898 -24.375000 23.750000 331 6454 5596
Ch1: 11.660909 9.976898 -24.375000 23.750000 332 6452 5546
Ch1: 11.557847 7.449247 -24.375000 23.718750 333 6448 5497
Ch1: 11.457514 9.747112 -24.375000 23.781250 334 6448 5450
Ch1: 11.363268 7.908820 -24.375000 23.718750 335 6456 5405
Ch1: 11.250970 8.827966 -24.375000 23.718750 336 6454 5349
Ch1: 11.150007 7.679034 -24.375000 23.750000 337 6450 5303
Ch1: 11.051983 9.517325 -24.375000 23.750000 338 6456 5257
Ch1: 10.948921 9.976898 -24.375000 23.718750 339 6458 5207
Ch1: 10.848377 6.300315 -24.375000 23.718750 340 6456 5158
Ch1: 10.745945 10.436471 -24.375000 23.781250 341 6456 5110
Ch1: 10.645402 8.598179 -24.375000 23.781250 342 6437 5068
Ch1: 10.545279 9.747112 -24.375000 23.718750 343 6446 5021
Ch1: 10.443686 9.287539 -24.375000 23.718750 344 6449 4971
Ch1: 10.343143 6.300315 -24.375000 23.750000 345 6449 4920
Ch1: 10.240710 9.517325 -24.375000 23.750000 346 6449 4871
Ch1: 10.140167 7.219461 -24.375000 23.718750 347 6452 4823
Ch1: 10.038155 10.436471 -24.375000 23.781250 348 6453 4773
Ch1: 9.934253 12.274762 -24.375000 23.718750 349 6457 4724
Ch1: 9.834340 10.206684 -24.375000 23.750000 350 6456 4676
Ch1: 9.737995 10.436471 -24.375000 23.750000 351 6456 4631
Ch1: 9.629055 8.368393 -24.375000 23.750000 352 6458 4577
Ch1: 9.529352 10.896044 -24.375000 23.718750 353 6456 4531
Ch1: 9.430698 10.896044 -24.375000 23.718750 354 6456 4484
Ch1: 9.328265 9.517325 -24.375000 23.750000 355 6452 4434
Ch1: 9.227093 10.896044 -24.375000 23.718750 356 6453 4387
Ch1: 9.124870 6.989675 -24.375000 23.750000 357 6452 4337
Ch1: 9.023277 9.976898 -24.375000 23.750000 358 6449 4290
Ch1: 8.925673 6.530102 -24.375000 23.718750 359 6453 4243
Ch1: 8.822611 9.747112 -24.375000 23.750000 360 6457 4193
Ch1: 8.721018 10.896044 -24.375000 23.812500 361 6457 4145
Ch1: 8.619635 9.287539 -24.375000 23.750000 362 6456 4097
Ch1: 8.518882 10.896044 -24.375000 23.750000 363 6454 4049
Ch1: 8.417290 9.057752 -24.375000 23.750000 364 6457 4000
Ch1: 8.314438 11.815189 -24.375000 23.718750 365 6454 3953
Ch1: 8.215364 6.989675 -24.375000 23.750000 366 6445 3911
Ch1: 8.120908 11.585403 -24.375000 23.718750 367 6450 3866
Ch1: 8.012178 7.219461 -24.375000 23.750000 368 6450 3809
Ch1: 7.910586 11.355617 -24.375000 23.750000 369 6457 3762
Ch1: 7.811932 10.666257 -24.375000 23.750000 370 6457 3713
Ch1: 7.708240 11.355617 -24.375000 23.718750 371 6454 3664
Ch1: 7.607067 11.355617 -24.375000 23.718750 372 6451 3616
Ch1: 7.505684 8.598179 -24.375000 23.718750 373 6451 3566
Ch1: 7.401993 10.896044 -24.375000 23.750000 374 6456 3517
Ch1: 7.304388 7.679034 -24.375000 23.750000 375 6449 3471
Ch1: 7.203215 10.436471 -24.375000 23.750000 376 6449 3422
Ch1: 7.101203 11.815189 -24.375000 23.718750 377 6453 3373
Ch1: 7.001289 10.206684 -24.375000 23.781250 378 6451 3326
Ch1: 6.900326 10.436471 -24.375000 23.781250 379 6448 3278
Ch1: 6.800413 8.827966 -24.375000 23.750000 380 6448 3230
Ch1: 6.696721 11.815189 -24.375000 23.750000 381 6449 3181
Ch1: 6.597857 9.976898 -24.375000 23.781250 382 6450 3133
Ch1: 6.502561 12.504549 -24.375000 23.750000 383 6451 3089
Ch1: 6.396771 8.827966 -24.375000 23.718750 384 6440 3042
Ch1: 6.297487 8.827966 -24.375000 23.750000 385 6446 2998
Ch1: 6.200302 10.206684 -24.375000 23.750000 386 6450 2951
Ch1: 6.099759 7.449247 -24.375000 23.750000 387 6458 2899
Ch1: 5.997537 12.044976 -24.375000 23.718750 388 6458 2850
Ch1: 5.896364 9.057752 -24.375000 23.781250 389 6458 2800
Ch1: 5.793302 10.896044 -24.375000 23.781250 390 6449 2752
Ch1: 5.695277 10.436471 -24.375000 23.750000 391 6453 2704
Ch1: 5.593055 11.585403 -24.375000 23.718750 392 6456 2656
Ch1: 5.492092 12.734335 -24.375000 23.750000 393 6456 2608
Ch1: 5.392598 11.355617 -24.375000 23.750000 394 6456 2559
Ch1: 5.292055 10.896044 -24.375000 23.781250 395 6449 2511
Ch1: 5.191512 9.976898 -24.375000 23.750000 396 6449 2463
Ch1: 5.088660 12.964122 -24.375000 23.750000 397 6453 2414
Ch1: 4.989586 11.355617 -24.375000 23.750000 398 6455 2368
Ch1: 4.896390 10.206684 -24.375000 23.781250 399 6459 2324
Ch1: 4.789129 13.423694 -24.375000 23.750000 400 6458 2271
Ch1: 4.693204 10.896044 -24.375000 23.781250 401 6458 2225
Ch1: 4.592871 12.964122 -24.375000 23.781250 402 6460 2178
Ch1: 4.493587 7.449247 -24.375000 23.781250 403 6447 2138
Ch1: 4.394093 11.585403 -24.375000 23.750000 404 6450 2091
Ch1: 4.291871 11.355617 -24.375000 23.718750 405 6449 2040
Ch1: 4.194686 10.436471 -24.375000 23.750000 406 6450 1991
Ch1: 4.095193 13.423694 -24.375000 23.781250 407 6450 1944
Ch1: 3.994650 10.896044 -24.375000 23.750000 408 6449 1895
Ch1: 3.894316 11.815189 -24.375000 23.718750 409 6448 1847
Ch1: 3.794823 9.517325 -24.375000 23.781250 410 6450 1798
Ch1: 3.696378 11.585403 -24.375000 23.781250 411 6449 1752
Ch1: 3.595625 11.585403 -24.375000 23.750000 412 6454 1703
Ch1: 3.495292 9.287539 -24.375000 23.750000 413 6453 1656
Ch1: 3.396638 13.193908 -24.375000 23.687500 414 6458 1609
Ch1: 3.305960 12.734335 -24.375000 23.781250 415 6460 1565
Ch1: 3.204158 13.423694 -24.375000 23.750000 416 6459 1518
Ch1: 3.152732 14.572627 -24.375000 23.812500 417 6458 1500
Ch1: 3.133421 12.504549 -24.375000 23.750000 418 6455 1492
Ch1: 3.122086 12.504549 -24.375000 23.750000 419 6451 1487
