Ch1: 3.360535 -29.546367 20.062000 24.843750 600 6435 1601
Ch1: 3.364733 -11.163453 20.062000 24.875000 599 6443 1603
Ch1: 3.362634 18.708782 20.062000 24.812500 598 6456 1602
Ch1: 3.358436 18.708782 20.062000 24.812500 597 6456 1600
Ch1: 3.356337 -6.567725 20.062000 24.875000 596 6445 1599
Ch1: 3.352139 -8.865589 20.062000 24.875000 595 6444 1597
Ch1: 3.350040 -4.269860 20.062000 24.843750 594 6446 1596
Ch1: 3.347941 18.708782 20.062000 24.843750 593 6456 1595
Ch1: 3.345842 14.113054 20.062000 24.843750 592 6454 1594
Ch1: 3.341644 14.113054 20.125000 24.843750 591 6454 1592
Ch1: 3.339545 14.113054 20.125000 24.843750 590 6454 1591
Ch1: 3.337446 9.517325 20.125000 24.843750 589 6452 1590
Ch1: 3.335347 16.410918 20.125000 24.875000 588 6455 1589
Ch1: 3.331149 14.113054 20.125000 24.875000 587 6454 1587
Ch1: 3.329050 9.517325 20.125000 24.875000 586 6452 1586
Ch1: 3.324851 7.219461 20.125000 24.875000 585 6451 1584
Ch1: 3.320653 -13.461317 20.125000 24.875000 584 6442 1582
Ch1: 3.320653 7.219461 20.125000 24.843750 583 6451 1582
Ch1: 3.316455 4.921597 20.125000 24.875000 582 6450 1580
Ch1: 3.314356 4.921597 20.125000 24.843750 581 6450 1579
Ch1: 3.312257 4.921597 20.125000 24.843750 580 6450 1578
Ch1: 3.310158 4.921597 20.125000 24.843750 579 6450 1577
Ch1: 3.305960 -1.971996 20.125000 24.843750 578 6447 1575
Ch1: 3.303861 0.325868 20.125000 24.812500 577 6448 1574
Ch1: 3.301762 -4.269860 20.125000 24.875000 576 6446 1573
Ch1: 3.297564 0.325868 20.125000 24.875000 575 6448 1571
Ch1: 3.293366 -20.354910 20.125000 24.875000 574 6439 1569
Ch1: 3.293366 -1.971996 20.125000 24.843750 573 6447 1569
Ch1: 3.291267 -1.971996 20.125000 24.843750 572 6447 1568
Ch1: 3.287069 0.325868 20.125000 24.875000 571 6448 1566
Ch1: 3.284970 -1.971996 20.125000 24.843750 570 6447 1565
Ch1: 3.282871 0.325868 20.125000 24.843750 569 6448 1564
Ch1: 3.278673 -4.269860 20.125000 24.843750 568 6446 1562
Ch1: 3.276574 -4.269860 20.125000 24.843750 567 6446 1561
Ch1: 3.274475 -4.269860 20.125000 24.875000 566 6446 1560
Ch1: 3.272376 -4.269860 20.125000 24.843750 565 6446 1559
Ch1: 3.268178 -6.567725 20.125000 24.843750 564 6445 1557
Ch1: 3.266079 0.325868 20.125000 24.875000 563 6448 1556
Ch1: 3.263980 -4.269860 85.000000 24.843750 562 6446 1555
Ch1: 3.259782 -1.971996 20.125000 24.843750 561 6447 1553
Ch1: 3.257683 -1.971996 20.125000 24.843750 560 6447 1552
Ch1: 3.255584 -1.971996 20.125000 24.812500 559 6447 1551
Ch1: 3.251386 -4.269860 20.187000 24.875000 558 6446 1549
Ch1: 3.249287 16.410918 20.187000 24.843750 557 6455 1548
Ch1: 3.247188 16.410918 20.125000 24.812500 556 6455 1547
Ch1: 3.245089 16.410918 20.125000 24.875000 555 6455 1546
Ch1: 3.240891 11.815189 20.125000 24.843750 554 6453 1544
Ch1: 3.236693 -34.142095 20.187000 24.843750 553 6433 1542
Ch1: 3.236693 14.113054 20.125000 24.843750 552 6454 1542
Ch1: 3.234594 2.623732 20.125000 24.875000 551 6449 1541
Ch1: 3.230395 2.623732 20.187000 24.843750 550 6449 1539
Ch1: 3.228296 0.325868 20.187000 24.843750 549 6448 1538
Ch1: 3.226197 4.921597 20.187000 24.812500 548 6450 1537
Ch1: 3.221999 7.219461 20.187000 24.843750 547 6451 1535
Ch1: 3.219900 7.219461 20.187000 24.843750 546 6451 1534
Ch1: 3.217801 9.517325 20.187000 24.843750 545 6452 1533
Ch1: 3.215702 11.815189 20.187000 24.812500 544 6453 1532
Ch1: 3.211504 2.623732 20.187000 24.812500 543 6449 1530
Ch1: 3.209405 7.219461 20.187000 24.843750 542 6451 1529
Ch1: 3.207306 4.921597 20.187000 24.843750 541 6450 1528
Ch1: 3.205207 7.219461 20.187000 24.812500 540 6451 1527
Ch1: 3.203108 7.219461 20.187000 24.843750 539 6451 1526
Ch1: 3.198910 7.219461 20.187000 24.843750 538 6451 1524
Ch1: 3.196811 9.517325 20.187000 24.875000 537 6452 1523
Ch1: 3.192613 4.921597 20.187000 24.843750 536 6450 1521
Ch1: 3.190514 7.219461 20.187000 24.875000 535 6451 1520
Ch1: 3.188415 4.921597 20.187000 24.843750 534 6450 1519
Ch1: 3.186316 4.921597 20.187000 24.843750 533 6450 1518
Ch1: 3.182118 2.623732 20.187000 24.843750 532 6449 1516
Ch1: 3.180019 7.219461 20.187000 24.843750 531 6451 1515
Ch1: 3.177920 9.517325 20.187000 24.843750 530 6452 1514
Ch1: 3.175821 7.219461 20.187000 24.843750 529 6451 1513
Ch1: 3.173722 9.517325 20.187000 24.843750 528 6452 1512
Ch1: 3.169524 9.517325 20.187000 24.843750 527 6452 1510
Ch1: 3.167425 11.815189 20.187000 24.843750 526 6453 1509
Ch1: 3.165326 9.517325 20.187000 24.875000 525 6452 1508
Ch1: 3.163227 14.113054 20.187000 24.812500 524 6454 1507
Ch1: 3.159029 11.815189 20.187000 24.843750 523 6453 1505
Ch1: 3.154831 -13.461317 20.187000 24.843750 522 6442 1503
Ch1: 3.154831 11.815189 20.187000 24.812500 521 6453 1503
Ch1: 3.152732 18.708782 20.187000 24.812500 520 6456 1502
Ch1: 3.150633 18.708782 20.187000 24.843750 519 6456 1501
Ch1: 3.146435 18.708782 20.187000 24.843750 518 6456 1499
Ch1: 3.144336 18.708782 20.187000 24.843750 517 6456 1498
Ch1: 3.142237 18.708782 20.187000 24.843750 516 6456 1497
Ch1: 3.140137 21.006646 20.187000 24.843750 515 6457 1496
Ch1: 3.135939 21.006646 20.187000 24.843750 514 6457 1494
Ch1: 3.133840 21.006646 20.187000 24.843750 513 6457 1493
Ch1: 3.131741 14.113054 20.187000 24.843750 512 6454 1492
Ch1: 3.129642 23.304511 20.187000 24.843750 511 6458 1491
Ch1: 3.127543 21.006646 20.187000 24.812500 510 6457 1490
Ch1: 3.123345 25.602375 20.187000 24.843750 509 6459 1488
Ch1: 3.121246 21.006646 20.187000 24.812500 508 6457 1487
Ch1: 3.119147 25.602375 20.187000 24.812500 507 6459 1486
Ch1: 3.114949 25.602375 20.187000 24.875000 506 6459 1484
Ch1: 3.112850 23.304511 20.187000 24.812500 505 6458 1483
Ch1: 3.110751 18.708782 20.187000 24.843750 504 6456 1482
Ch1: 3.108652 23.304511 20.187000 24.843750 503 6458 1481
Ch1: 3.104454 21.006646 20.187000 24.812500 502 6457 1479
Ch1: 3.102355 21.006646 20.187000 24.875000 501 6457 1478
Ch1: 3.100256 21.006646 20.187000 24.812500 500 6457 1477
Ch1: 3.098157 23.304511 20.187000 24.812500 499 6458 1476
Ch1: 3.093959 23.304511 20.187000 24.843750 498 6458 1474
Ch1: 3.091860 23.304511 20.187000 24.843750 497 6458 1473
Ch1: 3.089761 23.304511 20.187000 24.812500 496 6458 1472
Ch1: 3.087662 23.304511 20.187000 24.812500 495 6458 1471
Ch1: 3.085563 25.602375 20.187000 24.843750 494 6459 1470
Ch1: 3.081365 25.602375 20.187000 24.843750 493 6459 1468
Ch1: 3.079266 21.006646 20.187000 24.875000 492 6457 1467
Ch1: 3.075068 -6.567725 20.187000 24.812500 491 6445 1465
Ch1: 3.075068 23.304511 20.187000 24.843750 490 6458 1465
Ch1: 3.072969 -1.971996 20.187000 24.812500 489 6447 1464
Ch1: 3.070870 0.325868 20.187000 24.843750 488 6448 1463
Ch1: 3.066672 -4.269860 20.187000 24.843750 487 6446 1461
Ch1: 3.064573 -4.269860 20.187000 24.843750 486 6446 1460
Ch1: 3.062474 -4.269860 20.187000 24.843750 485 6446 1459
Ch1: 3.060375 -1.971996 20.187000 24.843750 484 6447 1458
Ch1: 3.058276 -1.971996 20.187000 24.812500 483 6447 1457
Ch1: 3.054078 -1.971996 20.187000 24.843750 482 6447 1455
Ch1: 3.051979 -11.163453 20.187000 24.843750 481 6443 1454
Ch1: 3.049880 -6.567725 20.187000 24.812500 480 6445 1453
Ch1: 3.047781 -1.971996 20.187000 24.843750 479 6447 1452
Ch1: 3.045681 -1.971996 20.187000 24.812500 478 6447 1451
Ch1: 3.041483 -4.269860 20.187000 24.843750 477 6446 1449
Ch1: 3.039384 -8.865589 20.187000 24.812500 476 6444 1448
Ch1: 3.037285 -6.567725 20.187000 24.843750 475 6445 1447
Ch1: 3.035186 -4.269860 20.187000 24.843750 474 6446 1446
Ch1: 3.033087 -1.971996 20.187000 24.843750 473 6447 1445
Ch1: 3.030988 -1.971996 20.187000 24.875000 472 6447 1444
Ch1: 3.026790 -6.567725 20.187000 24.812500 471 6445 1442
Ch1: 3.024691 -6.567725 20.187000 24.843750 470 6445 1441
Ch1: 3.022592 -4.269860 20.187000 24.843750 469 6446 1440
Ch1: 3.020493 -4.269860 20.187000 24.843750 468 6446 1439
Ch1: 3.018394 -4.269860 20.187000 24.843750 467 6446 1438
Ch1: 3.016295 -4.269860 20.187000 24.843750 466 6446 1437
Ch1: 3.012097 -1.971996 20.187000 24.812500 465 6447 1435
Ch1: 3.009998 -1.971996 20.187000 24.843750 464 6447 1434
Ch1: 3.007899 2.623732 20.187000 24.812500 463 6449 1433
Ch1: 3.005800 -1.971996 20.187000 24.843750 462 6447 1432
Ch1: 3.003701 -1.971996 20.187000 24.843750 461 6447 1431
Ch1: 2.999503 -15.759181 20.187000 24.812500 460 6441 1429
Ch1: 2.997404 -1.971996 20.187000 24.843750 459 6447 1428
Ch1: 2.995305 0.325868 20.187000 24.812500 458 6448 1427
Ch1: 2.993206 -1.971996 20.187000 24.843750 457 6447 1426
Ch1: 2.991107 -4.269860 20.187000 24.843750 456 6446 1425
Ch1: 2.989008 -6.567725 20.187000 24.843750 455 6445 1424
Ch1: 2.986909 -1.971996 20.187000 24.843750 454 6447 1423
Ch1: 2.984810 -1.971996 20.187000 24.812500 453 6447 1422
Ch1: 2.982711 -1.971996 20.187000 24.843750 452 6447 1421
Ch1: 2.980612 -4.269860 20.187000 24.843750 451 6446 1420
Ch1: 2.976414 -4.269860 20.187000 24.843750 450 6446 1418
Ch1: 2.974315 -4.269860 20.187000 24.843750 449 6446 1417
Ch1: 2.972216 -1.971996 20.187000 24.812500 448 6447 1416
Ch1: 2.970117 25.602375 20.187000 24.843750 447 6459 1415
Ch1: 2.968018 23.304511 20.187000 24.812500 446 6458 1414
Ch1: 2.965919 27.900239 20.187000 24.843750 445 6460 1413
Ch1: 2.963820 25.602375 20.187000 24.843750 444 6459 1412
Ch1: 2.961721 23.304511 20.187000 24.812500 443 6458 1411
Ch1: 2.959622 27.900239 20.187000 24.843750 442 6460 1410
Ch1: 2.957523 21.006646 20.187000 24.812500 441 6457 1409
Ch1: 2.955424 25.602375 20.187000 24.875000 440 6459 1408
Ch1: 2.953325 -6.567725 20.187000 24.812500 439 6445 1407
Ch1: 2.951225 25.602375 20.187000 24.843750 438 6459 1406
Ch1: 2.949126 23.304511 20.187000 24.843750 437 6458 1405
Ch1: 2.947027 -1.971996 20.187000 24.812500 436 6447 1404
Ch1: 2.944928 0.325868 20.187000 24.812500 435 6448 1403
Ch1: 2.942829 0.325868 20.187000 24.812500 434 6448 1402
Ch1: 2.940730 0.325868 20.187000 24.812500 433 6448 1401
Ch1: 2.940730 2.623732 20.187000 24.843750 432 6449 1401
Ch1: 2.938631 7.219461 20.187000 24.843750 431 6451 1400
Ch1: 2.934433 4.921597 20.187000 24.843750 430 6450 1398
Ch1: 2.934433 4.921597 20.187000 24.875000 429 6450 1398
Ch1: 2.932334 9.517325 20.187000 24.843750 428 6452 1397
Ch1: 2.930235 7.219461 20.187000 24.843750 427 6451 1396
Ch1: 2.928136 7.219461 20.187000 24.843750 426 6451 1395
Ch1: 2.926037 7.219461 20.187000 24.812500 425 6451 1394
Ch1: 2.923938 7.219461 20.187000 24.875000 424 6451 1393
Ch1: 2.923938 7.219461 20.187000 24.843750 423 6451 1393
Ch1: 2.921839 7.219461 20.187000 24.843750 422 6451 1392
Ch1: 2.919740 7.219461 20.187000 24.843750 421 6451 1391
Ch1: 2.919740 4.921597 20.187000 24.812500 420 6450 1391
Ch1: 2.917641 2.623732 20.187000 24.812500 419 6449 1390
Ch1: 2.915542 -22.652774 20.187000 24.843750 418 6438 1389
Ch1: 2.915542 4.921597 20.187000 24.843750 417 6450 1389
Ch1: 2.915542 4.921597 20.187000 24.843750 416 6450 1389
Ch1: 2.913443 7.219461 20.187000 24.812500 415 6451 1388
Ch1: 2.913443 7.219461 20.187000 24.843750 414 6451 1388
Ch1: 2.911344 9.517325 20.187000 24.843750 413 6452 1387
Ch1: 2.911344 7.219461 20.187000 24.843750 412 6451 1387
Ch1: 2.911344 7.219461 20.187000 24.843750 411 6451 1387
Ch1: 2.911344 7.219461 20.187000 24.812500 410 6451 1387
Ch1: 2.911344 7.219461 20.187000 24.843750 409 6451 1387
Ch1: 2.911344 -8.865589 20.187000 24.843750 408 6444 1387
Ch1: 2.913443 7.219461 20.187000 24.812500 407 6451 1388
Ch1: 2.915542 7.219461 20.187000 24.843750 406 6451 1389
Ch1: 2.917641 7.219461 20.187000 24.812500 405 6451 1390
Ch1: 2.921839 7.219461 20.187000 24.843750 404 6451 1392
Ch1: 2.926037 9.517325 20.187000 24.843750 403 6452 1394
Ch1: 2.934433 4.921597 20.187000 24.843750 402 6450 1398
Ch1: 2.947027 7.219461 20.187000 24.812500 401 6451 1404
Ch1: 2.970117 9.517325 20.187000 24.812500 400 6452 1415
Ch1: 3.024691 11.815189 20.187000 24.843750 399 6453 1441
Ch1: 3.121246 9.517325 20.187000 24.843750 398 6452 1487
Ch1: 3.213603 11.815189 20.187000 24.812500 397 6453 1531
Ch1: 3.310158 7.219461 20.187000 24.843750 396 6451 1577
Ch1: 3.413010 14.113054 20.187000 24.843750 395 6454 1626
Ch1: 3.520061 9.517325 20.187000 24.812500 394 6452 1677
Ch1: 3.614517 7.219461 20.187000 24.843750 393 6451 1722
Ch1: 3.715270 7.219461 20.187000 24.843750 392 6451 1770
Ch1: 3.818122 7.219461 20.187000 24.843750 391 6451 1819
Ch1: 3.923073 2.623732 20.187000 24.843750 390 6449 1869
Ch1: 4.011232 4.921597 20.187000 24.843750 389 6450 1911
Ch1: 4.107787 2.623732 20.187000 24.843750 388 6449 1957
Ch1: 4.210639 16.410918 20.187000 24.843750 387 6455 2006
Ch1: 4.309293 14.113054 20.187000 24.843750 386 6454 2053
Ch1: 4.410046 14.113054 20.187000 24.812500 385 6454 2101
Ch1: 4.508700 14.113054 20.187000 24.843750 384 6454 2148
Ch1: 4.609453 11.815189 20.187000 24.843750 383 6453 2196
Ch1: 4.718602 16.410918 20.187000 24.843750 382 6455 2248
Ch1: 4.813058 14.113054 20.187000 24.843750 381 6454 2293
Ch1: 4.918009 14.113054 20.187000 24.843750 380 6454 2343
Ch1: 5.022961 -8.865589 20.187000 24.843750 379 6444 2393
Ch1: 5.109020 9.517325 20.187000 24.875000 378 6452 2434
Ch1: 5.207675 11.815189 20.187000 24.843750 377 6453 2481
Ch1: 5.308428 4.921597 20.187000 24.812500 376 6450 2529
Ch1: 5.411280 7.219461 20.187000 24.843750 375 6451 2578
Ch1: 5.512033 4.921597 20.187000 24.812500 374 6450 2626
Ch1: 5.610687 2.623732 20.187000 24.875000 373 6449 2673
Ch1: 5.717737 0.325868 20.187000 24.875000 372 6448 2724
Ch1: 5.816391 16.410918 20.187000 24.812500 371 6455 2771
Ch1: 5.921342 21.006646 20.187000 24.843750 370 6457 2821
Ch1: 6.028392 14.113054 20.187000 24.843750 369 6454 2872
Ch1: 6.112353 21.006646 20.187000 24.812500 368 6457 2912
Ch1: 6.211007 18.708782 20.187000 24.843750 367 6456 2959
Ch1: 6.324354 18.708782 20.187000 24.812500 366 6456 3013
Ch1: 6.418810 27.900239 20.187000 24.843750 365 6460 3058
Ch1: 6.519564 16.410918 20.187000 24.843750 364 6455 3106
Ch1: 6.620317 23.304511 20.187000 24.843750 363 6458 3154
Ch1: 6.725268 25.602375 20.187000 24.812500 362 6459 3204
Ch1: 6.830219 25.602375 20.187000 24.843750 361 6459 3254
Ch1: 6.928873 -6.567725 20.187000 24.843750 360 6445 3301
Ch1: 7.033824 -1.971996 20.187000 24.812500 359 6447 3351
Ch1: 7.134577 -24.950638 20.187000 24.812500 358 6437 3399
Ch1: 7.222736 -4.269860 20.187000 24.812500 357 6446 3441
Ch1: 7.323489 0.325868 20.187000 24.843750 356 6448 3489
Ch1: 7.426341 -1.971996 20.187000 24.843750 355 6447 3538
Ch1: 7.527094 2.623732 20.187000 24.843750 354 6449 3586
Ch1: 7.629946 2.623732 20.187000 24.843750 353 6449 3635
Ch1: 7.728600 7.219461 20.187000 24.843750 352 6451 3682
Ch1: 7.827254 2.623732 20.187000 24.843750 351 6449 3729
Ch1: 7.948998 9.517325 20.187000 24.875000 350 6452 3787
Ch1: 8.039256 11.815189 20.187000 24.812500 349 6453 3830
Ch1: 8.144207 0.325868 20.187000 24.812500 348 6448 3880
Ch1: 8.232366 14.113054 20.187000 24.843750 347 6454 3922
Ch1: 8.335218 11.815189 20.187000 24.843750 346 6453 3971
Ch1: 8.435971 11.815189 20.187000 24.843750 345 6453 4019
Ch1: 8.536724 11.815189 20.187000 24.875000 344 6453 4067
Ch1: 8.639576 14.113054 20.187000 24.843750 343 6454 4116
Ch1: 8.740329 11.815189 20.187000 24.812500 342 6453 4164
Ch1: 8.838983 14.113054 20.187000 24.875000 341 6454 4211
Ch1: 8.941835 18.708782 20.187000 24.843750 340 6456 4260
Ch1: 9.053084 16.410918 20.187000 24.843750 339 6455 4313
Ch1: 9.153837 2.623732 20.187000 24.843750 338 6449 4361
Ch1: 9.256689 -11.163453 20.187000 24.812500 337 6443 4410
Ch1: 9.344848 2.623732 20.187000 24.843750 336 6449 4452
Ch1: 9.443502 7.219461 20.187000 24.812500 335 6451 4499
Ch1: 9.558948 4.921597 20.187000 24.843750 334 6450 4554
Ch1: 9.653404 7.219461 20.187000 24.843750 333 6451 4599
Ch1: 9.754157 2.623732 20.187000 24.812500 332 6449 4647
Ch1: 9.857009 4.921597 20.187000 24.843750 331 6450 4696
Ch1: 9.959861 7.219461 20.187000 24.843750 330 6451 4745
Ch1: 10.062713 7.219461 20.187000 24.843750 329 6451 4794
Ch1: 10.171863 4.921597 20.187000 24.812500 328 6450 4846
Ch1: 10.272616 -1.971996 20.187000 24.843750 327 6447 4894
Ch1: 10.360775 14.113054 20.187000 24.843750 326 6454 4936
Ch1: 10.461528 7.219461 20.187000 24.875000 325 6451 4984
Ch1: 10.562281 7.219461 20.187000 24.843750 324 6451 5032
Ch1: 10.665133 11.815189 20.187000 24.875000 323 6453 5081
Ch1: 10.767985 9.517325 20.187000 24.781250 322 6452 5130
Ch1: 10.870837 9.517325 20.187000 24.843750 321 6452 5179
Ch1: 10.969491 9.517325 20.187000 24.843750 320 6452 5226
Ch1: 11.070244 7.219461 20.187000 24.843750 319 6451 5274
Ch1: 11.183591 9.517325 20.187000 24.875000 318 6452 5328
Ch1: 11.288542 11.815189 20.187000 24.812500 317 6453 5378
Ch1: 11.378800 4.921597 20.187000 24.843750 316 6450 5421
Ch1: 11.473256 11.815189 20.187000 24.812500 315 6453 5466
Ch1: 11.576108 7.219461 20.187000 24.843750 314 6451 5515
Ch1: 11.676862 4.921597 20.187000 24.812500 313 6450 5563
Ch1: 11.777615 2.623732 20.187000 24.843750 312 6449 5611
Ch1: 11.878368 4.921597 20.125000 24.875000 311 6450 5659
Ch1: 11.983319 4.921597 20.187000 24.843750 310 6450 5709
Ch1: 12.084072 2.623732 20.187000 24.843750 309 6449 5757
Ch1: 12.186924 4.921597 20.187000 24.843750 308 6450 5806
Ch1: 12.293974 4.921597 20.125000 24.875000 307 6450 5857
Ch1: 12.401024 -18.057046 20.187000 24.843750 306 6440 5908
Ch1: 12.487084 0.325868 20.125000 24.875000 305 6448 5949
Ch1: 12.587837 16.410918 20.187000 24.843750 304 6455 5997
Ch1: 12.686491 16.410918 20.125000 24.875000 303 6455 6044
Ch1: 12.795640 16.410918 20.187000 24.875000 302 6455 6096
Ch1: 12.892196 16.410918 20.187000 24.843750 301 6455 6142
Ch1: 12.990850 18.708782 20.187000 24.843750 300 6456 6189
Ch1: 13.095801 9.517325 20.187000 24.875000 299 6452 6239
Ch1: 13.200752 16.410918 20.187000 24.875000 298 6455 6289
Ch1: 13.301505 14.113054 20.187000 24.875000 297 6454 6337
Ch1: 13.408555 16.410918 20.187000 24.843750 296 6455 6388
Ch1: 13.505110 11.815189 20.187000 24.843750 295 6453 6434
Ch1: 13.599566 4.921597 20.187000 24.843750 294 6450 6479
Ch1: 13.700319 4.921597 20.187000 24.843750 293 6450 6527
Ch1: 13.801072 4.921597 20.187000 24.843750 292 6450 6575
Ch1: 13.903924 7.219461 20.187000 24.875000 291 6451 6624
Ch1: 14.004677 9.517325 20.187000 24.875000 290 6452 6672
Ch1: 14.107529 9.517325 20.187000 24.875000 289 6452 6721
Ch1: 14.210382 14.113054 20.187000 24.843750 288 6454 6770
Ch1: 14.309036 14.113054 20.187000 24.843750 287 6454 6817
Ch1: 14.422383 11.815189 20.187000 24.875000 286 6453 6871
Ch1: 14.521037 -31.844231 20.187000 24.875000 285 6434 6918
Ch1: 14.615493 2.623732 20.187000 24.843750 284 6449 6963
Ch1: 14.712048 21.006646 20.187000 24.875000 283 6457 7009
Ch1: 14.814900 21.006646 20.187000 24.875000 282 6457 7058
Ch1: 14.915653 21.006646 20.187000 24.875000 281 6457 7106
Ch1: 15.016406 21.006646 20.125000 24.875000 280 6457 7154
Ch1: 15.117159 21.006646 20.187000 24.875000 279 6457 7202
Ch1: 15.222110 23.304511 20.187000 24.875000 278 6458 7252
Ch1: 15.322863 21.006646 20.187000 24.843750 277 6457 7300
Ch1: 15.427815 21.006646 20.187000 24.906250 276 6457 7350
Ch1: 15.534865 18.708782 20.187000 24.843750 275 6456 7401
Ch1: 15.625123 25.602375 20.187000 24.843750 274 6459 7444
Ch1: 15.727975 23.304511 20.187000 24.843750 273 6458 7493
Ch1: 15.826629 25.602375 20.125000 24.875000 272 6459 7540
Ch1: 15.925283 25.602375 20.187000 24.843750 271 6459 7587
Ch1: 16.034432 25.602375 20.187000 24.875000 270 6459 7639
Ch1: 16.130987 23.304511 20.187000 24.843750 269 6458 7685
Ch1: 16.231740 21.006646 20.187000 24.875000 268 6457 7733
Ch1: 16.334592 21.006646 20.187000 24.843750 267 6457 7782
Ch1: 16.441642 21.006646 20.187000 24.875000 266 6457 7833
Ch1: 16.544494 21.006646 20.187000 24.843750 265 6457 7882
Ch1: 16.647347 -4.269860 20.187000 24.875000 264 6446 7931
Ch1: 16.735506 25.602375 20.187000 24.843750 263 6459 7973
Ch1: 16.844655 18.708782 20.187000 24.843750 262 6456 8025
Ch1: 16.939111 -4.269860 20.125000 24.875000 261 6446 8070
Ch1: 17.039864 -6.567725 20.187000 24.875000 260 6445 8118
Ch1: 17.142716 -4.269860 20.187000 24.843750 259 6446 8167
Ch1: 17.243469 -4.269860 20.187000 24.906250 258 6446 8215
Ch1: 17.348420 -4.269860 20.187000 24.875000 257 6446 8265
Ch1: 17.447074 -4.269860 20.187000 24.843750 256 6446 8312
Ch1: 17.549926 0.325868 20.187000 24.875000 255 6448 8361
Ch1: 17.667471 -13.461317 20.187000 24.875000 254 6442 8417
Ch1: 17.749333 0.325868 20.187000 24.875000 253 6448 8456
Ch1: 17.847987 -4.269860 20.187000 24.906250 252 6446 8503
Ch1: 17.955038 -4.269860 20.187000 24.875000 251 6446 8554
Ch1: 18.055791 -1.971996 20.187000 24.875000 250 6447 8602
Ch1: 18.154445 0.325868 20.125000 24.906250 249 6448 8649
Ch1: 18.255198 -4.269860 20.187000 24.843750 248 6446 8697
Ch1: 18.358050 -4.269860 20.187000 24.875000 247 6446 8746
Ch1: 18.460902 -4.269860 20.187000 24.875000 246 6446 8795
Ch1: 18.563754 -8.865589 20.187000 24.875000 245 6444 8844
Ch1: 18.668705 -4.269860 20.187000 24.875000 244 6446 8894
Ch1: 18.761062 -1.971996 20.125000 24.875000 243 6447 8938
Ch1: 18.861815 -1.971996 20.125000 24.906250 242 6447 8986
Ch1: 18.964667 -1.971996 20.187000 24.875000 241 6447 9035
Ch1: 19.067519 -4.269860 20.187000 24.843750 240 6446 9084
Ch1: 19.161975 18.708782 20.187000 24.843750 239 6456 9129
Ch1: 19.275323 18.708782 20.187000 24.875000 238 6456 9183
Ch1: 19.369779 18.708782 20.187000 24.875000 237 6456 9228
Ch1: 19.470532 18.708782 20.187000 24.875000 236 6456 9276
Ch1: 19.575483 21.006646 20.187000 24.875000 235 6457 9326
Ch1: 19.682533 25.602375 20.187000 24.843750 234 6459 9377
Ch1: 19.783286 -4.269860 20.187000 24.875000 233 6446 9425
Ch1: 19.875643 16.410918 20.125000 24.875000 232 6455 9469
Ch1: 19.974297 16.410918 20.187000 24.875000 231 6455 9516
Ch1: 20.079248 18.708782 20.187000 24.906250 230 6456 9566
Ch1: 20.180001 18.708782 20.187000 24.875000 229 6456 9614
Ch1: 20.278655 -4.269860 20.187000 24.875000 228 6446 9661
Ch1: 20.381507 2.623732 20.187000 24.843750 227 6449 9710
Ch1: 20.482260 0.325868 20.187000 24.906250 226 6448 9758
Ch1: 20.585113 4.921597 20.125000 24.906250 225 6450 9807
Ch1: 20.687965 7.219461 20.125000 24.843750 224 6451 9856
Ch1: 20.788718 2.623732 20.187000 24.906250 223 6449 9904
Ch1: 20.889471 4.921597 20.125000 24.906250 222 6450 9952
Ch1: 20.983927 11.815189 20.187000 24.875000 221 6453 9997
Ch1: 21.084680 9.517325 20.187000 24.906250 220 6452 10045
Ch1: 21.187532 11.815189 20.187000 24.875000 219 6453 10094
Ch1: 21.294582 4.921597 20.187000 24.875000 218 6450 10145
Ch1: 21.389038 2.623732 20.187000 24.875000 217 6449 10190
Ch1: 21.491890 0.325868 20.125000 24.843750 216 6448 10239
Ch1: 21.592643 -4.269860 20.187000 24.875000 215 6446 10287
Ch1: 21.695495 2.623732 20.187000 24.875000 214 6449 10336
Ch1: 21.798348 -1.971996 20.125000 24.875000 213 6447 10385
Ch1: 21.901200 -24.950638 20.187000 24.875000 212 6437 10434
Ch1: 21.993557 -1.971996 20.125000 24.875000 211 6447 10478
Ch1: 22.094310 -4.269860 20.187000 24.906250 210 6446 10526
Ch1: 22.197162 -11.163453 20.187000 24.875000 209 6443 10575
Ch1: 22.295816 -4.269860 20.187000 24.875000 208 6446 10622
Ch1: 22.394470 -1.971996 20.187000 24.906250 207 6447 10669
Ch1: 22.505718 -6.567725 20.187000 24.875000 206 6445 10722
Ch1: 22.600174 -4.269860 20.187000 24.875000 205 6446 10767
Ch1: 22.703026 -4.269860 20.125000 24.906250 204 6446 10816
Ch1: 22.807977 -6.567725 20.187000 24.875000 203 6445 10866
Ch1: 22.915027 -20.354910 20.187000 24.875000 202 6439 10917
Ch1: 23.003186 -8.865589 20.187000 24.875000 201 6444 10959
Ch1: 23.103939 -4.269860 20.187000 24.906250 200 6446 11007
Ch1: 23.204693 -6.567725 20.187000 24.875000 199 6445 11055
Ch1: 23.305446 -6.567725 20.187000 24.875000 198 6445 11103
Ch1: 23.404100 0.325868 20.125000 24.906250 197 6448 11150
Ch1: 23.509051 -6.567725 20.187000 24.875000 196 6445 11200
Ch1: 23.607705 21.006646 20.187000 24.875000 195 6457 11247
Ch1: 23.708458 18.708782 20.187000 24.875000 194 6456 11295
Ch1: 23.813409 18.708782 20.187000 24.875000 193 6456 11345
Ch1: 23.918360 14.113054 20.187000 24.843750 192 6454 11395
Ch1: 24.008618 23.304511 20.187000 24.906250 191 6458 11438
Ch1: 24.109371 23.304511 20.187000 24.875000 190 6458 11486
Ch1: 24.205926 21.006646 20.187000 24.906250 189 6457 11532
Ch1: 24.304580 21.006646 20.187000 24.906250 188 6457 11579
Ch1: 24.407432 21.006646 20.187000 24.843750 187 6457 11628
Ch1: 24.510284 18.708782 20.187000 24.906250 186 6456 11677
Ch1: 24.615236 21.006646 20.187000 24.875000 185 6457 11727
Ch1: 24.709692 -4.269860 20.187000 24.875000 184 6446 11772
Ch1: 24.810445 0.325868 20.187000 24.875000 183 6448 11820
Ch1: 24.915396 -4.269860 20.187000 24.875000 182 6446 11870
Ch1: 25.016149 -22.652774 20.187000 24.906250 181 6438 11918
Ch1: 25.106407 -4.269860 20.125000 24.875000 180 6446 11961
Ch1: 25.209259 -1.971996 20.187000 24.875000 179 6447 12010
Ch1: 25.307913 -4.269860 20.187000 24.906250 178 6446 12057
Ch1: 25.404468 4.921597 20.187000 24.875000 177 6450 12103
Ch1: 25.496825 11.815189 20.125000 24.906250 176 6453 12147
Ch1: 25.587083 25.602375 20.187000 24.906250 175 6459 12190
Ch1: 25.689935 39.389560 20.187000 24.937500 174 6465 12239
Ch1: 25.771797 85.346845 20.187000 24.875000 173 6485 12278
Ch1: 25.862055 101.431895 20.187000 24.875000 172 6492 12321
Ch1: 25.952313 124.410537 20.187000 24.875000 171 6502 12364
Ch1: 26.040472 145.091316 20.125000 24.875000 170 6511 12406
Ch1: 26.118136 145.091316 20.187000 24.875000 169 6511 12443
Ch1: 26.202096 172.665686 20.187000 24.906250 168 6523 12483
Ch1: 26.283958 204.835786 20.187000 24.875000 167 6537 12522
Ch1: 26.365820 237.005885 20.125000 24.906250 166 6551 12561
Ch1: 26.445583 266.878120 20.187000 24.906250 165 6564 12599
Ch1: 26.525346 299.048220 20.187000 24.906250 164 6578 12637
Ch1: 26.609307 338.111912 20.187000 24.906250 163 6595 12677
Ch1: 26.684872 402.452111 20.187000 24.906250 162 6623 12713
Ch1: 26.766734 432.324346 20.187000 24.906250 161 6636 12752
Ch1: 26.842298 475.983766 20.187000 24.875000 160 6655 12788
Ch1: 26.909467 521.941051 20.187000 24.875000 159 6675 12820
Ch1: 26.993428 579.387657 20.187000 24.906250 158 6700 12860
Ch1: 27.060597 618.451350 20.125000 24.843750 157 6717 12892
Ch1: 27.131963 669.004363 20.187000 24.906250 156 6739 12926
Ch1: 27.207528 717.259512 20.187000 24.906250 155 6760 12962
Ch1: 27.278895 770.110390 20.187000 24.875000 154 6783 12996
Ch1: 27.348163 822.961267 20.125000 24.906250 153 6806 13029
Ch1: 27.419529 873.514281 20.187000 24.906250 152 6828 13063
Ch1: 27.486698 935.556615 20.187000 24.906250 151 6855 13095
Ch1: 27.560164 993.003221 20.187000 24.875000 150 6880 13130
Ch1: 27.621036 1050.449827 20.187000 24.906250 149 6905 13159
Ch1: 27.686105 1103.300705 20.187000 24.875000 148 6928 13190
Ch1: 27.753274 1169.938768 20.187000 24.906250 147 6957 13222
Ch1: 27.818344 1236.576831 20.187000 24.906250 146 6986 13253
Ch1: 27.879215 1300.917030 20.187000 24.937500 145 7014 13282
Ch1: 27.946384 1353.767907 20.187000 24.906250 144 7037 13314
Ch1: 28.005157 1422.703835 20.187000 24.875000 143 7067 13342
Ch1: 28.072325 1505.426947 20.187000 24.906250 142 7103 13374
Ch1: 28.133197 1565.171418 20.187000 24.906250 141 7129 13403
Ch1: 28.194069 1643.298802 20.187000 24.875000 140 7163 13432
Ch1: 28.254940 1677.766766 20.187000 24.937500 139 7178 13461
Ch1: 28.305317 1790.362113 20.187000 24.875000 138 7227 13485
Ch1: 28.364090 1868.489498 20.187000 24.875000 137 7261 13513
Ch1: 28.424961 1946.616882 20.187000 24.875000 136 7295 13542
Ch1: 28.475338 2020.148538 20.187000 24.906250 135 7327 13566
Ch1: 28.534110 2102.871650 20.187000 24.906250 134 7363 13594
Ch1: 28.592883 2183.296899 20.187000 24.875000 133 7398 13622
Ch1: 28.645359 2259.126419 20.187000 24.906250 132 7431 13647
Ch1: 28.697834 2362.530310 20.187000 24.906250 131 7476 13672
Ch1: 28.756607 2433.764101 20.187000 24.906250 130 7507 13700
Ch1: 28.809082 2502.700029 20.187000 24.875000 129 7537 13725
Ch1: 28.855261 2594.614598 20.187000 24.906250 128 7577 13747
Ch1: 28.905637 2679.635575 20.187000 24.906250 127 7614 13771
Ch1: 28.956014 2787.635195 20.187000 24.906250 126 7661 13795
Ch1: 29.008489 2870.358308 20.187000 24.875000 125 7697 13820
Ch1: 29.058866 2957.677149 20.187000 24.906250 124 7735 13844
Ch1: 29.105044 3061.081040 20.187000 24.875000 123 7780 13866
Ch1: 29.151223 3166.782795 20.187000 24.906250 122 7826 13888
Ch1: 29.203699 3256.399500 20.187000 24.906250 121 7865 13913
Ch1: 29.251976 3348.314070 20.187000 24.906250 120 7905 13936
Ch1: 29.298155 3454.015825 20.187000 24.906250 119 7951 13958
Ch1: 29.335937 3578.100494 20.187000 24.843750 118 8005 13976
Ch1: 29.382115 3683.802250 20.187000 24.906250 117 8051 13998
Ch1: 29.421997 3794.099733 20.187000 24.906250 116 8099 14017
Ch1: 29.470274 3876.822846 20.187000 24.937500 115 8135 14040
Ch1: 29.514354 3980.226737 20.187000 24.906250 114 8180 14061
Ch1: 29.556334 4099.715678 20.187000 24.906250 113 8232 14081
Ch1: 29.600414 4200.821704 20.187000 24.906250 112 8276 14102
Ch1: 29.638196 4308.821324 20.187000 24.875000 111 8323 14120
Ch1: 29.678078 4419.118807 20.187000 24.937500 110 8371 14139
Ch1: 29.722157 4524.820562 20.187000 24.906250 109 8417 14160
Ch1: 29.764137 4628.224453 20.187000 24.906250 108 8462 14180
Ch1: 29.795623 4736.224073 20.187000 24.906250 107 8509 14195
Ch1: 29.841801 4841.925828 20.187000 24.906250 106 8555 14217
Ch1: 29.873287 4963.712633 20.187000 24.937500 105 8608 14232
Ch1: 29.915267 5083.201574 20.187000 24.937500 104 8660 14252
Ch1: 29.948851 5195.796921 20.187000 24.906250 103 8709 14268
Ch1: 29.986634 5329.073047 20.187000 24.906250 102 8767 14286
Ch1: 30.020218 5432.476938 20.187000 24.906250 101 8812 14302
Ch1: 30.055902 5558.859472 20.187000 24.937500 100 8867 14319
Ch1: 30.095783 5692.135598 20.187000 24.906250 99 8925 14338
Ch1: 30.135664 5807.028810 20.187000 24.906250 98 8975 14357
Ch1: 30.169249 5940.304936 20.187000 24.875000 97 9033 14373
Ch1: 30.196536 6064.389605 20.187000 24.906250 96 9087 14386
Ch1: 30.221724 6186.176410 20.187000 24.906250 95 9140 14398
Ch1: 30.261606 6319.452536 20.187000 24.906250 94 9198 14417
Ch1: 30.293091 6436.643613 20.187000 24.937500 93 9249 14432
Ch1: 30.324576 6567.621874 20.187000 24.906250 92 9306 14447
Ch1: 30.353963 6716.983050 20.187000 24.906250 91 9371 14461
Ch1: 30.391745 6818.089077 20.187000 24.906250 90 9415 14479
Ch1: 30.414834 6951.365203 20.187000 24.937500 89 9473 14490
Ch1: 30.450518 7086.939193 20.187000 24.906250 88 9532 14507
Ch1: 30.482003 7194.938813 20.187000 24.875000 87 9579 14522
Ch1: 30.511389 7328.214939 20.187000 24.937500 86 9637 14536
Ch1: 30.534479 7447.703879 20.187000 24.906250 85 9689 14547
Ch1: 30.568063 7574.086413 20.187000 24.906250 84 9744 14563
Ch1: 30.597449 7718.851860 20.187000 24.906250 83 9807 14577
Ch1: 30.622638 7840.638665 20.187000 24.937500 82 9860 14589
Ch1: 30.652024 7989.999841 20.187000 24.937500 81 9925 14603
Ch1: 30.670915 8127.871695 20.187000 24.937500 80 9985 14612
Ch1: 30.704500 8226.679858 20.187000 24.906250 79 10028 14628
Ch1: 30.733886 8408.211133 20.187000 24.906250 78 10107 14642
Ch1: 30.752777 8532.295802 20.187000 24.906250 77 10161 14651
Ch1: 30.780064 8654.082607 20.187000 24.906250 76 10214 14664
Ch1: 30.807352 8789.656597 20.187000 24.906250 75 10273 14677
Ch1: 30.828342 8971.187872 20.187000 24.906250 74 10352 14687
Ch1: 30.857728 9095.272542 20.187000 24.906250 73 10406 14701
Ch1: 30.887114 9244.633717 20.187000 24.906250 72 10471 14715
Ch1: 30.908105 9375.611979 20.187000 24.906250 71 10528 14725
Ch1: 30.935392 9518.079562 20.187000 24.906250 70 10590 14738
Ch1: 30.956382 9658.249281 20.187000 24.937500 69 10651 14748
Ch1: 30.981570 9805.312593 20.187000 24.937500 68 10715 14760
Ch1: 31.002561 9933.992990 20.187000 24.906250 67 10771 14770
Ch1: 31.027749 10046.588338 20.187000 24.937500 66 10820 14782
Ch1: 31.044541 10216.630292 20.187000 24.968750 65 10894 14790
Ch1: 31.067630 10359.097875 20.187000 24.906250 64 10956 14801
Ch1: 31.088621 10499.267594 20.187000 24.937500 63 11017 14811
Ch1: 31.109611 10662.415955 20.187000 24.906250 62 11088 14821
Ch1: 31.132700 10791.096353 20.187000 24.906250 61 11144 14832
Ch1: 31.143195 10947.351121 20.187000 24.937500 60 11212 14837
Ch1: 31.178879 11080.627247 20.187000 24.906250 59 11270 14854
Ch1: 31.183077 11227.690559 20.187000 24.937500 58 11334 14856
Ch1: 31.210364 11393.136785 20.187000 24.937500 57 11406 14869
Ch1: 31.231354 11514.923589 20.187000 24.937500 56 11459 14879
Ch1: 31.252344 11648.199715 20.187000 24.937500 55 11517 14889
Ch1: 31.260740 11813.645941 20.187000 24.937500 54 11589 14893
Ch1: 31.294325 11946.922067 20.187000 24.937500 53 11647 14909
Ch1: 31.300622 12110.070428 20.187000 24.906250 52 11718 14912
Ch1: 31.321612 12270.920925 20.187000 24.906250 51 11788 14922
Ch1: 31.344701 12436.367151 20.187000 24.906250 50 11860 14933
Ch1: 31.355196 12581.132598 20.187000 24.937500 49 11923 14938
Ch1: 31.382484 12721.302317 20.187000 24.906250 48 11984 14951
Ch1: 31.397177 12856.876307 20.187000 24.906250 47 12043 14958
Ch1: 31.409771 13024.620397 20.187000 24.906250 46 12116 14964
Ch1: 31.432860 13144.109338 20.187000 24.937500 45 12168 14975
Ch1: 31.443355 13316.449156 20.187000 24.937500 44 12243 14980
Ch1: 31.466445 13447.427418 20.250000 24.968750 43 12300 14991
Ch1: 31.479039 13624.362964 20.187000 24.906250 42 12377 14997
Ch1: 31.497930 13725.468991 20.187000 24.937500 41 12421 15006
Ch1: 31.510524 13863.340846 20.187000 24.906250 40 12481 15012
Ch1: 31.523118 14024.191343 20.187000 24.937500 39 12551 15018
Ch1: 31.542009 14180.446111 20.187000 24.906250 38 12619 15027
Ch1: 31.556703 14327.509423 20.187000 24.906250 37 12683 15034
Ch1: 31.573495 14476.870598 20.187000 24.906250 36 12748 15042
Ch1: 31.583990 14630.827503 20.187000 24.906250 35 12815 15047
Ch1: 31.600782 14780.188679 20.187000 24.906250 34 12880 15055
Ch1: 31.613376 14943.337040 20.187000 24.906250 33 12951 15061
Ch1: 31.628069 15083.506759 20.187000 24.906250 32 13012 15068
Ch1: 31.649060 15205.293563 20.250000 24.906250 31 13065 15078
Ch1: 31.663753 15375.335517 20.187000 24.937500 30 13139 15085
Ch1: 31.672149 15506.313779 20.250000 24.937500 29 13196 15089
Ch1: 31.695238 15648.781362 20.187000 24.906250 28 13258 15100
Ch1: 31.701535 15800.440402 20.187000 24.906250 27 13324 15103
Ch1: 31.718327 15961.290899 20.187000 24.906250 26 13394 15111
Ch1: 31.728822 16112.949939 20.187000 24.906250 25 13460 15116
Ch1: 31.743516 16255.417522 20.187000 24.937500 24 13522 15123
Ch1: 31.756110 16390.991513 20.187000 24.937500 23 13581 15129
Ch1: 31.764506 16528.863367 20.187000 24.937500 22 13641 15133
Ch1: 31.779199 16675.926679 20.187000 24.906250 21 13705 15140
Ch1: 31.785496 16832.181447 20.187000 24.906250 20 13773 15143
Ch1: 31.804387 16979.244759 20.187000 24.906250 19 13837 15152
Ch1: 31.810684 17126.308071 20.250000 24.937500 18 13901 15155
Ch1: 31.831675 17271.073518 20.187000 24.937500 17 13964 15165
Ch1: 31.835873 17418.136829 20.250000 24.906250 16 14028 15167
Ch1: 31.844269 17551.412955 20.250000 24.937500 15 14086 15171
Ch1: 31.867358 17666.306168 20.187000 24.937500 14 14136 15182
Ch1: 31.875754 17845.539579 20.187000 24.906250 13 14214 15186
Ch1: 31.888348 17978.815705 20.250000 24.906250 12 14272 15192
Ch1: 31.894645 18139.666202 20.250000 24.937500 11 14342 15195
Ch1: 31.907239 18284.431649 20.250000 24.937500 10 14405 15201
Ch1: 31.924032 18417.707775 20.250000 24.937500 9 14463 15209
Ch1: 31.930329 18548.686037 20.250000 24.968750 8 14520 15212
Ch1: 31.934527 18702.642941 20.187000 24.906250 7 14587 15214
Ch1: 31.949220 18845.110524 20.250000 24.906250 6 14649 15221
Ch1: 31.955517 18985.280243 20.250000 24.937500 5 14710 15224
Ch1: 31.968111 19100.173455 20.187000 24.906250 4 14760 15230
Ch1: 31.978606 19249.534631 20.187000 24.937500 3 14825 15235
Ch1: 31.980705 19403.491535 20.250000 24.906250 2 14892 15236
Ch1: 31.997497 19516.086883 20.187000 24.937500 1 14941 15244
Ch1: 32.012190 19628.682231 20.250000 24.937500 0 14990 15251
Ch1: 32.014289 19796.426321 20.250000 24.937500 0 15063 15252
Ch1: 32.005893 19807.915642 20.250000 24.906250 1 15068 15248
Ch1: 32.001695 19626.384367 20.250000 24.906250 2 14989 15246
Ch1: 31.987002 19513.789019 20.250000 24.937500 3 14940 15239
Ch1: 31.987002 19362.129979 20.187000 24.937500 4 14874 15239
Ch1: 31.984903 19219.662396 20.250000 24.906250 5 14812 15238
Ch1: 31.957616 19095.577727 20.250000 24.937500 6 14758 15225
Ch1: 31.955517 18953.110144 20.250000 24.906250 7 14696 15224
Ch1: 31.940824 18812.940425 20.250000 24.937500 8 14635 15217
Ch1: 31.928230 18679.664299 20.250000 24.937500 9 14577 15211
Ch1: 31.926131 18546.388173 20.250000 24.906250 10 14519 15210
Ch1: 31.909338 18403.920590 20.250000 24.937500 11 14457 15202
Ch1: 31.900942 18279.835920 20.250000 24.906250 12 14403 15198
Ch1: 31.886249 18153.453387 20.187000 24.937500 13 14348 15191
Ch1: 31.884150 18022.475125 20.250000 24.906250 14 14291 15190
Ch1: 31.867358 17877.709678 20.250000 24.937500 15 14228 15182
Ch1: 31.861061 17723.752774 20.250000 24.937500 16 14161 15179
Ch1: 31.848467 17553.710820 20.250000 24.968750 17 14087 15173
Ch1: 31.831675 17427.328286 20.250000 24.937500 18 14032 15165
Ch1: 31.827477 17282.562839 20.250000 24.906250 19 13969 15163
Ch1: 31.812783 17119.414478 20.250000 24.937500 20 13898 15156
Ch1: 31.802288 16972.351166 20.250000 24.937500 21 13834 15151
Ch1: 31.787595 16836.777176 20.250000 24.906250 22 13775 15144
Ch1: 31.775001 16680.522407 20.250000 24.937500 23 13707 15138
Ch1: 31.758209 16563.331331 20.250000 24.937500 24 13656 15130
Ch1: 31.747714 16409.374427 20.250000 24.906250 25 13589 15125
Ch1: 31.735120 16269.204708 20.250000 24.937500 26 13528 15119
Ch1: 31.709931 16117.545668 20.250000 24.906250 27 13462 15107
Ch1: 31.712030 16002.652456 20.250000 24.906250 28 13412 15108
Ch1: 31.703634 15818.823316 20.250000 24.906250 29 13332 15104
Ch1: 31.684743 15685.547190 20.250000 24.906250 30 13274 15095
Ch1: 31.663753 15543.079607 20.250000 24.937500 31 13212 15085
Ch1: 31.646961 15391.420567 20.250000 24.968750 32 13146 15077
Ch1: 31.646961 15230.570070 20.250000 24.937500 33 13076 15077
Ch1: 31.625970 15104.187537 20.250000 24.906250 34 13021 15067
Ch1: 31.602881 14947.932768 20.250000 24.937500 35 12953 15056
Ch1: 31.596584 14803.167321 20.250000 24.937500 36 12890 15053
Ch1: 31.579792 14630.827503 20.250000 24.906250 37 12815 15045
Ch1: 31.567198 14499.849241 20.250000 24.937500 38 12758 15039
Ch1: 31.550406 14336.700880 20.250000 24.906250 39 12687 15031
Ch1: 31.539910 14171.254654 20.250000 24.906250 40 12615 15026
Ch1: 31.523118 14044.872121 20.250000 24.937500 41 12560 15018
Ch1: 31.502128 13909.298130 20.250000 24.937500 42 12501 15008
Ch1: 31.485336 13750.745498 20.250000 24.937500 43 12432 15000
Ch1: 31.470643 13603.682186 20.250000 24.906250 44 12368 14993
Ch1: 31.451751 13447.427418 20.250000 24.937500 45 12300 14984
Ch1: 31.439157 13330.236341 20.250000 24.937500 46 12249 14978
Ch1: 31.426563 13190.066622 20.250000 24.937500 47 12188 14972
Ch1: 31.407672 13022.322533 20.250000 24.968750 48 12115 14963
Ch1: 31.378286 12882.152814 20.250000 24.906250 49 12054 14949
Ch1: 31.365692 12719.004453 20.250000 24.906250 50 11983 14943
Ch1: 31.346800 12585.728327 20.250000 24.937500 51 11925 14934
Ch1: 31.325810 12431.771422 20.250000 24.937500 52 11858 14924
Ch1: 31.311117 12303.091025 20.250000 24.937500 53 11802 14917
Ch1: 31.290127 12137.644799 20.250000 24.937500 54 11730 14907
Ch1: 31.279632 11990.581488 20.250000 24.937500 55 11666 14902
Ch1: 31.252344 11845.816040 20.250000 24.906250 56 11603 14889
Ch1: 31.235552 11675.774086 20.250000 24.906250 57 11529 14881
Ch1: 31.214562 11512.625725 20.250000 24.937500 58 11458 14871
Ch1: 31.210364 11372.456006 20.250000 24.937500 59 11397 14869
Ch1: 31.183077 11266.754251 20.250000 24.906250 60 11351 14856
Ch1: 31.157888 11112.797347 20.250000 24.906250 61 11284 14844
Ch1: 31.130601 10963.436171 20.250000 24.906250 62 11219 14831
Ch1: 31.115908 10834.755773 20.250000 24.937500 63 11163 14824
Ch1: 31.090720 10706.075376 20.250000 24.906250 64 11107 14812
Ch1: 31.071828 10513.054779 20.250000 24.937500 65 11023 14803
Ch1: 31.048739 10409.650889 20.250000 24.937500 66 10978 14792
Ch1: 31.021452 10260.289713 20.250000 24.906250 67 10913 14779
Ch1: 31.006759 10094.843487 20.250000 24.937500 68 10841 14772
Ch1: 30.989967 9959.269497 20.250000 24.968750 69 10782 14764
Ch1: 30.952184 9832.886964 20.250000 24.937500 70 10727 14746
Ch1: 30.939590 9685.823652 20.250000 24.906250 71 10663 14740
Ch1: 30.912303 9545.653933 20.250000 24.937500 72 10602 14727
Ch1: 30.889213 9416.973536 20.250000 24.906250 73 10546 14716
Ch1: 30.866124 9276.803817 20.250000 24.906250 74 10485 14705
Ch1: 30.847233 9118.251184 20.250000 24.906250 75 10416 14696
Ch1: 30.822045 8989.570786 20.250000 24.968750 76 10360 14684
Ch1: 30.792658 8837.911746 20.250000 24.906250 77 10294 14670
Ch1: 30.767470 8695.444163 20.250000 24.937500 78 10232 14658
Ch1: 30.742282 8548.380852 20.250000 24.906250 79 10168 14646
Ch1: 30.719193 8405.913269 20.250000 24.906250 80 10106 14635
Ch1: 30.687707 8274.935007 20.250000 24.968750 81 10049 14620
Ch1: 30.660420 8143.956745 20.250000 24.937500 82 9992 14607
Ch1: 30.635232 8012.978483 20.250000 24.875000 83 9935 14595
Ch1: 30.603746 7884.298086 20.250000 24.937500 84 9879 14580
Ch1: 30.576459 7753.319824 20.250000 24.906250 85 9822 14567
Ch1: 30.553370 7606.256512 20.250000 24.937500 86 9758 14556
Ch1: 30.526083 7456.895336 20.250000 24.906250 87 9693 14543
Ch1: 30.490399 7346.597853 20.250000 24.875000 88 9645 14526
Ch1: 30.471508 7204.130270 20.250000 24.937500 89 9583 14517
Ch1: 30.437924 7084.641329 20.250000 24.906250 90 9531 14501
Ch1: 30.406438 6937.578018 20.250000 24.906250 91 9467 14486
Ch1: 30.364458 6838.769855 20.250000 24.906250 92 9424 14466
Ch1: 30.341369 6691.706544 20.250000 24.937500 93 9360 14455
Ch1: 30.309883 6565.324010 20.250000 24.906250 94 9305 14440
Ch1: 30.284695 6429.750020 20.250000 24.937500 95 9246 14428
Ch1: 30.249012 6314.856808 20.250000 24.937500 96 9196 14411
Ch1: 30.215427 6176.984953 20.250000 24.937500 97 9136 14395
Ch1: 30.183942 6062.091741 20.250000 24.937500 98 9086 14380
Ch1: 30.148259 5954.092122 20.250000 24.906250 99 9039 14363
Ch1: 30.112575 5813.922403 20.250000 24.937500 100 8978 14346
Ch1: 30.076892 5696.731326 20.250000 24.937500 101 8927 14329
Ch1: 30.039109 5570.348793 20.250000 24.937500 102 8872 14311
Ch1: 30.003426 5455.455581 20.250000 24.906250 103 8822 14294
Ch1: 29.978238 5326.775183 20.250000 24.937500 104 8766 14282
Ch1: 29.934158 5227.967021 20.250000 24.906250 105 8723 14261
Ch1: 29.898475 5085.499438 20.250000 24.937500 106 8661 14244
Ch1: 29.860693 4988.989140 20.250000 24.906250 107 8619 14226
Ch1: 29.829207 4876.393792 20.250000 24.937500 108 8570 14211
Ch1: 29.778831 4766.096308 20.250000 24.937500 109 8522 14187
Ch1: 29.743147 4632.820182 20.250000 24.937500 110 8464 14170
Ch1: 29.705365 4534.012019 20.250000 24.906250 111 8421 14152
Ch1: 29.663384 4428.310264 20.250000 24.906250 112 8375 14132
Ch1: 29.621404 4306.523459 20.250000 24.906250 113 8322 14112
Ch1: 29.587820 4214.608890 20.250000 24.937500 114 8282 14096
Ch1: 29.541641 4115.800727 20.250000 24.906250 115 8239 14074
Ch1: 29.493364 3998.609651 20.250000 24.937500 116 8188 14051
Ch1: 29.453482 3888.312167 85.000000 24.937500 117 8140 14032
Ch1: 29.413601 3764.227498 20.250000 24.937500 118 8086 14013
Ch1: 29.363224 3676.908657 20.250000 24.937500 119 8048 13989
Ch1: 29.325442 3568.909037 20.250000 24.937500 120 8001 13971
Ch1: 29.275065 3472.398739 20.250000 24.937500 121 7959 13947
Ch1: 29.230986 3385.079898 20.250000 24.937500 122 7921 13926
Ch1: 29.184807 3293.165328 20.250000 24.875000 123 7881 13904
Ch1: 29.134431 3182.867845 20.250000 24.906250 124 7833 13880
Ch1: 29.090351 3090.953275 20.250000 24.906250 125 7793 13859
Ch1: 29.037876 3005.932298 20.250000 24.906250 126 7756 13834
Ch1: 28.993796 2907.124135 20.250000 24.906250 127 7713 13813
Ch1: 28.945519 2826.698887 20.250000 24.937500 128 7678 13790
Ch1: 28.888845 2725.592860 20.250000 24.906250 129 7634 13763
Ch1: 28.844766 2626.784698 20.250000 24.937500 130 7591 13742
Ch1: 28.783894 2523.380807 20.250000 24.906250 131 7546 13713
Ch1: 28.733518 2422.274780 20.250000 24.968750 132 7502 13689
Ch1: 28.683141 2367.126038 20.250000 24.906250 133 7478 13665
Ch1: 28.628566 2268.317876 20.250000 24.906250 134 7435 13639
Ch1: 28.573992 2197.084084 20.250000 24.937500 135 7404 13613
Ch1: 28.519417 2112.063107 20.250000 24.937500 136 7367 13587
Ch1: 28.456447 2031.637859 20.250000 24.906250 137 7332 13557
Ch1: 28.408169 1948.914746 20.250000 24.937500 138 7296 13534
Ch1: 28.353594 1843.212991 20.250000 24.937500 139 7250 13508
Ch1: 28.296921 1792.659978 20.250000 24.906250 140 7228 13481
Ch1: 28.231851 1700.745408 20.250000 24.937500 141 7188 13450
Ch1: 28.168880 1636.405209 20.250000 24.906250 142 7160 13420
Ch1: 28.110108 1558.277825 20.250000 24.937500 143 7126 13392
Ch1: 28.055533 1503.129083 20.250000 24.937500 144 7102 13366
Ch1: 27.986266 1438.788884 20.250000 24.906250 145 7074 13333
Ch1: 27.927493 1376.746550 20.250000 24.906250 146 7047 13305
Ch1: 27.868720 1307.810622 20.250000 24.937500 147 7017 13277
Ch1: 27.803651 1241.172559 20.250000 24.906250 148 6988 13246
Ch1: 27.740680 1181.428089 20.250000 24.937500 149 6962 13216
Ch1: 27.667214 1114.790026 20.187000 24.937500 150 6933 13181
Ch1: 27.606342 1050.449827 20.187000 24.937500 151 6905 13152
Ch1: 27.537075 990.705357 20.250000 24.875000 152 6879 13119
Ch1: 27.467807 935.556615 20.250000 24.937500 153 6855 13086
Ch1: 27.402737 873.514281 20.250000 24.875000 154 6828 13055
Ch1: 27.333470 809.174082 20.250000 24.937500 155 6800 13022
Ch1: 27.264202 754.025340 20.250000 24.937500 156 6776 12989
Ch1: 27.192835 705.770191 20.250000 24.875000 157 6755 12955
Ch1: 27.121468 662.110770 20.250000 24.906250 158 6736 12921
Ch1: 27.050102 618.451350 20.250000 24.937500 159 6717 12887
Ch1: 26.980834 538.026101 20.250000 24.937500 160 6682 12854
Ch1: 26.890576 526.536780 20.250000 24.906250 161 6677 12811
Ch1: 26.821308 480.579495 20.250000 24.937500 162 6657 12778
Ch1: 26.745743 443.813667 20.250000 24.937500 163 6641 12742
Ch1: 26.668079 407.047839 20.250000 24.906250 164 6625 12705
Ch1: 26.588317 370.282011 20.250000 24.906250 165 6609 12667
Ch1: 26.508554 301.346084 20.250000 24.937500 166 6579 12629
Ch1: 26.428791 266.878120 20.250000 24.906250 167 6564 12591
Ch1: 26.351127 237.005885 20.250000 24.968750 168 6551 12554
Ch1: 26.271364 204.835786 20.250000 24.906250 169 6537 12516
Ch1: 26.191601 170.367822 20.250000 24.906250 170 6522 12478
Ch1: 26.101343 149.687044 20.250000 24.906250 171 6513 12435
Ch1: 26.017383 124.410537 20.250000 24.937500 172 6502 12395
Ch1: 25.929224 101.431895 20.250000 24.906250 173 6492 12353
Ch1: 25.841065 80.751117 20.250000 24.906250 174 6483 12311
Ch1: 25.755005 62.368203 20.250000 24.906250 175 6475 12270
Ch1: 25.668945 57.772474 20.250000 24.906250 176 6473 12229
Ch1: 25.572390 34.793832 20.250000 24.906250 177 6463 12183
Ch1: 25.488429 18.708782 20.250000 24.906250 178 6456 12143
Ch1: 25.387676 9.517325 20.250000 24.937500 179 6452 12095
Ch1: 25.289022 4.921597 20.250000 24.906250 180 6450 12048
Ch1: 25.190368 -1.971996 20.250000 24.906250 181 6447 12001
Ch1: 25.089615 -8.865589 20.250000 24.937500 182 6444 11953
Ch1: 24.988862 -8.865589 20.250000 24.937500 183 6444 11905
Ch1: 24.892307 -6.567725 20.250000 24.875000 184 6445 11859
Ch1: 24.791553 -8.865589 20.250000 24.937500 185 6444 11811
Ch1: 24.692899 -11.163453 20.250000 24.906250 186 6443 11764
Ch1: 24.592146 -6.567725 20.250000 24.906250 187 6445 11716
Ch1: 24.499789 -4.269860 20.250000 24.937500 188 6446 11672
Ch1: 24.396937 -15.759181 20.250000 24.906250 189 6441 11623
Ch1: 24.287788 -1.971996 20.250000 24.937500 190 6447 11571
Ch1: 24.189134 -1.971996 20.250000 24.906250 191 6447 11524
Ch1: 24.092579 2.623732 20.250000 24.937500 192 6449 11478
Ch1: 23.987628 2.623732 20.250000 24.906250 193 6449 11428
Ch1: 23.891073 11.815189 20.250000 24.906250 194 6453 11382
Ch1: 23.792419 9.517325 20.250000 24.906250 195 6452 11335
Ch1: 23.691666 9.517325 20.250000 24.968750 196 6452 11287
Ch1: 23.590913 16.410918 20.250000 24.937500 197 6455 11239
Ch1: 23.494358 -4.269860 20.187000 24.906250 198 6446 11193
Ch1: 23.395704 -20.354910 20.250000 24.937500 199 6439 11146
Ch1: 23.286554 -6.567725 20.250000 24.906250 200 6445 11094
Ch1: 23.185801 -8.865589 20.250000 24.906250 201 6444 11046
Ch1: 23.087147 -6.567725 20.250000 24.906250 202 6445 10999
Ch1: 22.986394 -6.567725 20.250000 24.937500 203 6445 10951
Ch1: 22.887740 -6.567725 20.250000 24.968750 204 6445 10904
Ch1: 22.784888 0.325868 20.250000 24.906250 205 6448 10855
Ch1: 22.684135 0.325868 20.250000 24.906250 206 6448 10807
Ch1: 22.587580 4.921597 20.250000 24.906250 207 6450 10761
Ch1: 22.493124 2.623732 20.250000 24.937500 208 6449 10716
Ch1: 22.383975 0.325868 20.250000 24.937500 209 6448 10664
Ch1: 22.281123 2.623732 20.250000 24.906250 210 6449 10615
Ch1: 22.182469 -6.567725 20.250000 24.937500 211 6445 10568
Ch1: 22.077518 -1.971996 20.250000 24.906250 212 6447 10518
Ch1: 21.976764 -6.567725 20.250000 24.906250 213 6445 10470
Ch1: 21.876011 -4.269860 20.250000 24.906250 214 6446 10422
Ch1: 21.775258 -4.269860 20.250000 24.968750 215 6446 10374
Ch1: 21.676604 -4.269860 20.250000 24.875000 216 6446 10327
Ch1: 21.575851 -1.971996 20.250000 24.937500 217 6447 10279
Ch1: 21.477197 0.325868 20.250000 24.906250 218 6448 10232
Ch1: 21.380642 0.325868 20.250000 24.906250 219 6448 10186
Ch1: 21.284087 0.325868 20.250000 24.906250 220 6448 10140
Ch1: 21.170740 9.517325 20.250000 24.906250 221 6452 10086
Ch1: 21.067888 4.921597 20.250000 24.937500 222 6450 10037
Ch1: 20.969234 0.325868 20.250000 24.937500 223 6448 9990
Ch1: 20.872679 -1.971996 20.250000 24.906250 224 6447 9944
Ch1: 20.761430 0.325868 20.250000 24.875000 225 6448 9891
Ch1: 20.666974 -4.269860 20.250000 24.937500 226 6446 9846
Ch1: 20.568320 -6.567725 20.250000 24.937500 227 6445 9799
Ch1: 20.467567 -1.971996 20.250000 24.906250 228 6447 9751
Ch1: 20.368913 -4.269860 20.187000 24.906250 229 6446 9704
Ch1: 20.272358 -18.057046 20.187000 24.875000 230 6440 9658
Ch1: 20.161110 18.708782 20.250000 24.906250 231 6456 9605
Ch1: 20.060357 18.708782 20.250000 24.937500 232 6456 9557
Ch1: 19.959604 21.006646 20.187000 24.906250 233 6457 9509
Ch1: 19.858851 21.006646 20.250000 24.906250 234 6457 9461
Ch1: 19.758098 21.006646 20.250000 24.937500 235 6457 9413
Ch1: 19.659444 18.708782 20.250000 24.906250 236 6456 9366
Ch1: 19.556592 18.708782 20.187000 24.906250 237 6456 9317
Ch1: 19.455839 16.410918 20.250000 24.937500 238 6455 9269
Ch1: 19.359284 16.410918 20.250000 24.906250 239 6455 9223
Ch1: 19.266927 9.517325 20.250000 24.906250 240 6452 9179
Ch1: 19.151480 4.921597 20.250000 24.875000 241 6450 9124
Ch1: 19.048628 7.219461 20.250000 24.906250 242 6451 9075
Ch1: 18.947875 7.219461 20.187000 24.906250 243 6451 9027
Ch1: 18.845023 7.219461 20.250000 24.906250 244 6451 8978
Ch1: 18.744270 11.815189 20.187000 24.906250 245 6453 8930
Ch1: 18.643517 11.815189 20.187000 24.906250 246 6453 8882
Ch1: 18.544863 14.113054 20.187000 24.906250 247 6454 8835
Ch1: 18.444110 14.113054 20.250000 24.906250 248 6454 8787
Ch1: 18.345456 16.410918 20.187000 24.906250 249 6455 8740
Ch1: 18.248901 18.708782 20.250000 24.906250 250 6456 8694
Ch1: 18.152346 0.325868 20.250000 24.906250 251 6448 8648
Ch1: 18.043196 18.708782 20.250000 24.937500 252 6456 8596
Ch1: 17.936146 21.006646 20.187000 24.875000 253 6457 8545
Ch1: 17.833294 21.006646 20.250000 24.875000 254 6457 8496
Ch1: 17.734640 21.006646 20.250000 24.906250 255 6457 8449
Ch1: 17.640184 21.006646 20.250000 24.937500 256 6457 8404
Ch1: 17.528936 21.006646 20.187000 24.906250 257 6457 8351
Ch1: 17.432381 21.006646 20.250000 24.875000 258 6457 8305
Ch1: 17.333727 23.304511 20.187000 24.937500 259 6458 8258
Ch1: 17.235073 18.708782 20.250000 24.875000 260 6456 8211
Ch1: 17.140617 16.410918 20.250000 24.906250 261 6455 8166
Ch1: 17.025171 18.708782 20.187000 24.906250 262 6456 8111
Ch1: 16.926517 18.708782 20.187000 24.906250 263 6456 8064
Ch1: 16.823664 18.708782 20.250000 24.906250 264 6456 8015
Ch1: 16.722911 21.006646 20.250000 24.937500 265 6457 7967
Ch1: 16.622158 14.113054 20.250000 24.875000 266 6454 7919
Ch1: 16.521405 18.708782 20.250000 24.906250 267 6456 7871
Ch1: 16.420652 18.708782 20.250000 24.937500 268 6456 7823
Ch1: 16.319899 18.708782 20.187000 24.906250 269 6456 7775
Ch1: 16.219146 14.113054 20.187000 24.906250 270 6454 7727
Ch1: 16.126789 16.410918 20.187000 24.906250 271 6455 7683
Ch1: 16.030234 -1.971996 20.250000 24.937500 272 6447 7637
Ch1: 15.908491 11.815189 20.187000 24.906250 273 6453 7579
Ch1: 15.814035 4.921597 20.187000 24.906250 274 6450 7534
Ch1: 15.711183 7.219461 20.187000 24.906250 275 6451 7485
Ch1: 15.610430 2.623732 20.250000 24.937500 276 6449 7437
Ch1: 15.507577 0.325868 20.250000 24.906250 277 6448 7388
Ch1: 15.406824 -1.971996 20.250000 24.875000 278 6447 7340
Ch1: 15.306071 -1.971996 20.250000 24.906250 279 6447 7292
Ch1: 15.209516 -4.269860 20.250000 24.906250 280 6446 7246
Ch1: 15.110862 -4.269860 20.250000 24.875000 281 6446 7199
Ch1: 15.014307 -24.950638 20.187000 24.906250 282 6437 7153
Ch1: 14.900960 -6.567725 20.187000 24.906250 283 6445 7099
Ch1: 14.806504 -1.971996 20.250000 24.906250 284 6447 7054
Ch1: 14.701553 -4.269860 20.187000 24.906250 285 6446 7004
Ch1: 14.598701 0.325868 20.187000 24.937500 286 6448 6955
Ch1: 14.502146 0.325868 20.187000 24.906250 287 6448 6909
Ch1: 14.401393 2.623732 20.250000 24.937500 288 6449 6861
Ch1: 14.292243 2.623732 20.187000 24.906250 289 6449 6809
Ch1: 14.197787 7.219461 20.187000 24.906250 290 6451 6764
Ch1: 14.101232 11.815189 20.250000 24.906250 291 6453 6718
Ch1: 14.002578 -6.567725 20.187000 24.906250 292 6445 6671
Ch1: 13.889231 14.113054 20.187000 24.937500 293 6454 6617
Ch1: 13.788478 14.113054 20.187000 24.937500 294 6454 6569
Ch1: 13.689824 11.815189 20.187000 24.906250 295 6453 6522
Ch1: 13.612160 0.325868 20.187000 24.906250 296 6448 6485
Ch1: 13.515605 4.921597 20.187000 24.875000 297 6450 6439
Ch1: 13.423248 11.815189 20.187000 24.875000 298 6453 6395
Ch1: 13.305703 9.517325 20.187000 24.906250 299 6452 6339
Ch1: 13.190257 23.304511 20.187000 24.906250 300 6458 6284
Ch1: 13.085306 21.006646 20.187000 24.875000 301 6457 6234
Ch1: 12.984553 21.006646 20.187000 24.906250 302 6457 6186
Ch1: 12.890096 -4.269860 20.187000 24.875000 303 6446 6141
Ch1: 12.783046 16.410918 20.187000 24.875000 304 6455 6090
Ch1: 12.682293 18.708782 20.187000 24.906250 305 6456 6042
Ch1: 12.577342 16.410918 20.187000 24.937500 306 6455 5992
Ch1: 12.478688 11.815189 20.187000 24.906250 307 6453 5945
Ch1: 12.373737 11.815189 20.187000 24.906250 308 6453 5895
Ch1: 12.272984 11.815189 20.187000 24.906250 309 6453 5847
Ch1: 12.172231 11.815189 20.187000 24.937500 310 6453 5799
Ch1: 12.071478 9.517325 20.125000 24.875000 311 6452 5751
Ch1: 11.977022 9.517325 20.125000 24.906250 312 6452 5706
Ch1: 11.880467 -8.865589 20.125000 24.875000 313 6444 5660
Ch1: 11.767120 2.623732 20.125000 24.875000 314 6449 5606
Ch1: 11.664267 2.623732 20.125000 24.906250 315 6449 5557
Ch1: 11.563514 2.623732 20.125000 24.875000 316 6449 5509
Ch1: 11.460662 0.325868 20.125000 24.906250 317 6448 5460
Ch1: 11.359909 0.325868 20.125000 24.906250 318 6448 5412
Ch1: 11.259156 -1.971996 20.125000 24.875000 319 6447 5364
Ch1: 11.164700 -1.971996 20.125000 24.875000 320 6447 5319
Ch1: 11.055551 -6.567725 20.125000 24.906250 321 6445 5267
Ch1: 10.963194 -6.567725 20.062000 24.906250 322 6445 5223
Ch1: 10.868738 -6.567725 20.062000 24.906250 323 6445 5178
Ch1: 10.755391 -8.865589 20.062000 24.906250 324 6444 5124
Ch1: 10.652539 21.006646 20.062000 24.875000 325 6457 5075
Ch1: 10.553885 18.708782 20.062000 24.937500 326 6456 5028
Ch1: 10.451032 18.708782 20.062000 24.906250 327 6456 4979
Ch1: 10.352378 21.006646 20.000000 24.906250 328 6457 4932
Ch1: 10.249526 16.410918 20.000000 24.906250 329 6455 4883
Ch1: 10.148773 14.113054 20.000000 24.875000 330 6454 4835
Ch1: 10.048020 16.410918 20.000000 24.906250 331 6455 4787
Ch1: 9.951465 9.517325 20.000000 24.906250 332 6452 4741
Ch1: 9.852811 9.517325 20.000000 24.875000 333 6452 4694
Ch1: 9.754157 -11.163453 20.000000 24.906250 334 6443 4647
Ch1: 9.640810 11.815189 19.937000 24.875000 335 6453 4593
Ch1: 9.550552 4.921597 19.937000 24.906250 336 6450 4550
Ch1: 9.430908 4.921597 19.937000 24.906250 337 6450 4493
Ch1: 9.334353 4.921597 19.937000 24.875000 338 6450 4447
Ch1: 9.235699 2.623732 19.937000 24.906250 339 6449 4400
Ch1: 9.137044 0.325868 19.875000 24.906250 340 6448 4353
Ch1: 9.034192 -1.971996 19.875000 24.906250 341 6447 4304
Ch1: 8.933439 -4.269860 19.875000 24.875000 342 6446 4256
Ch1: 8.836884 -6.567725 19.875000 24.906250 343 6445 4210
Ch1: 8.744527 -6.567725 19.812000 24.875000 344 6445 4166
Ch1: 8.626982 -6.567725 19.812000 24.906250 345 6445 4110
Ch1: 8.528328 -4.269860 19.812000 24.906250 346 6446 4063
Ch1: 8.425476 -4.269860 19.812000 24.875000 347 6446 4014
Ch1: 8.326822 -4.269860 19.812000 24.906250 348 6446 3967
Ch1: 8.223970 -1.971996 19.812000 24.875000 349 6447 3918
Ch1: 8.121118 -4.269860 19.812000 24.906250 350 6446 3869
Ch1: 8.026662 0.325868 19.812000 24.906250 351 6448 3824
Ch1: 7.930107 0.325868 19.750000 24.906250 352 6448 3778
Ch1: 7.823056 4.921597 19.750000 24.906250 353 6450 3727
Ch1: 7.732798 4.921597 19.750000 24.906250 354 6450 3684
Ch1: 7.625748 7.219461 19.750000 24.875000 355 6451 3633
Ch1: 7.516599 7.219461 19.750000 24.875000 356 6451 3581
Ch1: 7.415846 7.219461 19.687000 24.875000 357 6451 3533
Ch1: 7.312994 4.921597 19.687000 24.906250 358 6450 3484
Ch1: 7.212241 0.325868 19.687000 24.875000 359 6448 3436
Ch1: 7.113587 2.623732 19.687000 24.875000 360 6449 3389
Ch1: 7.012834 -4.269860 19.687000 24.937500 361 6446 3341
Ch1: 6.916279 -6.567725 19.625000 24.843750 362 6445 3295
Ch1: 6.815526 -1.971996 19.625000 24.875000 363 6447 3247
Ch1: 6.721070 -1.971996 19.625000 24.906250 364 6447 3202
Ch1: 6.622416 -20.354910 19.562000 24.906250 365 6439 3155
Ch1: 6.506969 -4.269860 19.562000 24.906250 366 6446 3100
Ch1: 6.408315 -4.269860 19.562000 24.906250 367 6446 3053
Ch1: 6.313859 -4.269860 19.562000 24.875000 368 6446 3008
Ch1: 6.198413 -4.269860 19.500000 24.875000 369 6446 2953
Ch1: 6.103957 -4.269860 19.500000 24.843750 370 6446 2908
Ch1: 6.005303 -1.971996 19.500000 24.906250 371 6447 2861
Ch1: 5.902451 -4.269860 85.000000 24.875000 372 6446 2812
Ch1: 5.805896 -4.269860 19.437000 24.906250 373 6446 2766
Ch1: 5.707242 -4.269860 19.437000 24.875000 374 6446 2719
Ch1: 5.610687 -1.971996 19.437000 24.875000 375 6447 2673
Ch1: 5.503637 -4.269860 19.437000 24.875000 376 6446 2622
Ch1: 5.398686 -1.971996 19.437000 24.906250 377 6447 2572
Ch1: 5.297933 0.325868 19.437000 24.875000 378 6448 2524
Ch1: 5.199278 0.325868 19.375000 24.875000 379 6448 2477
Ch1: 5.100624 2.623732 19.375000 24.906250 380 6449 2430
Ch1: 4.999871 2.623732 19.375000 24.875000 381 6449 2382
Ch1: 4.899118 2.623732 19.375000 24.906250 382 6449 2334
Ch1: 4.804662 2.623732 19.312000 24.906250 383 6449 2289
Ch1: 4.710206 4.921597 19.312000 24.875000 384 6450 2244
Ch1: 4.605255 4.921597 19.312000 24.875000 385 6450 2194
Ch1: 4.512898 -24.950638 19.312000 24.906250 386 6437 2150
Ch1: 4.401650 9.517325 19.312000 24.875000 387 6452 2097
Ch1: 4.298798 7.219461 19.312000 24.875000 388 6451 2048
Ch1: 4.200144 2.623732 19.250000 24.906250 389 6449 2001
Ch1: 4.097292 2.623732 19.250000 24.875000 390 6449 1952
Ch1: 4.000737 2.623732 19.250000 24.843750 391 6449 1906
Ch1: 3.904182 0.325868 19.250000 24.875000 392 6448 1860
Ch1: 3.803429 0.325868 19.250000 24.875000 393 6448 1812
Ch1: 3.706874 -1.971996 19.250000 24.906250 394 6447 1766
Ch1: 3.610319 -1.971996 19.187000 24.906250 395 6447 1720
Ch1: 3.520061 -8.865589 19.187000 24.906250 396 6444 1677
Ch1: 3.404614 -1.971996 19.187000 24.875000 397 6447 1622
Ch1: 3.303861 -4.269860 19.187000 24.875000 398 6446 1574
Ch1: 3.207306 -1.971996 19.187000 24.875000 399 6447 1528
Ch1: 3.114949 -4.269860 19.187000 24.906250 400 6446 1484
Ch1: 3.012097 -4.269860 19.187000 24.906250 401 6446 1435
Ch1: 2.959622 0.325868 19.187000 24.906250 402 6448 1410
Ch1: 2.940730 0.325868 19.125000 24.906250 403 6448 1401
Ch1: 2.928136 2.623732 19.125000 24.843750 404 6449 1395
Ch1: 2.923938 2.623732 19.125000 24.875000 405 6449 1393
Ch1: 2.919740 9.517325 19.125000 24.906250 406 6452 1391
Ch1: 2.915542 -4.269860 19.125000 24.875000 407 6446 1389
Ch1: 2.913443 9.517325 19.125000 24.875000 408 6452 1388
Ch1: 2.913443 11.815189 19.125000 24.875000 409 6453 1388
Ch1: 2.911344 11.815189 19.125000 24.875000 410 6453 1387
Ch1: 2.911344 16.410918 19.125000 24.906250 411 6455 1387
Ch1: 2.911344 18.708782 19.125000 24.906250 412 6456 1387
Ch1: 2.911344 16.410918 19.125000 24.875000 413 6455 1387
Ch1: 2.913443 21.006646 19.125000 24.875000 414 6457 1388
Ch1: 2.913443 21.006646 19.125000 24.906250 415 6457 1388
Ch1: 2.913443 23.304511 19.125000 24.875000 416 6458 1388
Ch1: 2.913443 2.623732 19.125000 24.906250 417 6449 1388
Ch1: 2.915542 25.602375 19.125000 24.906250 418 6459 1389
Ch1: 2.917641 23.304511 19.062000 24.875000 419 6458 1390
Ch1: 2.917641 25.602375 19.125000 24.875000 420 6459 1390
Ch1: 2.919740 23.304511 19.062000 24.875000 421 6458 1391
Ch1: 2.919740 23.304511 19.062000 24.843750 422 6458 1391
Ch1: 2.921839 23.304511 19.062000 24.875000 423 6458 1392
Ch1: 2.923938 23.304511 19.125000 24.875000 424 6458 1393
Ch1: 2.926037 18.708782 19.062000 24.906250 425 6456 1394
Ch1: 2.926037 18.708782 19.062000 24.875000 426 6456 1394
Ch1: 2.928136 18.708782 19.062000 24.875000 427 6456 1395
Ch1: 2.930235 23.304511 19.062000 24.843750 428 6458 1396
Ch1: 2.932334 21.006646 19.062000 24.875000 429 6457 1397
Ch1: 2.934433 21.006646 19.125000 24.906250 430 6457 1398
Ch1: 2.936532 21.006646 19.125000 24.906250 431 6457 1399
Ch1: 2.938631 18.708782 19.062000 24.843750 432 6456 1400
Ch1: 2.940730 16.410918 19.125000 24.906250 433 6455 1401
Ch1: 2.942829 18.708782 19.062000 24.906250 434 6456 1402
Ch1: 2.942829 18.708782 19.062000 24.875000 435 6456 1402
Ch1: 2.947027 16.410918 19.062000 24.875000 436 6455 1404
Ch1: 2.947027 21.006646 19.125000 24.875000 437 6457 1404
Ch1: 2.947027 0.325868 19.125000 24.875000 438 6448 1404
Ch1: 2.951225 14.113054 19.125000 24.875000 439 6454 1406
Ch1: 2.953325 16.410918 19.125000 24.875000 440 6455 1407
Ch1: 2.955424 16.410918 19.125000 24.906250 441 6455 1408
Ch1: 2.957523 16.410918 19.125000 24.906250 442 6455 1409
Ch1: 2.961721 18.708782 19.125000 24.875000 443 6456 1411
Ch1: 2.963820 14.113054 19.125000 24.875000 444 6454 1412
Ch1: 2.963820 14.113054 19.125000 24.875000 445 6454 1412
Ch1: 2.965919 11.815189 19.125000 24.875000 446 6453 1413
Ch1: 2.968018 9.517325 19.125000 24.875000 447 6452 1414
Ch1: 2.970117 -6.567725 19.125000 24.906250 448 6445 1415
Ch1: 2.974315 11.815189 19.125000 24.906250 449 6453 1417
Ch1: 2.976414 9.517325 19.125000 24.875000 450 6452 1418
Ch1: 2.978513 11.815189 19.125000 24.875000 451 6453 1419
Ch1: 2.980612 9.517325 19.125000 24.875000 452 6452 1420
Ch1: 2.982711 11.815189 19.125000 24.875000 453 6453 1421
Ch1: 2.984810 14.113054 19.125000 24.875000 454 6454 1422
Ch1: 2.986909 16.410918 19.125000 24.812500 455 6455 1423
Ch1: 2.989008 14.113054 19.187000 24.875000 456 6454 1424
Ch1: 2.991107 18.708782 19.187000 24.843750 457 6456 1425
Ch1: 2.993206 14.113054 19.187000 24.875000 458 6454 1426
Ch1: 2.997404 21.006646 19.187000 24.875000 459 6457 1428
Ch1: 2.999503 0.325868 19.187000 24.875000 460 6448 1429
Ch1: 3.001602 -4.269860 19.187000 24.812500 461 6446 1430
Ch1: 3.003701 0.325868 19.187000 24.875000 462 6448 1431
Ch1: 3.005800 -6.567725 19.187000 24.843750 463 6445 1432
Ch1: 3.007899 -1.971996 19.187000 24.875000 464 6447 1433
Ch1: 3.012097 -4.269860 19.187000 24.843750 465 6446 1435
Ch1: 3.014196 -6.567725 19.250000 24.875000 466 6445 1436
Ch1: 3.016295 -6.567725 19.250000 24.875000 467 6445 1437
Ch1: 3.018394 -8.865589 19.250000 24.843750 468 6444 1438
Ch1: 3.018394 -38.737824 19.250000 24.875000 469 6431 1438
Ch1: 3.022592 -1.971996 19.250000 24.875000 470 6447 1440
Ch1: 3.024691 -1.971996 19.250000 24.875000 471 6447 1441
Ch1: 3.026790 -15.759181 19.250000 24.843750 472 6441 1442
Ch1: 3.028889 -15.759181 19.250000 24.812500 473 6441 1443
Ch1: 3.033087 -11.163453 19.312000 24.875000 474 6443 1445
Ch1: 3.035186 -8.865589 19.250000 24.843750 475 6444 1446
Ch1: 3.037285 -13.461317 19.312000 24.875000 476 6442 1447
Ch1: 3.039384 4.921597 19.312000 24.843750 477 6450 1448
Ch1: 3.043582 9.517325 19.312000 24.843750 478 6452 1450
Ch1: 3.045681 4.921597 19.312000 24.843750 479 6450 1451
Ch1: 3.047781 7.219461 19.312000 24.843750 480 6451 1452
Ch1: 3.049880 9.517325 19.312000 24.875000 481 6452 1453
Ch1: 3.051979 4.921597 19.312000 24.875000 482 6450 1454
Ch1: 3.056177 7.219461 19.312000 24.812500 483 6451 1456
Ch1: 3.056177 4.921597 19.375000 24.875000 484 6450 1456
Ch1: 3.060375 9.517325 19.312000 24.843750 485 6452 1458
Ch1: 3.062474 2.623732 19.375000 24.875000 486 6449 1459
Ch1: 3.064573 9.517325 19.375000 24.843750 487 6452 1460
Ch1: 3.066672 4.921597 19.375000 24.875000 488 6450 1461
Ch1: 3.070870 4.921597 19.375000 24.843750 489 6450 1463
Ch1: 3.070870 -22.652774 19.375000 24.843750 490 6438 1463
Ch1: 3.075068 4.921597 19.375000 24.843750 491 6450 1465
Ch1: 3.077167 -1.971996 19.375000 24.843750 492 6447 1466
Ch1: 3.079266 -4.269860 19.437000 24.875000 493 6446 1467
Ch1: 3.083464 0.325868 19.437000 24.843750 494 6448 1469
Ch1: 3.085563 2.623732 19.437000 24.843750 495 6449 1470
Ch1: 3.087662 0.325868 19.437000 24.843750 496 6448 1471
Ch1: 3.091860 -4.269860 19.437000 24.843750 497 6446 1473
Ch1: 3.091860 -6.567725 19.437000 24.843750 498 6445 1473
Ch1: 3.096058 -4.269860 19.437000 24.843750 499 6446 1475
Ch1: 3.098157 -13.461317 19.437000 24.843750 500 6442 1476
Ch1: 3.102355 -4.269860 19.437000 24.843750 501 6446 1478
Ch1: 3.102355 21.006646 19.500000 24.843750 502 6457 1478
Ch1: 3.106553 25.602375 19.500000 24.812500 503 6459 1480
Ch1: 3.108652 21.006646 19.500000 24.875000 504 6457 1481
Ch1: 3.110751 18.708782 19.500000 24.843750 505 6456 1482
Ch1: 3.112850 18.708782 19.500000 24.875000 506 6456 1483
Ch1: 3.114949 18.708782 19.500000 24.875000 507 6456 1484
Ch1: 3.117048 18.708782 19.500000 24.843750 508 6456 1485
Ch1: 3.121246 21.006646 19.562000 24.843750 509 6457 1487
Ch1: 3.123345 16.410918 19.500000 24.843750 510 6455 1488
Ch1: 3.125444 -8.865589 19.562000 24.843750 511 6444 1489
Ch1: 3.129642 9.517325 19.562000 24.843750 512 6452 1491
Ch1: 3.131741 7.219461 19.562000 24.843750 513 6451 1492
Ch1: 3.133840 7.219461 19.562000 24.875000 514 6451 1493
Ch1: 3.135939 11.815189 19.562000 24.812500 515 6453 1494
Ch1: 3.140137 7.219461 19.562000 24.843750 516 6451 1496
Ch1: 3.142237 7.219461 19.562000 24.843750 517 6451 1497
Ch1: 3.144336 4.921597 19.625000 24.843750 518 6450 1498
Ch1: 3.146435 2.623732 19.625000 24.843750 519 6449 1499
Ch1: 3.148534 -1.971996 19.625000 24.843750 520 6447 1500
Ch1: 3.150633 -11.163453 19.625000 24.843750 521 6443 1501
Ch1: 3.154831 0.325868 19.625000 24.843750 522 6448 1503
Ch1: 3.156930 0.325868 19.625000 24.843750 523 6448 1504
Ch1: 3.161128 -1.971996 19.625000 24.875000 524 6447 1506
Ch1: 3.163227 0.325868 19.687000 24.843750 525 6448 1507
Ch1: 3.165326 0.325868 19.687000 24.875000 526 6448 1508
Ch1: 3.167425 16.410918 19.687000 24.843750 527 6455 1509
Ch1: 3.169524 18.708782 19.687000 24.812500 528 6456 1510
Ch1: 3.173722 14.113054 19.687000 24.812500 529 6454 1512
Ch1: 3.175821 18.708782 19.687000 24.843750 530 6456 1513
Ch1: 3.177920 16.410918 19.687000 24.875000 531 6455 1514
Ch1: 3.180019 11.815189 19.750000 24.843750 532 6453 1515
Ch1: 3.184217 -1.971996 19.687000 24.843750 533 6447 1517
Ch1: 3.186316 2.623732 19.750000 24.843750 534 6449 1518
Ch1: 3.188415 0.325868 19.750000 24.843750 535 6448 1519
Ch1: 3.192613 0.325868 19.750000 24.843750 536 6448 1521
Ch1: 3.194712 0.325868 19.750000 24.812500 537 6448 1522
Ch1: 3.196811 16.410918 19.750000 24.843750 538 6455 1523
Ch1: 3.198910 16.410918 19.812000 24.843750 539 6455 1524
Ch1: 3.203108 14.113054 19.750000 24.812500 540 6454 1526
Ch1: 3.205207 11.815189 19.750000 24.843750 541 6453 1527
Ch1: 3.207306 2.623732 19.812000 24.843750 542 6449 1528
Ch1: 3.209405 9.517325 19.812000 24.843750 543 6452 1529
Ch1: 3.213603 7.219461 19.812000 24.843750 544 6451 1531
Ch1: 3.215702 9.517325 19.812000 24.812500 545 6452 1532
Ch1: 3.217801 14.113054 19.812000 24.843750 546 6454 1533
Ch1: 3.221999 9.517325 19.812000 24.781250 547 6452 1535
Ch1: 3.221999 2.623732 19.812000 24.843750 548 6449 1535
Ch1: 3.226197 7.219461 19.875000 24.843750 549 6451 1537
Ch1: 3.228296 4.921597 19.875000 24.843750 550 6450 1538
Ch1: 3.230395 4.921597 19.875000 24.812500 551 6450 1539
Ch1: 3.234594 7.219461 19.875000 24.812500 552 6451 1541
Ch1: 3.236693 11.815189 19.875000 24.843750 553 6453 1542
Ch1: 3.238792 4.921597 19.875000 24.812500 554 6450 1543
Ch1: 3.242990 7.219461 19.875000 24.812500 555 6451 1545
Ch1: 3.245089 7.219461 19.875000 24.843750 556 6451 1546
Ch1: 3.247188 9.517325 19.937000 24.812500 557 6452 1547
Ch1: 3.249287 4.921597 19.937000 24.812500 558 6450 1548
Ch1: 3.251386 -13.461317 19.937000 24.843750 559 6442 1549
Ch1: 3.255584 2.623732 19.937000 24.843750 560 6449 1551
Ch1: 3.255584 2.623732 19.937000 24.812500 561 6449 1551
Ch1: 3.259782 4.921597 19.937000 24.812500 562 6450 1553
Ch1: 3.263980 2.623732 19.937000 24.812500 563 6449 1555
Ch1: 3.266079 0.325868 19.937000 24.812500 564 6448 1556
Ch1: 3.268178 -1.971996 20.000000 24.812500 565 6447 1557
Ch1: 3.272376 2.623732 20.000000 24.875000 566 6449 1559
Ch1: 3.274475 -1.971996 20.000000 24.812500 567 6447 1560
Ch1: 3.276574 -1.971996 20.000000 24.812500 568 6447 1561
Ch1: 3.278673 -4.269860 20.000000 24.812500 569 6446 1562
Ch1: 3.282871 -1.971996 20.000000 24.812500 570 6447 1564
Ch1: 3.282871 -20.354910 20.000000 24.812500 571 6439 1564
Ch1: 3.287069 21.006646 20.000000 24.781250 572 6457 1566
Ch1: 3.289168 21.006646 20.000000 24.812500 573 6457 1567
Ch1: 3.293366 23.304511 20.000000 24.812500 574 6458 1569
Ch1: 3.295465 21.006646 20.062000 24.812500 575 6457 1570
Ch1: 3.297564 21.006646 20.062000 24.843750 576 6457 1571
Ch1: 3.301762 21.006646 20.062000 24.812500 577 6457 1573
Ch1: 3.303861 21.006646 20.062000 24.812500 578 6457 1574
Ch1: 3.305960 16.410918 20.062000 24.781250 579 6455 1575
Ch1: 3.308059 18.708782 20.062000 24.812500 580 6456 1576
Ch1: 3.312257 -4.269860 20.062000 24.812500 581 6446 1578
Ch1: 3.314356 -1.971996 20.125000 24.812500 582 6447 1579
Ch1: 3.318554 0.325868 20.125000 24.843750 583 6448 1581
Ch1: 3.320653 4.921597 20.125000 24.812500 584 6450 1582
Ch1: 3.322752 7.219461 20.125000 24.812500 585 6451 1583
Ch1: 3.324851 7.219461 20.125000 24.843750 586 6451 1584
Ch1: 3.329050 11.815189 20.125000 24.812500 587 6453 1586
Ch1: 3.331149 9.517325 20.125000 24.781250 588 6452 1587
Ch1: 3.333248 11.815189 20.125000 24.812500 589 6453 1588
Ch1: 3.337446 14.113054 20.125000 24.812500 590 6454 1590
Ch1: 3.337446 11.815189 20.125000 24.781250 591 6453 1590
Ch1: 3.339545 -27.248503 20.125000 24.843750 592 6436 1591
Ch1: 3.343743 -1.971996 20.187000 24.781250 593 6447 1593
Ch1: 3.347941 -8.865589 20.187000 24.812500 594 6444 1595
Ch1: 3.350040 -6.567725 20.187000 24.812500 595 6445 1596
Ch1: 3.352139 -6.567725 20.187000 24.812500 596 6445 1597
Ch1: 3.356337 -4.269860 20.187000 24.812500 597 6446 1599
Ch1: 3.358436 -6.567725 20.187000 24.812500 598 6445 1600
Ch1: 3.360535 -1.971996 20.187000 24.812500 599 6447 1601
Ch1: 3.364733 -8.865589 20.250000 24.781250 600 6444 1603
