Ch1: 26.328248 2916.315592 23.750000 248 7968 13074
Ch1: 27.478932 3610.270594 23.750000 247 8034 13095
Ch1: 27.517554 3740.099924 23.750000 246 8069 13114
Ch1: 27.554287 3852.695271 23.718750 245 8140 13130
Ch1: 27.591859 3990.337340 23.781250 244 8185 13148
Ch1: 27.627123 4095.809308 23.718750 243 8243 13164
Ch1: 27.665325 4241.953474 23.718750 242 8298 13183
Ch1: 27.699749 4346.506297 23.750000 241 8345 13199
Ch1: 27.732074 4475.416481 23.750000 240 8410 13214
Ch1: 27.771536 4620.411715 23.750000 239 8463 13234
Ch1: 27.803021 4741.738947 23.750000 238 8528 13247
Ch1: 27.835976 4867.432121 23.750000 237 8566 13264
Ch1: 27.871449 4998.640169 23.781250 236 8645 13282
Ch1: 27.905243 5134.903519 23.718750 235 8682 13297
Ch1: 27.936309 5261.286052 23.812500 234 8752 13311
Ch1: 27.972412 5401.915344 23.781250 233 8808 13332
Ch1: 28.008725 5549.438228 23.750000 232 8869 13348
Ch1: 28.040630 5673.063325 23.718750 231 8936 13362
Ch1: 28.071276 5810.475606 23.812500 230 8983 13375
Ch1: 28.098353 5935.249635 23.718750 229 9032 13387
Ch1: 28.127530 5810.935179 23.718750 228 8944 13403
Ch1: 28.158175 5836.441472 23.781250 227 8994 13417
Ch1: 28.188821 5841.037201 23.750000 226 8997 13432
Ch1: 28.217368 5926.747537 23.750000 225 9030 13446
Ch1: 28.246754 6007.172786 23.750000 224 9061 13459
Ch1: 28.278869 6059.104517 23.750000 223 9078 13477
Ch1: 28.308465 6118.389415 23.750000 222 9108 13487
Ch1: 28.334074 6170.321147 23.812500 221 9120 13501
Ch1: 28.364299 6202.261460 23.781250 220 9132 13517
Ch1: 28.392007 6199.733809 23.781250 219 9126 13528
Ch1: 28.419714 6204.559324 23.750000 218 9137 13541
Ch1: 28.447211 6231.674122 23.750000 217 9162 13556
Ch1: 28.474288 6300.380263 23.718750 216 9191 13568
Ch1: 28.501156 6393.443765 23.750000 215 9236 13579
Ch1: 28.528443 6500.983811 23.750000 214 9281 13593
Ch1: 28.555311 6604.387702 23.812500 213 9337 13605
Ch1: 28.581758 6722.268138 23.750000 212 9400 13618
Ch1: 28.607576 6906.786637 23.750000 211 9452 13630
Ch1: 28.634234 7043.279773 23.750000 210 9548 13644
Ch1: 28.660681 7341.312765 23.718750 209 9693 13656
Ch1: 28.684190 7676.341372 23.750000 208 9838 13667
Ch1: 28.712317 8067.667652 23.750000 207 10027 13682
Ch1: 28.736246 8397.181385 23.781250 206 10156 13692
Ch1: 28.760595 8674.533599 23.750000 205 10245 13705
Ch1: 28.785573 8925.460374 23.812500 204 10366 13716
Ch1: 28.810342 9155.706371 23.750000 203 10462 13728
Ch1: 28.833431 9447.764916 23.750000 202 10577 13738
Ch1: 28.858409 9627.917473 23.750000 201 10662 13750
Ch1: 28.882128 9878.614462 23.750000 200 10775 13762
Ch1: 28.905637 10071.635058 23.750000 199 10843 13773
Ch1: 28.927257 10243.055731 23.750000 198 10927 13783
Ch1: 28.951606 10423.438074 23.718750 197 10987 13794
Ch1: 28.974695 10629.556497 23.718750 196 11087 13805
Ch1: 28.997365 10780.296391 23.781250 195 11149 13817
Ch1: 29.021084 10946.891549 23.750000 194 11224 13829
Ch1: 29.043123 11142.439796 23.750000 193 11305 13838
Ch1: 29.064114 11284.907379 23.781250 192 11371 13848
Ch1: 29.085943 11466.898227 23.750000 191 11449 13860
Ch1: 29.106934 11596.727556 23.718750 190 11508 13868
Ch1: 29.128973 11774.582249 23.750000 189 11586 13879
Ch1: 29.149964 11918.658337 23.781250 188 11635 13889
Ch1: 29.172003 12089.619437 23.750000 187 11726 13899
Ch1: 29.192994 12236.223175 23.781250 186 11775 13909
Ch1: 29.213774 12395.694954 23.781250 185 11861 13918
Ch1: 29.235604 12544.826343 23.812500 184 11909 13928
Ch1: 29.254915 12702.919403 23.750000 183 11994 13937
Ch1: 29.275695 12873.420930 23.718750 182 12057 13948
Ch1: 29.294376 13019.335309 23.750000 181 12123 13958
Ch1: 29.315157 13162.262465 23.750000 180 12187 13968
Ch1: 29.335727 13338.968225 23.750000 179 12262 13976
Ch1: 29.356297 13478.218799 23.718750 178 12325 13989
Ch1: 29.374559 13645.043743 23.750000 177 12397 13996
Ch1: 29.392820 13760.396528 23.781250 176 12453 14004
Ch1: 29.415280 13965.595804 23.781250 175 12549 14016
Ch1: 29.431442 14126.216515 23.750000 174 12595 14024
Ch1: 29.452433 14277.415982 23.718750 173 12681 14032
Ch1: 29.469435 14442.402635 23.750000 172 12736 14042
Ch1: 29.489585 14598.887190 23.750000 171 12820 14049
Ch1: 29.507007 14771.227008 23.718750 170 12884 14059
Ch1: 29.525059 14911.166940 23.750000 169 12944 14066
Ch1: 29.545629 14766.171707 23.718750 168 12817 14077
Ch1: 29.562631 14629.678571 23.718750 167 12882 14086
Ch1: 29.580683 15145.089520 23.750000 166 13086 14094
Ch1: 29.599154 15297.208133 23.781250 165 13104 14102
Ch1: 29.616996 15465.871369 23.750000 164 13184 14112
Ch1: 29.632949 15625.572933 23.750000 163 13239 14119
Ch1: 29.651840 15746.900166 23.718750 162 13328 14130
Ch1: 29.670941 15941.299480 23.750000 161 13388 14136
Ch1: 29.685214 16058.490557 23.750000 160 13442 14143
Ch1: 29.706834 16234.966531 23.750000 159 13507 14154
Ch1: 29.720688 16373.987317 23.781250 158 13587 14160
Ch1: 29.738949 16554.829233 23.750000 157 13665 14168
Ch1: 29.755322 16691.092583 23.718750 156 13724 14177
Ch1: 29.773373 16863.202615 23.750000 155 13803 14183
Ch1: 29.789326 17013.253150 23.750000 154 13866 14193
Ch1: 29.805488 17192.026988 23.718750 153 13947 14200
Ch1: 29.821651 17369.192321 23.781250 152 14012 14209
Ch1: 29.836764 17529.583245 23.718750 151 14096 14216
Ch1: 29.853766 17693.191179 23.781250 150 14150 14222
Ch1: 29.869299 17852.892744 23.750000 149 14228 14232
Ch1: 29.885461 18028.909145 23.781250 148 14308 14238
Ch1: 29.900154 18185.163914 23.718750 147 14370 14246
Ch1: 29.916946 18354.746295 23.750000 146 14443 14254
Ch1: 29.932059 18507.784053 23.718750 145 14503 14261
Ch1: 29.947592 18663.809035 23.750000 144 14588 14270
Ch1: 29.965014 18854.991340 23.750000 143 14649 14278
Ch1: 29.979287 18974.020708 23.750000 142 14714 14285
Ch1: 29.992931 19137.628642 23.750000 141 14779 14290
Ch1: 30.006994 19281.015371 23.750000 140 14847 14296
Ch1: 30.022527 19445.082878 23.750000 139 14930 14305
Ch1: 30.037640 19614.665259 23.781250 138 14986 14312
Ch1: 30.052753 19759.890279 23.781250 137 15058 14319
Ch1: 30.067866 19941.651341 23.750000 136 15157 14327
Ch1: 30.082979 20116.289023 23.750000 135 15203 14333
Ch1: 30.096413 20275.301229 23.750000 134 15295 14340
Ch1: 30.110056 20460.738873 23.750000 133 15358 14346
Ch1: 30.125589 20615.844710 23.750000 132 15439 14352
Ch1: 30.139443 20818.975909 23.750000 131 15514 14361
Ch1: 30.154346 20966.039220 23.750000 130 15578 14365
Ch1: 30.167360 21106.668512 23.718750 129 15630 14373
Ch1: 30.181213 21228.225531 23.812500 128 15698 14378
Ch1: 30.195696 21426.071642 23.750000 127 15790 14388
Ch1: 30.208710 21584.394488 23.750000 126 15843 14393
Ch1: 30.223194 21751.908791 23.812500 125 15935 14400
Ch1: 30.234109 21945.848534 23.750000 124 16004 14405
Ch1: 30.250481 22097.507574 23.750000 123 16087 14412
Ch1: 30.262865 22288.689879 23.750000 122 16142 14418
Ch1: 30.275040 22419.208568 23.781250 121 16214 14425
Ch1: 30.288893 21888.631714 23.718750 120 11736 14431
Ch1: 30.302117 21747.772636 23.718750 119 16545 14436
Ch1: 30.315551 23357.426538 23.718750 118 16624 14443
Ch1: 30.327305 23510.004724 23.718750 117 16686 14450
Ch1: 30.341159 23694.753009 23.750000 116 16773 14456
Ch1: 30.354173 23494.609033 23.750000 115 16804 14463
Ch1: 30.366347 23037.563835 23.750000 114 16316 14468
Ch1: 30.379571 23626.046868 23.750000 113 16981 14473
Ch1: 30.391115 22582.586715 23.718750 112 16932 14478
Ch1: 30.405179 24315.406141 23.718750 111 16936 14485
Ch1: 30.416514 24693.864382 23.750000 110 17216 14492
Ch1: 30.427429 24878.842453 23.750000 109 17282 14496
Ch1: 30.441072 25024.527046 23.750000 108 17354 14503
Ch1: 30.454926 25217.777429 23.750000 107 17439 14508
Ch1: 30.466680 25366.449246 23.750000 106 17500 14517
Ch1: 30.477595 25549.589026 23.718750 105 17582 14520
Ch1: 30.489979 25305.326057 23.750000 104 17476 14527
Ch1: 30.500894 25683.784298 23.750000 103 17731 14532
Ch1: 30.512439 26054.429800 23.750000 102 17792 14536
Ch1: 30.523984 24111.585583 23.750000 101 17059 14543
Ch1: 30.537207 25395.402335 23.750000 100 17235 14549
Ch1: 30.547493 24974.663392 23.781250 99 17273 14552
Ch1: 30.560297 24318.393364 23.750000 98 16635 14561
Ch1: 30.570792 22099.345865 23.718750 97 15839 14563
Ch1: 30.578978 21814.410699 23.750000 96 16354 14569
Ch1: 30.592832 22956.219441 23.781250 95 16450 14575
Ch1: 30.604586 23165.784660 23.781250 94 16560 14581
Ch1: 30.615291 23355.588247 23.718750 93 16626 14586
Ch1: 30.626416 26810.427136 23.781250 92 17794 14591
Ch1: 30.638800 27395.003799 23.750000 91 18298 14597
Ch1: 30.648456 27425.795180 23.718750 90 18453 14602
Ch1: 30.659790 26699.899866 23.750000 89 18500 14607
Ch1: 30.669656 27940.746557 23.750000 88 18644 14612
Ch1: 30.682040 28158.584087 23.718750 87 18729 14619
Ch1: 30.691905 26311.101236 23.750000 86 16314 14621
Ch1: 30.701561 20992.234873 23.718750 85 15568 14627
Ch1: 30.712056 21040.260235 23.750000 84 15615 14632
Ch1: 30.722971 21198.353295 23.781250 83 15701 14638
Ch1: 30.733676 21331.399635 23.781250 82 15731 14642
Ch1: 30.743331 21431.816302 23.781250 81 15787 14649
Ch1: 30.754456 21519.135144 23.750000 80 15815 14652
Ch1: 30.766211 21636.326220 23.718750 79 15867 14659
Ch1: 30.775656 21744.325839 23.718750 78 15924 14663
Ch1: 30.784472 21892.308297 23.718750 77 15967 14667
Ch1: 30.796017 21971.125040 23.750000 76 16007 14673
Ch1: 30.805882 22053.158794 23.750000 75 16039 14676
Ch1: 30.817637 22158.630762 23.781250 74 16097 14682
Ch1: 30.824564 22283.404791 23.750000 73 16149 14686
Ch1: 30.835688 22374.400215 23.718750 72 16205 14691
Ch1: 30.846603 22527.437973 23.750000 71 16243 14696
Ch1: 30.854790 22625.556777 23.750000 70 16315 14701
Ch1: 30.864865 22785.717914 23.750000 69 16379 14706
Ch1: 30.874520 22910.491943 23.750000 68 16430 14709
Ch1: 30.885015 22675.650217 23.781250 67 16195 14715
Ch1: 30.895301 20205.446156 23.750000 66 15538 14720
Ch1: 30.903067 20899.630944 23.718750 65 15527 14725
Ch1: 30.912513 20184.765378 23.750000 64 15561 14726
Ch1: 30.923218 21154.004515 23.750000 63 15665 14732
Ch1: 30.933293 21265.910504 23.750000 62 15708 14736
Ch1: 30.941479 21372.071832 23.750000 61 15747 14742
Ch1: 30.949875 21465.824693 23.781250 60 15794 14745
Ch1: 30.958691 21521.203222 23.718750 59 15809 14749
Ch1: 30.968137 21583.705129 23.750000 58 15845 14753
Ch1: 30.977792 21646.666609 23.750000 57 15849 14760
Ch1: 30.986608 19517.925175 23.781250 56 14480 14762
Ch1: 30.994584 18473.086303 23.750000 55 14447 14768
Ch1: 31.004030 18455.162962 23.750000 54 14490 14770
Ch1: 31.013056 18545.239241 23.718750 53 14527 14777
Ch1: 31.021452 18671.162201 23.781250 52 14580 14780
Ch1: 31.030478 18786.514986 23.812500 51 14636 14785
Ch1: 31.039084 20705.691202 23.781250 50 17389 14789
Ch1: 31.050418 24561.047828 23.750000 49 17142 14793
Ch1: 31.058395 23555.502436 23.750000 48 16646 14797
