Ch1: 22.497322 -1006.138670 19.937000 23.937500 372 6010 10718
Ch1: 19.233342 -870.564680 19.937000 23.906250 371 6069 9163
Ch1: 16.653644 -760.267196 19.937000 24.000000 370 6117 7934
Ch1: 15.125555 -137.545986 19.937000 23.968750 369 6388 7206
Ch1: 15.144447 -24.950638 19.937000 24.000000 368 6437 7215
Ch1: 15.236804 -22.652774 19.937000 23.968750 367 6438 7259
Ch1: 15.352250 -22.652774 19.937000 23.937500 366 6438 7314
Ch1: 15.446706 -29.546367 20.000000 23.968750 365 6435 7359
Ch1: 15.547459 -24.950638 19.937000 23.968750 364 6437 7407
Ch1: 15.654509 -27.248503 20.000000 23.937500 363 6436 7458
Ch1: 15.759460 -29.546367 20.000000 23.937500 362 6435 7508
Ch1: 15.860213 -27.248503 20.000000 23.968750 361 6436 7556
Ch1: 15.963065 -22.652774 20.000000 23.937500 360 6438 7605
Ch1: 16.061719 -11.163453 20.000000 23.937500 359 6443 7652
Ch1: 16.158274 -20.354910 20.000000 23.937500 358 6439 7698
Ch1: 16.256928 -22.652774 20.000000 23.968750 357 6438 7745
Ch1: 16.357681 -13.461317 20.000000 23.937500 356 6442 7793
Ch1: 16.464732 -13.461317 20.000000 23.968750 355 6442 7844
Ch1: 16.565485 -13.461317 20.000000 23.937500 354 6442 7892
Ch1: 16.668337 -13.461317 20.000000 23.937500 353 6442 7941
Ch1: 16.769090 -8.865589 20.000000 23.937500 352 6444 7989
Ch1: 16.869843 -6.567725 20.000000 23.968750 351 6445 8037
Ch1: 16.983190 -24.950638 20.000000 24.000000 350 6437 8091
Ch1: 17.077646 -11.163453 20.000000 23.937500 349 6443 8136
Ch1: 17.172102 -20.354910 20.000000 23.937500 348 6439 8181
Ch1: 17.272855 -1.971996 20.062000 23.968750 347 6447 8229
Ch1: 17.375707 -4.269860 20.000000 24.000000 346 6446 8278
Ch1: 17.476460 -1.971996 20.000000 23.937500 345 6447 8326
Ch1: 17.579313 -4.269860 20.000000 23.968750 344 6446 8375
Ch1: 17.680066 -6.567725 20.000000 24.000000 343 6445 8423
Ch1: 17.785017 -6.567725 20.000000 23.937500 342 6445 8473
Ch1: 17.885770 -13.461317 20.000000 23.968750 341 6442 8521
Ch1: 17.990721 -8.865589 20.062000 23.937500 340 6444 8571
Ch1: 18.095672 -6.567725 20.062000 24.000000 339 6445 8621
Ch1: 18.192227 4.921597 20.062000 24.000000 338 6450 8667
Ch1: 18.292980 -1.971996 20.062000 23.937500 337 6447 8715
Ch1: 18.391634 -8.865589 20.062000 23.937500 336 6444 8762
Ch1: 18.488189 -13.461317 20.062000 23.843750 335 6442 8808
Ch1: 18.603635 -15.759181 20.000000 23.968750 334 6441 8863
Ch1: 18.700190 -18.057046 20.062000 24.000000 333 6440 8909
Ch1: 18.800944 -18.057046 20.062000 23.968750 332 6440 8957
Ch1: 18.905895 -20.354910 20.062000 23.937500 331 6439 9007
Ch1: 19.010846 -27.248503 20.062000 23.937500 330 6436 9057
Ch1: 19.113698 -24.950638 20.062000 23.937500 329 6437 9106
Ch1: 19.214451 -8.865589 20.062000 23.843750 328 6444 9154
Ch1: 19.306808 -29.546367 20.062000 23.968750 327 6435 9198
Ch1: 19.409660 -27.248503 20.062000 23.937500 326 6436 9247
Ch1: 19.510413 -27.248503 20.062000 24.000000 325 6436 9295
Ch1: 19.611166 -24.950638 20.062000 23.937500 324 6437 9343
Ch1: 19.714018 -22.652774 20.062000 23.937500 323 6438 9392
Ch1: 19.816870 -22.652774 20.062000 23.937500 322 6438 9441
Ch1: 19.921822 -18.057046 20.062000 24.000000 321 6440 9491
Ch1: 20.024674 -22.652774 20.062000 23.968750 320 6438 9540
Ch1: 20.123328 -15.759181 20.062000 24.031250 319 6441 9587
Ch1: 20.234576 -4.269860 20.062000 23.937500 318 6446 9640
Ch1: 20.322735 -11.163453 20.062000 23.968750 317 6443 9682
Ch1: 20.419290 -8.865589 20.062000 23.937500 316 6444 9728
Ch1: 20.522142 -24.950638 20.062000 23.937500 315 6437 9777
Ch1: 20.627093 -22.652774 20.062000 23.968750 314 6438 9827
Ch1: 20.727846 -22.652774 20.062000 23.843750 313 6438 9875
Ch1: 20.830698 -27.248503 20.062000 23.968750 312 6436 9924
Ch1: 20.931451 -24.950638 20.062000 23.968750 311 6437 9972
Ch1: 21.036402 -27.248503 20.062000 23.875000 310 6436 10022
Ch1: 21.137155 -27.248503 20.062000 24.000000 309 6436 10070
Ch1: 21.240008 -20.354910 20.062000 24.000000 308 6439 10119
Ch1: 21.342860 -11.163453 20.062000 24.000000 307 6443 10168
Ch1: 21.437316 -22.652774 20.062000 23.937500 306 6438 10213
Ch1: 21.540168 -22.652774 20.062000 23.937500 305 6438 10262
Ch1: 21.638822 -24.950638 20.062000 23.937500 304 6437 10309
Ch1: 21.735377 -20.354910 20.062000 23.875000 303 6439 10355
Ch1: 21.848724 -22.652774 20.062000 24.000000 302 6438 10409
Ch1: 21.945279 -24.950638 20.062000 23.968750 301 6437 10455
Ch1: 22.046032 -27.248503 20.062000 23.937500 300 6436 10503
Ch1: 22.150983 -27.248503 20.062000 23.968750 299 6436 10553
Ch1: 22.258033 -27.248503 20.062000 23.968750 298 6436 10604
Ch1: 22.356687 -13.461317 20.062000 23.906250 297 6442 10651
Ch1: 22.453243 -47.929281 20.062000 23.968750 296 6427 10697
Ch1: 22.551897 -22.652774 20.062000 23.937500 295 6438 10744
Ch1: 22.652650 -22.652774 20.062000 23.906250 294 6438 10792
Ch1: 22.753403 -22.652774 20.062000 23.968750 293 6438 10840
Ch1: 22.854156 -24.950638 20.062000 23.875000 292 6437 10888
Ch1: 22.959107 -22.652774 20.062000 24.000000 291 6438 10938
Ch1: 23.059860 -24.950638 20.062000 23.937500 290 6437 10986
Ch1: 23.164811 -24.950638 20.062000 23.906250 289 6437 11036
Ch1: 23.265564 -24.950638 20.062000 23.937500 288 6437 11084
Ch1: 23.364218 -15.759181 20.062000 24.031250 287 6441 11131
Ch1: 23.471268 -18.057046 20.062000 23.968750 286 6440 11182
Ch1: 23.561526 -20.354910 20.062000 23.937500 285 6439 11225
Ch1: 23.660180 -8.865589 20.062000 23.875000 284 6444 11272
Ch1: 23.765132 -4.269860 20.062000 23.937500 283 6446 11322
Ch1: 23.870083 -6.567725 20.062000 23.968750 282 6445 11372
Ch1: 23.968737 -11.163453 20.062000 24.000000 281 6443 11419
Ch1: 24.071589 -11.163453 20.062000 24.000000 280 6443 11468
Ch1: 24.172342 -13.461317 20.062000 23.937500 279 6442 11516
Ch1: 24.277293 -15.759181 20.062000 24.031250 278 6441 11566
Ch1: 24.380145 -15.759181 20.062000 24.000000 277 6441 11615
Ch1: 24.480898 -1.971996 20.062000 23.968750 276 6447 11663
Ch1: 24.577453 -18.057046 20.062000 23.843750 275 6440 11709
Ch1: 24.678206 -20.354910 20.062000 23.875000 274 6439 11757
Ch1: 24.781058 -20.354910 20.062000 23.937500 273 6439 11806
Ch1: 24.881811 -22.652774 20.062000 23.968750 272 6438 11854
Ch1: 24.976267 -24.950638 20.062000 23.968750 271 6437 11899
Ch1: 25.089615 -27.248503 20.062000 24.000000 270 6436 11953
Ch1: 25.181972 -24.950638 20.062000 24.031250 269 6437 11997
Ch1: 25.276428 -8.865589 20.062000 24.000000 268 6444 12042
Ch1: 25.368785 16.410918 20.062000 23.968750 267 6455 12086
Ch1: 25.454845 55.474610 20.062000 23.875000 266 6472 12127
Ch1: 25.528310 83.048981 20.062000 24.000000 265 6484 12162
Ch1: 25.601776 129.006266 20.062000 23.968750 264 6504 12197
Ch1: 25.673143 170.367822 20.062000 23.906250 263 6522 12231
Ch1: 25.746609 223.218700 20.062000 24.000000 262 6545 12266
Ch1: 25.813777 282.963170 20.062000 24.000000 261 6571 12298
Ch1: 25.883045 338.111912 20.062000 24.000000 260 6595 12331
Ch1: 25.948115 400.154246 20.062000 23.937500 259 6622 12362
Ch1: 26.013184 469.090174 20.062000 24.031250 258 6652 12393
Ch1: 26.078254 542.621830 20.062000 23.968750 257 6684 12424
Ch1: 26.139126 613.855621 20.062000 23.937500 256 6715 12453
Ch1: 26.195799 696.578734 20.062000 23.968750 255 6751 12480
Ch1: 26.256671 767.812525 20.062000 23.875000 254 6782 12509
Ch1: 26.309147 836.748453 20.062000 23.875000 253 6812 12534
Ch1: 26.365820 921.769430 20.062000 24.031250 252 6849 12561
Ch1: 26.424593 1009.088271 20.062000 23.968750 251 6887 12589
Ch1: 26.477068 1096.407112 20.062000 23.937500 250 6925 12614
Ch1: 26.529544 1181.428089 20.062000 24.031250 249 6962 12639
Ch1: 26.582020 1273.342659 20.062000 24.031250 248 7002 12664
Ch1: 26.634495 1362.959364 20.062000 24.031250 247 7041 12689
Ch1: 26.686971 1464.065391 20.062000 23.968750 246 7085 12714
Ch1: 26.737347 1560.575689 20.062000 24.031250 245 7127 12738
Ch1: 26.781427 1647.894530 20.062000 24.000000 244 7165 12759
Ch1: 26.829704 1744.404829 20.125000 23.937500 243 7207 12782
Ch1: 26.875883 1845.510855 20.062000 23.937500 242 7251 12804
Ch1: 26.924160 1948.914746 20.062000 24.031250 241 7296 12827
Ch1: 26.970339 2050.020773 20.062000 24.000000 240 7340 12849
Ch1: 27.012319 2153.424664 20.062000 23.875000 239 7385 12869
Ch1: 27.064795 2270.615740 20.062000 24.031250 238 7436 12894
Ch1: 27.106775 2374.019631 20.062000 23.968750 237 7481 12914
Ch1: 27.150855 2477.423522 20.062000 23.968750 236 7526 12935
Ch1: 27.197033 2601.508191 20.062000 24.000000 235 7580 12957
Ch1: 27.236915 2675.039847 20.062000 23.906250 234 7612 12976
Ch1: 27.276796 2810.613837 20.062000 24.031250 233 7671 12995
Ch1: 27.316677 2927.804914 20.062000 24.031250 232 7722 13014
Ch1: 27.360757 3038.102397 20.062000 23.906250 231 7770 13035
Ch1: 27.398539 3157.591338 20.062000 24.031250 230 7822 13053
Ch1: 27.438421 3277.080279 20.062000 23.906250 229 7874 13072
Ch1: 27.480401 3391.973491 20.062000 24.000000 228 7924 13092
Ch1: 27.520283 3527.547481 20.062000 23.968750 227 7983 13111
Ch1: 27.558065 3603.377001 20.062000 24.031250 226 8016 13129
Ch1: 27.593748 3748.142448 20.062000 23.968750 225 8079 13146
Ch1: 27.629432 3872.227117 20.062000 24.000000 224 8133 13163
Ch1: 27.663016 3984.822465 20.062000 24.031250 223 8182 13179
Ch1: 27.707096 4120.396456 20.062000 23.906250 222 8241 13200
Ch1: 27.738581 4244.481125 20.062000 24.000000 221 8295 13215
Ch1: 27.776363 4363.970065 20.062000 24.062500 220 8347 13233
Ch1: 27.812047 4492.650463 20.062000 24.000000 219 8403 13250
Ch1: 27.845631 4628.224453 20.062000 23.968750 218 8462 13266
Ch1: 27.881314 4756.904851 20.062000 24.031250 217 8518 13283
Ch1: 27.916998 4876.393792 20.062000 24.000000 216 8570 13300
Ch1: 27.948483 5000.478461 20.062000 23.875000 215 8624 13315
Ch1: 27.979968 5136.052451 20.062000 24.000000 214 8683 13330
Ch1: 28.013553 5260.137120 20.062000 24.000000 213 8737 13346
Ch1: 28.047137 5388.817518 20.062000 23.968750 212 8793 13362
Ch1: 28.080722 5522.093644 20.062000 24.031250 211 8851 13378
Ch1: 28.110108 5655.369770 20.062000 23.968750 210 8909 13392
Ch1: 28.143692 5788.645896 20.062000 24.031250 209 8967 13408
Ch1: 28.173079 5910.432701 20.062000 24.031250 208 9020 13422
Ch1: 28.206663 6036.815234 20.062000 24.000000 207 9075 13438
Ch1: 28.240247 6197.665731 20.062000 24.031250 206 9145 13454
Ch1: 28.265436 6312.558943 20.062000 24.062500 205 9195 13466
Ch1: 28.296921 6452.728662 20.062000 24.000000 204 9256 13481
Ch1: 28.326307 6590.600517 20.062000 24.000000 203 9316 13495
Ch1: 28.351495 6737.663828 20.062000 24.000000 202 9380 13507
Ch1: 28.382981 6873.237819 20.062000 23.906250 201 9439 13522
Ch1: 28.412367 7011.109673 20.062000 24.000000 200 9499 13536
Ch1: 28.439654 7151.279392 20.062000 24.031250 199 9560 13549
Ch1: 28.469041 7298.342704 20.125000 24.000000 198 9624 13563
Ch1: 28.498427 7440.810287 20.125000 23.968750 197 9686 13577
Ch1: 28.523615 7594.767191 20.062000 24.031250 196 9753 13589
Ch1: 28.553002 7707.362539 20.062000 24.062500 195 9802 13603
Ch1: 28.576091 7870.510900 20.062000 24.031250 194 9873 13614
Ch1: 28.603378 8019.872076 20.062000 24.031250 193 9938 13627
Ch1: 28.630665 8157.743931 20.062000 24.031250 192 9998 13640
Ch1: 28.660052 8291.020057 20.062000 23.968750 191 10056 13654
Ch1: 28.685240 8447.274825 20.062000 23.906250 190 10124 13666
Ch1: 28.710428 8585.146680 20.062000 24.031250 189 10184 13678
Ch1: 28.733518 8739.103584 20.125000 24.031250 188 10251 13689
Ch1: 28.762904 8881.571167 20.062000 24.031250 187 10313 13703
Ch1: 28.788092 9021.740886 20.062000 24.062500 186 10374 13715
Ch1: 28.813280 9171.102062 20.062000 23.968750 185 10439 13727
Ch1: 28.836370 9297.484595 20.062000 24.000000 184 10494 13738
Ch1: 28.859459 9444.547907 20.062000 23.906250 183 10558 13749
Ch1: 28.882548 9596.206947 20.062000 23.906250 182 10624 13760
Ch1: 28.907736 9743.270258 20.062000 23.968750 181 10688 13772
Ch1: 28.930826 9897.227162 20.062000 24.000000 180 10755 13783
Ch1: 28.953915 10051.184067 20.125000 24.000000 179 10822 13794
Ch1: 28.977004 10198.247378 20.062000 24.031250 178 10886 13805
Ch1: 29.002192 10349.906418 20.125000 24.031250 177 10952 13817
Ch1: 29.025282 10499.267594 20.062000 23.906250 176 11017 13828
Ch1: 29.046272 10650.926634 20.062000 23.906250 175 11083 13838
Ch1: 29.069361 10784.202760 20.062000 23.968750 174 11141 13849
Ch1: 29.086153 10958.840443 20.062000 23.937500 173 11217 13857
Ch1: 29.115540 11092.116569 20.062000 24.000000 172 11275 13871
Ch1: 29.136530 11252.967066 20.125000 24.031250 171 11345 13881
Ch1: 29.155421 11425.306884 20.062000 23.968750 170 11420 13890
Ch1: 29.174312 11565.476603 20.062000 24.000000 169 11481 13899
Ch1: 29.199500 11717.135643 20.062000 24.031250 168 11547 13911
Ch1: 29.222590 11871.092547 20.062000 24.031250 167 11614 13922
Ch1: 29.241481 12025.049451 20.062000 24.000000 166 11681 13931
Ch1: 29.262471 12190.495677 20.125000 23.906250 165 11753 13941
Ch1: 29.285560 12335.261124 20.062000 24.000000 164 11816 13952
Ch1: 29.300254 12493.813757 20.062000 23.937500 163 11885 13959
Ch1: 29.325442 12650.068525 20.125000 24.031250 162 11953 13971
Ch1: 29.348531 12804.025430 20.125000 24.000000 161 12020 13982
Ch1: 29.363224 12969.471655 20.125000 24.093750 160 12092 13989
Ch1: 29.382115 13118.832831 20.125000 24.062500 159 12157 13998
Ch1: 29.407304 13300.364106 20.062000 24.000000 158 12236 14010
Ch1: 29.424096 13442.831689 20.125000 24.062500 157 12298 14018
Ch1: 29.442987 13608.277915 20.062000 24.000000 156 12370 14027
Ch1: 29.461878 13773.724140 20.062000 24.031250 155 12442 14036
Ch1: 29.484968 13941.468230 20.062000 24.031250 154 12515 14047
Ch1: 29.501760 14083.935813 20.062000 24.000000 153 12577 14055
Ch1: 29.524849 14235.594853 20.062000 24.062500 152 12643 14066
Ch1: 29.537443 14405.636807 20.125000 24.062500 151 12717 14072
Ch1: 29.556334 14566.487304 20.062000 24.062500 150 12787 14081
Ch1: 29.575225 14720.444208 20.125000 24.093750 149 12854 14090
Ch1: 29.592018 14883.592569 20.062000 24.031250 148 12925 14098
Ch1: 29.610909 15046.740931 20.062000 24.000000 147 12996 14107
Ch1: 29.631899 15200.697835 20.062000 24.062500 146 13063 14117
Ch1: 29.646592 15375.335517 20.062000 24.062500 145 13139 14124
Ch1: 29.667582 15540.781743 20.062000 24.000000 144 13211 14134
Ch1: 29.680177 15674.057869 20.062000 24.062500 143 13269 14140
Ch1: 29.699068 15869.376330 20.125000 24.062500 142 13354 14149
Ch1: 29.715860 16009.546048 20.125000 24.062500 141 13415 14157
Ch1: 29.732652 16174.992274 20.062000 24.000000 140 13487 14165
Ch1: 29.751543 16338.140635 20.125000 24.062500 139 13558 14174
Ch1: 29.766237 16498.991132 20.125000 24.062500 138 13628 14181
Ch1: 29.785128 16655.245901 20.062000 23.937500 137 13696 14190
Ch1: 29.795623 16834.479312 20.062000 24.062500 136 13774 14195
Ch1: 29.816613 16986.138352 20.125000 24.000000 135 13840 14205
Ch1: 29.833405 17163.073898 20.062000 24.031250 134 13917 14213
Ch1: 29.848098 17319.328667 20.062000 24.062500 133 13985 14220
Ch1: 29.866990 17468.689843 20.062000 24.031250 132 14050 14229
Ch1: 29.879584 17620.348883 20.125000 24.062500 131 14116 14235
Ch1: 29.900574 17781.199380 20.125000 24.062500 130 14186 14245
Ch1: 29.915267 17944.347741 20.125000 24.093750 129 14257 14252
Ch1: 29.927861 18114.389695 20.062000 24.062500 128 14331 14258
Ch1: 29.942554 18277.538056 20.062000 24.093750 127 14402 14265
Ch1: 29.961446 18442.984282 20.062000 24.031250 126 14474 14274
Ch1: 29.976139 18610.728371 20.062000 24.031250 125 14547 14281
Ch1: 29.990832 18771.578868 20.062000 24.031250 124 14617 14288
Ch1: 30.005525 18950.812279 20.125000 24.093750 123 14695 14295
Ch1: 30.018119 19104.769184 20.062000 24.031250 122 14762 14301
Ch1: 30.045406 19451.746684 20.000000 24.093750 121 14913 14314
Ch1: 30.045406 19451.746684 20.000000 24.093750 122 14913 14314
Ch1: 30.032812 19261.023952 20.000000 24.093750 123 14830 14308
Ch1: 30.022317 19095.577727 20.000000 24.031250 124 14758 14303
Ch1: 30.003426 18934.727230 20.000000 24.093750 125 14688 14294
Ch1: 29.986634 18773.876733 20.000000 24.031250 126 14618 14286
Ch1: 29.974040 18599.239050 20.000000 24.031250 127 14542 14280
Ch1: 29.959347 18454.473603 20.000000 24.062500 128 14479 14273
Ch1: 29.938356 18272.942328 20.062000 24.031250 129 14400 14263
Ch1: 29.923663 18118.985423 20.062000 24.031250 130 14333 14256
Ch1: 29.904772 17955.837062 20.062000 24.062500 131 14262 14247
Ch1: 29.894277 17792.688701 20.062000 24.062500 132 14191 14242
Ch1: 29.877485 17595.072376 20.062000 24.062500 133 14105 14234
Ch1: 29.862792 17452.604793 20.062000 24.062500 134 14043 14227
Ch1: 29.848098 17282.562839 20.062000 24.031250 135 13969 14220
Ch1: 29.829207 17119.414478 20.062000 24.031250 136 13898 14211
Ch1: 29.810316 16963.159709 20.062000 23.937500 137 13830 14202
Ch1: 29.797722 16813.798533 20.062000 23.968750 138 13765 14196
Ch1: 29.778831 16655.245901 20.062000 24.000000 139 13696 14187
Ch1: 29.766237 16496.693268 20.062000 24.125000 140 13627 14181
Ch1: 29.743147 16340.438499 20.062000 24.093750 141 13559 14170
Ch1: 29.728454 16177.290138 20.062000 24.031250 142 13488 14163
Ch1: 29.711662 16014.141777 20.062000 23.968750 143 13417 14155
Ch1: 29.694870 15860.184873 20.062000 24.125000 144 13350 14147
Ch1: 29.675979 15680.951462 20.062000 24.093750 145 13272 14138
Ch1: 29.659186 15529.292422 20.062000 23.968750 146 13206 14130
Ch1: 29.638196 15373.037653 20.062000 23.937500 147 13138 14120
Ch1: 29.627701 15198.399971 20.062000 23.968750 148 13062 14115
Ch1: 29.610909 15044.443066 20.062000 24.062500 149 12995 14107
Ch1: 29.587820 14885.890434 20.062000 24.062500 150 12926 14096
Ch1: 29.568928 14727.337801 20.062000 24.062500 151 12857 14087
Ch1: 29.554235 14564.189440 20.062000 23.968750 152 12786 14080
Ch1: 29.533245 14412.530400 20.062000 23.968750 153 12720 14070
Ch1: 29.516453 14242.488446 20.062000 24.062500 154 12646 14062
Ch1: 29.491265 14088.531541 20.062000 23.968750 155 12579 14050
Ch1: 29.476571 13936.872501 20.062000 24.093750 156 12513 14043
Ch1: 29.455581 13769.128412 20.062000 24.125000 157 12440 14033
Ch1: 29.436690 13610.575779 20.062000 24.000000 158 12371 14024
Ch1: 29.419898 13449.725282 20.062000 24.062500 159 12301 14016
Ch1: 29.398908 13307.257699 20.062000 24.125000 160 12239 14006
Ch1: 29.375818 13125.726424 20.062000 24.062500 161 12160 13995
Ch1: 29.359026 12971.769519 20.062000 24.000000 162 12093 13987
Ch1: 29.335937 12836.195529 20.062000 24.093750 163 12034 13976
Ch1: 29.321244 12661.557847 20.062000 24.093750 164 11958 13969
Ch1: 29.298155 12500.707350 20.062000 24.062500 165 11888 13958
Ch1: 29.277164 12344.452581 20.062000 24.125000 166 11820 13948
Ch1: 29.251976 12195.091405 20.062000 24.125000 167 11755 13936
Ch1: 29.235184 12041.134501 20.062000 24.000000 168 11688 13928
Ch1: 29.214194 11882.581868 20.062000 24.125000 169 11619 13918
Ch1: 29.195302 11728.624964 20.062000 24.093750 170 11552 13909
Ch1: 29.168015 11581.561652 20.062000 24.000000 171 11488 13896
Ch1: 29.153322 11427.604748 20.062000 24.125000 172 11421 13889
Ch1: 29.128134 11278.243572 20.062000 24.093750 173 11356 13877
Ch1: 29.107143 11131.180261 20.062000 24.125000 174 11292 13867
Ch1: 29.088252 10961.138307 20.062000 24.062500 175 11218 13858
Ch1: 29.063064 10823.266452 20.062000 24.093750 176 11158 13846
Ch1: 29.037876 10655.522363 20.062000 24.093750 177 11085 13834
Ch1: 29.014787 10510.756915 20.062000 24.125000 178 11022 13823
Ch1: 28.993796 10359.097875 20.062000 24.031250 179 10956 13813
Ch1: 28.970707 10205.140971 20.062000 24.093750 180 10889 13802
Ch1: 28.947618 10058.077659 20.125000 24.156250 181 10825 13791
Ch1: 28.924529 9906.418619 20.125000 24.000000 182 10759 13780
Ch1: 28.901439 9754.759579 20.062000 24.000000 183 10693 13769
Ch1: 28.878350 9616.887725 20.125000 24.062500 184 10633 13758
Ch1: 28.855261 9430.760721 20.062000 24.031250 185 10552 13747
Ch1: 28.825874 9306.676052 20.062000 24.031250 186 10498 13733
Ch1: 28.804884 9161.910605 20.062000 24.093750 187 10435 13723
Ch1: 28.777597 9017.145157 20.062000 24.093750 188 10372 13710
Ch1: 28.754508 8863.188253 20.062000 24.062500 189 10305 13699
Ch1: 28.725121 8723.018534 20.062000 24.093750 190 10244 13685
Ch1: 28.702032 8580.550951 20.062000 24.125000 191 10182 13674
Ch1: 28.674745 8440.381232 20.062000 24.125000 192 10121 13661
Ch1: 28.649557 8286.424328 20.125000 24.062500 193 10054 13649
Ch1: 28.624368 8150.850338 20.062000 24.125000 194 9995 13637
Ch1: 28.601279 8006.084890 20.062000 24.062500 195 9932 13626
Ch1: 28.571893 7854.425850 20.062000 24.125000 196 9866 13612
Ch1: 28.544605 7707.362539 20.062000 24.093750 197 9802 13599
Ch1: 28.515219 7574.086413 20.125000 24.125000 198 9744 13585
Ch1: 28.490031 7424.725237 20.062000 24.062500 199 9679 13573
Ch1: 28.462744 7291.449111 20.062000 24.125000 200 9621 13560
Ch1: 28.433357 7151.279392 20.125000 24.125000 201 9560 13546
Ch1: 28.406070 7008.811809 20.062000 24.062500 202 9498 13533
Ch1: 28.376684 6877.833547 20.062000 24.031250 203 9441 13519
Ch1: 28.349396 6744.557421 20.062000 24.093750 204 9383 13506
Ch1: 28.322109 6606.685567 20.125000 24.093750 205 9323 13493
Ch1: 28.288525 6450.430798 20.125000 24.031250 206 9255 13477
Ch1: 28.259138 6317.154672 20.062000 24.125000 207 9197 13463
Ch1: 28.231851 6186.176410 20.125000 24.000000 208 9140 13450
Ch1: 28.194069 6046.006691 20.125000 24.156250 209 9079 13432
Ch1: 28.168880 5910.432701 20.062000 24.000000 210 9020 13420
Ch1: 28.137395 5784.050168 20.125000 24.062500 211 8965 13405
Ch1: 28.103811 5643.880449 20.062000 24.031250 212 8904 13389
Ch1: 28.072325 5519.795780 20.125000 24.093750 213 8850 13374
Ch1: 28.040840 5381.923925 20.062000 24.125000 214 8790 13359
Ch1: 28.013553 5253.243527 20.062000 24.000000 215 8734 13346
Ch1: 27.975770 5115.371673 20.125000 24.125000 216 8674 13328
Ch1: 27.937988 4988.989140 20.062000 24.093750 217 8619 13310
Ch1: 27.906503 4862.606606 20.125000 24.125000 218 8564 13295
Ch1: 27.875017 4731.628344 20.062000 24.156250 219 8507 13280
Ch1: 27.839334 4612.139404 20.125000 24.031250 220 8455 13263
Ch1: 27.803651 4471.969685 20.125000 24.125000 221 8394 13246
Ch1: 27.770066 4347.885016 20.062000 24.031250 222 8340 13230
Ch1: 27.734383 4226.098211 20.125000 24.156250 223 8287 13213
Ch1: 27.700798 4113.502863 20.125000 24.062500 224 8238 13197
Ch1: 27.663016 3977.928873 20.062000 24.125000 225 8179 13179
Ch1: 27.625234 3876.822846 20.062000 24.093750 226 8135 13161
Ch1: 27.587451 3736.653127 20.125000 24.125000 227 8074 13143
Ch1: 27.549669 3610.270594 20.125000 24.093750 228 8019 13125
Ch1: 27.509787 3495.377382 20.062000 24.000000 229 7969 13106
Ch1: 27.474104 3371.292713 20.125000 24.093750 230 7915 13089
Ch1: 27.432124 3258.697365 20.062000 24.125000 231 7866 13069
Ch1: 27.394341 3148.399881 20.125000 24.156250 232 7818 13051
Ch1: 27.354460 3024.315212 20.125000 24.125000 233 7764 13032
Ch1: 27.314578 2914.017728 20.125000 24.093750 234 7716 13013
Ch1: 27.274697 2806.018109 20.125000 24.156250 235 7669 12994
Ch1: 27.234816 2704.912082 20.125000 24.093750 236 7625 12975
Ch1: 27.188637 2569.338092 20.125000 24.062500 237 7566 12953
Ch1: 27.142459 2465.934201 20.125000 24.062500 238 7521 12931
Ch1: 27.100478 2362.530310 20.062000 24.093750 239 7476 12911
Ch1: 27.060597 2266.020012 20.062000 24.125000 240 7434 12892
Ch1: 27.010220 2144.233207 20.062000 24.062500 241 7381 12868
Ch1: 26.966141 2050.020773 20.125000 24.062500 242 7340 12847
Ch1: 26.922061 1944.319018 20.125000 24.125000 243 7294 12826
Ch1: 26.873784 1843.212991 20.062000 24.031250 244 7250 12803
Ch1: 26.827605 1739.809100 20.125000 24.125000 245 7205 12781
Ch1: 26.781427 1652.490259 20.125000 24.125000 246 7167 12759
Ch1: 26.731050 1549.086368 20.125000 24.125000 247 7122 12735
Ch1: 26.678575 1457.171798 20.125000 24.093750 248 7082 12710
Ch1: 26.628198 1365.257228 20.062000 24.093750 249 7042 12686
Ch1: 26.577822 1266.449066 20.125000 24.062500 250 6999 12662
Ch1: 26.527445 1181.428089 20.125000 24.093750 251 6962 12638
Ch1: 26.474969 1096.407112 20.125000 24.093750 252 6925 12613
Ch1: 26.418296 1009.088271 20.125000 24.125000 253 6887 12586
Ch1: 26.363721 921.769430 20.125000 24.125000 254 6849 12560
Ch1: 26.309147 845.939910 20.062000 24.031250 255 6816 12534
Ch1: 26.258770 772.408254 20.125000 24.062500 256 6784 12510
Ch1: 26.193700 696.578734 20.125000 24.156250 257 6751 12479
Ch1: 26.132829 611.557757 20.125000 24.062500 258 6714 12450
Ch1: 26.074056 542.621830 20.062000 24.125000 259 6684 12422
Ch1: 26.011085 473.685902 20.125000 24.156250 260 6654 12392
Ch1: 25.946016 409.345703 20.125000 24.093750 261 6626 12361
Ch1: 25.880946 345.005505 20.125000 24.125000 262 6598 12330
Ch1: 25.815876 289.856763 20.125000 24.156250 263 6574 12299
Ch1: 25.746609 232.410157 20.125000 24.125000 264 6549 12266
Ch1: 25.677341 177.261415 20.125000 24.125000 265 6525 12233
Ch1: 25.605974 135.899859 20.125000 24.125000 266 6507 12199
Ch1: 25.530409 101.431895 20.125000 24.125000 267 6492 12163
Ch1: 25.450646 37.091696 20.125000 24.156250 268 6464 12125
Ch1: 25.362488 21.006646 20.125000 24.062500 269 6457 12083
Ch1: 25.272230 -15.759181 20.125000 24.031250 270 6441 12040
Ch1: 25.181972 -29.546367 20.125000 24.156250 271 6435 11997
Ch1: 25.091714 -36.439960 20.062000 24.000000 272 6432 11954
Ch1: 24.980465 -38.737824 20.125000 24.156250 273 6431 11901
Ch1: 24.886009 -34.142095 20.125000 24.093750 274 6433 11856
Ch1: 24.787355 -41.035688 20.125000 24.093750 275 6430 11809
Ch1: 24.686602 -38.737824 20.125000 24.125000 276 6431 11761
Ch1: 24.587948 -34.142095 20.125000 24.156250 277 6433 11714
Ch1: 24.482997 -27.248503 20.125000 24.156250 278 6436 11664
Ch1: 24.375947 -31.844231 20.125000 24.031250 279 6434 11613
Ch1: 24.277293 -41.035688 20.125000 24.125000 280 6430 11566
Ch1: 24.174441 -18.057046 20.062000 24.062500 281 6440 11517
Ch1: 24.073688 -22.652774 20.125000 24.062500 282 6438 11469
Ch1: 23.975034 -24.950638 20.125000 24.187500 283 6437 11422
Ch1: 23.876380 -22.652774 20.125000 24.156250 284 6438 11375
Ch1: 23.773528 -22.652774 20.125000 24.125000 285 6438 11326
Ch1: 23.672775 -27.248503 20.125000 24.187500 286 6436 11278
Ch1: 23.574120 -22.652774 20.125000 24.156250 287 6438 11231
Ch1: 23.481763 -8.865589 20.125000 24.093750 288 6444 11187
Ch1: 23.364218 -27.248503 20.125000 24.125000 289 6436 11131
Ch1: 23.267663 -22.652774 20.125000 24.031250 290 6438 11085
Ch1: 23.169009 -22.652774 20.125000 24.156250 291 6438 11038
Ch1: 23.064058 -31.844231 20.125000 24.125000 292 6434 10988
Ch1: 22.963305 -34.142095 20.125000 24.031250 293 6433 10940
Ch1: 22.860453 -31.844231 20.125000 24.031250 294 6434 10891
Ch1: 22.761799 -36.439960 20.125000 24.093750 295 6432 10844
Ch1: 22.663145 -36.439960 20.125000 24.093750 296 6432 10797
Ch1: 22.562392 -34.142095 20.125000 24.125000 297 6433 10749
Ch1: 22.463738 -27.248503 20.125000 24.062500 298 6436 10702
Ch1: 22.356687 -24.950638 20.125000 24.156250 299 6437 10651
Ch1: 22.251736 -24.950638 20.125000 24.156250 300 6437 10601
Ch1: 22.148884 -24.950638 20.125000 24.062500 301 6437 10552
Ch1: 22.046032 -29.546367 20.125000 24.093750 302 6435 10503
Ch1: 21.947378 -31.844231 20.125000 24.156250 303 6434 10456
Ch1: 21.852922 -31.844231 20.125000 24.156250 304 6434 10411
Ch1: 21.741674 -31.844231 20.125000 24.031250 305 6434 10358
Ch1: 21.647218 -34.142095 20.125000 24.093750 306 6433 10313
Ch1: 21.550663 -34.142095 20.125000 24.156250 307 6433 10267
Ch1: 21.447811 -29.546367 20.125000 24.093750 308 6435 10218
Ch1: 21.347058 -20.354910 20.125000 24.125000 309 6439 10170
Ch1: 21.231611 -31.844231 20.125000 24.000000 310 6434 10115
Ch1: 21.135056 -36.439960 20.125000 24.031250 311 6432 10069
Ch1: 21.036402 -38.737824 20.125000 24.156250 312 6431 10022
Ch1: 20.935649 -20.354910 20.125000 24.125000 313 6439 9974
Ch1: 20.834896 -22.652774 20.125000 24.125000 314 6438 9926
Ch1: 20.738341 -27.248503 20.125000 24.125000 315 6436 9880
Ch1: 20.639687 -18.057046 20.125000 24.156250 316 6440 9833
Ch1: 20.536835 -6.567725 20.125000 24.156250 317 6445 9784
Ch1: 20.423488 -15.759181 20.125000 24.125000 318 6441 9730
Ch1: 20.324834 -18.057046 20.125000 24.156250 319 6440 9683
Ch1: 20.230378 -20.354910 20.125000 24.187500 320 6439 9638
Ch1: 20.121229 -20.354910 20.125000 24.156250 321 6439 9586
Ch1: 20.024674 -20.354910 20.125000 24.156250 322 6439 9540
Ch1: 19.926020 -22.652774 20.125000 24.125000 323 6438 9493
Ch1: 19.823167 -43.333552 20.125000 24.000000 324 6429 9444
Ch1: 19.724513 -47.929281 20.125000 24.031250 325 6427 9397
Ch1: 19.623760 -45.631417 20.125000 24.125000 326 6428 9349
Ch1: 19.523007 -31.844231 20.125000 24.156250 327 6434 9301
Ch1: 19.418056 -54.822874 20.125000 24.156250 328 6424 9251
Ch1: 19.313105 -38.737824 20.125000 24.156250 329 6431 9201
Ch1: 19.212352 -43.333552 20.125000 24.031250 330 6429 9153
Ch1: 19.111599 -38.737824 20.125000 24.156250 331 6431 9105
Ch1: 19.010846 -41.035688 20.125000 24.000000 332 6430 9057
Ch1: 18.910093 -41.035688 20.125000 24.156250 333 6430 9009
Ch1: 18.807241 -43.333552 20.125000 24.125000 334 6429 8960
Ch1: 18.708587 -20.354910 20.125000 24.187500 335 6439 8913
Ch1: 18.616230 -24.950638 20.125000 24.156250 336 6437 8869
Ch1: 18.500783 -15.759181 20.125000 24.062500 337 6441 8814
Ch1: 18.402129 -4.269860 20.125000 24.031250 338 6446 8767
Ch1: 18.295079 -20.354910 20.125000 24.031250 339 6439 8716
Ch1: 18.194326 -18.057046 20.125000 24.156250 340 6440 8668
Ch1: 18.093573 -22.652774 20.125000 24.156250 341 6438 8620
Ch1: 17.990721 -24.950638 20.125000 24.125000 342 6437 8571
Ch1: 17.889968 -22.652774 20.125000 24.125000 343 6438 8523
Ch1: 17.791314 -22.652774 20.125000 24.125000 344 6438 8476
Ch1: 17.690561 -20.354910 20.125000 24.156250 345 6439 8428
Ch1: 17.589808 -43.333552 20.125000 24.093750 346 6429 8380
Ch1: 17.491154 -41.035688 20.125000 24.062500 347 6430 8333
Ch1: 17.390401 -29.546367 20.125000 24.156250 348 6435 8285
Ch1: 17.272855 -31.844231 20.125000 24.156250 349 6434 8229
Ch1: 17.174201 -43.333552 20.125000 24.125000 350 6429 8182
Ch1: 17.075547 -41.035688 20.125000 24.031250 351 6430 8135
Ch1: 16.983190 -41.035688 20.125000 24.125000 352 6430 8091
Ch1: 16.874041 -43.333552 20.125000 24.125000 353 6429 8039
Ch1: 16.777486 -38.737824 20.125000 24.125000 354 6431 7993
Ch1: 16.680931 -38.737824 20.125000 24.187500 355 6431 7947
Ch1: 16.575980 -27.248503 20.125000 24.156250 356 6436 7897
Ch1: 16.468930 -61.716466 20.125000 24.093750 357 6421 7846
Ch1: 16.363979 -43.333552 20.125000 24.156250 358 6429 7796
Ch1: 16.263225 -36.439960 20.125000 24.156250 359 6432 7748
Ch1: 16.164571 -36.439960 20.125000 24.031250 360 6432 7701
Ch1: 16.061719 -36.439960 20.125000 24.062500 361 6432 7652
Ch1: 15.960966 -38.737824 20.125000 24.156250 362 6431 7604
Ch1: 15.860213 -31.844231 20.125000 24.187500 363 6434 7556
Ch1: 15.763658 -20.354910 20.125000 24.156250 364 6439 7510
Ch1: 15.654509 -64.014331 20.125000 24.156250 365 6420 7458
Ch1: 15.549558 -29.546367 20.125000 24.187500 366 6435 7408
Ch1: 15.448805 -29.546367 20.125000 24.187500 367 6435 7360
Ch1: 15.356448 -31.844231 20.125000 24.156250 368 6434 7316
Ch1: 15.241002 -34.142095 20.125000 24.156250 369 6433 7261
Ch1: 15.144447 -31.844231 20.125000 24.062500 370 6434 7215
Ch1: 15.045792 -34.142095 20.125000 24.093750 371 6433 7168
