Ch1: 25.869611 2918.153884 23.750000 235 8319 13217
Ch1: 27.856546 4602.488374 23.750000 234 8474 13281
Ch1: 27.905243 5268.869004 23.750000 233 8858 13299
Ch1: 27.937568 4680.615758 23.750000 232 8216 13312
Ch1: 27.963596 4098.796532 23.718750 231 8236 13326
Ch1: 27.990464 4140.158088 23.718750 230 8244 13340
Ch1: 28.021109 4948.087156 23.718750 229 9094 13354
Ch1: 28.051755 6107.589453 23.750000 228 9154 13368
Ch1: 28.080302 6327.265275 23.750000 227 9211 13382
Ch1: 28.111787 6465.596702 23.750000 226 9271 13395
Ch1: 28.141593 6581.868633 23.718750 225 9336 13411
Ch1: 28.169300 6745.016994 23.718750 224 9398 13425
Ch1: 28.199106 6890.701587 23.750000 223 9461 13439
Ch1: 28.227653 7012.488392 23.750000 222 9519 13451
Ch1: 28.254521 7165.526150 23.687500 221 9582 13465
Ch1: 28.282228 7313.049035 23.750000 220 9643 13478
Ch1: 28.310774 7438.971995 23.750000 219 9704 13491
Ch1: 28.336802 7597.984201 23.718750 218 9772 13504
Ch1: 28.366608 7744.128367 23.750000 217 9832 13517
Ch1: 28.392636 7865.455599 23.718750 216 9889 13530
Ch1: 28.418664 8029.063533 23.718750 215 9962 13543
Ch1: 28.445532 8173.828980 23.718750 214 10020 13554
Ch1: 28.471560 8299.292368 23.781250 213 10079 13568
Ch1: 28.497587 8466.576885 23.718750 212 10152 13581
Ch1: 28.523615 8590.661554 23.750000 211 10201 13593
Ch1: 28.549223 8749.214187 23.750000 210 10277 13605
Ch1: 28.573992 8909.605111 23.781250 209 10344 13616
Ch1: 28.598340 9028.634479 23.718750 208 10389 13630
Ch1: 28.626467 9203.731734 23.718750 207 10476 13641
Ch1: 28.648297 9361.365221 23.718750 206 10535 13652
Ch1: 28.672646 9484.530744 23.718750 205 10592 13663
Ch1: 28.696995 9637.108930 23.750000 204 10664 13674
Ch1: 28.720504 9805.772166 23.781250 203 10735 13686
Ch1: 28.744852 9939.507864 23.750000 202 10787 13696
Ch1: 28.768361 10084.732885 23.718750 201 10859 13710
Ch1: 28.791451 10255.693984 23.718750 200 10930 13720
Ch1: 28.814960 10393.565839 23.750000 199 10986 13731
Ch1: 28.838469 10537.412140 23.718750 198 11055 13742
Ch1: 28.861138 10708.832813 23.718750 197 11131 13753
Ch1: 28.883808 10852.219542 23.718750 196 11188 13763
Ch1: 28.906477 10994.687125 23.750000 195 11259 13774
Ch1: 28.929566 11171.163099 23.750000 194 11329 13786
Ch1: 28.950556 11315.928546 23.750000 193 11385 13796
Ch1: 28.972386 11444.608944 23.687500 192 11450 13806
Ch1: 28.993796 11626.599792 23.718750 191 11528 13817
Ch1: 29.014787 11773.663103 23.750000 190 11586 13825
Ch1: 29.037036 11901.424355 23.781250 189 11649 13835
Ch1: 29.057607 12081.576912 23.750000 188 11726 13847
Ch1: 29.079017 12245.184846 23.750000 187 11793 13856
Ch1: 29.100427 12375.243962 23.750000 186 11855 13866
Ch1: 29.121417 12548.962499 23.750000 185 11935 13876
Ch1: 29.141987 12702.459830 23.718750 184 11991 13886
Ch1: 29.161718 12843.548695 23.718750 183 12059 13896
Ch1: 29.182288 13020.484241 23.718750 182 12136 13905
Ch1: 29.200760 13181.794311 23.781250 181 12197 13914
Ch1: 29.222170 13312.772573 23.718750 180 12264 13925
Ch1: 29.241901 13490.627265 23.781250 179 12343 13935
Ch1: 29.261632 13661.128792 23.718750 178 12407 13942
Ch1: 29.280523 13787.051753 23.750000 177 12467 13953
Ch1: 29.299834 13955.714988 23.718750 176 12545 13961
Ch1: 29.319984 14141.382419 23.750000 175 12621 13971
Ch1: 29.338036 14267.764952 23.750000 174 12677 13979
Ch1: 29.356507 14429.994168 23.718750 173 12749 13989
Ch1: 29.376658 14603.253132 23.750000 172 12820 13998
Ch1: 29.394290 14741.124986 23.718750 171 12888 14005
Ch1: 29.411922 14919.898825 23.718750 170 12963 14015
Ch1: 29.432072 15093.157788 23.750000 169 13033 14024
Ch1: 29.448445 15226.433915 23.750000 168 13094 14032
Ch1: 29.467756 15396.016296 23.718750 167 13174 14039
Ch1: 29.486647 15577.547571 23.812500 166 13242 14050
Ch1: 29.503019 15707.147114 23.750000 165 13300 14059
Ch1: 29.522330 15873.512485 23.750000 164 13381 14067
Ch1: 29.540802 16060.099062 23.718750 163 13456 14075
Ch1: 29.556334 16205.783655 23.750000 162 13520 14082
Ch1: 29.573966 16359.740559 23.750000 161 13592 14091
Ch1: 29.589499 16532.999523 23.781250 160 13655 14100
Ch1: 29.610909 16685.577709 23.718750 159 13734 14108
Ch1: 29.626442 16874.002577 23.750000 158 13813 14116
Ch1: 29.643234 17039.908375 23.750000 157 13879 14125
Ch1: 29.660446 17183.754677 23.781250 156 13958 14133
Ch1: 29.676398 17366.664670 23.750000 155 14022 14141
Ch1: 29.693191 17502.238661 23.750000 154 14081 14149
Ch1: 29.708723 17504.076952 23.718750 153 14061 14157
Ch1: 29.727195 15855.589144 23.718750 152 11895 14164
Ch1: 29.743147 14340.377462 23.718750 151 14291 14172
Ch1: 29.759939 16973.270312 23.750000 150 13521 14180
Ch1: 29.775052 16338.140635 23.718750 149 13653 14188
Ch1: 29.789746 14846.826742 23.750000 148 12261 14193
Ch1: 29.805698 13355.972421 23.750000 147 12278 14202
Ch1: 29.821231 13499.359150 23.781250 146 12340 14210
Ch1: 29.837603 13626.201256 23.781250 145 12390 14216
Ch1: 29.853136 13721.332835 23.718750 144 12425 14225
Ch1: 29.868669 13825.655872 23.781250 143 12487 14232
Ch1: 29.883362 13962.608581 23.750000 142 12535 14238
Ch1: 29.895956 14073.365637 23.781250 141 12589 14245
Ch1: 29.913588 14172.633373 23.750000 140 12627 14253
Ch1: 29.929960 14287.526585 23.718750 139 12683 14260
Ch1: 29.942974 14401.500651 23.718750 138 12724 14267
Ch1: 29.958927 14520.989592 23.781250 137 12785 14274
Ch1: 29.972361 14653.346572 23.750000 136 12845 14280
Ch1: 29.988313 14767.780212 23.750000 135 12892 14290
Ch1: 30.001747 14891.864881 23.718750 134 12946 14294
Ch1: 30.016860 15013.192113 23.750000 133 12998 14302
Ch1: 30.031553 15134.978918 23.718750 132 13050 14309
Ch1: 30.044567 15266.416752 23.718750 131 13112 14314
Ch1: 30.059680 15393.718431 23.750000 130 13159 14322
Ch1: 30.074373 15499.420187 23.750000 129 13207 14331
Ch1: 30.086967 15603.283650 23.750000 128 13257 14335
Ch1: 30.102080 15738.398068 23.812500 127 13320 14343
Ch1: 30.115094 15861.104018 23.750000 126 13366 14348
Ch1: 30.127268 15990.243989 23.750000 125 13426 14355
Ch1: 30.144480 16101.920191 23.750000 124 13469 14363
Ch1: 30.157074 16217.272976 23.718750 123 13520 14368
Ch1: 30.170088 16355.604403 23.718750 122 13578 14375
Ch1: 30.183942 16418.106311 23.750000 121 13609 14381
Ch1: 30.196116 16532.999523 23.781250 120 13656 14388
Ch1: 30.210809 16678.684116 23.750000 119 13714 14395
Ch1: 30.223404 16754.054063 23.750000 118 13773 14400
Ch1: 30.237257 16942.478931 23.718750 117 13826 14407
Ch1: 30.249851 17028.419054 23.812500 116 13871 14414
Ch1: 30.262865 17141.473975 23.812500 115 13926 14419
Ch1: 30.276299 17302.784044 23.750000 114 13999 14424
Ch1: 30.288893 17396.077333 23.750000 113 14012 14431
Ch1: 30.302747 17460.417531 23.750000 112 14074 14437
Ch1: 30.314501 17635.514787 23.750000 111 14145 14444
Ch1: 30.325836 17744.893125 23.750000 110 14186 14448
Ch1: 30.338010 17856.569327 23.750000 109 14237 14455
Ch1: 30.352284 17988.466734 23.718750 108 14290 14462
Ch1: 30.362779 18119.904569 23.781250 107 14352 14465
Ch1: 30.377472 18243.989238 23.718750 106 14397 14472
Ch1: 30.388807 18381.861093 23.781250 105 14466 14478
Ch1: 30.398882 18489.860712 23.750000 104 14509 14484
Ch1: 30.414415 18615.783673 23.750000 103 14573 14491
Ch1: 30.424070 18756.412964 23.781250 102 14625 14495
Ch1: 30.435825 18825.808465 23.750000 101 14642 14501
Ch1: 30.446740 18921.859190 23.718750 100 14689 14507
Ch1: 30.460593 19037.671548 23.750000 99 14750 14514
Ch1: 30.471928 19133.262700 23.750000 98 14784 14518
Ch1: 30.482843 19224.717697 23.718750 97 14832 14523
Ch1: 30.494177 19366.725707 23.750000 96 14893 14529
Ch1: 30.507191 19497.244396 23.750000 95 14947 14536
Ch1: 30.516427 19602.027006 23.781250 94 14992 14540
Ch1: 30.530281 19709.567052 23.781250 93 15039 14548
Ch1: 30.540356 19845.600616 23.750000 92 15089 14551
Ch1: 30.552111 19965.089556 23.781250 91 15164 14557
Ch1: 30.564705 20090.552944 23.750000 90 15213 14562
Ch1: 30.575200 20226.126934 23.718750 89 15265 14568
Ch1: 30.584855 20321.258514 23.750000 88 15299 14573
Ch1: 30.597869 20445.802756 23.750000 87 15368 14579
Ch1: 30.607525 20589.649057 23.750000 86 15424 14582
Ch1: 30.618440 20683.861491 23.750000 85 15458 14588
Ch1: 30.628935 20817.137617 23.750000 84 15532 14594
Ch1: 30.639010 20947.656306 23.750000 83 15577 14600
Ch1: 30.649925 21036.353866 23.718750 82 15620 14603
Ch1: 30.663778 21148.489641 23.750000 81 15674 14610
Ch1: 30.671335 21239.025492 23.750000 80 15700 14612
Ch1: 30.680571 21391.144105 23.718750 79 15777 14619
Ch1: 30.693165 21509.254327 23.718750 78 15824 14625
Ch1: 30.702820 21635.177288 23.781250 77 15887 14629
Ch1: 30.713735 21733.985450 23.750000 76 15915 14633
Ch1: 30.722131 21844.742507 23.781250 75 15984 14638
Ch1: 30.732626 21996.401547 23.718750 74 16035 14644
Ch1: 30.744801 22103.482021 23.750000 73 16072 14648
Ch1: 30.753617 22208.264630 23.718750 72 16134 14654
Ch1: 30.764532 22341.081183 23.750000 71 16181 14658
Ch1: 30.772508 22473.438164 23.718750 70 16241 14662
Ch1: 30.782163 22572.246326 23.750000 69 16290 14667
Ch1: 30.796017 22687.139538 23.718750 68 16322 14672
Ch1: 30.803993 22728.960668 23.750000 67 16337 14677
Ch1: 30.812809 22833.283704 23.718750 66 16428 14681
Ch1: 30.823304 23015.274552 23.750000 65 16478 14687
Ch1: 30.831700 23119.138016 23.750000 64 16516 14691
Ch1: 30.845554 23221.163188 23.750000 63 16584 14699
Ch1: 30.852691 23376.958384 23.781250 62 16636 14700
Ch1: 30.863186 23477.145265 23.750000 61 16669 14705
Ch1: 30.869902 23605.825663 23.781250 60 16740 14708
Ch1: 30.880817 23827.339776 23.781250 59 16832 14712
Ch1: 30.891732 23930.743667 23.750000 58 16877 14717
Ch1: 30.899709 24056.207054 23.750000 57 16942 14721
Ch1: 30.909364 24192.240617 23.781250 56 16998 14727
Ch1: 30.915661 24263.933982 23.750000 55 16999 14728
Ch1: 30.925736 24356.767697 23.750000 54 17062 14735
Ch1: 30.934552 24470.741764 23.750000 53 17104 14738
Ch1: 30.945047 24605.856181 23.750000 52 17167 14744
Ch1: 30.954283 24722.587685 23.718750 51 17221 14747
Ch1: 30.965198 24829.208586 23.750000 50 17266 14753
Ch1: 30.971495 24923.880592 23.750000 49 17281 14757
Ch1: 30.980731 24964.782576 23.718750 48 17323 14762
Ch1: 30.988287 25083.811944 23.750000 47 17379 14764
Ch1: 30.998782 25221.683798 23.750000 46 17433 14769
Ch1: 31.008438 25366.449246 23.750000 45 17498 14774
Ch1: 31.015994 25511.214693 23.750000 44 17566 14777
Ch1: 31.023551 25609.103710 23.718750 43 17611 14781
Ch1: 31.032367 25714.805465 23.750000 42 17660 14785
Ch1: 31.040763 25854.975184 23.781250 41 17715 14789
Ch1: 31.048739 25998.361912 23.750000 40 17770 14791
Ch1: 31.056715 26086.140326 23.781250 39 17802 14798
Ch1: 31.066791 26178.054896 23.750000 38 17862 14805
Ch1: 31.075607 26318.224615 23.750000 37 17920 14805
Ch1: 31.084423 26388.998834 23.750000 36 17926 14810
Ch1: 31.091139 26415.654059 23.750000 35 17956 14814
