Ch1: 2.955843 3.083305 -24.375000 24.906250 409 6451 1406
Ch1: 2.953325 6.070529 -24.313000 24.875000 408 6452 1407
Ch1: 2.956263 3.772665 -24.375000 24.906250 407 6455 1409
Ch1: 2.962770 1.015227 -24.313000 24.875000 406 6446 1412
Ch1: 2.972216 3.083305 -24.313000 24.875000 405 6450 1416
Ch1: 2.991527 2.164160 -24.313000 24.843750 404 6456 1425
Ch1: 3.034976 2.853519 -24.313000 24.875000 403 6450 1448
Ch1: 3.117678 4.002451 -24.313000 24.875000 402 6450 1492
Ch1: 3.214443 3.772665 -24.313000 24.875000 401 6452 1538
Ch1: 3.309739 4.462024 -24.313000 24.875000 400 6445 1587
Ch1: 3.414480 4.691810 -24.313000 24.906250 399 6455 1635
Ch1: 3.507886 4.002451 -24.313000 24.906250 398 6446 1678
Ch1: 3.606120 5.840742 -24.313000 24.875000 397 6456 1725
Ch1: 3.707293 3.772665 -24.313000 24.906250 396 6439 1780
Ch1: 3.807417 2.623732 -24.313000 24.875000 395 6445 1828
Ch1: 3.907540 0.555655 -24.313000 24.875000 394 6446 1872
Ch1: 4.006404 4.691810 -24.313000 24.843750 393 6456 1918
Ch1: 4.106108 3.772665 -24.313000 24.906250 392 6445 1965
Ch1: 4.204762 5.840742 -24.313000 24.875000 391 6454 2013
Ch1: 4.302576 1.245014 -24.313000 24.875000 390 6448 2058
Ch1: 4.401650 5.151383 -24.313000 24.875000 389 6451 2105
Ch1: 4.502613 0.325868 -24.313000 24.875000 388 6451 2153
Ch1: 4.602946 6.530102 -24.313000 24.875000 387 6449 2200
Ch1: 4.704119 2.393946 -24.313000 24.906250 386 6458 2248
Ch1: 4.803403 3.542878 -24.313000 24.875000 385 6446 2296
Ch1: 4.899538 5.610956 -24.313000 24.875000 384 6454 2341
Ch1: 5.008058 5.610956 -24.313000 24.875000 383 6453 2395
Ch1: 5.103773 2.393946 -24.313000 24.906250 382 6449 2438
Ch1: 5.200538 4.921597 -24.313000 24.906250 381 6449 2485
Ch1: 5.304020 -2.431569 -24.313000 24.875000 380 6431 2541
Ch1: 5.406662 1.934373 -24.313000 24.875000 379 6449 2590
Ch1: 5.507625 2.393946 -24.313000 24.906250 378 6447 2635
Ch1: 5.607958 0.555655 -24.313000 24.875000 377 6453 2681
Ch1: 5.707662 2.853519 -24.313000 24.906250 376 6444 2729
Ch1: 5.811143 4.462024 -24.313000 24.875000 375 6455 2777
Ch1: 5.906649 4.921597 -24.313000 24.843750 374 6445 2822
Ch1: 6.008242 4.921597 -24.313000 24.875000 373 6451 2870
Ch1: 6.109834 1.015227 -24.313000 24.875000 372 6447 2919
Ch1: 6.210378 4.691810 -24.313000 24.875000 371 6451 2966
Ch1: 6.311131 1.704587 -24.313000 24.906250 370 6448 3015
Ch1: 6.411254 4.921597 -24.313000 24.906250 369 6448 3061
Ch1: 6.508859 5.151383 -24.313000 24.906250 368 6449 3107
Ch1: 6.620527 0.096082 -24.313000 24.906250 367 6452 3163
Ch1: 6.716872 3.772665 -24.313000 24.937500 366 6445 3208
Ch1: 6.815736 2.623732 -24.313000 24.906250 365 6455 3254
Ch1: 6.917328 6.070529 -24.313000 24.906250 364 6444 3308
Ch1: 7.042850 -6.108152 -24.313000 24.906250 363 6449 3363
Ch1: 7.121773 5.151383 -24.313000 24.906250 362 6450 3405
Ch1: 7.222106 -0.133705 -24.313000 24.906250 361 6451 3451
Ch1: 7.321390 5.610956 -24.313000 24.875000 360 6447 3497
Ch1: 7.423193 0.096082 -24.313000 24.906250 359 6452 3545
Ch1: 7.521217 2.393946 -24.313000 24.875000 358 6444 3591
Ch1: 7.621970 2.164160 -24.313000 24.875000 357 6453 3639
Ch1: 7.723143 1.015227 -24.313000 24.875000 356 6448 3688
Ch1: 7.825575 2.623732 -24.313000 24.875000 355 6451 3735
Ch1: 7.928427 0.785441 -24.313000 24.875000 354 6452 3785
Ch1: 8.027711 1.474800 -24.313000 24.875000 353 6443 3832
Ch1: 8.122797 1.934373 -24.313000 24.906250 352 6456 3877
Ch1: 8.233835 2.853519 -24.313000 24.906250 351 6449 3932
Ch1: 8.329970 0.555655 -24.313000 24.875000 350 6444 3976
Ch1: 8.429044 1.704587 -24.313000 24.875000 349 6455 4023
Ch1: 8.531896 1.474800 -24.313000 24.875000 348 6447 4076
Ch1: 8.637267 0.325868 -24.313000 24.906250 347 6449 4129
Ch1: 8.735711 -0.133705 -24.313000 24.906250 346 6450 4174
Ch1: 8.837724 2.623732 -24.313000 24.937500 345 6453 4220
Ch1: 8.937008 2.853519 -24.313000 24.875000 344 6445 4267
Ch1: 9.039020 -1.512423 -24.313000 24.875000 343 6446 4315
Ch1: 9.137674 1.934373 -24.313000 24.875000 342 6453 4362
Ch1: 9.238847 2.393946 -24.313000 24.875000 341 6445 4409
Ch1: 9.342329 -2.201782 -24.313000 24.875000 340 6449 4458
Ch1: 9.442872 1.704587 -24.313000 24.906250 339 6452 4507
Ch1: 9.545514 2.623732 -24.313000 24.906250 338 6445 4556
Ch1: 9.646267 2.853519 -24.313000 24.906250 337 6451 4603
Ch1: 9.743242 -0.593277 -24.313000 24.906250 336 6445 4649
Ch1: 9.856589 3.313092 -24.313000 24.875000 335 6454 4704
Ch1: 9.952515 2.623732 -24.313000 24.875000 334 6447 4749
Ch1: 10.052848 -2.431569 -24.313000 24.937500 333 6452 4797
Ch1: 10.155280 2.853519 -24.313000 24.906250 332 6445 4847
Ch1: 10.259602 -2.201782 -24.313000 24.875000 331 6450 4901
Ch1: 10.358675 1.474800 -24.313000 24.843750 330 6445 4947
Ch1: 10.459638 -1.742210 -24.313000 24.937500 329 6448 4993
Ch1: 10.560601 4.921597 -24.313000 24.875000 328 6455 5040
Ch1: 10.661774 3.083305 -24.313000 24.906250 327 6444 5088
Ch1: 10.762318 -1.282637 -24.313000 24.875000 326 6453 5134
Ch1: 10.862441 0.096082 -24.313000 24.906250 325 6446 5183
Ch1: 10.964873 3.083305 -24.313000 24.937500 324 6447 5232
Ch1: 11.066046 -0.593277 -24.250000 24.875000 323 6451 5279
Ch1: 11.168478 0.785441 -24.313000 24.875000 322 6444 5329
Ch1: 11.269441 -0.593277 -24.313000 24.906250 321 6455 5376
Ch1: 11.367046 -0.133705 -24.313000 24.906250 320 6445 5422
Ch1: 11.474306 1.245014 -24.313000 24.906250 319 6448 5475
Ch1: 11.570231 -2.891142 -24.313000 24.937500 318 6444 5519
Ch1: 11.670774 -1.512423 -24.313000 24.906250 317 6452 5568
Ch1: 11.773207 2.393946 -24.313000 24.906250 316 6442 5621
Ch1: 11.877528 -2.201782 -24.313000 24.906250 315 6450 5672
Ch1: 11.976392 -1.512423 -24.313000 24.875000 314 6446 5717
Ch1: 12.078195 -2.891142 -24.313000 24.906250 313 6450 5764
Ch1: 12.178528 -1.971996 -24.313000 24.906250 312 6450 5811
Ch1: 12.282430 1.015227 -24.313000 24.875000 311 6444 5860
Ch1: 12.379404 1.245014 -24.313000 24.875000 310 6453 5906
Ch1: 12.479738 1.015227 -24.313000 24.906250 309 6445 5954
Ch1: 12.581330 0.785441 -24.250000 24.875000 308 6451 6003
Ch1: 12.683763 -3.350715 -24.313000 24.906250 307 6444 6050
Ch1: 12.786405 1.704587 -24.313000 24.875000 306 6450 6100
Ch1: 12.887368 -2.891142 -24.313000 24.906250 305 6447 6147
Ch1: 12.983503 2.164160 -24.313000 24.875000 304 6444 6192
Ch1: 13.094751 -2.661355 -24.313000 24.843750 303 6453 6247
Ch1: 13.190047 1.015227 -24.313000 24.875000 302 6442 6291
Ch1: 13.289540 -2.431569 -24.313000 24.906250 301 6454 6338
Ch1: 13.391553 0.096082 -24.313000 24.906250 300 6446 6388
Ch1: 13.496714 -0.593277 -24.313000 24.906250 299 6445 6444
Ch1: 13.597257 2.164160 -24.313000 24.906250 298 6453 6489
Ch1: 13.699480 -3.810287 -24.313000 24.875000 297 6445 6536
Ch1: 13.799183 -0.593277 -24.313000 24.906250 296 6451 6583
Ch1: 13.900986 -1.512423 -24.313000 24.875000 295 6443 6631
Ch1: 13.999640 0.785441 -24.313000 24.875000 294 6452 6678
Ch1: 14.100183 -3.580501 -24.313000 24.906250 293 6446 6725
Ch1: 14.203035 1.704587 -24.313000 24.875000 292 6447 6774
Ch1: 14.303998 -2.201782 -24.313000 24.875000 291 6453 6822
Ch1: 14.405801 1.245014 -24.313000 24.906250 290 6452 6871
Ch1: 14.507183 -0.133705 -24.313000 24.875000 289 6444 6918
Ch1: 14.602059 0.325868 -24.313000 24.906250 288 6453 6964
Ch1: 14.712048 -1.052850 -24.313000 24.906250 287 6446 7017
Ch1: 14.809233 -3.120928 -24.313000 24.906250 286 6446 7062
Ch1: 14.906627 0.785441 -24.313000 24.906250 285 6454 7109
Ch1: 15.009270 -0.823064 -24.313000 24.906250 284 6438 7163
Ch1: 15.113591 -3.120928 -24.313000 24.906250 283 6451 7214
Ch1: 15.213924 -1.052850 -24.313000 24.875000 282 6442 7259
Ch1: 15.315937 -4.269860 -24.313000 24.875000 281 6453 7306
Ch1: 15.416270 -0.593277 -24.313000 24.875000 280 6444 7353
Ch1: 15.517863 0.325868 -24.313000 24.906250 279 6451 7401
Ch1: 15.616097 -0.363491 -24.313000 24.875000 278 6446 7447
Ch1: 15.716850 -0.593277 -24.313000 24.906250 277 6451 7495
Ch1: 15.817813 -1.512423 -24.313000 24.875000 276 6449 7544
Ch1: 15.920665 -1.052850 -24.313000 24.875000 275 6443 7592
Ch1: 16.022048 -0.363491 -24.250000 24.906250 274 6444 7641
Ch1: 16.123011 -1.282637 -24.313000 24.906250 273 6454 7688
Ch1: 16.218096 -1.742210 -24.313000 24.875000 272 6443 7734
Ch1: 16.328715 -1.742210 -24.313000 24.906250 271 6450 7788
Ch1: 16.452977 -12.542172 -24.313000 24.875000 270 6447 7844
Ch1: 16.529172 1.245014 -24.313000 24.906250 269 6449 7880
Ch1: 16.627826 -5.648579 -24.313000 24.906250 268 6433 7934
Ch1: 16.731307 0.785441 -24.313000 24.875000 267 6451 7983
Ch1: 16.832270 -2.661355 -24.313000 24.906250 266 6443 8029
Ch1: 16.932604 -4.040074 -24.313000 24.906250 265 6448 8076
Ch1: 17.032097 -2.201782 -24.313000 24.906250 264 6445 8122
Ch1: 17.134110 0.785441 -24.313000 24.875000 263 6452 8171
Ch1: 17.234023 -0.363491 -24.313000 24.906250 262 6444 8218
Ch1: 17.334986 -1.512423 -24.313000 24.906250 261 6451 8266
Ch1: 17.436999 -1.742210 -24.313000 24.906250 260 6442 8315
Ch1: 17.538801 -1.971996 -24.313000 24.875000 259 6453 8363
Ch1: 17.640814 -0.823064 -24.313000 24.906250 258 6441 8412
Ch1: 17.741357 -1.512423 -24.313000 24.875000 257 6453 8460
Ch1: 17.837282 -1.971996 -24.313000 24.875000 256 6444 8504
Ch1: 17.948740 -2.431569 -24.313000 24.906250 255 6452 8559
Ch1: 18.045925 -1.282637 -24.313000 24.906250 254 6442 8604
Ch1: 18.143530 -2.201782 -24.313000 24.906250 253 6454 8651
Ch1: 18.246382 -1.742210 -24.313000 24.875000 252 6442 8703
Ch1: 18.351753 -6.108152 -24.313000 24.937500 251 6445 8756
Ch1: 18.452296 -1.971996 -24.313000 24.906250 250 6443 8802
Ch1: 18.552209 -3.120928 -24.313000 24.906250 249 6453 8848
Ch1: 18.651703 -3.120928 -24.313000 24.875000 248 6443 8895
Ch1: 18.755815 -4.499647 -24.313000 24.875000 247 6448 8944
Ch1: 18.853419 -4.499647 -24.313000 24.906250 246 6448 8990
Ch1: 18.955642 -2.891142 -24.313000 24.906250 245 6454 9039
Ch1: 19.055975 -0.593277 -24.313000 24.937500 244 6444 9086
Ch1: 19.156938 -6.337938 -24.313000 24.937500 243 6452 9134
Ch1: 19.259580 -1.971996 -24.313000 24.906250 242 6441 9183
Ch1: 19.358864 -4.269860 -24.313000 24.906250 241 6451 9230
Ch1: 19.454999 -0.363491 -24.313000 24.906250 240 6444 9276
Ch1: 19.567926 -1.512423 -24.313000 24.906250 239 6452 9331
Ch1: 19.664271 -4.040074 -24.313000 24.906250 238 6445 9375
Ch1: 19.762716 -0.363491 -24.313000 24.937500 237 6450 9422
Ch1: 19.865778 -4.729433 -24.313000 24.875000 236 6446 9472
Ch1: 19.969469 -3.120928 -24.313000 24.875000 235 6435 9525
Ch1: 20.069803 -8.176229 -24.313000 24.937500 234 6441 9574
Ch1: 20.170766 -7.486870 -24.313000 24.875000 233 6449 9619
Ch1: 20.271309 -1.742210 -24.313000 24.906250 232 6443 9666
Ch1: 20.373111 -4.729433 -24.313000 24.875000 231 6451 9715
Ch1: 20.472185 -0.133705 -24.313000 24.875000 230 6446 9761
Ch1: 20.572518 -4.499647 -24.313000 24.906250 229 6451 9809
Ch1: 20.674111 -1.971996 -24.313000 24.906250 228 6444 9857
Ch1: 20.773185 -2.891142 -24.313000 24.906250 227 6451 9904
Ch1: 20.876457 -1.742210 -24.313000 24.906250 226 6442 9953
Ch1: 20.976160 -3.580501 -24.313000 24.906250 225 6452 10001
Ch1: 21.071456 -3.350715 -24.250000 24.906250 224 6442 10046
Ch1: 21.181865 -3.810287 -24.313000 24.875000 223 6448 10100
Ch1: 21.279889 -4.269860 -24.313000 24.906250 222 6441 10145
Ch1: 21.377703 -3.350715 -24.313000 24.875000 221 6451 10192
Ch1: 21.481815 -4.959220 -24.313000 24.906250 220 6441 10242
Ch1: 21.584247 -1.512423 -24.313000 24.906250 219 6451 10292
Ch1: 21.685630 -6.567725 -24.313000 24.906250 218 6438 10343
Ch1: 21.785753 -0.133705 -24.313000 24.937500 217 6452 10390
Ch1: 21.886297 -6.797511 -24.313000 24.875000 216 6443 10436
Ch1: 21.989359 -1.052850 -24.313000 24.906250 215 6448 10485
Ch1: 22.088223 -7.486870 -24.313000 24.875000 214 6443 10530
Ch1: 22.187296 -0.593277 -24.313000 24.906250 213 6445 10578
Ch1: 22.289309 -6.337938 -24.313000 24.937500 212 6449 10626
Ch1: 22.389012 -1.971996 -24.313000 24.906250 211 6452 10673
Ch1: 22.491865 -2.661355 -24.313000 24.906250 210 6448 10723
Ch1: 22.590938 -3.580501 -24.313000 24.875000 209 6443 10770
Ch1: 22.686234 -4.959220 -24.313000 24.906250 208 6451 10815
Ch1: 22.797692 -1.971996 -24.313000 24.906250 207 6443 10870
Ch1: 22.895087 -2.201782 -24.313000 24.906250 206 6449 10914
Ch1: 22.993111 -1.742210 -24.313000 24.875000 205 6443 10961
Ch1: 23.094074 -3.120928 -24.313000 24.906250 204 6452 11010
Ch1: 23.197766 -1.052850 -24.313000 24.906250 203 6445 11059
Ch1: 23.297469 -4.959220 -24.313000 24.906250 202 6447 11110
Ch1: 23.399272 -3.350715 -24.313000 24.937500 201 6442 11159
Ch1: 23.499395 -1.971996 -24.313000 24.937500 200 6450 11204
Ch1: 23.599938 -2.201782 -24.313000 24.906250 199 6445 11251
Ch1: 23.698592 -4.269860 -24.313000 24.937500 198 6452 11298
Ch1: 23.797666 -1.282637 -24.313000 24.875000 197 6443 11346
Ch1: 23.899679 -4.499647 -24.313000 24.906250 196 6451 11394
Ch1: 23.999173 -3.580501 -24.313000 24.906250 195 6453 11441
Ch1: 24.101395 -3.350715 -24.313000 24.937500 194 6443 11490
Ch1: 24.200889 -4.269860 -24.250000 24.906250 193 6451 11537
Ch1: 24.295974 -1.742210 -24.313000 24.906250 192 6449 11582
Ch1: 24.402815 -1.512423 -24.313000 24.906250 191 6444 11633
Ch1: 24.497690 -3.810287 -24.313000 24.906250 190 6451 11677
Ch1: 24.595715 -3.120928 -24.313000 24.906250 189 6442 11725
Ch1: 24.697727 -0.363491 -24.313000 24.937500 188 6451 11774
Ch1: 24.800579 -4.499647 -24.313000 24.906250 187 6441 11823
Ch1: 24.901122 -6.567725 -24.313000 24.875000 186 6431 11874
Ch1: 24.998937 -1.052850 -24.313000 24.937500 185 6447 11920
Ch1: 25.098850 -7.027297 -24.313000 24.906250 184 6449 11966
Ch1: 25.201702 -1.052850 -24.313000 24.906250 183 6445 12014
Ch1: 25.299517 -6.337938 -24.313000 24.937500 182 6452 12061
Ch1: 25.399430 0.555655 -24.313000 24.937500 181 6443 12109
Ch1: 25.499764 -1.282637 -24.313000 24.906250 180 6453 12156
Ch1: 25.597998 0.096082 -24.250000 24.906250 179 6442 12202
Ch1: 25.700220 0.325868 -24.313000 24.906250 178 6453 12251
Ch1: 25.800344 -1.512423 -24.313000 24.906250 177 6447 12298
Ch1: 25.893750 1.474800 -24.313000 24.906250 176 6448 12343
Ch1: 26.000800 0.096082 -24.313000 24.875000 175 6451 12395
Ch1: 26.096516 2.623732 -24.313000 24.875000 174 6446 12439
Ch1: 26.192861 -0.363491 -24.313000 24.937500 173 6452 12485
Ch1: 26.295713 3.542878 -24.313000 24.906250 172 6453 12535
Ch1: 26.396046 3.313092 -24.313000 24.906250 171 6446 12583
Ch1: 26.493861 1.015227 -24.313000 24.937500 170 6444 12632
Ch1: 26.594614 3.772665 -24.313000 24.906250 169 6445 12680
Ch1: 26.693478 2.623732 -24.313000 24.906250 168 6453 12726
Ch1: 26.794651 4.462024 -24.313000 24.937500 167 6455 12773
Ch1: 26.892255 6.530102 -24.313000 24.906250 166 6455 12819
Ch1: 26.990699 5.840742 -24.313000 24.906250 165 6452 12866
Ch1: 27.089773 11.585403 -24.313000 24.937500 164 6451 12913
Ch1: 27.188637 10.206684 -24.313000 24.906250 163 6455 12960
Ch1: 27.289810 13.883267 -24.313000 24.906250 162 6450 13008
Ch1: 27.388044 12.504549 -24.313000 24.906250 161 6459 13055
Ch1: 27.482080 15.951345 -24.313000 24.906250 160 6455 13099
Ch1: 27.593538 14.802413 -24.313000 24.937500 159 6453 13154
Ch1: 27.690093 18.938569 -24.313000 24.906250 158 6458 13198
Ch1: 27.785809 17.789636 -24.313000 24.937500 157 6452 13244
Ch1: 27.885512 24.453443 -24.313000 24.906250 156 6456 13292
Ch1: 27.987315 19.398141 -24.313000 24.937500 155 6458 13341
Ch1: 28.084710 28.819385 -24.313000 24.906250 154 6456 13389
Ch1: 28.182524 26.291734 -24.313000 24.968750 153 6454 13437
Ch1: 28.279289 26.981093 -24.313000 24.906250 152 6464 13482
Ch1: 28.380672 28.359812 -24.313000 24.906250 151 6459 13529
Ch1: 28.477017 33.415113 -24.313000 24.937500 150 6461 13574
Ch1: 28.573992 38.010842 -24.313000 24.906250 149 6466 13620
Ch1: 28.673276 35.942764 -24.313000 24.906250 148 6462 13667
Ch1: 28.770670 43.066143 -24.313000 24.937500 147 6470 13713
Ch1: 28.869114 46.742726 -24.313000 24.875000 146 6465 13760
Ch1: 28.965669 47.661872 -24.313000 24.906250 145 6472 13806
Ch1: 29.058446 47.432085 -24.313000 24.875000 144 6474 13849
Ch1: 29.174732 45.134221 -24.313000 24.968750 143 6463 13907
Ch1: 29.268768 46.512939 -24.313000 24.906250 142 6475 13950
Ch1: 29.351680 63.976708 -24.313000 24.937500 141 6473 13990
Ch1: 29.449284 68.572436 -24.313000 24.906250 140 6478 14037
Ch1: 29.547938 69.032009 -24.313000 24.875000 139 6464 14087
Ch1: 29.642604 75.925602 -24.313000 24.906250 138 6480 14132
Ch1: 29.740628 79.142612 -24.313000 24.906250 137 6484 14177
Ch1: 29.833615 85.117059 -24.313000 24.937500 136 6483 14221
Ch1: 29.932269 91.551079 -24.313000 24.906250 135 6487 14267
Ch1: 30.025676 102.121254 -24.313000 24.937500 134 6491 14310
Ch1: 30.119292 103.040400 -24.313000 24.937500 133 6493 14356
Ch1: 30.216057 112.921216 -24.313000 24.906250 132 6500 14402
Ch1: 30.309883 122.802032 -24.313000 24.906250 131 6497 14447
Ch1: 30.406019 127.627547 -24.313000 24.937500 130 6503 14493
Ch1: 30.499005 136.359431 -24.313000 24.937500 129 6512 14538
Ch1: 30.586534 144.631743 -24.313000 24.937500 128 6506 14578
Ch1: 30.688757 158.878501 -24.313000 24.906250 127 6520 14627
Ch1: 30.776916 166.231667 -24.313000 24.906250 126 6519 14668
Ch1: 30.868223 175.193337 -24.313000 24.906250 125 6521 14713
Ch1: 30.960370 189.210309 -24.313000 24.937500 124 6535 14757
Ch1: 31.055246 199.550698 -24.313000 24.906250 123 6533 14804
Ch1: 31.145924 213.108097 -24.313000 24.875000 122 6547 14846
Ch1: 31.235132 225.286778 -24.313000 24.937500 121 6548 14889
Ch1: 31.323501 242.750546 -24.313000 24.906250 120 6553 14931
Ch1: 31.413339 255.159013 -24.313000 24.906250 119 6570 14970
Ch1: 31.502548 281.124879 -24.313000 24.906250 118 6566 15014
Ch1: 31.590497 294.222705 -24.313000 24.906250 117 6578 15056
Ch1: 31.679286 319.269425 -24.313000 24.906250 116 6590 15101
Ch1: 31.765345 333.056611 -24.313000 24.875000 115 6598 15138
Ch1: 31.850986 366.145856 -24.313000 24.906250 114 6605 15173
Ch1: 31.935366 374.877740 -24.313000 24.906250 113 6616 15216
Ch1: 32.010931 407.737198 -24.313000 24.906250 112 6626 15259
Ch1: 32.100349 432.783919 -24.313000 24.937500 111 6632 15300
Ch1: 32.181162 469.090174 -24.313000 24.937500 110 6659 15335
Ch1: 32.260715 495.745399 -24.313000 24.937500 109 6670 15376
Ch1: 32.269531 493.447535 -24.313000 24.937500 109 6665 15375
Ch1: 32.205720 475.294407 -24.313000 24.937500 110 6647 15336
Ch1: 32.127007 441.745589 -24.313000 24.937500 111 6648 15298
Ch1: 32.040107 416.469083 -24.313000 24.906250 112 6620 15257
Ch1: 31.963283 386.137275 -24.313000 24.906250 113 6612 15224
Ch1: 31.879952 360.860768 -24.313000 24.937500 114 6593 15186
Ch1: 31.790324 338.571485 -24.313000 24.906250 115 6597 15139
Ch1: 31.705313 318.580066 -24.313000 24.906250 116 6591 15095
Ch1: 31.618834 293.533346 -24.313000 24.937500 117 6583 15057
Ch1: 31.528786 281.814238 -24.313000 24.906250 118 6562 15015
Ch1: 31.441046 263.661110 -24.313000 24.875000 119 6566 14972
Ch1: 31.351838 251.712216 -24.313000 24.906250 120 6554 14931
Ch1: 31.262420 229.652720 -24.313000 24.937500 121 6557 14886
Ch1: 31.172791 218.163398 -24.313000 24.937500 122 6544 14843
Ch1: 31.083793 201.848562 -24.313000 24.937500 123 6535 14801
Ch1: 30.990176 191.508173 -24.313000 24.968750 124 6527 14755
Ch1: 30.894461 182.546503 -24.313000 24.906250 125 6531 14712
Ch1: 30.805253 168.529531 -24.313000 24.937500 126 6520 14669
Ch1: 30.717513 162.325297 -24.313000 24.968750 127 6515 14628
Ch1: 30.615711 149.227471 -24.313000 24.906250 128 6515 14577
Ch1: 30.527132 136.819004 -24.313000 24.937500 129 6491 14538
Ch1: 30.435615 130.384984 -24.313000 24.937500 130 6510 14495
Ch1: 30.338850 125.099897 -24.313000 24.906250 131 6500 14450
Ch1: 30.245863 113.610575 -24.313000 24.937500 132 6502 14404
Ch1: 30.150148 112.231857 -24.313000 24.906250 133 6495 14357
Ch1: 30.052753 101.431895 -24.313000 24.968750 134 6489 14312
Ch1: 29.961026 93.619156 -24.313000 24.906250 135 6489 14267
Ch1: 29.864261 88.334069 -24.313000 24.937500 136 6484 14221
Ch1: 29.768545 86.955350 -24.313000 24.906250 137 6482 14175
Ch1: 29.673040 77.074534 -24.313000 24.968750 138 6487 14130
Ch1: 29.578794 75.925602 -24.313000 24.937500 139 6473 14085
Ch1: 29.481819 69.491582 -24.313000 24.937500 140 6482 14038
Ch1: 29.383165 65.814999 -24.313000 24.906250 141 6477 13992
Ch1: 29.287450 57.542688 -24.313000 24.937500 142 6473 13946
Ch1: 29.196352 58.691620 -24.313000 24.968750 143 6469 13903
Ch1: 29.090981 50.649095 -24.313000 24.937500 144 6472 13852
Ch1: 28.998414 48.351231 -24.313000 24.906250 145 6464 13808
Ch1: 28.901859 45.823580 -24.313000 24.906250 146 6474 13761
Ch1: 28.803835 41.917211 -24.313000 24.937500 147 6465 13715
Ch1: 28.705601 40.308706 -24.313000 24.937500 148 6466 13668
Ch1: 28.607366 31.576822 -24.313000 24.937500 149 6449 13625
Ch1: 28.509132 32.036395 -24.313000 24.937500 150 6466 13578
Ch1: 28.412997 31.347035 -24.313000 24.968750 151 6458 13531
Ch1: 28.312244 28.589598 -24.313000 24.937500 152 6467 13482
Ch1: 28.214849 24.223656 -24.313000 24.937500 153 6457 13435
Ch1: 28.117245 25.602375 -24.313000 24.937500 154 6460 13388
Ch1: 28.020689 21.925792 -24.313000 24.937500 155 6460 13343
Ch1: 27.919936 23.074724 -24.313000 24.906250 156 6455 13294
Ch1: 27.819393 18.708782 -24.313000 24.937500 157 6460 13246
Ch1: 27.721369 17.330064 -24.313000 24.937500 158 6450 13199
Ch1: 27.629222 17.100277 -24.313000 24.937500 159 6451 13157
Ch1: 27.516924 15.721559 -24.313000 24.937500 160 6454 13101
Ch1: 27.420999 12.504549 -24.313000 24.937500 161 6455 13056
Ch1: 27.324444 14.342840 -24.313000 24.968750 162 6456 13010
Ch1: 27.223901 9.976898 -24.313000 24.906250 163 6458 12963
Ch1: 27.126926 8.138607 -24.313000 24.937500 164 6448 12916
Ch1: 27.025753 10.896044 -24.313000 24.937500 165 6454 12870
Ch1: 26.927099 2.623732 -24.313000 24.937500 166 6444 12825
Ch1: 26.828445 6.989675 -24.313000 24.968750 167 6451 12777
Ch1: 26.728112 -0.363491 -24.313000 24.937500 168 6451 12727
Ch1: 26.629457 3.313092 -24.313000 24.937500 169 6452 12680
Ch1: 26.528914 3.083305 -24.313000 24.937500 170 6445 12631
Ch1: 26.431520 3.772665 -24.313000 24.937500 171 6456 12585
Ch1: 26.330767 1.934373 -24.313000 24.937500 172 6445 12537
Ch1: 26.243867 -8.176229 -24.313000 24.968750 173 6446 12495
Ch1: 26.133878 -0.593277 -24.313000 24.937500 174 6451 12440
Ch1: 26.035014 -0.133705 -24.313000 24.968750 175 6453 12396
Ch1: 25.925655 3.542878 -24.313000 24.937500 176 6449 12343
Ch1: 25.831409 -4.959220 -24.313000 24.937500 177 6449 12299
Ch1: 25.735064 2.393946 -24.313000 24.968750 178 6443 12253
Ch1: 25.632422 -2.431569 -24.313000 24.937500 179 6451 12204
Ch1: 25.532508 -2.201782 -24.313000 24.937500 180 6451 12159
Ch1: 25.432805 -3.580501 -24.313000 24.937500 181 6440 12113
Ch1: 25.331632 -1.052850 -24.313000 24.968750 182 6449 12064
Ch1: 25.233608 -6.567725 -24.313000 24.937500 183 6443 12015
Ch1: 25.132225 -1.052850 -24.313000 24.906250 184 6446 11966
Ch1: 25.033361 -5.189006 -24.313000 24.968750 185 6451 11919
Ch1: 24.931768 -1.971996 -24.313000 24.968750 186 6442 11871
Ch1: 24.834374 -5.878365 -24.313000 24.937500 187 6448 11824
Ch1: 24.731731 -2.431569 -24.313000 24.937500 188 6451 11775
Ch1: 24.629929 -4.959220 -24.313000 24.937500 189 6442 11726
Ch1: 24.530855 -4.040074 -24.313000 24.937500 190 6449 11679
Ch1: 24.436399 -3.810287 -24.313000 24.937500 191 6445 11634
Ch1: 24.329978 -2.891142 -24.313000 24.906250 192 6444 11583
Ch1: 24.235103 -4.959220 -24.313000 24.968750 193 6451 11538
Ch1: 24.136658 -1.971996 -24.313000 24.937500 194 6442 11491
Ch1: 24.034436 -5.418792 -24.313000 24.968750 195 6449 11442
Ch1: 23.934103 -3.810287 -24.313000 24.937500 196 6443 11398
Ch1: 23.833770 -7.946443 -24.313000 24.968750 197 6439 11351
Ch1: 23.732387 -7.946443 -24.313000 24.968750 198 6443 11301
Ch1: 23.634572 -3.350715 -24.313000 24.937500 199 6444 11253
Ch1: 23.532560 -5.648579 -24.313000 24.968750 200 6451 11204
Ch1: 23.432436 -2.431569 -24.313000 24.906250 201 6442 11156
Ch1: 23.331683 -3.350715 -24.313000 24.937500 202 6451 11108
Ch1: 23.233239 -4.269860 -24.313000 24.968750 203 6443 11061
Ch1: 23.131017 -0.823064 -24.313000 24.937500 204 6451 11011
Ch1: 23.027745 -6.337938 -24.313000 24.968750 205 6445 10963
Ch1: 22.927412 -5.878365 -24.313000 24.937500 206 6443 10915
Ch1: 22.833795 -1.512423 -24.313000 24.937500 207 6450 10870
Ch1: 22.721498 -2.431569 -24.313000 24.968750 208 6442 10816
Ch1: 22.624103 -5.878365 -24.313000 24.968750 209 6451 10771
Ch1: 22.525449 -4.729433 -24.313000 24.968750 210 6442 10724
Ch1: 22.423017 -4.959220 -24.313000 24.937500 211 6443 10674
Ch1: 22.322893 -3.810287 -24.313000 24.906250 212 6446 10630
Ch1: 22.221720 -6.108152 -24.313000 24.937500 213 6439 10583
Ch1: 22.121177 -4.959220 -24.313000 24.968750 214 6447 10534
Ch1: 22.022733 -1.282637 -24.313000 24.937500 215 6452 10485
Ch1: 21.920301 -0.823064 -24.313000 24.906250 216 6441 10435
Ch1: 21.820597 -3.350715 -24.313000 24.906250 217 6453 10388
Ch1: 21.719004 -0.363491 -24.313000 24.937500 218 6444 10339
Ch1: 21.620350 -5.878365 -24.313000 24.968750 219 6442 10293
Ch1: 21.519387 -3.350715 -24.313000 24.937500 220 6452 10243
Ch1: 21.415066 -1.282637 -24.313000 24.937500 221 6446 10194
Ch1: 21.314523 -3.580501 -24.313000 24.906250 222 6451 10147
Ch1: 21.220277 -1.971996 -24.313000 24.937500 223 6444 10102
Ch1: 21.109658 -2.891142 -24.313000 24.937500 224 6452 10048
Ch1: 21.012893 -1.971996 -24.313000 24.906250 225 6453 10003
Ch1: 20.913610 -0.823064 -24.313000 24.937500 226 6444 9955
Ch1: 20.811177 -2.201782 -24.313000 24.968750 227 6453 9906
Ch1: 20.711264 -6.108152 -24.313000 24.937500 228 6440 9862
Ch1: 20.609461 -6.797511 -24.313000 24.937500 229 6440 9815
Ch1: 20.508078 0.096082 -24.313000 24.937500 230 6452 9765
Ch1: 20.410474 -1.512423 -24.313000 24.937500 231 6448 9717
Ch1: 20.306782 -5.189006 -24.313000 24.937500 232 6444 9667
Ch1: 20.205819 0.555655 -24.313000 24.937500 233 6454 9619
Ch1: 20.106116 -0.363491 -24.313000 24.968750 234 6447 9570
Ch1: 20.005573 -3.580501 -24.313000 24.906250 235 6444 9523
Ch1: 19.903770 -1.742210 -24.313000 24.906250 236 6445 9474
Ch1: 19.800708 -2.431569 -24.313000 24.937500 237 6451 9425
Ch1: 19.700585 -1.512423 -24.313000 24.968750 238 6443 9377
Ch1: 19.605919 -1.282637 -24.313000 24.937500 239 6452 9332
Ch1: 19.492362 -1.971996 -24.313000 24.937500 240 6444 9277
Ch1: 19.393288 -1.052850 -24.313000 24.968750 241 6452 9231
Ch1: 19.295053 -0.363491 -24.313000 24.937500 242 6449 9184
Ch1: 19.193251 -4.499647 -24.313000 24.937500 243 6445 9135
Ch1: 19.092918 -2.661355 -24.313000 24.937500 244 6440 9092
Ch1: 18.991115 -4.499647 -24.313000 24.937500 245 6442 9044
Ch1: 18.890152 -5.648579 -24.313000 24.968750 246 6449 8994
Ch1: 18.790868 -0.593277 -24.313000 24.937500 247 6448 8946
Ch1: 18.688226 -4.499647 -24.313000 24.968750 248 6450 8895
Ch1: 18.587893 -0.593277 -24.313000 24.937500 249 6445 8848
Ch1: 18.486300 -3.350715 -24.313000 24.906250 250 6451 8799
Ch1: 18.387646 -1.052850 -24.313000 24.968750 251 6443 8752
Ch1: 18.284584 -0.363491 -24.313000 24.937500 252 6453 8703
Ch1: 18.181522 -2.201782 -24.313000 24.937500 253 6446 8653
Ch1: 18.079719 -0.593277 -24.313000 24.937500 254 6453 8605
Ch1: 17.985893 -2.891142 -24.313000 24.968750 255 6445 8560
Ch1: 17.874225 -1.512423 -24.313000 24.937500 256 6447 8506
Ch1: 17.775991 -4.959220 -24.313000 24.968750 257 6447 8461
Ch1: 17.677757 0.785441 -24.313000 24.937500 258 6448 8414
Ch1: 17.575324 -5.648579 -24.313000 24.937500 259 6451 8364
Ch1: 17.473732 1.704587 -24.313000 24.937500 260 6446 8317
Ch1: 17.373818 -7.946443 -24.313000 24.937500 261 6442 8274
Ch1: 17.273065 -3.120928 -24.313000 24.968750 262 6446 8224
Ch1: 17.173991 -4.269860 -24.313000 24.937500 263 6453 8175
Ch1: 17.071139 -0.593277 -24.313000 24.937500 264 6443 8126
Ch1: 16.970596 -2.201782 -24.313000 24.968750 265 6454 8077
Ch1: 16.867954 1.015227 -24.313000 24.937500 266 6443 8029
Ch1: 16.768670 0.555655 -24.313000 24.937500 267 6444 7981
Ch1: 16.665818 -1.052850 -24.313000 24.937500 268 6445 7931
Ch1: 16.561077 0.325868 -24.313000 24.937500 269 6451 7881
Ch1: 16.461163 -1.742210 -24.313000 25.000000 270 6447 7834
Ch1: 16.368806 2.164160 -24.313000 24.968750 271 6450 7790
Ch1: 16.257768 -0.823064 -24.313000 24.968750 272 6450 7736
Ch1: 16.159324 2.393946 -24.313000 25.000000 273 6450 7690
Ch1: 16.060670 -1.742210 -24.313000 24.937500 274 6450 7643
Ch1: 15.957398 -0.363491 -24.313000 24.968750 275 6446 7594
Ch1: 15.857275 0.325868 -24.313000 24.937500 276 6442 7550
Ch1: 15.756521 -5.189006 -24.313000 24.937500 277 6441 7503
Ch1: 15.655139 -2.661355 -24.313000 24.968750 278 6453 7454
Ch1: 15.556065 -1.282637 -24.313000 24.937500 279 6443 7404
Ch1: 15.453213 -0.823064 -24.313000 24.968750 280 6453 7354
Ch1: 15.352670 2.853519 -24.313000 24.968750 281 6450 7305
Ch1: 15.251497 3.313092 -24.313000 24.968750 282 6445 7257
Ch1: 15.151373 -0.823064 -24.313000 24.937500 283 6451 7210
Ch1: 15.048101 -0.363491 -24.313000 24.937500 284 6443 7160
Ch1: 14.946089 -0.363491 -24.313000 24.968750 285 6451 7111
Ch1: 14.844496 0.555655 -24.313000 24.937500 286 6444 7064
Ch1: 14.750250 -1.742210 -24.313000 24.968750 287 6452 7019
Ch1: 14.640471 1.245014 -24.313000 25.000000 288 6445 6965
Ch1: 14.542657 -1.971996 -24.313000 24.906250 289 6453 6920
Ch1: 14.444003 0.555655 -24.313000 24.968750 290 6444 6873
Ch1: 14.341570 -2.661355 -24.313000 24.968750 291 6449 6824
Ch1: 14.241867 -1.052850 -24.313000 24.968750 292 6442 6781
Ch1: 14.140274 0.325868 -24.313000 24.968750 293 6443 6733
Ch1: 14.038262 1.245014 -24.313000 24.937500 294 6455 6683
Ch1: 13.940027 -1.971996 -24.313000 25.000000 295 6443 6634
Ch1: 13.836336 2.853519 -24.313000 24.937500 296 6453 6584
Ch1: 13.736003 0.555655 -24.313000 25.000000 297 6445 6536
Ch1: 13.633570 3.313092 -24.313000 24.968750 298 6452 6487
Ch1: 13.534916 -1.512423 -24.313000 24.968750 299 6447 6439
Ch1: 13.430805 0.555655 -24.313000 24.937500 300 6451 6390
Ch1: 13.330471 -3.120928 -24.313000 24.937500 301 6450 6341
Ch1: 13.226990 2.393946 -24.313000 24.968750 302 6450 6293
Ch1: 13.133163 -1.052850 -24.313000 24.937500 303 6453 6249
Ch1: 13.025274 2.853519 -24.313000 24.937500 304 6445 6195
Ch1: 12.925360 -2.661355 -24.313000 24.937500 305 6452 6151
Ch1: 12.825027 2.393946 -24.313000 24.937500 306 6444 6101
Ch1: 12.724274 0.555655 -24.313000 24.937500 307 6455 6052
Ch1: 12.621422 -0.363491 -24.313000 24.937500 308 6443 6004
Ch1: 12.520039 -2.891142 -24.313000 24.937500 309 6440 5961
Ch1: 12.419706 -1.052850 -24.313000 24.968750 310 6443 5913
Ch1: 12.320212 -3.120928 -24.313000 24.968750 311 6454 5864
Ch1: 12.218619 0.325868 -24.313000 24.937500 312 6444 5813
Ch1: 12.116817 -3.580501 -24.313000 24.906250 313 6454 5764
Ch1: 12.013125 2.164160 -24.313000 24.968750 314 6444 5715
Ch1: 11.914051 -0.593277 -24.313000 24.937500 315 6453 5667
Ch1: 11.810989 2.393946 -24.313000 24.968750 316 6444 5618
Ch1: 11.709187 0.096082 -24.313000 24.968750 317 6453 5569
Ch1: 11.609063 -0.823064 -24.313000 24.968750 318 6444 5521
Ch1: 11.513558 1.015227 -24.313000 24.968750 319 6454 5476
Ch1: 11.405038 -0.363491 -24.313000 24.968750 320 6443 5424
Ch1: 11.304705 1.704587 -24.313000 24.968750 321 6454 5377
Ch1: 11.207730 -0.363491 -24.313000 24.968750 322 6444 5330
Ch1: 11.103409 1.015227 -24.313000 24.937500 323 6453 5281
Ch1: 11.005174 -2.431569 -24.313000 24.968750 324 6441 5238
Ch1: 10.912188 -1.512423 -24.313000 24.937500 325 6449 5193
Ch1: 10.813114 -8.865589 -24.313000 24.906250 326 6439 5149
Ch1: 10.713200 -0.133705 -24.313000 24.937500 327 6452 5099
Ch1: 10.611608 -8.865589 -24.313000 24.968750 328 6445 5049
Ch1: 10.510435 0.325868 -24.313000 24.937500 329 6446 4999
Ch1: 10.408422 -5.878365 -24.313000 24.937500 330 6443 4950
Ch1: 10.306410 -1.742210 -24.313000 24.968750 331 6450 4901
Ch1: 10.202298 -0.823064 -24.313000 24.937500 332 6447 4851
Ch1: 10.099236 0.325868 -24.313000 24.968750 333 6443 4803
Ch1: 9.999113 -2.431569 -24.313000 24.937500 334 6452 4755
Ch1: 9.903398 -0.133705 -24.313000 24.906250 335 6448 4710
Ch1: 9.792149 -0.133705 -24.313000 24.937500 336 6453 4656
Ch1: 9.691606 -0.823064 -24.313000 24.968750 337 6445 4608
Ch1: 9.592742 1.245014 -24.313000 24.968750 338 6453 4561
Ch1: 9.489890 1.245014 -24.313000 24.937500 339 6448 4512
Ch1: 9.389767 -3.350715 -24.313000 24.937500 340 6446 4464
Ch1: 9.287334 -0.593277 -24.313000 24.968750 341 6442 4420
Ch1: 9.186581 -3.580501 -24.313000 24.968750 342 6446 4374
Ch1: 9.087298 -0.363491 -24.313000 24.968750 343 6449 4324
Ch1: 8.986335 -7.027297 -24.313000 24.968750 344 6445 4274
Ch1: 8.885372 2.393946 -24.313000 24.968750 345 6450 4226
Ch1: 8.784409 -2.661355 -24.313000 24.937500 346 6451 4176
Ch1: 8.683236 1.934373 -24.313000 24.968750 347 6446 4128
Ch1: 8.599065 -11.623026 -24.313000 24.968750 348 6444 4105
Ch1: 8.526019 -13.920890 -24.313000 24.968750 349 6437 4058
Ch1: 8.434921 -23.342133 -24.313000 24.937500 350 6449 4004
Ch1: 8.326822 -15.069822 -24.313000 24.968750 351 6439 3953
Ch1: 8.199831 -10.474094 -24.313000 24.968750 352 6444 3895
Ch1: 8.114191 -15.069822 -24.313000 24.937500 353 6440 3853
Ch1: 8.004832 -10.244307 -24.313000 24.968750 354 6446 3800
Ch1: 7.884558 -2.661355 -24.313000 24.968750 355 6447 3746
Ch1: 7.775828 -4.729433 -24.313000 24.937500 356 6442 3700
Ch1: 7.679064 -4.729433 -24.313000 24.937500 357 6433 3655
Ch1: 7.576002 -6.567725 -24.313000 24.968750 358 6442 3612
Ch1: 7.474619 -2.201782 -24.313000 24.968750 359 6444 3554
Ch1: 7.382891 -9.095375 -24.313000 24.968750 360 6443 3509
Ch1: 7.272483 -4.959220 -24.313000 24.937500 361 6450 3456
Ch1: 7.166272 4.921597 -24.313000 24.968750 362 6453 3406
Ch1: 7.068668 0.555655 -24.313000 24.906250 363 6445 3359
Ch1: 6.965396 -2.431569 -24.313000 24.906250 364 6450 3309
Ch1: 6.864223 -1.512423 -24.313000 25.000000 365 6455 3260
Ch1: 6.762840 -1.742210 -24.313000 24.937500 366 6444 3212
Ch1: 6.670483 -2.201782 -24.313000 24.937500 367 6452 3169
Ch1: 6.556506 -1.282637 -24.313000 25.031250 368 6443 3114
Ch1: 6.458062 0.325868 -24.313000 24.906250 369 6452 3068
Ch1: 6.359198 2.853519 -24.313000 24.937500 370 6448 3020
Ch1: 6.257606 -6.337938 -24.313000 24.937500 371 6448 2971
Ch1: 6.156852 5.151383 -24.313000 24.968750 372 6454 2924
Ch1: 6.055680 0.325868 -24.313000 24.968750 373 6449 2882
Ch1: 5.955976 0.555655 -24.313000 24.968750 374 6444 2833
Ch1: 5.857532 -5.189006 -24.313000 24.937500 375 6449 2784
Ch1: 5.754050 -0.823064 -24.313000 24.968750 376 6451 2735
Ch1: 5.654347 0.785441 -24.313000 25.000000 377 6444 2685
Ch1: 5.553593 -2.201782 -24.313000 25.000000 378 6447 2637
Ch1: 5.454100 -4.959220 -24.313000 24.937500 379 6443 2590
Ch1: 5.351248 1.245014 -24.313000 24.937500 380 6454 2540
Ch1: 5.249655 -1.282637 -24.313000 24.968750 381 6444 2491
Ch1: 5.149532 1.015227 -24.313000 24.937500 382 6449 2443
Ch1: 5.059484 0.096082 -24.313000 24.937500 383 6451 2401
Ch1: 4.949495 -1.742210 -24.313000 24.968750 384 6444 2348
Ch1: 4.852310 1.245014 -24.313000 24.968750 385 6452 2303
Ch1: 4.755125 -2.891142 -24.313000 24.968750 386 6445 2256
Ch1: 4.654162 0.555655 -24.313000 24.968750 387 6453 2207
Ch1: 4.556558 -4.959220 -24.313000 24.937500 388 6435 2167
Ch1: 4.453076 1.245014 -24.313000 24.968750 389 6448 2118
Ch1: 4.354632 -3.350715 -24.313000 24.968750 390 6442 2069
Ch1: 4.255768 -4.040074 -24.313000 25.000000 391 6446 2020
Ch1: 4.156274 -2.661355 -24.313000 24.937500 392 6443 1973
Ch1: 4.052792 -3.580501 -24.313000 24.968750 393 6449 1923
Ch1: 3.954768 1.934373 -24.313000 24.937500 394 6446 1875
Ch1: 3.855484 0.096082 -24.313000 24.968750 395 6450 1828
Ch1: 3.754731 -0.363491 -24.313000 24.937500 396 6443 1779
Ch1: 3.654398 -0.363491 -24.313000 24.968750 397 6452 1731
Ch1: 3.554904 -2.201782 -24.313000 24.937500 398 6445 1683
Ch1: 3.462128 -1.282637 -24.313000 24.968750 399 6451 1640
Ch1: 3.357596 0.096082 -24.313000 25.000000 400 6445 1590
Ch1: 3.259992 -1.742210 -24.313000 24.968750 401 6449 1545
Ch1: 3.163856 -1.052850 -24.313000 24.937500 402 6453 1497
Ch1: 3.065622 2.853519 -24.313000 24.968750 403 6454 1454
Ch1: 3.002861 -1.512423 -24.313000 24.968750 404 6444 1432
Ch1: 2.976414 -4.269860 -24.313000 24.968750 405 6443 1418
Ch1: 2.965499 -2.431569 -24.313000 24.968750 406 6448 1412
Ch1: 2.957523 -0.593277 -24.313000 24.968750 407 6445 1409
Ch1: 2.952275 -3.120928 -24.313000 24.968750 408 6443 1406
Ch1: 2.949336 -1.052850 -24.313000 24.968750 409 6443 1405
