Ch1: 15.674618 36.471273 19.875000 22.968750 440 6464 7511
Ch1: 15.856141 36.218508 19.875000 22.968750 439 6464 7554
Ch1: 15.956076 38.447436 19.875000 22.968750 438 6462 7601
Ch1: 16.058235 37.206589 19.875000 22.968750 437 6469 7649
Ch1: 16.161969 37.735098 19.937000 22.968750 436 6469 7698
Ch1: 16.262575 38.516372 19.875000 22.937500 435 6455 7756
Ch1: 16.365931 36.241486 19.937000 22.937500 434 6459 7800
Ch1: 16.466600 37.849991 19.937000 23.000000 433 6461 7845
Ch1: 16.564015 38.171692 19.937000 22.968750 432 6469 7890
Ch1: 16.676313 37.551269 19.937000 23.000000 431 6467 7943
Ch1: 16.769048 38.470415 19.937000 22.968750 430 6461 7987
Ch1: 16.869759 39.044881 19.937000 22.968750 429 6466 8037
Ch1: 16.973472 39.067859 19.937000 23.000000 428 6470 8091
Ch1: 17.077310 38.861052 19.937000 23.000000 427 6471 8136
Ch1: 17.176426 40.975087 19.937000 23.000000 426 6468 8182
Ch1: 17.278691 41.595510 19.937000 22.968750 425 6468 8230
Ch1: 17.381795 40.768279 19.937000 22.968750 424 6458 8282
Ch1: 17.485528 40.975087 19.937000 22.968750 423 6464 8329
Ch1: 17.586197 41.181894 19.937000 23.000000 422 6461 8384
Ch1: 17.687916 40.561471 19.937000 22.968750 421 6467 8428
Ch1: 17.791797 41.549553 20.000000 22.937500 420 6469 8476
Ch1: 17.892256 41.503595 20.000000 22.968750 419 6470 8523
Ch1: 17.994541 41.549553 20.000000 22.968750 418 6464 8571
Ch1: 18.094811 42.445720 19.937000 22.937500 417 6467 8619
Ch1: 18.193151 41.021044 19.937000 22.968750 416 6469 8672
Ch1: 18.306876 43.433801 20.000000 22.968750 415 6471 8723
Ch1: 18.399841 44.559755 20.000000 22.968750 414 6472 8765
Ch1: 18.500909 43.020186 20.000000 22.937500 413 6466 8812
Ch1: 18.604328 44.467840 20.000000 22.968750 412 6471 8862
Ch1: 18.707705 43.548695 19.937000 22.968750 411 6466 8911
Ch1: 18.807409 43.456780 20.000000 22.968750 410 6469 8968
Ch1: 18.909127 44.720605 20.000000 22.968750 409 6464 9010
Ch1: 19.011098 44.467840 20.000000 22.968750 408 6465 9056
Ch1: 19.113740 46.558897 20.000000 22.937500 407 6463 9104
Ch1: 19.213255 45.295071 20.000000 22.906250 406 6463 9153
Ch1: 19.315918 46.696769 20.000000 22.968750 405 6471 9201
Ch1: 19.420029 46.558897 20.000000 22.937500 404 6464 9261
Ch1: 19.521223 47.455064 20.000000 22.968750 403 6466 9301
Ch1: 19.623823 47.914637 20.000000 22.968750 402 6473 9349
Ch1: 19.724702 48.971654 20.000000 22.968750 401 6469 9396
Ch1: 19.822496 48.856761 20.000000 22.968750 400 6473 9442
Ch1: 19.933996 49.063569 20.000000 22.937500 399 6472 9496
Ch1: 20.027381 49.477184 19.937000 22.968750 398 6469 9548
Ch1: 20.126623 49.661014 20.000000 23.000000 397 6467 9591
Ch1: 20.229958 51.430369 20.000000 22.937500 396 6475 9637
Ch1: 20.333440 51.108668 20.000000 23.000000 395 6476 9686
Ch1: 20.433521 52.050792 19.937000 22.968750 394 6469 9733
Ch1: 20.534694 52.694194 19.937000 22.968750 393 6476 9781
Ch1: 20.636602 52.923981 20.000000 23.000000 392 6465 9839
Ch1: 20.739957 54.647379 19.937000 22.968750 391 6468 9881
Ch1: 20.837730 56.853329 19.937000 22.968750 390 6469 9926
Ch1: 20.938567 56.761414 19.937000 23.031250 389 6472 9974
Ch1: 21.042636 57.979282 19.937000 23.000000 388 6481 10023
Ch1: 21.143390 58.323962 19.937000 22.968750 387 6475 10071
Ch1: 21.246619 58.875449 19.937000 22.968750 386 6476 10129
Ch1: 21.346428 60.736719 19.937000 23.031250 385 6478 10171
Ch1: 21.443592 59.679702 19.937000 23.031250 384 6472 10215
Ch1: 21.554651 61.472036 19.937000 23.031250 383 6475 10268
Ch1: 21.647827 63.264370 19.937000 23.031250 382 6472 10312
Ch1: 21.747740 63.769900 19.937000 23.000000 381 6472 10359
Ch1: 21.851684 63.792879 19.937000 23.031250 380 6471 10416
Ch1: 21.953969 65.194576 19.937000 23.093750 379 6482 10459
Ch1: 22.052476 65.700106 19.937000 23.062500 378 6473 10506
Ch1: 22.153943 67.308611 19.937000 23.093750 377 6480 10553
Ch1: 22.254570 67.768184 19.937000 23.062500 376 6484 10601
Ch1: 22.358262 67.837120 19.937000 23.031250 375 6480 10651
Ch1: 22.458490 67.974992 19.937000 23.062500 374 6474 10705
Ch1: 22.557837 72.846464 19.937000 23.093750 373 6484 10748
Ch1: 22.660332 75.052413 19.937000 23.062500 372 6487 10796
Ch1: 22.762303 73.214122 19.937000 23.031250 371 6476 10843
Ch1: 22.865637 75.971559 19.937000 23.062500 370 6483 10892
Ch1: 22.964900 75.948580 19.937000 23.062500 369 6478 10940
Ch1: 23.061455 77.051555 19.937000 23.062500 368 6479 10994
Ch1: 23.178224 80.268565 19.937000 23.031250 367 6488 11043
Ch1: 23.270287 82.244728 19.937000 23.062500 366 6483 11085
Ch1: 23.370599 81.670262 19.937000 23.062500 365 6478 11134
Ch1: 23.472402 83.876212 19.937000 23.062500 364 6479 11181
Ch1: 23.580061 83.508554 19.937000 23.062500 363 6488 11232
Ch1: 23.680352 83.278767 19.937000 23.062500 362 6474 11289
Ch1: 23.779111 86.587692 19.937000 23.093750 361 6482 11329
Ch1: 23.879381 86.036204 19.937000 23.062500 360 6487 11376
Ch1: 23.981772 88.471941 19.937000 23.093750 359 6488 11424
Ch1: 24.080426 89.942574 19.937000 23.093750 358 6482 11472
Ch1: 24.181179 90.769805 19.937000 23.062500 357 6487 11518
Ch1: 24.282645 95.710213 19.937000 23.062500 356 6491 11576
Ch1: 24.383189 98.743394 19.937000 23.093750 355 6495 11619
Ch1: 24.487216 99.065095 19.937000 23.125000 354 6487 11667
Ch1: 24.587591 97.870205 19.937000 23.062500 353 6495 11713
Ch1: 24.684293 98.674458 19.937000 23.062500 352 6486 11760
Ch1: 24.798732 96.629359 19.937000 23.093750 351 6489 11812
Ch1: 24.891362 97.456590 19.937000 23.093750 350 6484 11866
Ch1: 24.992850 97.157867 19.937000 23.062500 349 6494 11909
Ch1: 25.094904 99.524668 19.937000 23.093750 348 6486 11956
Ch1: 25.196791 103.454015 19.937000 23.093750 347 6490 12003
Ch1: 25.293430 110.232715 19.937000 23.093750 346 6492 12049
Ch1: 25.390509 118.229283 19.937000 23.093750 345 6504 12095
Ch1: 25.485427 128.454778 19.937000 23.125000 344 6495 12147
Ch1: 25.581500 140.265801 19.937000 23.093750 343 6514 12189
Ch1: 25.672219 156.052128 19.937000 23.093750 342 6517 12231
Ch1: 25.772741 172.642708 19.937000 23.062500 341 6520 12274
Ch1: 25.855968 192.151575 19.937000 23.093750 340 6536 12317
Ch1: 25.946792 211.040019 20.000000 23.093750 339 6535 12361
Ch1: 26.037134 233.214409 19.937000 23.093750 338 6541 12410
Ch1: 26.122774 260.260271 19.937000 23.062500 337 6565 12448
Ch1: 26.206001 283.790401 19.937000 23.093750 336 6576 12484
Ch1: 26.302031 317.913685 19.937000 23.062500 335 6583 12529
Ch1: 26.377680 350.497400 19.937000 23.062500 334 6605 12565
Ch1: 26.459563 383.540688 19.937000 23.031250 333 6621 12604
Ch1: 26.543041 417.870780 19.937000 23.062500 332 6632 12648
Ch1: 26.625742 454.705544 19.937000 23.031250 331 6646 12688
Ch1: 26.704036 495.101997 19.937000 23.062500 330 6669 12723
Ch1: 26.782434 535.406536 19.937000 23.093750 329 6687 12759
Ch1: 26.861756 576.768092 19.937000 23.093750 328 6701 12798
Ch1: 26.941666 617.210503 19.937000 23.031250 327 6707 12836
Ch1: 27.019876 655.056327 19.937000 23.031250 326 6728 12875
Ch1: 27.096805 700.117445 19.937000 23.062500 325 6759 12910
Ch1: 27.171047 751.015138 19.937000 23.031250 324 6781 12945
Ch1: 27.245793 798.994543 19.937000 23.062500 323 6806 12979
Ch1: 27.319847 851.316912 19.937000 23.062500 322 6818 13014
Ch1: 27.391529 904.443533 19.937000 23.093750 321 6844 13050
Ch1: 27.458508 957.064624 19.937000 23.031250 320 6862 13082
Ch1: 27.537641 1017.268668 19.937000 23.031250 319 6886 13122
Ch1: 27.604118 1068.005510 19.937000 23.031250 318 6910 13151
Ch1: 27.673343 1124.211269 19.937000 23.031250 317 6934 13184
Ch1: 27.743199 1183.312338 19.937000 23.031250 316 6967 13216
Ch1: 27.812613 1247.698494 19.937000 23.000000 315 6992 13249
Ch1: 27.878397 1310.108487 19.937000 23.062500 314 7013 13281
Ch1: 27.946594 1374.172942 19.937000 23.031250 313 7052 13317
Ch1: 28.013385 1438.168461 19.937000 23.031250 312 7077 13347
Ch1: 28.077972 1510.068633 19.937000 23.031250 311 7111 13376
Ch1: 28.147491 1577.373077 19.937000 23.093750 310 7137 13406
Ch1: 28.204564 1644.976243 19.937000 23.062500 309 7169 13436
Ch1: 28.269508 1714.073021 19.937000 23.031250 308 7195 13466
Ch1: 28.334095 1784.272773 19.937000 23.093750 307 7232 13503
Ch1: 28.396729 1858.677617 19.937000 23.093750 306 7264 13530
Ch1: 28.457517 1934.553095 19.937000 23.093750 305 7285 13556
Ch1: 28.515177 2006.338374 19.937000 23.062500 304 7319 13586
Ch1: 28.580625 2096.115930 19.937000 23.093750 303 7350 13616
Ch1: 28.636459 2167.855251 19.937000 23.125000 302 7387 13642
Ch1: 28.691621 2251.014958 19.937000 23.062500 301 7419 13672
Ch1: 28.752933 2330.498082 19.937000 23.125000 300 7461 13699
Ch1: 28.809082 2421.056912 19.937000 23.125000 299 7507 13725
Ch1: 28.864727 2504.124705 19.937000 23.156250 298 7530 13751
Ch1: 28.919533 2593.442688 19.937000 23.125000 297 7575 13778
Ch1: 28.979019 2682.415991 19.937000 23.125000 296 7612 13805
Ch1: 29.029165 2768.930580 19.937000 23.125000 295 7646 13835
Ch1: 29.080822 2857.949841 19.937000 23.093750 294 7691 13855
Ch1: 29.134116 2948.784414 19.937000 23.093750 293 7729 13882
Ch1: 29.184702 3050.051291 19.937000 23.125000 292 7772 13902
Ch1: 29.232707 3148.170095 19.937000 23.125000 291 7821 13925
Ch1: 29.283314 3249.023356 19.937000 23.156250 290 7866 13954
Ch1: 29.333166 3345.372804 19.937000 23.156250 289 7892 13978
Ch1: 29.384886 3444.893304 19.937000 23.125000 288 7943 14000
Ch1: 29.434570 3549.331234 19.937000 23.156250 287 7995 14024
Ch1: 29.478524 3644.531750 19.937000 23.156250 286 8033 14042
Ch1: 29.522498 3751.796053 19.937000 23.156250 285 8085 14066
Ch1: 29.572329 3855.751431 19.937000 23.187500 284 8132 14090
Ch1: 29.620250 3962.165524 85.000000 23.187500 283 8161 14114
Ch1: 29.665756 4065.615372 19.937000 23.187500 282 8215 14133
Ch1: 29.712900 4170.627768 19.937000 23.156250 281 8259 14154
Ch1: 29.755657 4280.534615 19.937000 23.156250 280 8308 14175
Ch1: 29.797722 4398.989517 19.937000 23.187500 279 8363 14195
Ch1: 29.839366 4508.597641 19.937000 23.187500 278 8414 14217
Ch1: 29.882061 4620.733416 19.937000 23.187500 277 8459 14239
Ch1: 29.923915 4737.671727 19.937000 23.187500 276 8514 14254
Ch1: 29.964573 4854.265359 19.937000 23.218750 275 8563 14273
Ch1: 30.003027 4980.027469 19.937000 23.187500 274 8609 14293
Ch1: 30.042321 5094.415151 19.937000 23.187500 273 8659 14313
Ch1: 30.080103 5205.608802 20.000000 23.156250 272 8714 14334
Ch1: 30.125568 5337.735996 19.937000 23.218750 271 8770 14353
Ch1: 30.160076 5455.547495 20.000000 23.187500 270 8829 14370
Ch1: 30.197649 5577.793873 19.937000 23.187500 269 8871 14385
Ch1: 30.235641 5703.739812 20.000000 23.187500 268 8932 14403
Ch1: 30.273864 5830.903619 20.000000 23.187500 267 8977 14422
Ch1: 30.309254 5953.012125 20.000000 23.187500 266 9041 14442
Ch1: 30.344244 6079.049979 19.937000 23.156250 265 9077 14458
Ch1: 30.378269 6207.086975 20.000000 23.156250 264 9162 14473
Ch1: 30.414520 6338.180130 20.000000 23.125000 263 9210 14489
Ch1: 30.448713 6464.103090 20.000000 23.187500 262 9263 14507
Ch1: 30.481583 6597.976661 20.000000 23.187500 261 9311 14525
Ch1: 30.514895 6730.724278 20.000000 23.187500 260 9370 14536
Ch1: 30.547556 6864.827636 20.000000 23.156250 259 9438 14555
Ch1: 30.579587 7003.480764 20.000000 23.187500 258 9504 14566
Ch1: 30.610820 7136.779869 20.000000 23.156250 257 9563 14586
Ch1: 30.641466 7261.370068 20.000000 23.187500 256 9604 14600
Ch1: 30.677233 7418.980576 20.000000 23.187500 255 9688 14612
Ch1: 30.705297 7549.545223 20.000000 23.156250 254 9737 14630
Ch1: 30.733487 7687.348141 20.000000 23.156250 253 9794 14638
Ch1: 30.763419 7828.115305 20.000000 23.156250 252 9849 14658
Ch1: 30.792721 7974.719044 20.000000 23.125000 251 9915 14671
Ch1: 30.823283 8108.477721 20.000000 23.156250 250 9978 14687
Ch1: 30.848429 8254.851673 20.000000 23.187500 249 10042 14698
Ch1: 30.878970 8391.183959 20.000000 23.187500 248 10101 14709
Ch1: 30.908084 8535.673663 20.000000 23.156250 247 10171 14724
Ch1: 30.937932 8675.958275 20.000000 23.156250 246 10228 14742
Ch1: 30.964694 8815.231826 20.000000 23.156250 245 10284 14747
Ch1: 30.991919 8964.018536 20.000000 23.125000 244 10342 14769
Ch1: 31.015533 9115.953320 20.000000 23.125000 243 10422 14772
Ch1: 31.043072 9262.809824 20.000000 23.156250 242 10485 14787
Ch1: 31.066791 9411.964192 20.000000 23.156250 241 10549 14802
Ch1: 31.093553 9545.401168 20.000000 23.125000 240 10597 14814
Ch1: 31.120484 9721.348633 20.000000 23.125000 239 10689 14823
Ch1: 31.141621 9860.024740 19.937000 23.093750 238 10738 14834
Ch1: 31.163661 10013.751858 20.000000 23.156250 237 10811 14848
Ch1: 31.186540 10166.950467 20.000000 23.187500 236 10873 14857
Ch1: 31.214772 10315.300583 20.000000 23.125000 235 10944 14871
Ch1: 31.237168 10466.224306 19.937000 23.156250 234 10999 14882
Ch1: 31.259481 10619.124193 19.937000 23.125000 233 11057 14894
Ch1: 31.284417 10769.404514 19.937000 23.156250 232 11141 14904
Ch1: 31.305345 10933.563936 20.000000 23.125000 231 11199 14917
Ch1: 31.325915 11084.326809 19.937000 23.125000 230 11274 14925
Ch1: 31.349025 11236.767123 19.937000 23.156250 229 11328 14935
Ch1: 31.372954 11392.240617 20.000000 23.125000 228 11403 14944
Ch1: 31.393986 11547.829005 19.937000 23.156250 227 11471 14955
Ch1: 31.415103 11709.162054 20.000000 23.218750 226 11550 14970
Ch1: 31.435715 11861.096838 20.000000 23.156250 225 11599 14977
Ch1: 31.452528 12016.846076 20.000000 23.156250 224 11681 14985
Ch1: 31.473057 12198.308415 19.937000 23.156250 223 11754 14994
Ch1: 31.491528 12343.556414 20.000000 23.156250 222 11813 15003
Ch1: 31.510440 12504.544783 20.000000 23.187500 221 11894 15014
Ch1: 31.532585 12665.648045 20.000000 23.156250 220 11958 15021
Ch1: 31.552274 12827.279816 20.000000 23.187500 219 12025 15037
Ch1: 31.572235 12984.155008 20.000000 23.218750 218 12100 15042
Ch1: 31.588188 13149.670169 20.000000 23.156250 217 12157 15051
Ch1: 31.605568 13312.404915 20.000000 23.218750 216 12233 15056
Ch1: 31.625530 13473.048604 19.937000 23.218750 215 12304 15067
Ch1: 31.643182 13629.027629 20.000000 23.218750 214 12376 15077
Ch1: 31.661507 13790.889186 20.000000 23.187500 213 12448 15083
Ch1: 31.676809 13966.377078 20.000000 23.187500 212 12530 15092
Ch1: 31.695154 14125.596092 20.000000 23.218750 211 12588 15099
Ch1: 31.713122 14291.892527 20.000000 23.250000 210 12672 15105
Ch1: 31.729977 14453.018768 20.000000 23.218750 209 12735 15118
Ch1: 31.746370 14607.090565 19.937000 23.218750 208 12802 15125
Ch1: 31.764275 14796.204792 20.000000 23.250000 207 12894 15132
Ch1: 31.777940 14958.434008 20.000000 23.250000 206 12976 15136
Ch1: 31.793556 15119.284505 20.000000 23.218750 205 13026 15147
Ch1: 31.809236 15295.622607 20.000000 23.250000 204 13104 15151
Ch1: 31.822208 15469.708802 20.000000 23.281250 203 13187 15160
Ch1: 31.837216 15636.326938 20.000000 23.281250 202 13253 15169
Ch1: 31.852287 15803.565498 20.000000 23.218750 201 13320 15173
Ch1: 31.866581 15970.482356 20.000000 23.250000 200 13408 15183
Ch1: 31.880414 16146.544715 20.000000 23.250000 199 13477 15188
Ch1: 31.895737 16307.670955 20.000000 23.281250 198 13555 15196
Ch1: 31.908184 16486.054157 20.000000 23.250000 197 13622 15201
Ch1: 31.924220 16652.488464 20.000000 23.281250 196 13694 15206
Ch1: 31.936626 16823.173820 20.000000 23.281250 195 13764 15216
Ch1: 31.954509 16992.434500 20.000000 23.281250 194 13832 15224
Ch1: 31.966138 17163.096877 20.000000 23.250000 193 13922 15231
Ch1: 31.978774 17325.188221 20.000000 23.250000 192 13995 15233
Ch1: 31.993719 17508.213108 20.000000 23.281250 191 14075 15240
Ch1: 32.005851 17669.775943 20.000000 23.281250 190 14135 15250
Ch1: 32.032530 18014.938131 20.000000 23.281250 188 14282 15264
Ch1: 32.018928 17844.942134 20.000000 23.312500 189 14220 15254
Ch1: 32.005704 17676.278898 20.000000 23.281250 190 14141 15249
Ch1: 31.994034 17513.130537 20.000000 23.312500 191 14057 15246
Ch1: 31.977871 17331.461390 20.000000 23.281250 192 13993 15235
Ch1: 31.962926 17176.447468 20.000000 23.312500 193 13924 15226
Ch1: 31.947771 17011.070179 20.000000 23.281250 194 13859 15220
Ch1: 31.928272 16846.726928 20.000000 23.281250 195 13777 15212
Ch1: 31.917483 16670.848399 20.000000 23.250000 196 13715 15203
Ch1: 31.901362 16501.863463 20.000000 23.281250 197 13620 15200
Ch1: 31.889755 16325.203660 20.000000 23.281250 198 13547 15194
Ch1: 31.874411 16164.123376 20.062000 23.281250 199 13484 15188
Ch1: 31.855582 15997.482261 20.000000 23.281250 200 13411 15173
Ch1: 31.838916 15832.817310 20.000000 23.250000 201 13325 15169
Ch1: 31.820886 15671.691069 20.000000 23.218750 202 13277 15156
Ch1: 31.806004 15507.922284 20.000000 23.281250 203 13180 15154
Ch1: 31.790534 15337.076078 20.000000 23.250000 204 13123 15145
Ch1: 31.776365 15163.288605 20.000000 23.281250 205 13040 15141
Ch1: 31.764506 14989.960705 20.000000 23.250000 206 12966 15136
Ch1: 31.749729 14835.176570 20.000000 23.250000 207 12906 15122
Ch1: 31.728403 14651.761046 20.000000 23.250000 208 12819 15118
Ch1: 31.712891 14494.150538 20.000000 23.250000 209 12765 15107
Ch1: 31.696330 14332.564724 20.000000 23.250000 210 12686 15101
Ch1: 31.679034 14163.372980 20.000000 23.218750 211 12611 15093
Ch1: 31.661990 14000.890999 20.000000 23.218750 212 12539 15082
Ch1: 31.642658 13834.732436 20.000000 23.250000 213 12471 15075
Ch1: 31.629098 13663.564528 20.000000 23.250000 214 12408 15070
Ch1: 31.615643 13496.417883 20.000000 23.250000 215 12319 15058
Ch1: 31.596794 13332.786971 20.000000 23.250000 216 12245 15054
Ch1: 31.580694 13168.167976 20.000000 23.218750 217 12185 15043
Ch1: 31.560229 13012.901289 20.000000 23.250000 218 12121 15031
Ch1: 31.541401 12854.095891 20.000000 23.218750 219 12037 15027
Ch1: 31.524084 12685.685421 20.000000 23.250000 220 11969 15019
Ch1: 31.503702 12523.249398 20.000000 23.218750 221 11896 15008
Ch1: 31.483951 12368.005690 20.000000 23.218750 222 11839 14995
Ch1: 31.466172 12219.563659 20.000000 23.250000 223 11762 14989
Ch1: 31.444069 12035.366862 20.000000 23.218750 224 11698 14975
Ch1: 31.423352 11891.244816 20.000000 23.218750 225 11636 14969
Ch1: 31.406119 11728.739857 20.000000 23.250000 226 11555 14963
Ch1: 31.383428 11570.371054 20.000000 23.156250 227 11492 14948
Ch1: 31.361431 11418.206483 20.000000 23.250000 228 11408 14940
Ch1: 31.337796 11265.743191 20.000000 23.218750 229 11341 14929
Ch1: 31.315168 11108.890978 20.000000 23.250000 230 11273 14919
Ch1: 31.296319 10954.750244 20.000000 23.218750 231 11208 14910
Ch1: 31.272138 10799.828237 20.000000 23.250000 232 11146 14900
Ch1: 31.249658 10647.318987 20.000000 23.218750 233 11081 14889
Ch1: 31.226023 10498.417384 20.000000 23.281250 234 11016 14875
Ch1: 31.203962 10347.930255 20.000000 23.250000 235 10954 14867
Ch1: 31.179508 10191.123999 20.000000 23.250000 236 10882 14855
Ch1: 31.153816 10040.912613 20.000000 23.281250 237 10812 14843
Ch1: 31.126487 9898.927582 20.000000 23.250000 238 10753 14829
Ch1: 31.103041 9761.101685 20.000000 23.250000 239 10696 14815
Ch1: 31.075208 9587.727827 20.000000 23.281250 240 10618 14806
Ch1: 31.051090 9446.845771 20.000000 23.312500 241 10566 14793
Ch1: 31.027329 9297.737360 20.000000 23.281250 242 10486 14781
Ch1: 31.001280 9146.928530 20.000000 23.281250 243 10418 14769
Ch1: 30.976890 8997.774162 20.000000 23.281250 244 10382 14758
Ch1: 30.946034 8858.086994 20.000000 23.312500 245 10310 14742
Ch1: 30.920846 8709.277306 20.000000 23.312500 246 10241 14731
Ch1: 30.893747 8569.452267 20.000000 23.375000 247 10178 14715
Ch1: 30.864865 8423.101293 20.000000 23.343750 248 10114 14703
Ch1: 30.835961 8283.023489 20.000000 23.343750 249 10055 14688
Ch1: 30.806722 8139.613782 20.000000 23.312500 250 9993 14680
Ch1: 30.780043 7998.226195 20.000000 23.343750 251 9933 14667
Ch1: 30.749167 7858.401156 20.000000 23.281250 252 9868 14648
Ch1: 30.718710 7717.174419 20.000000 23.312500 253 9811 14635
Ch1: 30.688127 7581.991066 20.000000 23.343750 254 9748 14621
Ch1: 30.658783 7453.747262 20.000000 23.343750 255 9677 14606
Ch1: 30.623771 7300.364824 20.000000 23.343750 256 9626 14592
Ch1: 30.594868 7170.903153 20.000000 23.312500 257 9570 14574
Ch1: 30.564033 7037.098518 20.000000 23.343750 258 9508 14560
Ch1: 30.531414 6900.421553 20.000000 23.343750 259 9466 14543
Ch1: 30.498984 6769.098611 20.000000 23.375000 260 9395 14529
Ch1: 30.464371 6634.466745 20.000000 23.343750 261 9330 14513
Ch1: 30.431207 6503.879120 20.000000 23.406250 262 9280 14498
Ch1: 30.396930 6376.485527 20.000000 23.375000 263 9231 14485
Ch1: 30.361120 6244.151525 20.000000 23.406250 264 9158 14465
Ch1: 30.333833 6126.202153 20.000000 23.375000 265 9109 14451
Ch1: 30.290677 5987.709875 20.000000 23.343750 266 9050 14430
Ch1: 30.258352 5871.782624 20.000000 23.375000 267 8992 14416
Ch1: 30.218513 5735.886933 20.000000 23.375000 268 8952 14399
Ch1: 30.179051 5610.308652 20.000000 23.375000 269 8895 14377
Ch1: 30.142318 5488.498869 20.000000 23.375000 270 8835 14362
Ch1: 30.106530 5376.592880 20.000000 23.375000 271 8791 14344
Ch1: 30.064109 5238.422303 20.000000 23.343750 272 8724 14319
Ch1: 30.024605 5129.020987 20.000000 23.375000 273 8675 14302
Ch1: 29.985521 5013.139693 20.000000 23.343750 274 8612 14288
Ch1: 29.945724 4889.813319 20.000000 23.375000 275 8575 14269
Ch1: 29.904982 4775.931167 20.000000 23.375000 276 8535 14246
Ch1: 29.860168 4663.014118 20.000000 23.375000 277 8487 14223
Ch1: 29.817369 4546.811123 20.000000 23.375000 278 8423 14207
Ch1: 29.776900 4437.662572 20.000000 23.375000 279 8385 14185
Ch1: 29.737753 4333.569322 20.000000 23.375000 280 8342 14177
Ch1: 29.690042 4222.812265 20.000000 23.375000 281 8279 14141
Ch1: 29.644682 4106.586292 20.000000 23.375000 282 8234 14123
Ch1: 29.598546 4003.044529 20.000000 23.343750 283 8190 14103
Ch1: 29.556544 3898.859364 20.000000 23.406250 284 8147 14079
Ch1: 29.506168 3782.633391 20.000000 23.375000 285 8102 14055
Ch1: 29.459380 3680.975877 20.000000 23.375000 286 8043 14043
Ch1: 29.417715 3593.243420 20.000000 23.343750 287 8015 14013
Ch1: 29.359635 3477.890635 20.000000 23.343750 288 7954 13985
Ch1: 29.313498 3384.597347 20.000000 23.343750 289 7920 13963
Ch1: 29.265515 3288.270877 20.000000 23.375000 290 7877 13942
Ch1: 29.214026 3186.544427 20.000000 23.375000 291 7836 13915
Ch1: 29.164594 3086.610311 20.000000 23.375000 292 7793 13896
Ch1: 29.114154 2985.412370 20.000000 23.312500 293 7753 13871
Ch1: 29.061511 2895.336092 20.000000 23.343750 294 7710 13843
Ch1: 29.010609 2804.271732 20.000000 23.312500 295 7672 13819
Ch1: 28.955531 2709.530789 20.000000 23.343750 296 7628 13795
Ch1: 28.900201 2624.348962 20.000000 23.375000 297 7586 13765
Ch1: 28.845395 2535.835231 20.000000 23.343750 298 7554 13740
Ch1: 28.791241 2451.135955 20.000000 23.375000 299 7513 13718
Ch1: 28.732657 2362.507331 20.000000 23.312500 300 7485 13688
Ch1: 28.674031 2278.658265 20.000000 23.312500 301 7446 13658
Ch1: 28.616287 2198.991312 20.000000 23.312500 302 7396 13632
Ch1: 28.564210 2122.977963 20.000000 23.343750 303 7372 13606
Ch1: 28.497986 2034.648061 20.000000 23.312500 304 7330 13576
Ch1: 28.441522 1959.163221 20.000000 23.312500 305 7303 13553
Ch1: 28.381008 1884.344761 20.000000 23.312500 306 7271 13520
Ch1: 28.318289 1810.054810 20.000000 23.343750 307 7237 13490
Ch1: 28.256473 1740.475481 20.000000 23.312500 308 7198 13460
Ch1: 28.192348 1666.805953 20.000000 23.343750 309 7170 13431
Ch1: 28.128999 1596.077692 20.000000 23.281250 310 7150 13398
Ch1: 28.066175 1526.015811 20.000000 23.343750 311 7119 13373
Ch1: 28.001546 1455.839037 20.000000 23.281250 312 7086 13339
Ch1: 27.936057 1392.946493 20.000000 23.281250 313 7055 13307
Ch1: 27.869791 1325.940771 20.000000 23.312500 314 7025 13278
Ch1: 27.803651 1263.255035 20.000000 23.281250 315 6999 13246
Ch1: 27.732410 1202.775248 20.000000 23.312500 316 6967 13210
Ch1: 27.661820 1143.697158 20.000000 23.343750 317 6950 13180
Ch1: 27.592741 1084.182474 20.000000 23.312500 318 6922 13145
Ch1: 27.527881 1032.457550 20.000000 23.343750 319 6891 13113
Ch1: 27.449147 969.381177 20.000000 23.343750 320 6867 13075
Ch1: 27.380886 918.897099 20.000000 23.343750 321 6850 13042
Ch1: 27.310422 865.954307 20.000000 23.343750 322 6828 13010
Ch1: 27.236873 810.529822 20.000000 23.375000 323 6801 12980
Ch1: 27.162693 761.516377 20.000000 23.343750 324 6786 12940
Ch1: 27.091914 715.628028 20.000000 23.343750 325 6755 12901
Ch1: 27.007575 670.268188 20.000000 23.375000 326 6740 12865
Ch1: 26.932430 628.515995 20.000000 23.343750 327 6720 12828
Ch1: 26.851954 585.109339 20.000000 23.375000 328 6701 12790
Ch1: 26.774731 544.506078 20.000000 23.437500 329 6683 12758
Ch1: 26.694611 506.683233 20.000000 23.406250 330 6675 12716
Ch1: 26.616506 468.010178 20.000000 23.375000 331 6649 12679
Ch1: 26.533763 430.348183 20.000000 23.437500 332 6633 12640
Ch1: 26.448564 394.363629 20.000000 23.406250 333 6623 12598
Ch1: 26.367395 359.918644 20.000000 23.406250 334 6608 12560
Ch1: 26.289857 332.321294 20.000000 23.375000 335 6591 12529
Ch1: 26.193553 297.140992 20.000000 23.406250 336 6573 12478
Ch1: 26.111125 271.358956 20.000000 23.406250 337 6563 12438
Ch1: 26.021937 251.620302 20.000000 23.406250 338 6562 12395
Ch1: 25.933611 226.918261 20.000000 23.406250 339 6541 12353
Ch1: 25.844591 204.674935 20.000000 23.437500 340 6531 12311
Ch1: 25.751499 186.085214 20.000000 23.406250 341 6527 12274
Ch1: 25.661241 166.760175 20.000000 23.437500 342 6523 12226
Ch1: 25.571151 151.824058 20.000000 23.437500 343 6511 12181
Ch1: 25.474596 139.760270 20.000000 23.437500 344 6513 12135
Ch1: 25.378503 131.740724 20.000000 23.437500 345 6498 12090
Ch1: 25.282809 121.308421 20.000000 23.437500 346 6500 12042
Ch1: 25.184742 116.804607 20.000000 23.468750 347 6499 12004
Ch1: 25.083821 112.185900 20.000000 23.468750 348 6495 11951
Ch1: 24.980927 110.485480 20.000000 23.406250 349 6496 11899
Ch1: 24.881434 106.992726 20.000000 23.406250 350 6496 11851
Ch1: 24.789161 106.533154 20.000000 23.437500 351 6489 11807
Ch1: 24.677556 104.074439 20.000000 23.437500 352 6494 11753
Ch1: 24.581567 99.570625 20.000000 23.437500 353 6488 11708
Ch1: 24.480646 99.823390 20.000000 23.468750 354 6486 11666
Ch1: 24.377773 98.927223 20.000000 23.437500 355 6490 11613
Ch1: 24.277839 96.928081 20.000000 23.437500 356 6497 11565
Ch1: 24.175029 95.227661 20.000000 23.500000 357 6484 11515
Ch1: 24.073856 93.251498 20.000000 23.468750 358 6493 11466
Ch1: 23.974425 91.229378 20.000000 23.437500 359 6489 11419
Ch1: 23.871825 91.068527 20.000000 23.468750 360 6486 11378
Ch1: 23.771240 88.494919 20.000000 23.437500 361 6480 11325
Ch1: 23.670424 87.391944 20.000000 23.406250 362 6489 11274
Ch1: 23.568936 87.782581 20.000000 23.437500 363 6483 11226
Ch1: 23.468729 82.980045 20.000000 23.468750 364 6487 11179
Ch1: 23.364344 80.544309 20.000000 23.437500 365 6481 11129
Ch1: 23.265291 78.591124 20.000000 23.437500 366 6487 11090
Ch1: 23.173480 76.362196 20.000000 23.437500 367 6481 11039
Ch1: 23.054591 79.119633 20.000000 23.406250 368 6486 10981
Ch1: 22.957827 77.120491 20.000000 23.437500 369 6478 10934
Ch1: 22.857640 77.878786 20.000000 23.437500 370 6488 10887
Ch1: 22.755544 76.316239 20.000000 23.437500 371 6481 10838
Ch1: 22.655210 73.903481 20.000000 23.468750 372 6480 10798
Ch1: 22.551057 73.857524 20.000000 23.406250 373 6486 10743
Ch1: 22.449989 72.938378 20.000000 23.437500 374 6483 10693
Ch1: 22.350726 72.134126 20.000000 23.437500 375 6479 10646
Ch1: 22.249721 67.216696 20.000000 23.437500 376 6477 10598
Ch1: 22.149115 65.539255 20.000000 23.437500 377 6479 10550
Ch1: 22.048404 64.505217 20.000000 23.406250 378 6463 10511
Ch1: 21.949351 62.942669 20.000000 23.406250 379 6475 10458
Ch1: 21.845051 64.229473 20.000000 23.437500 380 6478 10406
Ch1: 21.742576 62.666925 20.000000 23.468750 381 6480 10356
Ch1: 21.642957 61.655865 20.000000 23.406250 382 6470 10308
Ch1: 21.548837 60.897570 20.000000 23.375000 383 6478 10264
Ch1: 21.437085 58.898428 20.000000 23.406250 384 6470 10217
Ch1: 21.340929 58.025239 20.000000 23.406250 385 6474 10169
Ch1: 21.240679 56.991200 20.000000 23.406250 386 6476 10118
Ch1: 21.137302 56.232905 20.000000 23.375000 387 6477 10068
Ch1: 21.036612 56.462692 20.000000 23.375000 388 6471 10020
Ch1: 20.933340 57.726517 20.000000 23.375000 389 6478 9970
Ch1: 20.834476 51.591219 20.000000 23.406250 390 6469 9924
Ch1: 20.735948 50.741010 20.000000 23.406250 391 6465 9882
Ch1: 20.632173 50.809946 20.000000 23.406250 392 6474 9829
Ch1: 20.531126 48.764846 20.000000 23.406250 393 6466 9779
Ch1: 20.429176 47.455064 20.000000 23.375000 394 6473 9730
Ch1: 20.328969 47.845701 20.000000 23.375000 395 6475 9682
Ch1: 20.225655 46.237196 20.000000 23.406250 396 6464 9633
Ch1: 20.121690 47.822722 20.000000 23.343750 397 6465 9592
Ch1: 20.021336 47.294213 20.000000 23.375000 398 6467 9538
Ch1: 19.928538 46.398046 20.000000 23.406250 399 6464 9493
Ch1: 19.818130 45.226136 20.000000 23.406250 400 6469 9438
Ch1: 19.721302 41.480617 20.000000 23.375000 401 6464 9392
Ch1: 19.622837 41.641467 20.000000 23.406250 402 6467 9347
Ch1: 19.520321 39.780197 20.000000 23.437500 403 6466 9306
Ch1: 19.418644 37.666162 20.000000 23.406250 404 6469 9251
Ch1: 19.314637 37.298504 20.000000 23.437500 405 6469 9200
Ch1: 19.213800 36.609145 20.000000 23.437500 406 6466 9151
Ch1: 19.115356 36.861910 20.000000 23.468750 407 6466 9104
Ch1: 19.010783 36.126593 20.000000 23.468750 408 6462 9054
Ch1: 18.909148 35.230426 20.000000 23.437500 409 6449 9015
Ch1: 18.806989 33.782772 20.000000 23.406250 410 6459 8960
Ch1: 18.707201 34.012558 20.000000 23.437500 411 6469 8911
Ch1: 18.603929 34.587024 20.000000 23.437500 412 6460 8860
Ch1: 18.498139 35.758935 20.000000 23.437500 413 6457 8810
Ch1: 18.404039 31.094270 20.000000 23.468750 414 6467 8762
Ch1: 18.306078 31.048313 20.000000 23.468750 415 6459 8722
Ch1: 18.191849 31.921502 20.000000 23.437500 416 6458 8669
Ch1: 18.094685 31.094270 20.000000 23.468750 417 6458 8620
Ch1: 17.994562 30.979377 20.000000 23.500000 418 6466 8571
Ch1: 17.890493 29.784488 20.000000 23.468750 419 6456 8520
Ch1: 17.788354 28.336833 20.000000 23.500000 420 6466 8472
Ch1: 17.682899 30.427890 20.000000 23.468750 421 6460 8421
Ch1: 17.582734 31.117249 20.000000 23.500000 422 6466 8380
Ch1: 17.482799 28.244919 20.000000 23.500000 423 6459 8329
Ch1: 17.378688 28.704492 20.000000 23.500000 424 6464 8277
Ch1: 17.277914 28.221940 20.000000 23.468750 425 6454 8230
Ch1: 17.175524 27.164923 20.000000 23.437500 426 6457 8179
Ch1: 17.074456 27.854282 20.000000 23.468750 427 6464 8132
Ch1: 16.971667 28.130026 20.000000 23.500000 428 6464 8092
Ch1: 16.867597 26.590457 20.000000 23.500000 429 6458 8036
Ch1: 16.772889 24.913016 20.000000 23.500000 430 6461 8003
Ch1: 16.677656 25.257695 20.000000 23.500000 431 6458 7941
Ch1: 16.570103 22.982810 20.000000 23.500000 432 6449 7904
Ch1: 16.467691 23.580254 20.000000 23.500000 433 6454 7839
Ch1: 16.373046 20.799839 20.000000 23.500000 434 6455 7820
Ch1: 16.264254 21.810899 20.000000 23.500000 435 6456 7746
Ch1: 16.158064 22.454301 20.000000 23.500000 436 6458 7696
Ch1: 16.053785 23.350468 20.000000 23.500000 437 6454 7645
Ch1: 15.953557 22.247493 20.000000 23.500000 438 6464 7597
