Ch1: 15.622226 -185.157733 19.937000 24.187500 371 6434 7121
Ch1: 15.044575 -18.011088 19.937000 24.093750 370 6443 7172
Ch1: 15.144027 -16.494498 19.937000 24.156250 369 6440 7214
Ch1: 15.243206 -19.160021 19.937000 24.156250 368 6443 7262
Ch1: 15.358694 -17.229815 19.937000 24.187500 367 6443 7320
Ch1: 15.451680 -17.597473 19.937000 24.125000 366 6437 7361
Ch1: 15.551573 -18.884277 19.937000 24.062500 365 6439 7411
Ch1: 15.654425 -18.057046 19.937000 24.187500 364 6434 7460
Ch1: 15.757487 -16.540455 19.937000 24.187500 363 6447 7511
Ch1: 15.864684 -20.194059 19.937000 24.093750 362 6435 7555
Ch1: 15.959392 -18.631512 19.937000 24.156250 361 6438 7603
Ch1: 16.066988 -19.987252 19.937000 24.156250 360 6434 7654
Ch1: 16.163837 -18.493640 19.937000 24.156250 359 6442 7699
Ch1: 16.263142 -17.183857 19.937000 24.187500 358 6437 7749
Ch1: 16.363769 -16.517477 19.937000 24.062500 357 6439 7798
Ch1: 16.466537 -17.298751 19.937000 24.187500 356 6431 7846
Ch1: 16.579401 -20.217038 19.937000 24.187500 355 6436 7894
Ch1: 16.672283 -16.563434 19.937000 24.187500 354 6439 7945
Ch1: 16.772868 -17.505558 19.937000 24.125000 353 6443 7995
Ch1: 16.869906 -16.218754 19.937000 24.156250 352 6443 8037
Ch1: 16.981973 -17.045985 19.937000 24.125000 351 6434 8091
Ch1: 17.075442 -17.827259 19.937000 24.125000 350 6440 8139
Ch1: 17.176447 -17.160879 19.937000 24.156250 349 6446 8183
Ch1: 17.280580 -18.057046 19.937000 24.156250 348 6445 8233
Ch1: 17.382697 -16.724284 19.937000 24.093750 347 6442 8284
Ch1: 17.484059 -17.597473 19.937000 24.000000 346 6441 8333
Ch1: 17.585694 -16.954071 19.937000 24.125000 345 6446 8378
Ch1: 17.686132 -17.988110 19.937000 24.093750 344 6437 8427
Ch1: 17.789425 -16.356626 19.937000 24.156250 343 6444 8479
Ch1: 17.889149 -17.551516 19.937000 24.093750 342 6434 8522
Ch1: 17.990217 -17.988110 19.937000 24.156250 341 6441 8572
Ch1: 18.093531 -16.517477 19.937000 24.156250 340 6442 8624
Ch1: 18.193465 -17.183857 19.937000 24.062500 339 6441 8667
Ch1: 18.297346 -16.057904 19.937000 24.031250 338 6435 8718
Ch1: 18.397553 -16.218754 19.937000 24.031250 337 6443 8768
Ch1: 18.493353 -16.862156 19.937000 24.093750 336 6440 8810
Ch1: 18.610478 -16.333648 19.937000 24.062500 335 6443 8867
Ch1: 18.704640 -17.275772 19.937000 24.156250 334 6432 8913
Ch1: 18.804659 -16.356626 19.937000 24.093750 333 6444 8962
Ch1: 18.908476 -15.667267 19.937000 24.093750 332 6445 9009
Ch1: 19.012336 -16.264712 19.937000 24.125000 331 6443 9058
Ch1: 19.112124 -17.528537 19.937000 24.125000 330 6445 9109
Ch1: 19.213695 -16.678327 19.937000 24.062500 329 6443 9153
Ch1: 19.313966 -17.666409 19.937000 24.000000 328 6441 9202
Ch1: 19.424080 -20.308953 19.937000 24.000000 327 6441 9254
Ch1: 19.516059 -17.114921 19.937000 24.093750 326 6445 9297
Ch1: 19.617463 -18.057046 19.937000 24.125000 325 6442 9346
Ch1: 19.721386 -17.137900 19.937000 24.125000 324 6437 9398
Ch1: 19.823000 -18.148960 19.937000 24.125000 323 6442 9447
Ch1: 19.926397 -18.654490 19.937000 24.156250 322 6444 9493
Ch1: 20.025912 -19.297892 19.937000 24.093750 321 6442 9542
Ch1: 20.122404 -19.458743 19.937000 24.031250 320 6435 9591
Ch1: 20.234996 -17.643430 19.937000 24.093750 319 6439 9640
Ch1: 20.329305 -19.412786 19.937000 24.093750 318 6434 9686
Ch1: 20.429575 -19.114063 19.937000 24.156250 317 6437 9736
Ch1: 20.532658 -17.804281 19.937000 24.187500 316 6443 9782
Ch1: 20.635888 -18.769384 19.937000 24.156250 315 6435 9831
Ch1: 20.735025 -19.251935 19.937000 24.156250 314 6438 9880
Ch1: 20.836156 -20.148102 19.937000 24.156250 313 6443 9929
Ch1: 20.935985 -19.941294 19.937000 24.156250 312 6436 9974
Ch1: 21.040537 -19.297892 19.937000 24.062500 311 6436 10026
Ch1: 21.138436 -19.734487 19.937000 24.062500 310 6445 10074
Ch1: 21.239378 -19.366828 19.937000 24.062500 309 6435 10118
Ch1: 21.342020 -19.228956 19.937000 24.187500 308 6432 10168
Ch1: 21.443466 -19.297892 19.937000 24.093750 307 6438 10219
Ch1: 21.546213 -18.815341 19.937000 24.062500 306 6444 10265
Ch1: 21.653200 -20.584696 19.937000 24.156250 305 6434 10314
Ch1: 21.742157 -17.919174 19.937000 24.218750 304 6443 10361
Ch1: 21.855504 -17.344708 19.937000 24.125000 303 6437 10414
Ch1: 21.948973 -17.896195 19.875000 24.093750 302 6444 10456
Ch1: 22.048131 -17.574494 19.937000 24.125000 301 6437 10505
Ch1: 22.150438 -18.240875 19.937000 24.187500 300 6444 10557
Ch1: 22.254675 -18.011088 19.937000 24.125000 299 6443 10602
Ch1: 22.354022 -19.297892 19.937000 24.125000 298 6438 10651
Ch1: 22.456538 -19.182999 19.937000 24.250000 297 6441 10704
Ch1: 22.556640 -19.734487 19.937000 24.093750 296 6445 10746
Ch1: 22.659031 -18.286832 19.937000 24.218750 295 6436 10795
Ch1: 22.757643 -18.447683 19.937000 24.250000 294 6435 10845
Ch1: 22.858585 -18.355768 19.937000 24.250000 293 6441 10890
Ch1: 22.962004 -19.550657 19.937000 24.187500 292 6443 10940
Ch1: 23.062421 -18.309811 19.937000 24.250000 291 6432 10990
Ch1: 23.165210 -18.585555 20.000000 24.250000 290 6441 11039
Ch1: 23.264913 -17.965131 19.937000 24.187500 289 6437 11084
Ch1: 23.360671 -18.057046 19.937000 24.250000 288 6437 11130
Ch1: 23.472990 -18.125982 19.937000 24.187500 287 6445 11187
Ch1: 23.566165 -17.068964 19.937000 24.250000 286 6440 11227
Ch1: 23.666184 -18.953213 20.000000 24.125000 285 6437 11276
Ch1: 23.770043 -17.643430 19.937000 24.093750 284 6439 11329
Ch1: 23.873399 -19.205978 20.000000 24.093750 283 6439 11373
Ch1: 23.972893 -18.631512 19.937000 24.250000 282 6445 11421
Ch1: 24.073919 -18.930234 19.937000 24.156250 281 6437 11472
Ch1: 24.175113 -19.596615 19.937000 24.125000 280 6428 11518
Ch1: 24.277902 -18.355768 20.000000 24.218750 279 6440 11566
Ch1: 24.377018 -18.263854 19.937000 24.187500 278 6436 11615
Ch1: 24.477624 -17.942153 19.937000 24.156250 277 6450 11665
Ch1: 24.581504 -18.700448 20.000000 24.156250 276 6438 11711
Ch1: 24.681208 -18.884277 19.937000 24.218750 275 6438 11759
Ch1: 24.784837 -18.493640 19.937000 24.093750 274 6440 11812
Ch1: 24.884519 -17.551516 19.937000 24.093750 273 6436 11856
Ch1: 24.980780 -18.401725 19.937000 24.187500 272 6441 11902
Ch1: 25.091945 -16.379605 20.000000 24.156250 271 6441 11956
Ch1: 25.183798 -11.117496 20.000000 24.062500 270 6445 11998
Ch1: 25.276784 0.739484 19.937000 24.156250 269 6443 12042
Ch1: 25.365132 23.993870 20.000000 24.062500 268 6462 12086
Ch1: 25.450940 56.049076 19.937000 24.093750 267 6479 12128
Ch1: 25.527702 92.102566 19.937000 24.093750 266 6486 12162
Ch1: 25.603770 133.877738 19.937000 24.125000 265 6509 12199
Ch1: 25.676354 180.754169 19.937000 24.031250 264 6523 12235
Ch1: 25.748120 234.432277 19.937000 24.062500 263 6554 12266
Ch1: 25.815226 288.363151 19.937000 24.093750 262 6572 12299
Ch1: 25.883108 347.533155 20.000000 24.062500 261 6597 12333
Ch1: 25.949017 411.069102 19.937000 24.093750 260 6627 12362
Ch1: 26.012093 476.604190 20.000000 24.093750 259 6656 12393
Ch1: 26.075504 546.620113 19.937000 23.968750 258 6685 12425
Ch1: 26.135159 616.613058 19.937000 24.000000 257 6720 12451
Ch1: 26.191077 686.238345 19.937000 24.031250 256 6746 12478
Ch1: 26.257238 774.591225 19.937000 24.031250 255 6790 12512
Ch1: 26.310679 850.558617 19.937000 24.062500 254 6824 12535
Ch1: 26.365379 929.605147 19.937000 24.031250 253 6856 12561
Ch1: 26.421108 1015.131654 19.937000 24.062500 252 6891 12589
Ch1: 26.476460 1102.979004 19.937000 23.906250 251 6933 12613
Ch1: 26.528243 1188.459554 19.937000 24.062500 250 6959 12638
Ch1: 26.579963 1277.846473 19.937000 24.031250 249 7004 12664
Ch1: 26.630402 1367.830836 19.937000 23.906250 248 7045 12689
Ch1: 26.682290 1463.261138 19.937000 23.906250 247 7082 12712
Ch1: 26.730756 1557.519530 19.937000 23.968750 246 7130 12735
Ch1: 26.779559 1652.903874 19.937000 23.968750 245 7174 12759
Ch1: 26.828151 1752.631183 19.937000 23.968750 244 7210 12781
Ch1: 26.875547 1853.070829 19.937000 24.000000 243 7251 12804
Ch1: 26.922880 1956.290890 19.937000 24.031250 242 7304 12828
Ch1: 26.968135 2057.695639 19.937000 24.062500 241 7336 12848
Ch1: 27.011039 2154.274874 19.937000 24.000000 240 7388 12868
Ch1: 27.062192 2276.911888 19.937000 24.000000 239 7435 12893
Ch1: 27.103081 2376.271538 19.937000 23.937500 238 7467 12913
Ch1: 27.145838 2484.937538 19.937000 23.937500 237 7531 12933
Ch1: 27.188952 2595.303958 19.937000 24.000000 236 7580 12953
Ch1: 27.232444 2708.060156 19.937000 23.968750 235 7636 12975
Ch1: 27.273060 2817.047857 19.937000 23.968750 234 7675 12994
Ch1: 27.314494 2931.090860 19.937000 24.031250 233 7725 13013
Ch1: 27.354355 3044.995990 19.937000 23.968750 232 7775 13033
Ch1: 27.395601 3162.301960 19.937000 24.000000 231 7829 13052
Ch1: 27.434118 3277.746659 19.937000 24.031250 230 7879 13069
Ch1: 27.472908 3394.570077 19.937000 23.937500 229 7922 13089
Ch1: 27.512054 3515.276886 19.937000 24.031250 228 7973 13108
Ch1: 27.550236 3634.398168 19.937000 23.875000 227 8035 13125
Ch1: 27.588291 3757.104119 19.937000 23.968750 226 8082 13144
Ch1: 27.624898 3877.558163 19.937000 23.937500 225 8137 13163
Ch1: 27.659385 3992.106695 19.937000 24.062500 224 8183 13177
Ch1: 27.700043 4129.495998 19.937000 24.031250 223 8248 13196
Ch1: 27.732851 4245.124527 19.937000 24.000000 222 8299 13214
Ch1: 27.768219 4368.588773 19.937000 24.062500 221 8347 13229
Ch1: 27.803462 4496.740661 19.937000 24.000000 220 8405 13245
Ch1: 27.838851 4627.512115 19.937000 24.031250 219 8463 13262
Ch1: 27.871869 4752.033379 19.937000 24.031250 218 8514 13278
Ch1: 27.906293 4882.138452 19.937000 24.062500 217 8580 13295
Ch1: 27.939499 5010.726935 19.937000 24.062500 216 8635 13310
Ch1: 27.972706 5142.693279 19.937000 24.062500 215 8694 13328
Ch1: 28.004884 5270.914104 19.937000 24.093750 214 8742 13342
Ch1: 28.037188 5402.283002 19.937000 24.062500 213 8805 13357
Ch1: 28.070142 5538.730181 19.937000 24.031250 212 8863 13374
Ch1: 28.101544 5671.408862 19.937000 24.062500 211 8919 13387
Ch1: 28.133008 5808.706251 19.937000 24.062500 210 8973 13404
Ch1: 28.163045 5941.476847 19.937000 24.031250 209 9035 13420
Ch1: 28.192012 6068.410868 19.937000 23.937500 208 9083 13431
Ch1: 28.226625 6223.838405 19.937000 24.093750 207 9160 13447
Ch1: 28.254584 6354.012414 20.000000 24.093750 206 9216 13461
Ch1: 28.283340 6487.817049 20.000000 24.031250 205 9267 13475
Ch1: 28.313272 6627.711024 19.937000 24.093750 204 9337 13489
Ch1: 28.342344 6771.281582 20.000000 24.031250 203 9388 13502
Ch1: 28.373283 6913.358528 20.000000 24.062500 202 9458 13516
Ch1: 28.399353 7046.611676 20.000000 23.937500 201 9517 13530
Ch1: 28.428928 7190.480956 20.000000 24.000000 200 9570 13544
Ch1: 28.455628 7328.444725 20.000000 24.062500 199 9648 13557
Ch1: 28.482621 7466.891046 19.937000 24.062500 198 9699 13569
Ch1: 28.509993 7608.163740 20.000000 24.062500 197 9753 13582
Ch1: 28.537322 7754.537692 20.000000 24.093750 196 9826 13596
Ch1: 28.563413 7895.373791 20.000000 23.937500 195 9887 13608
Ch1: 28.590805 8041.334128 20.000000 24.093750 194 9941 13623
Ch1: 28.616161 8185.640002 20.000000 24.000000 193 10011 13635
Ch1: 28.641307 8320.248890 20.000000 24.093750 192 10081 13645
Ch1: 28.669539 8477.882377 20.000000 24.031250 191 10136 13658
Ch1: 28.693006 8614.881043 20.000000 23.968750 190 10194 13669
Ch1: 28.718027 8756.866075 20.000000 24.062500 189 10260 13682
Ch1: 28.743215 8905.836613 20.000000 23.906250 188 10318 13694
Ch1: 28.770061 9055.243746 20.000000 24.062500 187 10388 13707
Ch1: 28.793969 9200.399831 20.000000 24.031250 186 10462 13717
Ch1: 28.818675 9347.555057 20.000000 24.000000 185 10510 13730
Ch1: 28.842373 9495.790279 20.000000 24.000000 184 10574 13741
Ch1: 28.867624 9647.035704 20.000000 24.062500 183 10642 13753
Ch1: 28.891364 9791.916044 20.000000 24.000000 182 10705 13764
Ch1: 28.914390 9945.344440 20.000000 24.062500 181 10776 13775
Ch1: 28.938697 10096.750715 20.000000 23.968750 180 10841 13787
Ch1: 28.961324 10246.088912 20.000000 24.031250 179 10912 13798
Ch1: 28.985421 10400.712197 19.937000 23.906250 178 10977 13809
Ch1: 29.008007 10547.384871 20.000000 24.000000 177 11033 13821
Ch1: 29.028724 10688.358843 20.000000 23.937500 176 11101 13830
Ch1: 29.053178 10858.883348 20.000000 24.000000 175 11178 13841
Ch1: 29.074042 11001.350931 19.937000 24.031250 174 11241 13851
Ch1: 29.096984 11152.044868 20.000000 24.000000 173 11301 13862
Ch1: 29.117639 11305.588157 20.000000 24.031250 172 11355 13872
Ch1: 29.140518 11460.808886 20.000000 23.906250 171 11439 13882
Ch1: 29.160815 11612.628777 20.000000 23.968750 170 11504 13892
Ch1: 29.182729 11765.758450 20.000000 24.000000 169 11580 13904
Ch1: 29.203678 11918.106849 20.000000 23.937500 168 11635 13913
Ch1: 29.224773 12075.510550 19.937000 23.968750 167 11703 13923
Ch1: 29.245322 12226.985761 19.937000 24.000000 166 11778 13932
Ch1: 29.265473 12383.010743 20.000000 23.937500 165 11843 13943
Ch1: 29.286946 12540.483380 20.000000 23.968750 164 11905 13953
Ch1: 29.307579 12696.531340 20.000000 24.000000 163 11990 13966
Ch1: 29.327835 12854.808229 19.937000 23.968750 162 12047 13972
Ch1: 29.346537 13011.867250 20.000000 23.937500 161 12114 13980
Ch1: 29.364882 13158.126309 20.000000 23.843750 160 12174 13991
Ch1: 29.388077 13342.093321 20.000000 23.937500 159 12250 14001
Ch1: 29.406359 13489.087696 19.937000 23.937500 158 12313 14009
Ch1: 29.425880 13643.182473 20.000000 23.937500 157 12390 14019
Ch1: 29.446052 13808.421890 20.000000 23.937500 156 12459 14029
Ch1: 29.464166 13969.318345 20.000000 23.906250 155 12524 14038
Ch1: 29.483414 14122.585890 20.000000 23.906250 154 12600 14046
Ch1: 29.501697 14282.976814 20.000000 23.937500 153 12660 14054
Ch1: 29.519224 14440.886044 20.000000 23.937500 152 12730 14063
Ch1: 29.537968 14604.287171 20.000000 23.906250 151 12800 14073
Ch1: 29.555474 14758.726627 20.000000 23.937500 150 12877 14081
Ch1: 29.574197 14920.427333 20.000000 23.906250 149 12943 14090
Ch1: 29.592542 15082.863357 20.000000 23.937500 148 13012 14098
Ch1: 29.610804 15241.829605 20.000000 23.906250 147 13077 14107
Ch1: 29.628100 15405.161795 20.000000 24.000000 146 13156 14116
Ch1: 29.644955 15564.955275 20.000000 23.968750 145 13223 14123
Ch1: 29.661138 15716.177721 20.000000 23.968750 144 13284 14131
Ch1: 29.680093 15893.113267 20.000000 24.031250 143 13361 14141
Ch1: 29.696759 16044.174863 20.000000 23.968750 142 13432 14147
Ch1: 29.712942 16204.519829 19.937000 24.000000 141 13502 14157
Ch1: 29.729672 16370.839243 20.000000 23.968750 140 13574 14164
Ch1: 29.747261 16534.286327 20.000000 24.031250 139 13652 14170
Ch1: 29.763340 16691.483220 20.000000 23.968750 138 13710 14179
Ch1: 29.779901 16856.837531 20.000000 24.000000 137 13781 14188
Ch1: 29.796190 17015.780800 20.000000 23.968750 136 13851 14194
Ch1: 29.813045 17183.409997 20.000000 24.031250 135 13929 14201
Ch1: 29.828934 17344.191558 20.000000 24.000000 134 13997 14211
Ch1: 29.843984 17508.810552 20.000000 24.031250 133 14066 14219
Ch1: 29.860525 17673.866141 20.000000 24.000000 132 14135 14226
Ch1: 29.875784 17834.877488 20.000000 24.000000 131 14205 14233
Ch1: 29.891842 18006.045396 20.000000 24.062500 130 14287 14241
Ch1: 29.906787 18168.849078 20.000000 23.906250 129 14354 14247
Ch1: 29.920389 18322.024708 20.000000 24.000000 128 14421 14254
Ch1: 29.937643 18502.315136 20.000000 24.000000 127 14508 14263
Ch1: 29.951517 18660.155431 20.000000 24.031250 126 14573 14269
Ch1: 29.966042 18822.453583 20.000000 23.875000 125 14641 14277
Ch1: 29.981176 18989.071719 20.000000 24.031250 124 14716 14282
Ch1: 29.995387 19160.101755 20.000000 23.968750 123 14775 14291
Ch1: 30.009492 19323.502881 20.000000 23.937500 122 14858 14297
Ch1: 30.024374 19487.363580 20.000000 24.000000 121 14934 14305
Ch1: 30.039130 19650.144283 20.000000 23.906250 120 14998 14311
Ch1: 30.024479 19491.132077 20.000000 24.031250 121 14930 14302
Ch1: 30.009534 19329.086691 20.000000 23.968750 122 14862 14297
Ch1: 29.994988 19168.029386 20.062000 24.000000 123 14786 14291
Ch1: 29.979035 18998.630834 20.000000 24.000000 124 14720 14283
Ch1: 29.964048 18831.300360 20.000000 23.968750 125 14636 14276
Ch1: 29.948893 18670.886457 20.000000 23.968750 126 14578 14269
Ch1: 29.934830 18515.918493 20.000000 24.000000 127 14503 14261
Ch1: 29.917177 18335.030620 20.062000 23.937500 128 14423 14253
Ch1: 29.902967 18182.934985 20.000000 23.937500 129 14359 14246
Ch1: 29.887371 18021.510022 20.000000 24.000000 130 14284 14239
Ch1: 29.871398 17853.513167 20.000000 23.906250 131 14220 14232
Ch1: 29.855697 17688.779280 20.000000 24.000000 132 14146 14224
Ch1: 29.839241 17522.804546 20.000000 23.937500 133 14074 14215
Ch1: 29.823351 17359.035761 20.000000 23.937500 134 14001 14208
Ch1: 29.807587 17200.230363 20.000000 23.906250 135 13933 14202
Ch1: 29.791005 17034.347544 20.000000 23.906250 136 13865 14193
Ch1: 29.775178 16872.508965 20.000000 23.875000 137 13784 14186
Ch1: 29.758575 16710.946130 20.000000 23.906250 138 13728 14176
Ch1: 29.742329 16554.277746 20.000000 23.906250 139 13651 14169
Ch1: 29.725494 16388.280033 20.000000 23.875000 140 13577 14160
Ch1: 29.708471 16222.374235 20.000000 23.937500 141 13501 14154
Ch1: 29.691113 16061.339909 20.000000 23.906250 142 13431 14145
Ch1: 29.675643 15910.094484 20.000000 23.906250 143 13375 14136
Ch1: 29.656605 15729.827034 20.000000 23.906250 144 13298 14129
Ch1: 29.640169 15579.385862 20.000000 23.875000 145 13228 14121
Ch1: 29.623062 15420.764294 20.000000 23.875000 146 13155 14113
Ch1: 29.604948 15257.202317 20.000000 23.906250 147 13084 14103
Ch1: 29.587757 15098.190111 20.000000 23.906250 148 13017 14096
Ch1: 29.569768 14934.053668 20.000000 23.843750 149 12948 14086
Ch1: 29.551087 14775.684865 20.000000 23.750000 150 12880 14079
Ch1: 29.534232 14618.556908 20.000000 23.812500 151 12817 14070
Ch1: 29.515109 14454.466422 20.000000 23.812500 152 12739 14061
Ch1: 29.496407 14297.775059 20.000000 23.843750 153 12672 14052
Ch1: 29.478440 14139.681999 20.000000 23.812500 154 12603 14044
Ch1: 29.460115 13984.966800 20.000000 23.843750 155 12532 14034
Ch1: 29.440783 13823.082264 20.000000 23.812500 156 12459 14027
Ch1: 29.421745 13660.393476 20.000000 23.812500 157 12387 14017
Ch1: 29.402455 13504.230622 20.000000 23.781250 158 12319 14007
Ch1: 29.384319 13356.431994 20.000000 23.781250 159 12257 13999
Ch1: 29.361293 13174.601996 20.000000 23.843750 160 12175 13988
Ch1: 29.343116 13027.837407 20.000000 23.812500 161 12122 13980
Ch1: 29.323469 12874.753691 20.000000 23.781250 162 12059 13969
Ch1: 29.302856 12712.915112 20.000000 23.843750 163 11972 13960
Ch1: 29.282811 12559.004165 20.000000 23.781250 164 11911 13952
Ch1: 29.262198 12401.738337 20.000000 23.781250 165 11844 13940
Ch1: 29.242614 12250.722699 20.000000 23.843750 166 11770 13932
Ch1: 29.221393 12092.882404 20.000000 23.781250 167 11709 13921
Ch1: 29.200907 11939.109329 20.000000 23.781250 168 11625 13912
Ch1: 29.178762 11782.670731 20.000000 23.812500 169 11571 13901
Ch1: 29.158716 11630.391268 20.000000 23.781250 170 11511 13892
Ch1: 29.137453 11478.065847 20.000000 23.812500 171 11445 13880
Ch1: 29.115057 11320.800018 20.000000 23.781250 172 11373 13870
Ch1: 29.092870 11166.406520 20.000000 23.750000 173 11304 13860
Ch1: 29.070641 11013.759398 20.000000 23.781250 174 11241 13848
Ch1: 29.050281 10870.671392 20.000000 23.812500 175 11179 13840
Ch1: 29.025659 10703.938362 20.000000 23.781250 176 11101 13829
Ch1: 29.004900 10562.366946 20.000000 23.781250 177 11047 13818
Ch1: 28.982462 10412.385347 19.937000 23.812500 178 10981 13807
Ch1: 28.958953 10257.486318 20.000000 23.812500 179 10904 13797
Ch1: 28.936892 10110.170242 20.000000 23.812500 180 10848 13785
Ch1: 28.912501 9954.214196 20.000000 23.812500 181 10787 13774
Ch1: 28.888719 9803.796002 20.000000 23.812500 182 10712 13762
Ch1: 28.865273 9656.847584 20.000000 23.843750 183 10654 13752
Ch1: 28.840652 9507.118750 20.000000 23.812500 184 10578 13742
Ch1: 28.817206 9360.652883 20.000000 23.843750 185 10516 13729
Ch1: 28.792353 9213.566593 20.000000 23.843750 186 10458 13718
Ch1: 28.768550 9070.248800 20.000000 23.812500 187 10390 13706
Ch1: 28.742480 8918.245080 20.000000 23.812500 188 10323 13693
Ch1: 28.718048 8773.456654 20.000000 23.843750 189 10261 13680
Ch1: 28.691474 8625.589090 20.000000 23.812500 190 10204 13668
Ch1: 28.667146 8490.038079 20.000000 23.843750 191 10151 13658
Ch1: 28.638978 8336.104153 20.000000 23.843750 192 10076 13643
Ch1: 28.614965 8200.369312 20.000000 23.843750 193 10012 13632
Ch1: 28.588286 8058.430238 20.000000 23.812500 194 9957 13620
Ch1: 28.561251 7912.286072 20.000000 23.812500 195 9895 13605
Ch1: 28.533900 7770.461891 20.000000 23.843750 196 9831 13593
Ch1: 28.506340 7623.283686 20.000000 23.843750 197 9763 13581
Ch1: 28.478549 7482.815245 20.000000 23.875000 198 9705 13567
Ch1: 28.453088 7349.355290 20.000000 23.875000 199 9641 13555
Ch1: 28.423051 7202.337936 20.000000 23.812500 200 9577 13540
Ch1: 28.394546 7064.557996 20.000000 23.812500 201 9522 13528
Ch1: 28.366482 6924.985721 20.000000 23.812500 202 9466 13512
Ch1: 28.338125 6790.491727 20.000000 23.875000 203 9405 13500
Ch1: 28.307668 6646.300746 20.000000 23.843750 204 9339 13486
Ch1: 28.277757 6505.533583 20.000000 23.812500 205 9278 13472
Ch1: 28.248182 6368.626831 20.000000 23.843750 206 9223 13457
Ch1: 28.220369 6240.612814 20.000000 23.812500 207 9161 13444
Ch1: 28.185631 6085.575914 20.000000 23.843750 208 9084 13429
Ch1: 28.157168 5959.009551 20.000000 23.843750 209 9039 13414
Ch1: 28.125893 5828.881499 20.000000 23.812500 210 8981 13399
Ch1: 28.094302 5690.664965 20.000000 23.843750 211 8924 13386
Ch1: 28.063635 5558.744579 20.000000 23.875000 212 8865 13369
Ch1: 28.030933 5423.951862 20.000000 23.812500 213 8804 13353
Ch1: 27.998419 5292.261262 20.000000 23.781250 214 8755 13339
Ch1: 27.966829 5164.270224 20.062000 23.781250 215 8691 13324
Ch1: 27.933601 5032.257923 20.000000 23.812500 216 8632 13307
Ch1: 27.900583 4901.670298 20.000000 23.812500 217 8586 13291
Ch1: 27.866852 4772.989901 20.000000 23.812500 218 8511 13277
Ch1: 27.833918 4648.744381 20.000000 23.781250 219 8474 13260
Ch1: 27.799935 4522.384826 20.000000 23.781250 220 8419 13243
Ch1: 27.763181 4391.567415 20.000000 23.812500 221 8363 13227
Ch1: 27.727813 4265.552540 20.000000 23.750000 222 8301 13209
Ch1: 27.694921 4148.269549 20.000000 23.750000 223 8256 13194
Ch1: 27.654368 4011.615562 20.000000 23.781250 224 8190 13175
Ch1: 27.620007 3893.666191 20.000000 23.750000 225 8140 13159
Ch1: 27.583316 3772.982361 20.000000 23.750000 226 8091 13140
Ch1: 27.545429 3649.081521 20.000000 23.750000 227 8030 13123
Ch1: 27.507583 3530.810448 20.000000 23.750000 228 7986 13107
Ch1: 27.469024 3410.678106 20.000000 23.718750 229 7932 13085
Ch1: 27.429983 3293.027456 20.000000 23.750000 230 7874 13067
Ch1: 27.391340 3177.077227 20.000000 23.718750 231 7829 13050
Ch1: 27.350828 3060.506574 20.000000 23.718750 232 7781 13030
Ch1: 27.310947 2947.589525 20.000000 23.750000 233 7723 13011
Ch1: 27.270016 2833.063971 20.000000 23.781250 234 7683 12991
Ch1: 27.229295 2723.226060 20.000000 23.687500 235 7636 12972
Ch1: 27.186265 2609.045186 20.000000 23.687500 236 7584 12950
Ch1: 27.143067 2499.069403 20.000000 23.687500 237 7536 12932
Ch1: 27.100772 2391.483399 20.000000 23.687500 238 7494 12912
Ch1: 27.060009 2290.905881 20.000000 23.656250 239 7439 12891
Ch1: 27.009381 2169.417799 20.000000 23.656250 240 7392 12866
Ch1: 26.966288 2069.966235 20.000000 23.687500 241 7347 12848
Ch1: 26.921641 1969.319781 20.000000 23.656250 242 7306 12825
Ch1: 26.874938 1865.525253 20.000000 23.718750 243 7261 12802
Ch1: 26.828004 1766.326453 20.000000 23.656250 244 7222 12782
Ch1: 26.778824 1665.266384 20.000000 23.656250 245 7177 12757
Ch1: 26.730357 1566.756944 20.000000 23.656250 246 7125 12734
Ch1: 26.682626 1473.854293 20.000000 23.718750 247 7090 12712
Ch1: 26.631766 1378.263140 20.000000 23.718750 248 7044 12688
Ch1: 26.581789 1289.611538 20.000000 23.625000 249 7012 12663
Ch1: 26.530195 1199.719088 20.000000 23.656250 250 6972 12638
Ch1: 26.479209 1112.607055 20.000000 23.656250 251 6936 12616
Ch1: 26.424236 1024.392047 20.000000 23.656250 252 6890 12587
Ch1: 26.368318 937.165120 20.000000 23.656250 253 6857 12561
Ch1: 26.313408 856.533064 20.000000 23.656250 254 6816 12536
Ch1: 26.261121 782.013326 20.000000 23.656250 255 6790 12510
Ch1: 26.195380 695.108101 20.000000 23.718750 256 6750 12479
Ch1: 26.139735 624.931327 20.000000 23.718750 257 6716 12453
Ch1: 26.080017 552.732432 20.000000 23.687500 258 6681 12425
Ch1: 26.017466 482.417786 20.000000 23.656250 259 6659 12393
Ch1: 25.954538 418.008652 20.000000 23.687500 260 6634 12364
Ch1: 25.889510 353.760367 19.937000 23.687500 261 6608 12335
Ch1: 25.822425 293.257602 20.000000 23.687500 262 6571 12300
Ch1: 25.755613 237.833116 20.000000 23.687500 263 6551 12269
Ch1: 25.683911 185.694577 20.000000 23.687500 264 6522 12237
Ch1: 25.611788 138.473466 20.000000 23.718750 265 6512 12200
Ch1: 25.535279 94.124687 20.000000 23.718750 266 6492 12164
Ch1: 25.457909 56.991200 20.000000 23.718750 267 6473 12128
Ch1: 25.374032 25.625354 20.000000 23.718750 268 6460 12087
Ch1: 25.286062 1.428843 20.000000 23.750000 269 6450 12045
Ch1: 25.192698 -11.048560 20.000000 23.718750 270 6438 12003
Ch1: 25.101831 -17.551516 20.000000 23.718750 271 6438 11957
Ch1: 24.989974 -17.643430 20.000000 23.718750 272 6440 11903
Ch1: 24.898876 -19.941294 20.000000 23.718750 273 6437 11859
Ch1: 24.794723 -18.125982 20.000000 23.718750 274 6450 11813
Ch1: 24.691535 -17.643430 20.000000 23.750000 275 6439 11760
Ch1: 24.590341 -17.528537 20.000000 23.718750 276 6439 11713
Ch1: 24.487321 -18.171939 20.000000 23.781250 277 6445 11668
Ch1: 24.387324 -18.562576 20.000000 23.750000 278 6438 11616
Ch1: 24.287662 -18.493640 20.000000 23.781250 279 6440 11569
Ch1: 24.184894 -17.804281 20.000000 23.750000 280 6435 11522
Ch1: 24.083847 -18.378747 20.000000 23.718750 281 6442 11471
Ch1: 23.982296 -17.873217 20.000000 23.750000 282 6444 11422
Ch1: 23.882677 -17.827259 20.000000 23.750000 283 6433 11377
Ch1: 23.779426 -18.746405 20.000000 23.750000 284 6447 11329
Ch1: 23.675482 -17.551516 20.000000 23.781250 285 6437 11277
Ch1: 23.575695 -16.563434 20.000000 23.781250 286 6439 11230
Ch1: 23.482267 -16.931092 20.000000 23.750000 287 6441 11189
Ch1: 23.371691 -17.321729 20.000000 23.750000 288 6444 11132
Ch1: 23.274422 -17.643430 20.000000 23.750000 289 6444 11086
Ch1: 23.174488 -17.551516 20.000000 23.718750 290 6441 11041
Ch1: 23.071698 -17.804281 20.000000 23.750000 291 6436 10989
Ch1: 22.970421 -17.965131 20.000000 23.750000 292 6437 10941
Ch1: 22.867107 -17.850238 20.000000 23.718750 293 6444 10894
Ch1: 22.766333 -17.827259 20.000000 23.718750 294 6453 10847
Ch1: 22.668581 -16.632370 20.000000 23.718750 295 6440 10797
Ch1: 22.565624 -16.954071 20.000000 23.687500 296 6445 10748
Ch1: 22.463465 -17.459601 20.000000 23.687500 297 6441 10704
Ch1: 22.362460 -17.321729 20.000000 23.718750 298 6435 10651
Ch1: 22.263386 -17.482580 20.000000 23.750000 299 6447 10605
Ch1: 22.160282 -16.471519 20.000000 23.687500 300 6444 10558
Ch1: 22.057178 -17.045985 20.000000 23.687500 301 6447 10506
Ch1: 21.957285 -16.862156 20.000000 23.656250 302 6446 10458
Ch1: 21.863501 -16.540455 20.000000 23.687500 303 6440 10415
Ch1: 21.750238 -16.632370 20.000000 23.687500 304 6450 10364
Ch1: 21.658448 -18.171939 20.000000 23.687500 305 6438 10314
Ch1: 21.554588 -16.080882 20.000000 23.687500 306 6437 10268
Ch1: 21.452618 -15.552374 20.000000 23.687500 307 6446 10221
Ch1: 21.352326 -15.598331 20.000000 23.687500 308 6437 10170
Ch1: 21.249033 -15.322587 20.000000 23.625000 309 6439 10121
Ch1: 21.147567 -16.471519 20.000000 23.656250 310 6437 10075
Ch1: 21.047611 -16.586413 20.000000 23.656250 311 6428 10026
Ch1: 20.944738 -16.471519 20.000000 23.687500 312 6446 9976
Ch1: 20.844447 -16.747263 20.000000 23.656250 313 6440 9930
Ch1: 20.743652 -16.885135 20.000000 23.656250 314 6443 9884
Ch1: 20.643822 -17.735345 20.000000 23.625000 315 6435 9832
Ch1: 20.541138 -17.942153 20.000000 23.656250 316 6438 9784
Ch1: 20.437341 -17.574494 20.000000 23.625000 317 6440 9737
Ch1: 20.336252 -17.689387 20.000000 23.687500 318 6437 9685
Ch1: 20.242216 -17.597473 20.000000 23.625000 319 6447 9641
Ch1: 20.129982 -17.896195 20.000000 23.656250 320 6443 9590
Ch1: 20.033762 -16.540455 20.000000 23.625000 321 6437 9542
Ch1: 19.933870 -16.885135 20.000000 23.593750 322 6439 9494
Ch1: 19.830346 -17.988110 20.000000 23.562500 323 6436 9446
Ch1: 19.729761 -17.781302 20.000000 23.625000 324 6443 9401
Ch1: 19.626573 -16.402583 20.000000 23.593750 325 6447 9347
Ch1: 19.524896 -15.690246 20.000000 23.562500 326 6443 9300
Ch1: 19.426221 -16.816199 20.000000 23.593750 327 6439 9256
Ch1: 19.323621 -16.471519 20.000000 23.593750 328 6443 9203
Ch1: 19.223246 -16.931092 20.000000 23.562500 329 6445 9157
Ch1: 19.122619 -17.045985 20.000000 23.562500 330 6440 9111
Ch1: 19.023104 -17.643430 20.000000 23.562500 331 6440 9060
Ch1: 18.928543 -21.342992 20.000000 23.593750 332 6442 9011
Ch1: 18.816266 -17.850238 20.000000 23.531250 333 6440 8964
Ch1: 18.716164 -17.068964 20.000000 23.562500 334 6450 8917
Ch1: 18.622569 -17.344708 20.000000 23.562500 335 6437 8869
Ch1: 18.505464 -17.023007 20.000000 23.562500 336 6441 8814
Ch1: 18.408531 -17.321729 20.000000 23.593750 337 6437 8772
Ch1: 18.309457 -17.735345 20.000000 23.562500 338 6438 8719
Ch1: 18.205892 -16.793220 20.000000 23.562500 339 6438 8670
Ch1: 18.104677 -17.643430 20.000000 23.562500 340 6436 8626
Ch1: 18.002266 -17.459601 20.000000 23.593750 341 6425 8574
Ch1: 17.900883 -17.321729 20.000000 23.625000 342 6444 8525
Ch1: 17.802732 -17.850238 20.000000 23.593750 343 6441 8480
Ch1: 17.706114 -20.699590 20.000000 23.625000 344 6448 8433
Ch1: 17.597049 -17.413644 19.937000 23.625000 345 6447 8380
Ch1: 17.494512 -16.931092 19.937000 23.625000 346 6435 8333
Ch1: 17.394473 -17.436622 19.937000 23.625000 347 6443 8288
Ch1: 17.291012 -18.103003 19.875000 23.625000 348 6437 8235
Ch1: 17.187845 -17.413644 19.812000 23.687500 349 6442 8187
Ch1: 17.086714 -18.194918 19.750000 23.656250 350 6435 8140
Ch1: 16.993811 -17.298751 19.687000 23.656250 351 6437 8094
Ch1: 16.880422 -18.080024 19.562000 23.656250 352 6446 8040
Ch1: 16.783657 -17.114921 19.437000 23.718750 353 6436 7995
Ch1: 16.683891 -17.597473 19.312000 23.656250 354 6444 7949
Ch1: 16.583956 -18.309811 19.187000 23.718750 355 6440 7912
Ch1: 16.479971 -17.965131 19.000000 23.687500 356 6440 7849
Ch1: 16.374558 -16.977050 18.875000 23.656250 357 6438 7803
Ch1: 16.273637 -17.344708 18.750000 23.718750 358 6445 7750
Ch1: 16.174857 -16.908114 18.562000 23.687500 359 6444 7703
Ch1: 16.072319 -17.252793 18.437000 23.718750 360 6439 7657
Ch1: 15.970769 -17.505558 18.250000 23.718750 361 6442 7606
Ch1: 15.869197 -17.482580 18.125000 23.687500 362 6446 7558
Ch1: 15.769179 -17.321729 17.937000 23.718750 363 6442 7512
Ch1: 15.665508 -16.839178 17.750000 23.718750 364 6446 7464
Ch1: 15.561606 -17.666409 17.562000 23.718750 365 6435 7411
Ch1: 15.460475 -18.057046 17.375000 23.718750 366 6434 7364
Ch1: 15.366712 -17.689387 17.250000 23.750000 367 6441 7323
Ch1: 15.250069 -17.850238 17.062000 23.781250 368 6440 7261
Ch1: 15.152087 -16.908114 16.937000 23.750000 369 6440 7218
Ch1: 15.052278 -17.827259 16.750000 23.718750 370 6444 7173
