Ch1: 4.682709 4.232237 9.250000 24.125000 388 6450 2178
Ch1: 4.627715 15.032199 9.250000 24.156250 387 6455 2212
Ch1: 4.725949 16.181131 9.187000 24.156250 386 6455 2259
Ch1: 4.823134 14.572627 9.250000 24.125000 385 6456 2304
Ch1: 4.916120 17.330064 9.187000 24.125000 384 6455 2349
Ch1: 5.025060 14.802413 9.187000 24.125000 383 6453 2402
Ch1: 5.120145 12.504549 9.187000 24.093750 382 6451 2446
Ch1: 5.264768 -7.946443 9.187000 24.125000 381 6442 2523
Ch1: 5.345580 -7.257084 9.187000 24.093750 380 6446 2544
Ch1: 5.424294 -2.891142 9.125000 24.156250 379 6443 2599
Ch1: 5.523158 -4.269860 9.125000 24.156250 378 6446 2642
Ch1: 5.623701 -3.350715 9.125000 24.125000 377 6446 2688
Ch1: 5.730751 -7.027297 9.125000 24.156250 376 6446 2736
Ch1: 5.824577 -5.418792 9.125000 24.156250 375 6448 2783
Ch1: 5.922182 -2.201782 9.125000 24.093750 374 6448 2829
Ch1: 6.021885 0.555655 9.125000 24.062500 373 6451 2876
Ch1: 6.125577 1.015227 9.125000 24.125000 372 6447 2927
Ch1: 6.224861 7.908820 9.062000 24.156250 371 6454 2973
Ch1: 6.327083 10.896044 9.062000 24.156250 370 6453 3021
Ch1: 6.426367 11.355617 9.062000 24.093750 369 6454 3068
Ch1: 6.522922 12.504549 9.062000 24.062500 368 6450 3122
Ch1: 6.637529 14.802413 9.062000 24.156250 367 6456 3175
Ch1: 6.733244 17.330064 9.062000 24.031250 366 6456 3216
Ch1: 6.831478 14.572627 9.062000 24.187500 365 6454 3263
Ch1: 6.933071 12.274762 9.000000 24.125000 364 6454 3311
Ch1: 7.033824 12.504549 9.000000 24.062500 363 6451 3359
Ch1: 7.134157 11.815189 9.000000 24.093750 362 6453 3406
Ch1: 7.234281 8.368393 9.000000 24.031250 361 6455 3454
Ch1: 7.335244 15.491772 9.000000 24.093750 360 6457 3501
Ch1: 7.435997 14.342840 9.000000 24.125000 359 6455 3550
Ch1: 7.538849 9.517325 85.000000 24.187500 358 6455 3599
Ch1: 7.638762 -6.108152 9.000000 24.187500 357 6445 3653
Ch1: 7.741404 -7.027297 8.937000 24.125000 356 6448 3700
Ch1: 7.842787 1.015227 8.937000 24.031250 355 6450 3745
Ch1: 7.944380 -0.593277 8.937000 24.031250 354 6445 3793
Ch1: 8.043244 12.734335 8.937000 24.031250 353 6454 3840
Ch1: 8.141268 9.057752 8.937000 24.093750 352 6452 3885
Ch1: 8.249998 4.462024 8.937000 24.125000 351 6449 3939
Ch1: 8.346972 2.623732 8.937000 24.156250 350 6447 3983
Ch1: 8.446676 4.462024 8.937000 24.156250 349 6450 4031
Ch1: 8.547219 1.704587 8.875000 24.062500 348 6448 4079
Ch1: 8.651121 -1.052850 8.875000 24.062500 347 6446 4129
Ch1: 8.752713 1.015227 8.875000 24.062500 346 6446 4184
Ch1: 8.853467 -3.350715 8.875000 24.031250 345 6447 4229
Ch1: 8.954430 -4.269860 8.875000 24.125000 344 6446 4275
Ch1: 9.055812 -4.269860 8.875000 24.125000 343 6445 4323
Ch1: 9.154256 -4.729433 8.812000 24.093750 342 6446 4369
Ch1: 9.253960 -3.120928 8.875000 24.125000 341 6447 4417
Ch1: 9.357652 -4.729433 8.812000 24.156250 340 6446 4467
Ch1: 9.457985 -4.499647 8.812000 24.187500 339 6449 4513
Ch1: 9.560837 -0.363491 8.812000 24.093750 338 6450 4562
Ch1: 9.660541 3.542878 8.812000 24.156250 337 6452 4610
Ch1: 9.757096 8.598179 8.812000 24.187500 336 6454 4655
Ch1: 9.872122 13.193908 8.812000 24.156250 335 6451 4718
Ch1: 9.969097 9.747112 8.812000 24.156250 334 6453 4761
Ch1: 10.068381 13.193908 8.812000 24.125000 333 6455 4806
Ch1: 10.170603 15.261986 8.812000 24.156250 332 6456 4854
Ch1: 10.272406 14.802413 8.750000 24.156250 331 6449 4903
Ch1: 10.371270 15.721559 8.750000 24.156250 330 6453 4949
Ch1: 10.472443 14.572627 8.750000 24.031250 329 6456 4996
Ch1: 10.572776 13.883267 8.750000 24.093750 328 6452 5044
Ch1: 10.675208 10.896044 8.750000 24.093750 327 6451 5093
Ch1: 10.775122 9.976898 8.750000 24.125000 326 6450 5140
Ch1: 10.876085 15.721559 8.750000 24.125000 325 6455 5189
Ch1: 10.978517 -3.580501 8.750000 24.187500 324 6435 5244
Ch1: 11.081159 6.070529 8.687000 24.062500 323 6452 5291
Ch1: 11.184851 -2.661355 8.750000 24.187500 322 6449 5338
Ch1: 11.284134 2.853519 8.750000 24.156250 321 6453 5384
Ch1: 11.379220 12.964122 8.750000 24.031250 320 6455 5429
Ch1: 11.487530 13.653481 8.750000 24.187500 319 6455 5481
Ch1: 11.584085 14.342840 8.687000 24.156250 318 6456 5526
Ch1: 11.682529 10.666257 8.687000 24.187500 317 6454 5572
Ch1: 11.791888 0.555655 8.687000 24.093750 316 6443 5637
Ch1: 11.915101 -13.691104 8.687000 24.062500 315 6446 5684
Ch1: 11.990456 -4.729433 8.687000 24.156250 314 6446 5719
Ch1: 12.091628 -4.269860 8.687000 24.093750 313 6440 5774
Ch1: 12.193431 -3.580501 8.687000 24.125000 312 6445 5822
Ch1: 12.295234 -1.282637 8.687000 24.093750 311 6449 5867
Ch1: 12.393258 2.853519 8.687000 24.187500 310 6449 5912
Ch1: 12.494011 1.704587 8.687000 24.156250 309 6448 5960
Ch1: 12.618063 -7.946443 8.687000 24.125000 308 6446 6010
Ch1: 12.696357 5.151383 8.687000 24.062500 307 6448 6056
Ch1: 12.800258 -1.282637 8.625000 24.125000 306 6445 6105
Ch1: 12.898912 12.044976 8.687000 24.187500 305 6454 6153
Ch1: 12.995467 6.759888 8.625000 24.187500 304 6453 6198
Ch1: 13.106086 6.989675 8.625000 24.031250 303 6454 6252
Ch1: 13.203690 2.853519 8.625000 24.156250 302 6445 6303
Ch1: 13.303394 -7.027297 8.625000 24.156250 301 6447 6349
Ch1: 13.406036 -6.108152 8.625000 24.125000 300 6446 6396
Ch1: 13.508888 -5.648579 8.625000 24.125000 299 6446 6445
Ch1: 13.607962 -7.946443 8.625000 24.125000 298 6445 6491
Ch1: 13.708715 -4.959220 8.625000 24.156250 297 6446 6539
Ch1: 13.808839 -7.946443 8.625000 24.031250 296 6445 6586
Ch1: 13.913580 -11.163453 8.625000 24.187500 295 6443 6635
Ch1: 14.010974 -7.027297 8.625000 24.156250 294 6445 6682
Ch1: 14.111308 -6.797511 8.625000 24.031250 293 6446 6730
Ch1: 14.213740 2.623732 8.625000 24.093750 292 6449 6779
Ch1: 14.314913 14.113054 8.562000 24.000000 291 6446 6833
Ch1: 14.418185 14.572627 8.625000 24.031250 290 6454 6882
Ch1: 14.517049 14.113054 8.625000 24.031250 289 6455 6924
Ch1: 14.615493 12.044976 8.625000 24.125000 288 6452 6975
Ch1: 14.722543 13.883267 8.625000 24.125000 287 6454 7022
Ch1: 14.820987 13.193908 8.625000 24.156250 286 6443 7072
Ch1: 14.920901 12.734335 8.625000 24.125000 285 6454 7121
Ch1: 15.023543 11.125830 8.562000 24.125000 284 6454 7167
Ch1: 15.126185 10.436471 8.562000 24.062500 283 6454 7215
Ch1: 15.225049 10.436471 8.625000 24.031250 282 6450 7261
Ch1: 15.327061 9.057752 8.562000 24.156250 281 6450 7309
Ch1: 15.426135 10.436471 8.562000 24.156250 280 6455 7356
Ch1: 15.528778 13.653481 8.625000 24.125000 279 6456 7405
Ch1: 15.627432 13.423694 8.562000 24.156250 278 6456 7452
Ch1: 15.728185 12.274762 8.562000 24.156250 277 6454 7501
Ch1: 15.830407 14.572627 8.562000 24.093750 276 6456 7549
Ch1: 15.931160 12.504549 8.562000 24.156250 275 6454 7600
Ch1: 16.034852 8.827966 8.562000 24.093750 274 6452 7652
Ch1: 16.136025 5.840742 8.562000 24.156250 273 6450 7697
Ch1: 16.232580 5.381170 8.562000 24.093750 272 6452 7741
Ch1: 16.340889 3.772665 8.562000 24.031250 271 6451 7794
Ch1: 16.437654 -0.823064 8.625000 24.125000 270 6450 7838
Ch1: 16.536098 -4.729433 8.562000 24.062500 269 6446 7885
Ch1: 16.639160 -6.567725 8.562000 24.156250 268 6444 7936
Ch1: 16.741803 -6.567725 8.562000 24.156250 267 6445 7983
Ch1: 16.842136 -9.095375 8.562000 24.156250 266 6446 8030
Ch1: 16.942679 9.287539 8.562000 24.187500 265 6453 8079
Ch1: 17.043222 11.355617 8.562000 24.062500 264 6453 8127
Ch1: 17.148173 1.934373 8.562000 24.125000 263 6450 8182
Ch1: 17.246827 4.921597 8.562000 24.093750 262 6453 8226
Ch1: 17.346531 7.679034 8.562000 24.031250 261 6452 8273
Ch1: 17.448124 6.759888 8.562000 24.031250 260 6454 8320
Ch1: 17.549506 1.245014 8.562000 24.156250 259 6451 8368
Ch1: 17.651939 -1.971996 8.562000 24.156250 258 6446 8417
Ch1: 17.751432 10.206684 8.562000 24.031250 257 6452 8464
Ch1: 17.846938 7.908820 8.562000 24.125000 256 6449 8509
Ch1: 17.959865 11.125830 8.562000 24.125000 255 6451 8564
Ch1: 18.056840 12.274762 8.562000 24.156250 254 6452 8609
Ch1: 18.156124 11.815189 8.562000 24.125000 253 6453 8657
Ch1: 18.258136 13.423694 8.562000 24.156250 252 6448 8711
Ch1: 18.362038 12.044976 8.562000 24.125000 251 6454 8758
Ch1: 18.461742 11.125830 8.562000 24.125000 250 6455 8804
Ch1: 18.563334 8.138607 8.562000 24.093750 249 6455 8852
Ch1: 18.662198 4.921597 8.562000 24.156250 248 6446 8898
Ch1: 18.763581 1.245014 8.562000 24.156250 247 6449 8947
Ch1: 18.863704 0.785441 8.562000 24.156250 246 6447 8994
Ch1: 18.966976 6.300315 8.562000 24.093750 245 6454 9046
Ch1: 19.065840 -4.959220 8.562000 24.062500 244 6445 9091
Ch1: 19.168692 7.219461 8.625000 24.156250 243 6451 9138
Ch1: 19.267976 9.747112 8.562000 24.125000 242 6452 9186
Ch1: 19.369779 9.287539 8.562000 24.000000 241 6447 9243
Ch1: 19.466334 8.138607 8.625000 24.125000 240 6454 9283
Ch1: 19.578631 -6.567725 8.562000 24.125000 239 6447 9337
Ch1: 19.685681 -13.231531 8.562000 24.156250 238 6444 9382
Ch1: 19.775310 -9.325162 8.562000 24.093750 237 6444 9428
Ch1: 19.875853 -7.486870 8.625000 24.156250 236 6446 9478
Ch1: 19.979545 -8.406016 8.562000 24.093750 235 6448 9525
Ch1: 20.078199 -8.176229 8.625000 24.093750 234 6444 9572
Ch1: 20.179162 -7.716657 8.562000 24.156250 233 6444 9621
Ch1: 20.279075 0.096082 8.562000 24.187500 232 6449 9668
Ch1: 20.382767 9.057752 8.562000 24.125000 231 6454 9717
Ch1: 20.481841 -8.635802 8.625000 24.125000 230 6435 9770
Ch1: 20.582384 -7.486870 8.625000 24.156250 229 6444 9816
Ch1: 20.685656 -7.486870 8.625000 24.156250 228 6446 9863
Ch1: 20.785149 -8.406016 8.625000 24.062500 227 6444 9911
Ch1: 20.885902 -8.176229 8.625000 24.062500 226 6445 9958
Ch1: 20.986026 -7.716657 8.625000 24.125000 225 6443 10006
Ch1: 21.083211 -1.282637 8.625000 24.093750 224 6450 10051
Ch1: 21.193199 10.896044 8.625000 24.093750 223 6454 10105
Ch1: 21.291014 12.274762 8.625000 24.125000 222 6455 10150
Ch1: 21.388828 12.274762 8.625000 24.093750 221 6454 10197
Ch1: 21.490421 9.747112 8.625000 24.031250 220 6453 10245
Ch1: 21.593693 6.989675 8.625000 24.093750 219 6437 10299
Ch1: 21.693606 9.747112 8.625000 24.156250 218 6452 10346
Ch1: 21.795619 6.070529 8.687000 24.125000 217 6451 10392
Ch1: 21.894483 5.151383 8.687000 24.031250 216 6453 10438
Ch1: 21.994606 5.381170 8.625000 24.062500 215 6451 10486
Ch1: 22.094729 2.623732 8.687000 24.156250 214 6452 10533
Ch1: 22.194853 -3.120928 8.687000 24.093750 213 6450 10581
Ch1: 22.295816 -1.512423 8.687000 24.000000 212 6449 10629
Ch1: 22.396989 -0.823064 8.687000 24.062500 211 6450 10678
Ch1: 22.500051 -12.771958 8.687000 24.062500 210 6445 10726
Ch1: 22.599334 -4.269860 8.687000 24.062500 209 6448 10774
Ch1: 22.694630 -6.108152 8.687000 24.000000 208 6445 10820
Ch1: 22.807138 9.287539 8.687000 24.125000 207 6452 10878
Ch1: 22.903903 11.815189 8.687000 24.125000 206 6451 10920
Ch1: 23.002137 -8.406016 8.687000 24.093750 205 6446 10966
Ch1: 23.102890 -10.014521 8.687000 24.125000 204 6445 11014
Ch1: 23.205112 -7.946443 8.687000 24.031250 203 6444 11063
Ch1: 23.303976 -8.635802 8.687000 24.031250 202 6448 11109
Ch1: 23.403680 -7.716657 8.750000 24.062500 201 6447 11157
Ch1: 23.503174 -9.325162 8.687000 24.093750 200 6444 11204
Ch1: 23.606655 -4.040074 8.687000 24.062500 199 6448 11253
Ch1: 23.703840 -9.554948 8.750000 24.156250 198 6445 11300
Ch1: 23.804593 -7.946443 8.750000 24.156250 197 6443 11351
Ch1: 23.906816 -9.095375 8.750000 24.093750 196 6443 11400
Ch1: 24.007359 -7.946443 8.750000 24.093750 195 6453 11446
Ch1: 24.110001 11.585403 8.750000 24.062500 194 6455 11494
Ch1: 24.225237 2.623732 8.750000 24.125000 193 6450 11549
Ch1: 24.319903 0.555655 8.750000 24.156250 192 6448 11593
Ch1: 24.409951 4.232237 8.750000 24.000000 191 6453 11637
Ch1: 24.505457 2.393946 8.750000 24.093750 190 6452 11681
Ch1: 24.603061 -0.133705 8.812000 24.031250 189 6449 11728
Ch1: 24.703604 -5.878365 8.750000 24.093750 188 6447 11776
Ch1: 24.806037 -1.512423 8.750000 24.093750 187 6449 11825
Ch1: 24.905111 -5.648579 8.812000 24.031250 186 6441 11877
Ch1: 25.005864 -7.716657 8.812000 24.093750 185 6448 11923
Ch1: 25.105987 -10.244307 8.812000 24.000000 184 6446 11969
Ch1: 25.206110 -8.635802 8.812000 24.093750 183 6446 12016
Ch1: 25.303295 -1.512423 8.812000 24.000000 182 6449 12061
Ch1: 25.402579 0.096082 8.812000 24.093750 181 6447 12109
Ch1: 25.501443 16.181131 8.812000 24.125000 180 6455 12156
Ch1: 25.598837 -1.742210 8.812000 24.125000 179 6448 12202
Ch1: 25.697492 12.964122 8.812000 24.093750 178 6457 12249
Ch1: 25.794466 15.491772 8.812000 24.093750 177 6457 12296
Ch1: 25.886404 19.168355 8.812000 24.093750 176 6459 12339
Ch1: 25.995763 18.478996 8.812000 24.000000 175 6448 12403
Ch1: 26.099454 21.925792 8.875000 24.093750 174 6456 12442
Ch1: 26.177118 51.338454 8.875000 24.093750 173 6469 12478
Ch1: 26.273883 58.921406 8.875000 24.125000 172 6475 12524
Ch1: 26.370648 49.729949 8.875000 24.093750 171 6472 12571
Ch1: 26.463635 60.989484 8.875000 24.031250 170 6476 12614
Ch1: 26.556202 71.100087 8.875000 24.062500 169 6481 12658
Ch1: 26.648768 78.453252 8.875000 24.125000 168 6483 12702
Ch1: 26.744274 111.542498 8.875000 24.062500 167 6497 12748
Ch1: 26.835372 124.410537 8.875000 24.125000 166 6505 12791
Ch1: 26.928568 126.248829 8.937000 24.125000 165 6507 12835
Ch1: 27.022394 144.172170 8.937000 24.125000 164 6505 12884
Ch1: 27.114542 143.942383 8.937000 24.093750 163 6513 12925
Ch1: 27.206479 160.716792 8.937000 24.000000 162 6519 12968
Ch1: 27.296527 181.167784 8.937000 24.093750 161 6531 13010
Ch1: 27.382167 202.078349 8.937000 24.156250 160 6540 13050
Ch1: 27.482920 221.839981 8.937000 24.093750 159 6549 13100
Ch1: 27.569400 233.788875 8.937000 24.125000 158 6549 13140
Ch1: 27.656299 250.333498 8.937000 24.125000 157 6557 13182
Ch1: 27.746347 271.473849 8.937000 24.125000 156 6565 13225
Ch1: 27.835976 292.384413 8.937000 24.062500 155 6575 13268
Ch1: 27.922875 312.375832 9.000000 24.156250 154 6585 13307
Ch1: 28.009145 325.243872 9.000000 24.062500 153 6594 13352
Ch1: 28.093735 357.873544 9.000000 24.000000 152 6609 13391
Ch1: 28.180215 382.460692 9.000000 24.000000 151 6616 13432
Ch1: 28.264176 407.277626 9.000000 24.125000 150 6625 13471
Ch1: 28.356953 439.677511 9.000000 24.093750 149 6642 13512
Ch1: 28.433147 464.954018 9.062000 24.000000 148 6655 13551
Ch1: 28.516898 493.907108 9.000000 24.093750 147 6667 13591
Ch1: 28.599390 526.766566 9.062000 24.125000 146 6682 13629
Ch1: 28.682091 556.179229 9.062000 23.968750 145 6689 13670
Ch1: 28.758916 575.021715 9.062000 24.125000 144 6699 13705
Ch1: 28.846655 607.881174 9.062000 24.031250 143 6714 13751
Ch1: 28.924738 643.038497 9.062000 24.093750 142 6730 13787
Ch1: 29.002612 688.306423 9.062000 24.031250 141 6751 13822
Ch1: 29.081326 719.097803 9.062000 24.062500 140 6767 13859
Ch1: 29.161928 748.280679 9.125000 24.125000 139 6775 13899
Ch1: 29.235394 786.425226 9.125000 24.125000 138 6792 13933
Ch1: 29.314947 821.122976 9.125000 24.125000 137 6808 13969
Ch1: 29.389042 872.595135 9.125000 24.093750 136 6831 14008
Ch1: 29.467336 930.271527 9.125000 24.093750 135 6853 14043
Ch1: 29.541221 973.241589 9.125000 24.031250 134 6873 14081
Ch1: 29.615317 1016.211650 9.125000 23.968750 133 6893 14113
Ch1: 29.690252 1063.088081 9.125000 24.062500 132 6899 14151
Ch1: 29.764137 1095.947539 9.187000 24.125000 131 6928 14185
Ch1: 29.834665 1143.972902 9.187000 24.000000 130 6951 14220
Ch1: 29.905192 1191.079119 9.187000 24.062500 129 6971 14253
Ch1: 29.969632 1251.053376 9.187000 23.968750 128 6993 14281
Ch1: 30.048765 1300.457457 9.187000 24.062500 127 7020 14319
Ch1: 30.113625 1358.593422 9.187000 24.062500 126 7042 14350
Ch1: 30.179114 1416.269815 9.187000 24.093750 125 7065 14384
Ch1: 30.248802 1483.137664 9.187000 24.031250 124 7097 14418
Ch1: 30.314501 1541.273629 9.250000 24.031250 123 7121 14449
Ch1: 30.381880 1608.371265 9.250000 24.125000 122 7156 14479
Ch1: 30.446949 1666.966804 9.250000 24.093750 121 7172 14510
Ch1: 30.511180 1730.617643 9.250000 24.093750 120 7209 14544
Ch1: 30.574150 1797.715279 9.250000 23.968750 119 7237 14571
Ch1: 30.635652 1863.204410 9.250000 24.125000 118 7262 14602
Ch1: 30.695684 1915.365928 9.250000 24.000000 117 7283 14631
Ch1: 30.755296 1990.965662 9.250000 23.968750 116 7320 14659
Ch1: 30.818476 2055.305861 9.250000 24.062500 115 7349 14688
Ch1: 30.876619 2142.854488 9.312000 24.125000 114 7385 14712
Ch1: 30.938331 2207.194687 9.312000 24.062500 113 7411 14743
Ch1: 30.992066 2272.683818 9.312000 24.093750 112 7434 14772
Ch1: 31.049369 2364.368601 9.312000 24.093750 111 7481 14797
Ch1: 31.101215 2438.130044 9.312000 24.125000 110 7515 14823
Ch1: 31.159358 2515.108496 9.312000 24.093750 109 7556 14847
Ch1: 31.213093 2599.669900 9.312000 24.093750 108 7586 14875
Ch1: 31.268507 2692.044042 9.375000 24.031250 107 7630 14900
Ch1: 31.316994 2767.184203 9.375000 23.968750 106 7657 14923
Ch1: 31.370309 2870.588094 9.375000 24.093750 105 7706 14948
Ch1: 31.418797 2955.609071 9.375000 24.093750 104 7734 14975
Ch1: 31.470643 3053.268301 9.375000 24.031250 103 7779 14999
Ch1: 31.519970 3136.680773 9.375000 23.937500 102 7816 15017
Ch1: 31.565728 3231.582567 9.375000 24.093750 101 7865 15038
Ch1: 31.616525 3323.497136 9.375000 24.062500 100 7901 15065
Ch1: 31.663333 3427.360600 9.437000 24.093750 99 7941 15087
Ch1: 31.712240 3516.287946 9.437000 23.968750 98 7985 15112
Ch1: 31.757789 3620.381196 9.437000 24.000000 97 8045 15131
Ch1: 31.795361 3715.053203 9.437000 23.968750 96 8068 15153
Ch1: 31.844059 3816.159230 9.437000 24.031250 95 8112 15174
Ch1: 31.889188 3907.614227 9.437000 24.031250 94 8157 15193
Ch1: 31.930329 4014.924487 9.437000 24.093750 93 8202 15215
Ch1: 31.973568 4130.277272 9.437000 24.062500 92 8261 15231
Ch1: 32.013450 4252.983223 9.500000 24.062500 91 8307 15256
Ch1: 32.054171 4343.748860 9.500000 24.093750 90 8350 15272
Ch1: 32.094262 4460.939937 9.500000 24.093750 89 8404 15291
Ch1: 32.132255 4563.654468 9.500000 24.125000 88 8443 15309
Ch1: 32.064456 4551.246001 9.812000 24.062500 89 8427 15274
Ch1: 32.033391 4465.076092 9.812000 24.125000 90 8383 15253
Ch1: 31.988681 4356.157327 9.875000 24.062500 91 8333 15237
Ch1: 31.951109 4232.302444 9.875000 24.093750 92 8287 15223
Ch1: 31.906190 4124.992184 9.875000 24.093750 93 8245 15197
Ch1: 31.862110 4026.413808 9.875000 24.062500 94 8197 15176
Ch1: 31.819500 3938.175821 9.875000 24.031250 95 8162 15156
Ch1: 31.775211 3825.810260 9.875000 24.093750 96 8106 15137
Ch1: 31.732811 3731.368039 9.875000 24.031250 97 8070 15115
Ch1: 31.684533 3639.453470 9.875000 24.093750 98 8024 15095
Ch1: 31.639194 3521.113461 9.875000 24.093750 99 7973 15069
Ch1: 31.591546 3425.981882 9.937000 24.031250 100 7930 15049
Ch1: 31.543059 3337.743895 9.937000 24.031250 101 7898 15020
Ch1: 31.494362 3242.152742 9.937000 24.031250 102 7856 14999
Ch1: 31.443146 3150.238172 9.937000 23.937500 103 7804 14979
Ch1: 31.392349 3064.527836 9.937000 24.031250 104 7775 14949
Ch1: 31.343022 2985.251520 9.937000 24.062500 105 7729 14930
Ch1: 31.293905 2879.779551 9.937000 24.062500 106 7690 14903
Ch1: 31.238491 2805.328750 9.937000 24.093750 107 7673 14880
Ch1: 31.184756 2714.792898 9.937000 24.031250 108 7629 14854
Ch1: 31.131860 2632.069786 9.937000 24.031250 109 7588 14830
Ch1: 31.077076 2546.129663 9.937000 24.093750 110 7550 14804
Ch1: 31.022711 2470.759716 9.937000 24.031250 111 7521 14774
Ch1: 30.962889 2407.798235 9.937000 24.031250 112 7484 14747
Ch1: 30.910414 2330.819783 9.937000 24.031250 113 7457 14722
Ch1: 30.851431 2256.368982 9.937000 24.000000 114 7423 14695
Ch1: 30.794338 2175.024588 9.937000 23.937500 115 7385 14666
Ch1: 30.730527 2095.748271 9.937000 24.093750 116 7359 14634
Ch1: 30.673644 2021.986829 9.937000 24.062500 117 7317 14607
Ch1: 30.609834 1960.633854 10.000000 24.031250 118 7298 14580
Ch1: 30.551271 1877.680955 9.937000 24.093750 119 7266 14549
Ch1: 30.487880 1823.681145 10.000000 24.031250 120 7248 14519
Ch1: 30.423650 1764.626034 10.000000 24.093750 121 7215 14491
Ch1: 30.357951 1687.877368 10.000000 24.031250 122 7180 14457
Ch1: 30.295610 1621.469092 10.000000 24.062500 123 7147 14430
Ch1: 30.233899 1574.362875 10.000000 24.062500 124 7135 14396
Ch1: 30.159174 1508.184384 10.000000 24.000000 125 7099 14362
Ch1: 30.093054 1456.252653 10.000000 24.031250 126 7080 14329
Ch1: 30.029244 1406.848571 10.000000 24.093750 127 7055 14302
Ch1: 29.957038 1335.614780 10.000000 24.031250 128 7018 14268
Ch1: 29.888819 1277.938387 10.000000 24.062500 129 6995 14237
Ch1: 29.820811 1230.832170 10.000000 24.000000 130 6981 14203
Ch1: 29.747765 1179.130225 10.000000 24.062500 131 6960 14166
Ch1: 29.676188 1126.738920 10.000000 24.093750 132 6935 14133
Ch1: 29.605661 1090.202879 10.000000 24.093750 133 6923 14099
Ch1: 29.529887 1046.543458 10.000000 24.062500 134 6899 14064
Ch1: 29.459359 1001.045746 10.000000 24.062500 135 6884 14031
Ch1: 29.382325 961.752267 10.000000 24.031250 136 6861 13992
Ch1: 29.310329 911.888613 10.000000 24.093750 137 6843 13964
Ch1: 29.241481 853.752648 10.000000 24.062500 138 6814 13925
Ch1: 29.157730 825.259131 10.000000 24.031250 139 6808 13890
Ch1: 29.078177 792.169886 10.000000 24.031250 140 6792 13849
Ch1: 28.999464 758.161496 10.000000 24.031250 141 6777 13812
Ch1: 28.919701 724.842464 10.000000 24.031250 142 6762 13772
Ch1: 28.846025 682.791548 10.000000 24.093750 143 6745 13738
Ch1: 28.759755 632.468321 10.000000 23.937500 144 6726 13695
Ch1: 28.681672 608.570533 10.000000 24.093750 145 6710 13661
Ch1: 28.602329 575.021715 10.000000 24.062500 146 6693 13621
Ch1: 28.518997 533.200586 10.000000 24.000000 147 6681 13580
Ch1: 28.436716 501.949632 10.062000 24.000000 148 6664 13542
Ch1: 28.352965 472.536970 10.000000 24.031250 149 6653 13503
Ch1: 28.268794 447.949823 10.000000 24.062500 150 6640 13464
Ch1: 28.188191 427.269045 10.062000 24.093750 151 6636 13424
Ch1: 28.101922 407.277626 10.000000 24.093750 152 6625 13382
Ch1: 28.017541 384.758556 10.000000 24.093750 153 6614 13342
Ch1: 27.932321 354.886321 10.000000 23.968750 154 6600 13301
Ch1: 27.847730 319.958784 10.000000 24.062500 155 6585 13261
Ch1: 27.758522 295.371637 10.062000 24.093750 156 6576 13218
Ch1: 27.669733 277.448296 10.000000 24.093750 157 6570 13175
Ch1: 27.583883 257.456877 10.062000 24.031250 158 6560 13134
Ch1: 27.500342 244.359051 10.062000 24.062500 159 6554 13095
Ch1: 27.400218 226.205923 10.000000 24.093750 160 6545 13047
Ch1: 27.314368 210.810233 10.062000 24.062500 161 6539 13009
Ch1: 27.226839 194.954970 10.000000 24.093750 162 6536 12966
Ch1: 27.135742 182.776289 10.062000 24.093750 163 6527 12922
Ch1: 27.045064 168.759317 10.000000 24.062500 164 6519 12879
Ch1: 26.953547 148.997685 10.000000 24.000000 165 6514 12834
Ch1: 26.860350 137.967936 10.000000 24.062500 166 6504 12790
Ch1: 26.770092 125.559469 10.062000 23.968750 167 6501 12747
Ch1: 26.676895 100.053176 10.000000 24.062500 168 6495 12703
Ch1: 26.584119 95.227661 10.062000 24.062500 169 6491 12658
Ch1: 26.490082 86.955350 10.062000 23.937500 170 6487 12613
Ch1: 26.398145 77.074534 10.000000 23.968750 171 6484 12569
Ch1: 26.303899 66.963931 10.000000 24.062500 172 6475 12528
Ch1: 26.206924 46.512939 10.000000 24.062500 173 6470 12480
Ch1: 26.113728 33.185327 10.000000 24.062500 174 6463 12435
Ch1: 26.024309 26.291734 10.062000 24.031250 175 6461 12392
Ch1: 25.920618 19.398141 10.062000 24.062500 176 6455 12341
Ch1: 25.827001 28.589598 10.062000 23.937500 177 6457 12297
Ch1: 25.732755 23.993870 10.062000 24.000000 178 6456 12252
Ch1: 25.634521 13.883267 10.062000 24.062500 179 6452 12205
Ch1: 25.536287 10.666257 10.062000 24.031250 180 6450 12158
Ch1: 25.435743 5.381170 10.000000 24.031250 181 6448 12110
Ch1: 25.336670 -3.350715 10.062000 23.968750 182 6446 12063
Ch1: 25.238225 -6.337938 10.062000 24.031250 183 6433 12021
Ch1: 25.137472 -9.554948 10.062000 24.062500 184 6442 11971
Ch1: 25.039028 -2.201782 10.062000 24.031250 185 6447 11922
Ch1: 24.938905 -12.542172 10.062000 24.031250 186 6444 11874
Ch1: 24.840880 -8.865589 10.000000 24.062500 187 6445 11827
Ch1: 24.738238 -9.325162 10.062000 24.031250 188 6446 11778
Ch1: 24.636646 -10.703880 10.062000 23.937500 189 6447 11729
Ch1: 24.537362 -4.269860 10.062000 24.093750 190 6450 11683
Ch1: 24.442696 -5.648579 10.062000 23.937500 191 6447 11638
Ch1: 24.337115 4.462024 10.062000 24.093750 192 6455 11586
Ch1: 24.240560 5.381170 10.062000 23.968750 193 6452 11541
Ch1: 24.142746 9.517325 10.062000 24.031250 194 6446 11498
Ch1: 24.041153 11.585403 10.062000 24.031250 195 6452 11449
Ch1: 23.942289 11.585403 10.062000 23.968750 196 6453 11401
Ch1: 23.840486 8.138607 10.062000 24.000000 197 6451 11350
Ch1: 23.738264 13.423694 10.062000 24.031250 198 6453 11302
Ch1: 23.640869 -4.729433 10.062000 24.031250 199 6447 11255
Ch1: 23.538227 -6.337938 10.062000 23.937500 200 6450 11206
Ch1: 23.438734 0.096082 10.062000 23.968750 201 6450 11159
Ch1: 23.337141 0.325868 10.062000 24.062500 202 6451 11110
Ch1: 23.239326 0.325868 10.062000 24.031250 203 6452 11064
Ch1: 23.139623 5.151383 10.062000 24.062500 204 6453 11018
Ch1: 23.035301 9.976898 10.062000 24.031250 205 6451 10970
Ch1: 22.936018 9.057752 10.062000 24.031250 206 6454 10923
Ch1: 22.841981 10.436471 10.062000 24.093750 207 6454 10876
Ch1: 22.730313 11.585403 10.000000 24.031250 208 6454 10822
Ch1: 22.630190 14.113054 10.000000 24.000000 209 6456 10774
Ch1: 22.533215 11.355617 10.062000 24.000000 210 6453 10727
Ch1: 22.430573 7.449247 10.062000 24.031250 211 6449 10678
Ch1: 22.330450 5.381170 10.062000 24.062500 212 6447 10631
Ch1: 22.228017 3.083305 10.000000 24.062500 213 6448 10582
Ch1: 22.127684 -0.823064 10.062000 24.000000 214 6444 10534
Ch1: 22.027981 -1.971996 10.062000 24.000000 215 6446 10487
Ch1: 21.926388 7.449247 10.000000 23.968750 216 6451 10439
Ch1: 21.829413 2.393946 10.000000 24.031250 217 6451 10396
Ch1: 21.727820 -4.959220 10.062000 24.093750 218 6447 10345
Ch1: 21.629796 -9.325162 10.000000 24.062500 219 6443 10297
Ch1: 21.525894 -9.095375 10.062000 24.062500 220 6444 10247
Ch1: 21.423882 -8.176229 10.000000 24.062500 221 6445 10198
Ch1: 21.323549 -7.486870 10.000000 24.093750 222 6445 10151
Ch1: 21.228883 12.504549 10.062000 24.062500 223 6454 10107
Ch1: 21.117844 -9.784734 10.000000 24.062500 224 6445 10052
Ch1: 21.020870 -12.082599 10.062000 24.062500 225 6445 10007
Ch1: 20.922006 -8.406016 10.062000 24.000000 226 6445 9959
Ch1: 20.820833 -7.946443 10.062000 24.031250 227 6443 9914
Ch1: 20.723018 -1.742210 10.062000 24.031250 228 6448 9868
Ch1: 20.618487 11.585403 10.062000 24.031250 229 6454 9816
Ch1: 20.517944 8.598179 10.062000 23.937500 230 6455 9768
Ch1: 20.418240 10.206684 10.000000 24.062500 231 6453 9720
Ch1: 20.315388 9.976898 10.062000 24.031250 232 6453 9670
Ch1: 20.215895 -8.406016 10.000000 24.031250 233 6445 9623
Ch1: 20.113882 -0.823064 10.000000 24.000000 234 6447 9575
Ch1: 20.015438 -1.512423 10.062000 24.031250 235 6444 9528
Ch1: 19.914265 -5.648579 10.062000 24.000000 236 6444 9479
Ch1: 19.811203 -3.580501 10.000000 24.000000 237 6446 9431
Ch1: 19.711919 -1.282637 10.000000 24.000000 238 6444 9386
Ch1: 19.618513 -4.959220 10.000000 23.937500 239 6445 9343
Ch1: 19.505795 4.462024 10.062000 24.031250 240 6448 9285
Ch1: 19.406931 -3.350715 10.062000 24.062500 241 6446 9238
Ch1: 19.308067 -3.350715 10.000000 24.000000 242 6445 9191
Ch1: 19.205425 -3.350715 10.062000 24.062500 243 6447 9141
Ch1: 19.105512 -6.567725 10.000000 24.031250 244 6446 9094
Ch1: 19.001820 -4.269860 10.000000 24.031250 245 6446 9045
Ch1: 18.901697 -6.337938 10.000000 24.062500 246 6443 8998
Ch1: 18.801363 -10.014521 10.062000 24.031250 247 6445 8949
Ch1: 18.698511 -6.108152 10.000000 24.062500 248 6447 8900
Ch1: 18.599018 -4.269860 10.000000 23.968750 249 6449 8853
Ch1: 18.499524 -7.716657 10.000000 24.000000 250 6443 8810
Ch1: 18.400450 11.125830 10.000000 24.062500 251 6454 8760
Ch1: 18.298018 -1.512423 10.000000 24.000000 252 6445 8709
Ch1: 18.194116 4.691810 10.000000 24.031250 253 6449 8660
Ch1: 18.093363 3.313092 10.000000 24.031250 254 6448 8612
Ch1: 17.999327 -3.120928 10.000000 23.937500 255 6446 8568
Ch1: 17.886190 2.164160 10.000000 24.031250 256 6449 8512
Ch1: 17.787955 -4.269860 10.000000 24.062500 257 6444 8467
Ch1: 17.689301 -9.095375 10.000000 24.031250 258 6444 8419
Ch1: 17.586869 -6.337938 10.000000 24.000000 259 6446 8370
Ch1: 17.487375 -5.189006 10.000000 24.031250 260 6448 8324
Ch1: 17.385153 12.044976 10.000000 24.031250 261 6452 8278
Ch1: 17.286289 10.896044 10.000000 23.968750 262 6447 8232
Ch1: 17.186376 7.679034 10.000000 24.000000 263 6453 8180
Ch1: 17.083314 3.313092 10.000000 23.906250 264 6447 8130
Ch1: 16.982351 -1.052850 10.000000 24.062500 265 6447 8082
Ch1: 16.881388 -1.742210 10.000000 24.062500 266 6446 8034
Ch1: 16.780005 -2.431569 10.000000 24.031250 267 6445 7986
Ch1: 16.678202 -5.648579 10.000000 24.000000 268 6446 7937
Ch1: 16.576190 -7.257084 10.000000 23.906250 269 6445 7888
Ch1: 16.475647 -5.648579 10.000000 24.031250 270 6446 7841
Ch1: 16.381610 -7.257084 10.000000 24.000000 271 6446 7797
Ch1: 16.272461 -10.244307 10.000000 24.000000 272 6443 7748
Ch1: 16.173177 -4.729433 10.000000 24.000000 273 6448 7699
Ch1: 16.079981 12.044976 10.000000 23.968750 274 6454 7656
Ch1: 15.971251 10.666257 10.000000 24.062500 275 6450 7600
Ch1: 15.872178 6.989675 10.000000 24.000000 276 6449 7553
Ch1: 15.768696 3.772665 10.000000 24.062500 277 6450 7503
Ch1: 15.666264 4.232237 10.000000 24.000000 278 6449 7457
Ch1: 15.566980 9.747112 10.000000 24.062500 279 6455 7408
Ch1: 15.465387 9.747112 10.000000 24.031250 280 6455 7359
Ch1: 15.363794 14.342840 10.000000 23.906250 281 6455 7311
Ch1: 15.264511 12.044976 10.000000 24.000000 282 6455 7267
Ch1: 15.166276 11.355617 10.000000 24.062500 283 6452 7222
Ch1: 15.063424 14.572627 10.000000 24.062500 284 6454 7170
Ch1: 14.960572 16.410918 10.000000 24.031250 285 6456 7119
Ch1: 14.858980 15.721559 10.000000 24.031250 286 6456 7071
Ch1: 14.764943 12.734335 10.000000 24.031250 287 6454 7027
Ch1: 14.655584 -2.891142 10.000000 24.000000 288 6450 6973
Ch1: 14.556300 16.181131 10.000000 24.062500 289 6454 6926
Ch1: 14.456807 12.504549 10.000000 24.000000 290 6452 6879
Ch1: 14.355634 11.585403 10.000000 24.062500 291 6451 6830
Ch1: 14.254251 9.287539 10.000000 23.968750 292 6449 6782
Ch1: 14.150350 9.976898 10.000000 23.968750 293 6447 6737
Ch1: 14.050646 13.423694 10.000000 23.968750 294 6452 6690
Ch1: 13.952202 8.368393 10.000000 24.000000 295 6453 6641
Ch1: 13.851029 4.462024 10.000000 23.906250 296 6452 6592
Ch1: 13.748807 7.679034 10.000000 24.000000 297 6452 6542
Ch1: 13.648053 8.827966 10.000000 24.031250 298 6454 6493
Ch1: 13.549190 8.368393 10.000000 23.968750 299 6454 6446
Ch1: 13.444868 6.300315 10.000000 24.031250 300 6450 6396
Ch1: 13.342646 -5.878365 10.000000 24.062500 301 6446 6347
Ch1: 13.241683 -9.095375 10.000000 23.906250 302 6446 6300
Ch1: 13.146387 -3.580501 10.000000 24.062500 303 6449 6255
Ch1: 13.036818 -5.648579 10.000000 24.031250 304 6447 6203
Ch1: 12.939843 -4.499647 10.000000 24.031250 305 6446 6162
Ch1: 12.841189 -0.133705 10.000000 23.906250 306 6451 6112
Ch1: 12.738547 4.691810 10.000000 24.031250 307 6452 6061
Ch1: 12.638004 5.610956 10.000000 24.031250 308 6453 6013
Ch1: 12.535782 6.759888 10.000000 24.031250 309 6453 5963
Ch1: 12.434189 1.934373 10.000000 24.000000 310 6447 5914
Ch1: 12.332386 -3.120928 10.000000 24.031250 311 6445 5867
Ch1: 12.229744 -4.269860 10.000000 24.062500 312 6446 5817
Ch1: 12.129621 -10.014521 10.000000 23.968750 313 6445 5770
Ch1: 12.028238 -7.257084 10.000000 24.031250 314 6445 5721
Ch1: 11.930214 -4.729433 10.000000 24.000000 315 6447 5678
Ch1: 11.828411 0.785441 10.000000 23.968750 316 6450 5631
Ch1: 11.725769 12.044976 10.000000 24.000000 317 6452 5580
Ch1: 11.625436 6.300315 10.000000 23.968750 318 6450 5530
Ch1: 11.530140 3.313092 10.000000 23.937500 319 6448 5485
Ch1: 11.420361 -1.052850 10.000000 24.062500 320 6449 5431
Ch1: 11.321707 -3.810287 10.000000 24.031250 321 6445 5385
Ch1: 11.221584 -4.959220 10.000000 24.031250 322 6445 5337
Ch1: 11.118732 -5.878365 10.000000 24.031250 323 6445 5288
Ch1: 11.018818 -5.878365 10.000000 24.031250 324 6446 5240
Ch1: 10.915756 -7.027297 10.000000 23.906250 325 6446 5191
Ch1: 10.813324 -6.797511 10.000000 24.000000 326 6445 5143
Ch1: 10.716139 -7.027297 10.000000 24.031250 327 6447 5103
Ch1: 10.614127 12.964122 10.000000 23.937500 328 6455 5052
Ch1: 10.513583 15.491772 10.000000 24.031250 329 6454 5001
Ch1: 10.411361 15.261986 10.000000 23.906250 330 6454 4952
Ch1: 10.310818 15.721559 10.000000 23.968750 331 6455 4903
Ch1: 10.207966 13.423694 10.000000 23.968750 332 6452 4854
Ch1: 10.105743 14.113054 10.000000 23.906250 333 6452 4805
Ch1: 10.005830 11.585403 10.000000 24.000000 334 6451 4762
Ch1: 9.909905 9.057752 10.000000 24.031250 335 6451 4713
Ch1: 9.797397 14.342840 10.000000 24.031250 336 6453 4657
Ch1: 9.698953 2.623732 10.000000 23.937500 337 6444 4614
Ch1: 9.600719 -1.052850 10.000000 23.968750 338 6441 4572
Ch1: 9.499546 -1.282637 10.000000 24.031250 339 6448 4520
Ch1: 9.399002 -3.580501 10.000000 23.968750 340 6446 4471
Ch1: 9.296150 -0.823064 10.000000 23.968750 341 6451 4420
Ch1: 9.195397 13.193908 10.000000 23.875000 342 6456 4371
Ch1: 9.094434 15.721559 10.000000 23.968750 343 6456 4324
Ch1: 8.996410 9.976898 10.000000 23.968750 344 6451 4282
Ch1: 8.892508 -5.648579 10.000000 23.968750 345 6445 4226
Ch1: 8.792175 -5.418792 10.000000 24.000000 346 6445 4181
Ch1: 8.691422 -6.337938 10.000000 23.906250 347 6447 4131
Ch1: 8.590879 -6.567725 10.000000 23.968750 348 6446 4085
Ch1: 8.487187 -5.878365 10.000000 24.000000 349 6439 4041
Ch1: 8.387693 -3.810287 10.000000 24.000000 350 6451 3991
Ch1: 8.294287 14.802413 10.000000 24.000000 351 6454 3944
Ch1: 8.184718 14.342840 10.000000 23.968750 352 6452 3890
Ch1: 8.085014 15.491772 10.000000 24.031250 353 6455 3844
Ch1: 7.985311 12.274762 10.000000 23.937500 354 6451 3795
Ch1: 7.883088 7.908820 10.000000 23.968750 355 6449 3746
Ch1: 7.781916 5.151383 10.000000 24.000000 356 6449 3698
Ch1: 7.678644 4.232237 10.000000 23.968750 357 6448 3649
Ch1: 7.578310 -1.742210 10.000000 24.000000 358 6447 3601
Ch1: 7.479866 -3.120928 10.000000 24.031250 359 6445 3555
Ch1: 7.379533 -7.486870 10.000000 24.000000 360 6433 3512
Ch1: 7.278150 -2.661355 10.000000 24.031250 361 6448 3463
Ch1: 7.177817 -5.189006 10.000000 23.968750 362 6448 3413
Ch1: 7.079163 -5.648579 10.000000 23.906250 363 6450 3364
Ch1: 6.974632 -1.742210 10.000000 23.906250 364 6446 3314
Ch1: 6.873039 2.853519 10.000000 24.031250 365 6452 3265
Ch1: 6.772706 -5.418792 10.000000 23.968750 366 6447 3217
Ch1: 6.677620 12.044976 10.000000 23.968750 367 6452 3173
Ch1: 6.566372 9.057752 10.000000 23.968750 368 6449 3117
Ch1: 6.465409 8.598179 10.000000 23.968750 369 6450 3072
Ch1: 6.365705 7.679034 10.000000 24.000000 370 6449 3024
Ch1: 6.266212 6.300315 10.000000 24.031250 371 6448 2979
Ch1: 6.167557 14.802413 10.000000 23.968750 372 6457 2936
Ch1: 6.065125 9.287539 10.000000 23.968750 373 6456 2883
Ch1: 5.965002 10.666257 10.000000 23.968750 374 6455 2833
Ch1: 5.864878 15.721559 10.000000 24.000000 375 6456 2785
Ch1: 5.763496 15.721559 10.000000 23.906250 376 6455 2737
Ch1: 5.663372 15.491772 10.000000 24.031250 377 6455 2689
Ch1: 5.561990 18.249209 10.000000 23.968750 378 6455 2643
Ch1: 5.463965 16.870491 10.000000 23.937500 379 6454 2593
Ch1: 5.361743 17.100277 10.000000 24.031250 380 6457 2545
Ch1: 5.259101 19.168355 10.000000 23.937500 381 6455 2496
Ch1: 5.160027 14.342840 10.000000 24.000000 382 6452 2449
Ch1: 5.069139 13.653481 10.000000 24.000000 383 6452 2413
Ch1: 4.960410 15.032199 10.000000 24.031250 384 6457 2356
Ch1: 4.862385 -0.593277 10.000000 23.968750 385 6450 2310
Ch1: 4.764151 1.245014 10.000000 24.000000 386 6450 2261
Ch1: 4.662558 2.164160 10.000000 24.031250 387 6455 2212
Ch1: 4.562225 6.070529 10.000000 24.000000 388 6455 2165
Ch1: 4.460632 9.287539 10.000000 24.000000 389 6455 2116
