11.100638390 9.057751656 0.877252790 0.096851053
11.283736229 8.942858696 0.877252790 0.098095343
11.383585930 8.506264687 0.877252790 0.103130201
11.486879349 7.610097885 0.877252790 0.115274837
11.586078644 8.391371727 0.877252790 0.104542239
11.683725357 9.701153755 0.877252790 0.090427676
11.797136307 7.403289795 0.877252790 0.118494995
11.890311241 7.219460964 0.877252790 0.121512228
11.991210938 7.403289795 0.877252790 0.118494995
12.094420433 7.058609962 0.877252790 0.124281239
12.205836296 3.680749893 0.877252790 0.238335343
12.299012184 7.564140797 0.877252790 0.115975206
12.397959709 9.379452705 0.877252790 0.093529209
12.499112129 8.827965736 0.877252790 0.099372020
12.600976944 7.104568005 0.877252790 0.123477288
12.701038361 8.644137383 0.877252790 0.101485290
12.801854134 9.586260796 0.965523785 0.100719541
12.904936790 8.782009125 1.035256356 0.117883771
13.006654739 9.770090103 1.200899216 0.122915879
13.110388756 9.816047668 1.269539127 0.129333024
13.209400177 8.368392944 1.347448837 0.161016440
13.307192802 8.873923302 1.576413500 0.177645608
13.423688889 9.379452705 1.570965543 0.167490108
13.516193390 10.436470985 1.550883643 0.148602305
13.616336823 10.091791153 1.612957264 0.159828641
13.720133781 10.114769936 1.639850147 0.162124315
13.823783875 8.965838432 1.349431628 0.150508136
13.923549652 9.976898193 1.403745099 0.140699551
14.026486397 11.424552917 1.375018538 0.120356442
14.128897667 10.413492203 1.574008571 0.151150886
14.231749535 10.114769936 1.592981334 0.157490615
14.330593109 9.839026451 1.649547389 0.167653517
14.431031227 9.862005234 1.723791267 0.174791153
14.536569595 11.999018669 1.766993597 0.147261509
14.637784958 11.562423706 1.848861667 0.159902605
14.741455078 11.148809433 1.908189266 0.171156326
14.841494560 12.458591461 1.918479542 0.153988478
14.937608719 11.171787262 1.886122974 0.168829117
15.050515175 11.378595352 1.858252877 0.163311272
15.145054817 12.826250076 1.896008504 0.147822512
15.245368004 12.964121819 1.920894899 0.148170075
15.348933220 11.608382225 1.882113962 0.162134045
15.452204704 13.814331055 1.856715294 0.134405009
15.563557625 10.919021606 1.764588913 0.161606871
15.654361725 15.422836304 1.912852678 0.124027296
15.757192612 14.664541245 1.909967396 0.130243924
15.860507011 14.159010887 1.816321457 0.128280250
15.961112976 13.814331055 1.795046907 0.129940921
16.063377380 14.434755325 1.794192983 0.124296737
16.167383194 14.411775589 1.898941760 0.131763206
16.268745422 14.296882629 1.961268609 0.137181556
16.371387482 15.307943344 1.964378476 0.128324128
16.472686768 14.503690720 2.069391029 0.142680306
16.570207596 14.434755325 2.065846689 0.143116156
16.683240891 14.756456375 2.018544259 0.136790582
16.776079178 15.170070648 2.090339924 0.137793684
16.876895905 14.411775589 2.153180137 0.149404223
16.980566025 16.158153534 2.152117127 0.133190783
17.083963394 14.434755325 2.199025441 0.152342412
17.184549332 17.238149643 2.106958857 0.122226509
17.286750793 16.158153534 2.383433907 0.147506576
17.388469696 15.330922127 2.502350264 0.163222423
17.493001938 17.192192078 2.567932727 0.149366219
17.591760635 17.996444702 2.478372290 0.137714550
17.692995071 18.042402267 2.557168385 0.141731037
17.800884247 18.203252792 2.488566850 0.136710009
17.899938583 18.088359833 2.593954642 0.143404635
18.002454758 18.869632721 2.745015563 0.145472655
18.101486206 18.823675156 2.783642751 0.147879876
18.199972153 18.387081146 2.766022948 0.150432955
18.315418243 19.329204559 2.825363688 0.146170717
18.408531189 19.444099426 2.864675035 0.147328759
18.508844376 20.248350143 2.877442276 0.142107493
18.612514496 19.283248901 2.906718102 0.150737986
18.717338562 20.409202576 2.778865842 0.136157492
18.815973282 22.431322098 2.979982708 0.132849178
18.918090820 21.052604675 3.071985866 0.145919515
19.019430161 21.121540070 3.118054976 0.147624414
19.132778168 19.375162125 3.236912578 0.167065058
19.222679138 21.879835129 3.399499729 0.155371359
19.333360672 19.949628830 3.539465193 0.177420103
19.428319931 23.350467682 3.732072164 0.159828583
19.530227661 23.649190903 3.901782013 0.164985856
19.633752823 23.166639328 4.103875485 0.177145913
19.732259750 22.844938278 4.299729325 0.188213655
19.829086304 24.384506226 4.432996462 0.181795621
19.941572189 24.246635437 4.468951215 0.184312220
20.034580231 25.188758850 4.592881564 0.182338542
20.134599686 24.315570831 4.815851422 0.198056277
20.238458633 24.062805176 4.702298196 0.195417706
20.341142654 27.256837845 4.967083363 0.182232561
20.440280914 27.233858109 5.284960558 0.194058460
20.542480469 28.084068298 5.543058550 0.197373774
20.643548965 28.175983429 5.766444261 0.204658136
20.746400833 28.773427963 5.838587278 0.202915943
20.845411301 29.049171448 5.776714761 0.198859880
20.946060181 30.519804001 5.751689248 0.188457608
21.049961090 31.071292877 5.994026490 0.192912040
21.150798798 31.645757675 6.167210891 0.194882706
21.252895355 32.427032471 6.296706507 0.194180782
21.352935791 32.725753784 6.258581955 0.191243325
21.450456619 31.094270706 6.265029149 0.201485001
21.561746597 33.231285095 6.270686896 0.188698297
21.655382156 34.908725739 6.448912420 0.184736403
21.766756058 31.347034454 6.452923122 0.205854341
21.858568192 37.252548218 6.424250215 0.172451296
21.962596893 37.091697693 6.475530662 0.174581674
22.063138962 38.539352417 6.507892394 0.168863564
22.164165497 39.044879913 6.647135353 0.170243457
22.264959335 39.642326355 6.554502426 0.165341014
22.370016098 36.034679413 6.617571552 0.183644524
22.468669891 39.688282013 6.504588926 0.163891925
22.569927216 41.825294495 6.572025997 0.157130418
22.673345566 41.595508575 6.680255485 0.160600404
22.773469925 42.583591461 6.809868665 0.159917669
22.877895355 41.411682129 6.910797007 0.166880374
22.977893829 41.710403442 7.112939482 0.170531544
23.074279785 43.043163300 7.139993949 0.165879861
23.190502167 46.214218140 7.294554194 0.157842207
23.283700943 45.570816040 7.229792678 0.158649621
23.384767532 46.719745636 7.176739081 0.153612546
23.488416672 46.191238403 7.381379392 0.159800422
23.592109680 47.156341553 7.736153509 0.164053301
23.691686630 49.362289429 8.160080325 0.165310005
23.802452087 46.857620239 8.853988076 0.188955138
23.893360138 50.005691528 9.760172254 0.195181227
24.006771088 48.236339569 10.617204309 0.220108002
24.095958710 50.878883362 12.031148403 0.236466440
24.197130203 52.349514008 13.735687572 0.262384242
24.300550461 53.521423340 15.521153826 0.289998899
24.407915115 53.705253601 17.670091295 0.329019791
24.504365921 56.462692261 19.939485260 0.353144430
24.605768204 56.807369232 22.473902052 0.395615962
24.700288773 58.415874481 25.530006382 0.437038846
24.828580856 54.762271881 28.912210653 0.527958568
24.908784866 59.955444336 32.960691969 0.549753110
25.009515762 59.840553284 37.226953985 0.622102436
25.110290527 64.068618774 41.783247747 0.652164016
25.220132828 65.516273499 46.757394968 0.713676045
25.309402466 71.260940552 52.151287798 0.731835524
25.409170151 76.316238403 57.649543602 0.755403369
25.506732941 81.808135986 63.708503306 0.778755102
25.606645584 90.264274597 69.940848079 0.774845291
25.701564789 96.146804810 76.675907871 0.797487842
25.799797058 101.294021606 83.917418676 0.828453815
25.898452759 110.163780212 91.473340250 0.830339519
25.994649887 117.861625671 99.347772738 0.842918738
26.102939606 126.892234802 107.809215229 0.849612393
26.186584473 139.438568115 116.465191894 0.835243745
26.276969910 148.078536987 125.424432008 0.847012907
26.385236740 166.070816040 134.162810330 0.807865063
26.472513199 175.951629639 143.537955462 0.815780767
26.565626144 189.509033203 152.958845641 0.807132215
26.661048889 204.491104126 162.732603732 0.795793071
26.756574631 218.714889526 172.620633325 0.789249574
26.848426819 234.478240967 182.924014448 0.780132151
26.941749573 251.114776611 193.731394473 0.771485442
27.029846191 269.474700928 204.892369360 0.760339908
27.129592896 287.627838135 216.338403428 0.752146958
27.211305618 308.492431641 228.477621063 0.740626342
27.301187515 328.231109619 240.596441820 0.733009257
27.392410278 351.071868896 253.510102315 0.722103150
27.480400085 375.176452637 266.857802919 0.711286119
27.569923401 397.672546387 280.114046989 0.704383668
27.662490845 420.949920654 294.362724545 0.699282053
27.738979340 448.340454102 308.976128374 0.689155140
27.835157394 474.628021240 324.018037548 0.682677851
27.914920807 500.892608643 340.014819070 0.678817801
27.999153137 529.386108398 356.461372851 0.673348558
28.085506439 561.441345215 373.405744405 0.665084158
28.171335220 590.762084961 390.840905126 0.661587660
28.251644135 625.459838867 408.963017374 0.653859756
28.335647583 659.192504883 427.850279673 0.649052100
28.416669846 690.719177246 447.935574381 0.648506063
28.499309540 731.827941895 468.412404966 0.640058104
28.577476501 765.422729492 490.212536914 0.640446799
28.656190872 809.587707520 512.645937539 0.633218529
28.736204147 851.408813477 536.211327345 0.629793019
28.814582825 890.679321289 560.749362973 0.629574921
28.893232346 935.464721680 586.661549390 0.627133804
28.968797684 978.710510254 612.942004483 0.626275081
29.043333054 1022.117187500 640.555187286 0.626694468
29.128658295 1078.391845703 668.668209063 0.620060520
29.194253922 1123.636840820 698.547239950 0.621684173
29.268831253 1173.615356445 729.565537541 0.621639393
29.343242645 1227.270507812 761.813258702 0.620737852
29.416120529 1282.694946289 795.765263691 0.620385436
29.483161926 1340.141601562 831.274514690 0.620288568
29.552114487 1402.068969727 867.978639517 0.619069859
29.619661331 1462.755615234 905.852636411 0.619278181
29.695037842 1528.129882812 945.450256592 0.618697577
29.752866745 1586.748413086 986.249203119 0.621553609
29.817663193 1654.994873047 1029.097527102 0.621813121
29.885650635 1721.908691406 1073.790898658 0.623605017
29.947801590 1798.174804688 1120.051732374 0.622882564
30.011548996 1867.593383789 1168.305721057 0.625567498
30.076198578 1935.403320312 1218.544481780 0.629607518
30.132158279 2009.532348633 1269.940012027 0.631957984
30.199033737 2095.058837891 1321.503849579 0.630771712
30.253356934 2171.210205078 1376.898888733 0.634161946
30.309253693 2250.877197266 1433.630548312 0.636920819
30.367773056 2345.020507812 1491.288266137 0.635938262
30.424007416 2428.249267578 1550.657312688 0.638590664
30.476903915 2514.051513672 1613.697554097 0.641871316
30.530050278 2603.300537109 1678.843529464 0.644890402
30.582693100 2694.157958984 1747.400318339 0.648588667
30.636785507 2787.428466797 1816.108459021 0.651535449
30.688400269 2881.411132812 1888.787584786 0.655507839
30.736215591 2979.024414062 1966.690900088 0.660179517
30.786172867 3081.026611328 2044.236099889 0.663491867
30.832582474 3184.292480469 2125.054051989 0.667355171
30.880733490 3291.189208984 2206.892327189 0.670545565
30.928108215 3392.019531250 2289.625214556 0.675003547
30.971410751 3489.448974609 2376.797058319 0.681138219
31.020759583 3614.751464844 2464.315818769 0.681738660
31.058855057 3719.028564453 2559.595166716 0.688242944
31.105182648 3830.222167969 2660.934753010 0.694720733
31.145734787 3945.138427734 2765.711105765 0.701042855
31.184860229 4068.579589844 2870.200322379 0.705455125
31.224931717 4181.910156250 2978.525611950 0.712240460
31.260950089 4306.500488281 3088.189194053 0.717099465
31.299173355 4425.323242188 3201.899764924 0.723540313
31.337690353 4550.717285156 3316.315650526 0.728745699
31.366825104 4684.361328125 3434.169476694 0.733113702
31.406957626 4802.264648438 3560.223544886 0.741363462
31.444698334 4928.785156250 3688.679415746 0.748395253
31.480234146 5053.306152344 3823.853457750 0.756703303
31.513462067 5188.007324219 3957.800635808 0.762874913
31.544633865 5320.295410156 4094.160993181 0.769536403
31.575069427 5449.021484375 4233.716931622 0.776968295
31.605337143 5613.387695312 4372.539292537 0.778948387
31.626537323 5752.982910156 4518.978627769 0.785501834
31.657392502 5889.567871094 4657.661117409 0.790832404
31.692340851 6021.971191406 4801.701154269 0.797363687
31.721307755 6164.783203125 4952.909511582 0.803419901
31.751974106 6298.955566406 5099.529299580 0.809583310
31.777582169 6444.893066406 5215.729438811 0.809280990
31.804197311 6584.603027344 5311.932671941 0.806720261
31.829910278 6739.410156250 5398.511810393 0.801036246
31.848634720 6891.597656250 5494.241822858 0.797237752
31.874032974 7037.765136719 5577.854083079 0.792560419
31.896324158 7191.009277344 5652.972253698 0.786116668
31.926193237 7333.385253906 5721.771325020 0.780236020
31.948211670 7490.306152344 5788.442488722 0.772791174
31.970735550 7645.205078125 5855.459113972 0.765899548
31.991746902 7786.708007812 5922.397316829 0.760577809
32.017963409 7960.931640625 6004.972964240 0.754305304
32.042121887 8100.894531250 6120.858493290 0.755578099
32.059692383 8257.195312500 6200.550540206 0.750926956
32.079105377 8418.115234375 6204.551679861 0.737047606
32.104797363 8575.105468750 6187.669184213 0.721585199
32.064014435 8255.126953125 6095.841800113 0.738431018
32.047222137 8095.242187500 6000.655762249 0.741257102
32.024574280 7955.922363281 5884.692205897 0.739661844
31.998714447 7783.789550781 5783.695342407 0.743043643
31.975017548 7643.872558594 5685.890455834 0.743849457
31.950605392 7495.522460938 5605.240284445 0.747811819
31.922519684 7347.057617188 5518.551125821 0.751123976
31.898464203 7200.131835938 5440.729537752 0.755643044
31.875585556 7042.337890625 5355.356713383 0.760451543
31.852622986 6887.783203125 5272.221316554 0.765445305
31.827182770 6745.476562500 5192.073800344 0.769711932
31.800041199 6599.631347656 5105.788812781 0.773647579
31.768032074 6469.479980469 5011.013419754 0.774562010
31.739107132 6328.000488281 4897.387168575 0.773923323
31.717887878 6174.503417969 4757.847941282 0.770563658
31.684322357 6041.985351562 4594.700658662 0.760462065
31.657014847 5894.738281250 4452.033160093 0.755255441
31.623577118 5761.508300781 4318.572917831 0.749555966
31.595680237 5633.608886719 4185.575192936 0.742965172
31.558570862 5480.180664062 4062.201617295 0.741253230
31.530359268 5349.891601562 3934.090630028 0.735358942
31.494844437 5226.910156250 3806.211078089 0.728195237
31.461511612 5092.623046875 3682.749317323 0.723153723
31.424085617 4970.054687500 3561.345696831 0.716560666
31.389640808 4838.042480469 3447.514602354 0.712584608
31.356729507 4706.742675781 3334.895584227 0.708535778
31.321422577 4583.048339844 3227.775639892 0.704285751
31.282339096 4455.746582031 3123.855740233 0.701084697
31.243885040 4340.209960938 3018.743240636 0.695529310
31.201694489 4226.282226562 2914.425656890 0.689595607
31.160701752 4114.031250000 2811.430744298 0.683376128
31.119707108 3997.345947266 2712.975242197 0.678694133
31.078020096 3876.845703125 2617.570161002 0.675180382
31.035598755 3764.020751953 2525.234934407 0.670887623
30.998237610 3656.457763672 2434.372338470 0.665773406
30.947418213 3540.852050781 2349.117719522 0.663432893
30.901220322 3439.952880859 2263.361852230 0.657963039
30.858631134 3333.148193359 2180.637686959 0.654227643
30.810331345 3228.710205078 2101.013612063 0.650728458
30.764133453 3122.939453125 2022.244446289 0.647545198
30.711027145 3027.463378906 1946.621652249 0.642987679
30.663379669 2922.979492188 1875.461700787 0.641626705
30.614429474 2830.260498047 1806.819579836 0.638393385
30.562164307 2734.623535156 1740.961351468 0.636636571
30.508367538 2646.867919922 1675.285492068 0.632931277
30.448188782 2569.016357422 1610.404793654 0.626856575
30.398210526 2474.114501953 1546.331363232 0.625003961
30.339458466 2388.771972656 1485.001468936 0.621658947
30.283813477 2298.190185547 1426.680755657 0.620784461
30.225774765 2221.464355469 1370.209439106 0.616804603
30.172649384 2144.118408203 1316.083840149 0.613811175
30.103612900 2065.140625000 1263.851541114 0.611992968
30.046497345 1985.979248047 1211.773998268 0.610164482
29.985940933 1914.469726562 1162.611857737 0.607276178
29.921941757 1841.420654297 1115.153410336 0.605594060
29.858739853 1772.277954102 1070.208337923 0.603860323
29.794237137 1696.976928711 1026.152842574 0.604694634
29.729335785 1630.752441406 984.566083731 0.603749569
29.664937973 1567.308471680 944.744503131 0.602781469
29.593738556 1507.196289062 906.583909616 0.601503544
29.524030685 1447.222045898 869.383169483 0.600725488
29.453733444 1392.532836914 832.676847613 0.597958501
29.385074615 1334.281982422 798.386442453 0.598364104
29.312953949 1274.790283203 765.098208819 0.600175746
29.239486694 1220.928344727 733.894728476 0.601095659
29.167510986 1169.984741211 703.296811822 0.601116226
29.097719193 1126.003662109 674.229833257 0.598781208
29.013002396 1072.555297852 646.044008381 0.602340979
28.941551208 1026.804809570 619.231276445 0.603066202
28.865398407 982.846679688 593.288810906 0.603643298
28.787755966 936.314880371 568.297210742 0.606950955
28.709568024 895.298034668 543.899969713 0.607507164
28.628503799 851.431823730 521.013342515 0.611926085
28.550861359 811.334045410 499.751532485 0.615962729
28.471307755 774.085693359 478.903876004 0.618670362
28.388500214 736.745422363 458.595647385 0.622461482
28.308401108 698.692749023 439.407398690 0.628899326
28.226247787 662.179687500 420.143488495 0.634485618
28.144531250 631.618103027 401.578188112 0.635792714
28.059772491 596.414855957 383.775527243 0.643470771
27.973272324 566.106018066 366.890807812 0.648095579
27.890277863 534.487365723 350.671344201 0.656089118
27.810955048 510.153015137 335.173137206 0.657005109
27.716876984 477.661193848 320.000491243 0.669931942
27.633020401 453.763427734 305.289358466 0.672794103
27.545974731 429.635833740 290.788249433 0.676824945
27.456136703 407.966979980 276.802078526 0.678491378
27.367725372 384.758544922 263.192644026 0.684046261
27.283660889 356.885467529 250.195439947 0.701052474
27.192016602 339.260833740 237.532371998 0.700146755
27.101108551 318.350280762 225.012222662 0.706807050
27.015300751 295.831207275 212.884117358 0.719613456
26.918115616 279.861053467 201.199012477 0.718924659
26.825191498 263.224517822 190.022428584 0.721902466
26.732183456 248.793930054 179.029517702 0.719589572
26.639722824 229.652725220 168.593841002 0.734125148
26.546882629 213.452774048 158.223365667 0.741257013
26.460905075 195.023910522 148.150826059 0.759654679
26.367290497 186.062240601 138.272171253 0.743150092
26.264436722 170.298889160 128.853166134 0.756629516
26.167274475 159.889556885 119.655437835 0.748363059
26.072082520 150.583206177 110.657950636 0.734862495
25.975128174 139.484527588 102.254786595 0.733090532
25.878700256 129.580734253 93.980068427 0.725262663
25.779478073 121.859909058 86.307745459 0.708253815
25.682609558 116.666732788 78.919547881 0.676452884
25.586704254 109.842079163 71.880126895 0.654395178
25.486120224 104.051460266 65.418070873 0.628708821
25.387655258 98.168930054 59.267951846 0.603734316
25.288328171 92.906822205 53.462566219 0.575442846
25.189296722 88.104278564 47.906151173 0.543743754
25.087074280 86.863433838 42.943289702 0.494377068
24.984872818 85.852371216 38.432848667 0.447662052
24.884098053 81.647285461 34.731008459 0.425378606
24.791490555 83.048980713 31.085124267 0.374298685
24.679109573 78.843887329 28.133823478 0.356829482
24.581546783 78.935806274 25.293077275 0.320425906
24.491981506 72.639656067 22.725550979 0.312853229
24.380670547 72.915397644 20.686969628 0.283711950
24.279790878 73.742630005 18.871021868 0.255903836
24.176477432 70.203918457 17.459393223 0.248695423
24.076164246 70.226898193 16.148098464 0.229941787
23.977888107 69.744346619 15.054140529 0.215847467
23.875141144 67.285629272 14.137178739 0.210106956
23.774219513 66.090744019 13.454398093 0.203574620
23.673215866 65.056701660 13.096372469 0.201307047
23.574140549 64.160537720 12.856540564 0.200380811
23.471183777 63.310325623 12.574184845 0.198611912
23.368247986 59.909488678 12.738351228 0.212626606
23.267515182 59.863529205 12.435170714 0.207725319
23.173353195 57.152050018 12.008334568 0.210112053
23.057613373 58.507789612 11.701834877 0.200004734
22.959821701 57.496730804 11.341623277 0.197256837
22.861082077 54.532485962 11.261893975 0.206517157
22.756803513 55.727375031 11.071350980 0.198669881
22.657413483 52.418449402 10.783854933 0.205726325
22.553701401 51.683132172 10.684478722 0.206730480
22.452487946 51.062709808 10.372349689 0.203129637
22.353349686 50.419307709 10.056632064 0.199459939
22.250602722 49.201442719 9.831411360 0.199819575
22.150312424 46.145282745 9.587705480 0.207772169
22.049055099 46.191238403 9.324244291 0.201861752
21.949960709 45.455921173 8.932686137 0.196513147
21.861276627 36.379356384 8.670621168 0.238339048
21.742115021 45.203155518 8.447191632 0.186871725
21.642200470 43.479759216 8.173283341 0.187979039
21.549781799 43.318908691 8.062443139 0.186118335
21.437210083 41.641468048 7.761114828 0.186379472
21.339752197 41.365722656 7.454306224 0.180204907
21.240133286 40.745300293 7.413366738 0.181944094
21.136547089 39.320625305 7.160437812 0.182103864
21.036590576 37.643184662 6.969108885 0.185136007
20.932899475 38.998924255 6.795483505 0.174247973
20.831747055 37.528289795 6.581454456 0.175373152
20.731981277 36.494251251 6.462607400 0.177085628
20.628898621 36.011699677 6.326763417 0.175686332
20.528837204 35.460212708 6.281349534 0.177137954
20.427497864 36.609146118 6.171111081 0.168567468
20.327457428 33.507026672 6.023478184 0.179767612
20.224332809 34.472129822 6.423505034 0.186339082
20.119653702 33.644901276 6.125876227 0.182074430
20.018964767 32.128307343 6.014149507 0.187191608
19.925537109 32.174266815 5.900011174 0.183376709
19.815275192 31.530864716 5.836773086 0.185113004
19.722749710 28.589597702 5.824930702 0.203743010
19.617631912 29.095129013 5.738416774 0.197229467
19.513896942 29.807466507 5.684375549 0.190703076
19.412136078 28.773427963 5.711102247 0.198485292
19.307605743 28.566619873 5.579966197 0.195331692
19.206075668 26.176841736 5.403273557 0.206414265
19.106918335 26.153862000 5.323936324 0.203562148
19.005283356 26.360670090 5.258877926 0.199497126
18.903921127 26.084926605 5.190553625 0.198986706
18.803314209 26.176841736 5.050503975 0.192937866
18.702205658 25.533439636 4.996214231 0.195673372
18.598199844 26.912157059 4.922676198 0.182916449
18.494297028 24.407484055 4.746213537 0.194457304
18.392011642 23.396425247 4.667417226 0.199492751
18.300327301 23.005788803 4.508451710 0.195970316
18.186391830 21.144517899 4.420420858 0.209057538
18.088346481 21.741962433 4.438946943 0.204164962
17.987466812 21.443241119 4.503014350 0.209996909
17.884468079 20.684944153 4.373098134 0.211414549
17.783212662 20.753881454 4.241837218 0.204387658
17.679121017 21.856855392 4.070955620 0.186255321
17.577611923 20.294307709 4.096363994 0.201847930
17.476985931 19.490055084 4.106086786 0.210675997
17.373355865 19.030483246 4.003114160 0.210352733
17.272268295 17.927507401 3.922158223 0.218778781
17.169540405 18.547931671 3.838370326 0.206943307
17.068599701 16.847511292 3.645497692 0.216381971
16.965978622 18.272188187 3.412629996 0.186766356
16.862411499 17.215169907 3.258793316 0.189297772
16.760568619 17.559850693 3.240388797 0.184533961
16.668043137 16.089216232 3.175033426 0.197339223
16.554906845 16.387939453 3.191229616 0.194730376
16.457363129 14.273903847 3.130318242 0.219303582
16.356107712 15.790494919 3.037210604 0.192344231
16.252729416 15.974324226 3.033994360 0.189929434
16.150108337 15.997302055 2.944482093 0.184061167
16.046081543 14.388796806 2.797413704 0.194416096
15.944299698 13.906246185 2.735141257 0.196684369
15.843925476 14.779434204 2.754451266 0.186370549
15.741072655 13.929224968 2.698626403 0.193738446
15.640214920 13.079014778 2.773250050 0.212038146
15.537823677 14.733476639 2.730224082 0.185307524
15.437196732 13.216887474 2.809147611 0.212542296
15.333504677 13.630501747 2.668704934 0.195789193
15.229855537 11.700296402 2.638798880 0.225532652
15.128410339 12.159869194 2.597602500 0.213620925
15.036557198 12.044976234 2.651065000 0.220097155
14.921361923 12.067954063 2.610878661 0.216348078
14.821743011 12.297740936 2.642954321 0.214913807
14.722395897 10.987957954 2.567517510 0.233666485
14.619648933 11.723275185 2.469893812 0.210682917
14.520280838 10.919021606 2.346689429 0.214917555
14.413840294 10.413492203 2.359324222 0.226564170
14.311994553 9.241580963 2.280308944 0.246744464
14.213529587 10.321578026 2.151618829 0.208458321
14.109565735 8.713072777 2.057535478 0.236143497
14.009547234 9.425411224 2.018459245 0.214150788
13.907156944 8.575201035 1.853247039 0.216117037
13.806152344 10.206684113 1.755953659 0.172039581
13.702039719 8.919879913 1.610537268 0.180555936
13.597509384 8.184563637 1.537176979 0.187814164
13.497595787 7.564140797 1.483102858 0.196070234
13.405426979 8.253499985 1.376996460 0.166837882
13.288365364 8.713072777 1.308174869 0.150139325
13.190361977 8.552222252 1.167427111 0.136505703
13.091329575 8.253499985 1.040004942 0.126007747
12.987722397 8.138607025 0.908219171 0.111593934
12.885416031 7.035632133 0.910425971 0.129402157
12.781430244 8.598178864 0.912591941 0.106137818
12.681034088 8.161584854 0.906276753 0.111041761
12.580574989 8.046691895 0.864666249 0.107456115
12.477618217 7.633077145 0.840282241 0.110084338
12.375878334 7.633077145 0.772611932 0.101218934
12.273676872 7.633077145 0.646106120 0.084645564
12.173447609 7.633077145 0.623632961 0.081701383
12.069778442 8.069670677 0.619337550 0.076748801
11.966861725 7.012652874 0.620034541 0.088416545
11.864577293 7.679034233 0.623751038 0.081227798
11.772409439 6.736908913 0.623624469 0.092568339
11.658893585 7.334353924 0.620962859 0.084664971
11.561100006 8.184563637 0.618838882 0.075610492
11.461418152 7.288396835 0.617879221 0.084775738
11.357200623 5.587976933 0.617156939 0.110443716
11.256196022 5.771805763 0.621881788 0.107744753
11.151308060 6.851802826 0.618170782 0.090220165
