Ch1: 10.464046 -156.319537 0.625000 24.656250 451 6441 3242
Ch1: 6.902194 -25.042553 0.625000 24.656250 450 6439 3288
Ch1: 7.000701 -26.582122 0.625000 24.625000 449 6437 3339
Ch1: 7.096984 -27.110631 0.562000 24.656250 448 6435 3381
Ch1: 7.209722 -23.342133 0.562000 24.656250 447 6445 3435
Ch1: 7.302604 -18.011088 0.562000 24.656250 446 6436 3482
Ch1: 7.402895 -19.941294 0.562000 24.687500 445 6434 3527
Ch1: 7.505789 -19.642572 0.562000 24.625000 444 6436 3577
Ch1: 7.608242 -19.941294 0.562000 24.625000 443 6436 3627
Ch1: 7.708324 -20.171081 0.562000 24.625000 442 6432 3674
Ch1: 7.810819 -20.584696 0.500000 24.625000 441 6437 3721
Ch1: 7.911026 -20.492782 0.500000 24.656250 440 6436 3773
Ch1: 8.013837 -20.860440 0.500000 24.593750 439 6443 3820
Ch1: 8.112491 -20.998312 0.500000 24.625000 438 6439 3865
Ch1: 8.212866 -21.733629 0.500000 24.625000 437 6438 3915
Ch1: 8.315571 -20.952355 0.500000 24.593750 436 6438 3965
Ch1: 8.417814 -22.101287 0.437000 24.562500 435 6436 4010
Ch1: 8.519533 -21.021291 0.437000 24.593750 434 6438 4061
Ch1: 8.618334 -20.630654 0.437000 24.656250 433 6442 4108
Ch1: 8.716274 -20.952355 0.437000 24.625000 432 6440 4157
Ch1: 8.828299 -19.757465 0.437000 24.593750 431 6440 4209
Ch1: 8.920593 -19.780444 0.437000 24.593750 430 6440 4254
Ch1: 9.022753 -19.274914 0.375000 24.562500 429 6435 4299
Ch1: 9.124765 -19.045127 0.437000 24.531250 428 6442 4349
Ch1: 9.226862 -18.493640 0.437000 24.531250 427 6445 4399
Ch1: 9.327846 -19.366828 0.375000 24.531250 426 6443 4444
Ch1: 9.428074 -18.700448 0.375000 24.562500 425 6435 4493
Ch1: 9.529436 -19.182999 0.375000 24.531250 424 6436 4544
Ch1: 9.632729 -19.596615 0.375000 24.531250 423 6436 4589
Ch1: 9.732411 -17.574494 0.375000 24.531250 422 6441 4639
Ch1: 9.834172 -13.484296 0.375000 24.531250 421 6445 4690
Ch1: 9.938220 -14.380463 0.375000 24.625000 420 6434 4735
Ch1: 10.039666 -16.011947 0.312000 24.531250 419 6442 4784
Ch1: 10.140713 -18.011088 0.375000 24.531250 418 6439 4835
Ch1: 10.241466 -17.114921 0.312000 24.500000 417 6443 4879
Ch1: 10.338609 -16.862156 0.312000 24.500000 416 6444 4927
Ch1: 10.452292 -16.057904 0.375000 24.593750 415 6441 4984
Ch1: 10.545384 -16.264712 0.312000 24.500000 414 6437 5023
Ch1: 10.645864 -13.507275 0.312000 24.531250 413 6434 5074
Ch1: 10.748506 -14.863014 0.312000 24.500000 412 6441 5125
Ch1: 10.850204 -14.150677 0.312000 24.531250 411 6436 5168
Ch1: 10.956939 -14.817057 0.312000 24.593750 410 6447 5217
Ch1: 11.051038 -12.611107 0.312000 24.531250 409 6436 5269
Ch1: 11.160103 -14.931950 0.312000 24.562500 408 6448 5312
Ch1: 11.255273 -11.921748 0.312000 24.593750 407 6450 5363
Ch1: 11.353171 -13.599189 0.312000 24.531250 406 6437 5412
Ch1: 11.454260 -13.369403 0.312000 24.531250 405 6447 5457
Ch1: 11.558729 -14.334506 0.312000 24.562500 404 6435 5508
Ch1: 11.659398 -13.507275 0.250000 24.531250 403 6437 5559
Ch1: 11.761263 -13.415360 0.250000 24.531250 402 6435 5603
Ch1: 11.860778 -13.553232 0.250000 24.562500 401 6443 5651
Ch1: 11.957795 -13.415360 0.250000 24.531250 400 6438 5701
Ch1: 12.069106 -13.507275 0.312000 24.656250 399 6441 5750
Ch1: 12.161379 -13.989826 0.250000 24.593750 398 6447 5795
Ch1: 12.262174 -13.024723 0.312000 24.625000 397 6442 5846
Ch1: 12.365593 -14.403442 0.250000 24.625000 396 6432 5891
Ch1: 12.468991 -14.931950 0.250000 24.562500 395 6449 5941
Ch1: 12.568883 -14.311527 0.250000 24.531250 394 6446 5992
Ch1: 12.670728 -15.276630 0.250000 24.562500 393 6438 6036
Ch1: 12.771901 -14.127698 0.250000 24.656250 392 6435 6084
Ch1: 12.874858 -13.162595 0.250000 24.625000 391 6432 6137
Ch1: 12.973659 -14.679185 0.250000 24.656250 390 6448 6181
Ch1: 13.074936 -12.909830 0.250000 24.562500 389 6438 6230
Ch1: 13.182112 -14.196634 0.250000 24.531250 388 6431 6299
Ch1: 13.284566 -15.207694 0.250000 24.562500 387 6442 6329
Ch1: 13.383430 -13.323445 0.250000 24.562500 386 6448 6377
Ch1: 13.483196 -13.943869 0.250000 24.562500 385 6437 6425
Ch1: 13.580717 -13.139616 0.250000 24.562500 384 6443 6473
Ch1: 13.692658 -12.611107 0.250000 24.593750 383 6435 6524
Ch1: 13.786484 -12.565150 0.250000 24.562500 382 6443 6570
Ch1: 13.886293 -13.920890 0.250000 24.562500 381 6451 6619
Ch1: 13.989522 -14.954929 0.250000 24.562500 380 6448 6664
Ch1: 14.092375 -13.369403 0.250000 24.562500 379 6442 6715
Ch1: 14.193568 -15.253651 0.250000 24.625000 378 6436 6766
Ch1: 14.294972 -14.081741 0.250000 24.562500 377 6433 6811
Ch1: 14.395704 -14.495356 0.250000 24.562500 376 6439 6860
Ch1: 14.498850 -14.150677 0.250000 24.562500 375 6434 6911
Ch1: 14.598050 -16.402583 0.250000 24.593750 374 6441 6955
Ch1: 14.699685 -15.437480 0.250000 24.562500 373 6437 7004
Ch1: 14.803355 -15.897053 0.250000 24.531250 372 6446 7057
Ch1: 14.904759 -16.839178 0.250000 24.562500 371 6434 7100
Ch1: 15.007275 -16.379605 0.250000 24.531250 370 6444 7150
Ch1: 15.107189 -15.460459 0.250000 24.656250 369 6440 7201
Ch1: 15.205108 -16.080882 0.250000 24.562500 368 6437 7244
Ch1: 15.329161 -17.919174 0.250000 24.656250 367 6433 7301
Ch1: 15.414885 -17.252793 0.250000 24.625000 366 6432 7347
Ch1: 15.515071 -17.068964 0.250000 24.625000 365 6435 7391
Ch1: 15.618196 -15.184715 0.187000 24.531250 364 6433 7441
Ch1: 15.721657 -19.642572 0.250000 24.562500 363 6442 7494
Ch1: 15.823060 -15.736203 0.250000 24.531250 362 6444 7538
Ch1: 15.924947 -16.540455 0.250000 24.625000 361 6438 7587
Ch1: 16.025595 -16.057904 0.250000 24.531250 360 6433 7638
Ch1: 16.129350 -17.160879 0.187000 24.531250 359 6439 7685
Ch1: 16.229200 -16.609391 0.187000 24.531250 358 6443 7732
Ch1: 16.329723 -16.264712 0.187000 24.625000 357 6439 7783
Ch1: 16.433477 -16.402583 0.187000 24.531250 356 6439 7829
Ch1: 16.536833 -18.539597 0.187000 24.625000 355 6439 7878
Ch1: 16.638804 -17.275772 0.187000 24.531250 354 6444 7930
Ch1: 16.738633 -18.263854 0.250000 24.531250 353 6439 7974
Ch1: 16.835377 -18.746405 0.187000 24.593750 352 6447 8021
Ch1: 16.949585 -18.034067 0.187000 24.593750 351 6432 8079
Ch1: 17.043810 -18.424704 0.187000 24.656250 350 6441 8120
Ch1: 17.143367 -17.091943 0.187000 24.531250 349 6437 8168
Ch1: 17.246219 -16.839178 0.187000 24.593750 348 6443 8219
Ch1: 17.350057 -16.770242 0.187000 24.500000 347 6444 8265
Ch1: 17.449383 -16.494498 0.250000 24.531250 346 6445 8313
Ch1: 17.551291 -17.344708 0.187000 24.625000 345 6439 8365
Ch1: 17.653765 -17.229815 0.187000 24.531250 344 6434 8411
Ch1: 17.756764 -16.471519 0.187000 24.500000 343 6435 8459
Ch1: 17.855649 -16.310669 0.187000 24.500000 342 6444 8510
Ch1: 17.957913 -18.011088 0.187000 24.562500 341 6435 8557
Ch1: 18.060786 -16.931092 0.187000 24.531250 340 6447 8604
Ch1: 18.160994 -17.344708 0.187000 24.593750 339 6431 8654
Ch1: 18.264014 -18.700448 0.187000 24.531250 338 6441 8704
Ch1: 18.364956 -18.355768 0.250000 24.625000 337 6441 8749
Ch1: 18.468479 -21.480863 0.187000 24.531250 336 6435 8796
Ch1: 18.577608 -16.701306 0.187000 24.531250 335 6451 8854
Ch1: 18.671854 -17.000028 0.187000 24.656250 334 6445 8895
Ch1: 18.770823 -17.413644 0.187000 24.625000 333 6444 8944
Ch1: 18.882994 -20.125124 0.187000 24.531250 332 6445 8998
Ch1: 18.980410 -16.678327 0.187000 24.593750 331 6445 9042
Ch1: 19.080030 -15.965989 0.187000 24.562500 330 6443 9091
Ch1: 19.181454 -15.920032 0.187000 24.625000 329 6432 9142
Ch1: 19.285545 -18.286832 0.187000 24.656250 328 6442 9186
Ch1: 19.386277 -15.943011 0.187000 24.562500 327 6438 9237
Ch1: 19.484910 -16.724284 0.187000 24.625000 326 6446 9286
Ch1: 19.586209 -16.724284 0.187000 24.562500 325 6433 9331
Ch1: 19.692314 -18.401725 0.187000 24.593750 324 6426 9397
Ch1: 19.794432 -18.355768 0.187000 24.562500 323 6443 9432
Ch1: 19.900915 -19.205978 0.187000 24.562500 322 6443 9477
Ch1: 19.993902 -16.747263 0.187000 24.593750 321 6431 9526
Ch1: 20.090562 -16.977050 0.187000 24.687500 320 6432 9574
Ch1: 20.207079 -18.608533 0.187000 24.593750 319 6434 9625
Ch1: 20.295322 -16.586413 0.187000 24.625000 318 6434 9669
Ch1: 20.395340 -16.471519 0.187000 24.687500 317 6438 9719
Ch1: 20.498255 -15.943011 0.187000 24.687500 316 6445 9768
Ch1: 20.610028 -18.194918 0.187000 24.625000 315 6447 9816
Ch1: 20.702469 -16.057904 0.187000 24.625000 314 6442 9865
Ch1: 20.809477 -18.516619 0.187000 24.656250 313 6451 9914
Ch1: 20.904122 -15.851096 0.187000 24.656250 312 6434 9959
Ch1: 21.006428 -15.207694 0.187000 24.656250 311 6445 10010
Ch1: 21.104998 -15.437480 0.187000 24.656250 310 6440 10058
Ch1: 21.207137 -16.218754 0.187000 24.687500 309 6446 10103
Ch1: 21.310199 -16.126840 0.187000 24.656250 308 6431 10154
Ch1: 21.411057 -16.655349 0.187000 24.656250 307 6445 10205
Ch1: 21.513615 -17.045985 0.187000 24.687500 306 6439 10251
Ch1: 21.612479 -17.000028 0.187000 24.687500 305 6433 10298
Ch1: 21.709370 -17.482580 0.187000 24.687500 304 6445 10347
Ch1: 21.821647 -17.183857 0.187000 24.718750 303 6446 10396
Ch1: 21.915494 -17.551516 0.187000 24.718750 302 6436 10442
Ch1: 22.014715 -17.091943 0.187000 24.718750 301 6435 10492
Ch1: 22.117588 -16.908114 0.187000 24.750000 300 6434 10537
Ch1: 22.221426 -17.229815 0.187000 24.718750 299 6439 10588
Ch1: 22.322515 -18.907256 0.187000 24.750000 298 6439 10639
Ch1: 22.424024 -17.666409 0.187000 24.718750 297 6440 10683
Ch1: 22.525029 -17.735345 0.187000 24.687500 296 6434 10733
Ch1: 22.629057 -19.228956 0.187000 24.750000 295 6440 10785
Ch1: 22.728172 -17.827259 0.187000 24.718750 294 6433 10828
Ch1: 22.828842 -18.493640 0.187000 24.750000 293 6443 10877
Ch1: 22.932281 -18.125982 0.187000 24.750000 292 6438 10929
Ch1: 23.032888 -18.608533 0.187000 24.687500 291 6440 10974
Ch1: 23.136516 -18.332789 0.187000 24.718750 290 6445 11023
Ch1: 23.236829 -18.080024 0.187000 24.750000 289 6432 11074
Ch1: 23.332817 -17.965131 0.187000 24.750000 288 6433 11115
Ch1: 23.444086 -17.482580 0.187000 24.750000 287 6443 11170
Ch1: 23.538710 -15.690246 0.187000 24.750000 286 6438 11217
Ch1: 23.638330 -17.367686 0.187000 24.750000 285 6439 11261
Ch1: 23.740909 -17.114921 0.187000 24.718750 284 6445 11311
Ch1: 23.844496 -18.125982 0.187000 24.781250 283 6434 11364
Ch1: 23.944871 -18.815341 0.187000 24.750000 282 6437 11408
Ch1: 24.045456 -18.769384 0.187000 24.750000 281 6440 11457
Ch1: 24.145915 -18.332789 0.187000 24.750000 280 6431 11507
Ch1: 24.247991 -17.597473 0.187000 24.750000 279 6441 11552
Ch1: 24.348009 -17.988110 0.187000 24.750000 278 6446 11600
Ch1: 24.449056 -17.850238 0.187000 24.781250 277 6443 11651
Ch1: 24.551005 -17.942153 0.187000 24.718750 276 6434 11696
Ch1: 24.651150 -17.643430 0.187000 24.781250 275 6445 11745
Ch1: 24.755492 -18.217896 0.187000 24.781250 274 6434 11796
Ch1: 24.853223 -17.137900 0.187000 24.750000 273 6448 11840
Ch1: 24.947910 -16.287690 0.187000 24.750000 272 6438 11886
Ch1: 25.059913 -11.990684 0.187000 24.718750 271 6448 11942
Ch1: 25.151452 -8.406016 0.187000 24.718750 270 6443 11982
Ch1: 25.248742 -3.764330 0.187000 24.781250 269 6440 12029
Ch1: 25.347605 2.761604 0.187000 24.750000 268 6455 12078
Ch1: 25.446448 9.103710 0.187000 24.781250 267 6453 12123
Ch1: 25.540988 16.617726 0.187000 24.718750 266 6448 12168
Ch1: 25.636872 23.350468 0.187000 24.781250 265 6451 12215
Ch1: 25.730761 33.507028 0.187000 24.750000 264 6456 12260
Ch1: 25.826854 43.341887 0.187000 24.781250 263 6470 12304
Ch1: 25.919232 52.533344 0.187000 24.750000 262 6473 12349
Ch1: 26.012450 65.286490 0.187000 24.750000 261 6475 12395
Ch1: 26.105122 78.361338 0.187000 24.781250 260 6485 12437
Ch1: 26.197416 92.424267 0.187000 24.781250 259 6479 12485
Ch1: 26.289395 107.176556 0.187000 24.781250 258 6503 12528
Ch1: 26.379401 125.099897 0.187000 24.781250 257 6506 12568
Ch1: 26.465734 143.253024 0.187000 24.781250 256 6509 12609
Ch1: 26.566529 172.849516 0.187000 24.750000 255 6531 12660
Ch1: 26.647971 190.175412 0.187000 24.750000 254 6536 12695
Ch1: 26.734933 211.798314 0.187000 24.750000 253 6533 12737
Ch1: 26.823806 233.513132 0.187000 24.750000 252 6547 12783
Ch1: 26.914715 256.928368 0.187000 24.750000 251 6554 12831
Ch1: 26.997437 283.675508 0.187000 24.718750 250 6576 12862
Ch1: 27.081524 311.387751 0.187000 24.718750 249 6589 12905
Ch1: 27.165737 338.249784 0.187000 24.750000 248 6603 12942
Ch1: 27.251482 365.709261 0.187000 24.750000 247 6612 12984
Ch1: 27.332609 394.340650 0.187000 24.718750 246 6624 13024
Ch1: 27.414303 423.684376 0.187000 24.781250 245 6626 13060
Ch1: 27.496501 458.313190 0.187000 24.750000 244 6652 13100
Ch1: 27.576809 492.873069 0.187000 24.750000 243 6663 13140
Ch1: 27.658335 528.857623 0.187000 24.781250 242 6683 13177
Ch1: 27.736776 564.290689 0.187000 24.750000 241 6686 13214
Ch1: 27.810535 600.390137 0.187000 24.718750 240 6717 13251
Ch1: 27.899828 645.037639 0.187000 24.781250 239 6733 13291
Ch1: 27.970544 685.503028 0.187000 24.750000 238 6741 13326
Ch1: 28.045500 725.003314 0.187000 24.718750 237 6769 13363
Ch1: 28.121946 770.271240 0.187000 24.750000 236 6778 13398
Ch1: 28.197763 817.607243 0.187000 24.781250 235 6804 13433
Ch1: 28.269340 861.082835 0.187000 24.781250 234 6821 13469
Ch1: 28.341630 907.821394 0.187000 24.812500 233 6838 13502
Ch1: 28.411947 961.453545 0.187000 24.781250 232 6859 13536
Ch1: 28.484531 1010.604861 0.187000 24.781250 231 6895 13571
Ch1: 28.552666 1061.020003 0.187000 24.781250 230 6910 13604
Ch1: 28.622164 1112.859820 0.187000 24.812500 229 6928 13637
Ch1: 28.690530 1164.906445 0.187000 24.812500 228 6959 13669
Ch1: 28.756922 1219.434764 0.187000 24.781250 227 6978 13700
Ch1: 28.824027 1279.776679 0.187000 24.812500 226 7005 13731
Ch1: 28.889055 1343.979006 0.187000 24.843750 225 7036 13764
Ch1: 28.950200 1407.377080 0.125000 24.843750 224 7069 13792
Ch1: 29.022112 1477.599811 0.125000 24.875000 223 7097 13826
Ch1: 29.079961 1535.276204 0.187000 24.843750 222 7123 13855
Ch1: 29.141337 1599.823210 0.187000 24.812500 221 7136 13884
Ch1: 29.203090 1674.342948 0.187000 24.812500 220 7178 13913
Ch1: 29.264885 1749.506087 0.187000 24.875000 219 7208 13943
Ch1: 29.322545 1825.151778 0.125000 24.843750 218 7248 13973
Ch1: 29.381024 1888.228152 0.187000 24.843750 217 7274 13998
Ch1: 29.438054 1954.682385 0.187000 24.875000 216 7299 14026
Ch1: 29.496260 2023.917035 0.187000 24.875000 215 7334 14054
Ch1: 29.549408 2102.435056 0.187000 24.875000 214 7355 14078
Ch1: 29.604738 2192.488356 0.187000 24.843750 213 7403 14104
Ch1: 29.659375 2272.086373 0.187000 24.906250 212 7421 14134
Ch1: 29.713299 2289.825885 0.187000 24.875000 211 7447 14154
Ch1: 29.765544 2350.696309 0.187000 24.843750 210 7478 14181
Ch1: 29.816340 2433.878995 0.187000 24.906250 209 7513 14208
Ch1: 29.864009 2507.364693 0.187000 24.906250 208 7529 14228
Ch1: 29.920242 2583.355064 0.187000 24.843750 207 7585 14254
Ch1: 29.966777 2656.473104 0.187000 24.875000 206 7603 14277
Ch1: 30.014152 2742.298333 0.187000 24.906250 205 7635 14298
Ch1: 30.061401 2826.859737 0.187000 24.875000 204 7674 14323
Ch1: 30.109930 2904.274784 0.187000 24.843750 203 7725 14344
Ch1: 30.154724 2996.304247 0.187000 24.875000 202 7744 14367
Ch1: 30.199664 3096.629000 0.187000 24.906250 201 7790 14386
Ch1: 22.130455 -30.925085 0.187000 24.875000 300 6443 10540
Ch1: 22.019962 -18.723426 0.187000 24.906250 301 6433 10487
Ch1: 21.920301 -17.344708 0.187000 24.875000 302 6436 10441
Ch1: 21.826936 -18.011088 0.187000 24.875000 303 6446 10400
Ch1: 21.713505 -18.103003 0.187000 24.937500 304 6444 10341
Ch1: 21.616656 -18.608533 0.187000 24.906250 305 6439 10296
Ch1: 21.516869 -19.619593 0.187000 24.875000 306 6434 10252
Ch1: 21.413303 -18.378747 0.187000 24.875000 307 6441 10198
Ch1: 21.312151 -18.424704 0.187000 24.906250 308 6439 10151
Ch1: 21.209404 -17.528537 0.187000 24.875000 309 6447 10104
Ch1: 21.108273 -17.344708 0.187000 24.875000 310 6446 10054
Ch1: 21.009493 -18.171939 0.187000 24.906250 311 6445 10006
Ch1: 20.906200 -18.585555 0.187000 24.875000 312 6433 9959
Ch1: 20.809162 -19.160021 0.187000 24.875000 313 6440 9925
Ch1: 20.703980 -18.240875 0.187000 24.906250 314 6445 9862
Ch1: 20.602786 -18.470661 0.187000 24.906250 315 6445 9815
Ch1: 20.499326 -18.171939 0.187000 24.906250 316 6442 9766
Ch1: 20.396201 -18.057046 0.187000 24.906250 317 6437 9715
Ch1: 20.295993 -17.873217 0.187000 24.906250 318 6437 9668
Ch1: 20.202461 -17.666409 0.187000 24.906250 319 6440 9626
Ch1: 20.097279 -21.228098 0.187000 24.875000 320 6447 9568
Ch1: 19.997911 -19.849380 0.187000 24.906250 321 6443 9524
Ch1: 19.894597 -18.723426 0.187000 24.906250 322 6440 9480
Ch1: 19.791472 -19.297892 0.187000 24.843750 323 6446 9426
Ch1: 19.690572 -17.873217 0.187000 24.906250 324 6446 9380
Ch1: 19.586545 -19.481722 0.187000 24.906250 325 6448 9332
Ch1: 19.484679 -19.872358 0.187000 24.875000 326 6446 9280
Ch1: 19.385080 -19.297892 0.187000 24.906250 327 6434 9234
Ch1: 19.282249 -18.907256 0.187000 24.875000 328 6438 9188
Ch1: 19.180363 -18.516619 0.187000 24.875000 329 6435 9134
Ch1: 19.087880 -20.745547 0.187000 24.906250 330 6438 9088
Ch1: 18.979360 -19.205978 0.187000 24.875000 331 6438 9044
Ch1: 18.875018 -18.148960 0.187000 24.875000 332 6438 8989
Ch1: 18.771578 -19.022149 0.187000 24.906250 333 6445 8942
Ch1: 18.671938 -19.091085 0.187000 24.875000 334 6440 8897
Ch1: 18.578027 -18.493640 0.187000 24.875000 335 6448 8848
Ch1: 18.462392 -18.746405 0.187000 24.906250 336 6442 8794
Ch1: 18.365480 -18.217896 0.187000 24.875000 337 6446 8752
Ch1: 18.265693 -18.792362 0.187000 24.875000 338 6447 8699
Ch1: 18.162148 -19.504700 0.187000 24.875000 339 6432 8650
Ch1: 18.061227 -20.492782 0.187000 24.875000 340 6439 8606
Ch1: 17.966813 -23.411069 0.187000 24.875000 341 6437 8553
Ch1: 17.856362 -19.941294 0.187000 24.906250 342 6441 8504
Ch1: 17.756848 -18.286832 0.187000 24.875000 343 6443 8461
Ch1: 17.653639 -18.125982 0.187000 24.906250 344 6442 8407
Ch1: 17.558910 -20.377889 0.187000 24.906250 345 6428 8376
Ch1: 17.450705 -18.608533 0.187000 24.906250 346 6442 8315
Ch1: 17.350372 -18.217896 0.187000 24.875000 347 6442 8262
Ch1: 17.252642 -19.114063 0.187000 24.906250 348 6438 8214
Ch1: 17.144815 -18.493640 0.187000 24.906250 349 6442 8169
Ch1: 17.048428 -21.067248 0.125000 24.906250 350 6438 8117
Ch1: 16.949522 -18.401725 0.187000 24.906250 351 6436 8072
Ch1: 16.843038 -20.791504 0.187000 24.906250 352 6441 8021
Ch1: 16.738486 -18.217896 0.187000 24.937500 353 6446 7971
Ch1: 16.638258 -18.723426 0.187000 24.937500 354 6438 7924
Ch1: 16.535847 -16.816199 0.187000 24.937500 355 6445 7878
Ch1: 16.434674 -17.023007 0.187000 24.968750 356 6433 7827
Ch1: 16.331633 -17.298751 0.187000 24.937500 357 6435 7777
Ch1: 16.234679 -18.309811 0.187000 24.937500 358 6442 7731
Ch1: 16.129833 -17.137900 0.187000 24.968750 359 6439 7682
Ch1: 16.025385 -16.724284 0.125000 24.968750 360 6441 7631
Ch1: 15.924443 -16.770242 0.187000 24.968750 361 6436 7586
Ch1: 15.822998 -17.597473 0.125000 24.968750 362 6427 7536
Ch1: 15.722664 -16.356626 0.187000 24.968750 363 6438 7487
Ch1: 15.619392 -16.632370 0.187000 24.968750 364 6441 7441
Ch1: 15.515470 -16.563434 0.125000 25.000000 365 6435 7390
Ch1: 15.414843 -17.597473 0.187000 25.000000 366 6439 7341
Ch1: 15.320911 -17.666409 0.125000 24.968750 367 6435 7298
Ch1: 15.203240 -17.735345 0.125000 25.000000 368 6437 7243
Ch1: 15.105552 -17.919174 0.125000 25.000000 369 6442 7194
Ch1: 15.005743 -17.689387 0.125000 25.000000 370 6440 7148
Ch1: 14.902282 -18.011088 0.125000 25.000000 371 6449 7100
Ch1: 14.801277 -18.884277 0.187000 25.000000 372 6437 7049
Ch1: 14.697292 -18.424704 0.187000 25.031250 373 6440 7001
Ch1: 14.595888 -18.769384 0.187000 25.000000 374 6441 6955
Ch1: 14.496268 -18.930234 0.125000 25.031250 375 6442 6902
Ch1: 14.392010 -18.677469 0.187000 24.968750 376 6444 6855
Ch1: 14.291530 -19.297892 0.187000 25.062500 377 6439 6810
Ch1: 14.189517 -19.228956 0.187000 25.031250 378 6439 6757
Ch1: 14.089919 -19.251935 0.187000 25.031250 379 6437 6711
Ch1: 13.986416 -20.400867 0.187000 25.031250 380 6442 6664
Ch1: 13.882241 -20.745547 0.187000 25.031250 381 6440 6610
Ch1: 13.781719 -21.503842 0.187000 25.062500 382 6442 6564
Ch1: 13.688019 -21.342992 0.187000 25.062500 383 6439 6522
Ch1: 13.575154 -21.297034 0.187000 25.031250 384 6442 6464
Ch1: 13.478452 -22.078308 0.187000 25.031250 385 6440 6421
Ch1: 13.378308 -22.514902 0.187000 25.031250 386 6439 6375
Ch1: 13.275015 -22.721710 0.187000 25.031250 387 6436 6321
Ch1: 13.173632 -22.239159 0.187000 25.062500 388 6438 6273
Ch1: 13.070214 -22.422988 0.187000 25.062500 389 6437 6227
Ch1: 12.969020 -22.331073 0.187000 25.062500 390 6442 6176
Ch1: 12.869274 -22.606817 0.187000 25.093750 391 6441 6128
Ch1: 12.765876 -21.963415 0.187000 25.093750 392 6436 6082
Ch1: 12.674296 -25.341275 0.187000 25.062500 393 6435 6034
Ch1: 12.563887 -21.963415 0.187000 25.000000 394 6437 5982
Ch1: 12.462736 -21.365970 0.187000 25.062500 395 6437 5937
Ch1: 12.359695 -21.963415 0.187000 25.031250 396 6441 5888
Ch1: 12.263328 -24.468087 0.187000 25.062500 397 6437 5835
Ch1: 12.154452 -22.905539 0.187000 25.062500 398 6438 5790
Ch1: 12.062431 -22.262137 0.187000 25.062500 399 6440 5748
Ch1: 11.950679 -21.871500 0.187000 25.031250 400 6441 5690
Ch1: 11.853914 -22.445966 0.187000 25.031250 401 6436 5646
Ch1: 11.753623 -22.400009 0.187000 25.062500 402 6443 5601
Ch1: 11.650288 -22.928518 0.187000 25.062500 403 6440 5548
Ch1: 11.548821 -22.147244 0.187000 25.031250 404 6441 5501
Ch1: 11.444857 -22.675753 0.187000 25.062500 405 6443 5453
Ch1: 11.343852 -22.560860 0.187000 25.031250 406 6437 5401
Ch1: 11.245974 -22.698732 0.187000 25.062500 407 6438 5357
Ch1: 11.143689 -22.491924 0.187000 25.062500 408 6437 5310
Ch1: 11.042117 -23.388091 0.187000 25.062500 409 6442 5257
Ch1: 10.939853 -22.951497 0.187000 25.062500 410 6434 5210
Ch1: 10.840422 -21.963415 0.187000 25.031250 411 6443 5166
Ch1: 10.736458 -22.262137 0.187000 25.031250 412 6440 5112
Ch1: 10.632892 -21.779586 0.187000 25.062500 413 6434 5065
Ch1: 10.532328 -20.194059 0.187000 25.031250 414 6440 5019
Ch1: 10.439047 -20.102145 0.187000 25.031250 415 6443 4969
Ch1: 10.324902 -20.630654 0.187000 25.031250 416 6441 4917
Ch1: 10.226668 -21.021291 0.187000 25.031250 417 6437 4872
Ch1: 10.127174 -20.194059 0.187000 25.062500 418 6441 4822
Ch1: 10.025980 -20.217038 0.187000 25.031250 419 6442 4775
Ch1: 9.924661 -19.251935 0.125000 25.031250 420 6436 4728
Ch1: 9.820402 -20.446825 0.187000 25.062500 421 6436 4676
Ch1: 9.719964 -19.872358 0.187000 25.031250 422 6442 4629
Ch1: 9.619967 -20.056188 0.187000 25.031250 423 6436 4584
Ch1: 9.516443 -21.090227 0.187000 25.031250 424 6445 4530
Ch1: 9.415396 -21.342992 0.187000 25.031250 425 6435 4484
Ch1: 9.314538 -21.159162 0.187000 25.000000 426 6439 4438
Ch1: 9.213386 -20.584696 0.187000 25.031250 427 6435 4386
Ch1: 9.110702 -19.895337 0.187000 25.031250 428 6437 4338
Ch1: 9.007850 -19.688529 0.187000 25.031250 429 6437 4292
Ch1: 8.907852 -20.148102 0.187000 25.031250 430 6435 4241
Ch1: 8.814845 -20.102145 0.187000 25.031250 431 6436 4199
Ch1: 8.703051 -20.699590 0.187000 25.031250 432 6436 4146
Ch1: 8.605194 -21.618735 0.187000 25.000000 433 6436 4096
Ch1: 8.505113 -20.469803 0.187000 25.031250 434 6433 4049
Ch1: 8.402660 -20.331931 0.187000 25.000000 435 6442 4004
Ch1: 8.303019 -20.125124 0.187000 25.000000 436 6440 3953
Ch1: 8.200062 -19.596615 0.187000 25.031250 437 6439 3903
Ch1: 8.098469 -18.976191 0.187000 25.031250 438 6437 3858
Ch1: 8.000508 -19.251935 0.187000 25.000000 439 6437 3808
Ch1: 7.897488 -18.815341 0.187000 25.031250 440 6440 3760
Ch1: 7.796609 -19.068106 0.187000 25.031250 441 6436 3714
Ch1: 7.694869 -17.804281 0.125000 25.031250 442 6442 3664
Ch1: 7.595585 -16.862156 0.187000 25.031250 443 6437 3617
Ch1: 7.491621 -16.839178 0.187000 25.031250 444 6447 3570
Ch1: 7.388580 -16.425562 0.187000 25.000000 445 6443 3517
Ch1: 7.289611 -15.138758 0.187000 25.031250 446 6446 3470
Ch1: 7.196204 -15.161737 0.125000 25.031250 447 6449 3429
Ch1: 7.082920 -15.299609 0.187000 25.031250 448 6438 3371
Ch1: 6.984896 -14.311527 0.187000 25.062500 449 6436 3326
Ch1: 6.883954 -14.885993 0.187000 25.062500 450 6443 3280
Ch1: 6.781501 -14.908972 0.187000 25.093750 451 6446 3228
Ch1: 6.681083 -14.633228 0.187000 25.031250 452 6440 3181
Ch1: 6.577392 -15.276630 0.187000 25.062500 453 6440 3134
Ch1: 6.477226 -14.265570 0.187000 25.062500 454 6445 3082
Ch1: 6.377418 -14.403442 0.187000 25.093750 455 6442 3036
Ch1: 6.274797 -14.679185 0.187000 25.125000 456 6448 2990
Ch1: 6.174652 -14.840036 0.187000 25.093750 457 6442 2938
Ch1: 6.072955 -15.644288 0.187000 25.093750 458 6442 2891
Ch1: 5.972579 -15.253651 0.125000 25.093750 459 6444 2846
Ch1: 5.870630 -15.230673 0.125000 25.125000 460 6445 2794
Ch1: 5.769268 -16.954071 0.125000 25.093750 461 6440 2746
Ch1: 5.668704 -17.482580 0.125000 25.093750 462 6445 2701
Ch1: 5.576809 -16.816199 0.125000 25.093750 463 6440 2653
Ch1: 5.460775 -18.769384 0.187000 25.093750 464 6436 2599
Ch1: 5.362310 -17.390665 0.125000 25.093750 465 6442 2554
Ch1: 5.263634 -17.436622 0.187000 25.125000 466 6444 2504
Ch1: 5.162776 -17.873217 0.187000 25.125000 467 6443 2457
Ch1: 5.062191 -18.401725 0.125000 25.125000 468 6443 2412
Ch1: 4.959927 -18.125982 0.187000 25.093750 469 6438 2360
Ch1: 4.859426 -19.160021 0.187000 25.125000 470 6437 2312
Ch1: 4.761108 -18.585555 0.187000 25.125000 471 6436 2268
Ch1: 4.660375 -19.137042 0.187000 25.125000 472 6437 2216
Ch1: 4.560210 -18.792362 0.125000 25.093750 473 6441 2170
Ch1: 4.460381 -18.401725 0.187000 25.156250 474 6440 2124
Ch1: 4.361433 -18.401725 0.187000 25.125000 475 6436 2074
Ch1: 4.260071 -18.493640 0.187000 25.093750 476 6436 2027
Ch1: 4.159003 -18.194918 0.187000 25.125000 477 6440 1981
Ch1: 4.062721 -18.930234 0.187000 25.125000 478 6428 1933
Ch1: 4.007957 -18.103003 0.187000 25.156250 479 6437 1908
Ch1: 3.981195 -18.171939 0.187000 25.125000 480 6445 1897
Ch1: 3.969923 -19.160021 0.187000 25.125000 481 6434 1891
Ch1: 3.962786 -17.666409 0.187000 25.156250 482 6438 1888
Ch1: 3.958945 -24.996596 0.187000 25.125000 483 6438 1886
Ch1: 3.955125 -21.917458 0.187000 25.125000 484 6441 1884
Ch1: 3.952480 -18.700448 0.187000 25.093750 485 6446 1883
Ch1: 3.950444 -17.758323 0.125000 25.093750 486 6437 1882
Ch1: 3.950297 -17.988110 0.187000 25.093750 487 6444 1882
Ch1: 3.949185 -18.401725 0.187000 25.125000 488 6436 1882
Ch1: 3.948513 -18.286832 0.187000 25.156250 489 6440 1881
Ch1: 3.949311 -18.976191 0.187000 25.125000 490 6444 1881
Ch1: 3.949961 -17.666409 0.187000 25.125000 491 6444 1882
Ch1: 3.950360 -17.551516 0.125000 25.125000 492 6444 1882
Ch1: 3.950465 -18.539597 0.187000 25.156250 493 6438 1882
Ch1: 3.952207 -17.965131 0.125000 25.125000 494 6435 1883
Ch1: 3.952459 -18.631512 0.125000 25.125000 495 6443 1883
Ch1: 3.953593 -18.677469 0.062000 25.125000 496 6437 1884
Ch1: 3.954558 -18.884277 0.000000 25.125000 497 6442 1884
Ch1: 3.956447 -19.320871 -0.063000 25.156250 498 6436 1884
Ch1: 3.956846 -19.412786 -0.188000 25.125000 499 6445 1885
Ch1: 3.958714 -19.137042 -0.313000 25.156250 500 6434 1886
Ch1: 3.960645 -19.114063 -0.438000 25.125000 501 6436 1887
Ch1: 3.961905 -18.263854 -0.625000 25.125000 502 6443 1888
Ch1: 3.963101 -17.643430 -0.813000 25.125000 503 6444 1888
Ch1: 3.965032 -18.011088 -1.063000 25.125000 504 6435 1889
Ch1: 3.967089 -18.194918 -1.313000 25.156250 505 6443 1890
Ch1: 3.969146 -19.205978 -1.563000 25.093750 506 6439 1891
Ch1: 3.971015 -17.298751 -1.813000 25.093750 507 6435 1892
Ch1: 3.972190 -17.482580 -2.125000 25.093750 508 6437 1892
Ch1: 3.974163 -17.023007 -2.375000 25.125000 509 6445 1894
Ch1: 3.976010 -17.023007 -2.688000 25.125000 510 6444 1894
Ch1: 3.977731 -16.471519 -3.000000 25.125000 511 6444 1895
Ch1: 3.979725 -16.632370 -3.313000 25.093750 512 6437 1896
Ch1: 3.981866 -15.805139 -3.625000 25.125000 513 6442 1897
Ch1: 3.983924 -15.322587 -3.938000 25.125000 514 6438 1898
Ch1: 3.986002 -16.402583 -4.250000 25.125000 515 6443 1899
Ch1: 3.988143 -15.828117 -4.563000 25.156250 516 6437 1900
Ch1: 3.990137 -17.781302 -4.938000 25.125000 517 6437 1901
Ch1: 3.992320 -14.954929 -5.250000 25.125000 518 6446 1902
Ch1: 3.994419 -15.069822 -5.625000 25.156250 519 6445 1903
Ch1: 3.996518 -15.805139 -5.938000 25.156250 520 6444 1904
Ch1: 3.998659 -15.598331 -6.313000 25.156250 521 6438 1905
Ch1: 4.000779 -15.965989 -6.625000 25.125000 522 6439 1906
Ch1: 4.002920 -15.230673 -7.000000 25.125000 523 6446 1907
Ch1: 4.005376 -14.817057 -7.375000 25.156250 524 6435 1908
Ch1: 4.008524 -15.184715 -7.750000 25.156250 525 6445 1910
Ch1: 4.010896 -14.817057 -8.063000 25.187500 526 6447 1911
Ch1: 4.012806 -14.311527 -8.375000 25.187500 527 6441 1911
Ch1: 4.015262 -14.817057 -8.813000 25.156250 528 6442 1913
Ch1: 4.017466 -14.035783 -9.125000 25.187500 529 6439 1914
Ch1: 4.019586 -13.415360 -9.500000 25.218750 530 6429 1915
Ch1: 4.021685 -13.323445 -9.813000 25.187500 531 6442 1916
Ch1: 4.023931 -14.058762 -10.125000 25.187500 532 6438 1917
Ch1: 4.026471 -13.599189 -10.500000 25.187500 533 6438 1918
Ch1: 4.029556 -12.289406 -10.813000 25.187500 534 6448 1920
Ch1: 4.031928 -12.863873 -11.125000 25.218750 535 6446 1921
Ch1: 4.034195 -13.438339 -11.500000 25.250000 536 6442 1922
Ch1: 4.036378 -13.093659 -11.813000 25.218750 537 6447 1923
Ch1: 4.038498 -13.668125 -12.125000 25.250000 538 6444 1924
Ch1: 4.040765 -13.461317 -12.438000 25.250000 539 6442 1925
Ch1: 4.043431 -13.300467 -12.750000 25.250000 540 6442 1927
Ch1: 4.046579 -13.599189 -13.063000 25.281250 541 6437 1928
Ch1: 4.048951 -12.427278 -13.313000 25.250000 542 6438 1929
Ch1: 4.051071 -12.450257 -13.625000 25.281250 543 6438 1930
Ch1: 4.053275 -13.415360 -13.875000 25.312500 544 6441 1931
Ch1: 4.055710 -12.840894 -14.188000 25.281250 545 6446 1932
Ch1: 4.058754 -14.840036 -14.438000 25.281250 546 6446 1934
Ch1: 4.061524 -14.426420 -14.688000 25.312500 547 6442 1935
Ch1: 4.063665 -14.265570 -15.000000 25.281250 548 6447 1936
Ch1: 4.065764 -14.311527 -15.250000 25.312500 549 6438 1937
Ch1: 4.068115 -14.426420 -15.500000 25.281250 550 6437 1938
