Ch1: 11.167282 -107.788644 20.062000 23.875000 950 6428 2493
Ch1: 5.222221 -40.713987 20.062000 23.843750 949 6436 2487
Ch1: 5.216365 -38.990589 20.062000 23.812500 948 6430 2485
Ch1: 5.212544 -38.944632 20.062000 23.875000 947 6430 2483
Ch1: 5.209270 -39.840799 20.062000 23.875000 946 6427 2482
Ch1: 5.205659 -39.151439 20.062000 23.843750 945 6429 2480
Ch1: 5.201881 -38.324208 20.062000 23.812500 944 6435 2478
Ch1: 5.198607 -38.576973 20.062000 23.812500 943 6433 2476
Ch1: 5.195227 -38.508037 20.062000 23.843750 942 6437 2475
Ch1: 5.192478 -38.163358 20.062000 23.812500 941 6431 2474
Ch1: 5.188846 -38.462080 20.062000 23.843750 940 6428 2472
Ch1: 5.185068 -37.588892 20.062000 23.843750 939 6431 2470
Ch1: 5.182360 -38.324208 20.062000 23.812500 938 6432 2469
Ch1: 5.178372 -37.221234 20.062000 23.875000 937 6437 2467
Ch1: 5.175518 -37.382084 20.062000 23.812500 936 6419 2465
Ch1: 5.171970 -37.588892 20.062000 23.812500 935 6432 2464
Ch1: 5.168885 -37.887614 20.062000 23.843750 934 6427 2462
Ch1: 5.165085 -41.633133 20.062000 23.875000 933 6432 2461
Ch1: 5.161769 -37.795700 20.062000 23.812500 932 6436 2459
Ch1: 5.159124 -37.588892 20.062000 23.812500 931 6429 2458
Ch1: 5.155283 -38.025486 20.062000 23.781250 930 6431 2456
Ch1: 5.152785 -36.853575 20.062000 23.843750 929 6417 2455
Ch1: 5.149007 -37.152298 20.062000 23.812500 928 6435 2453
Ch1: 5.145103 -36.738682 20.062000 23.781250 927 6426 2451
Ch1: 5.142668 -36.692725 20.062000 23.843750 926 6434 2450
Ch1: 5.139288 -37.451020 20.062000 23.843750 925 6426 2447
Ch1: 5.136308 -36.371024 20.062000 23.875000 924 6436 2447
Ch1: 5.132467 -35.865494 20.062000 23.781250 923 6436 2445
Ch1: 5.129675 -35.980387 20.062000 23.812500 922 6434 2444
Ch1: 5.125897 -35.199113 20.062000 23.875000 921 6430 2442
Ch1: 5.122937 -34.992305 20.062000 23.843750 920 6437 2440
Ch1: 5.119621 -34.992305 20.062000 23.812500 919 6433 2439
Ch1: 5.116430 -34.234010 20.062000 23.812500 918 6433 2438
Ch1: 5.113303 -33.682523 20.062000 23.906250 917 6435 2436
Ch1: 5.109965 -33.383800 20.062000 23.875000 916 6431 2434
Ch1: 5.106984 -32.487633 20.062000 23.875000 915 6434 2433
Ch1: 5.103857 -32.533590 20.062000 23.843750 914 6438 2431
Ch1: 5.100687 -31.591466 20.062000 23.843750 913 6440 2430
Ch1: 5.097413 -31.338701 20.062000 23.843750 912 6429 2428
Ch1: 5.094138 -31.798274 20.062000 23.843750 911 6432 2427
Ch1: 5.091137 -31.292744 20.062000 23.843750 910 6433 2426
Ch1: 5.088072 -29.799132 20.062000 23.875000 909 6433 2424
Ch1: 5.084840 -29.615303 20.062000 23.843750 908 6436 2423
Ch1: 5.081796 -29.615303 20.062000 23.843750 907 6441 2421
Ch1: 5.078501 -27.133609 20.062000 23.875000 906 6441 2419
Ch1: 5.075478 -31.499552 20.062000 23.937500 905 6436 2418
Ch1: 5.072267 -29.546367 20.062000 23.812500 904 6438 2417
Ch1: 5.069202 -28.948922 20.062000 23.875000 903 6432 2415
Ch1: 5.066033 -27.983819 20.062000 23.906250 902 6430 2413
Ch1: 5.062947 -28.535307 20.000000 23.906250 901 6440 2412
Ch1: 5.059798 -28.742114 20.062000 23.906250 900 6435 2410
Ch1: 5.056587 -29.408495 20.000000 23.968750 899 6436 2409
Ch1: 5.053396 -28.558285 20.000000 24.000000 898 6432 2407
Ch1: 5.050311 -29.316581 20.062000 23.906250 897 6441 2406
Ch1: 5.047645 -29.316581 20.062000 23.906250 896 6432 2405
Ch1: 5.044035 -29.546367 20.000000 23.843750 895 6429 2403
Ch1: 5.041495 -29.408495 20.062000 23.968750 894 6434 2402
Ch1: 5.037780 -29.776153 20.062000 23.968750 893 6440 2400
Ch1: 5.034988 -31.361680 20.062000 23.968750 892 6438 2398
Ch1: 5.031462 -31.085936 20.062000 23.968750 891 6429 2397
Ch1: 5.028670 -31.039979 20.062000 23.968750 890 6431 2396
Ch1: 5.025144 -32.188911 20.062000 23.937500 889 6439 2394
Ch1: 5.022520 -31.108915 20.000000 24.031250 888 6425 2392
Ch1: 5.018888 -31.660402 20.062000 23.968750 887 6437 2391
Ch1: 5.016223 -31.568487 20.062000 24.031250 886 6439 2390
Ch1: 5.012612 -31.338701 20.062000 23.906250 885 6433 2388
Ch1: 5.009863 -31.867210 20.062000 24.031250 884 6441 2387
Ch1: 5.006252 -32.625505 20.062000 23.968750 883 6435 2385
Ch1: 5.003293 -31.982103 20.062000 24.031250 882 6432 2384
Ch1: 5.000039 -32.211889 20.062000 24.000000 881 6423 2382
Ch1: 4.997164 -31.522530 20.062000 24.031250 880 6438 2381
Ch1: 4.993616 -33.429758 20.062000 23.937500 879 6437 2379
Ch1: 4.990992 -32.602526 20.062000 23.968750 878 6439 2377
Ch1: 4.987403 -33.245928 20.062000 24.031250 877 6430 2376
Ch1: 4.984842 -33.820394 20.062000 24.000000 876 6441 2375
Ch1: 4.981106 -33.337843 20.062000 24.062500 875 6432 2373
Ch1: 4.978860 -33.108057 20.062000 24.031250 874 6438 2372
Ch1: 4.974956 -33.085078 20.062000 24.000000 873 6438 2370
Ch1: 4.972395 -33.314864 20.062000 24.000000 872 6438 2369
Ch1: 4.968512 -33.567629 20.062000 24.000000 871 6431 2367
Ch1: 4.966140 -32.970185 20.062000 23.968750 870 6433 2366
Ch1: 4.962236 -33.613587 20.062000 24.000000 869 6434 2364
Ch1: 4.959801 -33.981245 20.062000 23.906250 868 6434 2363
Ch1: 4.955939 -33.108057 20.062000 23.968750 867 6438 2361
Ch1: 4.953420 -32.763377 20.062000 24.093750 866 6431 2360
Ch1: 4.949915 -33.521672 20.062000 24.062500 865 6429 2358
Ch1: 4.947375 -33.567629 20.062000 24.031250 864 6426 2356
Ch1: 4.943513 -33.567629 20.062000 23.937500 863 6438 2355
Ch1: 4.941120 -33.636565 20.062000 23.968750 862 6437 2354
Ch1: 4.937740 -33.498693 20.062000 24.062500 861 6436 2352
Ch1: 4.934823 -33.475715 20.062000 24.000000 860 6428 2351
Ch1: 4.931716 -34.325925 20.062000 24.000000 859 6437 2349
Ch1: 4.928547 -34.716561 20.062000 24.062500 858 6440 2348
Ch1: 4.924747 -34.785497 20.062000 24.031250 857 6426 2345
Ch1: 4.921599 -37.198255 20.062000 24.000000 856 6427 2344
Ch1: 4.919101 -34.234010 20.062000 24.031250 855 6429 2343
Ch1: 4.915994 -32.970185 20.062000 24.031250 854 6440 2342
Ch1: 4.913224 -33.039121 20.062000 23.937500 853 6429 2341
Ch1: 4.909697 -33.199971 20.062000 24.000000 852 6431 2339
Ch1: 4.906948 -32.878270 20.062000 24.000000 851 6434 2338
Ch1: 4.903421 -31.729338 20.062000 23.906250 850 6440 2336
Ch1: 4.901049 -31.683381 20.062000 23.968750 849 6433 2335
Ch1: 4.897166 -32.487633 20.062000 23.968750 848 6440 2333
Ch1: 4.894102 -33.383800 20.062000 23.968750 847 6431 2331
Ch1: 4.891100 -32.832313 20.062000 23.875000 846 6439 2331
Ch1: 4.888560 -33.337843 20.062000 24.000000 845 6434 2329
Ch1: 4.885034 -32.740398 20.062000 24.000000 844 6433 2327
Ch1: 4.882347 -32.671462 20.062000 24.000000 843 6439 2326
Ch1: 4.878989 -32.119975 20.062000 23.968750 842 6438 2324
Ch1: 4.876092 -31.568487 20.062000 23.937500 841 6431 2323
Ch1: 4.872776 -31.936146 20.000000 23.937500 840 6430 2321
Ch1: 4.869816 -31.614445 20.062000 23.968750 839 6435 2320
Ch1: 4.866604 -34.096138 20.062000 24.000000 838 6431 2319
Ch1: 4.863603 -32.211889 20.062000 23.937500 837 6437 2317
Ch1: 4.860958 -32.556569 20.062000 23.937500 836 6432 2316
Ch1: 4.857285 -31.775295 20.062000 23.937500 835 6432 2314
Ch1: 4.854850 -31.798274 20.062000 23.875000 834 6436 2313
Ch1: 4.851156 -31.315722 20.062000 24.000000 833 6422 2311
Ch1: 4.848679 -30.787214 20.062000 23.968750 832 6430 2310
Ch1: 4.844754 -31.246786 20.062000 23.968750 831 6439 2308
Ch1: 4.842466 -31.545509 20.062000 23.843750 830 6432 2307
Ch1: 4.839632 -30.856150 20.062000 23.937500 829 6430 2306
Ch1: 4.836232 -29.500410 20.062000 23.937500 828 6433 2304
Ch1: 4.833587 -29.730196 20.062000 23.968750 827 6433 2302
Ch1: 4.830060 -29.017858 20.062000 23.937500 826 6433 2301
Ch1: 4.827374 -28.075734 20.062000 23.968750 825 6438 2300
Ch1: 4.823805 -28.052755 20.062000 23.968750 824 6439 2298
Ch1: 4.821328 -26.719994 20.062000 24.000000 823 6440 2297
Ch1: 4.818054 -26.099571 20.062000 23.937500 822 6433 2296
Ch1: 4.815220 -25.387233 20.062000 23.843750 821 6435 2294
Ch1: 4.811799 -26.237442 20.062000 23.937500 820 6437 2292
Ch1: 4.808902 -25.019574 20.062000 24.000000 819 6434 2291
Ch1: 4.805985 -25.594040 20.062000 23.937500 818 6437 2290
Ch1: 4.802689 -24.169365 20.062000 23.937500 817 6442 2288
Ch1: 4.800023 -25.800848 20.062000 23.875000 816 6423 2287
Ch1: 4.796665 -23.066390 20.062000 24.000000 815 6443 2286
Ch1: 4.794230 -23.250219 20.062000 24.000000 814 6438 2284
Ch1: 4.791648 -22.400009 20.062000 23.968750 813 6435 2282
Ch1: 4.788017 -22.652774 20.062000 24.031250 812 6437 2281
Ch1: 4.785834 -23.227240 20.000000 24.031250 811 6438 2280
Ch1: 4.782056 -21.710650 20.062000 23.968750 810 6437 2278
Ch1: 4.779537 -22.859582 20.062000 23.937500 809 6434 2277
Ch1: 4.776661 -23.480005 20.000000 23.906250 808 6435 2276
Ch1: 4.773009 -25.295318 20.000000 24.062500 807 6441 2274
Ch1: 4.771057 -23.755749 20.062000 24.000000 806 6433 2273
Ch1: 4.767992 -22.951497 20.000000 23.875000 805 6444 2272
Ch1: 4.764865 -24.123407 20.000000 24.000000 804 6443 2270
Ch1: 4.761863 -22.951497 20.000000 24.000000 803 6436 2269
Ch1: 4.758631 -24.582980 20.062000 24.031250 802 6436 2267
Ch1: 4.756133 -25.685955 20.062000 24.000000 801 6437 2266
Ch1: 4.752963 -25.961699 20.000000 24.031250 800 6431 2264
Ch1: 4.749794 -26.030635 20.062000 24.000000 799 6431 2262
Ch1: 4.746813 -25.180425 20.062000 24.062500 798 6433 2261
Ch1: 4.743875 -27.478289 20.062000 24.062500 797 6436 2260
Ch1: 4.741251 -26.765951 20.000000 24.062500 796 6432 2258
Ch1: 4.737745 -26.513186 20.000000 24.062500 795 6433 2258
Ch1: 4.735353 -27.731054 20.062000 24.031250 794 6440 2256
Ch1: 4.731805 -27.340417 20.062000 24.000000 793 6438 2254
Ch1: 4.729118 -27.799990 20.062000 24.031250 792 6434 2253
Ch1: 4.725760 -28.259563 20.062000 23.937500 791 6437 2251
Ch1: 4.722884 -27.593182 20.062000 24.031250 790 6435 2250
Ch1: 4.720324 -26.949780 20.062000 24.031250 789 6441 2249
Ch1: 4.716734 -27.662118 20.062000 24.000000 788 6437 2247
Ch1: 4.714425 -28.190627 20.062000 24.000000 787 6437 2246
Ch1: 4.711193 -27.179567 20.062000 24.031250 786 6440 2244
Ch1: 4.708191 -27.110631 20.062000 24.031250 785 6441 2243
Ch1: 4.705546 -27.018716 20.062000 24.062500 784 6441 2242
Ch1: 4.701894 -27.271481 20.062000 24.062500 783 6435 2240
Ch1: 4.699585 -26.306378 20.062000 23.968750 782 6430 2239
Ch1: 4.695933 -26.099571 20.062000 23.906250 781 6441 2237
Ch1: 4.693477 -26.283400 20.062000 23.937500 780 6432 2236
Ch1: 4.690077 -26.995738 20.062000 23.968750 779 6433 2234
Ch1: 4.687201 -26.765951 20.062000 24.000000 778 6442 2233
Ch1: 4.684178 -29.431474 20.062000 24.031250 777 6435 2232
Ch1: 4.680946 -25.777870 20.062000 24.031250 776 6432 2230
Ch1: 4.678658 -27.271481 20.062000 24.000000 775 6428 2229
Ch1: 4.674964 -25.846806 20.062000 24.031250 774 6436 2227
Ch1: 4.672508 -25.295318 20.062000 24.062500 773 6433 2226
Ch1: 4.669212 -25.639998 20.062000 24.062500 772 6439 2224
Ch1: 4.666190 -25.364254 20.062000 24.062500 771 6439 2223
Ch1: 4.663818 -25.915741 20.062000 24.000000 770 6441 2222
Ch1: 4.660187 -26.651058 20.062000 24.000000 769 6441 2220
Ch1: 4.657794 -26.053613 20.062000 24.062500 768 6417 2219
Ch1: 4.654204 -26.283400 20.062000 24.031250 767 6431 2217
Ch1: 4.651644 -26.053613 20.000000 23.937500 766 6442 2216
Ch1: 4.649272 -26.191485 20.062000 24.062500 765 6432 2215
Ch1: 4.645493 -28.650200 20.062000 24.031250 764 6432 2213
Ch1: 4.643121 -26.214464 20.062000 24.000000 763 6437 2212
Ch1: 4.640057 -24.169365 20.062000 23.906250 762 6440 2211
Ch1: 4.636845 -25.525105 20.062000 24.062500 761 6438 2209
Ch1: 4.634390 -25.777870 20.062000 24.062500 760 6440 2208
Ch1: 4.630674 -24.973617 20.062000 24.062500 759 6441 2206
Ch1: 4.628386 -24.927660 20.062000 24.062500 758 6438 2205
Ch1: 4.625511 -24.996596 20.062000 24.000000 757 6442 2204
Ch1: 4.621732 -27.294460 20.062000 24.000000 756 6437 2202
Ch1: 4.619864 -24.008514 20.062000 23.937500 755 6435 2201
Ch1: 4.616065 -24.950638 20.062000 24.000000 754 6439 2199
Ch1: 4.613672 -24.330215 20.062000 24.031250 753 6442 2198
Ch1: 4.610566 -24.399151 20.062000 24.000000 752 6442 2197
Ch1: 4.607417 -24.399151 20.062000 24.000000 751 6435 2195
Ch1: 4.605297 -24.169365 20.062000 24.000000 750 6444 2194
Ch1: 4.601624 -23.411069 20.062000 24.000000 749 6442 2192
Ch1: 4.599063 -24.169365 20.062000 24.031250 748 6441 2191
Ch1: 4.596229 -24.077450 20.062000 24.031250 747 6438 2190
Ch1: 4.592724 -23.709792 20.062000 24.031250 746 6436 2188
Ch1: 4.590604 -24.100429 20.000000 23.937500 745 6441 2187
Ch1: 4.587392 -23.801706 20.062000 24.031250 744 6430 2185
Ch1: 4.584328 -23.250219 20.062000 24.031250 743 6437 2184
Ch1: 4.581914 -23.135326 20.062000 23.906250 742 6439 2182
Ch1: 4.578241 -24.008514 20.062000 23.968750 741 6434 2181
Ch1: 4.575911 -23.342133 20.062000 23.875000 740 6441 2180
Ch1: 4.572720 -25.272339 20.062000 24.031250 739 6433 2179
Ch1: 4.569698 -23.548941 20.062000 24.000000 738 6439 2177
Ch1: 4.567431 -24.054471 20.062000 23.968750 737 6419 2176
Ch1: 4.564114 -23.319155 20.000000 24.000000 736 6435 2174
Ch1: 4.561134 -23.548941 20.062000 24.000000 735 6440 2173
Ch1: 4.558657 -23.525963 20.062000 23.906250 734 6438 2172
Ch1: 4.555005 -22.400009 20.062000 23.937500 733 6443 2170
Ch1: 4.552759 -23.525963 20.062000 23.968750 732 6443 2169
Ch1: 4.549967 -22.560860 20.062000 23.968750 731 6441 2168
Ch1: 4.546587 -22.514902 20.000000 24.031250 730 6422 2166
Ch1: 4.544425 -22.262137 20.062000 24.000000 729 6443 2165
Ch1: 4.541403 -21.503842 20.062000 24.000000 728 6438 2163
Ch1: 4.538212 -19.987252 20.062000 24.031250 727 6436 2162
Ch1: 4.535945 -18.930234 20.062000 23.906250 726 6441 2161
Ch1: 4.532251 -18.263854 20.062000 23.906250 725 6444 2159
Ch1: 4.529774 -17.896195 20.000000 24.031250 724 6446 2158
Ch1: 4.527360 -17.574494 20.000000 23.968750 723 6445 2157
Ch1: 4.523729 -17.229815 20.062000 23.937500 722 6442 2156
Ch1: 4.521378 -17.344708 20.062000 23.968750 721 6444 2154
Ch1: 4.519132 -15.943011 20.000000 24.000000 720 6437 2153
Ch1: 4.515228 -15.943011 20.000000 24.031250 719 6446 2151
Ch1: 4.512961 -14.633228 20.000000 24.000000 718 6448 2150
Ch1: 4.510757 -14.840036 20.000000 24.000000 717 6438 2149
Ch1: 4.506916 -14.885993 20.062000 24.031250 716 6440 2148
Ch1: 4.504586 -14.908972 20.062000 24.031250 715 6437 2146
Ch1: 4.501857 -15.965989 20.000000 24.062500 714 6446 2145
Ch1: 4.498562 -16.126840 20.000000 24.062500 713 6440 2143
Ch1: 4.496148 -15.253651 20.062000 23.968750 712 6445 2142
Ch1: 4.493419 -15.207694 20.000000 24.093750 711 6440 2141
Ch1: 4.489935 -16.310669 20.000000 24.031250 710 6442 2139
Ch1: 4.487752 -16.862156 20.000000 24.125000 709 6443 2138
Ch1: 4.484918 -17.229815 20.000000 24.093750 708 6441 2136
Ch1: 4.481581 -16.954071 20.000000 24.062500 707 6440 2135
Ch1: 4.479314 -17.459601 20.000000 24.125000 706 6430 2134
Ch1: 4.476564 -17.298751 20.000000 24.062500 705 6444 2133
Ch1: 4.473206 -17.459601 20.000000 24.031250 704 6444 2131
Ch1: 4.470792 -18.194918 20.000000 24.062500 703 6444 2130
Ch1: 4.467475 -18.355768 20.062000 24.031250 702 6442 2128
Ch1: 4.464705 -17.965131 20.062000 24.062500 701 6436 2127
Ch1: 4.462522 -18.378747 20.000000 24.125000 700 6442 2126
Ch1: 31.251127 26084.508843 20.062000 24.062500 0 17795 14887
Ch1: 31.242143 25985.930467 20.062000 24.125000 1 17752 14881
Ch1: 31.234524 25897.807373 20.062000 24.031250 2 17715 14881
Ch1: 31.227429 25816.095321 20.062000 24.093750 3 17679 14878
Ch1: 31.220208 25729.121159 20.062000 24.125000 4 17648 14873
Ch1: 31.211896 25644.261033 20.062000 24.062500 5 17588 14872
Ch1: 31.204193 25514.891276 20.062000 24.093750 6 17549 14866
Ch1: 31.196825 25433.477946 20.062000 24.031250 7 17524 14863
Ch1: 31.189059 25364.564997 20.062000 24.000000 8 17482 14858
Ch1: 31.182195 25268.881930 20.062000 24.093750 9 17435 14856
Ch1: 31.174387 25136.318142 20.062000 24.125000 10 17373 14851
Ch1: 31.167859 25034.545734 20.062000 24.062500 11 17337 14848
Ch1: 31.160155 24925.489097 20.062000 24.125000 12 17294 14846
Ch1: 31.152137 24830.380496 20.062000 24.000000 13 17253 14840
Ch1: 31.144832 24735.800404 20.062000 24.125000 14 17204 14840
Ch1: 31.137864 24628.030571 20.062000 24.125000 15 17163 14833
Ch1: 31.129426 24494.455723 20.062000 24.156250 16 17101 14832
Ch1: 31.122058 24422.187892 20.062000 24.125000 17 17071 14829
Ch1: 31.114711 24305.111709 20.062000 24.156250 18 17019 14824
Ch1: 31.106756 24203.615045 20.062000 24.125000 19 16978 14819
Ch1: 31.099620 24083.390788 20.062000 24.125000 20 16925 14818
Ch1: 31.091643 23978.263499 20.062000 24.062500 21 16889 14811
Ch1: 31.083688 23887.153182 20.062000 23.968750 22 16846 14809
Ch1: 31.076467 23796.594352 20.062000 24.125000 23 16821 14805
Ch1: 31.068470 23720.902704 20.062000 24.000000 24 16769 14802
Ch1: 31.060935 23639.811075 20.062000 24.000000 25 16741 14799
Ch1: 31.052790 23545.162047 20.062000 24.125000 26 16696 14794
Ch1: 31.045066 23439.713057 20.062000 24.093750 27 16643 14790
Ch1: 31.036775 23339.549154 20.062000 24.093750 28 16599 14788
Ch1: 31.028442 23227.735080 20.062000 24.125000 29 16569 14784
Ch1: 31.019500 23124.928634 20.062000 24.156250 30 16522 14777
Ch1: 31.012111 23052.706761 20.062000 24.062500 31 16487 14774
Ch1: 31.003694 22926.875715 20.125000 24.062500 32 16441 14769
Ch1: 30.995151 22815.084619 20.062000 24.125000 33 16375 14766
Ch1: 30.987448 22716.092628 20.062000 24.125000 34 16343 14764
Ch1: 30.978947 22624.155079 20.062000 24.062500 35 16299 14760
Ch1: 30.970886 22524.312878 20.062000 24.093750 36 16255 14753
Ch1: 30.961756 22398.711619 20.062000 24.093750 37 16194 14750
Ch1: 30.953045 22274.580992 20.062000 24.062500 38 16145 14747
Ch1: 30.944985 22172.027311 20.062000 24.125000 39 16105 14743
Ch1: 30.936630 22064.785987 20.062000 24.062500 40 16051 14737
Ch1: 30.927332 21955.568499 20.062000 23.968750 41 16009 14732
Ch1: 30.918474 21849.338235 20.062000 24.062500 42 15961 14729
Ch1: 30.910414 21740.672235 20.062000 24.062500 43 15908 14726
Ch1: 30.901136 21661.625705 20.062000 24.125000 44 15882 14722
Ch1: 30.891585 21567.114549 20.062000 24.125000 45 15837 14717
Ch1: 30.883273 21466.192352 20.062000 24.031250 46 15789 14713
Ch1: 30.874268 21366.855680 20.062000 24.093750 47 15744 14709
Ch1: 30.864781 21240.151446 20.062000 23.968750 48 15694 14704
Ch1: 30.856007 21131.462467 20.062000 24.093750 49 15641 14702
Ch1: 30.846540 21024.037314 20.062000 23.968750 50 15596 14696
Ch1: 30.836717 20908.156020 20.062000 24.093750 51 15544 14690
Ch1: 30.827733 20798.823639 20.062000 24.062500 52 15506 14685
Ch1: 30.817868 20680.989161 20.062000 24.062500 53 15447 14682
Ch1: 30.808947 20549.045796 20.062000 24.093750 54 15383 14678
Ch1: 30.799291 20402.074399 20.062000 24.000000 55 15317 14672
Ch1: 30.789174 20265.948922 20.062000 23.968750 56 15274 14668
Ch1: 30.779812 19102.724084 20.062000 23.968750 57 12520 14664
Ch1: 30.769674 13877.059095 20.062000 23.968750 58 12489 14658
Ch1: 30.759935 13796.174274 20.062000 24.031250 59 12452 14655
Ch1: 30.750279 13726.043457 20.062000 24.062500 60 12428 14651
Ch1: 30.740099 13654.855623 20.062000 24.062500 61 12391 14646
Ch1: 30.730255 13580.198014 20.062000 24.062500 62 12363 14638
Ch1: 30.720683 13512.617826 20.062000 23.968750 63 12331 14636
Ch1: 30.709159 13431.733005 20.062000 24.093750 64 12297 14630
Ch1: 30.699567 13358.706879 20.062000 24.125000 65 12262 14627
Ch1: 30.689387 13284.256078 20.062000 24.125000 66 12232 14620
Ch1: 30.679164 13220.605238 20.062000 24.062500 67 12207 14616
Ch1: 30.668816 13158.815669 20.062000 24.062500 68 12185 14612
Ch1: 30.658258 13088.110386 20.062000 24.062500 69 12154 14606
Ch1: 30.648183 13064.603235 20.062000 24.093750 70 12132 14601
Ch1: 30.638128 13026.389752 20.062000 24.093750 71 12123 14596
Ch1: 30.627130 12950.790019 20.062000 24.156250 72 12087 14590
Ch1: 30.616655 12873.030293 20.062000 24.062500 73 12052 14584
Ch1: 30.606013 12795.776097 20.062000 24.062500 74 12019 14582
Ch1: 30.594826 12732.217172 20.062000 24.125000 75 11979 14577
Ch1: 30.584330 12634.144326 20.062000 24.156250 76 11949 14572
Ch1: 30.573311 12550.708876 20.000000 24.187500 77 11912 14567
Ch1: 30.562333 12476.533818 20.062000 24.031250 78 11871 14561
Ch1: 30.551712 12397.740053 20.062000 24.093750 79 11841 14554
Ch1: 30.539558 12313.592264 20.062000 24.125000 80 11802 14548
Ch1: 30.529063 12231.328724 20.062000 24.187500 81 11765 14544
Ch1: 30.517875 12146.905192 20.062000 24.187500 82 11729 14538
Ch1: 30.505848 12059.931031 20.062000 24.062500 83 11696 14531
Ch1: 30.494094 11980.677693 20.062000 24.156250 84 11662 14530
Ch1: 30.482318 11901.010739 20.062000 24.187500 85 11630 14521
Ch1: 30.470396 11828.329293 20.062000 24.187500 86 11597 14517
Ch1: 30.458977 11751.810414 20.062000 24.156250 87 11563 14509
Ch1: 30.446635 11668.351985 20.062000 24.218750 88 11525 14508
Ch1: 30.435342 11588.547160 20.062000 24.156250 89 11485 14501
Ch1: 30.422097 11502.032571 20.062000 24.156250 90 11449 14494
Ch1: 30.410343 11421.837109 20.062000 24.093750 91 11412 14488
Ch1: 30.397266 11334.495289 20.062000 24.250000 92 11378 14481
Ch1: 30.384567 11254.368763 20.062000 24.156250 93 11340 14476
Ch1: 30.371951 11172.128202 20.062000 24.156250 94 11311 14468
Ch1: 30.360680 11103.651847 20.062000 24.156250 95 11281 14464
Ch1: 30.346280 11014.517693 20.062000 24.156250 96 11238 14459
Ch1: 30.334295 10935.953715 20.062000 24.250000 97 11207 14451
Ch1: 30.321995 10859.228028 20.062000 24.218750 98 11170 14446
Ch1: 30.308666 10777.860655 20.062000 24.156250 99 11129 14440
Ch1: 30.295526 10702.973259 20.062000 24.218750 100 11107 14435
Ch1: 30.282785 10619.997381 20.062000 24.156250 101 11067 14429
Ch1: 30.269645 10545.868281 20.062000 24.156250 102 11041 14422
Ch1: 30.256778 10469.533231 20.062000 24.250000 103 11008 14414
Ch1: 30.243302 10383.478215 20.062000 24.187500 104 10961 14410
Ch1: 30.229806 10302.800201 20.062000 24.093750 105 10935 14402
Ch1: 30.216540 10227.338340 20.062000 24.250000 106 10901 14394
Ch1: 30.203127 10148.475639 20.062000 24.218750 107 10863 14390
Ch1: 30.189819 10064.189978 20.062000 24.187500 108 10828 14383
Ch1: 30.176323 9983.718772 20.062000 24.187500 109 10793 14376
Ch1: 30.163015 9907.452658 20.062000 24.125000 110 10755 14370
Ch1: 30.149560 9833.760152 20.062000 24.250000 111 10726 14364
Ch1: 30.135203 9747.774072 20.062000 24.218750 112 10693 14358
Ch1: 30.122315 9671.209235 20.062000 24.125000 113 10653 14350
Ch1: 30.108251 9591.611218 20.062000 24.250000 114 10627 14344
Ch1: 30.094713 9513.644684 20.062000 24.187500 115 10587 14337
Ch1: 30.080523 9437.608357 20.062000 24.125000 116 10541 14332
Ch1: 30.066145 9358.010339 20.062000 24.187500 117 10520 14323
Ch1: 30.051746 9284.731448 20.062000 24.187500 118 10483 14317
Ch1: 30.037661 9212.463618 20.062000 24.187500 119 10458 14311
Ch1: 30.023220 9130.912416 20.062000 24.187500 120 10423 14304
Ch1: 30.009135 9060.161176 20.062000 24.281250 121 10392 14296
Ch1: 29.994505 8982.746130 20.062000 24.218750 122 10359 14289
Ch1: 29.979917 8901.217906 20.062000 24.218750 123 10316 14283
Ch1: 29.965014 8819.046281 20.062000 24.218750 124 10285 14275
Ch1: 29.949922 8740.137623 20.062000 24.187500 125 10247 14270
Ch1: 29.934809 8665.985544 20.062000 24.093750 126 10220 14262
Ch1: 29.920536 8587.168800 20.062000 24.187500 127 10182 14255
Ch1: 29.903198 8499.964852 20.062000 24.250000 128 10146 14245
Ch1: 29.889680 8427.628086 20.062000 24.218750 129 10112 14241
Ch1: 29.874063 8355.061533 20.062000 24.156250 130 10080 14233
Ch1: 29.858363 8273.487352 20.062000 24.125000 131 10052 14224
Ch1: 29.842599 8191.591471 20.062000 24.156250 132 10012 14217
Ch1: 29.826667 8110.683671 20.062000 24.218750 133 9972 14211
Ch1: 29.810316 8038.967328 20.062000 24.218750 134 9949 14201
Ch1: 29.795329 7963.183765 20.062000 24.218750 135 9913 14195
Ch1: 29.778852 7888.939771 20.062000 24.156250 136 9877 14188
Ch1: 29.762332 7816.189389 20.062000 24.093750 137 9857 14177
Ch1: 29.746065 7737.901155 20.062000 24.125000 138 9813 14172
Ch1: 29.729756 7660.715895 20.062000 24.187500 139 9785 14163
Ch1: 29.712250 7584.771482 20.062000 24.187500 140 9749 14157
Ch1: 29.695457 7508.643239 20.062000 24.187500 141 9716 14147
Ch1: 29.678245 7439.477525 20.062000 24.156250 142 9688 14139
Ch1: 29.662440 7371.920317 20.062000 24.156250 143 9656 14132
Ch1: 29.643612 7292.000598 20.062000 24.125000 144 9625 14121
Ch1: 29.627281 7220.537020 20.062000 24.062500 145 9590 14114
Ch1: 29.610153 7152.681089 20.062000 24.125000 146 9565 14108
Ch1: 29.591745 7071.106909 20.062000 24.156250 147 9527 14097
Ch1: 29.574029 6999.804181 20.062000 24.156250 148 9495 14088
Ch1: 29.555789 6927.007842 20.062000 24.187500 149 9462 14082
Ch1: 29.537758 6855.888944 20.062000 24.125000 150 9424 14072
Ch1: 29.520567 6783.460263 20.062000 24.218750 151 9402 14065
Ch1: 29.501088 6710.273287 20.062000 24.187500 152 9367 14055
Ch1: 29.483477 6639.843748 20.062000 24.093750 153 9343 14046
Ch1: 29.464859 6569.023572 20.062000 24.062500 154 9311 14037
Ch1: 29.446744 6504.154864 20.062000 24.218750 155 9281 14029
Ch1: 29.427706 6430.577251 20.062000 24.125000 156 9246 14019
Ch1: 29.407975 6359.803032 20.062000 24.156250 157 9206 14010
Ch1: 29.388538 6292.981140 20.062000 24.218750 158 9190 14001
Ch1: 29.370718 6237.280911 20.062000 24.218750 159 9160 13992
Ch1: 29.348237 6157.108427 20.062000 24.187500 160 9130 13981
Ch1: 29.329808 6082.680605 20.062000 24.156250 161 9093 13974
Ch1: 29.310140 6015.353182 20.000000 24.187500 162 9075 13963
Ch1: 29.289863 5948.002781 20.000000 24.156250 163 9035 13953
Ch1: 29.269377 5862.407338 20.000000 24.156250 164 9001 13943
Ch1: 29.249226 5785.750587 20.000000 24.187500 165 8968 13935
Ch1: 29.228824 5710.725320 20.062000 24.187500 166 8934 13926
Ch1: 29.208316 5640.893225 20.062000 24.187500 167 8907 13916
Ch1: 29.186948 5561.019464 20.000000 24.250000 168 8869 13905
Ch1: 29.166189 5490.038438 20.000000 24.218750 169 8841 13895
Ch1: 29.144863 5416.851462 20.062000 24.125000 170 8808 13886
Ch1: 29.124188 5343.756400 20.000000 24.250000 171 8769 13875
Ch1: 29.101833 5266.502204 20.000000 24.281250 172 8737 13863
Ch1: 29.080171 5194.165438 20.000000 24.281250 173 8709 13855
Ch1: 29.058446 5122.541009 20.062000 24.281250 174 8663 13843
Ch1: 29.037624 5058.223789 20.000000 24.250000 175 8644 13834
Ch1: 29.012855 4977.017267 20.000000 24.281250 176 8615 13822
Ch1: 28.991235 4910.700905 20.062000 24.187500 177 8581 13812
Ch1: 28.968440 4839.168391 20.062000 24.187500 178 8550 13801
Ch1: 28.944742 4765.774607 20.062000 24.125000 179 8521 13789
Ch1: 28.921695 4694.425922 20.000000 24.250000 180 8493 13778
Ch1: 28.897703 4620.021078 20.062000 24.250000 181 8460 13766
Ch1: 28.873669 4548.672393 20.062000 24.281250 182 8429 13755
Ch1: 28.850412 4483.068369 20.062000 24.250000 183 8399 13744
Ch1: 28.825770 4414.936694 20.000000 24.281250 184 8371 13735
Ch1: 28.801757 4345.219493 20.062000 24.218750 185 8340 13721
Ch1: 28.777030 4275.961865 20.062000 24.312500 186 8312 13709
Ch1: 28.752556 4210.196990 20.062000 24.281250 187 8278 13699
Ch1: 28.726717 4139.813409 20.062000 24.312500 188 8244 13686
Ch1: 28.701109 4072.440029 20.062000 24.312500 189 8217 13675
Ch1: 28.675626 4007.318556 20.062000 24.187500 190 8186 13661
Ch1: 28.651845 3942.197084 20.062000 24.156250 191 8147 13651
Ch1: 28.623466 3867.102880 20.062000 24.281250 192 8127 13637
Ch1: 28.598928 3800.740561 20.062000 24.281250 193 8099 13624
Ch1: 28.573047 3731.413997 20.062000 24.281250 194 8072 13612
Ch1: 28.546327 3664.132532 20.062000 24.218750 195 8046 13600
Ch1: 28.519627 3600.091055 20.062000 24.187500 196 8012 13587
Ch1: 28.491500 3533.062355 20.062000 24.218750 197 7982 13573
Ch1: 28.463688 3462.862603 20.062000 24.312500 198 7950 13560
Ch1: 28.437073 3394.547099 20.062000 24.156250 199 7924 13548
Ch1: 28.408421 3327.748185 20.062000 24.281250 200 7893 13533
Ch1: 28.380210 3263.270114 20.062000 24.281250 201 7872 13522
Ch1: 28.351894 3199.389489 20.062000 24.187500 202 7837 13507
Ch1: 28.323264 3136.267158 20.062000 24.187500 203 7817 13493
Ch1: 28.293940 3074.523546 20.062000 24.281250 204 7784 13480
Ch1: 28.264050 3009.149308 20.062000 24.187500 205 7755 13464
Ch1: 28.234832 2945.889105 20.062000 24.281250 206 7726 13451
Ch1: 28.207020 2885.340382 20.062000 24.250000 207 7701 13439
Ch1: 28.173058 2815.186587 20.062000 24.250000 208 7678 13422
Ch1: 28.143944 2752.799573 20.000000 24.250000 209 7647 13408
Ch1: 28.113319 2694.295949 20.000000 24.218750 210 7620 13393
Ch1: 28.081477 2630.851918 20.062000 24.218750 211 7591 13378
Ch1: 28.050118 2570.464045 20.062000 24.250000 212 7569 13362
Ch1: 28.017499 2506.284697 20.062000 24.218750 213 7538 13348
Ch1: 27.985405 2444.288320 20.000000 24.312500 214 7515 13333
Ch1: 27.953269 2385.600867 20.062000 24.250000 215 7480 13318
Ch1: 27.919894 2322.478536 20.000000 24.156250 216 7456 13302
Ch1: 27.887234 2265.376610 20.000000 24.312500 217 7436 13285
Ch1: 27.853901 2201.886621 20.062000 24.187500 218 7409 13273
Ch1: 27.819498 2143.658741 20.062000 24.312500 219 7378 13253
Ch1: 27.785935 2081.961086 20.062000 24.187500 220 7351 13236
Ch1: 27.748194 2021.688107 20.062000 24.187500 221 7327 13220
Ch1: 27.713456 1964.747031 20.062000 24.187500 222 7307 13203
Ch1: 27.680207 1910.908072 20.000000 24.250000 223 7282 13186
Ch1: 27.639570 1845.441919 20.062000 24.156250 224 7253 13167
Ch1: 27.604936 1791.602960 20.000000 24.281250 225 7230 13153
Ch1: 27.568875 1734.386140 20.000000 24.187500 226 7202 13133
Ch1: 27.530253 1676.135282 20.000000 24.250000 227 7179 13115
Ch1: 27.492093 1621.193348 20.000000 24.187500 228 7150 13098
Ch1: 27.453366 1564.619930 20.062000 24.250000 229 7125 13079
Ch1: 27.414009 1509.677996 20.062000 24.250000 230 7102 13060
Ch1: 27.375618 1457.102862 20.000000 24.187500 231 7079 13042
Ch1: 27.335275 1402.505608 20.062000 24.250000 232 7062 13024
Ch1: 27.295351 1349.195157 20.000000 24.125000 233 7036 13003
Ch1: 27.254252 1296.688959 20.000000 24.125000 234 7009 12984
Ch1: 27.213783 1245.906160 20.062000 24.281250 235 6992 12966
Ch1: 27.170292 1192.319966 20.000000 24.281250 236 6965 12943
Ch1: 27.126233 1141.123550 20.000000 24.250000 237 6947 12922
Ch1: 27.084190 1091.604576 20.000000 24.187500 238 6925 12903
Ch1: 27.043909 1045.233675 20.000000 24.218750 239 6888 12884
Ch1: 26.992714 988.913023 20.000000 24.218750 240 6880 12859
Ch1: 26.950125 941.599998 20.062000 24.281250 241 6857 12839
Ch1: 26.905332 896.791645 20.000000 24.187500 242 6836 12819
Ch1: 26.857789 849.133941 20.062000 24.218750 243 6817 12794
Ch1: 26.811002 804.118780 20.000000 24.125000 244 6802 12772
Ch1: 26.762389 757.678944 20.000000 24.187500 245 6779 12750
Ch1: 26.713460 713.123356 20.062000 24.250000 246 6761 12725
Ch1: 26.664679 669.532872 20.062000 24.281250 247 6743 12702
Ch1: 26.613295 627.711742 20.000000 24.187500 248 6726 12679
Ch1: 26.563170 585.476998 20.000000 24.187500 249 6710 12657
Ch1: 26.510800 543.334167 20.062000 24.187500 250 6683 12629
