Ch1: 7.187053 34.793832 25.437500 0 6463 3424
Ch1: 24.554364 115.219080 25.375000 1 6498 11698
Ch1: 30.423231 7213.321727 25.406250 2 9587 14494
Ch1: 31.548307 16351.927821 25.437500 3 13564 15030
Ch1: 31.875754 20701.784832 25.406250 4 15457 15186
Ch1: 31.934527 21669.185679 25.406250 5 15878 15214
Ch1: 31.942923 21926.546474 25.437500 6 15990 15218
Ch1: 31.936626 21935.737931 25.406250 7 15994 15215
Ch1: 31.932428 21866.802004 25.406250 8 15964 15213
Ch1: 31.928230 21765.695977 25.437500 9 15920 15211
Ch1: 31.928230 21653.100629 25.406250 10 15871 15211
Ch1: 31.913536 21517.526639 25.468750 11 15812 15204
Ch1: 31.896744 21400.335562 25.437500 12 15761 15196
Ch1: 31.888348 21276.250893 25.406250 13 15707 15192
Ch1: 31.884150 21110.804668 25.406250 14 15635 15190
Ch1: 31.863160 20991.315727 25.437500 15 15583 15180
Ch1: 31.858962 20809.784452 25.406250 16 15504 15178
Ch1: 31.840071 20674.210462 25.406250 17 15445 15169
Ch1: 31.827477 20531.742879 25.437500 18 15383 15163
Ch1: 31.821179 20380.083838 25.437500 19 15317 15160
Ch1: 31.804387 20239.914120 25.406250 20 15256 15152
Ch1: 31.789694 20129.616636 25.406250 21 15208 15145
Ch1: 31.775001 19989.446917 25.437500 22 15147 15138
Ch1: 31.764506 19860.766520 25.437500 23 15091 15133
Ch1: 31.758209 19699.916023 25.406250 24 15021 15130
Ch1: 31.749813 19548.256983 25.406250 25 14955 15126
Ch1: 31.733020 19398.895807 25.375000 26 14890 15118
Ch1: 31.714129 19247.236767 25.406250 27 14824 15109
Ch1: 31.707832 19100.173455 25.406250 28 14760 15106
Ch1: 31.691040 18950.812279 25.406250 29 14695 15098
Ch1: 31.676347 18794.557511 25.437500 30 14627 15091
Ch1: 31.657456 18654.387792 25.437500 31 14566 15082
Ch1: 31.642763 18523.409530 25.437500 32 14509 15075
Ch1: 31.634366 18367.154762 25.437500 33 14441 15071
Ch1: 31.619673 18252.261550 25.437500 34 14391 15064
Ch1: 31.607079 18102.900374 25.406250 35 14326 15058
Ch1: 31.590287 17958.134926 25.406250 36 14263 15050
Ch1: 31.575594 17785.795108 25.437500 37 14188 15043
Ch1: 31.567198 17620.348883 25.406250 38 14116 15039
Ch1: 31.537811 17487.072757 25.437500 39 14058 15025
Ch1: 31.531514 17326.222260 25.437500 40 13988 15022
Ch1: 31.514722 17169.967491 25.437500 41 13920 15014
Ch1: 31.497930 17027.499908 25.406250 42 13858 15006
Ch1: 31.493732 16887.330189 25.437500 43 13797 15004
Ch1: 31.474841 16751.756199 25.406250 44 13738 14995
Ch1: 31.458049 16593.203566 25.406250 45 13669 14987
Ch1: 31.437058 16430.055205 25.437500 46 13598 14977
Ch1: 31.422365 16276.098301 25.375000 47 13531 14970
Ch1: 31.403474 16147.417903 25.437500 48 13475 14961
Ch1: 31.395078 15961.290899 25.406250 49 13394 14957
Ch1: 31.374088 15839.504095 25.406250 50 13341 14947
Ch1: 31.361494 15697.036511 25.437500 51 13279 14941
Ch1: 31.344701 15561.462521 25.406250 52 13220 14933
Ch1: 31.325810 15409.803481 25.375000 53 13154 14924
Ch1: 31.313216 15271.931627 25.437500 54 13094 14918
Ch1: 31.288028 15111.081130 25.375000 55 13024 14906
Ch1: 31.275434 14966.315682 25.468750 56 12961 14900
Ch1: 31.252344 14787.082271 25.406250 57 12883 14889
Ch1: 31.235552 14635.423231 25.375000 58 12817 14881
Ch1: 31.216661 14483.764191 25.375000 59 12751 14872
Ch1: 31.201968 14327.509423 25.406250 60 12683 14865
Ch1: 31.183077 14185.041840 25.437500 61 12621 14856
Ch1: 31.164185 14049.467849 25.437500 62 12562 14847
Ch1: 31.147393 13907.000266 25.406250 63 12500 14839
Ch1: 31.126403 13764.532683 25.406250 64 12438 14829
Ch1: 31.111710 13626.660829 25.375000 65 12378 14822
Ch1: 31.088621 13475.001789 25.437500 66 12312 14811
Ch1: 31.065531 13321.044884 25.468750 67 12245 14800
Ch1: 31.052937 13157.896523 25.468750 68 12174 14794
Ch1: 31.031947 12999.343890 25.375000 69 12105 14784
Ch1: 31.019353 12836.195529 25.406250 70 12034 14778
Ch1: 30.985769 12714.408724 25.406250 71 11981 14762
Ch1: 30.966877 12558.153956 25.437500 72 11913 14753
Ch1: 30.939590 12413.388508 25.406250 73 11850 14740
Ch1: 30.931194 12282.410247 25.406250 74 11793 14736
Ch1: 30.906006 12142.240528 25.375000 75 11732 14724
Ch1: 30.882916 12002.070809 25.375000 76 11671 14713
Ch1: 30.861926 11859.603226 25.437500 77 11609 14703
Ch1: 30.845134 11705.646322 25.406250 78 11542 14695
Ch1: 30.817847 11549.391553 25.406250 79 11474 14682
Ch1: 30.792658 11406.923970 25.406250 80 11412 14670
Ch1: 30.775866 11248.371337 25.406250 81 11343 14662
Ch1: 30.756975 11112.797347 25.437500 82 11284 14653
Ch1: 30.727589 10981.819085 25.375000 83 11227 14639
Ch1: 30.698202 10832.457909 25.406250 84 11162 14625
Ch1: 30.679311 10701.479647 25.406250 85 11105 14616
Ch1: 30.656222 10570.501386 25.406250 86 11048 14605
Ch1: 30.635232 10418.842346 25.375000 87 10982 14595
Ch1: 30.610044 10285.566219 25.406250 88 10924 14583
Ch1: 30.586954 10124.715722 25.406250 89 10854 14572
Ch1: 30.561766 9979.950275 25.468750 90 10791 14560
Ch1: 30.536578 9835.184828 25.406250 91 10728 14548
Ch1: 30.513488 9688.121516 25.437500 92 10664 14537
Ch1: 30.486201 9545.653933 25.406250 93 10602 14524
Ch1: 30.456815 9416.973536 25.406250 94 10546 14510
Ch1: 30.437924 9285.995274 25.437500 95 10489 14501
Ch1: 30.408537 9159.612740 25.406250 96 10434 14487
Ch1: 30.385448 9028.634479 25.406250 97 10377 14476
Ch1: 30.356062 8888.464760 25.406250 98 10316 14462
Ch1: 30.326675 8757.486498 25.406250 99 10259 14448
Ch1: 30.293091 8610.423186 25.406250 100 10195 14432
Ch1: 30.276299 8461.062011 25.406250 101 10130 14424
Ch1: 30.244814 8325.488020 25.437500 102 10071 14409
Ch1: 30.219625 8178.424709 25.437500 103 10007 14397
Ch1: 30.188140 8040.552854 25.468750 104 9947 14382
Ch1: 30.154556 7946.340420 25.437500 105 9906 14366
Ch1: 30.129367 7790.085652 25.406250 106 9838 14354
Ch1: 30.099981 7688.979625 25.437500 107 9794 14340
Ch1: 30.066397 7551.107770 25.437500 108 9734 14324
Ch1: 30.037010 7427.023101 25.406250 109 9680 14310
Ch1: 30.001327 7286.853382 25.406250 110 9619 14293
Ch1: 29.976139 7155.875121 25.437500 111 9562 14281
Ch1: 29.944653 7015.705402 25.468750 112 9501 14266
Ch1: 29.917366 6875.535683 25.406250 113 9440 14253
Ch1: 29.879584 6746.855285 25.468750 114 9384 14235
Ch1: 29.850197 6634.259937 25.406250 115 9335 14221
Ch1: 29.816613 6503.281676 25.406250 116 9278 14205
Ch1: 29.783029 6390.686328 25.437500 117 9229 14189
Ch1: 29.751543 6262.005930 25.437500 118 9173 14174
Ch1: 29.711662 6147.112718 25.437500 119 9123 14155
Ch1: 29.684375 6034.517370 25.437500 120 9074 14142
Ch1: 29.648691 5901.241244 25.406250 121 9016 14125
Ch1: 29.615107 5765.667254 25.406250 122 8957 14109
Ch1: 29.579424 5648.476177 25.437500 123 8906 14092
Ch1: 29.543740 5528.987237 25.406250 124 8854 14075
Ch1: 29.499661 5398.008975 25.437500 125 8797 14054
Ch1: 29.461878 5283.115763 25.468750 126 8747 14036
Ch1: 29.428294 5159.031094 25.468750 127 8693 14020
Ch1: 29.390512 5060.222931 25.406250 128 8650 14002
Ch1: 29.354828 4945.329719 25.437500 129 8600 13985
Ch1: 29.314947 4844.223692 25.406250 130 8556 13966
Ch1: 29.275065 4729.330480 25.406250 131 8506 13947
Ch1: 29.239382 4605.245811 25.406250 132 8452 13930
Ch1: 29.193203 4483.459006 25.437500 133 8399 13908
Ch1: 29.155421 4359.374337 25.406250 134 8345 13890
Ch1: 29.113441 4251.374718 25.375000 135 8298 13870
Ch1: 29.075658 4131.885777 25.437500 136 8246 13852
Ch1: 29.029480 4028.481886 25.406250 137 8201 13830
Ch1: 28.991697 3922.780131 25.406250 138 8155 13812
Ch1: 28.947618 3821.674104 25.437500 139 8111 13791
Ch1: 28.901439 3736.653127 25.437500 140 8074 13769
Ch1: 28.861558 3630.951372 25.406250 141 8028 13750
Ch1: 28.815379 3532.143210 25.406250 142 7985 13728
Ch1: 28.775498 3421.845726 25.406250 143 7937 13709
Ch1: 28.725121 3313.846106 25.437500 144 7890 13685
Ch1: 28.678943 3189.761437 25.468750 145 7836 13663
Ch1: 28.628566 3088.655411 25.406250 146 7792 13639
Ch1: 28.590784 2989.847248 25.437500 147 7749 13621
Ch1: 28.538308 2900.230543 25.437500 148 7710 13596
Ch1: 28.487932 2801.422380 25.437500 149 7667 13572
Ch1: 28.439654 2718.699268 25.437500 150 7631 13549
Ch1: 28.391377 2640.571883 25.437500 151 7597 13526
Ch1: 28.343099 2548.657314 25.437500 152 7557 13503
Ch1: 28.290624 2452.147015 25.437500 153 7515 13478
Ch1: 28.238148 2348.743124 25.406250 154 7470 13453
Ch1: 28.187772 2243.041369 25.468750 155 7424 13429
Ch1: 28.131098 2158.020392 25.437500 156 7387 13402
Ch1: 28.080722 2063.807958 25.437500 157 7346 13378
Ch1: 28.026147 1990.276303 25.468750 158 7314 13352
Ch1: 27.971572 1921.340375 25.406250 159 7284 13326
Ch1: 27.919097 1845.510855 25.437500 160 7251 13301
Ch1: 27.858225 1765.085607 25.406250 161 7216 13272
Ch1: 27.803651 1691.553951 25.406250 162 7184 13246
Ch1: 27.744878 1608.830838 25.437500 163 7148 13218
Ch1: 27.686105 1523.809861 25.437500 164 7111 13190
Ch1: 27.627333 1443.384613 25.437500 165 7076 13162
Ch1: 27.572758 1351.470043 25.437500 166 7036 13136
Ch1: 27.507688 1282.534116 25.468750 167 7006 13105
Ch1: 27.446817 1202.108867 25.437500 168 6971 13076
Ch1: 27.381747 1142.364397 25.437500 169 6945 13045
Ch1: 27.322974 1082.619927 25.437500 170 6919 13017
Ch1: 27.260004 1020.577592 25.406250 171 6892 12987
Ch1: 27.197033 970.024579 25.406250 172 6870 12957
Ch1: 27.131963 903.386516 25.437500 173 6841 12926
Ch1: 27.066894 829.854860 25.468750 174 6809 12895
Ch1: 27.001824 760.918933 25.437500 175 6779 12864
Ch1: 26.932556 694.280870 25.437500 176 6750 12831
Ch1: 26.861190 634.536399 25.437500 177 6724 12797
Ch1: 26.796120 583.983386 25.437500 178 6702 12766
Ch1: 26.724753 538.026101 25.437500 179 6682 12732
Ch1: 26.653386 498.962409 25.468750 180 6665 12698
Ch1: 26.588317 464.494445 25.468750 181 6650 12667
Ch1: 26.510653 413.941432 25.406250 182 6628 12630
Ch1: 26.437187 365.686283 25.406250 183 6607 12595
Ch1: 26.361622 312.835405 25.437500 184 6584 12559
Ch1: 26.283958 266.878120 25.406250 185 6564 12522
Ch1: 26.206295 211.729379 25.406250 186 6540 12485
Ch1: 26.128631 170.367822 25.437500 187 6522 12448
Ch1: 26.055165 115.219080 25.437500 188 6498 12413
Ch1: 25.971204 112.921216 25.406250 189 6497 12373
Ch1: 25.887243 94.538302 25.437500 190 6489 12333
Ch1: 25.801183 76.155388 25.406250 191 6481 12292
Ch1: 25.717222 57.772474 25.406250 192 6473 12252
Ch1: 25.626964 37.091696 25.437500 193 6464 12209
Ch1: 25.538805 14.113054 25.437500 194 6454 12167
Ch1: 25.450646 -8.865589 25.406250 195 6444 12125
Ch1: 25.362488 -29.546367 25.406250 196 6435 12083
Ch1: 25.261734 -38.737824 25.406250 197 6431 12035
Ch1: 25.158882 -45.631417 25.437500 198 6428 11986
Ch1: 25.058129 -47.929281 25.406250 199 6427 11938
Ch1: 24.959475 -34.142095 25.437500 200 6433 11891
Ch1: 24.856623 -27.248503 25.406250 201 6436 11842
Ch1: 24.755870 -18.057046 25.468750 202 6440 11794
Ch1: 24.661414 -50.227145 25.468750 203 6426 11749
Ch1: 24.560661 -27.248503 25.468750 204 6436 11701
Ch1: 24.457809 -31.844231 25.406250 205 6434 11652
Ch1: 24.354957 -41.035688 25.437500 206 6430 11603
Ch1: 24.256303 -45.631417 25.406250 207 6428 11556
Ch1: 24.157649 -43.333552 25.406250 208 6429 11509
Ch1: 24.052698 -34.142095 25.406250 209 6433 11459
Ch1: 23.954044 -22.652774 25.406250 210 6438 11412
Ch1: 23.863786 -18.057046 25.437500 211 6440 11369
Ch1: 23.754636 -4.269860 25.406250 212 6446 11317
Ch1: 23.653883 -6.567725 25.468750 213 6445 11269
Ch1: 23.572021 -43.333552 25.406250 214 6429 11230
Ch1: 23.473367 -38.737824 25.406250 215 6431 11183
Ch1: 23.372614 -41.035688 25.437500 216 6430 11135
Ch1: 23.269762 -50.227145 25.437500 217 6426 11086
Ch1: 23.179504 -93.886566 25.437500 218 6407 11043
Ch1: 23.076652 -45.631417 25.437500 219 6428 10994
Ch1: 22.973800 -38.737824 25.406250 220 6431 10945
Ch1: 22.870948 -27.248503 25.437500 221 6436 10896
Ch1: 22.768096 -22.652774 25.406250 222 6438 10847
Ch1: 22.669442 -20.354910 25.406250 223 6439 10800
Ch1: 22.572887 -22.652774 25.406250 224 6438 10754
Ch1: 22.467936 -22.652774 25.406250 225 6438 10704
Ch1: 22.377678 -29.546367 25.406250 226 6435 10661
Ch1: 22.272727 -38.737824 25.437500 227 6431 10611
Ch1: 22.167775 -45.631417 25.437500 228 6428 10561
Ch1: 22.067022 -52.525009 25.437500 229 6425 10513
Ch1: 22.004052 -98.482294 25.406250 230 6405 10483
Ch1: 21.930586 -107.673751 25.375000 231 6401 10448
Ch1: 21.840328 -89.290837 25.406250 232 6409 10405
Ch1: 21.760565 -112.269480 25.406250 233 6399 10367
Ch1: 21.659812 -70.907923 25.406250 234 6417 10319
Ch1: 21.554861 -68.610059 25.437500 235 6418 10269
Ch1: 21.414226 -24.950638 25.406250 236 6437 10202
Ch1: 21.286186 -22.652774 25.406250 237 6438 10141
Ch1: 21.174938 -29.546367 25.437500 238 6435 10088
Ch1: 21.067888 -36.439960 25.406250 239 6432 10037
Ch1: 20.967135 -43.333552 25.375000 240 6429 9989
Ch1: 20.868481 -54.822874 25.406250 241 6424 9942
Ch1: 20.750935 -43.333552 25.406250 242 6429 9886
Ch1: 20.641786 -38.737824 25.406250 243 6431 9834
Ch1: 20.536835 -36.439960 25.406250 244 6432 9784
Ch1: 20.433983 -22.652774 25.406250 245 6438 9735
Ch1: 20.333230 -13.461317 25.437500 246 6442 9687
Ch1: 20.230378 -11.163453 25.375000 247 6443 9638
Ch1: 20.144318 -27.248503 25.406250 248 6436 9597
Ch1: 20.035169 -18.057046 25.406250 249 6440 9545
Ch1: 19.932317 -29.546367 25.375000 250 6435 9496
Ch1: 19.831564 -41.035688 25.406250 251 6430 9448
Ch1: 19.730810 -43.333552 25.406250 252 6429 9400
Ch1: 19.627958 -43.333552 25.375000 253 6429 9351
Ch1: 19.529304 -36.439960 25.406250 254 6432 9304
Ch1: 19.428551 -27.248503 25.406250 255 6436 9256
Ch1: 19.338293 -15.759181 25.375000 256 6441 9213
Ch1: 19.229144 -6.567725 25.406250 257 6445 9161
Ch1: 19.124193 -18.057046 25.375000 258 6440 9111
Ch1: 19.023440 -24.950638 25.406250 259 6437 9063
Ch1: 18.922687 -38.737824 25.406250 260 6431 9015
Ch1: 18.819835 -45.631417 25.437500 261 6428 8966
Ch1: 18.727478 -45.631417 25.406250 262 6428 8922
Ch1: 18.630923 -18.057046 25.375000 263 6440 8876
Ch1: 18.523873 -6.567725 25.375000 264 6445 8825
Ch1: 18.418921 -8.865589 25.437500 265 6444 8775
Ch1: 18.318168 -18.057046 25.406250 266 6440 8727
Ch1: 18.217415 -29.546367 25.375000 267 6435 8679
Ch1: 18.116662 -41.035688 25.375000 268 6430 8631
Ch1: 18.032701 -61.716466 25.406250 269 6421 8591
Ch1: 17.948740 -59.418602 25.406250 270 6422 8551
Ch1: 17.860582 -52.525009 25.375000 271 6425 8509
Ch1: 17.761927 -41.035688 25.406250 272 6430 8462
Ch1: 17.656976 -29.546367 25.375000 273 6435 8412
Ch1: 17.566718 -34.142095 25.406250 274 6433 8369
Ch1: 17.468064 -41.035688 25.406250 275 6430 8322
Ch1: 17.373608 -47.929281 25.406250 276 6427 8277
Ch1: 17.277053 -54.822874 25.406250 277 6424 8231
Ch1: 17.205687 -80.099380 25.406250 278 6413 8197
Ch1: 17.077646 -50.227145 25.375000 279 6426 8136
Ch1: 16.955903 -52.525009 25.406250 280 6425 8078
Ch1: 16.842556 -54.822874 25.406250 281 6424 8024
Ch1: 16.735506 -52.525009 25.375000 282 6425 7973
Ch1: 16.634752 -47.929281 25.343750 283 6427 7925
Ch1: 16.531900 -36.439960 25.406250 284 6432 7876
Ch1: 16.439543 -34.142095 25.375000 285 6433 7832
Ch1: 16.336691 -20.354910 25.375000 286 6439 7783
Ch1: 16.231740 -20.354910 25.375000 287 6439 7733
Ch1: 16.130987 -18.057046 25.406250 288 6440 7685
Ch1: 16.026036 -22.652774 25.406250 289 6438 7635
Ch1: 15.925283 -27.248503 25.375000 290 6436 7587
Ch1: 15.826629 -34.142095 25.406250 291 6433 7540
Ch1: 15.723777 -41.035688 25.375000 292 6430 7491
Ch1: 15.637717 -52.525009 25.406250 293 6425 7450
Ch1: 15.528568 -50.227145 25.375000 294 6426 7398
Ch1: 15.423617 -54.822874 25.406250 295 6424 7348
Ch1: 15.322863 -52.525009 25.375000 296 6425 7300
Ch1: 15.220011 -45.631417 25.406250 297 6428 7251
Ch1: 15.115060 -27.248503 25.406250 298 6436 7201
Ch1: 15.001713 -15.759181 25.375000 299 6441 7147
Ch1: 14.905158 -27.248503 25.375000 300 6436 7101
Ch1: 14.800207 -8.865589 25.406250 301 6444 7051
Ch1: 14.691058 -22.652774 25.406250 302 6438 6999
Ch1: 14.590305 -31.844231 25.375000 303 6434 6951
Ch1: 14.497948 -57.120738 25.406250 304 6423 6907
Ch1: 14.390898 -43.333552 25.375000 305 6429 6856
Ch1: 14.300640 -45.631417 25.375000 306 6428 6813
Ch1: 14.191490 -27.248503 25.375000 307 6436 6761
Ch1: 14.099133 -20.354910 25.406250 308 6439 6717
Ch1: 13.989984 -11.163453 25.406250 309 6443 6665
Ch1: 13.885033 -8.865589 25.406250 310 6444 6615
Ch1: 13.782181 -11.163453 25.406250 311 6443 6566
Ch1: 13.681428 -18.057046 25.406250 312 6440 6518
Ch1: 13.578576 -29.546367 25.375000 313 6435 6469
Ch1: 13.477823 -43.333552 25.375000 314 6429 6421
Ch1: 13.387565 -68.610059 25.375000 315 6418 6378
Ch1: 13.282614 -36.439960 25.343750 316 6432 6328
Ch1: 13.177663 -29.546367 25.343750 317 6435 6278
Ch1: 13.085306 -36.439960 25.375000 318 6432 6234
Ch1: 13.001345 -20.354910 25.406250 319 6439 6194
Ch1: 12.902691 -20.354910 25.406250 320 6439 6147
Ch1: 12.797740 -18.057046 25.375000 321 6440 6097
Ch1: 12.699085 -20.354910 25.375000 322 6439 6050
Ch1: 12.615125 -31.844231 25.375000 323 6434 6010
Ch1: 12.505975 -36.439960 25.343750 324 6432 5958
Ch1: 12.407321 -43.333552 25.375000 325 6429 5911
Ch1: 12.310766 -20.354910 25.375000 326 6439 5865
Ch1: 12.201617 -15.759181 25.375000 327 6441 5813
Ch1: 12.098765 -22.652774 25.375000 328 6438 5764
Ch1: 11.998012 -27.248503 25.375000 329 6436 5716
Ch1: 11.914051 -68.610059 25.375000 330 6418 5676
Ch1: 11.804902 -45.631417 25.343750 331 6428 5624
Ch1: 11.697852 -47.929281 25.375000 332 6427 5573
Ch1: 11.582406 -38.737824 25.343750 333 6431 5518
Ch1: 11.469058 -34.142095 25.343750 334 6433 5464
Ch1: 11.372503 -41.035688 25.375000 335 6430 5418
Ch1: 11.265453 -15.759181 25.375000 336 6441 5367
Ch1: 11.158403 -11.163453 25.375000 337 6443 5316
Ch1: 11.066046 -8.865589 25.343750 338 6444 5272
Ch1: 10.961095 -13.461317 25.343750 339 6442 5222
Ch1: 10.858243 -20.354910 25.343750 340 6439 5173
Ch1: 10.753292 -29.546367 25.375000 341 6435 5123
Ch1: 10.650440 -38.737824 25.343750 342 6431 5074
Ch1: 10.547588 -38.737824 25.375000 343 6431 5025
Ch1: 10.446834 -41.035688 25.375000 344 6430 4977
Ch1: 10.360775 -54.822874 25.312500 345 6424 4936
Ch1: 10.253724 -20.354910 25.343750 346 6439 4885
Ch1: 10.146674 -6.567725 25.343750 347 6445 4834
Ch1: 10.045921 -6.567725 25.343750 348 6445 4786
Ch1: 9.943069 -4.269860 25.312500 349 6446 4737
Ch1: 9.840217 -8.865589 25.375000 350 6444 4688
Ch1: 9.741563 -20.354910 25.375000 351 6439 4641
Ch1: 9.642909 -29.546367 25.343750 352 6435 4594
Ch1: 9.548453 -36.439960 25.343750 353 6432 4549
Ch1: 9.443502 -38.737824 25.343750 354 6431 4499
Ch1: 9.338551 -34.142095 25.375000 355 6433 4449
Ch1: 9.237798 -27.248503 25.343750 356 6436 4401
Ch1: 9.134945 -18.057046 25.312500 357 6440 4352
Ch1: 9.032093 -8.865589 25.375000 358 6444 4303
Ch1: 8.931340 -1.971996 25.343750 359 6447 4255
Ch1: 8.847379 -24.950638 25.343750 360 6437 4215
Ch1: 8.742428 -15.759181 25.281250 361 6441 4165
Ch1: 8.635378 -22.652774 25.343750 362 6438 4114
Ch1: 8.530427 -31.844231 25.343750 363 6434 4064
Ch1: 8.429674 -38.737824 25.343750 364 6431 4016
Ch1: 8.328921 -38.737824 25.343750 365 6431 3968
Ch1: 8.226069 -36.439960 25.343750 366 6432 3919
Ch1: 8.127415 -29.546367 25.343750 367 6435 3872
Ch1: 8.039256 -15.759181 25.343750 368 6441 3830
Ch1: 7.928008 -8.865589 25.343750 369 6444 3777
Ch1: 7.825155 -6.567725 25.312500 370 6445 3728
Ch1: 7.722303 -6.567725 25.343750 371 6445 3679
Ch1: 7.621550 -13.461317 25.343750 372 6442 3631
Ch1: 7.520797 -22.652774 25.343750 373 6438 3583
Ch1: 7.417945 -27.248503 25.343750 374 6436 3534
Ch1: 7.333984 -59.418602 25.375000 375 6422 3494
Ch1: 7.226934 -38.737824 25.312500 376 6431 3443
Ch1: 7.119884 -34.142095 25.343750 377 6433 3392
Ch1: 7.019131 -24.950638 25.312500 378 6437 3344
Ch1: 6.916279 -15.759181 25.343750 379 6441 3295
Ch1: 6.815526 -6.567725 25.343750 380 6445 3247
Ch1: 6.714773 -1.971996 25.343750 381 6447 3199
Ch1: 6.626614 -31.844231 25.343750 382 6434 3157
Ch1: 6.532158 -27.248503 25.312500 383 6436 3112
Ch1: 6.425108 -41.035688 25.343750 384 6430 3061
Ch1: 6.318057 -11.163453 25.343750 385 6443 3010
Ch1: 6.215205 -6.567725 25.343750 386 6445 2961
Ch1: 6.114452 -4.269860 25.343750 387 6446 2913
Ch1: 6.013699 -8.865589 25.343750 388 6444 2865
Ch1: 5.910847 -15.759181 25.343750 389 6441 2816
Ch1: 5.826886 -50.227145 25.281250 390 6426 2776
Ch1: 5.717737 -38.737824 25.312500 391 6431 2724
Ch1: 5.614885 -36.439960 25.343750 392 6432 2675
Ch1: 5.512033 -34.142095 25.343750 393 6433 2626
Ch1: 5.411280 -22.652774 25.312500 394 6438 2578
Ch1: 5.312626 -11.163453 25.312500 395 6443 2531
Ch1: 5.213972 -4.269860 25.312500 396 6446 2484
Ch1: 5.113219 -4.269860 25.312500 397 6446 2436
Ch1: 5.022961 -11.163453 25.281250 398 6443 2393
Ch1: 4.918009 -18.057046 25.312500 399 6440 2343
Ch1: 4.817256 -24.950638 25.343750 400 6437 2295
Ch1: 4.714404 -34.142095 25.312500 401 6433 2246
Ch1: 4.613651 -38.737824 25.343750 402 6431 2198
Ch1: 4.514997 -34.142095 25.343750 403 6433 2151
Ch1: 4.416343 -27.248503 25.312500 404 6436 2104
Ch1: 4.332382 -31.844231 25.375000 405 6434 2064
Ch1: 4.225332 -8.865589 25.312500 406 6444 2013
Ch1: 4.120381 -1.971996 25.343750 407 6447 1963
Ch1: 4.019628 -1.971996 25.312500 408 6447 1915
Ch1: 3.918875 -8.865589 25.312500 409 6444 1867
Ch1: 3.820221 -18.057046 25.312500 410 6440 1820
Ch1: 3.719468 -27.248503 25.343750 411 6436 1772
Ch1: 3.622913 -36.439960 25.343750 412 6432 1726
Ch1: 3.534754 -31.844231 25.343750 413 6434 1684
Ch1: 3.427704 -29.546367 25.312500 414 6435 1633
Ch1: 3.329050 -20.354910 25.312500 415 6439 1586
Ch1: 3.232494 -4.269860 25.375000 416 6446 1540
Ch1: 3.148534 -1.971996 25.343750 417 6447 1500
Ch1: 3.121246 -1.971996 25.343750 418 6447 1487
Ch1: 3.110751 -6.567725 25.343750 419 6445 1482
Ch1: 3.108652 -38.737824 25.343750 420 6431 1481
Ch1: 3.102355 -29.546367 25.375000 421 6435 1478
Ch1: 3.100256 -38.737824 25.343750 422 6431 1477
Ch1: 3.098157 -36.439960 25.343750 423 6432 1476
Ch1: 3.096058 -27.248503 25.343750 424 6436 1475
Ch1: 3.098157 -20.354910 25.343750 425 6439 1476
Ch1: 3.096058 -11.163453 25.312500 426 6443 1475
Ch1: 3.096058 -6.567725 25.343750 427 6445 1475
Ch1: 3.096058 -4.269860 25.343750 428 6446 1475
Ch1: 3.098157 -11.163453 25.375000 429 6443 1476
Ch1: 3.098157 -20.354910 25.312500 430 6439 1476
Ch1: 3.098157 -24.950638 25.343750 431 6437 1476
Ch1: 3.100256 -36.439960 25.375000 432 6432 1477
Ch1: 3.102355 -38.737824 25.343750 433 6431 1478
Ch1: 3.102355 -11.163453 25.375000 434 6443 1478
Ch1: 3.102355 -13.461317 25.375000 435 6442 1478
Ch1: 3.104454 -1.971996 25.343750 436 6447 1479
Ch1: 3.106553 -34.142095 25.375000 437 6433 1480
Ch1: 3.108652 -36.439960 25.343750 438 6432 1481
Ch1: 3.108652 -38.737824 25.343750 439 6431 1481
Ch1: 3.110751 -29.546367 25.375000 440 6435 1482
Ch1: 3.112850 -22.652774 25.343750 441 6438 1483
Ch1: 3.112850 -13.461317 25.375000 442 6442 1483
Ch1: 3.117048 -8.865589 25.343750 443 6444 1485
Ch1: 3.117048 -6.567725 25.312500 444 6445 1485
Ch1: 3.119147 -8.865589 25.375000 445 6444 1486
Ch1: 3.121246 -13.461317 25.312500 446 6442 1487
Ch1: 3.123345 -20.354910 25.312500 447 6439 1488
Ch1: 3.125444 -34.142095 25.343750 448 6433 1489
Ch1: 3.127543 -34.142095 25.312500 449 6433 1490
Ch1: 3.129642 -38.737824 25.375000 450 6431 1491
Ch1: 3.131741 -24.950638 25.312500 451 6437 1492
Ch1: 3.131741 -18.057046 25.375000 452 6440 1492
Ch1: 3.135939 -6.567725 25.343750 453 6445 1494
Ch1: 3.138038 -1.971996 25.343750 454 6447 1495
Ch1: 3.140137 -4.269860 25.343750 455 6446 1496
Ch1: 3.142237 -6.567725 25.312500 456 6445 1497
Ch1: 3.142237 -20.354910 25.312500 457 6439 1497
Ch1: 3.146435 -29.546367 25.312500 458 6435 1499
Ch1: 3.148534 -36.439960 25.343750 459 6432 1500
Ch1: 3.150633 -36.439960 25.343750 460 6432 1501
Ch1: 3.152732 -34.142095 25.312500 461 6433 1502
Ch1: 3.154831 -29.546367 25.312500 462 6435 1503
Ch1: 3.156930 -13.461317 25.312500 463 6442 1504
Ch1: 3.159029 -6.567725 25.343750 464 6445 1505
Ch1: 3.161128 -6.567725 25.343750 465 6445 1506
Ch1: 3.163227 -8.865589 25.312500 466 6444 1507
Ch1: 3.167425 -11.163453 25.312500 467 6443 1509
Ch1: 3.169524 -18.057046 25.343750 468 6440 1510
Ch1: 3.171623 -27.248503 25.312500 469 6436 1511
Ch1: 3.173722 -31.844231 25.312500 470 6434 1512
Ch1: 3.175821 -36.439960 25.312500 471 6432 1513
Ch1: 3.175821 -38.737824 25.343750 472 6431 1513
Ch1: 3.180019 -22.652774 25.312500 473 6438 1515
Ch1: 3.182118 -13.461317 25.375000 474 6442 1516
Ch1: 3.184217 -8.865589 25.343750 475 6444 1517
Ch1: 3.188415 -4.269860 25.343750 476 6446 1519
Ch1: 3.190514 -4.269860 25.312500 477 6446 1520
Ch1: 3.192613 -11.163453 25.312500 478 6443 1521
Ch1: 3.194712 -20.354910 25.312500 479 6439 1522
Ch1: 3.196811 -36.439960 25.312500 480 6432 1523
Ch1: 3.201009 -36.439960 25.312500 481 6432 1525
Ch1: 3.201009 -36.439960 25.312500 482 6432 1525
Ch1: 3.203108 -31.844231 25.312500 483 6434 1526
Ch1: 3.207306 -29.546367 25.312500 484 6435 1528
Ch1: 3.209405 -20.354910 25.281250 485 6439 1529
Ch1: 3.211504 -8.865589 25.312500 486 6444 1530
Ch1: 3.211504 -13.461317 25.312500 487 6442 1530
Ch1: 3.215702 -6.567725 25.312500 488 6445 1532
Ch1: 3.219900 -11.163453 25.343750 489 6443 1534
Ch1: 3.221999 -24.950638 25.312500 490 6437 1535
Ch1: 3.224098 -31.844231 25.312500 491 6434 1536
Ch1: 3.226197 -36.439960 25.312500 492 6432 1537
Ch1: 3.228296 -36.439960 25.281250 493 6432 1538
Ch1: 3.232494 -31.844231 25.281250 494 6434 1540
Ch1: 3.234594 -31.844231 25.281250 495 6434 1541
Ch1: 3.236693 -13.461317 25.281250 496 6442 1542
Ch1: 3.238792 -6.567725 25.312500 497 6445 1543
Ch1: 3.240891 -1.971996 25.312500 498 6447 1544
Ch1: 3.242990 -6.567725 25.281250 499 6445 1545
Ch1: 3.245089 -15.759181 25.281250 500 6441 1546
Ch1: 3.249287 -22.652774 25.343750 501 6438 1548
Ch1: 3.249287 -41.035688 25.312500 502 6430 1548
Ch1: 3.253485 -38.737824 25.312500 503 6431 1550
Ch1: 3.255584 -38.737824 25.312500 504 6431 1551
Ch1: 3.259782 -31.844231 25.343750 505 6434 1553
Ch1: 3.261881 -20.354910 25.343750 506 6439 1554
Ch1: 3.263980 -13.461317 25.312500 507 6442 1555
Ch1: 3.266079 -8.865589 25.312500 508 6444 1556
Ch1: 3.270277 -4.269860 25.281250 509 6446 1558
Ch1: 3.270277 -15.759181 25.343750 510 6441 1558
Ch1: 3.274475 -18.057046 25.312500 511 6440 1560
Ch1: 3.276574 -27.248503 25.375000 512 6436 1561
Ch1: 3.278673 -36.439960 25.312500 513 6432 1562
Ch1: 3.280772 -38.737824 25.281250 514 6431 1563
Ch1: 3.284970 -36.439960 25.281250 515 6432 1565
Ch1: 3.287069 -31.844231 25.281250 516 6434 1566
Ch1: 3.287069 -34.142095 25.312500 517 6433 1566
Ch1: 3.291267 -8.865589 25.312500 518 6444 1568
Ch1: 3.293366 -6.567725 25.343750 519 6445 1569
Ch1: 3.297564 -8.865589 25.312500 520 6444 1571
Ch1: 3.299663 -15.759181 25.312500 521 6441 1572
Ch1: 3.301762 -20.354910 25.343750 522 6439 1573
Ch1: 3.303861 -34.142095 25.312500 523 6433 1574
Ch1: 3.305960 -38.737824 25.281250 524 6431 1575
Ch1: 3.310158 -34.142095 25.312500 525 6433 1577
Ch1: 3.312257 -20.354910 25.343750 526 6439 1578
Ch1: 3.314356 -15.759181 25.312500 527 6441 1579
Ch1: 3.318554 -11.163453 25.312500 528 6443 1581
Ch1: 3.320653 -8.865589 25.281250 529 6444 1582
Ch1: 3.322752 -8.865589 25.281250 530 6444 1583
Ch1: 3.324851 -20.354910 25.343750 531 6439 1584
Ch1: 3.324851 -61.716466 25.312500 532 6421 1584
Ch1: 3.331149 -41.035688 25.312500 533 6430 1587
Ch1: 3.333248 -43.333552 25.312500 534 6429 1588
Ch1: 3.335347 -36.439960 25.312500 535 6432 1589
Ch1: 3.339545 -22.652774 25.312500 536 6438 1591
Ch1: 3.341644 -15.759181 25.312500 537 6441 1592
Ch1: 3.343743 -11.163453 25.281250 538 6443 1593
Ch1: 3.345842 -1.971996 25.312500 539 6447 1594
Ch1: 3.347941 -6.567725 25.312500 540 6445 1595
Ch1: 3.352139 -13.461317 25.343750 541 6442 1597
Ch1: 3.354238 -22.652774 25.281250 542 6438 1598
Ch1: 3.356337 -29.546367 25.312500 543 6435 1599
Ch1: 3.358436 -41.035688 25.312500 544 6430 1600
Ch1: 3.362634 -41.035688 25.281250 545 6430 1602
Ch1: 3.364733 -38.737824 25.312500 546 6431 1603
Ch1: 3.364733 -59.418602 25.343750 547 6422 1603
Ch1: 3.368931 -18.057046 25.312500 548 6440 1605
Ch1: 3.373129 -6.567725 25.312500 549 6445 1607
Ch1: 3.375228 -6.567725 25.281250 550 6445 1608
Ch1: 3.377327 -24.950638 25.312500 551 6437 1609
Ch1: 3.379426 -29.546367 25.312500 552 6435 1610
Ch1: 3.381525 -34.142095 25.343750 553 6433 1611
Ch1: 3.385723 -38.737824 25.281250 554 6431 1613
Ch1: 3.387822 -41.035688 25.343750 555 6430 1614
Ch1: 3.389921 -36.439960 25.312500 556 6432 1615
Ch1: 3.394119 -22.652774 25.343750 557 6438 1617
Ch1: 3.396218 -13.461317 25.312500 558 6442 1618
Ch1: 3.398317 -8.865589 25.312500 559 6444 1619
Ch1: 3.402515 -4.269860 25.312500 560 6446 1621
Ch1: 3.404614 -11.163453 25.343750 561 6443 1622
Ch1: 3.404614 -61.716466 25.312500 562 6421 1622
Ch1: 3.408812 -38.737824 25.343750 563 6431 1624
Ch1: 3.413010 -38.737824 25.312500 564 6431 1626
Ch1: 3.415109 -54.822874 25.312500 565 6424 1627
Ch1: 3.417208 -36.439960 25.343750 566 6432 1628
Ch1: 3.419307 -31.844231 25.312500 567 6434 1629
Ch1: 3.423506 -20.354910 25.343750 568 6439 1631
Ch1: 3.425605 -13.461317 25.312500 569 6442 1632
Ch1: 3.427704 -27.248503 25.281250 570 6436 1633
Ch1: 3.431902 -29.546367 25.281250 571 6435 1635
Ch1: 3.434001 -36.439960 25.343750 572 6432 1636
Ch1: 3.436100 -38.737824 25.312500 573 6431 1637
Ch1: 3.438199 -43.333552 25.312500 574 6429 1638
Ch1: 3.442397 -34.142095 25.343750 575 6433 1640
Ch1: 3.444496 -24.950638 25.281250 576 6437 1641
Ch1: 3.444496 -47.929281 25.312500 577 6427 1641
Ch1: 3.450793 -11.163453 25.281250 578 6443 1644
Ch1: 3.452892 -8.865589 25.312500 579 6444 1645
Ch1: 3.454991 -13.461317 25.343750 580 6442 1646
Ch1: 3.457090 -24.950638 25.343750 581 6437 1647
Ch1: 3.461288 -31.844231 25.312500 582 6434 1649
Ch1: 3.463387 -41.035688 25.312500 583 6430 1650
Ch1: 3.465486 -43.333552 25.312500 584 6429 1651
Ch1: 3.467585 -38.737824 25.312500 585 6431 1652
Ch1: 3.469684 -50.227145 25.312500 586 6426 1653
Ch1: 3.471783 -34.142095 25.281250 587 6433 1654
Ch1: 3.475981 -31.844231 25.343750 588 6434 1656
Ch1: 3.478080 -22.652774 25.343750 589 6438 1657
Ch1: 3.480179 -20.354910 25.343750 590 6439 1658
Ch1: 3.484377 -18.057046 25.312500 591 6440 1660
Ch1: 3.482278 -61.716466 25.312500 592 6421 1659
Ch1: 3.488575 -29.546367 25.312500 593 6435 1662
Ch1: 3.492773 -34.142095 25.281250 594 6433 1664
Ch1: 3.494872 -41.035688 25.281250 595 6430 1665
Ch1: 3.496971 -47.929281 25.312500 596 6427 1666
Ch1: 3.499070 -52.525009 25.312500 597 6425 1667
Ch1: 3.503268 -59.418602 25.281250 598 6422 1669
Ch1: 3.505367 -54.822874 25.312500 599 6424 1670
Ch1: 3.507466 -52.525009 25.281250 600 6425 1671
