0
0
0
0
0
0
0
0
0
0
0
0
0
0
1
0
1
0
0
0
0
0
0
0
0
1
1
2
1
8
13
11
17
19
18
21
20
20
29
26
34
32
33
26
22
20
23
61
180
467
722
868
961
995
978
1017
976
985
1014
989
992
1035
1012
1047
1061
1105
1122
1071
1118
1080
1011
1050
1030
1067
1080
1074
1046
1069
1141
1100
1093
1044
1075
1027
1009
1077
1074
995
1035
984
970
1048
1015
995
976
940
985
1002
950
949
974
923
948
907
916
907
903
883
860
914
863
895
902
859
853
872
852
869
850
789
803
759
728
755
792
752
693
746
734
727
731
731
781
744
707
705
719
737
625
646
662
702
669
685
630
679
643
658
652
622
624
663
671
607
647
603
608
672
625
592
590
607
621
616
595
595
622
607
597
606
614
585
621
612
545
623
587
598
565
574
577
521
595
580
582
532
551
580
596
571
558
601
607
600
588
551
579
563
572
575
570
585
606
603
525
581
544
576
572
532
542
495
557
542
517
536
571
560
473
567
546
561
516
508
537
536
500
477
534
507
521
541
469
489
493
469
498
485
510
507
448
462
465
514
497
481
492
459
464
459
480
443
471
492
474
436
487
488
430
471
468
439
420
454
463
405
436
455
415
415
411
416
431
414
393
432
409
394
417
392
371
441
381
401
401
378
401
398
370
363
350
375
370
344
373
339
328
347
316
349
342
299
350
303
294
319
286
283
274
266
256
296
269
268
258
277
248
256
270
243
263
270
253
264
290
256
250
245
275
263
252
269
268
251
266
278
284
260
280
261
273
268
283
306
274
272
290
252
277
280
314
250
266
270
285
260
256
264
260
302
309
282
275
297
270
293
283
289
271
288
286
299
318
280
290
282
272
307
320
290
303
304
311
296
318
320
309
307
307
312
336
340
315
341
349
349
304
330
352
341
327
337
378
355
353
328
361
361
347
371
378
398
353
364
395
359
390
362
385
367
375
384
416
381
389
402
387
338
448
428
429
405
451
458
404
408
404
434
427
421
430
433
454
444
434
411
408
502
431
445
486
450
492
532
499
522
516
479
508
477
469
520
509
555
518
507
506
525
511
526
557
512
505
560
561
517
554
512
572
551
513
556
621
602
592
609
555
543
646
626
620
578
575
569
619
601
663
620
583
589
572
585
620
642
664
597
655
642
642
633
620
685
651
658
711
668
685
676
642
702
651
688
660
675
651
712
718
740
738
662
673
689
741
683
736
726
727
735
731
705
720
660
699
769
731
714
770
744
735
808
719
759
775
748
715
755
804
802
798
818
826
808
793
776
834
833
824
825
834
841
844
814
804
833
841
811
825
805
881
820
904
828
800
861
844
892
936
957
845
860
925
885
953
900
850
934
955
880
898
929
906
923
904
866
897
918
960
941
899
935
940
915
1004
978
918
973
959
974
981
982
1002
955
889
1015
910
1028
932
982
1018
1022
929
1011
980
1032
1015
974
1067
973
1045
946
1019
983
984
989
1003
1031
963
1058
1043
1019
1038
996
1062
1017
997
1037
1011
1016
998
1094
1007
1057
975
977
1077
996
1061
1055
1035
981
969
996
942
1013
997
1005
1020
1001
1009
995
961
993
969
985
941
965
951
917
987
988
992
973
1008
956
932
958
943
964
980
937
932
919
977
944
883
901
912
935
919
951
909
917
857
920
856
891
883
919
876
860
892
874
871
856
812
831
836
837
869
883
842
845
870
845
837
776
825
846
857
811
777
811
828
807
764
718
805
808
756
807
750
777
753
736
768
734
693
758
759
765
676
717
759
668
723
664
686
684
701
649
708
663
699
670
654
628
644
649
636
635
680
662
626
682
579
599
568
572
611
604
641
594
587
610
594
555
624
553
517
569
564
561
586
575
583
549
555
558
501
576
548
535
519
515
580
526
528
491
509
530
518
511
519
514
493
513
499
499
479
499
494
470
461
446
492
450
462
432
447
478
409
443
467
429
452
466
442
427
409
444
438
439
445
407
415
377
376
415
429
405
365
417
405
393
450
381
374
387
407
404
373
395
359
371
390
359
371
360
335
387
359
388
364
335
355
322
348
345
325
313
342
339
346
337
349
326
353
332
353
318
337
300
322
358
321
298
324
306
315
313
312
284
321
315
304
329
297
285
321
311
310
281
281
276
297
267
261
276
266
268
264
281
270
298
242
270
261
262
250
264
285
254
239
263
251
248
234
268
259
239
200
234
259
256
237
245
232
250
217
219
258
234
257
225
200
218
219
242
252
241
214
227
238
226
232
225
228
227
224
206
216
212
199
222
200
191
206
226
236
217
223
226
218
205
203
214
202
191
202
211
190
182
183
206
223
194
206
229
186
177
164
188
189
167
195
175
190
183
177
179
182
170
177
152
162
172
183
163
183
170
173
159
156
168
150
152
178
158
158
177
156
177
141
138
160
164
166
167
146
149
148
147
177
144
142
144
155
148
160
156
154
155
160
159
142
185
148
150
148
149
137
129
118
127
131
137
137
145
148
141
124
116
126
108
132
126
118
112
129
108
124
119
116
111
114
129
116
105
102
112
116
122
119
107
100
126
106
95
101
91
116
109
104
118
102
129
117
90
97
96
106
111
91
97
95
83
91
86
80
99
79
99
79
81
70
89
96
84
86
91
98
92
78
98
102
60
67
64
70
95
86
107
90
69
86
81
72
88
82
76
85
60
71
71
95
75
74
72
64
67
71
82
57
73
66
74
86
60
74
60
58
54
59
75
52
62
62
66
64
69
72
67
49
54
79
45
76
52
63
49
64
57
51
72
57
58
52
49
68
71
51
69
62
59
55
59
42
63
59
55
45
50
52
50
51
45
48
54
39
48
50
45
52
43
45
38
50
37
37
47
50
39
48
47
52
44
38
36
58
52
43
49
27
36
51
47
30
38
35
45
48
40
32
34
48
48
34
38
34
35
36
46
36
33
39
39
47
36
33
31
34
43
35
29
41
36
21
39
36
33
35
34
41
38
38
31
32
31
29
25
37
38
33
22
26
40
35
33
28
30
32
32
29
25
40
29
26
24
27
32
37
21
35
38
32
27
27
30
30
35
38
30
25
28
20
24
28
30
33
30
31
33
26
25
32
27
30
37
19
23
28
17
32
42
34
28
25
32
26
21
29
28
17
21
21
27
22
19
26
23
24
33
25
28
21
26
22
31
34
15
29
24
23
25
24
21
17
26
19
31
15
14
18
16
21
20
17
25
25
18
17
27
18
17
24
22
24
17
25
14
19
15
27
22
23
22
18
27
26
31
24
21
16
14
19
26
23
15
18
9
21
17
21
20
19
20
24
20
23
19
20
22
26
14
7
21
17
18
19
23
19
20
13
18
21
23
17
11
21
13
24
21
18
15
19
18
16
16
12
18
20
17
21
22
23
11
12
16
28
14
24
12
13
12
18
20
19
23
14
18
9
14
23
18
16
17
12
17
18
15
12
22
17
8
17
10
17
21
15
12
14
17
11
9
5
15
9
12
16
11
12
13
6
12
10
11
13
16
13
20
11
14
13
18
15
11
12
11
19
20
7
16
15
8
16
9
19
9
7
20
9
13
13
15
7
17
11
13
16
14
11
15
11
12
6
16
10
11
10
10
13
13
12
10
18
21
11
10
7
9
10
10
8
12
7
10
12
15
13
7
13
13
11
10
8
7
14
13
3
10
10
11
16
9
8
6
3
14
9
11
9
13
12
16
6
3
5
15
11
8
12
6
14
6
8
11
10
10
6
6
16
7
9
8
11
9
13
12
14
10
7
15
8
14
14
11
4
11
9
10
11
10
13
11
5
7
10
5
8
11
10
5
6
8
9
9
6
11
8
8
9
11
12
6
8
2
8
7
12
7
3
14
8
10
9
10
7
6
6
8
11
5
5
14
9
5
14
7
12
11
8
8
9
6
1
5
9
7
6
7
8
13
4
15
9
8
7
12
3
11
7
5
8
7
7
9
7
5
10
11
7
5
8
3
8
11
10
9
3
11
9
8
3
7
8
7
5
8
4
7
3
2
7
3
4
9
7
7
10
2
8
8
11
2
5
10
10
9
10
5
8
4
7
4
8
9
9
9
5
8
5
7
6
13
10
11
4
6
5
11
9
11
5
8
5
5
4
3
6
2
3
6
9
9
9
8
6
6
8
10
10
10
6
2
2
11
5
5
9
5
6
5
7
5
0
11
6
4
4
1
2
3
9
4
8
7
4
6
5
8
7
1
2
3
9
8
9
11
4
2
5
9
8
2
7
5
9
10
1
5
5
4
5
7
6
6
4
4
4
6
9
5
10
8
4
8
5
4
3
3
4
5
4
5
4
7
5
5
7
7
7
3
10
3
5
7
4
2
5
5
8
6
7
5
5
8
4
8
3
6
3
9
5
7
5
6
4
5
3
6
4
2
3
7
1
4
4
4
2
5
6
3
3
5
6
4
2
8
5
4
4
2
3
2
9
2
3
3
2
7
7
3
3
6
6
2
6
4
4
9
5
4
6
8
6
2
4
5
6
4
4
2
5
5
5
4
3
5
1
1
4
2
2
2
2
0
4
6
4
3
4
6
5
1
3
4
5
5
8
3
3
5
7
4
7
9
4
1
2
7
5
7
4
4
4
3
0
7
3
3
2
3
4
4
3
5
5
4
6
4
2
5
5
6
2
0
3
1
4
5
3
1
4
4
2
3
3
2
5
3
6
3
3
4
4
3
5
2
3
4
6
5
3
1
4
1
4
2
5
2
3
3
7
2
3
2
1
2
3
1
3
3
2
5
1
3
2
3
3
3
1
2
4
4
3
2
5
5
4
2
5
1
3
3
2
2
2
1
2
3
4
3
3
0
2
0
2
5
1
4
6
7
2
5
1
2
3
2
4
3
7
0
3
0
2
3
3
3
5
2
2
3
2
3
3
8
3
1
1
0
1
4
0
1
2
2
3
5
3
1
2
5
2
0
4
3
1
2
2
5
4
4
3
2
0
2
2
2
0
1
4
3
2
4
4
6
2
0
3
3
3
2
2
5
5
4
1
3
4
3
2
3
5
2
1
3
0
3
1
4
0
1
2
4
1
1
2
5
3
2
4
3
3
1
0
3
1
2
2
2
3
1
5
0
3
0
3
2
1
3
3
2
3
1
1
2
1
1
2
4
2
3
2
4
4
3
2
3
2
1
3
4
0
1
2
2
0
4
2
0
3
2
2
2
2
0
5
1
0
2
3
2
1
1
0
2
1
1
1
2
4
1
1
5
1
1
1
2
2
1
3
0
1
0
0
1
1
1
2
3
0
2
1
1
2
0
2
4
2
2
3
3
0
1
1
0
2
2
2
1
3
0
2
2
2
1
2
3
0
1
1
1
0
1
1
2
1
4
2
2
1
0
1
4
0
1
2
1
2
2
1
2
2
0
1
2
1
2
0
1
0
1
2
0
1
4
1
1
2
0
1
1
0
0
1
0
2
0
3
1
1
0
0
0
0
1
1
0
1
1
0
0
2
1
2
3
0
0
0
2
2
0
2
1
2
1
0
0
2
0
2
0
0
0
1
4
2
0
1
2
1
1
2
1
0
1
1
2
1
0
0
2
2
2
1
1
0
0
0
1
0
2
1
1
0
1
1
3
0
2
0
1
1
2
2
0
0
4
1
2
1
2
2
0
0
0
1
3
0
1
1
2
2
2
1
1
2
2
1
1
0
1
1
4
1
1
2
2
1
0
0
0
2
0
1
1
1
2
1
1
1
2
1
1
3
0
0
1
0
0
0
0
0
1
1
2
1
1
0
1
0
0
0
0
1
1
1
2
0
0
2
1
0
1
0
1
1
0
0
1
0
3
1
0
2
0
1
1
1
0
1
3
3
1
0
0
0
1
0
1
1
2
0
0
0
1
1
0
0
2
0
0
1
1
0
1
1
0
3
0
1
1
0
1
0
1
1
0
0
1
0
1
0
0
1
1
1
0
0
0
0
1
1
1
0
0
1
2
1
1
1
1
2
0
0
0
1
1
0
1
0
0
0
0
0
0
0
1
0
0
1
0
0
0
0
1
0
1
1
0
0
0
1
0
2
1
0
1
0
0
0
1
0
1
0
0
2
0
1
0
0
0
1
0
0
0
0
0
1
0
0
1
0
0
0
1
0
0
0
0
1
0
0
0
0
2
0
0
0
1
0
0
0
0
0
0
0
0
0
0
1
0
0
0
0
0
2
0
0
0
0
0
1
0
0
2
1
0
0
0
0
0
1
0
0
0
0
2
0
0
0
1
1
0
0
0
0
0
0
0
0
0
0
0
0
0
0
0
0
0
0
1
0
0
0
1
0
1
1
0
0
1
0
1
0
0
0
0
0
0
1
0
0
0
0
0
0
0
0
0
0
0
1
0
1
1
0
0
0
0
0
0
1
1
0
0
0
1
0
0
0
0
0
0
0
0
0
0
0
0
1
0
0
0
0
0
1
0
0
2
0
0
0
0
0
0
1
0
1
0
0
0
0
0
0
0
0
0
0
0
0
1
0
0
1
0
1
0
0
0
0
0
0
0
0
0
1
1
0
0
0
0
0
0
0
0
0
1
1
0
0
0
0
0
0
0
0
0
0
0
0
0
0
0
1
0
0
0
0
0
0
1
0
0
0
0
0
0
0
0
0
0
1
0
0
0
0
0
0
0
0
0
0
0
0
0
0
0
0
0
0
0
0
0
0
0
0
0
0
0
0
0
0
0
0
0
0
0
0
0
0
0
0
0
0
0
0
0
0
0
0
0
0
0
0
0
0
0
0
0
0
0
0
0
0
0
0
0
0
0
0
0
0
0
0
0
0
0
0
0
0
0
0
0
0
0
0
0
0
0
0
0
0
0
0
0
0
0
0
0
0
0
0
0
0
0
0
0
0
0
0
0
0
0
0
0
0
0
0
0
0
0
0
0
0
0
1
0
0
0
0
0
0
0
0
0
0
0
0
0
0
0
0
0
0
0
0
0
0
0
0
0
0
0
0
0
1
0
0
0
0
0
0
0
0
0
0
1
0
0
1
0
0
0
0
0
0
0
0
0
0
0
0
0
0
0
0
0
0
0
0
0
0
0
0
0
0
0
0
0
0
0
0
0
1
0
1
0
0
0
0
0
0
0
0
0
0
0
0
0
0
0
0
0
0
0
0
0
0
0
0
0
0
0
0
0
0
0
0
0
0
0
0
0
0
0
0
0
0
0
0
1
0
0
0
0
0
0
0
0
0
0
0
0
0
0
0
0
1
0
0
0
0
0
0
0
0
0
0
0
0
0
0
0
0
0
0
0
0
0
0
0
0
0
0
0
0
0
0
0
0
0
0
0
0
0
0
0
0
0
0
0
0
0
0
0
0
0
0
0
0
0
0
0
0
0
0
0
0
0
0
0
0
0
0
0
0
0
0
0
0
0
0
0
0
0
0
0
0
0
0
0
0
0
0
0
0
0
0
0
0
0
0
0
0
0
0
1
1
0
0
0
0
0
0
1
0
0
1
0
0
0
0
0
0
0
0
0
0
0
0
0
0
0
0
0
0
0
0
0
0
0
0
0
0
0
0
0
0
0
0
0
0
0
0
0
0
0
0
0
0
0
0
0
0
0
0
0
0
0
0
0
0
0
0
0
0
0
0
0
0
0
0
0
0
0
0
0
0
0
0
0
0
0
0
0
0
0
0
0
0
0
0
0
0
0
0
0
0
0
0
0
0
0
0
0
0
0
0
0
0
0
0
0
0
0
0
0
0
0
0
0
0
0
0
0
0
0
0
0
0
0
0
0
0
0
0
0
0
0
0
0
0
0
0
0
0
0
0
0
0
0
0
0
0
0
0
0
0
0
0
0
0
0
0
0
0
0
0
0
0
0
0
0
0
0
0
0
0
0
0
0
0
0
0
0
0
0
0
0
0
0
0
0
0
0
0
0
0
0
0
0
0
0
0
0
0
0
0
0
0
0
0
0
0
0
0
0
0
0
0
0
0
0
0
0
0
0
0
0
0
0
0
0
0
0
0
0
0
0
0
0
0
0
0
0
0
0
0
0
0
0
0
0
0
0
0
0
0
0
0
0
0
0
0
0
0
0
0
0
0
0
0
0
0
0
0
0
0
0
0
0
0
0
0
0
0
0
0
0
0
0
0
0
0
0
0
0
0
0
0
0
0
0
0
0
0
0
0
0
0
0
0
0
0
0
0
0
0
0
0
0
0
0
0
0
0
0
0
0
0
0
0
0
0
0
0
0
0
0
0
0
0
0
0
0
0
0
0
0
0
0
0
0
0
0
0
0
0
0
0
0
0
0
0
0
0
0
0
0
0
0
0
0
0
0
0
0
0
0
0
0
0
0
0
0
0
0
0
0
0
0
0
0
0
0
0
0
0
0
0
0
0
0
0
0
0
0
0
0
0
0
0
0
0
0
0
0
0
0
0
0
0
0
0
0
0
0
0
0
0
0
0
0
0
0
0
0
0
0
0
0
0
0
0
0
0
0
0
0
0
0
0
0
0
0
0
0
0
0
0
0
0
0
0
0
0
0
0
0
0
0
0
0
0
0
0
0
0
0
0
0
0
0
0
0
0
0
0
0
0
0
0
0
0
0
0
0
0
0
0
0
0
0
0
0
0
0
0
0
0
0
0
1
0
0
0
0
0
0
0
0
0
0
0
0
0
0
0
0
0
0
0
0
0
0
0
0
0
0
0
0
0
0
0
0
0
0
0
0
0
0
0
0
0
0
0
0
0
0
0
0
0
0
0
0
0
0
0
0
0
0
0
0
0
0
0
0
0
0
0
0
0
0
0
0
0
0
0
0
0
0
0
0
0
0
0
0
0
0
0
0
0
0
0
0
0
0
0
0
0
0
0
0
0
0
0
0
0
0
0
0
0
0
0
0
0
0
0
0
0
0
0
0
0
0
0
0
0
0
0
0
0
0
0
0
0
0
0
0
0
0
0
0
0
0
0
0
0
0
0
0
0
0
0
0
0
0
0
0
0
0
0
0
0
0
0
0
0
0
0
0
0
0
0
0
0
0
0
0
0
0
0
0
0
0
0
0
0
0
0
0
0
0
0
0
0
0
0
0
0
0
0
0
0
0
0
0
0
0
0
0
0
0
0
0
0
0
0
0
0
0
0
0
0
0
0
0
0
0
0
0
0
0
0
0
0
0
0
0
0
0
0
0
0
0
0
0
0
0
0
0
0
0
0
0
0
0
0
0
0
0
0
0
0
0
0
0
0
0
0
0
0
0
0
0
0
0
0
0
0
0
0
0
0
0
0
0
0
0
0
0
0
0
0
0
0
0
0
0
0
0
0
0
0
0
0
0
0
0
0
0
0
0
0
0
0
0
0
0
0
0
0
0
0
0
0
0
0
0
0
0
0
0
0
0
0
0
0
0
0
0
0
0
0
0
0
0
0
0
0
0
0
0
0
0
0
0
0
0
0
0
0
0
0
0
0
0
0
0
0
0
0
0
0
0
0
0
0
0
0
0
0
0
0
0
0
0
0
0
0
0
0
0
0
0
0
0
0
0
0
0
0
0
0
0
0
0
0
0
0
0
0
0
0
0
0
0
0
0
0
0
0
0
0
0
0
0
0
0
0
0
0
0
0
0
0
0
0
0
0
0
0
0
0
0
0
0
0
0
0
0
0
0
0
0
0
0
0
0
0
0
0
0
0
0
0
0
0
0
0
0
0
0
0
0
0
0
0
0
0
0
0
0
0
0
0
0
0
0
0
0
0
0
0
0
0
0
0
0
0
0
0
0
0
0
0
0
0
0
0
0
0
0
0
0
0
0
0
0
0
0
0
0
0
0
0
0
0
0
0
0
0
0
0
0
0
0
0
0
0
0
0
0
0
0
0
0
0
0
0
0
0
0
0
0
0
0
0
0
0
0
0
0
0
0
0
0
0
0
0
0
0
0
0
0
0
0
0
0
0
0
0
0
0
0
0
0
0
0
0
0
0
0
0
0
0
0
0
0
0
0
0
0
0
0
0
0
0
0
0
0
0
0
0
0
0
0
0
0
0
0
0
0
0
0
0
0
0
0
0
0
0
0
0
0
0
0
0
0
0
0
0
0
0
0
0
0
0
0
0
0
0
0
0
0
0
0
0
0
0
0
0
0
0
0
0
0
0
0
0
0
0
0
0
0
0
0
0
0
0
0
0
0
0
0
0
0
0
0
0
0
0
0
0
0
0
0
0
0
0
0
0
0
0
0
0
0
0
0
0
0
0
0
0
0
0
0
0
0
0
0
0
0
0
0
0
0
0
0
0
0
0
0
0
0
0
0
0
0
0
0
0
0
0
0
0
0
0
0
0
0
0
0
0
0
0
0
0
0
0
0
0
0
0
0
0
0
0
0
0
0
0
0
0
0
0
0
0
0
0
0
0
0
0
0
0
0
0
0
0
0
0
0
0
0
0
0
0
0
0
0
0
0
0
0
0
0
0
0
0
0
0
0
0
0
0
0
0
0
0
0
0
0
0
0
0
0
0
0
0
0
0
0
0
0
0
0
0
0
0
0
0
0
0
0
0
0
0
0
0
0
0
0
0
0
0
0
0
0
0
0
0
0
0
0
0
0
0
0
0
0
0
0
0
0
0
0
0
0
0
0
0
0
0
0
0
0
0
0
0
0
0
0
0
0
0
0
0
0
0
0
0
0
0
0
0
0
0
0
0
0
0
0
0
0
0
0
0
0
0
0
0
0
0
0
0
0
0
0
0
0
0
0
0
0
0
0
0
0
0
0
0
0
0
0
0
0
0
0
0
0
0
0
0
0
0
0
0
0
0
0
0
0
0
0
0
0
0
0
0
0
0
0
0
0
0
0
0
0
0
0
0
0
0
0
0
0
0
0
0
0
0
0
0
0
0
0
0
0
0
0
0
0
0
0
0
0
0
0
0
0
0
0
0
0
0
0
0
0
0
0
0
0
0
0
0
0
0
0
0
0
0
0
0
0
0
0
0
0
0
0
0
0
0
0
0
0
0
0
0
0
0
0
0
0
0
0
0
0
0
0
0
0
0
0
0
0
0
0
0
0
0
0
0
0
0
0
0
0
0
0
0
0
0
0
0
0
0
0
0
0
0
0
0
0
0
0
0
0
0
0
0
0
0
0
0
0
0
0
0
0
0
0
0
0
0
0
0
0
0
0
0
0
0
0
0
0
0
0
0
0
0
0
0
0
0
0
0
0
0
0
0
0
0
0
0
0
0
0
0
0
0
0
0
0
0
0
0
0
0
0
0
0
0
0
0
0
0
0
0
0
0
0
0
0
0
0
0
0
0
0
0
0
0
0
0
0
0
0
0
0
0
0
0
0
0
0
0
0
0
0
0
0
0
0
0
0
0
0
0
0
0
0
0
0
0
0
0
0
0
0
0
0
0
0
0
0
0
0
0
0
0
0
0
0
0
0
0
0
0
0
0
0
0
0
0
0
0
0
0
0
0
0
0
0
0
0
0
0
0
0
0
0
0
0
0
0
0
0
0
0
0
0
0
0
0
0
0
0
0
0
0
0
0
0
0
0
0
0
0
0
0
0
0
0
0
0
0
0
0
0
0
0
0
0
0
0
0
0
0
0
0
0
0
0
0
0
0
0
0
0
0
0
0
0
0
0
0
0
0
0
0
0
0
0
0
0
0
0
0
0
0
0
0
0
0
0
0
0
0
0
0
0
0
0
0
0
0
0
0
0
0
0
0
0
0
0
0
0
0
0
0
0
0
0
0
0
0
0
0
0
0
0
0
0
0
0
0
0
0
0
0
0
0
0
0
0
0
0
0
0
0
0
0
0
0
0
0
0
0
0
0
0
0
0
0
0
0
0
0
0
0
0
0
0
0
0
0
0
0
0
0
0
0
0
0
0
0
0
0
0
0
0
0
0
0
0
0
0
0
0
0
0
0
0
0
0
0
0
0
0
0
0
0
0
0
0
0
0
0
0
0
0
0
0
0
0
0
0
0
0
0
0
0
0
0
0
0
0
0
0
0
0
0
0
0
0
0
0
0
0
0
0
0
0
0
0
0
0
0
0
0
0
0
0
0
0
0
0
0
0
0
0
0
0
0
0
0
0
0
0
0
0
0
0
0
0
0
0
0
0
0
0
0
0
0
0
0
0
0
0
0
0
0
0
0
0
0
0
0
0
0
0
0
0
0
0
0
0
0
0
0
0
0
0
0
0
0
0
0
0
0
0
0
0
0
0
0
0
0
0
0
0
0
0
0
0
0
0
0
0
0
0
0
0
0
0
0
0
0
0
0
0
0
0
0
0
0
0
0
0
0
0
0
0
0
0
0
0
0
0
0
0
0
0
0
0
0
0
0
0
0
0
0
0
0
0
0
0
0
0
0
0
0
0
0
0
0
0
0
0
0
0
0
0
0
0
0
0
0
0
0
0
0
0
0
0
0
0
0
0
0
0
0
0
0
0
0
0
0
0
0
0
0
0
0
0
0
0
0
0
0
0
0
0
0
0
0
0
0
0
0
0
0
0
0
0
0
0
0
0
0
0
0
0
0
0
0
0
0
0
0
0
0
0
0
0
0
0
0
0
0
0
0
0
0
0
0
0
0
0
0
0
0
0
0
0
0
0
0
0
0
0
0
0
0
0
0
0
0
0
0
0
0
0
0
0
0
0
0
0
0
0
0
0
0
0
0
0
0
0
0
0
0
0
0
0
0
0
0
0
0
0
0
0
0
0
0
0
0
0
0
0
0
0
0
0
0
0
0
0
0
0
0
0
0
0
0
0
0
0
0
0
0
0
0
0
0
0
0
0
0
0
0
0
0
0
0
0
0
0
0
0
0
0
0
0
0
0
0
0
0
0
0
0
0
0
0
0
0
0
0
0
0
0
0
0
0
0
0
0
0
0
0
0
0
0
0
0
0
0
0
0
0
0
0
0
0
0
0
0
0
0
0
0
0
0
0
0
0
0
0
0
0
0
0
0
0
0
0
0
0
0
0
0
0
0
0
0
0
0
0
0
0
0
0
0
0
0
0
0
0
0
0
0
0
0
0
0
0
0
0
0
0
0
0
0
0
0
0
0
0
0
0
0
0
0
0
0
0
0
0
0
0
0
0
0
0
0
0
0
0
0
0
0
0
0
0
0
0
0
0
0
0
0
0
0
0
0
0
0
0
0
0
0
0
0
0
0
0
0
0
0
0
0
0
0
0
0
0
0
0
0
0
0
0
0
0
0
0
0
0
0
0
0
0
0
0
0
0
0
0
0
0
0
0
0
0
0
0
0
0
0
0
0
0
0
0
0
0
0
0
0
0
0
0
0
0
0
0
0
0
0
0
0
0
0
0
0
0
0
0
0
0
0
0
0
0
0
0
0
0
0
0
0
0
0
0
0
0
0
0
0
0
0
0
0
0
0
0
0
0
0
0
0
0
0
0
0
0
0
0
0
0
0
0
0
0
0
0
0
0
0
0
0
0
0
0
0
0
0
0
0
0
0
0
0
0
0
0
0
0
0
0
0
0
0
0
0
0
0
0
0
0
0
0
0
0
0
0
0
0
0
0
0
0
0
0
0
0
0
0
0
0
0
0
0
0
0
0
0
0
0
0
0
0
0
0
0
0
0
0
0
0
0
0
0
0
0
0
0
0
0
0
0
0
0
0
0
0
0
0
0
0
0
0
0
0
0
0
0
0
0
0
0
0
0
0
0
0
0
0
0
0
0
0
0
0
0
0
0
0
0
0
0
0
0
0
0
0
0
0
0
0
0
0
0
0
0
0
0
0
0
0
0
0
0
0
0
0
0
0
0
0
0
0
0
0
0
0
0
0
0
0
0
0
0
0
0
0
0
0
0
0
0
0
0
0
0
0
0
0
0
0
0
0
0
0
0
0
0
0
0
0
0
0
0
0
0
0
0
0
0
0
0
0
0
0
0
0
0
0
0
0
0
0
0
0
0
0
0
0
0
0
0
0
0
0
0
0
0
0
0
0
0
0
0
0
0
0
0
0
0
0
0
0
0
0
0
0
0
0
0
0
0
0
0
0
0
0
0
0
0
0
0
0
0
0
0
0
0
0
0
0
0
0
0
0
0
0
0
0
0
0
0
0
0
0
0
0
0
0
0
0
0
0
0
0
0
0
0
0
0
0
0
0
0
0
0
0
0
0
0
0
0
0
0
0
0
0
0
0
0
0
0
0
0
0
0
0
0
0
0
0
0
0
0
0
0
0
0
0
0
0
0
0
0
0
0
0
0
0
0
0
0
0
0
0
0
0
0
0
0
0
0
0
0
0
0
0
0
0
0
0
0
0
0
0
0
0
0
0
0
0
0
0
0
0
0
0
0
0
0
0
0
0
0
0
0
0
0
0
0
0
0
0
0
0
0
0
0
0
0
0
0
0
0
0
0
0
0
0
0
0
0
0
0
0
0
0
0
0
0
0
0
0
0
0
0
0
0
0
0
0
0
0
0
0
0
0
0
0
0
0
0
0
0
0
0
0
0
0
0
0
0
0
0
0
0
0
0
0
0
0
0
0
0
0
0
0
0
0
0
0
0
0
0
0
0
0
0
0
0
0
0
0
0
0
0
0
0
0
0
0
0
0
0
0
0
0
0
0
0
0
0
0
0
0
0
0
0
0
0
0
0
0
0
0
0
0
0
0
0
0
0
0
0
0
0
0
0
0
0
0
0
0
0
0
0
0
0
0
0
0
0
0
0
0
0
0
0
0
0
0
0
0
0
0
0
0
0
0
0
0
0
0
0
0
0
0
0
0
0
0
0
0
0
0
0
0
0
0
0
0
0
0
0
0
0
0
0
0
0
0
0
0
0
0
0
0
0
0
0
0
0
0
0
0
0
0
0
0
0
0
0
0
0
0
0
0
0
0
0
0
0
0
0
0
0
0
0
0
0
0
0
0
0
0
0
0
0
0
0
0
0
0
0
0
0
0
0
0
0
0
0
0
0
0
0
0
0
0
0
0
0
0
0
0
0
0
0
0
0
0
0
0
0
0
0
0
0
0
0
0
0
0
0
0
0
0
0
0
0
0
0
0
0
0
0
0
0
0
0
0
0
0
0
0
0
0
0
0
0
0
0
0
0
0
0
0
0
0
0
0
0
0
0
0
0
0
0
0
0
0
0
0
0
0
0
0
0
0
0
0
0
0
0
0
0
0
0
0
0
0
0
0
0
0
0
0
0
0
0
0
0
0
0
0
0
0
0
0
0
0
0
0
0
0
0
0
0
0
0
0
0
0
0
0
0
0
0
0
0
0
0
0
0
0
0
0
0
0
0
0
0
0
0
0
0
0
0
0
0
0
0
0
0
0
0
0
0
0
0
0
0
0
0
0
0
0
0
0
0
0
0
0
0
0
0
0
0
0
0
0
0
0
0
0
0
0
0
0
0
0
0
0
0
0
0
0
0
0
0
0
0
0
0
0
0
0
0
0
0
0
0
0
0
0
0
0
0
0
0
0
0
0
0
0
0
0
0
0
0
0
0
0
0
0
0
0
0
0
0
0
0
0
0
0
0
0
0
0
0
0
0
0
0
0
0
0
0
0
0
0
0
0
0
0
0
0
0
0
0
0
0
0
0
0
0
0
0
0
0
0
0
0
0
0
0
0
0
0
0
0
0
0
0
0
0
0
0
0
0
0
0
0
0
0
0
0
0
0
0
0
0
0
0
0
0
0
0
0
0
0
0
0
0
0
0
0
0
0
0
0
0
0
0
0
0
0
0
0
0
0
0
0
0
0
0
0
0
0
0
0
0
0
0
0
0
0
0
0
0
0
0
0
0
0
0
0
0
0
0
0
0
0
0
0
0
0
0
0
0
0
0
0
0
0
0
0
0
0
0
0
0
0
0
0
0
0
0
0
0
0
0
0
0
0
0
0
0
0
0
0
0
0
0
0
0
0
0
0
0
0
0
0
0
0
0
0
0
0
0
0
0
0
0
0
0
0
0
0
0
0
0
0
0
0
0
0
0
0
0
0
0
0
0
0
0
0
0
0
0
0
0
0
0
0
0
0
0
0
0
0
0
0
0
0
0
0
0
0
0
0
0
0
0
0
0
0
0
0
0
0
0
0
0
0
0
0
0
0
0
0
0
0
0
0
0
0
0
0
0
0
0
0
0
0
0
0
0
0
0
0
0
0
0
0
0
0
0
0
0
0
0
0
0
0
0
0
0
0
0
0
0
0
0
0
0
0
0
0
0
0
0
0
0
0
0
0
0
0
0
0
0
0
0
0
0
0
0
0
0
0
0
0
0
0
0
0
0
0
0
0
0
0
0
0
0
0
0
0
0
0
0
0
0
0
0
0
0
0
0
0
0
0
0
0
0
0
0
0
0
0
0
0
0
0
0
0
0
0
0
0
0
0
0
0
0
0
0
0
0
0
0
0
0
0
0
0
0
0
0
0
0
0
0
0
0
0
0
0
0
0
0
0
0
0
0
0
0
0
0
0
0
0
0
0
0
0
0
0
0
0
0
0
0
0
0
0
0
0
0
0
0
0
0
0
0
0
0
0
0
0
0
0
0
0
0
0
0
0
0
0
0
0
0
0
0
0
0
0
0
0
0
0
0
0
0
0
0
0
0
0
0
0
0
0
0
0
0
0
0
0
0
0
0
0
0
0
0
0
0
0
0
0
0
0
0
0
0
0
0
0
0
0
0
0
0
0
0
0
0
0
0
0
0
0
0
0
0
0
0
0
0
0
0
0
0
0
0
0
0
0
0
0
0
0
0
0
0
0
0
0
0
0
0
0
0
0
0
0
0
0
0
0
0
0
0
0
0
0
0
0
0
0
0
0
0
0
0
0
0
0
0
0
0
0
0
0
0
0
0
0
0
0
0
0
0
0
0
0
0
0
0
0
0
0
0
0
0
0
0
0
0
0
0
0
0
0
0
0
0
0
0
0
0
0
0
0
0
0
0
0
0
0
0
0
0
0
0
0
0
0
0
0
0
0
0
0
0
0
0
0
0
0
0
0
0
0
0
0
0
0
0
0
0
0
0
0
0
0
0
0
0
0
0
0
0
0
0
0
0
0
0
0
0
0
0
0
0
0
0
0
0
0
0
0
0
0
0
0
0
0
0
0
0
0
0
0
0
0
0
0
0
0
0
0
0
0
0
0
0
0
0
0
0
0
0
0
0
0
0
0
0
0
0
0
0
0
0
0
0
0
0
0
0
0
0
0
0
0
0
0
0
0
0
0
0
0
0
0
0
0
0
0
0
0
0
0
0
0
0
0
0
0
0
0
0
0
0
0
0
0
0
0
0
0
0
0
0
0
0
0
0
0
0
0
0
0
0
0
0
0
0
0
0
0
0
0
0
0
0
0
0
0
0
0
0
0
0
0
0
0
0
0
0
0
0
0
0
0
0
0
0
0
0
0
0
0
0
0
0
0
0
0
0
0
0
0
0
0
0
0
0
0
0
0
0
0
0
0
0
0
0
0
0
0
0
0
0
0
0
0
0
0
0
0
0
0
0
0
0
0
0
0
0
0
0
0
0
0
0
0
0
0
0
0
0
0
0
0
0
0
0
0
0
0
0
0
0
0
0
0
0
0
0
0
0
0
0
0
0
0
0
0
0
0
0
0
0
0
0
0
0
0
0
0
0
0
0
0
0
0
0
0
0
0
0
0
0
0
0
0
0
0
0
0
0
0
0
0
0
0
0
0
0
0
0
0
0
0
0
0
0
0
0
0
0
0
0
0
0
0
0
0
0
0
0
0
0
0
0
0
0
0
0
0
0
0
0
0
0
0
0
0
0
0
0
0
0
0
0
0
0
0
0
0
0
0
0
0
0
0
0
0
0
0
0
0
0
0
0
0
0
0
0
0
0
0
0
0
0
0
0
0
0
0
0
0
0
0
0
0
0
0
0
0
0
0
0
0
0
0
0
0
0
0
0
0
0
0
0
0
0
0
0
0
0
0
0
0
0
0
0
0
0
0
0
0
0
0
0
0
0
0
0
0
0
0
0
0
0
0
0
0
0
0
0
0
0
0
0
0
0
0
0
0
0
0
0
0
0
0
0
0
0
0
0
0
0
0
0
0
0
0
0
0
0
0
0
0
0
0
0
0
0
0
0
0
0
0
0
0
0
0
0
0
0
0
0
0
0
0
0
0
0
0
0
0
0
0
0
0
0
0
0
0
0
0
0
0
0
0
0
0
0
0
0
0
0
0
0
0
0
0
0
0
0
0
0
0
0
0
0
0
0
0
0
0
0
0
0
0
0
0
0
0
0
0
0
0
0
0
0
0
0
0
0
0
0
0
0
