0
0
0
0
0
0
0
0
0
0
0
0
0
0
0
0
0
0
0
0
0
0
0
0
0
0
0
0
0
0
0
0
0
0
0
0
0
0
0
0
0
0
1
0
1
1
0
0
0
0
0
0
0
0
0
1
0
0
0
1
1
1
2
0
2
1
2
3
4
7
4
11
7
11
14
16
19
19
17
13
20
19
10
10
19
12
12
18
16
18
17
15
19
15
32
40
98
200
272
429
526
613
647
639
632
669
606
649
603
643
650
620
606
672
671
625
638
661
625
625
649
641
611
614
627
603
643
668
664
631
657
587
620
610
657
558
622
672
651
650
618
571
591
652
582
580
585
592
606
583
590
617
575
558
582
613
604
627
623
610
613
598
562
585
602
609
582
599
584
608
600
611
592
564
605
617
578
597
580
595
598
588
567
591
583
583
616
546
531
577
610
608
573
558
559
601
617
591
607
595
570
544
529
595
544
554
595
571
536
541
596
577
567
583
540
583
571
576
532
578
563
528
574
567
536
531
613
558
555
535
554
570
585
532
542
527
539
499
552
543
527
573
584
535
533
508
557
533
543
546
503
515
559
532
550
540
512
514
555
473
509
545
498
575
509
520
519
514
485
493
513
505
510
514
518
499
484
505
512
498
510
519
489
462
481
534
486
470
407
493
468
531
494
509
493
491
488
481
498
484
517
480
464
468
521
485
445
491
492
482
482
424
483
490
490
462
509
462
484
489
501
474
440
473
437
496
478
458
468
514
501
458
459
457
450
477
467
449
479
465
440
440
492
432
465
437
478
458
476
465
473
474
466
460
444
444
483
425
461
424
432
443
441
429
453
477
488
452
468
470
476
473
501
458
446
453
462
478
449
441
472
457
453
465
460
454
468
466
480
464
475
468
457
466
462
478
476
444
470
532
462
500
475
458
500
492
517
533
454
496
508
492
506
521
535
506
563
517
502
527
598
517
498
565
567
567
541
531
558
492
574
537
569
643
590
578
561
579
596
594
554
618
599
587
596
552
593
651
661
611
619
625
636
651
616
681
626
645
716
672
670
671
711
691
684
718
688
661
669
683
714
702
702
819
733
761
699
788
727
758
740
785
755
752
800
815
813
804
805
813
808
862
827
824
874
837
875
930
780
841
899
872
836
940
850
882
830
905
949
908
901
935
917
975
902
890
923
979
970
965
904
980
969
957
1083
1011
1009
1042
999
1083
1034
1030
1031
1008
1040
1067
1039
1025
1037
1060
1049
1069
1053
1096
1122
1074
1200
1078
1126
1055
1109
1154
1148
1121
1127
1191
1173
1136
1104
1237
1136
1220
1175
1187
1182
1184
1163
1197
1202
1197
1199
1254
1248
1196
1208
1265
1300
1258
1259
1253
1297
1308
1295
1315
1341
1342
1387
1313
1326
1374
1343
1376
1425
1420
1341
1408
1364
1402
1339
1420
1458
1447
1424
1461
1436
1399
1496
1419
1462
1412
1496
1468
1456
1485
1497
1525
1488
1506
1447
1542
1518
1501
1539
1561
1537
1449
1659
1559
1553
1502
1646
1560
1587
1569
1581
1539
1625
1584
1558
1587
1618
1607
1592
1619
1585
1641
1581
1648
1593
1695
1587
1608
1639
1643
1732
1705
1655
1644
1585
1786
1666
1678
1650
1685
1691
1692
1708
1714
1641
1682
1690
1706
1800
1686
1677
1738
1684
1674
1687
1773
1698
1690
1643
1627
1667
1656
1690
1652
1740
1610
1688
1613
1637
1598
1687
1697
1688
1638
1651
1694
1609
1683
1612
1727
1639
1698
1644
1602
1641
1566
1567
1682
1574
1653
1578
1598
1526
1568
1613
1602
1571
1607
1514
1558
1531
1548
1531
1579
1551
1557
1561
1492
1468
1534
1543
1572
1483
1404
1516
1422
1328
1509
1411
1436
1452
1430
1471
1338
1453
1386
1383
1367
1373
1405
1299
1327
1448
1337
1360
1441
1297
1412
1382
1299
1304
1314
1276
1288
1311
1322
1256
1258
1272
1238
1260
1274
1185
1270
1238
1344
1226
1196
1220
1181
1191
1261
1196
1123
1101
1174
1151
1203
1153
1187
1143
1115
1089
1079
1122
1110
1046
1074
1095
997
1095
1100
1073
1096
1025
1061
1050
1050
1015
981
1042
996
1029
1021
956
999
1001
990
943
959
890
998
967
897
915
957
930
886
914
910
924
847
826
909
840
842
880
859
821
847
801
881
875
868
887
869
813
793
809
789
840
800
835
756
776
779
730
810
756
723
766
734
742
716
727
728
724
766
721
736
726
724
706
691
677
702
665
651
669
707
685
673
683
623
675
667
651
590
622
639
644
637
629
634
606
640
607
646
581
618
575
588
595
572
568
576
569
537
580
543
578
580
546
557
550
552
555
537
544
580
541
566
589
504
547
527
482
499
483
480
527
503
520
450
461
484
484
486
453
471
493
480
450
503
454
453
483
431
462
437
455
436
477
438
453
382
421
437
460
441
420
418
402
405
458
456
393
410
415
405
407
380
382
406
404
419
434
385
378
393
371
360
371
369
371
355
355
407
357
372
359
345
320
334
351
321
342
319
357
357
337
350
325
358
336
313
383
332
364
337
327
319
300
284
340
314
316
313
327
302
307
302
323
289
294
293
303
286
295
313
276
265
281
286
272
308
285
263
286
273
268
264
256
255
291
288
235
255
257
261
237
254
253
254
250
270
242
226
230
217
197
217
243
224
233
234
211
231
223
245
200
204
218
205
195
199
217
227
205
206
180
210
206
198
201
196
215
205
191
211
189
177
182
197
171
182
199
185
195
192
158
189
169
183
195
171
184
170
154
147
160
170
178
167
191
176
181
144
144
151
152
145
134
156
147
134
166
154
150
150
137
146
139
157
142
153
122
135
136
141
139
137
128
122
122
125
120
115
127
104
120
109
125
115
114
129
98
113
117
120
111
111
108
118
109
140
115
106
111
116
99
106
98
93
134
114
124
107
84
103
133
98
95
92
95
88
98
102
92
99
104
101
88
76
105
84
86
82
86
84
78
100
83
69
89
83
101
70
79
72
92
68
74
75
76
73
87
70
75
89
80
88
72
74
58
68
60
77
78
81
62
80
73
64
65
59
74
61
62
69
82
65
53
81
52
52
63
75
69
75
52
67
52
58
65
63
63
56
63
48
54
58
43
57
44
61
50
53
63
46
49
38
63
50
47
48
51
54
51
55
49
52
49
46
48
54
53
51
41
56
39
55
49
44
57
38
54
42
40
40
44
42
38
45
45
27
41
45
43
39
36
42
33
27
37
41
38
51
33
37
43
33
38
36
37
38
31
38
42
36
30
28
41
27
40
24
29
43
34
31
48
35
31
27
25
30
27
32
41
32
37
26
28
34
28
33
36
31
30
25
23
30
24
30
36
33
39
40
38
29
24
38
30
28
29
27
32
25
25
40
28
28
24
39
30
25
17
37
32
36
30
27
38
32
33
14
33
33
25
31
25
27
22
21
26
20
19
29
30
19
28
14
25
19
26
18
25
27
17
27
29
27
32
23
21
27
28
28
21
13
26
24
26
34
32
23
31
21
16
18
28
12
24
15
15
27
14
14
19
14
14
19
16
15
17
19
22
24
25
15
22
20
17
20
18
11
21
20
20
17
17
13
12
27
10
16
23
15
20
14
12
18
14
15
28
12
15
5
14
12
18
17
21
12
15
12
20
22
15
17
9
20
16
18
13
18
15
19
18
13
19
9
18
9
17
10
16
19
9
16
19
10
19
14
16
17
16
13
7
12
14
14
19
10
11
13
11
11
9
7
14
11
14
14
9
16
8
11
13
11
15
6
6
8
12
10
13
14
11
10
14
9
16
11
9
8
11
9
14
11
12
8
14
15
8
8
9
14
12
11
10
8
9
9
5
5
7
12
10
10
14
10
8
6
13
4
8
18
6
5
11
10
9
5
12
10
6
15
11
10
16
9
9
6
8
10
10
15
10
8
14
10
6
4
14
12
4
15
5
11
6
13
8
10
4
6
18
7
6
8
14
12
7
5
13
11
10
12
9
10
7
8
10
5
15
14
9
8
7
5
6
9
6
7
9
6
8
7
5
11
10
8
6
8
2
13
6
7
7
5
7
6
2
12
10
4
9
6
8
11
17
11
5
4
7
8
2
4
7
9
8
5
3
9
4
9
3
5
3
8
6
7
8
12
13
16
11
9
8
6
8
6
7
6
9
6
10
8
7
10
11
3
4
5
2
7
11
4
8
6
5
14
3
7
6
5
5
9
3
10
3
9
5
10
9
5
7
11
6
6
5
7
5
4
7
6
7
5
9
9
7
8
6
4
8
7
8
9
1
5
5
5
6
5
11
5
2
5
10
5
6
9
6
1
5
5
4
3
6
6
3
6
6
5
6
5
7
6
3
4
10
7
10
6
5
7
7
7
1
5
5
6
3
6
17
4
4
8
2
7
2
2
2
6
9
7
3
6
5
4
5
5
5
7
8
4
5
5
2
6
3
4
7
4
4
2
8
5
9
6
7
5
6
2
3
1
5
13
7
2
5
2
5
5
6
9
6
8
5
4
6
8
4
11
5
5
8
3
1
6
10
6
4
9
4
3
6
2
2
7
8
4
4
3
1
6
7
7
2
4
5
2
3
4
6
6
2
3
4
3
5
5
3
3
6
5
3
3
9
4
6
5
6
1
9
2
4
3
5
5
2
4
4
5
5
4
6
7
2
5
6
5
5
1
4
6
2
6
0
4
7
7
3
3
3
6
6
3
6
0
2
4
4
3
6
7
5
5
3
1
2
3
7
8
4
4
1
4
3
4
4
3
4
3
2
9
4
5
1
4
6
3
5
1
3
3
2
1
3
3
3
5
2
4
3
3
6
4
6
2
3
0
1
1
2
3
3
6
3
4
3
4
5
3
2
5
1
6
3
3
2
3
5
5
4
4
1
1
1
2
3
2
2
9
0
6
1
0
5
5
2
2
3
3
1
3
1
3
4
3
2
7
1
4
3
4
3
2
2
2
1
3
4
1
1
3
3
6
2
1
1
3
3
3
4
6
3
5
4
3
4
4
2
2
2
3
1
3
0
3
3
1
5
1
1
2
1
2
0
6
0
3
4
3
2
4
1
2
3
0
3
2
3
0
3
2
1
1
0
0
2
3
4
4
1
2
0
3
2
2
2
3
2
1
3
1
1
2
3
1
1
0
4
2
0
3
2
3
1
2
2
2
1
2
1
3
1
2
3
1
4
0
3
2
2
5
1
1
1
4
4
3
5
1
2
3
2
0
2
1
1
3
0
2
0
2
3
2
0
2
1
0
1
2
2
0
0
2
0
0
2
1
2
2
1
2
1
3
2
1
3
1
1
1
2
1
0
2
2
1
0
0
1
1
2
1
3
2
0
2
3
3
2
2
2
1
2
0
2
3
3
2
2
0
1
1
0
0
0
0
1
1
2
1
0
1
0
1
3
1
1
1
2
0
3
2
0
1
0
1
0
0
1
3
0
0
2
0
0
1
1
0
2
3
1
3
1
3
1
1
2
1
1
3
1
2
1
0
1
2
1
2
3
4
0
1
2
1
1
2
3
1
2
2
1
0
2
0
0
0
1
1
0
2
0
0
0
1
0
3
0
0
2
0
0
1
2
3
0
3
1
1
0
2
1
3
2
1
1
1
1
0
0
0
1
0
1
0
0
0
1
2
2
1
0
0
1
0
1
4
1
2
0
3
1
1
0
1
0
1
0
0
0
1
0
0
0
0
0
2
1
1
2
0
1
0
3
2
2
1
0
1
0
0
2
1
2
0
1
1
0
0
0
1
4
1
3
0
0
0
0
0
0
1
0
2
0
0
0
1
0
0
1
0
0
2
1
1
1
2
0
1
0
0
1
0
1
1
0
0
1
2
1
0
0
1
0
0
2
1
0
1
1
0
0
1
0
1
2
2
2
0
0
2
0
1
2
0
0
1
1
3
0
2
2
0
0
0
2
1
0
1
0
1
2
0
2
0
0
0
0
0
2
2
0
2
1
0
0
0
1
0
1
1
0
0
0
0
0
0
0
0
1
0
0
0
0
0
0
3
1
0
0
1
0
1
0
1
1
0
2
0
0
0
0
0
1
1
1
1
0
1
0
2
2
1
0
0
0
0
1
0
0
0
0
2
2
0
1
0
0
0
1
0
0
0
0
1
1
0
0
1
1
0
0
0
0
2
0
0
1
0
1
2
0
0
0
1
0
0
1
0
1
0
1
2
1
0
1
0
0
0
0
0
0
0
0
1
2
0
0
1
0
0
0
0
0
0
0
1
1
1
1
2
0
0
0
0
2
1
2
0
0
0
0
0
1
0
0
0
0
1
0
0
0
1
0
1
0
0
1
0
0
0
0
0
1
1
0
0
1
1
0
0
0
0
1
0
1
0
0
0
0
0
0
1
1
1
0
0
0
0
0
0
0
0
0
0
1
0
0
1
0
0
0
0
1
0
1
0
0
0
0
0
0
0
1
1
0
0
1
0
0
0
0
0
1
0
0
0
0
0
0
0
0
0
2
0
0
0
1
2
0
1
0
0
0
1
0
1
0
0
0
0
0
0
0
0
0
0
0
0
0
0
1
0
0
0
0
0
0
0
1
0
0
2
0
0
1
0
0
0
0
0
0
0
0
0
1
0
1
0
0
1
1
0
0
0
0
1
0
0
0
0
0
0
0
0
0
0
0
0
0
0
0
0
0
0
0
0
0
0
0
0
0
0
0
0
0
0
0
0
1
0
0
0
0
0
0
0
0
0
0
0
0
0
0
0
0
0
0
0
0
0
0
0
0
0
0
0
0
0
0
0
0
0
0
1
0
0
0
0
0
0
0
0
1
0
0
0
1
1
0
0
0
0
0
0
0
0
0
0
0
0
0
0
0
0
0
1
0
0
0
0
0
0
0
0
0
0
0
0
0
0
0
0
0
0
0
0
0
0
0
0
0
0
0
0
0
0
1
0
0
0
0
0
0
0
0
0
0
0
0
0
0
1
0
1
0
0
0
0
1
0
0
0
0
0
0
0
0
0
0
0
0
0
0
0
0
0
1
0
0
0
0
0
0
1
0
0
0
0
0
0
0
0
0
0
0
0
0
1
0
0
0
0
0
0
0
0
0
0
0
0
0
0
0
0
0
0
0
0
1
0
0
0
0
0
0
0
0
0
0
0
0
0
0
0
0
0
0
0
0
0
0
0
0
0
0
0
0
0
0
0
0
0
0
0
0
0
0
0
0
0
0
0
0
0
0
0
0
0
0
0
0
0
0
0
0
0
0
0
0
0
0
0
0
0
0
0
0
0
0
0
0
0
0
0
0
0
0
0
0
0
0
0
1
0
0
0
0
0
0
0
0
0
0
0
0
0
0
0
0
0
0
0
0
0
0
0
0
0
0
0
0
0
0
0
0
0
0
0
0
0
0
0
0
0
0
0
0
0
0
0
0
0
0
0
0
0
0
0
0
0
0
0
0
0
0
0
0
0
0
0
0
0
0
0
0
0
0
0
0
0
0
0
0
0
0
0
0
0
0
0
0
0
0
0
0
0
0
0
0
0
0
0
0
0
0
0
0
0
0
0
0
0
0
0
0
0
0
0
0
0
0
0
0
0
0
0
0
0
0
0
0
0
0
0
0
0
0
0
0
0
0
0
0
0
0
0
0
0
0
0
0
0
0
0
0
0
0
0
0
1
0
0
0
0
0
0
0
0
0
0
0
0
0
0
0
0
0
0
0
0
0
0
0
0
0
0
0
0
0
0
0
0
0
0
0
0
0
0
0
0
0
0
1
0
0
0
0
0
0
0
0
0
0
0
0
0
0
0
0
0
0
0
0
0
0
0
0
0
0
0
0
0
0
0
0
0
0
0
0
0
0
0
0
0
0
0
0
0
0
0
0
0
0
0
0
0
0
0
0
0
0
0
0
0
0
0
0
0
0
0
0
0
0
0
0
0
0
0
0
0
0
0
0
0
0
0
0
0
0
0
0
0
0
0
0
0
0
0
0
0
0
0
0
0
0
0
0
0
0
1
0
1
0
0
0
0
0
0
0
0
0
0
0
0
0
0
0
0
0
0
0
0
0
0
0
0
0
0
0
0
0
0
0
0
0
0
0
0
0
0
0
0
0
0
0
0
0
0
0
0
0
0
0
0
0
0
0
0
0
0
0
0
0
0
0
0
0
0
0
0
0
0
0
0
0
0
0
0
0
0
0
0
0
0
0
0
0
0
0
0
0
0
0
0
0
0
0
0
0
0
0
0
0
0
0
0
0
0
0
0
0
0
0
0
0
0
0
0
0
0
0
0
0
0
0
0
0
0
0
0
0
0
0
0
0
0
0
0
0
0
0
0
0
0
0
0
0
0
0
0
0
0
0
0
0
0
0
0
0
0
0
0
0
0
0
0
0
0
0
0
0
0
0
0
0
0
0
0
0
0
0
0
0
0
0
0
0
0
0
0
0
0
0
0
0
0
0
0
0
0
0
0
0
0
0
0
0
0
0
0
0
0
0
0
0
0
0
0
0
0
0
0
0
0
0
0
0
0
0
0
0
0
0
0
0
0
0
0
0
0
0
0
0
0
0
0
0
0
0
0
0
0
0
0
0
0
0
0
0
0
0
0
0
0
0
0
0
0
0
0
0
0
0
0
0
0
0
0
0
0
0
0
0
0
0
0
0
0
0
0
0
0
0
0
0
0
0
0
0
0
0
0
0
0
0
0
0
0
0
0
0
0
0
0
0
0
0
0
0
0
0
0
0
0
0
0
0
0
0
0
0
0
0
0
0
0
0
0
0
0
0
0
0
0
0
0
0
0
0
0
0
0
0
0
0
0
0
0
0
0
0
0
0
0
0
0
0
0
0
0
0
0
0
0
0
0
0
0
0
0
0
0
0
0
0
0
0
0
0
0
0
0
0
0
0
0
0
0
0
0
0
0
0
0
0
0
0
0
0
0
0
0
0
0
0
0
0
0
0
0
0
0
0
0
0
0
0
0
0
0
0
0
0
0
0
0
0
0
0
0
0
0
0
0
0
0
0
0
0
0
0
0
0
0
0
0
0
0
0
0
0
0
0
0
0
0
0
0
0
0
0
0
0
0
0
0
0
0
0
0
0
0
0
0
0
0
0
0
0
0
0
0
0
0
0
0
0
0
0
0
0
0
0
0
0
0
0
0
0
0
0
0
0
0
0
0
0
0
0
0
0
0
0
0
0
0
0
0
0
0
0
0
0
0
0
0
0
0
0
0
0
0
0
0
0
0
0
0
0
0
0
0
0
0
0
0
0
0
0
0
0
0
0
0
0
0
0
0
0
0
0
0
0
0
0
0
0
0
0
0
0
0
0
0
0
0
0
0
0
0
0
0
0
0
0
0
0
0
0
0
0
0
0
0
0
0
0
0
0
0
0
0
0
0
0
0
0
0
0
0
0
0
0
0
0
0
0
0
0
0
0
0
0
0
0
0
0
0
0
0
0
0
0
0
0
0
0
0
0
0
0
0
0
0
0
0
0
0
0
0
0
0
0
0
0
0
0
0
0
0
0
0
0
0
0
0
0
0
0
0
0
0
0
0
0
0
0
0
0
0
0
0
0
0
0
0
0
0
0
0
0
0
0
0
0
0
0
0
0
0
0
0
0
0
0
0
0
0
0
0
0
0
0
0
0
0
0
0
0
0
0
0
0
0
0
0
0
0
0
0
0
0
0
0
0
0
0
0
0
0
0
0
0
0
0
0
0
0
0
0
0
0
0
0
0
0
0
0
0
0
0
0
0
0
0
0
0
0
0
0
0
0
0
0
0
0
0
0
0
0
0
0
0
0
0
0
0
0
0
0
0
0
0
0
0
0
0
0
0
0
0
0
0
0
0
0
0
0
0
0
0
0
0
0
0
0
0
0
0
0
0
0
0
0
0
0
0
0
0
0
0
0
0
0
0
0
0
0
0
0
0
0
0
0
0
0
0
0
0
0
0
0
0
0
0
0
0
0
0
0
0
0
0
0
0
0
0
0
0
0
0
0
0
0
0
0
0
0
0
0
0
0
0
0
0
0
0
0
0
0
0
0
0
0
0
0
0
0
0
0
0
0
0
0
0
0
0
0
0
0
0
0
0
0
0
0
0
0
0
0
0
0
0
0
0
0
0
0
0
0
0
0
0
0
0
0
0
0
0
0
0
0
0
0
0
0
0
0
0
0
0
0
0
0
0
0
0
0
0
0
0
0
0
0
0
0
0
0
0
0
0
0
0
0
0
0
0
0
0
0
0
0
0
0
0
0
0
0
0
0
0
0
0
0
0
0
0
0
0
0
0
0
0
0
0
0
0
0
0
0
0
0
0
0
0
0
0
0
0
0
0
0
0
0
0
0
0
0
0
0
0
0
0
0
0
0
0
0
0
0
0
0
0
0
0
0
0
0
0
0
0
0
0
0
0
0
0
0
0
0
0
0
0
0
0
0
0
0
0
0
0
0
0
0
0
0
0
0
0
0
0
0
0
0
0
0
0
0
0
0
0
0
0
0
0
0
0
0
0
0
0
0
0
0
0
0
0
0
0
0
0
0
0
0
0
0
0
0
0
0
0
0
0
0
0
0
0
0
0
0
0
0
0
0
0
0
0
0
0
0
0
0
0
0
0
0
0
0
0
0
0
0
0
0
0
0
0
0
0
0
0
0
0
0
0
0
0
0
0
0
0
0
0
0
0
0
0
0
0
0
0
0
0
0
0
0
0
0
0
0
0
0
0
0
0
0
0
0
0
0
0
0
0
0
0
0
0
0
0
0
0
0
0
0
0
0
0
0
0
0
0
0
0
0
0
0
0
0
0
0
0
0
0
0
0
0
0
0
0
0
0
0
0
0
0
0
0
0
0
0
0
0
0
0
0
0
0
0
0
0
0
0
0
0
0
0
0
0
0
0
0
0
0
0
0
0
0
0
0
0
0
0
0
0
0
0
0
0
0
0
0
0
0
0
0
0
0
0
0
0
0
0
0
0
0
0
0
0
0
0
0
0
0
0
0
0
0
0
0
0
0
0
0
0
0
0
0
0
0
0
0
0
0
0
0
0
0
0
0
0
0
0
0
0
0
0
0
0
0
0
0
0
0
0
0
0
0
0
0
0
0
0
0
0
0
0
0
0
0
0
0
0
0
0
0
0
0
0
0
0
0
0
0
0
0
0
0
0
0
0
0
0
0
0
0
0
0
0
0
0
0
0
0
0
0
0
0
0
0
0
0
0
0
0
0
0
0
0
0
0
0
0
0
0
0
0
0
0
0
0
0
0
0
0
0
0
0
0
0
0
0
0
0
0
0
0
0
0
0
0
0
0
0
0
0
0
0
0
0
0
0
0
0
0
0
0
0
0
0
0
0
0
0
0
0
0
0
0
0
0
0
0
0
0
0
0
0
0
0
0
0
0
0
0
0
0
0
0
0
0
0
0
0
0
0
0
0
0
0
0
0
0
0
0
0
0
0
0
0
0
0
0
0
0
0
0
0
0
0
0
0
0
0
0
0
0
0
0
0
0
0
0
0
0
0
0
0
0
0
0
0
0
0
0
0
0
0
0
0
0
0
0
0
0
0
0
0
0
0
0
0
0
0
0
0
0
0
0
0
0
0
0
0
0
0
0
0
0
0
0
0
0
0
0
0
0
0
0
0
0
0
0
0
0
0
0
0
0
0
0
0
0
0
0
0
0
0
0
0
0
0
0
0
0
0
0
0
0
0
0
0
0
0
0
0
0
0
0
0
0
0
0
0
0
0
0
0
0
0
0
0
0
0
0
0
0
0
0
0
0
0
0
0
0
0
0
0
0
0
0
0
0
0
0
0
0
0
0
0
0
0
0
0
0
0
0
0
0
0
0
0
0
0
0
0
0
0
0
0
0
0
0
0
0
0
0
0
0
0
0
0
0
0
0
0
0
0
0
0
0
0
0
0
0
0
0
0
0
0
0
0
0
0
0
0
0
0
0
0
0
0
0
0
0
0
0
0
0
0
0
0
0
0
0
0
0
0
0
0
0
0
0
0
0
0
0
0
0
0
0
0
0
0
0
0
0
0
0
0
0
0
0
0
0
0
0
0
0
0
0
0
0
0
0
0
0
0
0
0
0
0
0
0
0
0
0
0
0
0
0
0
0
0
0
0
0
0
0
0
0
0
0
0
0
0
0
0
0
0
0
0
0
0
0
0
0
0
0
0
0
0
0
0
0
0
0
0
0
0
0
0
0
0
0
0
0
0
0
0
0
0
0
0
0
0
0
0
0
0
0
0
0
0
0
0
0
0
0
0
0
0
0
0
0
0
0
0
0
0
0
0
0
0
0
0
0
0
0
0
0
0
0
0
0
0
0
0
0
0
0
0
0
0
0
0
0
0
0
0
0
0
0
0
0
0
0
0
0
0
0
0
0
0
0
0
0
0
0
0
0
0
0
0
0
0
0
0
0
0
0
0
0
0
0
0
0
0
0
0
0
0
0
0
0
0
0
0
0
0
0
0
0
0
0
0
0
0
0
0
0
0
0
0
0
0
0
0
0
0
0
0
0
0
0
0
0
0
0
0
0
0
0
0
0
0
0
0
0
0
0
0
0
0
0
0
0
0
0
0
0
0
0
0
0
0
0
0
0
0
0
0
0
0
0
0
0
0
0
0
0
0
0
0
0
0
0
0
0
0
0
0
0
0
0
0
0
0
0
0
0
0
0
0
0
0
0
0
0
0
0
0
0
0
0
0
0
0
0
0
0
0
0
0
0
0
0
0
0
0
0
0
0
0
0
0
0
0
0
0
0
0
0
0
0
0
0
0
0
0
0
0
0
0
0
0
0
0
0
0
0
0
0
0
0
0
0
0
0
0
0
0
0
0
0
0
0
0
0
0
0
0
0
0
0
0
0
0
0
0
0
0
0
0
0
0
0
0
0
0
0
0
0
0
0
0
0
0
0
0
0
0
0
0
0
0
0
0
0
0
0
0
0
0
0
0
0
0
0
0
0
0
0
0
0
0
0
0
0
0
0
0
0
0
0
0
0
0
0
0
0
0
0
0
0
0
0
0
0
0
0
0
0
0
0
0
0
0
0
0
0
0
0
0
0
0
0
0
0
0
0
0
0
0
0
0
0
0
0
0
0
0
0
0
0
0
0
0
0
0
0
0
0
0
0
0
0
0
0
0
0
0
0
0
0
0
0
0
0
0
0
0
0
0
0
0
0
0
0
0
0
0
0
0
0
0
0
0
0
0
0
0
0
0
0
0
0
0
0
0
0
0
0
0
0
0
0
0
0
0
0
0
0
0
0
0
0
0
0
0
0
0
0
0
0
0
0
0
0
0
0
0
0
0
0
0
0
0
0
0
0
0
0
0
0
0
0
0
0
0
0
0
0
0
0
0
0
0
0
0
0
0
0
0
0
0
0
0
0
0
0
0
0
0
0
0
0
0
0
0
0
0
0
0
0
0
0
0
0
0
0
0
0
0
0
0
0
0
0
0
0
0
0
0
0
0
0
0
0
0
0
0
0
0
0
0
0
0
0
0
0
0
0
0
0
0
0
0
0
0
0
0
0
0
0
0
0
0
0
0
0
0
0
0
0
0
0
0
0
0
0
0
0
0
0
0
0
0
0
0
0
0
0
0
0
0
0
0
0
0
0
0
0
0
0
0
0
0
0
0
0
0
0
0
0
0
0
0
0
0
0
0
0
0
0
0
0
0
0
0
0
0
0
0
0
0
0
0
0
0
0
0
0
0
0
0
0
0
0
0
0
0
0
0
0
0
0
0
0
0
0
0
0
0
0
0
0
0
0
0
0
0
0
0
0
0
0
0
0
0
0
0
0
0
0
0
0
0
0
0
0
0
0
0
0
0
0
0
0
0
0
0
0
0
0
0
0
0
0
0
0
0
0
0
0
0
0
0
0
0
0
0
0
0
0
0
0
0
0
0
0
0
0
0
0
0
0
0
0
0
0
0
0
0
0
0
0
0
0
0
0
0
0
0
0
0
0
0
0
0
0
0
0
0
0
0
0
0
0
0
0
0
0
0
0
0
0
0
0
0
0
0
0
0
0
0
0
0
0
0
0
0
0
0
0
0
0
0
0
0
0
0
0
0
0
0
0
0
0
0
0
0
0
0
0
0
0
0
0
0
0
0
0
0
0
0
0
0
0
0
0
0
0
0
0
0
0
0
0
0
0
0
0
0
0
0
0
0
0
0
0
0
0
0
0
0
0
0
0
0
0
0
0
0
0
0
0
0
0
0
0
0
0
0
0
0
0
0
0
0
0
0
0
0
0
0
0
0
0
0
0
0
0
0
0
0
0
0
0
0
0
0
0
0
0
0
0
0
0
0
0
0
0
0
0
0
0
0
0
0
0
0
0
0
0
0
0
0
0
0
0
0
0
0
0
0
0
0
0
0
0
0
0
0
0
0
0
0
0
0
0
0
0
0
0
0
0
0
0
0
0
0
0
0
0
0
0
0
0
0
0
0
0
0
0
0
0
0
0
0
0
0
0
0
0
0
0
0
0
0
0
0
0
0
0
0
0
0
0
0
0
0
0
0
0
0
0
0
0
0
0
0
0
0
0
0
0
0
0
0
0
0
0
0
0
0
0
0
0
0
0
0
0
0
0
0
0
0
0
0
0
0
0
0
0
0
0
0
0
0
0
0
0
0
0
0
0
0
0
0
0
0
0
0
0
0
0
0
0
0
0
0
0
0
0
0
0
0
0
0
0
0
0
0
0
0
0
0
0
0
0
0
0
0
0
0
0
0
0
0
0
0
0
0
0
0
0
0
0
0
0
0
0
0
0
0
0
0
0
0
0
0
0
0
0
0
0
0
0
0
0
0
0
0
0
0
0
0
0
0
0
0
0
0
0
0
0
0
0
0
0
0
0
0
0
0
0
0
0
0
0
0
0
0
0
0
0
0
0
0
0
0
0
0
0
0
0
0
0
0
0
0
0
0
0
0
0
0
0
0
0
0
0
0
0
0
0
0
0
0
0
0
0
0
0
0
0
0
0
0
0
0
0
0
0
0
0
0
0
0
0
0
0
0
0
0
0
0
0
0
0
0
0
0
0
0
0
0
0
0
0
0
0
0
0
0
0
0
0
0
0
0
0
0
0
0
0
0
0
0
0
0
0
0
0
0
0
0
0
0
0
0
0
0
0
0
0
0
0
0
0
0
0
0
0
0
0
0
0
0
0
0
0
0
0
0
0
0
0
0
0
0
0
0
0
0
0
0
0
0
0
0
0
0
0
0
0
0
0
0
0
0
0
0
0
0
0
0
0
0
0
0
0
0
0
0
0
0
0
0
0
0
0
0
0
0
0
0
0
0
0
0
0
0
0
0
0
0
0
0
0
0
0
0
0
0
0
0
0
0
0
0
0
0
0
0
0
0
0
0
0
0
0
0
0
0
0
0
0
0
0
0
0
0
0
0
0
0
0
0
0
0
0
0
0
0
0
0
0
0
0
0
0
0
0
0
0
0
0
0
0
0
0
0
0
0
0
0
0
0
0
0
0
0
0
0
0
0
0
0
0
0
0
0
0
0
0
0
0
0
0
0
0
0
0
0
0
0
0
0
0
0
0
0
0
0
0
0
0
0
0
0
0
0
0
0
0
0
0
0
0
0
0
0
0
0
0
0
0
0
0
0
0
0
0
0
0
0
0
0
0
0
0
0
0
0
0
0
0
0
0
0
0
0
0
0
0
0
0
0
0
0
0
0
0
0
0
0
0
0
0
0
0
0
0
0
0
0
0
0
0
0
0
0
0
0
0
0
0
0
0
0
0
0
0
0
0
0
0
0
0
0
0
0
0
0
0
0
0
0
0
0
0
0
0
0
0
0
0
0
0
0
0
0
0
0
0
0
0
0
0
0
0
0
0
0
0
0
0
0
0
0
0
0
0
0
0
0
0
0
0
0
0
0
0
0
0
0
0
0
0
0
0
0
0
0
0
0
0
0
0
0
0
0
0
0
0
0
0
0
0
0
0
0
0
0
0
0
0
0
0
0
0
0
0
0
0
0
0
0
0
0
0
0
0
0
0
0
0
0
0
0
0
0
0
0
0
0
0
0
0
0
0
0
0
0
0
0
0
0
0
0
0
0
0
0
0
0
0
0
0
0
0
0
0
0
0
0
0
0
0
0
0
0
0
0
0
0
0
0
0
0
0
0
0
0
0
0
0
0
0
0
0
0
0
0
0
0
0
0
0
0
0
0
0
0
0
0
0
0
0
0
0
0
0
0
0
0
0
0
0
0
0
0
0
0
0
0
0
0
0
0
0
0
0
0
0
0
0
0
0
0
0
0
0
0
0
0
0
0
0
0
0
0
0
0
0
0
0
0
0
0
0
0
0
0
0
0
0
0
0
0
0
0
0
0
0
0
0
0
0
0
0
0
0
0
0
0
0
0
0
0
0
0
0
0
0
0
0
0
0
0
0
0
0
0
0
0
0
0
0
0
0
0
0
0
0
0
0
0
0
0
0
0
0
0
0
0
0
0
0
0
0
0
0
0
0
0
0
0
0
0
0
0
0
0
0
0
0
0
0
0
0
0
0
0
0
0
0
0
0
0
0
0
0
0
0
0
0
0
0
0
0
0
0
0
0
0
0
0
0
0
0
0
0
0
0
0
0
0
0
0
0
0
0
0
0
0
0
0
0
0
0
0
0
0
0
0
0
0
0
0
0
0
0
0
0
0
0
0
0
0
0
0
0
0
0
0
0
0
0
0
0
0
0
0
0
0
0
0
0
0
0
0
0
0
0
0
0
0
0
0
0
0
0
0
0
0
0
0
0
0
0
0
0
0
0
0
0
0
0
0
0
0
0
0
0
0
0
0
0
0
0
0
0
0
0
0
0
0
0
0
0
0
0
0
0
0
0
0
0
0
0
0
0
0
0
0
0
0
0
0
0
0
0
0
0
0
0
0
0
0
0
0
0
0
0
0
0
0
0
0
0
0
0
0
0
0
0
0
0
0
0
0
0
0
0
0
0
0
0
0
0
0
0
0
0
0
0
0
0
0
0
0
0
0
0
0
0
0
0
0
0
0
0
0
0
0
0
0
0
0
0
0
0
0
0
0
0
0
0
0
0
0
0
0
0
0
0
0
0
0
0
0
0
0
0
0
0
0
0
0
0
0
0
0
0
0
0
0
0
0
0
0
0
0
0
0
0
0
0
0
0
0
0
0
0
0
0
0
0
0
0
0
0
0
0
0
0
0
0
0
0
0
0
0
0
0
0
0
0
0
0
0
0
0
0
0
0
0
0
0
0
0
0
0
0
0
0
0
0
0
0
0
0
0
0
0
0
0
0
0
0
0
0
0
0
0
0
0
0
0
0
0
0
0
0
0
0
0
0
0
0
0
0
0
0
0
0
0
0
0
0
0
0
0
0
0
0
0
0
0
0
0
0
0
0
0
0
0
0
0
0
0
0
0
0
0
0
0
0
0
0
0
0
0
0
0
0
0
0
0
0
0
0
0
0
0
0
0
0
0
0
0
0
0
0
0
0
0
0
0
0
0
0
0
0
0
0
0
0
0
0
0
0
0
0
0
0
0
0
0
0
0
0
0
0
0
0
0
0
0
0
0
0
0
0
0
0
0
0
0
0
0
0
0
0
0
0
0
0
0
0
0
0
0
0
0
0
0
0
0
0
0
0
0
0
0
0
0
0
0
0
0
0
0
0
0
0
0
0
0
0
0
0
0
0
0
0
0
0
0
0
0
0
0
0
0
0
0
0
0
0
0
0
0
0
0
0
0
0
0
0
0
0
0
0
0
0
0
0
0
0
0
0
0
0
0
0
0
0
0
0
0
0
0
0
0
0
0
0
0
0
0
0
0
0
0
0
0
0
0
0
0
0
0
0
0
0
0
0
0
0
0
0
0
0
0
0
0
0
0
0
0
0
0
0
0
0
0
0
0
0
0
0
0
0
0
0
0
0
0
0
0
0
0
0
0
0
0
0
0
0
0
0
0
0
0
0
0
0
0
0
0
0
0
0
0
0
0
0
0
0
0
0
0
0
0
0
0
0
0
0
0
0
0
0
0
0
0
0
0
0
0
0
0
0
0
0
0
0
0
0
0
0
0
0
0
0
0
0
0
0
0
0
0
0
0
0
0
0
0
0
0
0
0
0
0
0
0
0
0
0
0
0
0
0
0
0
0
0
0
0
0
0
0
0
0
0
0
0
0
0
0
0
0
0
0
0
0
0
0
0
0
0
0
0
0
0
0
0
0
0
0
0
0
0
0
0
0
0
0
0
0
0
0
0
0
0
0
0
0
0
0
0
0
0
0
0
0
0
0
0
0
0
0
0
0
0
0
0
0
0
0
0
0
0
0
0
0
0
0
0
0
0
0
0
0
0
0
0
0
0
0
0
0
0
0
0
0
0
0
0
0
0
0
0
0
0
0
0
0
0
0
0
0
0
0
0
0
0
0
0
0
0
0
0
0
0
0
0
0
0
0
0
0
0
