0
0
0
0
0
0
0
0
0
0
0
0
0
0
0
0
0
0
0
0
0
0
0
0
0
0
0
0
0
0
0
0
0
0
0
0
2
0
1
1
0
0
0
0
0
0
0
0
0
0
0
1
0
0
0
0
1
0
0
1
0
0
0
0
0
1
0
2
0
1
0
0
0
0
0
1
3
4
4
1
4
3
2
4
6
0
4
8
7
5
9
6
9
7
2
8
4
9
11
6
7
15
18
18
32
54
69
97
139
170
214
268
290
323
303
302
332
359
353
351
338
353
362
377
371
369
356
359
349
376
409
322
315
364
354
354
345
340
321
377
375
353
355
350
374
392
334
347
355
362
312
359
345
362
350
337
345
349
351
352
356
348
332
375
367
369
374
355
402
334
374
351
328
343
338
373
368
362
341
364
394
321
372
348
370
363
328
352
363
407
327
375
333
353
336
358
318
308
362
354
337
337
342
396
355
349
329
375
336
354
344
326
365
348
356
373
339
374
356
326
323
359
331
336
329
338
311
375
374
364
355
331
320
331
334
330
337
353
320
346
354
349
343
358
327
335
321
325
345
315
349
339
301
361
317
348
304
366
325
319
288
357
346
317
320
347
299
372
331
326
313
315
333
317
348
335
300
356
344
300
352
323
328
303
332
305
356
321
281
324
329
318
331
312
335
335
353
330
330
329
309
356
342
322
342
305
313
307
316
330
312
305
330
309
296
314
324
320
333
335
336
300
326
346
320
389
335
339
316
335
337
375
343
374
359
359
325
385
376
338
372
347
335
370
343
385
351
396
361
375
375
366
410
401
361
390
376
381
402
361
411
362
390
412
364
383
432
399
391
391
426
402
429
437
411
412
429
418
459
439
446
462
463
440
446
442
441
449
460
462
481
416
480
456
466
459
497
503
510
501
480
485
471
507
483
465
514
472
518
521
565
498
534
550
534
529
501
552
568
582
519
543
590
585
575
578
541
586
600
560
593
584
591
627
566
609
650
619
621
631
685
625
616
691
611
692
690
682
698
683
645
664
675
662
706
713
708
678
714
728
718
720
682
730
811
683
711
736
752
740
751
758
765
812
753
844
808
779
764
811
792
813
845
806
784
790
747
783
815
845
787
827
816
826
852
806
864
850
881
852
855
856
879
914
856
847
874
881
861
925
885
893
908
931
929
859
985
877
957
946
943
960
906
922
956
978
970
993
987
989
985
930
980
947
965
1005
1010
981
1034
1005
1033
1016
983
973
1006
1004
980
1062
968
1018
1021
1063
1070
987
1035
1047
1071
1020
1158
1004
1047
1059
1113
1098
1074
1062
1098
1044
1068
1092
1071
1090
1074
1077
1075
1051
1061
1130
1074
1121
1043
1088
1148
1121
1084
1092
1107
1039
1104
1127
1140
1150
1124
1144
1138
1111
1134
1137
1117
1121
1144
1118
1174
1120
1104
1098
1096
1126
1093
1120
1152
1116
1189
1122
1129
1186
1131
1097
1093
1082
1108
1061
1106
1081
1135
1134
1070
1103
1051
1128
1050
1117
1111
1057
1066
1001
1074
1101
1060
1134
1034
1080
1025
1115
1026
1047
1087
1021
1028
1057
1021
1028
991
1020
1041
1055
1046
999
989
1011
944
1003
953
1083
999
936
1005
923
932
985
916
968
953
912
958
986
911
924
949
944
904
958
937
916
933
904
903
860
874
890
908
850
872
860
846
820
852
808
854
822
794
836
858
819
804
785
808
790
789
781
804
805
805
754
767
781
801
744
778
737
750
738
690
718
753
693
727
731
707
713
682
675
696
691
675
660
693
698
666
690
690
628
629
618
631
629
640
594
659
631
583
638
598
605
599
625
617
633
601
608
600
589
563
585
536
554
556
559
536
562
523
580
554
546
555
530
533
508
556
527
550
518
550
505
476
471
488
514
518
479
492
449
458
522
469
465
438
467
456
432
453
475
437
484
457
485
451
440
435
419
429
414
436
456
420
408
420
433
430
371
371
424
402
365
400
411
397
377
357
381
355
384
366
371
355
358
366
356
356
363
354
346
328
338
389
368
358
330
342
335
343
326
313
324
316
326
327
319
288
300
332
304
287
323
309
316
294
318
314
287
275
298
288
284
295
264
286
291
268
286
285
271
310
269
261
272
279
288
275
257
258
255
307
227
241
271
254
232
256
236
246
234
241
262
236
239
244
254
239
248
214
238
244
220
229
244
221
227
250
219
241
255
244
204
225
213
232
199
209
225
202
214
208
212
204
203
193
215
219
207
205
195
199
188
189
207
189
208
194
211
185
183
204
198
191
184
197
185
168
173
190
160
183
175
142
180
180
176
182
176
180
150
188
170
161
153
187
158
160
160
154
147
148
139
174
144
158
165
138
157
152
123
143
133
161
143
174
126
125
129
129
145
153
149
130
135
143
152
119
129
130
120
139
130
112
118
119
123
119
118
117
120
133
152
114
133
130
126
125
107
117
130
133
138
120
108
127
127
115
123
114
103
111
115
96
97
112
87
102
104
100
119
127
91
119
94
92
109
104
95
100
86
100
94
88
87
90
103
98
87
79
80
75
113
77
82
96
94
77
91
102
70
82
83
78
66
83
89
83
96
88
74
59
79
82
91
80
73
80
88
85
79
82
71
74
80
72
70
66
79
73
67
61
74
66
65
77
70
71
58
81
58
78
72
63
56
65
74
56
63
53
59
71
48
48
71
49
63
70
56
68
67
63
59
50
64
57
47
44
54
41
62
54
47
68
54
50
50
38
38
53
58
41
44
59
43
42
46
45
45
58
38
29
55
48
58
45
58
52
45
46
54
43
35
51
43
38
40
38
38
53
47
37
39
40
28
31
38
50
31
51
47
40
33
31
42
44
49
39
40
32
43
48
51
32
42
39
37
35
29
40
33
34
30
44
38
35
24
32
41
23
31
28
36
31
35
33
37
21
34
24
33
25
27
37
39
31
35
27
30
36
25
20
22
32
32
31
31
28
24
27
31
22
23
31
21
22
26
30
27
24
25
18
26
29
35
14
26
28
26
28
31
17
29
26
24
25
19
33
20
25
21
25
23
27
27
24
18
29
24
31
21
27
27
26
23
25
22
21
22
17
18
17
20
23
18
28
20
26
30
22
24
18
21
17
20
26
20
32
26
22
13
21
23
17
22
24
21
22
22
18
27
17
16
15
28
16
27
22
16
25
10
28
21
17
17
12
28
18
23
23
18
15
12
19
16
21
10
14
18
10
20
20
17
8
11
16
17
18
17
20
19
19
23
14
19
21
16
14
11
16
10
13
16
13
15
16
14
21
21
18
12
16
18
15
14
16
14
24
16
14
15
13
16
13
16
17
15
15
13
10
8
9
17
10
8
19
13
14
15
9
10
13
19
13
16
16
12
8
11
11
23
12
14
7
12
14
18
9
22
12
11
12
9
9
10
11
9
9
8
11
11
15
15
14
14
7
6
11
10
14
11
13
16
11
9
19
13
12
10
12
11
11
12
6
11
5
5
15
14
12
11
8
6
14
9
10
18
12
7
14
7
11
11
10
5
10
11
10
4
10
12
9
11
7
11
8
7
7
9
12
7
11
16
11
10
5
16
13
13
7
7
9
11
12
5
5
10
7
2
7
13
12
11
8
5
4
13
8
13
8
11
4
11
5
10
8
11
6
6
11
4
6
12
7
8
6
6
12
7
9
9
1
6
13
8
5
12
6
13
8
7
4
8
7
10
5
6
9
7
4
8
8
6
13
8
6
10
8
8
8
9
5
5
6
2
9
11
7
6
7
6
7
4
5
5
6
6
8
6
12
5
9
7
2
3
7
11
5
9
11
10
3
7
3
9
13
7
7
9
11
9
14
2
12
6
3
6
8
8
5
11
3
10
3
14
14
10
8
8
9
6
12
7
5
6
6
7
6
4
10
4
10
5
5
6
10
6
4
3
7
4
3
7
3
2
4
6
5
5
4
8
5
4
4
16
5
2
7
8
9
7
10
7
4
3
10
4
2
6
3
5
2
7
7
4
8
6
8
5
6
4
3
5
5
8
8
3
6
8
2
6
8
5
4
1
7
5
4
2
4
5
4
3
6
6
3
6
3
9
2
5
4
3
4
6
7
6
6
2
5
5
3
5
9
6
4
4
6
0
7
4
2
6
8
5
6
5
7
3
7
2
6
1
4
7
7
5
2
1
4
6
2
7
5
6
4
6
5
4
4
1
3
8
2
2
4
7
4
5
1
3
4
5
6
7
2
5
4
3
7
2
3
5
4
5
2
2
3
4
6
2
3
4
6
8
2
3
3
3
5
3
4
10
7
8
7
3
5
6
2
4
3
3
4
3
2
4
3
4
5
3
2
5
5
4
2
3
5
2
8
4
0
1
2
1
2
7
4
0
1
6
9
2
4
1
7
3
4
2
2
3
3
4
3
7
3
4
4
5
4
0
3
6
5
5
5
6
2
3
3
2
1
6
2
4
8
4
4
4
2
4
4
3
6
3
2
3
2
3
3
1
3
2
10
2
8
4
2
6
5
1
3
4
6
1
4
5
1
2
3
2
0
3
3
4
4
3
3
2
4
1
5
3
1
1
3
6
4
5
4
1
4
4
5
3
2
3
2
4
3
4
3
4
1
2
5
2
3
4
1
4
1
8
3
3
1
1
2
3
5
3
1
2
0
5
0
0
2
4
2
3
4
3
0
2
3
1
2
0
4
0
3
2
3
3
4
1
0
0
4
1
5
5
2
2
2
6
2
2
0
3
4
0
2
5
1
5
1
1
2
4
2
4
3
1
0
3
1
1
1
2
4
2
1
1
4
2
4
2
1
4
2
2
2
3
1
2
1
2
0
1
3
2
1
0
2
2
1
3
8
1
2
3
4
4
1
0
0
5
3
1
2
4
1
5
1
1
5
0
2
3
2
2
5
0
1
0
1
2
2
2
1
4
2
2
1
1
3
3
3
3
2
1
2
2
2
5
1
3
3
0
0
2
2
2
1
0
0
2
2
3
1
1
0
2
2
1
1
3
2
1
1
0
0
0
0
2
2
1
2
3
2
1
0
4
0
2
1
2
2
1
0
1
2
1
0
2
2
1
0
1
0
1
1
2
2
0
0
2
2
2
1
3
2
2
1
2
1
2
0
1
1
0
1
1
1
2
0
3
0
2
2
2
1
1
0
3
1
1
1
3
3
3
1
2
1
0
1
2
1
1
0
1
1
1
0
2
0
1
0
1
3
2
1
1
1
0
1
2
2
1
0
2
1
4
1
4
2
0
2
2
3
1
2
1
0
0
1
0
1
0
2
0
1
1
2
1
0
2
1
2
0
1
1
1
1
0
1
2
0
2
1
3
1
2
0
3
1
3
1
1
0
0
0
1
0
1
2
1
1
1
3
1
0
0
0
2
0
3
1
2
3
2
2
0
0
1
2
1
0
1
0
1
3
0
1
1
0
1
0
1
0
1
0
0
0
1
3
0
0
1
1
2
1
2
0
0
0
0
1
0
1
0
0
2
0
0
1
1
0
0
0
0
2
0
1
0
0
1
1
0
1
2
0
0
0
1
1
0
0
0
1
1
0
1
0
1
0
1
0
1
3
0
0
0
0
1
1
0
1
0
0
0
0
2
0
1
0
2
1
1
2
0
2
1
0
0
0
1
0
0
1
0
0
0
2
0
0
0
1
0
1
0
0
1
0
0
2
0
1
0
0
4
0
1
1
0
0
1
2
0
0
1
0
0
1
1
0
0
0
0
2
2
2
2
1
0
1
2
0
0
2
0
0
0
0
1
1
1
0
1
0
0
0
0
0
0
1
0
0
1
0
1
0
0
0
1
0
1
1
1
1
1
0
0
1
0
0
0
0
4
1
1
1
0
0
0
0
0
1
0
0
0
1
0
1
0
0
0
0
1
0
1
0
0
0
0
0
0
0
2
0
2
0
0
0
1
0
0
0
0
0
1
1
1
1
0
1
1
0
0
0
1
1
0
1
0
0
1
1
0
0
0
0
0
0
0
0
0
0
0
1
1
0
1
0
1
1
1
0
0
0
0
0
1
0
1
0
0
0
1
0
0
0
2
0
0
0
0
0
0
0
1
0
1
0
1
0
2
0
1
1
0
0
1
0
1
0
0
0
0
2
0
1
0
0
1
0
0
1
0
1
0
1
0
0
1
0
0
0
1
0
0
0
0
0
0
0
1
1
0
0
0
1
0
0
1
0
0
0
0
0
0
0
0
0
0
1
0
0
0
0
0
1
1
0
0
0
0
0
0
0
0
0
0
0
0
0
1
0
0
1
0
0
1
0
1
0
0
0
0
0
1
0
0
0
0
0
0
0
0
0
0
1
0
0
0
0
0
1
0
0
0
0
0
1
0
0
0
0
0
0
0
0
0
0
0
1
0
0
1
0
0
0
0
1
0
1
0
1
0
0
1
0
0
0
1
0
0
0
0
0
0
0
0
0
1
2
0
0
1
0
0
0
0
0
0
1
0
0
0
0
0
0
0
0
0
0
0
0
0
0
0
0
0
0
0
0
0
0
0
0
1
1
0
0
0
0
0
0
0
1
0
1
0
0
0
0
0
0
0
0
0
0
0
0
1
0
0
1
0
0
0
0
0
1
0
0
0
0
0
0
1
0
0
0
1
0
0
0
0
0
0
0
0
0
0
0
0
0
0
0
0
0
0
0
0
0
0
0
0
0
0
0
0
0
0
0
0
0
0
0
0
0
1
0
0
0
0
0
0
0
0
0
1
0
0
0
0
0
1
0
0
0
0
1
0
0
0
0
0
1
0
0
0
0
0
0
0
0
0
0
0
0
0
0
0
0
0
0
0
0
0
0
0
0
0
0
0
0
1
0
1
0
0
0
0
0
0
0
0
0
0
0
0
0
0
0
0
0
0
0
0
0
0
0
0
0
0
0
0
0
0
0
0
0
0
0
0
0
0
0
0
0
0
0
0
0
0
1
1
0
0
0
0
0
0
0
0
0
0
0
0
0
0
0
0
0
0
0
0
0
0
0
0
0
0
0
0
0
0
0
0
0
0
0
0
0
0
0
0
0
0
0
0
0
0
1
0
0
0
0
0
0
0
0
0
0
0
0
0
0
0
0
0
0
0
0
0
0
0
0
0
0
0
0
0
0
0
0
0
0
0
0
0
0
0
0
0
0
0
0
0
0
0
0
0
0
0
0
0
0
0
0
0
0
0
0
0
0
0
0
0
0
0
0
0
0
0
0
0
0
0
0
0
0
0
0
0
0
0
0
0
0
0
0
0
0
0
0
0
0
0
0
0
0
0
0
0
0
0
0
0
0
0
0
0
0
0
0
0
0
0
0
0
0
0
0
0
0
0
0
0
0
0
0
0
0
1
0
0
0
0
0
0
0
0
0
0
0
0
0
0
0
0
0
0
0
0
0
0
0
0
0
0
0
0
0
0
0
0
1
0
0
0
0
0
0
0
0
0
0
0
0
0
0
0
0
0
0
0
0
0
0
0
0
0
0
0
0
0
0
0
1
0
0
0
0
0
0
0
0
0
0
0
0
0
0
0
0
0
0
0
0
0
0
0
0
0
0
0
0
0
0
0
0
0
0
0
0
0
0
0
0
0
0
0
0
0
0
0
0
0
0
0
0
0
0
0
0
0
0
0
0
0
0
0
0
0
0
0
0
0
0
0
0
0
0
0
0
0
0
0
0
0
0
0
0
0
0
1
0
0
0
0
0
0
0
0
0
0
0
0
0
0
0
0
0
0
0
0
0
0
0
0
0
0
0
0
0
0
0
0
0
0
0
0
0
0
0
0
0
0
0
0
0
0
0
0
0
0
0
0
0
0
0
0
0
0
0
0
0
0
0
0
0
0
0
0
0
0
0
0
0
0
2
0
0
0
0
0
0
0
0
0
0
0
0
0
0
0
0
0
0
0
0
0
0
0
0
0
0
0
0
0
0
0
0
0
0
0
0
0
0
0
0
0
0
0
0
0
0
0
0
0
0
0
0
0
0
0
0
0
0
0
0
0
0
0
0
0
0
0
0
0
0
0
0
0
0
0
0
0
0
0
0
0
0
0
0
0
0
0
0
0
0
0
0
0
0
0
0
0
0
0
0
0
0
0
0
0
0
0
0
0
0
0
0
0
0
0
0
0
0
0
0
0
0
0
0
0
0
0
0
0
0
0
0
0
0
0
0
0
0
0
0
0
0
0
0
0
0
0
0
0
0
0
0
0
0
0
0
0
0
0
0
0
0
0
0
0
0
0
0
0
0
0
0
0
0
0
0
0
0
0
0
0
0
0
0
0
0
0
0
0
0
0
0
0
0
0
0
0
0
0
0
0
0
0
0
0
0
0
0
0
0
0
0
0
0
0
0
0
0
0
0
0
0
0
0
0
0
0
0
0
0
0
0
0
0
0
0
0
0
0
0
0
0
0
0
0
0
0
0
0
0
0
0
0
0
0
0
0
0
0
0
0
0
0
0
0
0
0
0
0
0
0
0
0
0
0
0
0
0
0
0
0
0
0
0
0
0
0
0
0
0
0
0
0
0
0
0
0
0
0
0
0
0
0
0
0
0
0
0
0
0
0
0
0
0
0
0
0
0
0
0
0
0
0
0
0
0
0
0
0
0
0
0
0
0
0
0
0
0
0
0
0
0
0
0
0
0
0
0
0
0
0
0
0
0
0
0
0
0
0
0
0
0
0
0
0
0
0
0
0
0
0
0
0
0
0
0
0
0
0
0
0
0
0
0
0
0
0
0
0
0
0
0
0
0
0
0
0
0
0
0
0
0
0
0
0
0
0
0
0
0
0
0
0
0
0
0
0
0
0
0
0
0
0
0
0
0
0
0
0
0
0
0
0
0
0
0
0
0
0
0
0
0
0
0
0
0
0
0
0
0
0
0
0
0
0
0
0
0
0
0
0
0
0
0
0
0
0
0
0
0
0
0
0
0
0
0
0
0
0
0
0
0
0
0
0
0
0
0
0
0
0
0
0
0
0
0
0
0
0
0
0
0
0
0
0
0
0
0
0
0
0
0
0
0
0
0
0
0
0
0
0
0
0
0
0
0
0
0
0
0
0
0
0
0
0
0
0
0
0
0
0
0
0
0
0
0
0
0
0
0
0
0
0
0
0
0
0
0
0
0
0
0
0
0
0
0
0
0
0
0
0
0
0
0
0
0
0
0
0
0
0
0
0
0
0
0
0
0
0
0
0
0
0
0
0
0
0
0
0
0
0
0
0
0
0
0
0
0
0
0
0
0
0
0
0
0
0
0
0
0
0
0
0
0
0
0
0
0
0
0
0
0
0
0
0
0
0
0
0
0
0
0
0
0
0
0
0
0
0
0
0
0
0
0
0
0
0
0
0
0
0
0
0
0
0
0
0
0
0
0
0
0
0
0
0
0
0
0
0
0
0
0
0
0
0
0
0
0
0
0
0
0
0
0
0
0
0
0
0
0
0
0
0
0
0
0
0
0
0
0
0
0
0
0
0
0
0
0
0
0
0
0
0
0
0
0
0
0
0
0
0
0
0
0
0
0
0
0
0
0
0
0
0
0
0
0
0
0
0
0
0
0
0
0
0
0
0
0
0
0
0
0
0
0
0
0
0
0
0
0
0
0
0
0
0
0
0
0
0
0
0
0
0
0
0
0
0
0
0
0
0
0
0
0
0
0
0
0
0
0
0
0
0
0
0
0
0
0
0
0
0
0
0
0
0
0
0
0
0
0
0
0
0
0
0
0
0
0
0
0
0
0
0
0
0
0
0
0
0
0
0
0
0
0
0
0
0
0
0
0
0
0
0
0
0
0
0
0
0
0
0
0
0
0
0
0
0
0
0
0
0
0
0
0
0
0
0
0
0
0
0
0
0
0
0
0
0
0
0
0
0
0
0
0
0
0
0
0
0
0
0
0
0
0
0
0
0
0
0
0
0
0
0
0
0
0
0
0
0
0
0
0
0
0
0
0
0
0
0
0
0
0
0
0
0
0
0
0
0
0
0
0
0
0
0
0
0
0
0
0
0
0
0
0
0
0
0
0
0
0
0
0
0
0
0
0
0
0
0
0
0
0
0
0
0
0
0
0
0
0
0
0
0
0
0
0
0
0
0
0
0
0
0
0
0
0
0
0
0
0
0
0
0
0
0
0
0
0
0
0
0
0
0
0
0
0
0
0
0
0
0
0
0
0
0
0
0
0
0
0
0
0
0
0
0
0
0
0
0
0
0
0
0
0
0
0
0
0
0
0
0
0
0
0
0
0
0
0
0
0
0
0
0
0
0
0
0
0
0
0
0
0
0
0
0
0
0
0
0
0
0
0
0
0
0
0
0
0
0
0
0
0
0
0
0
0
0
0
0
0
0
0
0
0
0
0
0
0
0
0
0
0
0
0
0
0
0
0
0
0
0
0
0
0
0
0
0
0
0
0
0
0
0
0
0
0
0
0
0
0
0
0
0
0
0
0
0
0
0
0
0
0
0
0
0
0
0
0
0
0
0
0
0
0
0
0
0
0
0
0
0
0
0
0
0
0
0
0
0
0
0
0
0
0
0
0
0
0
0
0
0
0
0
0
0
0
0
0
0
0
0
0
0
0
0
0
0
0
0
0
0
0
0
0
0
0
0
0
0
0
0
0
0
0
0
0
0
0
0
0
0
0
0
0
0
0
0
0
0
0
0
0
0
0
0
0
0
0
0
0
0
0
0
0
0
0
0
0
0
0
0
0
0
0
0
0
0
0
0
0
0
0
0
0
0
0
0
0
0
0
0
0
0
0
0
0
0
0
0
0
0
0
0
0
0
0
0
0
0
0
0
0
0
0
0
0
0
0
0
0
0
0
0
0
0
0
0
0
0
0
0
0
0
0
0
0
0
0
0
0
0
0
0
0
0
0
0
0
0
0
0
0
0
0
0
0
0
0
0
0
0
0
0
0
0
0
0
0
0
0
0
0
0
0
0
0
0
0
0
0
0
0
0
0
0
0
0
0
0
0
0
0
0
0
0
0
0
0
0
0
0
0
0
0
0
0
0
0
0
0
0
0
0
0
0
0
0
0
0
0
0
0
0
0
0
0
0
0
0
0
0
0
0
0
0
0
0
0
0
0
0
0
0
0
0
0
0
0
0
0
0
0
0
0
0
0
0
0
0
0
0
0
0
0
0
0
0
0
0
0
0
0
0
0
0
0
0
0
0
0
0
0
0
0
0
0
0
0
0
0
0
0
0
0
0
0
0
0
0
0
0
0
0
0
0
0
0
0
0
0
0
0
0
0
0
0
0
0
0
0
0
0
0
0
0
0
0
0
0
0
0
0
0
0
0
0
0
0
0
0
0
0
0
0
0
0
0
0
0
0
0
0
0
0
0
0
0
0
0
0
0
0
0
0
0
0
0
0
0
0
0
0
0
0
0
0
0
0
0
0
0
0
0
0
0
0
0
0
0
0
0
0
0
0
0
0
0
0
0
0
0
0
0
0
0
0
0
0
0
0
0
0
0
0
0
0
0
0
0
0
0
0
0
0
0
0
0
0
0
0
0
0
0
0
0
0
0
0
0
0
0
0
0
0
0
0
0
0
0
0
0
0
0
0
0
0
0
0
0
0
0
0
0
0
0
0
0
0
0
0
0
0
0
0
0
0
0
0
0
0
0
0
0
0
0
0
0
0
0
0
0
0
0
0
0
0
0
0
0
0
0
0
0
0
0
0
0
0
0
0
0
0
0
0
0
0
0
0
0
0
0
0
0
0
0
0
0
0
0
0
0
0
0
0
0
0
0
0
0
0
0
0
0
0
0
0
0
0
0
0
0
0
0
0
0
0
0
0
0
0
0
0
0
0
0
0
0
0
0
0
0
0
0
0
0
0
0
0
0
0
0
0
0
0
0
0
0
0
0
0
0
0
0
0
0
0
0
0
0
0
0
0
0
0
0
0
0
0
0
0
0
0
0
0
0
0
0
0
0
0
0
0
0
0
0
0
0
0
0
0
0
0
0
0
0
0
0
0
0
0
0
0
0
0
0
0
0
0
0
0
0
0
0
0
0
0
0
0
0
0
0
0
0
0
0
0
0
0
0
0
0
0
0
0
0
0
0
0
0
0
0
0
0
0
0
0
0
0
0
0
0
0
0
0
0
0
0
0
0
0
0
0
0
0
0
0
0
0
0
0
0
0
0
0
0
0
0
0
0
0
0
0
0
0
0
0
0
0
0
0
0
0
0
0
0
0
0
0
0
0
0
0
0
0
0
0
0
0
0
0
0
0
0
0
0
0
0
0
0
0
0
0
0
0
0
0
0
0
0
0
0
0
0
0
0
0
0
0
0
0
0
0
0
0
0
0
0
0
0
0
0
0
0
0
0
0
0
0
0
0
0
0
0
0
0
0
0
0
0
0
0
0
0
0
0
0
0
0
0
0
0
0
0
0
0
0
0
0
0
0
0
0
0
0
0
0
0
0
0
0
0
0
0
0
0
0
0
0
0
0
0
0
0
0
0
0
0
0
0
0
0
0
0
0
0
0
0
0
0
0
0
0
0
0
0
0
0
0
0
0
0
0
0
0
0
0
0
0
0
0
0
0
0
0
0
0
0
0
0
0
0
0
0
0
0
0
0
0
0
0
0
0
0
0
0
0
0
0
0
0
0
0
0
0
0
0
0
0
0
0
0
0
0
0
0
0
0
0
0
0
0
0
0
0
0
0
0
0
0
0
0
0
0
0
0
0
0
0
0
0
0
0
0
0
0
0
0
0
0
0
0
0
0
0
0
0
0
0
0
0
0
0
0
0
0
0
0
0
0
0
0
0
0
0
0
0
0
0
0
0
0
0
0
0
0
0
0
0
0
0
0
0
0
0
0
0
0
0
0
0
0
0
0
0
0
0
0
0
0
0
0
0
0
0
0
0
0
0
0
0
0
0
0
0
0
0
0
0
0
0
0
0
0
0
0
0
0
0
0
0
0
0
0
0
0
0
0
0
0
0
0
0
0
0
0
0
0
0
0
0
0
0
0
0
0
0
0
0
0
0
0
0
0
0
0
0
0
0
0
0
0
0
0
0
0
0
0
0
0
0
0
0
0
0
0
0
0
0
0
0
0
0
0
0
0
0
0
0
0
0
0
0
0
0
0
0
0
0
0
0
0
0
0
0
0
0
0
0
0
0
0
0
0
0
0
0
0
0
0
0
0
0
0
0
0
0
0
0
0
0
0
0
0
0
0
0
0
0
0
0
0
0
0
0
0
0
0
0
0
0
0
0
0
0
0
0
0
0
0
0
0
0
0
0
0
0
0
0
0
0
0
0
0
0
0
0
0
0
0
0
0
0
0
0
0
0
0
0
0
0
0
0
0
0
0
0
0
0
0
0
0
0
0
0
0
0
0
0
0
0
0
0
0
0
0
0
0
0
0
0
0
0
0
0
0
0
0
0
0
0
0
0
0
0
0
0
0
0
0
0
0
0
0
0
0
0
0
0
0
0
0
0
0
0
0
0
0
0
0
0
0
0
0
0
0
0
0
0
0
0
0
0
0
0
0
0
0
0
0
0
0
0
0
0
0
0
0
0
0
0
0
0
0
0
0
0
0
0
0
0
0
0
0
0
0
0
0
0
0
0
0
0
0
0
0
0
0
0
0
0
0
0
0
0
0
0
0
0
0
0
0
0
0
0
0
0
0
0
0
0
0
0
0
0
0
0
0
0
0
0
0
0
0
0
0
0
0
0
0
0
0
0
0
0
0
0
0
0
0
0
0
0
0
0
0
0
0
0
0
0
0
0
0
0
0
0
0
0
0
0
0
0
0
0
0
0
0
0
0
0
0
0
0
0
0
0
0
0
0
0
0
0
0
0
0
0
0
0
0
0
0
0
0
0
0
0
0
0
0
0
0
0
0
0
0
0
0
0
0
0
0
0
0
0
0
0
0
0
0
0
0
0
0
0
0
0
0
0
0
0
0
0
0
0
0
0
0
0
0
0
0
0
0
0
0
0
0
0
0
0
0
0
0
0
0
0
0
0
0
0
0
0
0
0
0
0
0
0
0
0
0
0
0
0
0
0
0
0
0
0
0
0
0
0
0
0
0
0
0
0
0
0
0
0
0
0
0
0
0
0
0
0
0
0
0
0
0
0
0
0
0
0
0
0
0
0
0
0
0
0
0
0
0
0
0
0
0
0
0
0
0
0
0
0
0
0
0
0
0
0
0
0
0
0
0
0
0
0
0
0
0
0
0
0
0
0
0
0
0
0
0
0
0
0
0
0
0
0
0
0
0
0
0
0
0
0
0
0
0
0
0
0
0
0
0
0
0
0
0
0
0
0
0
0
0
0
0
0
0
0
0
0
0
0
0
0
0
0
0
0
0
0
0
0
0
0
0
0
0
0
0
0
0
0
0
0
0
0
0
0
0
0
0
0
0
0
0
0
0
0
0
0
0
0
0
0
0
0
0
0
0
0
0
0
0
0
0
0
0
0
0
0
0
0
0
0
0
0
0
0
0
0
0
0
0
0
0
0
0
0
0
0
0
0
0
0
0
0
0
0
0
0
0
0
0
0
0
0
0
0
0
0
0
0
0
0
0
0
0
0
0
0
0
0
0
0
0
0
0
0
0
0
0
0
0
0
0
0
0
0
0
0
0
0
0
0
0
0
0
0
0
0
0
0
0
0
0
0
0
0
0
0
0
0
0
0
0
0
0
0
0
0
0
0
0
0
0
0
0
0
0
0
0
0
0
0
0
0
0
0
0
0
0
0
0
0
0
0
0
0
0
0
0
0
0
0
0
0
0
0
0
0
0
0
0
0
0
0
0
0
0
0
0
0
0
0
0
0
0
0
0
0
0
0
0
0
0
0
0
0
0
0
0
0
0
0
0
0
0
0
0
0
0
0
0
0
0
0
0
0
0
0
0
0
0
0
0
0
0
0
0
0
0
0
0
0
0
0
0
0
0
0
0
0
0
0
0
0
0
0
0
0
0
0
0
0
0
0
0
0
0
0
0
0
0
0
0
0
0
0
0
0
0
0
0
0
0
0
0
0
0
0
0
0
0
0
0
0
0
0
0
0
0
0
0
0
0
0
0
0
0
0
0
0
0
0
0
0
0
0
0
0
0
0
0
0
0
0
0
0
0
0
0
0
0
0
0
0
0
0
0
0
0
0
0
0
0
0
0
0
0
0
0
0
0
0
0
0
0
0
0
0
0
0
0
0
0
0
0
0
0
0
0
0
0
0
0
0
0
0
0
0
0
0
0
0
0
0
0
0
0
0
0
0
0
0
0
0
0
0
0
0
0
0
0
0
0
0
0
0
0
0
0
0
0
0
0
0
0
0
0
0
0
0
0
0
0
0
0
0
0
0
0
0
0
0
0
0
0
0
0
0
0
0
0
0
0
0
0
0
0
0
0
0
0
0
0
0
0
0
0
0
0
0
0
0
0
0
0
0
0
0
0
0
0
0
0
0
0
0
0
0
0
0
0
0
0
0
0
0
0
0
0
0
0
0
0
0
0
0
0
0
0
0
0
0
0
0
0
0
0
0
0
0
0
0
0
0
0
0
0
0
0
0
0
0
0
0
0
0
0
0
0
0
0
0
0
0
0
0
0
0
0
0
0
0
0
0
0
0
0
0
0
0
0
0
0
0
0
0
0
0
0
0
0
0
0
0
0
0
0
0
0
0
0
0
0
0
0
0
0
0
0
0
0
0
0
0
0
0
0
0
0
0
0
0
0
0
0
0
0
0
0
0
0
0
0
0
0
0
0
0
0
0
0
0
0
0
0
0
0
0
0
0
0
0
0
0
0
0
0
0
0
0
0
0
0
0
0
0
0
0
0
0
0
0
0
0
0
0
0
0
0
0
0
0
0
0
0
0
0
0
0
0
0
0
0
0
0
0
0
0
0
0
0
0
0
0
0
0
0
0
0
0
0
0
0
0
0
0
0
0
0
0
0
0
0
0
0
0
0
0
0
0
0
0
0
0
0
0
0
0
0
0
0
0
0
0
0
0
0
0
0
0
0
0
0
0
0
0
0
0
0
0
0
0
0
0
0
0
0
0
0
0
0
0
0
0
0
0
0
0
0
0
0
0
0
0
0
0
0
0
0
0
0
0
0
0
0
0
0
0
0
0
0
0
0
0
0
0
0
0
0
0
0
0
0
0
0
0
0
0
0
0
0
0
0
0
0
0
0
0
0
0
0
0
0
0
0
0
0
0
0
0
0
0
0
0
0
0
0
0
0
0
0
0
0
0
0
0
0
0
0
0
0
0
0
0
0
0
0
0
0
0
0
0
0
0
0
0
0
0
0
0
0
0
0
0
0
0
0
0
0
0
0
0
0
0
0
0
0
0
0
0
0
0
0
0
0
0
0
0
0
0
0
0
0
0
0
0
0
0
0
0
0
0
0
0
0
0
0
0
0
0
0
0
0
0
0
0
0
0
0
0
0
0
0
0
0
0
0
0
0
0
0
0
0
0
0
0
0
0
0
0
0
0
0
0
0
0
0
0
0
0
0
0
0
0
0
0
0
0
0
0
0
0
0
0
0
0
0
0
0
0
0
0
0
0
0
0
0
0
0
0
0
0
0
0
0
0
0
0
0
0
0
0
0
0
0
0
0
0
0
0
0
0
0
0
0
0
0
0
0
0
0
0
0
0
0
0
0
0
0
0
0
0
0
0
0
0
0
0
0
0
0
0
0
0
0
0
0
0
0
0
0
0
0
0
0
0
0
0
0
0
0
0
0
0
0
0
0
0
0
0
0
0
0
0
0
0
0
0
0
0
0
0
0
0
0
0
0
0
0
0
0
0
0
0
0
0
0
0
0
0
0
0
0
0
0
0
0
0
0
0
0
0
0
0
0
0
0
0
0
0
0
0
0
0
0
0
0
0
0
0
0
0
0
0
0
0
0
0
0
0
0
0
0
0
0
0
0
0
0
0
0
0
0
0
0
0
0
0
0
0
0
0
0
0
0
0
0
0
0
0
0
0
0
0
0
0
0
0
0
0
0
0
0
0
0
0
0
0
0
0
0
0
0
0
0
0
0
0
0
0
0
0
0
0
0
0
0
0
0
0
0
0
0
0
0
0
0
0
0
0
0
0
0
0
0
0
0
0
0
0
0
0
0
0
0
0
0
0
0
0
0
0
0
0
0
0
0
0
0
0
0
0
0
0
0
0
0
0
0
0
0
0
0
0
0
0
0
0
0
0
0
0
0
0
0
0
0
0
0
0
0
0
0
0
0
0
0
0
0
0
0
0
0
0
0
0
0
0
0
0
0
0
0
0
0
0
0
0
0
0
0
0
0
0
0
0
0
0
0
0
0
0
0
0
0
0
0
0
0
0
0
0
0
0
0
0
0
0
0
0
0
0
0
0
0
0
0
0
0
0
0
0
0
0
0
0
0
0
0
0
0
0
0
0
0
0
0
0
0
0
0
0
0
0
0
0
0
0
0
0
0
0
0
0
0
0
0
0
0
0
0
0
0
0
0
0
0
0
0
0
0
0
0
0
0
0
0
0
0
0
0
0
0
0
0
0
0
0
0
0
0
0
0
0
0
0
0
0
0
0
0
0
0
0
0
0
0
0
0
0
0
0
0
0
0
0
0
0
0
0
0
0
0
0
0
0
0
0
0
0
0
0
0
0
0
0
0
0
0
0
0
0
0
0
0
0
0
0
0
0
0
0
0
0
0
0
0
0
0
0
0
0
0
0
0
0
0
0
0
0
0
0
0
0
0
0
0
0
0
0
0
0
0
0
0
0
0
0
0
0
0
0
0
0
0
0
0
0
0
0
0
0
0
0
0
0
0
0
0
0
0
0
0
0
0
0
0
0
0
0
0
0
0
0
0
0
0
0
0
0
0
0
0
0
0
0
0
0
0
0
0
0
0
0
0
0
0
0
0
0
0
0
0
0
0
0
0
0
0
0
0
0
0
0
0
0
0
0
0
0
0
0
0
0
0
0
0
0
0
0
0
0
0
0
0
0
0
0
0
0
0
0
0
0
0
0
0
0
0
0
0
0
0
0
0
0
0
0
0
0
0
0
0
0
0
0
0
0
0
0
0
0
0
0
0
0
0
0
0
0
0
0
0
0
0
0
0
0
0
0
0
0
0
0
0
0
0
0
0
0
0
0
0
0
0
0
0
0
0
0
0
0
0
0
0
0
0
0
0
0
0
0
0
0
0
0
0
0
0
0
0
0
0
0
0
0
0
0
0
0
0
0
0
0
0
0
0
0
0
0
0
0
0
0
0
0
0
0
0
0
0
0
0
0
0
0
0
0
0
0
0
0
0
0
0
0
0
0
0
0
0
0
0
0
0
0
0
0
0
0
0
0
0
