0
0
0
0
0
0
0
0
0
0
0
0
0
0
0
0
0
0
0
0
0
0
0
0
0
0
0
0
0
0
0
0
0
0
0
0
0
0
0
0
0
0
0
0
0
1
1
0
0
0
0
0
0
0
1
2
0
1
0
0
0
0
1
2
0
0
1
0
1
4
9
3
9
7
3
11
11
10
5
11
10
13
13
13
14
17
15
11
12
14
20
17
17
23
25
37
85
161
278
396
524
595
662
612
649
646
695
692
653
665
671
727
715
711
735
758
710
715
770
759
727
767
737
722
737
787
733
747
740
796
741
779
832
834
813
742
828
749
766
851
817
862
773
866
860
824
811
863
801
915
847
876
879
882
809
850
877
899
891
893
880
875
928
846
940
907
888
964
928
869
859
980
928
851
998
967
962
996
985
940
1008
971
939
959
953
975
943
1019
985
1042
1036
995
1081
1031
1016
1083
1049
1052
985
1016
1009
1055
1070
1022
1020
1060
1065
1074
1062
1058
1114
1080
1094
1105
1098
1045
1105
1095
1064
1117
1080
1101
1073
1091
1070
1049
1093
1166
1113
1115
1085
1146
1127
1136
1170
1078
1115
1162
1129
1221
1144
1135
1099
1187
1209
1124
1166
1174
1166
1147
1124
1142
1128
1158
1098
1091
1144
1119
1101
1121
1211
1160
1110
1140
1127
1107
1175
1144
1232
1167
1149
1144
1119
1141
1099
1189
1222
1146
1087
1192
1186
1150
1117
1156
1123
1109
1120
1152
1148
1092
1156
1133
1137
1116
1162
1165
1092
1149
1071
1164
1069
1127
1103
1085
1161
1140
1143
1101
1134
1186
1123
1093
1062
1079
1090
1117
1115
1124
1108
1081
1045
1127
1072
1126
1116
1084
1077
1176
1074
1098
1088
1013
1068
1077
1106
1043
1033
1080
1080
1071
1039
1035
1115
1046
1085
1062
1078
1073
978
1054
1079
1093
1113
1022
1034
1069
1025
1064
1054
1052
1008
1064
1053
1022
1035
1054
1022
1010
1059
1060
1059
1023
1007
995
1046
1015
1004
1028
1038
1032
1013
1004
1030
1016
1015
1053
1018
986
942
974
1031
1016
973
973
1052
976
1035
903
1049
993
1011
952
1026
1010
970
949
946
1005
982
957
997
957
987
978
1007
969
1000
926
1054
1040
943
956
971
944
906
991
971
984
996
928
923
967
964
996
964
964
956
952
963
886
947
996
951
943
982
935
966
955
998
971
947
923
965
1005
885
923
931
885
856
923
1022
924
885
943
905
896
987
895
944
958
879
946
919
864
923
952
920
921
945
992
872
894
916
907
923
850
954
928
976
916
874
966
963
918
969
910
926
932
898
955
894
956
962
872
887
853
899
885
894
874
892
928
901
888
898
871
901
875
906
875
874
899
838
807
878
880
877
851
868
797
857
907
898
904
912
854
820
883
898
881
848
839
906
869
842
807
846
891
827
860
883
902
827
914
826
859
860
859
851
841
854
912
850
861
864
865
826
869
854
864
827
828
923
866
823
856
874
827
826
898
807
848
869
829
889
860
835
853
845
823
864
847
848
825
823
824
914
846
845
823
871
842
860
877
788
842
850
842
884
803
805
822
850
882
828
834
830
872
811
816
848
836
838
830
834
821
843
861
865
869
833
846
841
887
858
864
834
824
824
831
823
862
817
859
862
822
788
783
811
811
863
897
796
878
764
837
818
837
861
826
839
878
850
865
810
768
803
820
795
851
822
824
834
816
822
780
808
865
829
847
820
842
759
877
831
835
878
838
811
819
794
849
887
777
918
790
872
797
812
820
857
794
823
785
844
773
793
783
843
890
762
842
816
827
872
853
847
842
796
886
842
769
796
786
859
792
827
847
832
776
851
812
775
791
804
829
793
840
803
805
776
779
800
810
830
810
832
785
871
820
873
865
791
827
791
786
842
804
783
776
828
842
914
821
825
824
777
822
806
809
814
787
832
785
797
801
830
785
840
859
783
846
786
839
823
833
804
852
829
840
786
772
866
839
816
806
799
810
761
851
794
782
768
779
782
797
790
798
767
758
750
789
762
794
800
787
807
818
764
741
736
825
747
781
783
749
829
802
758
785
795
762
800
707
744
823
780
774
758
735
776
723
754
710
659
729
737
710
742
710
716
747
716
744
756
729
702
727
666
729
720
717
681
761
735
689
683
745
716
717
696
677
679
664
680
735
626
650
636
669
719
656
673
625
607
676
688
666
623
674
680
664
601
645
638
631
640
623
639
617
615
668
648
574
663
587
587
620
595
626
594
641
636
582
597
601
525
576
576
551
614
523
588
571
604
596
568
553
602
559
537
543
578
556
513
560
549
541
571
521
553
558
556
544
549
536
522
554
523
564
497
523
507
486
525
538
479
487
535
466
488
467
471
449
497
465
436
511
494
488
472
499
451
515
475
472
480
481
445
481
459
467
447
475
468
474
458
510
450
444
497
411
444
473
479
471
450
451
462
461
485
442
462
459
420
451
461
439
441
457
458
453
465
421
475
444
434
442
477
468
394
444
449
451
432
471
491
479
435
436
424
459
455
444
460
450
464
488
413
456
447
488
507
490
506
486
461
486
475
447
509
465
511
451
494
508
500
496
531
497
497
484
496
521
504
484
543
538
552
496
533
543
558
495
552
584
532
537
567
566
572
525
598
570
584
586
533
537
603
623
596
642
580
661
614
593
650
635
653
646
673
711
665
669
692
619
653
670
729
678
687
701
750
717
735
787
716
748
756
774
759
742
811
835
785
808
813
851
827
790
818
786
823
825
854
911
918
913
896
949
931
950
922
917
953
882
960
984
946
1013
916
1005
988
1026
1032
995
1011
1021
1041
1031
1060
1048
1149
1053
1108
1107
1064
1122
1100
1120
1161
1167
1097
1122
1244
1178
1221
1211
1182
1230
1241
1187
1188
1186
1219
1217
1271
1241
1319
1195
1261
1278
1250
1289
1272
1271
1291
1307
1309
1271
1277
1318
1330
1388
1382
1355
1344
1380
1297
1438
1369
1279
1365
1447
1352
1358
1386
1437
1432
1419
1408
1459
1414
1528
1441
1431
1437
1437
1442
1420
1451
1395
1439
1516
1433
1468
1513
1514
1457
1474
1480
1534
1474
1530
1480
1473
1402
1471
1419
1462
1474
1581
1480
1547
1503
1479
1475
1528
1499
1493
1461
1496
1527
1476
1493
1538
1451
1500
1423
1496
1483
1495
1508
1509
1487
1503
1461
1489
1527
1455
1459
1514
1391
1450
1545
1452
1490
1475
1573
1523
1467
1452
1402
1417
1465
1467
1460
1472
1376
1490
1488
1471
1437
1428
1445
1428
1438
1390
1379
1427
1445
1403
1316
1439
1353
1421
1343
1342
1307
1320
1334
1307
1368
1334
1300
1263
1272
1278
1287
1253
1386
1369
1293
1358
1259
1339
1254
1260
1276
1328
1214
1255
1196
1217
1152
1201
1192
1185
1170
1170
1168
1170
1221
1150
1180
1166
1189
1151
1094
1150
1125
1101
1100
1139
1132
1074
1124
1124
1174
1020
1122
1053
1087
1075
970
1082
1083
1052
1030
1027
988
1016
1038
1045
988
1015
983
978
1024
987
953
983
969
945
890
939
974
950
925
925
951
948
945
947
892
861
842
795
897
904
885
859
855
777
847
825
848
803
826
875
783
809
840
808
794
798
809
782
808
760
762
754
767
763
763
701
724
795
720
697
742
685
631
683
653
641
693
730
690
681
677
697
669
676
664
612
629
653
637
619
622
652
597
635
629
670
621
597
632
617
589
584
628
619
585
570
613
621
547
598
591
566
565
510
537
546
558
544
525
543
556
562
581
511
575
588
509
539
521
488
524
547
508
468
483
492
513
540
470
522
507
501
528
509
520
505
467
457
486
491
450
495
476
456
481
449
425
417
489
437
469
450
475
441
452
469
488
422
446
421
462
416
474
433
416
458
427
420
396
426
396
424
415
395
401
392
402
402
401
366
428
432
414
406
402
400
413
395
407
368
394
366
403
385
346
385
367
369
381
386
393
369
350
350
383
395
345
345
369
344
331
363
357
379
336
341
351
355
335
333
341
406
371
361
335
353
360
357
313
323
343
368
347
319
317
311
329
324
302
314
315
338
343
347
323
320
300
344
324
324
268
292
297
299
282
289
309
301
287
283
303
308
337
304
294
306
302
319
306
314
322
283
332
297
317
283
272
287
277
319
292
272
308
295
285
300
282
262
276
294
312
312
267
258
287
263
290
282
289
287
276
271
251
286
264
275
266
262
263
238
275
286
297
269
261
288
289
278
263
267
237
245
250
288
248
268
281
251
273
276
258
289
266
254
226
268
246
276
246
269
267
244
256
248
242
268
239
238
239
249
219
238
267
236
243
259
237
233
235
254
226
227
234
226
242
237
228
253
225
221
247
224
240
229
245
239
220
187
229
223
249
228
222
237
251
239
252
209
235
213
223
224
215
215
207
211
206
219
206
203
215
215
207
236
211
219
206
196
189
209
217
218
191
203
229
206
198
193
212
178
182
205
202
222
223
170
193
210
199
213
203
210
214
176
209
181
196
170
198
205
202
189
166
229
182
185
164
173
193
186
158
186
184
179
203
196
172
151
180
179
179
177
159
159
185
157
200
164
155
171
131
146
178
160
157
150
166
176
159
170
158
164
177
181
174
157
163
139
187
169
164
163
163
141
151
153
142
129
158
167
142
142
126
141
126
172
137
160
142
142
162
148
146
144
137
134
152
140
137
151
119
131
137
146
139
132
128
113
132
123
118
127
124
138
125
130
135
125
125
114
121
125
135
125
123
100
125
109
111
109
107
123
114
114
121
111
102
103
122
116
102
101
93
89
111
102
109
97
115
86
105
96
104
94
89
84
103
102
92
97
89
97
80
113
87
86
99
81
86
83
97
85
77
112
97
91
77
84
79
87
86
70
82
82
77
90
104
87
90
73
92
76
63
81
68
72
73
79
85
75
80
65
59
69
78
71
67
59
62
64
78
84
70
36
75
58
76
67
54
74
63
67
54
50
60
65
48
64
63
57
60
71
68
75
50
40
54
44
53
54
64
32
49
43
41
55
55
47
65
48
47
33
60
49
52
47
49
38
32
46
46
38
49
46
36
39
41
34
51
39
38
31
43
52
32
31
30
42
35
30
27
38
56
32
36
35
33
27
30
37
36
37
31
36
28
46
35
34
34
30
20
28
31
34
28
37
20
32
29
29
28
27
24
26
28
39
35
28
22
17
25
20
28
22
24
28
28
23
18
23
27
21
28
20
17
17
23
20
25
18
28
16
19
20
15
30
19
21
20
24
24
17
21
24
17
20
15
22
23
20
15
10
20
20
13
24
22
20
16
24
12
21
21
17
19
16
12
9
13
18
16
12
19
16
16
16
20
22
14
22
14
8
19
19
16
15
17
13
17
15
13
19
18
13
22
13
14
12
15
14
16
13
11
18
11
16
10
9
18
8
13
12
12
14
12
16
11
9
16
13
19
11
14
8
18
13
9
17
12
17
6
10
15
11
19
17
11
10
11
7
13
13
9
8
8
7
13
7
7
10
15
8
15
20
5
8
14
9
11
13
12
15
11
10
8
9
11
9
9
4
12
10
8
5
9
8
14
7
12
9
7
8
13
11
11
6
12
13
4
8
8
7
7
10
6
9
7
12
12
7
6
5
10
5
14
6
8
5
9
12
9
3
5
5
3
12
9
9
4
4
7
7
9
6
7
6
3
6
2
3
6
11
9
8
6
6
5
10
3
2
7
9
4
6
6
3
5
4
4
3
5
5
7
9
6
7
9
5
6
7
4
8
4
5
5
3
3
8
8
4
1
5
3
5
8
3
3
5
7
1
1
4
9
4
2
5
4
4
3
5
6
1
7
10
2
2
3
3
3
3
6
1
2
2
2
3
4
4
2
4
7
4
2
2
3
5
3
4
4
2
1
5
1
3
5
4
2
3
6
6
4
1
4
1
4
0
3
2
5
2
2
2
4
6
4
4
2
3
2
3
3
5
2
4
4
1
1
1
1
5
3
2
2
0
1
2
1
1
0
1
1
1
2
1
2
2
3
2
3
5
2
4
2
2
3
1
1
3
1
2
1
1
3
1
0
1
3
0
1
2
0
0
3
1
0
5
2
2
0
1
2
4
5
4
1
2
4
2
2
0
2
1
0
1
4
1
0
1
1
0
0
2
1
3
1
1
2
1
2
0
0
1
2
2
1
2
0
2
0
0
3
2
0
1
1
0
0
1
3
3
2
2
3
2
0
1
2
2
1
3
0
5
1
0
2
1
1
1
0
1
2
1
1
1
1
0
0
0
1
1
0
1
1
3
0
0
0
2
0
0
1
0
1
0
0
0
0
0
0
2
3
0
1
1
0
0
0
1
0
0
0
1
1
0
0
0
0
2
0
2
1
0
0
1
3
0
1
1
0
1
1
0
1
2
1
0
1
1
0
1
1
2
0
0
0
2
0
0
0
1
1
1
0
0
0
0
0
0
1
1
0
0
0
0
1
1
1
0
0
1
1
0
1
0
1
0
1
1
0
1
0
0
0
2
0
0
1
1
1
0
0
1
1
0
0
1
0
0
1
0
0
1
1
1
0
0
1
0
1
1
0
2
0
0
0
0
0
0
0
0
0
0
0
0
0
1
0
0
0
0
1
0
0
1
0
0
0
0
0
0
0
0
0
1
1
1
0
0
1
1
0
0
0
0
0
0
0
1
0
1
0
1
0
0
0
0
0
0
0
0
0
1
1
1
0
1
1
0
0
0
0
0
0
0
2
1
0
2
0
0
0
0
1
1
0
0
1
0
1
0
0
1
0
2
0
0
0
1
1
0
1
0
1
0
0
0
2
2
0
1
0
1
0
2
1
0
0
1
0
1
0
0
1
0
1
1
0
1
0
1
0
1
0
1
0
0
0
1
0
0
0
0
0
0
0
0
0
0
0
0
0
0
1
0
0
0
0
2
1
0
0
0
0
0
0
0
0
2
0
0
0
0
0
1
0
0
0
1
0
0
1
0
0
0
0
0
1
0
0
1
0
0
0
0
0
1
1
0
0
0
0
0
0
0
0
0
0
0
0
0
0
0
0
1
0
0
0
0
0
0
0
0
0
0
0
1
0
0
0
0
0
0
0
0
2
0
0
0
0
0
0
0
0
0
0
0
0
0
0
0
2
0
0
0
0
0
0
1
0
0
0
0
0
0
0
0
0
0
0
0
0
1
0
0
0
0
1
0
0
0
0
0
0
0
0
0
0
0
0
0
0
0
0
0
0
1
0
0
0
0
0
0
0
0
0
0
0
0
0
0
0
0
0
0
0
0
0
0
0
1
0
0
0
0
0
0
0
1
0
0
0
0
0
0
0
0
0
0
0
0
0
0
0
0
0
0
0
0
0
0
0
0
0
0
1
0
0
0
1
0
0
0
0
0
0
0
0
1
0
0
0
0
0
0
0
0
0
0
0
0
0
0
0
0
0
0
0
0
0
0
0
0
0
0
0
0
0
0
0
0
0
0
0
0
0
0
0
0
0
0
0
0
0
0
0
0
0
0
0
0
0
0
0
0
0
0
0
0
0
0
0
0
0
0
0
0
0
1
1
0
0
0
0
0
0
0
0
0
0
0
0
0
0
0
0
0
0
0
0
0
0
0
0
0
0
0
0
0
0
0
0
0
0
0
0
0
0
0
0
0
0
0
0
0
0
0
0
0
0
0
0
0
0
0
0
0
0
0
0
0
0
0
0
0
0
0
0
0
0
0
0
0
0
0
0
0
0
0
0
0
0
0
0
0
0
0
0
0
0
0
0
0
0
0
0
0
0
0
0
0
0
0
0
0
0
0
0
0
0
0
0
0
0
0
0
0
0
0
0
0
0
0
0
0
0
0
0
0
0
0
0
0
0
0
0
0
0
0
0
0
0
0
0
0
0
0
0
0
0
0
0
0
0
0
0
0
0
0
0
0
0
0
0
0
0
0
0
0
0
0
0
0
0
0
0
0
0
0
0
0
0
0
0
0
0
0
0
0
0
0
0
0
0
1
0
0
0
0
0
0
0
0
0
0
0
0
0
0
0
0
0
0
0
0
0
0
0
0
0
0
0
0
0
0
0
0
0
0
0
0
0
0
0
0
0
0
0
0
0
0
0
0
0
0
1
0
0
0
0
0
0
0
0
1
0
1
0
0
0
0
0
0
0
0
0
0
0
0
0
0
0
0
0
0
0
0
0
0
0
0
0
0
0
0
0
0
0
0
0
0
0
0
0
0
0
0
0
0
0
0
0
0
0
0
0
0
0
0
0
0
0
0
0
0
0
0
0
0
0
0
0
0
0
0
0
0
0
0
0
0
0
0
0
0
0
0
0
0
0
0
0
0
0
0
0
0
0
0
0
0
0
0
0
0
0
0
0
0
0
0
0
0
0
0
0
0
0
0
0
0
0
0
0
0
0
0
0
0
0
0
0
0
0
0
0
0
0
0
0
0
0
0
0
0
0
0
0
0
0
0
0
0
0
0
0
0
0
0
0
0
0
0
0
0
0
0
0
0
0
0
0
0
0
0
0
0
0
0
0
0
0
0
0
0
0
0
0
0
0
0
0
0
0
0
0
0
0
0
0
0
0
0
0
0
0
0
0
0
0
0
0
0
0
0
0
0
0
0
0
0
0
0
0
0
0
0
0
0
0
0
0
0
0
0
0
0
0
0
0
0
0
0
0
0
0
0
0
0
0
0
0
0
0
0
0
0
0
0
0
0
0
0
0
0
0
0
0
0
0
0
0
0
0
0
0
0
0
0
0
0
0
0
0
0
0
0
0
0
0
0
0
0
0
0
0
0
0
0
0
0
0
0
0
0
0
0
0
0
0
0
0
0
0
0
0
0
0
0
0
0
0
0
0
0
0
0
0
0
0
0
0
0
0
0
0
0
0
0
0
0
0
0
0
0
0
0
0
0
0
0
0
0
0
0
0
0
0
0
0
0
0
0
0
0
0
0
0
0
0
0
0
0
0
0
0
0
0
0
0
0
0
0
0
0
0
0
0
0
0
0
0
0
0
0
0
0
0
0
0
0
0
0
0
0
0
0
0
0
0
0
0
0
0
0
0
0
0
0
0
0
0
0
0
0
0
0
0
0
0
0
0
0
0
0
0
0
0
0
0
0
0
0
0
0
0
0
0
0
0
0
0
0
0
0
0
0
0
0
0
0
0
0
0
0
0
0
0
0
0
0
0
0
0
0
0
0
0
0
0
0
0
0
0
0
0
0
0
0
0
0
0
0
0
0
0
0
0
0
0
0
0
0
0
0
0
0
0
0
0
0
0
0
0
0
0
0
0
0
0
0
0
0
0
0
0
0
0
0
0
0
0
0
0
0
0
0
0
0
0
0
0
0
0
0
0
0
0
0
0
0
0
0
0
0
0
0
0
0
0
0
0
0
0
0
0
0
0
0
0
0
0
0
0
0
0
0
0
0
0
0
0
0
0
0
0
0
0
0
0
0
0
0
0
0
0
0
0
0
0
0
0
0
0
0
0
0
0
0
0
0
0
0
0
0
0
0
0
0
0
0
0
0
0
0
0
0
0
0
0
0
0
0
0
0
0
0
0
0
0
0
0
0
0
0
0
0
0
0
0
0
0
0
0
0
0
0
0
0
0
0
0
0
0
0
0
0
0
0
0
0
0
0
0
0
0
0
0
0
0
0
0
0
0
0
0
0
0
0
0
0
0
0
0
0
0
0
0
0
0
0
0
0
0
0
0
0
0
0
0
0
0
0
0
0
0
0
0
0
0
0
0
0
0
0
0
0
0
0
0
0
0
0
0
0
0
0
0
0
0
0
0
0
0
0
0
0
0
0
0
0
0
0
0
0
0
0
0
0
0
0
0
0
0
0
0
0
0
0
0
0
0
0
0
0
0
0
0
0
0
0
0
0
0
0
0
0
0
0
0
0
0
0
0
0
0
0
0
0
0
0
0
0
0
0
0
0
0
0
0
0
0
0
0
0
0
0
0
0
0
0
0
0
0
0
0
0
0
0
0
0
0
0
0
0
0
0
0
0
0
0
0
0
0
0
0
0
0
0
0
0
0
0
0
0
0
0
0
0
0
0
0
0
0
0
0
0
0
0
0
0
0
0
0
0
0
0
0
0
0
0
0
0
0
0
0
0
0
0
0
0
0
0
0
0
0
0
0
0
0
0
0
0
0
0
0
0
0
0
0
0
0
0
0
0
0
0
0
0
0
0
0
0
0
0
0
0
0
0
0
0
0
0
0
0
0
0
0
0
0
0
0
0
0
0
0
0
0
0
0
0
0
0
0
0
0
0
0
0
0
0
0
0
0
0
0
0
0
0
0
0
0
0
0
0
0
0
0
0
0
0
0
0
0
0
0
0
0
0
0
0
0
0
0
0
0
0
0
0
0
0
0
0
0
0
0
0
0
0
0
0
0
0
0
0
0
0
0
0
0
0
0
0
0
0
0
0
0
0
0
0
0
0
0
0
0
0
0
0
0
0
0
0
0
0
0
0
0
0
0
0
0
0
0
0
0
0
0
0
0
0
0
0
0
0
0
0
0
0
0
0
0
0
0
0
0
0
0
0
0
0
0
0
0
0
0
0
0
0
0
0
0
0
0
0
0
0
0
0
0
0
0
0
0
0
0
0
0
0
0
0
0
0
0
0
0
0
0
0
0
0
0
0
0
0
0
0
0
0
0
0
0
0
0
0
0
0
0
0
0
0
0
0
0
0
0
0
0
0
0
0
0
0
0
0
0
0
0
0
0
0
0
0
0
0
0
0
0
0
0
0
0
0
0
0
0
0
0
0
0
0
0
0
0
0
0
0
0
0
0
0
0
0
0
0
0
0
0
0
0
0
0
0
0
0
0
0
0
0
0
0
0
0
0
0
0
0
0
0
0
0
0
0
0
0
0
0
0
0
0
0
0
0
0
0
0
0
0
0
0
0
0
0
0
0
0
0
0
0
0
0
0
0
0
0
0
0
0
0
0
0
0
0
0
0
0
0
0
0
0
0
0
0
0
0
0
0
0
0
0
0
0
0
0
0
0
0
0
0
0
0
0
0
0
0
0
0
0
0
0
0
0
0
0
0
0
0
0
0
0
0
0
0
0
0
0
0
0
0
0
0
0
0
0
0
0
0
0
0
0
0
0
0
0
0
0
0
0
0
0
0
0
0
0
0
0
0
0
0
0
0
0
0
0
0
0
0
0
0
0
0
0
0
0
0
0
0
0
0
0
0
0
0
0
0
0
0
0
0
0
0
0
0
0
0
0
0
0
0
0
0
0
0
0
0
0
0
0
0
0
0
0
0
0
0
0
0
0
0
0
0
0
0
0
0
0
0
0
0
0
0
0
0
0
0
0
0
0
0
0
0
0
0
0
0
0
0
0
0
0
0
0
0
0
0
0
0
0
0
0
0
0
0
0
0
0
0
0
0
0
0
0
0
0
0
0
0
0
0
0
0
0
0
0
0
0
0
0
0
0
0
0
0
0
0
0
0
0
0
0
0
0
0
0
0
0
0
0
0
0
0
0
0
0
0
0
0
0
0
0
0
0
0
0
0
0
0
0
0
0
0
0
0
0
0
0
0
0
0
0
0
0
0
0
0
0
0
0
0
0
0
0
0
0
0
0
0
0
0
0
0
0
0
0
0
0
0
0
0
0
0
0
0
0
0
0
0
0
0
0
0
0
0
0
0
0
0
0
0
0
0
0
0
0
0
0
0
0
0
0
0
0
0
0
0
0
0
0
0
0
0
0
0
0
0
0
0
0
0
0
0
0
0
0
0
0
0
0
0
0
0
0
0
0
0
0
0
0
0
0
0
0
0
0
0
0
0
0
0
0
0
0
0
0
0
0
0
0
0
0
0
0
0
0
0
0
0
0
0
0
0
0
0
0
0
0
0
0
0
0
0
0
0
0
0
0
0
0
0
0
0
0
0
0
0
0
0
0
0
0
0
0
0
0
0
0
0
0
0
0
0
0
0
0
0
0
0
0
0
0
0
0
0
0
0
0
0
0
0
0
0
0
0
0
0
0
0
0
0
0
0
0
0
0
0
0
0
0
0
0
0
0
0
0
0
0
0
0
0
0
0
0
0
0
0
0
0
0
0
0
0
0
0
0
0
0
0
0
0
0
0
0
0
0
0
0
0
0
0
0
0
0
0
0
0
0
0
0
0
0
0
0
0
0
0
0
0
0
0
0
0
0
0
0
0
0
0
0
0
0
0
0
0
0
0
0
0
0
0
0
0
0
0
0
0
0
0
0
0
0
0
0
0
0
0
0
0
0
0
0
0
0
0
0
0
0
0
0
0
0
0
0
0
0
0
0
0
0
0
0
0
0
0
0
0
0
0
0
0
0
0
0
0
0
0
0
0
0
0
0
0
0
0
0
0
0
0
0
0
0
0
0
0
0
0
0
0
0
0
0
0
0
0
0
0
0
0
0
0
0
0
0
0
0
0
0
0
0
0
0
0
0
0
0
0
0
0
0
0
0
0
0
0
0
0
0
0
0
0
0
0
0
0
0
0
0
0
0
0
0
0
0
0
0
0
0
0
0
0
0
0
0
0
0
0
0
0
0
0
0
0
0
0
0
0
0
0
0
0
0
0
0
0
0
0
0
0
0
0
0
0
0
0
0
0
0
0
0
0
0
0
0
0
0
0
0
0
0
0
0
0
0
0
0
0
0
0
0
0
0
0
0
0
0
0
0
0
0
0
0
0
0
0
0
0
0
0
0
0
0
0
0
0
0
0
0
0
0
0
0
0
0
0
0
0
0
0
0
0
0
0
0
0
0
0
0
0
0
0
0
0
0
0
0
0
0
0
0
0
0
0
0
0
0
0
0
0
0
0
0
0
0
0
0
0
0
0
0
0
0
0
0
0
0
0
0
0
0
0
0
0
0
0
0
0
0
0
0
0
0
0
0
0
0
0
0
0
0
0
0
0
0
0
0
0
0
0
0
0
0
0
0
0
0
0
0
0
0
0
0
0
0
0
0
0
0
0
0
0
0
0
0
0
0
0
0
0
0
0
0
0
0
0
0
0
0
0
0
0
0
0
0
0
0
0
0
0
0
0
0
0
0
0
0
0
0
0
0
0
0
0
0
0
0
0
0
0
0
0
0
0
0
0
0
0
0
0
0
0
0
0
0
0
0
0
0
0
0
0
0
0
0
0
0
0
0
0
0
0
0
0
0
0
0
0
0
0
0
0
0
0
0
0
0
0
0
0
0
0
0
0
0
0
0
0
0
0
0
0
0
0
0
0
0
0
0
0
0
0
0
0
0
0
0
0
0
0
0
0
0
0
0
0
0
0
0
0
0
0
0
0
0
0
0
0
0
0
0
0
0
0
0
0
0
0
0
0
0
0
0
0
0
0
0
0
0
0
0
0
0
0
0
0
0
0
0
0
0
0
0
0
0
0
0
0
0
0
0
0
0
0
0
0
0
0
0
0
0
0
0
0
0
0
0
0
0
0
0
0
0
0
0
0
0
0
0
0
0
0
0
0
0
0
0
0
0
0
0
0
0
0
0
0
0
0
0
0
0
0
0
0
0
0
0
0
0
0
0
0
0
0
0
0
0
0
0
0
0
0
0
0
0
0
0
0
0
0
0
0
0
0
0
0
0
0
0
0
0
0
0
0
0
0
0
0
0
0
0
0
0
0
0
0
0
0
0
0
0
0
0
0
0
0
0
0
0
0
0
0
0
0
0
0
0
0
0
0
0
0
0
0
0
0
0
0
0
0
0
0
0
0
0
0
0
0
0
0
0
0
0
0
0
0
0
0
0
0
0
0
0
0
0
0
0
0
0
0
0
0
0
0
0
0
0
0
0
0
0
0
0
0
0
0
0
0
0
0
0
0
0
0
0
0
0
0
0
0
0
0
0
0
0
0
0
0
0
0
0
0
0
0
0
0
0
0
0
0
0
0
0
0
0
0
0
0
0
0
0
0
0
0
0
0
0
0
0
0
0
0
0
0
0
0
0
0
0
0
0
0
0
0
0
0
0
0
0
0
0
0
0
0
0
0
0
0
0
0
0
0
0
0
0
0
0
0
0
0
0
0
0
0
0
0
0
0
0
0
0
0
0
0
0
0
0
0
0
0
0
0
0
0
0
0
0
0
0
0
0
0
0
0
0
0
0
0
0
0
0
0
0
0
0
0
0
0
0
0
0
0
0
0
0
0
0
0
0
0
0
0
0
0
0
0
0
0
0
0
0
0
0
0
0
0
0
0
0
0
0
0
0
0
0
0
0
0
0
0
0
0
0
0
0
0
0
0
0
0
0
0
0
0
0
0
0
0
0
0
0
0
0
0
0
0
0
0
0
0
0
0
0
0
0
0
0
0
0
0
0
0
0
0
0
0
0
0
0
0
0
0
0
0
0
0
0
0
0
0
0
0
0
0
0
0
0
0
0
0
0
0
0
0
0
0
0
0
0
0
0
0
0
0
0
0
0
0
0
0
0
0
0
0
0
0
0
0
0
0
0
0
0
0
0
0
0
0
0
0
0
0
0
0
0
0
0
0
0
0
0
0
0
0
0
0
0
0
0
0
0
0
0
0
0
0
0
0
0
0
0
0
0
0
0
0
0
0
0
0
0
0
0
0
0
0
0
0
0
0
0
0
0
0
0
0
0
0
0
0
0
0
0
0
0
0
0
0
0
0
0
0
0
0
0
0
0
0
0
0
0
0
0
0
0
0
0
0
0
0
0
0
0
0
0
0
0
0
0
0
0
0
0
0
0
0
0
0
0
0
0
0
0
0
0
0
0
0
0
0
0
0
0
0
0
0
0
0
0
0
0
0
0
0
0
0
0
0
0
0
0
0
0
0
0
0
0
0
0
0
0
0
0
0
0
0
0
0
0
0
0
0
0
0
0
0
0
0
0
0
0
0
0
0
0
0
0
0
0
0
0
0
0
0
0
0
0
0
0
0
0
0
0
0
0
0
0
0
0
0
0
0
0
0
0
0
0
0
0
0
0
0
0
0
0
0
0
0
0
0
0
0
0
0
0
0
0
0
0
0
0
0
0
0
0
0
0
0
0
0
0
0
0
0
0
0
0
0
0
0
0
0
0
0
0
0
0
0
0
0
0
0
0
0
0
0
0
0
0
0
0
0
0
0
0
0
0
0
0
0
0
0
0
0
0
0
0
0
0
0
0
0
0
0
0
0
0
0
0
0
0
0
0
0
0
0
0
0
0
0
0
0
0
0
0
0
0
0
0
0
0
0
0
0
0
0
0
0
0
0
0
0
0
0
0
0
0
0
0
0
0
0
0
0
0
0
0
0
0
0
0
0
0
0
0
0
0
0
0
0
0
0
0
0
0
0
0
0
0
0
0
0
0
0
0
0
0
0
0
0
0
0
0
0
0
0
0
0
0
0
0
0
0
0
0
0
0
0
0
0
0
0
0
0
0
0
0
0
0
0
0
0
0
0
0
0
0
0
0
0
0
0
0
0
0
0
0
0
0
0
0
0
0
0
0
0
0
0
0
0
0
0
0
0
0
0
0
0
0
0
0
0
0
0
0
0
0
0
0
0
0
0
0
0
0
0
0
0
0
0
0
0
0
0
0
0
0
0
0
0
0
0
0
0
0
0
0
0
0
0
0
0
0
0
0
0
0
0
0
0
0
0
0
0
0
0
0
0
0
0
0
0
0
0
0
0
0
0
0
0
0
0
0
0
0
0
0
0
0
0
0
0
0
0
0
0
0
0
0
0
0
0
0
0
0
0
0
0
0
0
0
0
0
0
0
0
0
0
0
0
0
0
0
0
0
0
0
0
0
0
0
0
0
0
0
0
0
0
0
0
0
0
0
0
0
0
0
0
0
0
0
0
0
0
0
0
0
0
0
0
0
0
0
0
0
0
0
0
0
0
0
0
0
0
0
0
0
0
0
0
0
0
0
0
0
0
0
0
0
0
0
0
0
0
0
0
0
0
0
0
0
0
0
0
0
0
0
0
0
0
0
0
0
0
0
0
0
0
0
0
0
0
0
0
0
0
0
0
0
0
0
0
0
0
0
0
0
0
0
0
0
0
0
0
0
0
0
0
0
0
0
0
0
0
0
0
0
0
0
0
0
0
0
0
0
0
0
0
0
0
0
0
0
0
0
0
0
0
0
0
0
0
0
0
0
0
0
0
0
0
0
0
0
0
0
0
0
0
0
0
0
0
0
0
0
0
0
0
0
0
0
0
0
0
0
0
0
0
0
0
0
0
0
0
0
0
0
0
0
0
0
0
0
0
0
0
0
0
0
0
0
0
0
0
0
0
0
0
0
0
0
0
0
0
0
0
0
0
0
0
0
0
0
0
0
0
0
0
0
0
0
0
0
0
0
0
0
0
0
0
0
0
0
0
0
0
0
0
0
0
0
0
0
0
0
0
0
0
0
0
0
0
0
0
0
0
0
0
0
0
0
0
0
0
0
0
0
0
0
0
0
0
0
0
0
0
0
0
0
0
0
0
0
0
0
0
0
0
0
0
0
0
0
0
0
0
0
0
0
0
0
0
0
0
0
0
0
0
0
0
0
0
0
0
0
0
0
0
0
0
0
0
0
0
0
0
0
0
0
0
0
0
0
0
0
0
0
0
0
0
0
0
0
0
0
0
0
0
0
0
0
0
0
0
0
0
0
0
0
0
0
0
0
0
0
0
0
0
0
0
0
0
0
0
0
0
0
0
0
0
0
0
0
0
0
0
0
0
0
0
0
0
0
0
0
0
0
0
0
0
0
0
0
0
0
0
0
0
0
0
0
0
0
0
0
0
0
0
0
0
0
0
0
0
0
0
0
0
0
0
0
0
0
0
0
0
0
0
0
0
0
0
0
0
0
0
0
0
0
0
0
0
0
0
0
0
0
0
0
0
0
0
0
0
0
0
0
0
0
0
0
0
0
0
0
0
0
0
0
0
0
0
0
0
0
0
0
0
0
0
0
0
0
0
0
0
0
0
0
0
0
0
0
0
0
0
0
0
0
0
0
0
0
0
0
0
0
0
0
0
0
0
0
0
0
0
0
0
0
0
0
0
0
0
0
0
0
0
0
0
0
0
0
0
0
0
0
0
0
0
0
0
0
0
0
0
0
0
0
0
0
0
0
0
0
0
0
0
0
0
0
0
0
0
0
0
0
0
0
0
0
0
0
0
0
0
0
0
0
0
0
0
0
0
0
0
0
0
0
0
0
0
0
0
0
0
0
0
0
0
0
0
0
0
0
0
0
0
0
0
0
0
0
0
0
0
0
0
0
0
0
0
0
0
0
0
0
0
0
0
0
0
0
0
0
0
0
0
0
0
0
0
0
0
0
0
0
0
0
0
0
0
0
0
0
0
0
0
0
0
0
0
0
0
0
0
0
0
0
0
0
0
0
0
0
0
0
0
0
0
0
0
0
0
0
0
0
0
0
0
0
0
0
0
0
0
0
0
0
0
0
0
0
0
0
0
0
0
0
0
0
0
0
0
0
0
0
0
0
0
0
0
0
0
0
0
0
0
0
0
0
0
0
0
0
0
0
0
0
0
0
0
0
0
0
0
0
0
0
0
0
0
0
0
0
0
0
0
0
0
0
0
0
0
0
0
0
0
0
0
0
0
0
0
0
0
0
0
0
0
0
0
0
0
0
0
0
0
0
0
0
0
0
0
0
0
0
0
0
0
0
0
0
0
0
0
0
0
0
0
0
0
0
0
0
0
0
0
0
0
0
0
0
0
0
0
0
0
0
0
0
0
0
0
0
0
0
0
0
0
0
0
0
0
0
0
0
0
0
0
0
0
0
0
0
0
0
0
0
0
0
0
0
0
0
0
0
0
0
0
0
0
0
0
0
0
0
0
0
0
0
0
0
0
0
0
0
0
0
0
0
0
0
0
0
0
0
0
0
0
0
0
0
0
0
0
0
0
0
0
0
0
0
0
0
0
0
0
0
0
0
0
0
0
0
0
0
0
0
0
0
0
0
0
0
0
0
0
0
0
0
0
0
0
0
0
0
0
0
0
0
0
0
0
0
0
0
0
0
0
0
0
0
0
0
0
0
0
0
0
0
0
0
0
0
0
0
0
0
0
0
0
0
0
0
0
0
0
0
0
0
0
0
0
0
0
0
0
0
0
0
0
0
0
0
0
0
0
0
0
0
0
0
0
0
0
0
0
0
0
0
0
0
0
0
0
0
0
0
0
0
0
0
0
0
0
0
0
0
0
0
0
0
0
0
0
0
0
0
0
0
0
0
0
0
0
0
0
0
0
0
0
0
0
0
0
0
0
0
0
0
0
0
0
0
0
0
0
0
0
0
0
0
0
0
0
0
0
0
0
0
0
0
0
0
0
0
0
0
0
0
0
0
0
0
0
0
0
0
0
0
0
0
0
0
0
0
0
0
0
0
0
0
0
0
0
0
0
0
0
0
0
0
0
0
0
0
0
0
0
0
0
0
0
0
0
0
0
0
0
0
0
0
0
0
0
0
0
0
0
0
0
0
0
0
0
0
0
0
0
0
0
0
0
0
0
0
0
0
0
0
0
0
0
0
0
0
0
0
0
0
0
0
0
0
0
0
0
0
0
0
0
0
0
0
0
0
0
0
0
0
0
0
0
0
0
0
0
