0
0
0
0
0
0
0
0
0
0
0
0
0
1
0
0
0
0
0
0
0
0
0
0
0
0
0
0
0
0
1
0
0
0
0
0
0
0
0
0
0
0
0
1
0
0
0
1
0
1
1
0
0
0
0
0
0
0
1
0
1
0
0
0
0
0
1
1
0
1
0
0
1
3
3
4
3
2
8
7
13
19
11
19
11
14
30
22
30
12
25
20
14
33
24
22
29
28
27
22
24
29
40
51
85
114
143
261
302
421
550
651
724
777
826
783
900
824
850
818
809
853
886
870
910
852
910
902
902
892
932
871
925
939
944
971
899
930
929
928
961
934
947
961
930
978
939
945
1002
997
1036
1035
976
1029
1027
1023
1050
995
966
973
990
971
962
1067
1057
1039
1078
1044
1035
1034
1088
1025
1019
1013
1054
1128
1063
1104
1031
1102
1080
1066
1041
1067
1118
1073
1140
1099
1146
1026
1090
1186
1114
1090
1094
1056
1105
1172
1108
1071
1164
1086
1171
1167
1156
1129
1189
1086
1090
1131
1162
1085
1096
1124
1156
1145
1137
1135
1107
1105
1114
1145
1100
1050
1130
1110
1099
1173
1137
1105
1131
1186
1098
1150
1124
1162
1165
1119
1090
1196
1057
1124
1096
1137
1125
1131
1126
1121
1094
1144
1181
1117
1120
1156
1114
1121
1152
1119
1104
1084
1117
1110
1050
1110
1184
1123
1177
1133
1119
1043
1121
1149
1130
1147
1117
1047
1070
1130
1088
1086
1052
1123
1092
1057
1137
1095
1150
1041
1105
1106
1131
1117
1113
1060
1079
1088
1096
1098
1116
1127
1088
1083
1092
1054
1056
1085
1004
1084
1052
1087
1006
1112
1143
1142
1057
1067
1135
1079
1090
1055
1071
1075
1067
1133
1056
1081
1092
1075
1095
1080
1075
1061
1092
1013
1055
1075
1024
1056
1051
1077
989
1032
1067
1039
1051
1040
1077
1054
1003
1043
1061
1111
1044
1052
1029
1020
1058
1019
1093
1054
1063
1039
1043
1036
1030
986
1035
998
1023
963
1051
1090
1044
1010
1014
1021
973
1086
1027
1016
1009
1000
1009
1064
1024
985
1012
1051
1015
1004
1023
1008
982
988
1037
1050
1039
984
984
1024
1058
1024
1042
984
1014
1000
997
983
994
1029
992
943
1010
1010
986
971
970
996
1020
1052
991
943
955
978
986
973
987
1010
976
953
971
949
972
963
982
978
1027
1019
967
928
1002
970
982
941
937
1028
923
969
994
944
1016
906
960
979
1033
975
985
977
942
936
980
959
986
928
962
950
958
942
974
949
958
910
930
922
932
949
936
985
934
981
915
952
958
952
950
934
954
968
977
946
937
934
962
925
940
963
972
1007
951
978
981
953
952
991
923
891
885
940
918
924
945
952
905
880
941
973
931
932
923
914
880
895
892
976
959
981
928
952
964
967
953
923
930
921
978
876
934
941
936
933
947
904
882
935
944
930
916
948
915
931
963
906
988
955
930
941
950
913
938
918
948
896
922
892
964
939
948
898
938
965
881
964
858
951
974
889
891
878
956
954
908
895
893
922
919
984
915
982
942
878
862
928
890
943
874
911
955
920
905
927
930
963
982
938
914
966
922
898
887
938
922
850
918
893
851
897
918
956
905
964
906
869
927
942
932
879
947
888
952
916
948
902
949
935
969
930
950
912
931
955
946
952
930
907
908
935
919
938
920
862
889
914
929
893
882
894
926
969
955
919
919
950
901
890
922
893
901
970
903
878
926
922
858
912
873
933
874
932
941
920
932
924
885
872
937
924
864
895
901
906
936
885
923
923
900
893
901
895
826
842
854
968
895
876
876
878
892
887
892
824
885
889
904
863
899
857
836
847
839
908
855
903
881
835
808
847
847
843
821
846
844
805
848
916
868
828
868
872
795
868
820
854
804
829
810
865
833
816
853
826
823
834
829
811
825
812
827
820
778
846
801
803
728
809
798
783
772
770
809
769
770
800
756
750
798
823
755
805
761
732
781
792
732
781
754
749
737
721
750
729
817
736
666
678
756
752
753
736
800
682
753
706
712
675
704
695
722
722
707
681
671
682
713
649
687
656
677
672
606
730
640
706
630
636
572
615
651
651
669
640
583
601
608
629
633
615
616
612
641
613
629
575
601
609
580
593
591
595
632
568
567
564
600
579
587
578
609
600
566
545
613
554
548
596
568
541
610
510
583
561
560
551
564
562
543
536
542
544
513
526
580
510
549
575
516
554
524
551
514
528
535
553
543
488
546
541
529
554
532
522
562
568
543
540
534
589
552
539
538
552
508
542
544
508
547
490
534
550
540
551
560
535
520
545
593
552
519
528
602
580
496
568
597
553
593
556
568
580
571
555
556
597
586
536
573
622
586
590
624
587
591
598
601
632
649
636
628
640
692
633
662
660
656
609
651
643
655
648
688
678
723
707
727
678
706
711
687
736
707
750
695
734
730
753
742
753
764
760
761
804
790
807
825
834
785
834
789
836
859
800
838
814
857
879
881
890
851
913
901
933
882
939
901
900
911
963
958
951
964
918
979
1003
931
918
1041
1041
972
1048
1042
1038
1056
1032
1020
1110
1009
1152
1101
1075
1087
1068
1069
1046
1138
1085
1154
1185
1126
1213
1137
1200
1151
1127
1210
1207
1183
1237
1186
1223
1196
1275
1257
1237
1229
1314
1261
1195
1331
1324
1217
1385
1273
1248
1301
1242
1409
1281
1330
1400
1368
1346
1423
1416
1363
1396
1360
1363
1447
1399
1396
1416
1442
1411
1462
1454
1458
1478
1460
1441
1392
1462
1477
1540
1469
1507
1438
1494
1526
1530
1394
1426
1456
1482
1488
1499
1524
1579
1499
1510
1544
1545
1568
1532
1454
1525
1580
1577
1562
1583
1506
1526
1522
1598
1569
1558
1544
1578
1539
1538
1601
1534
1564
1536
1535
1567
1561
1457
1580
1550
1579
1564
1574
1553
1576
1633
1520
1516
1581
1517
1604
1587
1554
1501
1503
1537
1610
1478
1500
1580
1559
1536
1566
1570
1490
1487
1501
1552
1506
1516
1500
1505
1472
1467
1501
1454
1497
1452
1541
1487
1452
1487
1506
1443
1542
1460
1507
1407
1409
1403
1419
1375
1359
1419
1371
1423
1380
1360
1410
1339
1389
1359
1399
1317
1357
1382
1337
1332
1301
1363
1248
1289
1351
1355
1298
1253
1319
1273
1255
1256
1231
1248
1242
1275
1255
1237
1220
1250
1192
1209
1230
1180
1165
1144
1180
1192
1173
1142
1189
1165
1194
1125
1131
1163
1108
1137
1169
1155
1094
1108
1112
1095
1094
1100
1018
1070
1084
1066
1102
1031
1014
1017
1040
1050
1024
1046
965
969
1049
969
954
980
957
1023
974
956
1016
921
936
937
882
939
957
928
882
875
941
816
874
847
847
906
870
863
856
865
843
823
849
804
836
797
846
849
794
770
779
813
807
812
779
786
767
750
732
751
730
743
747
719
726
766
759
722
721
675
731
756
733
710
711
702
654
719
643
692
665
658
684
642
644
639
669
605
642
640
640
603
605
607
623
635
593
596
626
610
631
598
596
575
553
608
622
591
626
574
577
586
557
524
585
582
595
566
553
569
532
595
544
525
557
525
524
482
526
508
537
509
497
511
492
478
496
503
458
439
502
492
476
519
509
469
482
455
515
434
461
465
426
452
482
426
456
457
421
438
448
433
444
447
486
414
438
417
446
423
418
447
426
435
395
397
431
396
412
467
422
411
431
399
414
394
389
402
400
396
394
400
379
376
390
378
389
377
410
391
369
397
363
366
404
355
351
361
368
363
345
382
367
353
352
355
351
378
368
358
335
357
361
370
338
314
335
327
335
350
352
344
363
343
319
338
322
325
345
361
322
318
296
337
306
304
332
330
321
283
337
313
325
324
303
334
324
313
317
305
294
303
285
311
293
299
313
272
298
307
258
303
285
293
310
285
328
302
282
280
282
296
282
268
308
288
293
266
267
263
258
273
260
285
263
279
278
269
263
290
271
260
262
279
262
264
241
264
280
240
243
233
255
266
261
240
248
271
272
256
258
232
249
272
254
261
262
252
231
253
244
246
242
218
245
244
247
233
253
223
228
257
223
258
217
246
226
243
244
243
234
228
232
207
232
208
243
216
202
218
225
215
235
232
215
213
215
203
214
221
210
219
206
205
205
206
201
198
196
202
220
195
210
228
224
224
215
199
200
183
210
192
215
198
187
173
218
193
193
179
161
169
205
189
199
212
181
192
189
218
200
196
192
225
191
196
187
182
187
193
208
174
187
157
187
185
162
174
184
190
175
192
177
160
155
186
175
178
194
181
157
170
175
144
179
156
169
162
176
157
177
186
161
136
175
144
158
147
155
171
159
169
166
163
128
168
157
147
155
159
136
146
130
141
157
140
128
163
146
136
127
151
134
151
130
134
154
115
144
122
143
128
142
123
135
121
111
121
136
154
130
131
119
124
112
118
111
133
126
132
121
149
133
135
133
122
141
125
98
145
117
125
107
104
138
125
106
114
126
113
121
125
122
102
113
119
110
116
108
120
119
113
107
103
92
89
103
114
95
109
113
95
81
102
114
121
98
108
113
103
94
86
109
94
88
94
110
109
96
107
99
89
95
82
75
92
88
85
102
92
100
78
101
82
88
86
106
81
97
91
94
66
78
93
99
70
76
80
95
76
75
93
71
80
86
80
76
76
79
79
73
67
92
77
71
72
56
81
67
76
74
79
76
83
62
73
75
62
63
59
90
64
95
68
59
78
74
61
46
56
63
65
82
60
67
70
74
56
65
61
61
56
49
61
69
47
68
54
63
55
56
62
51
52
52
51
56
72
53
58
57
51
51
47
55
52
42
51
39
50
46
49
61
47
50
53
50
40
41
47
54
45
62
50
44
34
61
45
46
33
34
45
49
32
47
57
50
45
44
40
48
36
39
29
41
43
40
42
39
37
56
44
44
41
41
53
43
44
41
38
36
40
25
40
35
38
36
40
34
29
36
42
35
20
28
30
31
23
34
26
31
33
28
28
34
38
27
26
29
34
31
47
27
29
27
29
26
38
27
30
25
25
32
26
33
20
23
23
23
23
20
24
28
31
42
17
23
26
25
22
26
28
25
22
16
18
30
28
24
22
26
16
18
14
27
26
28
30
15
25
19
18
25
16
19
22
21
23
23
20
23
20
19
15
23
16
15
17
27
22
18
15
22
20
21
25
14
20
24
17
19
23
29
14
21
17
18
16
13
13
11
20
13
19
16
21
15
16
17
11
7
19
17
20
20
9
9
17
20
14
19
13
14
17
16
19
17
10
10
13
18
13
18
17
13
15
16
13
17
19
20
12
15
20
12
10
11
9
14
14
15
13
10
10
15
21
16
11
9
8
13
13
12
11
6
10
12
18
16
17
19
13
11
13
18
19
12
13
10
9
13
13
13
12
7
16
10
12
14
14
9
7
9
10
10
9
15
11
10
11
7
12
9
14
17
10
10
6
6
8
7
6
9
5
15
9
10
5
13
18
14
8
10
11
6
8
6
8
8
4
10
6
10
7
13
1
12
6
9
4
3
11
8
5
8
8
8
4
4
7
4
10
7
4
10
4
9
7
6
15
5
7
9
11
5
5
11
11
14
4
5
5
7
11
7
7
7
6
6
12
7
6
8
4
8
7
4
3
7
7
3
4
11
14
8
5
6
7
3
4
8
7
6
8
11
3
2
3
5
4
5
4
7
5
4
2
3
8
4
4
3
2
4
5
5
10
5
3
4
6
6
4
2
7
4
3
3
7
5
8
5
4
2
7
3
0
6
0
1
9
4
3
2
0
4
5
3
8
3
2
3
3
5
5
4
2
3
4
2
0
2
3
3
3
1
3
2
5
1
3
3
3
3
2
3
5
2
6
3
5
3
2
0
1
2
1
5
6
2
1
0
2
0
2
1
2
5
1
1
0
2
2
1
3
2
2
3
1
0
3
2
2
1
1
0
2
0
2
2
3
0
2
2
1
1
0
0
0
2
2
2
1
4
0
2
1
2
3
0
1
1
4
2
3
2
3
0
2
3
1
1
1
1
1
1
1
3
1
1
3
1
1
0
2
3
1
1
0
2
0
0
1
1
4
0
1
0
1
2
0
2
0
0
0
0
1
1
3
0
0
0
2
1
1
1
2
0
1
1
2
2
0
1
1
1
2
0
1
1
0
0
1
0
2
2
1
0
0
2
0
0
2
0
2
1
3
0
0
0
0
2
0
0
1
0
1
2
0
0
2
0
0
0
1
0
0
0
0
0
1
2
0
0
2
1
0
0
1
2
0
1
3
0
0
0
0
0
1
1
0
0
0
1
2
1
0
1
3
1
1
0
0
0
1
0
0
1
1
0
1
0
0
0
0
0
0
0
0
2
2
0
0
0
0
2
0
1
0
4
1
0
0
1
0
0
1
0
0
0
0
0
1
1
0
0
2
2
0
0
1
0
0
0
1
1
1
0
1
3
0
0
0
1
0
1
1
2
1
0
0
0
1
0
0
2
0
0
0
1
0
1
1
0
0
0
1
1
0
0
0
2
1
0
0
0
0
1
0
0
0
0
0
1
1
1
0
0
1
0
0
0
0
2
0
1
0
0
0
1
0
1
0
0
0
0
2
0
1
0
0
0
1
1
0
0
0
1
0
0
1
0
0
0
2
0
0
0
0
0
0
1
0
1
1
0
2
0
0
0
0
0
0
2
0
0
0
0
0
0
0
0
0
0
0
1
0
0
0
0
2
0
1
0
0
0
0
1
0
0
0
0
1
0
0
0
0
0
0
0
1
0
0
1
0
0
0
0
0
0
0
0
0
0
1
0
0
0
0
0
0
0
0
1
0
0
0
0
0
0
0
0
0
0
0
0
0
0
0
1
0
0
0
0
0
0
0
0
1
0
0
0
0
0
0
0
1
0
0
0
0
0
0
1
0
0
0
0
0
0
0
0
1
0
0
0
0
0
0
0
0
0
0
0
0
0
0
0
0
0
0
0
0
0
0
0
0
0
0
0
0
0
0
0
0
0
0
0
0
1
0
0
0
0
0
0
0
0
0
0
0
0
0
1
0
0
0
0
0
0
0
0
0
1
0
0
0
0
0
1
0
0
0
0
0
1
0
0
0
0
0
0
0
0
0
1
0
0
0
0
0
0
1
0
0
0
0
0
0
0
0
0
0
0
0
1
0
0
0
1
0
0
0
0
0
0
0
0
0
0
0
0
0
0
0
0
1
0
0
0
0
0
0
0
0
0
0
0
0
0
0
0
0
0
0
1
0
0
0
0
0
0
0
0
0
0
0
0
0
0
0
0
0
0
0
0
0
0
0
0
0
0
0
0
0
0
1
0
0
0
0
0
0
0
0
0
0
0
0
0
0
0
0
0
0
0
0
0
0
0
0
0
0
0
0
0
0
0
0
0
0
0
0
0
0
0
0
0
0
0
0
0
0
0
0
0
0
1
0
0
0
0
1
0
0
0
1
0
0
0
0
0
0
0
0
0
1
0
0
0
0
0
0
0
0
0
0
0
0
0
0
0
0
0
0
0
0
0
0
0
0
0
0
0
0
0
0
0
0
0
0
0
0
0
0
0
0
0
0
0
0
0
0
0
0
0
0
0
0
0
0
0
0
0
0
0
0
0
0
0
0
0
0
0
0
0
0
0
0
0
0
0
0
0
0
0
0
0
0
0
0
0
0
0
0
0
0
0
0
0
0
0
0
0
0
0
0
0
0
0
0
0
0
0
0
0
0
0
0
0
0
0
0
0
0
0
0
0
0
0
0
0
0
0
0
0
0
0
0
0
0
0
0
0
0
0
0
0
0
0
0
0
0
0
0
0
0
0
0
0
0
0
0
0
0
0
0
0
0
0
0
0
0
0
0
0
0
0
0
0
0
0
0
0
0
0
0
0
0
0
0
0
0
0
0
0
0
0
0
0
0
0
0
0
0
0
0
0
0
0
0
0
0
0
0
0
0
0
0
0
0
0
0
0
0
0
0
0
0
0
0
0
0
0
0
0
0
0
0
0
0
0
0
0
0
0
0
0
0
0
0
0
0
0
0
0
0
0
0
0
0
0
0
0
0
0
0
0
0
0
0
0
0
1
0
0
0
0
0
0
0
0
0
0
0
0
0
0
0
0
0
0
0
0
0
1
0
0
0
0
0
0
0
0
0
0
0
0
0
0
0
0
0
1
0
1
0
0
0
0
0
0
0
0
0
2
0
0
0
0
0
0
0
0
0
0
0
0
0
0
0
0
0
0
0
0
0
0
0
0
0
0
0
0
0
0
0
0
0
0
0
0
0
0
0
0
0
0
0
0
0
0
0
0
0
0
0
0
0
0
0
0
0
0
0
0
0
0
0
0
0
0
0
0
0
0
0
0
0
0
0
0
0
0
0
0
0
0
0
0
0
0
0
0
0
0
0
0
0
0
0
0
0
0
0
0
0
0
0
0
0
0
0
0
0
0
0
0
0
0
0
0
0
0
0
0
0
0
0
0
0
0
0
0
0
0
0
0
0
0
0
0
0
0
0
0
0
0
0
0
0
0
0
0
0
0
0
0
0
0
0
0
0
0
0
0
0
0
0
0
0
0
0
0
0
0
0
0
0
0
0
0
0
0
0
0
0
0
0
0
0
0
0
0
0
0
0
0
0
0
0
0
0
0
0
0
0
0
0
0
0
0
0
0
0
0
0
0
0
0
0
0
0
0
0
0
0
0
0
0
0
0
0
0
0
0
0
0
0
0
0
0
0
0
0
0
0
0
0
0
0
0
0
0
0
0
0
0
0
0
0
0
0
0
0
0
0
0
0
0
0
0
0
0
0
0
0
0
0
0
0
0
0
0
0
0
0
0
0
0
0
0
0
0
0
0
0
0
0
0
0
0
0
0
0
0
0
0
0
0
0
0
0
0
0
0
0
0
0
0
0
0
0
0
0
0
0
0
0
0
0
0
0
0
0
0
0
0
0
0
0
0
0
0
0
0
0
0
0
0
0
0
0
0
0
0
0
0
0
0
0
0
0
0
0
0
0
0
0
0
0
0
0
0
0
0
0
0
0
0
0
0
0
0
0
0
0
0
0
0
0
0
0
0
0
0
0
0
0
0
0
0
0
0
0
0
0
0
0
0
0
0
0
0
0
0
0
0
0
0
0
0
0
0
0
0
0
0
0
0
0
0
0
0
0
0
0
0
0
0
0
0
0
0
0
0
0
0
0
0
0
0
0
0
0
0
0
0
0
0
0
0
0
0
0
0
0
0
0
0
0
0
0
0
0
0
0
0
0
0
0
0
0
0
0
0
0
0
0
0
0
0
0
0
0
0
0
0
0
0
0
0
0
0
0
0
0
0
0
0
0
0
0
0
0
0
0
0
0
0
0
0
0
0
0
0
0
0
0
0
0
0
0
0
0
0
0
0
0
0
0
0
0
0
0
0
0
0
0
0
0
0
0
0
0
0
0
0
0
0
0
0
0
0
0
0
0
0
0
0
0
0
0
0
0
0
0
0
0
0
0
0
0
0
0
0
0
0
0
0
0
0
0
0
0
0
0
0
0
0
0
0
0
0
0
0
0
0
0
0
0
0
0
0
0
0
0
0
0
0
0
0
0
0
0
0
0
0
0
0
0
0
0
0
0
0
0
0
0
0
0
0
0
0
0
0
0
0
0
0
0
0
0
0
0
0
0
0
0
0
0
0
0
0
0
0
0
0
0
0
0
0
0
0
0
0
0
0
0
0
0
0
0
0
0
0
0
0
0
0
0
0
0
0
0
0
0
0
0
0
0
0
0
0
0
0
0
0
0
0
0
0
0
0
0
0
0
0
0
0
0
0
0
0
0
0
0
0
0
0
0
0
0
0
0
0
0
0
0
0
0
0
0
0
0
0
0
0
0
0
0
0
0
0
0
0
0
0
0
0
0
0
0
0
0
0
0
0
0
0
0
0
0
0
0
0
0
0
0
0
0
0
0
0
0
0
0
0
0
0
0
0
0
0
0
0
0
0
0
0
0
0
0
0
0
0
0
0
0
0
0
0
0
0
0
0
0
0
0
0
0
0
0
0
0
0
0
0
0
0
0
0
0
0
0
0
0
0
0
0
0
0
0
0
0
0
0
0
0
0
0
0
0
0
0
0
0
0
0
0
0
0
0
0
0
0
0
0
0
0
0
0
0
0
0
0
0
0
0
0
0
0
0
0
0
0
0
0
0
0
0
0
0
0
0
0
0
0
0
0
0
0
0
0
0
0
0
0
0
0
0
0
0
0
0
0
0
0
0
0
0
0
0
0
0
0
0
0
0
0
0
0
0
0
0
0
0
0
0
0
0
0
0
0
0
0
0
0
0
0
0
0
0
0
0
0
0
0
0
0
0
0
0
0
0
0
0
0
0
0
0
0
0
0
0
0
0
0
0
0
0
0
0
0
0
0
0
0
0
0
0
0
0
0
0
0
0
0
0
0
0
0
0
0
0
0
0
0
0
0
0
0
0
0
0
0
0
0
0
0
0
0
0
0
0
0
0
0
0
0
0
0
0
0
0
0
0
0
0
0
0
0
0
0
0
0
0
0
0
0
0
0
0
0
0
0
0
0
0
0
0
0
0
0
0
0
0
0
0
0
0
0
0
0
0
0
0
0
0
0
0
0
0
0
0
0
0
0
0
0
0
0
0
0
0
0
0
0
0
0
0
0
0
0
0
0
0
0
0
0
0
0
0
0
0
0
0
0
0
0
0
0
0
0
0
0
0
0
0
0
0
0
0
0
0
0
0
0
0
0
0
0
0
0
0
0
0
0
0
0
0
0
0
0
0
0
0
0
0
0
0
0
0
0
0
0
0
0
0
0
0
0
0
0
0
0
0
0
0
0
0
0
0
0
0
0
0
0
0
0
0
0
0
0
0
0
0
0
0
0
0
0
0
0
0
0
0
0
0
0
0
0
0
0
0
0
0
0
0
0
0
0
0
0
0
0
0
0
0
0
0
0
0
0
0
0
0
0
0
0
0
0
0
0
0
0
0
0
0
0
0
0
0
0
0
0
0
0
0
0
0
0
0
0
0
0
0
0
0
0
0
0
0
0
0
0
0
0
0
0
0
0
0
0
0
0
0
0
0
0
0
0
0
0
0
0
0
0
0
0
0
0
0
0
0
0
0
0
0
0
0
0
0
0
0
0
0
0
0
0
0
0
0
0
0
0
0
0
0
0
0
0
0
0
0
0
0
0
0
0
0
0
0
0
0
0
0
0
0
0
0
0
0
0
0
0
0
0
0
0
0
0
0
0
0
0
0
0
0
0
0
0
0
0
0
0
0
0
0
0
0
0
0
0
0
0
0
0
0
0
0
0
0
0
0
0
0
0
0
0
0
0
0
0
0
0
0
0
0
0
0
0
0
0
0
0
0
0
0
0
0
0
0
0
0
0
0
0
0
0
0
0
0
0
0
0
0
0
0
0
0
0
0
0
0
0
0
0
0
0
0
0
0
0
0
0
0
0
0
0
0
0
0
0
0
0
0
0
0
0
0
0
0
0
0
0
0
0
0
0
0
0
0
0
0
0
0
0
0
0
0
0
0
0
0
0
0
0
0
0
0
0
0
0
0
0
0
0
0
0
0
0
0
0
0
0
0
0
0
0
0
0
0
0
0
0
0
0
0
0
0
0
0
0
0
0
0
0
0
0
0
0
0
0
0
0
0
0
0
0
0
0
0
0
0
0
0
0
0
0
0
0
0
0
0
0
0
0
0
0
0
0
0
0
0
0
0
0
0
0
0
0
0
0
0
0
0
0
0
0
0
0
0
0
0
0
0
0
0
0
0
0
0
0
0
0
0
0
0
0
0
0
0
0
0
0
0
0
0
0
0
0
0
0
0
0
0
0
0
0
0
0
0
0
0
0
0
0
0
0
0
0
0
0
0
0
0
0
0
0
0
0
0
0
0
0
0
0
0
0
0
0
0
0
0
0
0
0
0
0
0
0
0
0
0
0
0
0
0
0
0
0
0
0
0
0
0
0
0
0
0
0
0
0
0
0
0
0
0
0
0
0
0
0
0
0
0
0
0
0
0
0
0
0
0
0
0
0
0
0
0
0
0
0
0
0
0
0
0
0
0
0
0
0
0
0
0
0
0
0
0
0
0
0
0
0
0
0
0
0
0
0
0
0
0
0
0
0
0
0
0
0
0
0
0
0
0
0
0
0
0
0
0
0
0
0
0
0
0
0
0
0
0
0
0
0
0
0
0
0
0
0
0
0
0
0
0
0
0
0
0
0
0
0
0
0
0
0
0
0
0
0
0
0
0
0
0
0
0
0
0
0
0
0
0
0
0
0
0
0
0
0
0
0
0
0
0
0
0
0
0
0
0
0
0
0
0
0
0
0
0
0
0
0
0
0
0
0
0
0
0
0
0
0
0
0
0
0
0
0
0
0
0
0
0
0
0
0
0
0
0
0
0
0
0
0
0
0
0
0
0
0
0
0
0
0
0
0
0
0
0
0
0
0
0
0
0
0
0
0
0
0
0
0
0
0
0
0
0
0
0
0
0
0
0
0
0
0
0
0
0
0
0
0
0
0
0
0
0
0
0
0
0
0
0
0
0
0
0
0
0
0
0
0
0
0
0
0
0
0
0
0
0
0
0
0
0
0
0
0
0
0
0
0
0
0
0
0
0
0
0
0
0
0
0
0
0
0
0
0
0
0
0
0
0
0
0
0
0
0
0
0
0
0
0
0
0
0
0
0
0
0
0
0
0
0
0
0
0
0
0
0
0
0
0
0
0
0
0
0
0
0
0
0
0
0
0
0
0
0
0
0
0
0
0
0
0
0
0
0
0
0
0
0
0
0
0
0
0
0
0
0
0
0
0
0
0
0
0
0
0
0
0
0
0
0
0
0
0
0
0
0
0
0
0
0
0
0
0
0
0
0
0
0
0
0
0
0
0
0
0
0
0
0
0
0
0
0
0
0
0
0
0
0
0
0
0
0
0
0
0
0
0
0
0
0
0
0
0
0
0
0
0
0
0
0
0
0
0
0
0
0
0
0
0
0
0
0
0
0
0
0
0
0
0
0
0
0
0
0
0
0
0
0
0
0
0
0
0
0
0
0
0
0
0
0
0
0
0
0
0
0
0
0
0
0
0
0
0
0
0
0
0
0
0
0
0
0
0
0
0
0
0
0
0
0
0
0
0
0
0
0
0
0
0
0
0
0
0
0
0
0
0
0
0
0
0
0
0
0
0
0
0
0
0
0
0
0
0
0
0
0
0
0
0
0
0
0
0
0
0
0
0
0
0
0
0
0
0
0
0
0
0
0
0
0
0
0
0
0
0
0
0
0
0
0
0
0
0
0
0
0
0
0
0
0
0
0
0
0
0
0
0
0
0
0
0
0
0
0
0
0
0
0
0
0
0
0
0
0
0
0
0
0
0
0
0
0
0
0
0
0
0
0
0
0
0
0
0
0
0
0
0
0
0
0
0
0
0
0
0
0
0
0
0
0
0
0
0
0
0
0
0
0
0
0
0
0
0
0
0
0
0
0
0
0
0
0
0
0
0
0
0
0
0
0
0
0
0
0
0
0
0
0
0
0
0
0
0
0
0
0
0
0
0
0
0
0
0
0
0
0
0
0
0
0
0
0
0
0
0
0
0
0
0
0
0
0
0
0
0
0
0
0
0
0
0
0
0
0
0
0
0
0
0
0
0
0
0
0
0
0
0
0
0
0
0
0
0
0
0
0
0
0
0
0
0
0
0
0
0
0
0
0
0
0
0
0
0
0
0
0
0
0
0
0
0
0
0
0
0
0
0
0
0
0
0
0
0
0
0
0
0
0
0
0
0
0
0
0
0
0
0
0
0
0
0
0
0
0
0
0
0
0
0
0
0
0
0
0
0
0
0
0
0
0
0
0
0
0
0
0
0
0
0
0
0
0
0
0
0
0
0
0
0
0
0
0
0
0
0
0
0
0
0
0
0
0
0
0
0
0
0
0
0
0
0
0
0
0
0
0
0
0
0
0
0
0
0
0
0
0
0
0
0
0
0
0
0
0
0
0
0
0
0
0
0
0
0
0
0
0
0
0
0
0
0
0
0
0
0
0
0
0
0
0
0
0
0
0
0
0
0
0
0
0
0
0
0
0
0
0
0
0
0
0
0
0
0
0
0
0
0
0
0
0
0
0
0
0
0
0
0
0
0
0
0
0
0
0
0
0
0
0
0
0
0
0
0
0
0
0
0
0
0
0
0
0
0
0
0
0
0
0
0
0
0
0
0
0
0
0
0
0
0
0
0
0
0
0
0
0
0
0
0
0
0
0
0
0
0
0
0
0
0
0
0
0
0
0
0
0
0
0
0
0
0
0
0
0
0
0
0
0
0
0
0
0
0
0
0
0
0
0
0
0
0
0
0
0
0
0
0
0
0
0
0
0
0
0
0
0
0
0
0
0
0
0
0
0
0
0
0
0
0
0
0
0
0
0
0
0
0
0
0
0
0
0
0
0
0
0
0
0
0
0
0
0
0
0
0
0
0
0
0
0
0
0
0
0
0
0
0
0
0
0
0
0
0
0
0
0
0
0
0
0
0
0
0
0
0
0
0
0
0
0
0
0
0
0
0
0
0
0
0
0
0
0
0
0
0
0
0
0
0
0
0
0
0
0
0
0
0
0
0
0
0
0
0
0
0
0
0
0
0
0
0
0
0
0
0
0
0
0
0
0
0
0
0
0
0
0
0
0
0
0
0
0
0
0
0
0
0
0
0
0
0
0
0
0
0
0
0
0
0
0
0
0
0
0
0
0
0
0
0
0
0
0
0
0
0
0
0
0
0
0
0
0
0
0
0
0
0
0
0
0
0
0
0
0
0
0
0
0
0
0
0
0
0
0
0
0
0
0
0
0
0
0
0
0
0
0
0
0
0
0
0
0
0
0
0
0
0
0
0
0
0
0
0
0
0
0
0
0
0
0
0
0
0
0
0
0
0
0
0
0
0
0
0
0
0
0
0
0
0
0
0
0
0
0
0
0
0
0
0
0
0
0
0
0
0
0
0
0
0
0
0
0
0
0
0
0
0
0
0
0
0
0
0
0
0
0
0
0
0
0
0
0
0
0
0
0
0
0
0
0
0
0
0
0
0
0
0
0
0
0
0
0
0
0
0
0
0
0
0
0
0
0
0
0
0
0
0
0
0
0
0
0
0
0
0
0
0
0
0
0
0
0
0
0
0
0
0
0
0
0
0
0
0
0
0
0
0
0
0
0
0
0
0
0
0
0
0
0
0
0
0
0
0
0
0
0
0
0
0
0
0
0
0
0
0
0
0
0
0
0
0
0
0
0
0
0
0
0
0
0
0
0
0
0
0
0
0
0
0
0
0
0
0
0
0
0
0
0
0
0
0
0
0
0
0
0
0
0
0
0
0
0
0
0
0
0
0
0
0
0
0
0
0
0
0
0
0
0
0
0
0
0
0
0
0
0
0
0
0
0
0
0
0
0
0
0
0
0
0
0
0
0
0
0
0
0
0
0
0
0
0
0
0
0
0
0
0
0
0
0
0
0
0
0
0
0
0
0
0
0
0
0
0
0
0
0
0
0
0
0
0
0
0
0
0
0
0
0
0
0
0
0
0
0
0
0
0
0
0
0
0
0
0
0
0
0
0
0
0
0
0
0
0
0
0
0
0
0
0
0
0
0
0
0
0
0
0
0
0
0
0
0
0
0
0
0
0
0
0
0
0
0
0
0
0
0
0
0
0
0
0
0
0
0
0
0
0
0
0
0
0
0
0
0
0
0
0
0
0
0
0
0
0
0
0
0
0
0
0
0
0
0
0
0
0
0
0
0
0
0
0
0
0
0
0
0
0
0
0
0
0
0
0
0
0
0
0
0
0
0
0
0
0
0
0
0
0
0
0
0
0
0
0
0
0
0
0
0
0
0
0
0
0
0
0
0
0
0
0
0
0
0
0
0
0
0
0
0
0
0
0
0
0
0
0
0
0
0
0
0
0
0
0
0
0
0
0
0
0
0
0
0
0
0
0
0
0
0
0
0
0
0
0
0
0
0
0
0
0
0
0
0
0
0
0
0
0
0
0
0
0
0
0
0
0
0
0
0
0
0
0
0
0
0
0
0
0
0
0
0
0
0
0
0
0
0
0
0
0
0
0
0
0
0
0
0
0
0
0
0
0
0
0
0
0
0
0
0
0
0
0
0
0
0
0
0
0
0
0
0
0
0
0
0
0
0
0
0
0
0
0
0
0
0
0
0
0
0
0
0
0
0
0
0
0
0
0
0
0
0
0
0
0
0
0
0
0
0
0
0
0
0
0
0
0
0
0
0
0
0
0
0
0
0
0
0
0
0
0
0
0
0
0
0
0
0
0
0
0
0
0
0
0
0
0
0
0
0
0
0
0
0
0
0
0
0
0
0
0
0
0
0
0
0
0
0
0
0
0
0
0
0
0
0
0
0
0
0
0
0
0
0
0
0
0
0
0
0
0
0
0
0
0
0
0
0
0
0
0
0
0
0
0
0
0
0
0
0
0
0
0
0
0
0
0
0
0
0
0
0
0
0
0
0
0
0
0
0
0
0
0
0
0
0
0
0
0
0
0
0
0
0
0
0
0
0
0
0
0
0
0
0
0
0
0
0
0
0
0
0
0
0
0
0
0
0
0
0
0
0
0
0
0
0
0
0
0
0
0
0
0
0
0
0
0
0
0
0
0
0
0
0
0
0
0
0
0
0
0
0
0
0
0
0
0
0
0
0
0
0
0
0
0
0
0
0
0
0
0
0
0
0
0
0
0
0
0
0
0
0
0
0
0
0
0
0
0
0
0
0
0
0
0
0
0
0
0
0
0
0
0
0
0
0
0
0
0
0
0
0
0
0
0
0
0
0
0
0
0
0
0
0
0
0
0
0
0
0
0
0
0
0
0
0
0
0
0
0
0
0
0
0
0
0
0
0
0
0
0
0
0
0
0
0
0
0
0
0
0
0
0
0
0
0
0
0
0
0
0
0
0
0
0
0
0
0
0
0
0
0
0
0
0
0
0
0
0
0
0
0
0
0
0
0
0
0
0
0
0
0
0
0
0
0
0
0
0
0
0
0
0
0
0
0
0
0
0
0
0
0
0
0
0
0
0
0
0
0
0
0
0
0
0
0
0
0
0
0
0
0
0
0
0
0
0
0
0
0
0
0
0
0
0
0
0
0
0
0
0
0
0
0
0
0
0
0
0
0
0
0
0
0
0
0
0
0
0
0
0
0
0
0
0
0
0
0
0
0
0
0
0
0
0
0
0
0
0
0
0
0
0
0
0
0
0
0
0
0
0
0
0
0
0
0
0
0
0
0
0
0
0
0
0
0
0
0
0
0
0
0
0
0
0
0
0
0
0
0
0
0
0
0
0
0
0
0
0
0
0
0
0
0
0
0
0
0
0
0
0
0
0
0
0
0
0
0
0
0
0
0
0
0
0
0
0
0
0
0
0
0
0
0
0
0
0
0
0
0
0
0
0
0
0
0
0
0
0
0
0
0
0
0
0
0
0
0
0
0
0
0
0
0
0
0
0
0
0
0
0
0
0
0
0
0
0
0
0
0
0
0
0
0
0
0
0
0
0
0
0
0
0
0
0
0
0
0
0
0
0
0
0
0
0
0
0
0
0
0
0
0
0
0
0
0
0
0
0
0
0
0
0
0
0
0
0
0
0
0
0
0
0
0
0
0
0
0
0
0
0
0
0
0
0
0
0
0
0
0
0
0
0
0
0
0
0
0
0
0
0
0
0
0
0
0
0
0
0
0
0
0
0
0
0
0
0
0
0
0
0
0
0
0
0
0
0
0
0
0
0
0
0
0
0
0
0
0
0
0
0
0
0
0
0
0
0
0
0
0
0
0
0
0
0
0
0
0
0
0
0
0
0
0
0
0
0
0
0
0
0
0
0
0
0
0
0
0
0
0
0
0
0
0
0
0
0
0
0
0
0
0
0
0
0
0
0
0
0
0
0
0
0
0
0
0
0
0
0
0
0
0
0
0
0
0
0
0
0
0
0
0
0
0
0
0
0
0
0
0
0
0
0
0
0
0
0
0
0
0
0
0
0
0
0
0
0
0
0
0
0
0
0
0
0
0
0
0
0
0
0
0
0
0
0
0
0
0
0
0
0
0
0
0
0
0
0
0
0
0
0
0
0
0
0
0
0
0
0
0
0
0
0
0
0
0
0
0
0
0
0
0
0
0
0
0
0
0
0
0
0
0
0
0
0
0
0
0
0
0
0
0
0
0
0
0
0
0
0
0
0
0
0
0
0
0
0
0
0
0
0
0
0
0
0
0
0
0
0
0
0
0
0
0
0
0
0
0
0
0
0
0
0
0
0
0
0
0
0
0
0
0
0
0
0
0
0
0
0
0
0
0
0
0
0
0
0
0
0
0
0
0
0
0
0
0
0
0
0
0
0
0
0
0
0
0
0
0
0
0
0
0
0
0
0
0
0
0
0
0
0
0
0
0
0
0
0
0
0
0
0
0
0
0
0
0
0
0
0
0
0
0
0
0
0
0
0
0
0
0
0
0
0
0
0
0
0
0
0
0
0
0
0
0
0
0
0
0
0
0
0
0
0
0
0
0
0
0
0
0
0
0
0
0
0
0
0
