0
0
0
0
0
0
0
0
0
0
0
0
0
0
0
0
0
0
0
0
0
0
0
0
0
0
0
0
0
0
0
0
0
0
0
0
0
0
0
0
0
0
0
0
0
0
0
0
0
0
0
1
0
0
0
0
0
0
0
0
0
0
0
0
0
0
0
0
1
2
0
0
1
2
0
0
1
0
1
3
1
1
3
1
1
1
1
2
3
2
0
1
1
1
6
13
45
63
107
144
156
140
149
172
153
159
157
160
156
169
157
168
169
184
146
174
165
176
156
161
169
192
203
168
184
177
190
187
146
187
177
193
172
177
178
209
176
181
208
179
183
193
190
207
199
185
202
182
193
202
205
194
179
228
195
204
186
215
180
176
236
189
192
198
197
199
214
205
205
215
212
220
210
203
214
184
195
235
194
244
198
197
224
226
205
227
226
244
222
244
240
237
202
238
193
203
207
229
215
240
240
241
240
234
228
202
267
236
230
240
249
251
246
254
237
231
216
244
253
228
245
247
250
254
257
268
252
248
253
257
233
271
264
271
264
259
276
256
238
251
276
288
247
266
257
273
295
276
274
292
277
281
315
268
302
306
289
294
295
271
264
268
276
295
278
310
296
265
276
260
285
297
338
296
283
281
304
290
283
301
275
304
302
268
310
302
303
300
321
288
316
264
277
273
308
314
302
291
322
316
316
285
311
310
276
301
324
321
304
313
336
289
311
308
326
307
338
295
284
309
284
343
305
305
327
303
326
335
340
299
301
311
317
296
314
290
329
330
317
296
332
337
328
321
297
316
338
323
306
309
312
334
284
304
306
293
313
287
351
315
304
291
300
313
303
310
288
338
336
317
279
286
310
267
306
321
326
317
286
316
298
305
309
288
291
304
288
324
305
276
245
277
317
275
296
320
321
299
284
263
276
291
276
282
290
275
275
318
274
282
317
304
257
297
305
302
286
287
284
285
287
291
303
274
287
316
298
257
304
287
281
284
278
322
278
283
281
275
293
307
277
302
291
285
288
260
252
284
257
289
268
244
235
284
271
284
288
279
304
247
267
263
286
291
270
260
284
282
264
293
248
258
290
268
279
269
277
275
267
259
266
282
276
239
271
278
305
256
263
258
267
248
264
276
257
216
262
259
273
231
232
246
235
275
253
247
230
275
241
252
261
249
231
242
257
246
240
259
223
240
234
265
248
240
239
247
255
245
212
240
236
248
247
238
228
203
250
248
231
253
230
233
264
247
266
204
228
236
251
264
223
225
221
227
254
239
237
212
240
235
247
227
225
243
254
225
254
243
253
260
231
220
235
228
198
243
224
212
214
229
223
225
243
242
249
224
214
213
224
235
213
207
224
207
232
236
212
219
237
215
250
223
221
223
238
216
232
232
227
194
229
221
225
222
237
224
205
189
229
202
212
214
256
207
223
207
208
232
227
219
217
216
220
212
211
229
222
219
209
217
246
194
215
226
248
229
214
220
195
206
258
189
206
211
220
216
235
199
196
199
222
205
177
200
200
234
200
220
195
216
190
206
205
207
213
231
203
206
179
203
194
217
226
199
177
188
181
215
202
202
188
185
193
201
209
192
215
181
197
195
201
202
192
196
174
187
207
205
208
176
203
177
187
212
182
198
202
178
186
197
192
197
174
200
197
177
202
186
184
174
183
183
198
177
172
188
161
184
184
170
186
161
153
166
172
184
177
165
182
171
175
147
158
161
195
196
193
197
197
163
162
179
138
159
167
164
164
169
159
187
138
167
164
169
172
151
175
154
144
150
156
153
144
168
147
162
142
163
139
153
154
130
150
137
137
150
133
129
168
164
151
156
130
137
156
170
135
149
139
138
150
154
150
144
131
149
158
141
143
133
132
134
122
143
120
145
121
116
124
139
132
134
130
140
152
121
158
114
133
140
131
127
128
120
125
123
147
120
127
120
110
139
103
106
128
116
118
139
125
118
113
149
128
113
120
83
134
115
117
120
126
128
130
120
118
106
103
104
120
91
145
132
113
108
104
127
124
127
119
110
107
119
113
107
120
130
113
105
103
103
116
119
114
129
121
108
119
128
112
120
105
111
109
101
104
130
97
106
115
109
126
108
113
122
130
109
96
118
124
102
101
117
107
143
109
123
105
102
116
101
119
103
123
122
101
126
119
131
107
130
127
122
125
123
112
109
136
125
117
138
116
131
127
112
128
135
124
121
152
135
138
111
120
112
125
153
148
133
107
131
126
113
161
130
129
137
144
155
140
148
157
152
139
140
161
121
152
126
165
149
149
157
139
150
185
135
162
185
181
162
160
189
167
165
139
158
170
159
175
183
178
194
213
186
213
201
201
169
190
173
187
201
201
192
191
198
182
213
216
212
210
190
218
209
218
237
220
213
227
232
223
219
234
205
237
219
246
240
220
236
260
235
244
259
241
258
236
294
237
253
248
291
265
262
257
264
263
256
307
266
305
292
277
285
264
312
287
274
298
304
295
309
308
301
300
319
310
325
331
324
332
341
322
313
340
326
366
346
359
321
334
350
306
319
357
350
354
375
365
384
345
361
389
349
325
351
347
349
345
355
375
352
385
394
381
366
351
411
341
370
336
381
348
376
377
404
343
358
419
395
441
355
433
368
397
422
398
413
373
409
416
360
399
384
402
400
438
410
429
426
378
395
377
402
411
420
403
383
390
407
383
401
431
384
418
407
446
411
432
417
428
407
382
399
404
411
402
445
426
411
439
393
390
388
389
385
407
416
422
372
385
444
398
401
368
407
424
372
416
447
404
407
408
403
415
379
394
405
430
399
381
377
361
354
360
392
387
390
423
377
377
408
378
383
392
363
376
401
359
349
373
397
369
366
366
369
364
338
335
332
371
357
366
318
335
334
341
305
340
354
354
337
335
336
366
333
311
344
325
346
319
329
376
306
302
354
331
345
349
327
306
339
287
314
309
314
322
307
338
310
321
320
320
302
307
288
265
287
313
289
279
296
291
291
282
285
290
273
272
263
266
286
272
269
270
274
299
249
275
245
278
282
254
264
255
266
269
245
246
283
249
239
242
258
233
256
253
213
253
250
228
226
218
214
248
204
216
198
252
198
206
228
205
233
225
207
242
224
247
226
216
204
204
182
198
205
213
216
208
201
169
194
190
221
196
189
200
181
169
194
198
192
212
201
183
177
189
191
175
199
197
175
169
160
219
182
170
173
166
168
157
182
178
192
160
179
159
170
168
165
195
155
181
165
167
157
172
172
174
155
153
162
155
166
148
167
139
148
138
142
171
141
168
147
160
160
132
138
158
145
161
151
145
122
137
141
158
121
157
156
133
161
153
135
175
143
156
156
132
168
153
144
130
139
131
125
149
156
127
129
151
120
139
135
142
140
139
128
130
133
139
134
130
130
126
111
133
131
133
111
126
128
109
130
113
111
123
119
114
129
113
121
130
158
113
126
120
127
110
132
116
105
128
116
116
94
117
122
111
112
127
131
136
105
115
101
126
110
109
123
103
103
111
111
121
108
123
121
106
115
115
123
119
91
114
108
106
108
108
112
112
121
121
111
103
127
101
110
110
126
94
99
91
106
116
109
119
102
93
103
114
117
104
116
131
100
96
123
95
101
109
100
115
119
97
96
111
96
109
118
89
106
114
110
87
101
96
106
86
103
87
111
95
88
116
107
101
103
101
95
104
109
104
94
102
103
92
99
96
90
96
108
92
102
103
87
108
87
91
89
81
91
96
102
97
94
106
80
94
86
86
91
125
96
78
71
107
85
85
86
101
88
96
94
91
99
114
97
83
105
85
100
85
91
95
77
96
87
98
86
88
79
93
92
80
75
93
72
91
75
76
73
73
89
99
67
78
81
78
82
80
77
103
94
90
94
79
91
92
77
90
74
84
99
85
86
86
84
83
82
73
94
74
78
78
87
80
74
74
71
84
90
87
79
75
78
64
90
92
98
59
86
77
69
84
77
65
83
84
64
66
74
68
84
72
82
79
79
80
76
70
87
70
75
90
87
72
83
67
65
78
79
71
80
86
62
60
72
67
69
67
77
58
61
57
63
64
57
69
80
65
63
71
71
65
65
66
74
64
79
78
65
57
64
70
74
83
70
73
55
63
64
63
67
76
70
70
71
85
69
59
66
58
53
61
59
65
47
61
56
66
69
80
63
67
54
42
69
70
46
67
51
52
52
66
46
48
67
67
60
64
69
52
67
61
65
64
41
54
55
58
58
47
67
63
47
57
48
46
68
47
58
61
52
56
70
54
54
35
52
51
53
48
50
57
54
59
48
42
51
52
50
41
58
45
35
45
48
51
61
50
50
38
49
51
51
52
50
37
45
45
54
55
52
41
55
41
55
51
62
39
42
50
54
60
45
44
57
40
49
37
60
42
47
47
49
40
42
44
38
51
40
50
47
49
48
35
41
49
40
41
30
50
34
41
49
41
32
48
41
35
40
32
36
38
40
40
37
42
33
32
44
35
46
51
32
44
39
46
45
32
35
40
36
32
43
41
39
40
33
24
27
42
46
39
47
50
46
32
44
32
34
46
39
37
36
34
43
32
37
39
38
37
32
32
33
29
43
52
23
26
31
38
30
28
46
38
41
36
48
42
45
32
24
36
30
36
39
41
33
36
31
43
27
37
41
32
29
30
27
41
33
33
33
33
31
35
40
33
39
27
31
33
39
35
33
25
45
24
42
44
37
40
27
33
38
43
31
38
33
33
40
33
42
39
32
41
36
28
38
38
32
36
28
42
38
29
30
37
33
33
34
25
42
28
34
37
28
27
35
26
40
25
26
26
27
37
26
24
39
31
30
22
28
33
25
32
36
38
24
33
45
25
37
31
42
27
24
33
26
40
35
28
24
31
32
33
39
36
37
30
35
43
25
34
31
28
20
33
26
22
34
28
25
38
30
40
30
27
28
26
27
28
26
35
35
28
27
30
32
38
25
23
36
30
39
40
34
32
34
33
37
29
25
27
22
34
26
36
35
38
33
35
32
16
28
32
29
33
37
26
32
26
31
30
33
31
36
35
21
46
32
41
37
33
32
30
41
22
29
28
28
26
32
31
33
25
27
26
33
27
32
25
38
31
33
37
26
31
27
28
39
34
25
37
35
24
37
35
33
26
26
33
23
37
27
26
37
25
22
30
32
37
23
27
27
21
34
36
26
31
34
27
32
41
32
27
28
30
25
32
27
31
25
34
38
34
49
24
27
29
27
28
41
35
30
32
34
35
23
44
32
24
28
26
33
27
28
32
25
24
26
31
37
39
38
28
30
29
29
28
30
31
16
30
18
26
30
30
26
34
36
21
32
26
34
31
26
33
37
26
31
35
18
30
32
34
25
23
29
33
20
29
24
30
35
33
26
35
32
36
32
29
32
24
33
32
27
31
30
33
24
22
24
28
32
24
34
20
28
27
25
31
26
22
42
29
32
19
28
29
27
33
26
31
23
34
26
25
26
28
31
23
36
36
31
23
29
33
29
34
24
28
31
38
24
25
25
30
20
31
31
29
31
27
30
33
37
23
32
21
32
30
28
31
25
25
23
24
40
25
39
39
28
24
32
26
37
34
23
26
30
28
38
27
34
33
27
24
29
26
22
34
35
27
24
26
32
38
25
21
29
21
30
33
28
21
24
28
33
33
26
21
21
24
29
29
29
22
22
30
34
28
29
28
31
28
21
24
29
28
33
26
26
27
28
28
52
37
25
37
27
35
29
20
23
25
24
27
32
26
33
22
26
23
25
22
42
26
29
31
31
24
25
39
31
22
21
27
32
19
23
25
26
29
28
18
25
23
24
34
24
21
20
30
27
21
34
24
33
33
24
27
21
35
13
21
28
33
23
25
23
30
23
28
20
27
29
21
27
25
23
28
31
29
28
34
22
27
22
25
29
15
25
29
29
32
28
26
30
32
19
28
21
23
26
24
41
30
24
25
25
24
18
29
25
25
29
25
21
22
43
17
27
24
30
29
24
23
24
16
20
25
32
29
26
29
26
31
17
23
16
21
20
27
24
25
21
33
31
22
29
25
23
27
26
20
26
22
27
20
15
22
29
21
23
24
27
35
32
20
20
30
33
24
20
25
24
22
30
24
28
23
35
29
30
33
34
31
24
29
32
38
18
26
21
26
39
32
24
20
14
33
23
34
38
27
31
30
31
28
35
33
25
32
23
43
39
25
34
29
27
27
25
17
34
38
29
37
30
25
37
30
24
43
28
21
31
36
32
35
34
40
35
39
36
42
34
36
33
34
19
25
37
33
40
20
19
31
38
27
32
37
22
34
39
30
35
27
33
23
30
38
21
29
28
33
32
31
31
35
29
33
26
35
42
39
24
28
35
33
45
25
26
43
35
41
35
28
34
41
35
36
35
35
33
42
35
34
44
34
29
39
30
32
30
39
52
38
25
47
37
35
48
49
34
32
43
41
48
41
38
38
36
41
32
54
37
41
43
33
33
42
44
32
32
41
40
41
38
23
29
33
46
33
30
39
33
40
45
42
35
41
51
38
46
43
43
51
42
35
34
33
39
35
31
45
29
35
37
36
36
34
40
38
37
31
39
36
40
41
32
35
45
39
32
31
45
42
37
39
33
49
28
38
36
46
39
35
31
46
47
33
41
32
44
32
46
28
28
40
32
33
38
33
45
36
25
34
27
36
36
38
30
33
26
25
31
31
33
41
36
34
44
29
36
29
36
24
33
27
31
30
29
30
24
37
35
25
33
43
28
38
37
23
28
29
37
36
38
31
32
28
31
32
29
27
34
36
34
35
39
26
33
28
43
31
29
28
28
26
16
30
43
24
42
40
29
33
40
26
27
30
31
22
23
29
25
17
34
26
29
25
21
27
30
25
23
24
28
25
26
23
34
30
27
13
25
24
25
31
25
32
18
22
23
24
18
21
17
20
24
21
21
30
22
24
37
28
31
31
21
19
33
24
19
15
19
21
29
22
24
24
24
20
27
20
18
19
33
17
23
19
21
23
24
23
21
20
24
23
30
27
26
27
25
24
19
20
27
15
14
16
20
21
17
26
27
20
12
27
23
20
23
14
25
18
25
21
13
14
24
25
20
16
16
23
25
19
27
20
21
18
23
24
22
22
23
14
25
22
25
13
29
14
19
26
20
15
28
22
11
23
24
14
22
16
23
25
17
18
22
18
31
21
25
19
28
12
17
18
9
22
13
13
28
12
16
13
23
16
17
24
18
16
24
13
18
20
20
22
23
20
23
20
15
27
21
21
16
21
22
19
15
23
23
32
21
12
19
26
22
16
18
19
22
26
20
22
24
21
20
14
18
19
24
27
25
15
19
17
24
15
19
25
16
20
12
17
25
19
11
34
17
13
10
19
17
20
21
15
10
17
20
10
18
19
13
18
15
19
18
14
16
11
13
13
14
19
20
12
22
15
5
15
13
7
18
13
11
15
6
10
13
12
9
12
15
11
11
8
15
10
13
8
8
11
14
12
13
16
14
10
7
13
10
7
13
12
11
12
11
8
5
4
8
9
13
11
9
3
10
5
10
4
5
4
6
5
14
3
9
3
9
2
7
5
5
7
5
4
3
4
3
6
4
0
3
5
4
3
2
1
5
3
2
0
0
0
1
3
1
2
0
4
1
1
2
1
2
1
0
1
1
0
1
2
0
2
2
1
1
1
0
1
1
0
0
1
0
1
1
0
0
0
0
0
0
0
0
0
0
0
0
0
0
0
0
0
0
2
0
0
0
0
0
0
0
0
0
0
0
0
0
0
0
0
0
0
0
0
0
0
0
0
0
0
0
0
0
0
0
0
0
0
0
0
0
0
0
0
0
0
0
0
0
0
0
0
0
0
0
0
0
0
0
0
0
0
0
1
0
0
0
0
0
0
0
0
0
0
0
0
0
0
0
1
0
0
0
0
0
0
0
0
0
0
0
0
0
0
0
0
0
0
0
0
0
0
0
0
0
0
0
0
0
0
0
0
0
0
0
0
0
0
0
0
0
0
0
0
0
0
0
0
0
0
0
0
0
0
0
0
0
0
0
0
0
0
0
0
0
0
0
0
0
0
0
0
0
0
0
0
0
0
0
0
0
0
0
0
0
0
0
0
0
0
0
0
0
0
0
0
1
0
0
0
0
0
0
0
0
0
0
0
1
0
0
0
0
0
0
0
0
0
0
0
0
0
0
0
0
0
0
0
0
0
0
0
0
0
0
0
0
0
0
0
0
0
0
0
0
0
0
0
0
0
0
0
0
0
0
0
0
0
0
0
0
0
0
1
0
0
0
0
0
0
0
0
0
0
0
0
0
0
0
0
0
0
0
0
0
0
0
0
0
0
0
0
0
0
0
0
0
0
0
0
0
0
0
0
0
0
0
0
0
0
0
0
0
0
0
0
0
0
0
0
0
0
0
0
0
0
0
0
0
0
0
0
0
0
0
0
0
0
0
0
0
0
0
0
0
0
0
0
0
0
0
0
0
0
0
0
0
0
0
0
0
0
0
0
0
0
0
0
0
0
0
0
0
0
0
0
0
0
0
0
0
0
0
0
0
0
0
0
0
0
0
0
0
0
0
0
0
0
0
0
0
0
0
0
0
0
0
0
0
0
0
0
0
0
0
0
0
0
0
0
0
0
0
0
0
0
0
0
0
0
0
0
0
0
0
0
0
0
0
0
0
0
0
0
0
0
0
0
0
0
0
0
0
0
0
0
0
0
0
0
0
0
0
0
0
0
0
0
0
0
0
0
0
0
0
0
0
0
0
0
0
0
0
0
0
0
0
0
0
0
0
0
0
0
0
0
0
0
0
0
0
0
0
0
0
0
0
0
0
0
0
0
0
0
0
0
0
0
0
0
0
0
0
0
0
0
0
0
0
0
0
0
0
0
0
0
0
0
0
0
0
0
0
0
0
0
0
0
0
0
0
0
0
0
0
0
0
0
0
0
0
0
0
0
0
0
0
0
0
0
0
0
0
0
0
0
0
0
0
0
0
0
0
0
0
0
0
0
0
0
0
0
0
0
0
0
0
0
0
0
0
0
0
0
0
0
0
0
0
0
0
0
0
0
0
0
0
0
0
0
0
0
0
0
0
0
0
0
0
0
0
0
0
0
0
0
0
0
0
0
0
0
0
0
0
0
0
0
0
0
0
0
0
0
0
0
0
0
0
0
0
0
0
0
0
0
0
0
0
0
0
0
0
0
0
0
0
0
0
0
0
0
0
0
0
0
0
0
0
0
0
0
0
0
0
0
0
0
0
0
0
0
0
0
0
0
0
0
0
0
0
0
0
0
0
0
0
0
0
0
0
0
0
0
0
0
0
0
0
0
0
0
0
0
0
0
0
0
0
0
0
0
0
0
0
0
0
0
0
0
0
0
0
0
0
0
0
0
0
0
0
0
0
0
0
0
0
0
0
0
0
0
0
0
0
0
0
0
0
0
0
0
0
0
0
0
0
0
0
0
0
0
0
0
0
0
0
0
0
0
0
0
0
0
0
0
0
0
0
0
0
0
0
0
0
0
0
0
0
0
0
0
0
0
0
0
0
0
0
0
0
0
0
0
0
0
0
0
0
0
0
0
0
0
0
0
0
0
0
0
0
0
0
0
0
0
0
0
0
0
0
0
0
0
0
0
0
0
0
0
0
0
0
0
0
0
0
0
0
0
0
0
0
0
0
0
0
0
0
0
0
0
0
0
0
0
0
0
0
0
0
0
0
0
0
0
0
0
0
0
0
0
0
0
0
0
0
0
0
0
0
0
0
0
0
0
0
0
0
0
0
0
0
0
0
0
0
0
0
0
0
0
0
0
0
0
0
0
0
0
0
0
0
0
0
0
0
0
0
0
0
0
0
0
0
0
0
0
0
0
0
0
0
0
0
0
0
0
0
0
0
0
0
0
0
0
0
0
0
0
0
0
0
0
0
0
0
0
0
0
0
0
0
0
0
0
0
0
0
0
0
0
0
0
0
0
0
0
0
0
0
0
0
0
0
0
0
0
0
0
0
0
0
0
0
0
0
0
0
0
0
0
0
0
0
0
0
0
0
0
0
0
0
0
0
0
0
0
0
0
0
0
0
0
0
0
0
0
0
0
0
0
0
0
0
0
0
0
0
0
0
0
0
0
0
0
0
0
0
0
0
0
0
0
0
0
0
0
0
0
0
0
0
0
0
0
0
0
0
0
0
0
0
0
0
0
0
0
0
0
0
0
0
0
0
0
0
0
0
0
0
0
0
0
0
0
0
0
0
0
0
0
0
0
0
0
0
0
0
0
0
0
0
0
0
0
0
0
0
0
0
0
0
0
0
0
0
0
0
0
0
0
0
0
0
0
0
0
0
0
0
0
0
0
0
0
0
0
0
0
0
0
0
0
0
0
0
0
0
0
0
0
0
0
0
0
0
0
0
0
0
0
0
0
0
0
0
0
0
0
0
0
0
0
0
0
0
0
0
0
0
0
0
0
0
0
0
0
0
0
0
0
0
0
0
0
0
0
0
0
0
0
0
0
0
0
0
0
0
0
0
0
0
0
0
0
0
0
0
0
0
0
0
0
0
0
0
0
0
0
0
0
0
0
0
0
0
0
0
0
0
0
0
0
0
0
0
0
0
0
0
0
0
0
0
0
0
0
0
0
0
0
0
0
0
0
0
0
0
0
0
0
0
0
0
0
0
0
0
0
0
0
0
0
0
0
0
0
0
0
0
0
0
0
0
0
0
0
0
0
0
0
0
0
0
0
0
0
0
0
0
0
0
0
0
0
0
0
0
0
0
0
0
0
0
0
0
0
0
0
0
0
0
0
0
0
0
0
0
0
0
0
0
0
0
0
0
0
0
0
0
0
0
0
0
0
0
0
0
0
0
0
0
0
0
0
0
0
0
0
0
0
0
0
0
0
0
0
0
0
0
0
0
0
0
0
0
0
0
0
0
0
0
0
0
0
0
0
0
0
0
0
0
0
0
0
0
0
0
0
0
0
0
0
0
0
0
0
0
0
0
0
0
0
0
0
0
0
0
0
0
0
0
0
0
0
0
0
0
0
0
0
0
0
0
0
0
0
0
0
0
0
0
0
0
0
0
0
0
0
0
0
0
0
0
0
0
0
0
0
0
0
0
0
0
0
0
0
0
0
0
0
0
0
0
0
0
0
0
0
0
0
0
0
0
0
0
0
0
0
0
0
0
0
0
0
0
0
0
0
0
0
0
0
0
0
0
0
0
0
0
0
0
0
0
0
0
0
0
0
0
0
0
0
0
0
0
0
0
0
0
0
0
0
0
0
0
0
0
0
0
0
0
0
0
0
0
0
0
0
0
0
0
0
0
0
0
0
0
0
0
0
0
0
0
0
0
0
0
0
0
0
0
0
0
0
0
0
0
0
0
0
0
0
0
0
0
0
0
0
0
0
0
0
0
0
0
0
0
0
0
0
0
0
0
0
0
0
0
0
0
0
0
0
0
0
0
0
0
0
0
0
0
0
0
0
0
0
0
0
0
0
0
0
0
0
0
0
0
0
0
0
0
0
0
0
0
0
0
0
0
0
0
0
0
0
0
0
0
0
0
0
0
0
0
0
0
0
0
0
0
0
0
0
0
0
0
0
0
0
0
0
0
0
0
0
0
0
0
0
0
0
0
0
0
0
0
0
0
0
0
0
0
0
0
0
0
0
0
0
0
0
0
0
0
0
0
0
0
0
0
0
0
0
0
0
0
0
0
0
0
0
0
0
0
0
0
0
0
0
0
0
0
0
0
0
0
0
0
0
0
0
0
0
0
0
0
0
0
0
0
0
0
0
0
0
0
0
0
0
0
0
0
0
0
0
0
0
0
0
0
0
0
0
0
0
0
0
0
0
0
0
0
0
0
0
0
0
0
0
0
0
0
0
0
0
0
0
0
0
0
0
0
0
0
0
0
0
0
0
0
0
0
0
0
0
0
0
0
0
0
0
0
0
0
0
0
0
0
0
0
0
0
0
0
0
0
0
0
0
0
0
0
0
0
0
0
0
0
0
0
0
0
0
0
0
0
0
0
0
0
0
0
0
0
0
0
0
0
0
0
0
0
0
0
0
0
0
0
0
0
0
0
0
0
0
0
0
0
0
0
0
0
0
0
0
0
0
0
0
0
0
0
0
0
0
0
0
0
0
0
0
0
0
0
0
0
0
0
0
0
0
0
0
0
0
0
0
0
0
0
0
0
0
0
0
0
0
0
0
0
0
0
0
0
0
0
0
0
0
0
0
0
0
0
0
0
0
0
0
0
0
0
0
0
0
0
0
0
0
0
0
0
0
0
0
0
0
0
0
0
0
0
0
0
0
0
0
0
0
0
0
0
0
0
0
0
0
0
0
0
0
0
0
0
0
0
0
0
0
0
0
0
0
0
0
0
0
0
0
0
0
0
0
0
0
0
0
0
0
0
0
0
0
0
0
0
0
0
0
0
0
0
0
0
0
0
0
0
0
0
0
0
0
0
0
0
0
0
0
0
0
0
0
0
0
0
0
0
0
0
0
0
0
0
0
0
0
0
0
0
0
0
0
0
0
0
0
0
0
0
0
0
0
0
0
0
0
0
0
0
0
0
0
0
0
0
0
0
0
0
0
0
0
0
0
0
0
0
0
0
0
0
0
0
0
0
0
0
0
0
0
0
0
0
0
0
0
0
0
0
0
0
0
0
0
0
0
0
0
0
0
0
0
0
0
0
0
0
0
0
0
0
0
0
0
0
0
0
0
0
0
0
0
0
0
0
0
0
0
0
0
0
0
0
0
0
0
0
0
0
0
0
0
0
0
0
0
0
0
0
0
0
0
0
0
0
0
0
0
0
0
0
0
0
0
0
0
0
0
0
0
0
0
0
0
0
0
0
0
0
0
0
0
0
0
0
0
0
0
0
0
0
0
0
0
0
0
0
0
0
0
0
0
0
0
0
0
0
0
0
0
0
0
0
0
0
0
0
0
0
0
0
0
0
0
0
0
0
0
0
0
0
0
0
0
0
0
0
0
0
0
0
0
0
0
0
0
0
0
0
0
0
0
0
0
0
0
0
0
0
0
0
0
0
0
0
0
0
0
0
0
0
0
0
0
0
0
0
0
0
0
0
0
0
0
0
0
0
0
0
0
0
0
0
0
0
0
0
0
0
0
0
0
0
0
0
0
0
0
0
0
0
0
0
0
0
0
0
0
0
0
0
0
0
0
0
0
0
0
0
0
0
0
0
0
0
0
0
0
0
0
0
0
0
0
0
0
0
0
0
0
0
0
0
0
0
0
0
0
0
0
0
0
0
0
0
0
0
0
0
0
0
0
0
0
0
0
0
0
0
0
0
0
0
0
0
0
0
0
0
0
0
0
0
0
0
0
0
0
0
0
0
0
0
0
0
0
0
0
0
0
0
0
0
0
0
0
0
0
0
0
0
0
0
0
0
0
0
0
0
0
0
0
0
0
0
0
0
0
0
0
0
0
0
0
0
0
0
0
0
0
0
0
0
0
0
0
0
0
0
0
0
0
0
0
0
0
0
0
0
0
0
0
0
0
0
0
0
0
0
0
0
0
0
0
0
0
0
0
0
0
0
0
0
0
0
0
0
0
0
0
0
0
0
0
0
0
0
0
0
0
0
0
0
0
0
0
0
0
0
0
0
0
0
0
0
0
0
0
0
0
0
0
0
0
0
0
0
0
0
0
0
0
0
0
0
0
0
0
0
0
0
0
0
0
0
0
0
0
0
0
0
0
0
0
0
0
0
0
0
0
0
0
0
0
0
0
0
0
0
0
0
0
0
0
0
0
0
0
0
0
0
0
0
0
0
0
0
0
0
0
0
0
0
0
0
0
0
0
0
0
0
0
0
0
0
0
0
0
0
0
0
0
0
0
0
0
0
0
0
0
0
0
0
0
0
0
0
0
0
0
0
0
0
0
0
0
0
0
0
0
0
0
0
0
0
0
0
0
0
0
0
0
0
0
0
0
0
0
0
0
0
0
0
0
0
0
0
0
0
0
0
0
0
0
0
0
0
0
0
0
0
0
0
0
0
0
0
0
0
0
0
0
0
0
0
0
0
0
0
0
0
0
0
0
0
0
0
0
0
0
0
0
0
0
0
0
0
0
0
0
0
0
0
0
0
0
0
0
0
0
0
0
0
0
0
0
0
0
0
0
0
0
0
0
0
0
0
0
0
0
0
0
0
0
0
0
0
0
0
0
0
0
0
0
0
0
0
0
0
0
0
0
0
0
0
0
0
0
0
0
0
0
0
0
0
0
0
0
0
0
0
0
0
0
0
0
0
0
0
0
0
0
0
0
0
0
0
0
0
0
0
0
0
0
0
0
0
0
0
0
0
0
0
0
0
0
0
0
0
0
0
0
0
0
0
0
0
0
0
0
0
0
0
0
0
0
0
0
0
0
0
0
0
0
0
0
0
0
0
0
0
0
0
0
0
0
0
0
0
0
0
0
0
0
0
0
0
0
0
0
0
0
0
0
0
0
0
0
0
0
0
0
0
0
0
0
0
0
0
0
0
0
0
0
0
0
0
0
0
0
0
0
0
0
0
0
0
0
0
0
0
0
0
0
0
0
0
0
0
0
0
0
0
0
0
0
0
0
0
0
0
0
0
0
0
0
0
0
0
0
0
0
0
0
0
0
0
0
0
0
0
0
0
0
0
0
0
0
0
0
0
0
0
0
0
0
0
0
0
0
0
0
0
0
0
0
0
0
0
0
0
0
0
0
0
0
0
0
0
0
0
0
0
0
0
0
0
0
0
0
0
0
0
0
0
0
0
0
0
0
0
0
0
0
0
0
0
0
0
0
0
0
0
0
0
0
0
0
0
0
0
0
0
0
0
0
0
0
0
0
0
0
0
0
0
0
0
0
0
0
0
0
0
0
0
0
0
0
0
0
0
0
0
0
0
0
0
0
0
0
0
0
0
0
0
0
0
0
0
0
0
0
0
0
0
0
0
0
0
0
0
0
0
0
0
0
0
0
0
0
0
0
0
0
0
0
0
0
0
0
0
0
0
0
0
0
0
0
0
0
0
0
0
0
0
0
0
0
0
0
0
0
0
0
0
0
0
0
0
0
0
0
0
0
0
0
0
0
0
0
0
0
0
0
0
0
0
0
0
0
0
0
0
0
0
0
0
0
0
0
0
0
0
0
0
0
0
0
0
0
0
0
0
0
0
0
0
0
0
0
0
0
0
0
0
0
0
0
0
0
0
0
0
0
0
0
0
0
0
0
0
0
0
0
0
0
0
0
0
0
0
0
0
0
0
0
0
0
0
0
0
0
0
0
0
0
0
0
0
0
0
0
0
0
0
0
0
0
0
0
0
0
0
0
0
0
0
0
0
0
0
0
0
0
0
0
0
0
0
0
0
0
0
0
0
0
0
0
0
0
0
0
0
0
0
0
0
0
0
0
0
0
0
0
0
0
0
0
0
0
0
0
0
0
0
0
0
0
0
0
0
0
0
0
0
0
0
0
0
0
0
0
0
0
0
0
0
0
0
0
0
0
0
0
0
0
0
0
0
0
0
0
0
0
0
0
0
0
0
0
0
0
0
0
0
0
0
0
0
0
0
0
0
0
0
0
0
0
0
0
0
0
0
0
0
0
0
0
0
0
0
0
0
0
0
0
0
0
0
0
0
0
0
0
0
0
0
0
0
0
0
0
0
0
0
0
0
0
0
0
0
0
0
0
0
0
0
0
0
0
0
0
0
0
0
0
0
0
0
0
0
0
0
0
0
0
0
0
0
0
0
0
0
0
0
0
0
0
0
0
0
0
0
0
0
0
0
0
0
0
0
0
0
0
0
0
0
0
0
0
0
0
0
0
0
0
0
0
0
0
0
0
0
0
0
0
0
0
0
0
0
0
0
0
0
0
0
0
0
0
0
0
0
0
0
0
0
0
0
0
0
0
0
0
0
0
0
0
0
0
0
0
0
0
0
0
0
0
0
0
0
0
0
0
0
0
0
0
0
0
0
0
0
0
0
0
0
0
0
0
0
0
0
0
0
0
0
0
0
0
0
0
0
0
0
0
0
0
0
0
0
0
0
0
0
0
0
0
0
0
0
0
0
0
0
0
0
0
0
0
0
0
0
0
0
0
0
0
0
0
0
0
0
0
0
0
0
0
0
0
0
0
0
0
0
0
0
0
0
0
0
0
0
0
0
0
0
0
0
0
0
0
0
0
0
0
0
0
0
0
0
0
0
0
0
0
0
0
0
0
0
0
0
0
0
0
0
0
0
0
0
0
0
0
0
0
0
0
0
0
0
0
0
0
0
0
0
0
0
0
0
0
0
0
0
0
0
0
0
0
0
0
0
0
0
0
0
0
0
0
0
0
0
0
0
0
0
0
0
0
0
0
0
0
0
0
0
0
0
0
0
0
0
0
0
0
0
0
0
0
0
0
0
0
0
0
0
0
0
0
0
0
0
0
0
0
0
0
0
0
0
0
0
0
0
0
0
0
0
0
0
0
0
0
0
0
0
0
0
0
0
0
0
0
0
0
0
0
0
0
0
0
0
0
0
0
0
0
0
0
0
0
0
0
0
0
0
0
0
0
0
0
0
0
0
0
0
0
0
0
0
0
0
0
0
0
0
0
0
0
0
0
0
0
0
0
0
0
0
0
0
0
0
0
0
0
0
0
0
0
0
0
0
0
0
0
0
0
0
0
0
0
0
0
0
0
0
0
0
0
0
0
0
0
0
0
0
0
0
0
0
0
0
0
0
0
0
0
0
0
0
0
0
0
0
0
0
0
0
0
0
0
0
0
0
0
0
0
0
0
0
0
0
0
0
0
0
0
0
0
0
0
0
0
0
0
0
0
0
0
0
0
0
0
0
0
0
0
0
0
0
0
0
0
0
0
0
0
0
0
0
0
0
0
0
0
0
0
0
0
0
0
0
0
0
0
0
0
0
0
0
0
0
0
0
0
0
0
0
0
0
0
0
0
0
0
0
0
0
0
0
0
0
0
0
0
0
0
0
0
0
0
0
0
0
0
0
0
0
0
0
0
0
0
0
0
0
0
0
0
0
0
0
0
0
0
0
0
0
0
0
0
0
0
0
0
0
0
0
0
0
0
0
0
0
0
0
0
0
0
0
0
0
0
0
0
0
0
0
0
0
0
0
0
0
0
0
0
0
0
0
0
0
0
0
0
0
0
0
0
0
0
0
0
0
0
0
0
0
0
0
0
0
0
0
0
0
0
0
0
0
0
0
0
0
0
0
0
0
0
0
0
0
0
0
0
0
0
0
0
0
0
0
0
0
0
0
0
0
0
0
0
0
0
0
0
0
0
0
0
0
0
0
0
0
0
0
0
0
0
0
0
0
0
0
0
0
0
0
0
0
0
0
0
0
0
0
0
0
0
0
0
0
0
0
0
0
0
0
0
0
0
0
0
0
0
0
0
0
0
0
0
0
0
0
0
0
0
0
0
0
0
0
0
0
0
0
0
0
0
0
0
0
0
0
0
0
0
0
0
0
0
0
0
0
0
0
0
0
0
0
0
0
0
0
0
0
0
0
0
0
0
0
0
0
0
0
0
0
0
0
0
0
0
0
0
0
0
0
0
0
0
0
0
0
0
0
0
0
0
0
0
0
0
0
0
0
0
0
0
0
0
0
0
0
0
0
0
0
0
0
0
0
0
0
0
0
0
0
0
0
0
0
0
0
0
0
0
0
0
0
0
0
0
0
0
0
0
0
0
0
0
0
0
0
0
0
0
0
0
0
0
0
0
0
0
0
0
0
0
0
0
0
0
0
0
0
0
0
0
0
0
0
0
0
0
0
0
0
0
0
0
0
0
0
0
0
0
0
0
0
0
0
0
0
0
0
0
0
0
0
0
0
0
0
0
0
0
0
0
0
0
0
0
0
0
0
0
0
0
0
0
0
0
0
0
0
0
0
0
0
0
0
0
0
0
0
0
0
0
0
0
0
0
0
0
0
0
0
0
0
0
0
0
0
0
0
0
0
0
0
0
0
0
0
0
0
0
0
0
0
0
0
0
0
0
0
0
0
0
0
0
0
0
0
0
0
0
0
0
0
0
0
0
0
0
0
0
0
0
0
0
0
0
0
0
0
0
0
0
0
0
0
0
0
0
0
0
0
0
0
0
0
0
0
0
0
0
0
0
0
0
0
0
0
0
0
0
0
0
0
0
0
0
0
0
0
0
0
0
0
0
0
0
0
0
0
0
0
0
0
0
0
0
0
