0
0
0
0
0
0
0
0
0
0
0
0
0
0
0
0
0
0
0
0
0
0
0
0
0
0
0
0
0
1
0
0
0
0
0
0
1
0
0
0
2
1
1
2
1
2
2
1
19
41
86
123
152
136
135
123
154
139
145
161
160
173
147
153
165
187
164
166
168
219
161
206
200
196
216
198
179
187
189
209
219
209
225
240
210
213
211
224
234
206
242
240
241
227
230
256
229
227
252
233
240
264
240
234
247
269
262
248
271
215
254
257
272
248
293
277
274
296
280
304
306
261
336
276
273
282
295
286
299
303
301
313
322
316
313
311
310
318
308
305
357
306
310
332
325
323
334
344
336
304
308
337
302
351
304
351
314
332
326
336
335
321
356
370
354
365
352
345
371
377
340
348
333
357
365
380
342
376
356
392
360
400
391
374
376
406
347
396
408
386
374
410
399
392
437
415
415
397
403
404
397
400
408
418
407
397
417
434
413
431
438
421
444
440
441
476
440
429
462
448
439
436
462
453
460
422
443
454
422
429
477
460
446
424
455
482
393
429
453
465
417
437
461
411
418
424
452
397
458
409
441
443
428
449
415
394
423
465
453
432
419
396
423
422
419
397
435
407
421
410
422
395
394
350
376
388
350
324
341
347
354
347
367
376
348
320
334
328
309
284
309
297
280
316
308
296
274
296
274
272
282
252
276
236
275
285
244
298
247
255
275
263
278
259
281
251
278
252
271
255
263
288
277
284
285
267
313
297
301
282
268
272
289
281
295
284
318
271
286
285
303
279
292
283
278
283
317
278
273
291
279
253
280
304
264
286
298
289
293
298
270
253
294
289
300
300
322
311
309
305
295
290
291
278
262
302
296
297
278
259
271
301
270
266
262
298
248
280
282
261
271
263
284
288
248
261
294
284
264
268
291
269
279
266
292
307
258
266
281
247
231
246
271
262
270
273
270
259
295
250
273
246
253
245
242
239
282
265
245
265
254
260
252
238
253
264
256
261
236
255
260
244
256
247
228
243
277
242
238
285
230
237
265
260
267
274
246
257
257
222
245
221
256
239
268
243
241
237
232
249
259
248
257
248
271
258
252
226
236
267
232
249
236
243
266
269
240
218
239
241
207
224
242
238
231
236
264
230
250
226
242
249
228
266
233
238
229
217
238
247
208
265
254
249
222
240
203
212
220
196
241
225
242
227
259
229
287
234
210
212
226
237
204
249
216
240
246
228
228
224
198
207
260
250
214
210
215
229
228
220
213
221
222
241
216
225
239
206
201
223
201
206
223
219
205
224
225
221
197
207
198
228
227
214
192
212
206
205
225
200
190
212
187
213
227
224
229
189
234
219
209
203
199
184
226
188
229
206
194
213
208
215
181
189
190
200
166
203
181
188
194
183
184
203
191
193
204
212
183
180
191
187
159
169
198
173
177
160
198
207
170
161
199
173
174
187
188
208
174
172
166
188
176
158
180
183
182
186
196
143
171
159
160
167
168
145
160
151
149
165
155
150
152
156
175
138
154
174
137
139
151
168
174
179
152
150
145
161
155
135
173
128
152
160
169
146
154
144
130
134
135
159
141
132
136
150
136
180
162
149
149
120
135
182
147
111
156
122
132
144
134
109
118
135
131
129
135
145
147
118
134
125
129
132
132
127
136
143
136
133
135
129
136
119
121
108
140
125
118
127
116
148
101
124
136
126
123
134
97
118
112
130
126
90
103
113
129
126
114
116
117
120
116
118
105
143
122
133
140
146
126
120
148
125
122
134
103
110
125
123
112
136
131
129
105
98
138
135
125
134
141
124
95
131
116
114
120
138
124
133
117
137
109
109
117
128
133
135
144
116
111
127
117
126
123
151
131
133
139
134
130
118
126
145
133
135
111
124
130
137
132
166
135
166
158
132
133
141
145
160
143
139
165
167
175
140
140
142
155
151
131
154
164
153
162
153
165
166
179
174
152
148
154
171
167
161
169
197
171
166
176
171
169
182
162
189
179
177
200
187
185
193
170
190
204
196
203
213
199
206
206
212
229
188
206
213
215
218
227
237
236
212
219
233
236
254
238
252
256
250
241
227
235
244
282
255
271
253
256
260
283
249
260
280
274
260
286
286
297
278
294
253
291
287
273
279
294
322
307
275
286
314
300
333
303
322
311
311
305
338
338
291
320
323
327
352
368
369
382
360
331
368
325
351
363
345
366
363
380
380
373
344
384
366
367
368
373
388
383
413
375
372
411
353
422
426
392
380
421
399
433
371
411
409
412
409
402
359
388
398
400
409
369
405
430
420
402
424
412
434
401
395
452
424
420
412
431
421
443
441
450
428
442
441
456
419
428
459
459
455
365
427
423
445
430
419
454
451
380
454
405
417
455
447
423
447
415
471
431
416
423
437
453
438
423
415
419
456
419
457
428
406
414
416
421
426
407
424
421
392
438
403
449
411
373
437
408
431
400
442
437
396
394
417
422
411
399
439
401
363
372
363
415
409
405
428
383
420
373
402
365
406
360
360
376
353
394
379
362
381
349
381
363
392
351
362
359
350
380
330
315
330
376
340
355
379
326
353
339
311
337
293
325
346
296
337
328
353
337
350
340
342
326
322
299
303
320
303
292
293
315
301
304
287
296
293
298
287
272
318
285
312
269
309
279
258
265
291
282
242
289
291
248
297
299
259
302
267
265
234
241
247
243
254
260
215
241
268
254
235
249
228
248
240
231
222
227
239
225
228
208
238
249
220
242
232
209
253
232
206
221
235
212
224
243
205
207
212
197
207
196
196
204
192
195
194
192
223
206
205
209
210
165
183
224
189
188
190
199
172
186
183
173
177
194
173
172
182
159
179
181
178
169
207
171
152
167
187
165
180
153
160
153
187
180
132
172
175
176
161
155
156
150
170
167
136
155
164
149
146
138
190
156
154
142
156
155
146
151
144
177
138
133
170
133
144
156
160
150
148
162
139
145
144
141
149
148
154
141
149
137
145
130
153
142
130
140
154
135
150
138
141
130
144
142
123
132
141
118
117
117
137
137
131
134
127
131
134
118
125
123
131
126
100
113
107
135
120
125
129
135
142
133
150
124
143
137
117
124
130
131
133
133
135
141
134
132
131
151
132
116
99
125
119
137
117
111
116
106
131
112
112
113
109
111
100
96
99
123
113
111
86
98
106
113
128
113
124
117
117
109
107
110
115
97
124
126
108
122
127
113
113
111
119
115
117
119
97
113
121
109
123
122
107
103
100
109
113
86
112
117
93
103
116
108
94
96
107
116
109
85
112
110
108
87
109
100
97
106
111
94
102
90
128
109
111
106
92
95
125
105
106
97
90
100
106
97
114
123
100
115
101
89
90
97
112
92
108
98
101
106
91
90
103
92
89
99
107
101
107
90
93
90
96
84
102
103
107
106
100
98
80
90
98
87
92
84
97
84
124
108
105
88
83
80
77
80
85
86
84
70
87
85
96
111
101
99
89
81
74
90
87
79
75
64
81
91
94
92
81
86
85
96
99
84
87
89
68
81
84
76
83
87
88
81
60
95
86
85
81
102
83
80
71
70
83
97
86
84
79
83
79
69
103
76
73
69
78
73
87
65
72
80
79
74
84
64
73
63
69
75
68
83
74
76
66
70
74
64
68
64
70
65
65
61
68
81
62
63
62
84
72
63
66
86
68
72
81
62
86
65
68
71
89
74
73
60
54
69
68
70
52
75
74
58
72
65
61
65
61
48
62
75
58
62
63
51
59
69
62
50
49
61
60
60
62
71
58
66
61
61
56
61
65
52
51
54
56
69
55
67
62
56
56
59
41
57
50
52
67
55
52
58
43
52
58
43
59
53
63
49
61
46
51
62
62
50
65
54
38
58
48
48
48
52
58
50
48
49
45
49
41
46
48
54
43
55
70
56
44
49
47
47
41
59
46
50
48
34
40
44
46
48
50
57
45
37
49
41
45
42
45
47
44
53
58
43
43
48
42
42
38
64
32
50
45
53
47
47
37
46
42
32
53
41
34
43
35
50
53
36
42
40
49
41
43
31
30
37
39
46
39
43
39
45
46
41
34
44
40
51
36
46
35
47
47
39
42
39
39
28
34
33
35
37
44
40
43
50
35
34
33
45
40
50
44
55
39
35
55
31
45
32
29
46
32
35
36
37
34
38
44
38
47
41
42
36
36
36
27
42
35
41
37
41
36
24
41
33
32
45
40
36
39
35
35
40
36
45
34
38
33
22
33
23
37
32
41
36
31
46
33
41
38
44
39
45
36
32
50
39
36
33
34
27
33
42
33
41
40
24
30
20
26
33
39
38
24
38
37
45
49
35
34
36
26
26
43
31
41
26
24
37
34
30
30
32
39
29
32
42
52
42
37
33
37
35
30
30
34
29
33
32
24
30
38
37
38
40
40
23
32
36
30
35
38
30
38
45
24
28
27
32
21
30
43
30
29
39
33
36
40
33
39
36
25
36
43
27
26
31
37
33
37
34
29
36
27
37
34
27
28
43
33
32
28
31
28
29
36
32
33
27
41
25
24
33
42
25
36
33
32
29
28
28
30
30
38
27
34
38
37
46
25
37
29
34
22
33
39
34
30
38
41
25
36
35
34
33
19
31
30
30
35
45
40
30
29
36
31
43
31
40
28
32
34
35
24
27
35
40
23
29
33
23
31
23
41
23
40
33
30
28
43
38
39
42
24
47
28
25
36
28
37
33
39
29
33
39
28
23
38
36
29
37
24
28
27
34
37
47
36
32
33
30
27
26
21
28
33
31
33
37
28
28
38
44
44
31
37
31
22
36
42
31
27
32
26
35
35
30
33
32
32
20
19
31
32
29
29
26
24
28
40
23
20
30
28
29
33
26
35
27
25
36
26
25
28
33
33
38
26
32
24
30
36
30
28
27
32
39
26
26
33
40
25
32
36
25
31
24
38
37
26
26
33
35
26
19
29
38
33
29
26
24
32
25
19
22
32
26
25
26
32
30
19
20
31
25
24
29
25
36
30
24
23
23
35
25
31
29
26
20
33
27
30
27
31
17
22
35
30
34
33
22
25
32
32
27
35
31
29
28
33
22
35
25
26
18
29
25
34
25
25
34
25
31
34
24
24
27
31
24
21
30
34
20
23
24
29
21
28
35
32
33
22
31
27
25
20
24
33
25
19
21
22
25
16
27
33
21
21
24
32
22
31
21
25
26
28
34
27
22
34
24
22
27
25
25
24
26
21
21
25
29
27
35
26
22
30
31
31
24
21
34
26
19
29
18
20
32
24
18
16
25
22
16
22
21
14
24
18
28
43
24
21
22
28
20
26
25
30
23
15
27
26
28
25
27
25
21
21
23
23
17
23
25
27
24
22
15
21
21
18
32
28
19
16
23
16
21
28
25
20
27
25
18
27
13
26
23
28
26
22
18
32
15
22
28
15
17
24
23
20
30
31
23
18
20
23
21
22
14
21
21
30
30
22
25
17
23
20
21
27
19
29
19
21
33
37
22
22
25
21
29
20
18
25
27
25
37
23
26
28
29
17
32
28
23
16
28
26
25
22
21
28
25
29
25
30
27
24
36
21
29
25
22
17
24
24
22
19
31
23
30
25
19
30
21
27
24
22
34
35
25
26
19
20
25
34
24
24
38
21
14
29
30
27
29
27
28
33
29
34
35
27
21
31
27
29
30
23
40
21
26
38
25
36
28
32
23
25
33
33
28
27
34
34
32
24
33
32
32
30
28
39
35
44
30
27
33
37
25
39
30
32
33
30
29
31
41
34
34
32
32
27
43
26
33
33
36
29
34
24
36
40
35
29
35
42
34
25
35
36
41
43
40
38
46
32
39
36
42
36
35
43
33
42
34
50
48
31
41
40
39
37
34
27
35
38
35
40
24
32
37
38
38
35
44
36
40
33
46
34
44
47
40
35
39
42
37
50
25
37
36
35
40
42
49
39
36
40
36
27
39
41
45
32
40
39
36
52
48
39
33
38
37
39
38
37
39
29
42
37
44
39
35
47
39
41
42
29
26
42
38
29
40
41
36
40
31
31
32
27
29
44
33
34
40
35
30
47
33
36
47
33
38
46
31
41
35
38
31
36
28
31
29
42
28
36
40
27
26
40
42
39
29
35
25
37
31
40
28
26
45
33
25
32
33
27
31
32
38
36
31
38
22
24
30
43
35
23
37
32
36
30
24
36
28
30
29
46
36
30
36
26
21
30
24
37
27
26
33
31
34
33
18
27
19
23
26
37
21
30
34
28
23
31
26
25
28
34
37
25
26
31
30
25
32
29
26
26
22
31
22
36
38
29
32
19
35
20
20
20
28
27
18
31
28
39
27
30
25
22
30
16
28
26
22
13
30
28
18
19
22
27
19
24
23
22
22
24
17
27
6
31
22
33
27
26
17
19
21
16
15
15
24
13
13
19
20
17
15
19
30
21
25
18
11
19
17
18
16
18
19
17
12
22
25
21
19
13
22
15
21
15
16
22
18
18
19
12
17
14
14
13
18
20
16
17
15
15
9
25
12
19
16
19
20
7
12
15
15
10
13
21
18
15
17
15
17
11
24
17
22
20
11
9
18
12
10
13
23
13
20
12
22
15
17
21
17
19
16
15
13
22
16
13
19
16
22
17
19
24
12
18
22
15
13
17
18
23
12
16
18
17
16
20
16
22
16
24
23
13
22
22
21
21
20
19
18
17
19
12
14
20
15
21
17
23
20
26
25
21
20
28
30
26
28
24
22
25
20
21
21
14
23
14
23
21
22
28
17
20
19
21
22
20
16
23
26
28
25
23
16
30
19
23
21
27
20
27
26
28
23
36
18
25
22
28
23
28
36
41
32
28
35
28
29
27
17
23
35
26
32
37
27
29
28
26
23
25
24
30
19
17
25
22
25
7
22
18
10
20
15
15
10
15
14
18
9
19
12
15
9
13
13
4
7
12
13
7
12
9
8
9
1
3
10
4
4
6
5
2
3
4
5
1
7
2
7
2
2
2
4
3
4
2
1
5
1
1
0
4
0
4
1
3
1
1
4
2
0
1
3
1
1
2
0
1
1
0
2
3
3
0
1
1
0
1
0
0
2
1
0
0
0
0
0
0
1
0
0
1
1
2
0
1
0
0
0
3
0
1
0
2
1
1
0
2
0
0
0
0
0
0
0
0
0
0
0
0
0
0
0
0
0
0
0
0
0
0
0
0
0
0
0
0
0
0
0
1
0
0
0
0
0
0
0
1
0
0
0
0
1
0
0
0
0
0
0
0
0
0
0
0
0
0
0
0
0
1
0
0
0
1
0
0
0
0
0
0
0
0
0
0
0
0
0
0
0
0
0
0
1
0
1
0
0
0
0
0
0
0
0
0
0
0
0
0
0
0
0
0
0
0
0
0
0
0
0
0
0
0
0
0
0
0
0
0
0
0
0
0
0
0
0
0
0
0
0
0
0
0
0
0
0
0
0
0
0
0
0
1
0
0
0
0
0
0
0
0
0
0
0
0
0
0
0
0
0
0
0
0
0
0
0
0
0
0
0
0
0
0
0
0
0
0
0
0
0
0
0
0
0
0
0
0
0
0
0
0
0
0
0
0
0
0
0
0
0
0
0
0
0
0
0
0
0
0
0
0
0
0
0
0
0
0
0
0
0
0
0
0
0
0
0
0
0
0
0
0
0
0
0
0
0
0
1
0
0
0
0
0
0
0
0
0
0
1
0
0
0
0
0
0
0
0
0
0
0
0
0
0
0
0
0
0
0
0
0
0
0
0
0
0
0
0
0
0
1
0
0
0
0
0
0
0
0
0
0
0
0
0
0
0
0
0
0
0
0
0
0
0
1
0
0
0
0
0
0
1
1
0
0
0
0
0
0
0
0
0
0
0
0
0
0
0
0
0
0
0
0
0
0
0
0
0
0
0
0
0
0
0
0
1
0
0
0
0
0
0
0
0
0
0
0
0
0
0
0
0
0
0
0
0
0
0
0
0
0
0
0
0
0
0
0
0
0
0
0
0
1
0
0
0
0
0
0
0
0
1
0
0
0
0
0
0
0
0
0
0
0
0
0
0
0
0
0
0
0
0
0
0
0
0
0
0
0
0
0
0
1
0
0
0
0
0
0
0
0
0
0
0
0
0
0
0
0
0
0
0
0
0
0
0
0
0
0
0
0
0
0
0
0
0
0
0
0
0
0
0
0
0
0
0
0
0
0
0
0
0
0
0
0
0
0
0
1
0
0
0
0
0
0
0
0
0
0
0
0
0
0
0
1
0
0
1
0
0
0
0
0
0
0
0
0
0
0
0
0
0
0
0
0
0
0
0
0
0
0
0
0
0
0
0
0
0
0
0
0
0
0
0
0
0
0
0
0
0
0
1
0
0
0
0
0
0
0
0
0
0
0
0
0
0
0
0
0
0
0
0
0
0
0
0
0
0
0
0
0
0
0
0
0
0
0
0
0
0
0
0
0
0
0
0
0
0
0
0
0
0
0
0
0
0
0
0
0
0
0
0
0
0
0
0
0
0
0
0
0
0
0
0
0
0
0
0
0
0
0
0
0
0
0
0
0
0
0
0
0
0
0
0
0
0
0
0
0
0
0
0
0
0
0
0
0
0
0
0
0
0
0
0
0
0
0
0
0
0
0
0
0
0
0
0
0
0
0
0
0
0
0
0
0
0
0
0
0
0
0
0
0
0
0
0
0
0
0
0
0
0
0
0
0
0
0
1
0
0
0
0
0
0
0
0
0
0
0
0
0
0
0
0
0
0
0
0
0
0
0
0
0
0
0
0
0
0
0
0
0
0
0
0
0
0
0
0
0
0
0
0
0
0
0
0
0
0
0
0
0
0
0
0
0
0
0
0
0
0
0
0
0
0
0
0
0
0
0
0
0
0
0
0
0
0
0
0
0
0
0
0
0
0
0
0
0
0
0
0
0
0
0
0
0
0
0
0
0
0
0
0
0
0
0
0
0
0
0
0
0
0
0
0
0
0
0
0
0
0
0
0
0
0
0
0
0
0
0
0
0
0
0
0
0
0
0
0
0
0
0
0
0
0
0
0
0
0
0
0
0
0
0
0
0
0
0
0
0
0
0
0
0
0
0
0
0
0
0
0
0
0
0
0
0
0
0
0
0
0
0
0
0
0
0
0
0
0
0
0
0
0
0
0
0
0
0
0
0
0
0
0
0
0
0
0
0
0
0
0
0
0
0
0
0
0
0
0
0
0
0
0
0
0
0
0
0
0
0
0
0
0
0
0
0
0
0
0
0
0
0
0
0
0
0
0
0
0
0
0
0
0
0
0
0
0
0
0
0
0
0
0
0
0
0
0
0
0
0
0
0
0
0
0
0
0
0
0
0
0
0
0
0
0
0
0
0
0
0
0
0
0
0
0
0
0
0
0
0
0
0
0
0
0
0
0
0
0
0
0
0
0
0
0
0
0
0
0
0
0
0
0
0
0
0
0
0
0
0
0
0
0
0
0
0
0
0
0
0
0
0
0
0
0
0
0
0
0
0
0
0
0
0
0
0
0
0
0
0
0
0
0
0
0
0
0
0
0
0
0
0
0
0
0
0
0
0
0
0
0
0
0
0
0
0
0
0
0
0
0
0
0
0
0
0
0
0
0
0
0
0
0
0
0
0
0
0
0
0
0
0
0
0
0
0
0
0
0
0
0
0
0
0
0
0
0
0
0
0
0
0
0
0
0
0
0
0
0
0
0
0
0
0
0
0
0
0
0
0
0
0
0
0
0
0
0
0
0
0
0
0
0
0
0
0
0
0
0
0
0
0
0
0
0
0
0
0
0
0
0
0
0
0
0
0
0
0
0
0
0
0
0
0
0
0
0
0
0
0
0
0
0
0
0
0
0
0
0
0
0
0
0
0
0
0
0
0
0
0
0
0
0
0
0
0
0
0
0
0
0
0
0
0
0
0
0
0
0
0
0
0
0
0
0
0
0
0
0
0
0
0
0
0
0
0
0
0
0
0
0
0
0
0
0
0
0
0
0
0
0
0
0
0
0
0
0
0
0
0
0
0
0
0
0
0
0
0
0
0
0
0
0
0
0
0
0
0
0
0
0
0
0
0
0
0
0
0
0
0
0
0
0
0
0
0
0
0
0
0
0
0
0
0
0
0
0
0
0
0
0
0
0
0
0
0
0
0
0
0
0
0
0
0
0
0
0
0
0
0
0
0
0
0
0
0
0
0
0
0
0
0
0
0
0
0
0
0
0
0
0
0
0
0
0
0
0
0
0
0
0
0
0
0
0
0
0
0
0
0
0
0
0
0
0
0
0
0
0
0
0
0
0
0
0
0
0
0
0
0
0
0
0
0
0
0
0
0
0
0
0
0
0
0
0
0
0
0
0
0
0
0
0
0
0
0
0
0
0
0
0
0
0
0
0
0
0
0
0
0
0
0
0
0
0
0
0
0
0
0
0
0
0
0
0
0
0
0
0
0
0
0
0
0
0
0
0
0
0
0
0
0
0
0
0
0
0
0
0
0
0
0
0
0
0
0
0
0
0
0
0
0
0
0
0
0
0
0
0
0
0
0
0
0
0
0
0
0
0
0
0
0
0
0
0
0
0
0
0
0
0
0
0
0
0
0
0
0
0
0
0
0
0
0
0
0
0
0
0
0
0
0
0
0
0
0
0
0
0
0
0
0
0
0
0
0
0
0
0
0
0
0
0
0
0
0
0
0
0
0
0
0
0
0
0
0
0
0
0
0
0
0
0
0
0
0
0
0
0
0
0
0
0
0
0
0
0
0
0
0
0
0
0
0
0
0
0
0
0
0
0
0
0
0
0
0
0
0
0
0
0
0
0
0
0
0
0
0
0
0
0
0
0
0
0
0
0
0
0
0
0
0
0
0
0
0
0
0
0
0
0
0
0
0
0
0
0
0
0
0
0
0
0
0
0
0
0
0
0
0
0
0
0
0
0
0
0
0
0
0
0
0
0
0
0
0
0
0
0
0
0
0
0
0
0
0
0
0
0
0
0
0
0
0
0
0
0
0
0
0
0
0
0
0
0
0
0
0
0
0
0
0
0
0
0
0
0
0
0
0
0
0
0
0
0
0
0
0
0
0
0
0
0
0
0
0
0
0
0
0
0
0
0
0
0
0
0
0
0
0
0
0
0
0
0
0
0
0
0
0
0
0
0
0
0
0
0
0
0
0
0
0
0
0
0
0
0
0
0
0
0
0
0
0
0
0
0
0
0
0
0
0
0
0
0
0
0
0
0
0
0
0
0
0
0
0
0
0
0
0
0
0
0
0
0
0
0
0
0
0
0
0
0
0
0
0
0
0
0
0
0
0
0
0
0
0
0
0
0
0
0
0
0
0
0
0
0
0
0
0
0
0
0
0
0
0
0
0
0
0
0
0
0
0
0
0
0
0
0
0
0
0
0
0
0
0
0
0
0
0
0
0
0
0
0
0
0
0
0
0
0
0
0
0
0
0
0
0
0
0
0
0
0
0
0
0
0
0
0
0
0
0
0
0
0
0
0
0
0
0
0
0
0
0
0
0
0
0
0
0
0
0
0
0
0
0
0
0
0
0
0
0
0
0
0
0
0
0
0
0
0
0
0
0
0
0
0
0
0
0
0
0
0
0
0
0
0
0
0
0
0
0
0
0
0
0
0
0
0
0
0
0
0
0
0
0
0
0
0
0
0
0
0
0
0
0
0
0
0
0
0
0
0
0
0
0
0
0
0
0
0
0
0
0
0
0
0
0
0
0
0
0
0
0
0
0
0
0
0
0
0
0
0
0
0
0
0
0
0
0
0
0
0
0
0
0
0
0
0
0
0
0
0
0
0
0
0
0
0
0
0
0
0
0
0
0
0
0
0
0
0
0
0
0
0
0
0
0
0
0
0
0
0
0
0
0
0
0
0
0
0
0
0
0
0
0
0
0
0
0
0
0
0
0
0
0
0
0
0
0
0
0
0
0
0
0
0
0
0
0
0
0
0
0
0
0
0
0
0
0
0
0
0
0
0
0
0
0
0
0
0
0
0
0
0
0
0
0
0
0
0
0
0
0
0
0
0
0
0
0
0
0
0
0
0
0
0
0
0
0
0
0
0
0
0
0
0
0
0
0
0
0
0
0
0
0
0
0
0
0
0
0
0
0
0
0
0
0
0
0
0
0
0
0
0
0
0
0
0
0
0
0
0
0
0
0
0
0
0
0
0
0
0
0
0
0
0
0
0
0
0
0
0
0
0
0
0
0
0
0
0
0
0
0
0
0
0
0
0
0
0
0
0
0
0
0
0
0
0
0
0
0
0
0
0
0
0
0
0
0
0
0
0
0
0
0
0
0
0
0
0
0
0
0
0
0
0
0
0
0
0
0
0
0
0
0
0
0
0
0
0
0
0
0
0
0
0
0
0
0
0
0
0
0
0
0
0
0
0
0
0
0
0
0
0
0
0
0
0
0
0
0
0
0
0
0
0
0
0
0
0
0
0
0
0
0
0
0
0
0
0
0
0
0
0
0
0
0
0
0
0
0
0
0
0
0
0
0
0
0
0
0
0
0
0
0
0
0
0
0
0
0
0
0
0
0
0
0
0
0
0
0
0
0
0
0
0
0
0
0
0
0
0
0
0
0
0
0
0
0
0
0
0
0
0
0
0
0
0
0
0
0
0
0
0
0
0
0
0
0
0
0
0
0
0
0
0
0
0
0
0
0
0
0
0
0
0
0
0
0
0
0
0
0
0
0
0
0
0
0
0
0
0
0
0
0
0
0
0
0
0
0
0
0
0
0
0
0
0
0
0
0
0
0
0
0
0
0
0
0
0
0
0
0
0
0
0
0
0
0
0
0
0
0
0
0
0
0
0
0
0
0
0
0
0
0
0
0
0
0
0
0
0
0
0
0
0
0
0
0
0
0
0
0
0
0
0
0
0
0
0
0
0
0
0
0
0
0
0
0
0
0
0
0
0
0
0
0
0
0
0
0
0
0
0
0
0
0
0
0
0
0
0
0
0
0
0
0
0
0
0
0
0
0
0
0
0
0
0
0
0
0
0
0
0
0
0
0
0
0
0
0
0
0
0
0
0
0
0
0
0
0
0
0
0
0
0
0
0
0
0
0
0
0
0
0
0
0
0
0
0
0
0
0
0
0
0
0
0
0
0
0
0
0
0
0
0
0
0
0
0
0
0
0
0
0
0
0
0
0
0
0
0
0
0
0
0
0
0
0
0
0
0
0
0
0
0
0
0
0
0
0
0
0
0
0
0
0
0
0
0
0
0
0
0
0
0
0
0
0
0
0
0
0
0
0
0
0
0
0
0
0
0
0
0
0
0
0
0
0
0
0
0
0
0
0
0
0
0
0
0
0
0
0
0
0
0
0
0
0
0
0
0
0
0
0
0
0
0
0
0
0
0
0
0
0
0
0
0
0
0
0
0
0
0
0
0
0
0
0
0
0
0
0
0
0
0
0
0
0
0
0
0
0
0
0
0
0
0
0
0
0
0
0
0
0
0
0
0
0
0
0
0
0
0
0
0
0
0
0
0
0
0
0
0
0
0
0
0
0
0
0
0
0
0
0
0
0
0
0
0
0
0
0
0
0
0
0
0
0
0
0
0
0
0
0
0
0
0
0
0
0
0
0
0
0
0
0
0
0
0
0
0
0
0
0
0
0
0
0
0
0
0
0
0
0
0
0
0
0
0
0
0
0
0
0
0
0
0
0
0
0
0
0
0
0
0
0
0
0
0
0
0
0
0
0
0
0
0
0
0
0
0
0
0
0
0
0
0
0
0
0
0
0
0
0
0
0
0
0
0
0
0
0
0
0
0
0
0
0
0
0
0
0
0
0
0
0
0
0
0
0
0
0
0
0
0
0
0
0
0
0
0
0
0
0
0
0
0
0
0
0
0
0
0
0
0
0
0
0
0
0
0
0
0
0
0
0
0
0
0
0
0
0
0
0
0
0
0
0
0
0
0
0
0
0
0
0
0
0
0
0
0
0
0
0
0
0
0
0
0
0
0
0
0
0
0
0
0
0
0
0
0
0
0
0
0
0
0
0
0
0
0
0
0
0
0
0
0
0
0
0
0
0
0
0
0
0
0
0
0
0
0
0
0
0
0
0
0
0
0
0
0
0
0
0
0
0
0
0
0
0
0
0
0
0
0
0
0
0
0
0
0
0
0
0
0
0
0
0
0
0
0
0
0
0
0
0
0
0
0
0
0
0
0
0
0
0
0
0
0
0
0
0
0
0
0
0
0
0
0
0
0
0
0
0
0
0
0
0
0
0
0
0
0
0
0
0
0
0
0
0
0
0
0
0
0
0
0
0
0
0
0
0
0
0
0
0
0
0
0
0
0
0
0
0
0
0
0
0
0
0
0
0
0
0
0
0
0
0
0
0
0
0
0
0
0
0
0
0
0
0
0
0
0
0
0
0
0
0
0
0
0
0
0
0
0
0
0
0
0
0
0
0
0
0
0
0
0
0
0
0
0
0
0
0
0
0
0
0
0
0
0
0
0
0
0
0
0
0
0
0
0
0
0
0
0
0
0
0
0
0
0
0
0
0
0
0
0
0
0
0
0
0
0
0
0
0
0
0
0
0
0
0
0
0
0
0
0
0
0
0
0
0
0
0
0
0
0
0
0
0
0
0
0
0
0
0
0
0
0
0
0
0
0
0
0
0
0
0
0
0
0
0
0
0
0
0
0
0
0
0
0
0
0
0
0
0
0
0
0
0
0
0
0
0
0
0
0
0
0
0
0
0
0
0
0
0
0
0
0
0
0
0
0
0
0
0
0
0
0
0
0
0
0
0
0
0
0
0
0
0
0
0
0
0
0
0
0
0
0
0
0
0
0
0
0
0
0
0
0
0
0
0
0
0
0
0
0
0
0
0
0
0
0
0
0
0
0
0
0
0
0
0
0
0
0
0
0
0
0
0
0
0
0
0
0
0
0
0
0
0
0
0
0
0
0
0
0
0
0
0
0
0
0
0
0
0
0
0
0
0
0
0
0
0
0
0
0
0
0
0
0
0
0
0
0
0
0
0
0
0
0
0
0
0
0
0
0
0
0
0
0
0
0
0
0
0
0
0
0
0
0
0
0
0
0
0
0
0
0
0
0
0
0
0
0
0
0
0
0
0
0
0
0
0
0
0
0
0
0
0
0
0
0
0
0
0
0
0
0
0
0
0
0
0
0
0
0
0
0
0
0
0
0
0
0
0
0
0
0
0
0
0
0
0
0
0
0
0
0
0
0
0
0
0
0
0
0
0
0
0
0
0
0
0
0
0
0
0
0
0
0
0
0
0
0
0
0
0
0
0
0
0
0
0
0
0
0
0
0
0
0
0
0
0
0
0
0
0
0
0
0
0
0
0
0
0
0
0
0
0
0
0
0
0
0
0
0
0
0
0
0
0
0
0
0
0
0
0
0
0
0
0
0
0
0
0
0
0
0
0
0
0
0
0
0
0
0
0
0
0
0
0
0
0
0
0
0
0
0
0
0
0
0
0
0
0
0
0
0
0
0
0
0
0
0
0
0
0
0
0
0
0
0
0
0
0
0
0
0
0
0
0
0
0
0
0
0
0
0
0
0
0
0
0
0
0
0
0
0
0
0
0
0
0
0
0
0
0
0
0
0
0
0
0
0
0
0
0
0
0
0
0
0
0
0
0
0
0
0
0
0
0
0
0
0
0
0
0
0
0
0
0
0
0
0
0
0
0
0
0
0
0
0
0
0
0
0
0
0
0
0
0
0
0
0
0
0
0
0
0
0
0
0
0
0
0
0
0
0
0
0
0
0
0
0
0
0
0
0
0
0
0
0
0
0
0
0
0
0
0
0
0
0
0
0
0
0
0
0
0
0
0
0
0
0
0
0
0
0
0
0
0
0
0
0
0
0
0
0
0
0
0
0
0
0
0
0
0
0
0
0
0
0
0
0
0
0
0
0
0
0
0
0
0
0
0
0
0
0
0
0
0
0
0
0
0
0
0
0
0
0
0
0
0
0
0
0
0
0
0
0
0
0
0
0
0
0
0
0
0
0
0
0
0
0
0
0
0
0
0
0
0
0
0
0
0
0
0
0
0
0
0
0
0
0
0
0
0
0
0
0
0
0
0
0
0
0
0
0
0
0
0
0
0
0
0
0
0
0
0
0
0
0
0
0
0
0
0
0
0
0
0
0
0
0
0
0
0
0
0
0
0
0
0
0
0
0
0
0
0
0
0
0
0
0
0
0
0
0
0
0
0
0
0
0
0
0
0
0
0
0
0
0
0
0
0
0
0
0
0
0
0
0
0
0
0
0
0
0
0
0
0
0
0
0
0
0
0
0
0
0
0
0
0
0
0
0
0
0
0
0
0
0
0
0
0
0
0
0
0
0
0
0
0
0
0
0
0
0
0
0
0
0
0
0
0
0
0
0
0
0
0
0
0
0
0
0
0
0
0
0
0
0
0
0
0
0
0
0
0
0
0
0
0
0
0
0
0
0
0
0
0
0
0
0
0
0
0
0
0
0
0
0
0
0
0
0
0
0
0
0
0
0
0
0
0
0
0
0
0
0
0
0
0
0
0
0
0
0
0
0
0
0
0
0
0
0
0
0
0
0
0
0
0
0
0
0
0
0
0
0
0
0
0
0
0
0
0
0
0
0
0
0
0
0
0
0
0
0
0
0
0
0
0
0
0
0
0
0
0
0
0
0
0
0
0
0
0
0
0
0
0
0
0
0
0
0
0
0
0
0
0
0
0
0
0
0
0
0
0
0
0
0
0
0
0
0
0
0
0
0
0
0
0
0
0
0
0
0
0
0
0
0
0
0
0
0
0
0
0
0
0
0
0
0
0
0
0
0
0
0
0
0
0
0
0
0
0
0
0
0
0
0
0
0
0
0
0
0
0
0
0
0
0
0
0
0
0
0
0
0
0
0
0
0
0
0
0
0
0
0
0
0
0
0
0
0
0
0
0
0
0
0
0
0
0
0
0
0
0
0
0
0
0
0
0
0
0
0
0
0
0
0
0
0
0
0
0
0
0
0
0
0
0
0
0
0
0
0
0
0
0
0
0
0
0
0
0
0
0
0
0
0
0
0
0
0
0
0
0
0
0
0
0
0
0
0
0
0
0
0
0
0
0
0
0
0
0
0
0
0
0
0
0
0
0
0
0
0
0
0
0
0
0
0
0
0
0
0
0
0
0
0
0
0
0
0
0
0
0
0
0
0
0
0
0
0
0
0
0
0
0
0
0
0
0
0
0
0
0
0
0
0
0
0
0
0
0
0
0
0
0
0
0
0
0
0
0
0
0
0
0
0
0
0
0
0
0
0
0
0
0
0
0
0
0
0
0
0
0
0
0
0
0
0
0
0
0
0
0
0
0
0
0
0
0
0
0
0
0
0
0
0
0
0
0
0
0
0
0
0
0
0
0
0
0
0
0
0
0
0
0
0
0
0
0
0
0
0
0
0
0
0
0
0
0
0
0
0
0
0
0
0
0
0
0
0
0
0
0
0
0
0
0
0
0
0
0
0
0
0
0
0
0
0
0
0
0
0
0
0
0
0
0
0
0
0
0
0
0
0
0
0
0
0
0
0
0
0
0
0
0
0
0
0
0
0
0
0
0
0
0
0
0
0
0
0
0
0
0
0
0
0
0
0
0
0
0
0
0
0
0
0
0
0
0
0
0
0
0
0
0
0
0
0
0
0
0
0
0
0
0
0
0
0
0
0
0
0
0
0
0
0
0
0
0
0
0
0
0
0
0
0
0
0
0
0
0
0
0
0
0
0
0
0
0
0
0
0
0
0
0
0
0
0
0
0
0
0
0
0
0
0
0
0
0
0
0
0
0
0
0
0
0
0
0
0
0
0
0
0
0
0
0
0
0
0
0
0
0
0
0
0
0
0
0
0
0
0
0
0
0
0
0
0
0
0
0
0
0
0
0
0
0
0
0
0
0
0
0
0
0
0
0
0
0
0
0
0
0
0
0
0
0
0
0
0
0
0
0
0
0
0
0
0
0
0
0
0
0
0
0
0
0
0
0
0
0
0
0
0
0
0
0
0
0
0
0
0
0
0
0
0
0
0
0
0
0
0
0
0
0
0
0
0
0
0
0
0
0
0
0
0
0
0
0
0
0
0
0
0
0
0
0
0
0
0
0
0
0
0
0
0
0
0
0
0
0
0
0
0
0
0
0
0
0
0
0
0
0
0
0
0
0
0
0
0
0
0
0
0
0
0
