0
0
0
0
0
0
0
0
0
0
0
0
0
0
0
0
0
0
0
0
0
0
0
0
0
0
0
0
0
0
0
0
0
0
0
0
0
0
0
0
0
0
0
0
0
0
0
0
0
0
0
0
0
0
0
0
0
0
0
0
0
0
0
0
0
0
0
0
1
0
0
0
0
0
1
0
0
1
0
2
1
3
5
0
4
4
4
1
5
5
4
1
5
4
0
0
3
5
4
3
10
8
9
17
30
28
70
88
118
136
160
164
176
193
232
224
222
202
226
250
246
209
251
240
221
258
228
238
252
259
259
254
244
255
279
273
270
260
270
236
289
305
281
278
324
222
290
273
256
276
217
303
266
283
290
285
324
285
280
249
307
295
297
314
290
283
284
303
278
299
311
293
314
321
284
304
299
311
303
337
314
286
322
347
314
323
326
328
315
312
288
346
307
319
336
341
327
314
302
290
331
329
375
301
348
331
352
300
317
369
352
313
339
334
317
319
325
342
329
309
317
332
356
349
334
352
313
327
342
345
342
341
324
323
355
336
345
323
344
349
359
343
363
328
305
353
357
344
361
379
341
344
336
313
346
353
338
350
315
349
304
369
330
343
338
309
341
300
350
300
320
329
338
318
345
272
313
341
310
340
350
342
327
357
328
329
333
323
322
322
352
330
341
344
327
300
335
345
329
313
372
330
319
315
292
346
297
328
347
298
314
317
346
333
313
324
302
305
321
347
318
289
332
330
334
332
345
317
324
324
349
334
331
304
335
296
275
334
319
340
286
298
338
314
322
316
307
320
342
294
286
296
335
298
277
290
326
301
302
320
305
306
299
317
295
301
273
303
294
313
305
298
289
305
313
293
314
271
279
293
304
283
303
256
312
305
318
308
271
283
327
308
287
302
322
309
318
298
304
283
295
291
295
327
299
259
282
279
278
298
281
286
280
297
319
303
288
282
277
287
300
288
290
275
269
261
294
285
280
284
263
280
262
279
263
301
262
281
268
266
293
288
245
268
269
248
291
269
286
258
289
258
301
218
272
258
263
245
254
283
258
250
256
268
255
267
270
249
273
264
245
282
282
266
277
259
266
270
264
241
266
248
253
219
280
253
270
264
288
277
241
270
257
253
242
243
258
262
243
254
266
231
262
273
277
231
225
246
246
257
260
255
266
245
239
244
257
230
259
237
247
258
248
228
253
246
234
228
283
245
225
221
216
260
244
215
253
242
219
257
211
248
227
247
219
216
217
237
236
236
252
231
219
244
251
229
256
239
213
217
224
232
236
227
214
236
196
204
216
226
209
184
234
204
230
198
225
212
234
242
200
221
207
218
233
221
204
233
203
204
214
209
211
216
207
221
195
183
186
207
188
218
193
188
222
187
198
198
199
196
201
172
193
202
212
179
171
196
173
191
181
181
201
190
177
184
190
193
183
167
170
175
155
181
198
193
180
168
160
171
199
168
199
186
190
172
188
171
175
181
159
165
190
158
163
160
156
184
162
166
165
166
168
180
144
182
176
170
154
173
154
158
150
183
153
159
167
166
154
171
145
151
165
152
162
140
146
147
153
151
160
161
164
160
166
161
149
171
157
153
166
158
160
147
152
154
143
156
150
156
146
150
173
157
135
140
165
136
152
171
167
145
136
125
158
163
163
164
135
152
161
167
151
148
136
140
152
155
158
157
146
163
156
169
153
161
160
178
159
147
158
155
180
162
151
159
153
176
162
196
163
153
185
136
167
160
171
177
172
161
147
183
164
153
155
159
178
177
181
193
156
169
156
169
173
181
193
207
200
196
200
203
193
202
189
237
205
208
213
214
211
168
218
218
203
227
199
245
218
213
209
218
210
239
228
205
256
250
213
222
224
213
245
259
238
206
246
239
261
262
269
253
259
262
242
280
235
281
272
278
271
271
292
291
295
240
275
292
282
291
290
304
308
304
287
336
298
320
325
315
300
315
333
288
302
317
310
302
334
342
333
315
347
317
367
320
353
313
381
398
370
364
372
317
344
367
335
368
357
398
360
356
395
353
428
368
367
375
386
410
403
436
375
381
385
400
447
409
431
399
419
395
439
417
405
439
418
430
424
415
479
429
448
476
455
433
457
433
439
455
402
456
449
446
449
436
442
452
462
442
427
426
472
463
482
483
455
464
477
454
454
438
511
421
459
477
446
471
467
432
479
464
474
438
480
460
453
503
461
458
442
485
521
470
495
453
485
485
450
505
496
438
480
455
479
442
474
484
471
444
459
450
485
479
439
449
453
440
472
455
466
437
463
426
430
438
468
436
429
453
454
481
413
461
441
405
446
430
432
425
435
411
408
457
395
417
424
401
405
441
451
411
426
433
409
386
393
394
400
402
405
422
386
376
438
385
399
418
445
416
368
407
407
378
413
400
425
376
377
403
354
350
388
393
348
372
377
347
356
357
333
376
396
333
347
356
334
391
344
358
355
338
355
342
317
346
335
359
329
343
328
333
308
320
320
345
297
301
307
293
307
303
291
272
308
295
302
313
274
291
317
288
276
289
274
276
282
310
242
303
283
278
271
271
249
281
267
269
289
264
257
245
280
251
276
243
280
261
252
255
273
251
237
283
258
239
266
242
250
224
207
245
236
246
248
236
241
235
228
200
212
195
197
212
220
208
190
201
243
210
212
222
212
219
223
210
232
172
192
220
197
195
196
206
197
188
218
179
194
211
228
184
189
194
199
203
181
200
199
200
195
172
188
181
178
172
187
166
186
180
182
189
210
189
169
163
192
176
180
155
160
176
159
183
179
183
191
176
175
163
168
143
156
155
149
180
145
178
169
159
143
157
158
148
180
162
175
161
169
143
125
156
167
146
165
155
150
157
146
158
158
161
135
164
154
152
160
167
159
152
137
148
114
139
155
141
158
114
147
136
138
156
143
157
156
162
147
135
148
131
119
133
134
145
154
124
148
148
127
129
139
139
153
125
134
125
116
137
125
128
116
142
123
138
134
132
105
124
130
139
103
119
116
152
109
116
119
121
119
125
130
114
96
114
123
118
112
117
123
115
131
117
117
99
115
121
130
133
110
116
110
102
118
110
113
128
114
131
117
108
102
109
112
112
145
126
131
102
110
118
109
115
111
100
120
102
110
135
103
115
96
104
108
129
95
119
103
113
126
93
113
104
101
112
104
106
108
108
101
107
126
95
91
111
104
95
114
109
90
91
82
94
100
87
112
110
115
111
88
101
108
115
108
90
106
102
120
94
109
106
90
86
106
87
106
102
98
85
99
102
102
99
95
85
91
90
93
99
104
83
92
82
83
103
82
101
84
101
92
85
88
66
90
74
85
102
96
95
87
92
84
73
85
68
86
107
89
71
86
95
93
83
82
95
75
63
101
88
86
84
99
84
106
95
85
91
95
73
101
82
82
75
82
97
93
86
87
82
89
73
71
83
92
87
76
84
71
81
65
85
78
80
85
75
77
79
86
95
74
71
87
82
65
70
57
70
65
76
76
73
77
74
59
77
80
67
65
78
77
62
72
69
68
73
87
75
65
68
60
67
72
67
71
74
59
74
68
78
73
55
85
68
69
80
66
61
60
58
59
60
61
68
62
69
51
61
73
63
51
59
69
67
71
51
65
72
73
53
72
50
60
67
60
56
56
67
77
71
64
67
65
49
63
70
68
83
59
72
62
61
64
66
57
45
62
57
54
63
63
61
57
55
48
60
71
48
69
75
49
55
47
55
49
64
56
51
55
70
47
51
55
52
56
57
56
57
52
55
54
67
58
58
56
56
48
68
56
63
34
48
38
49
48
41
50
55
45
47
52
53
46
50
50
49
62
50
41
41
62
52
43
41
51
54
48
63
39
47
48
41
40
52
63
55
53
50
50
49
49
45
45
39
49
40
45
48
34
55
43
37
44
43
53
44
40
37
34
40
49
49
51
54
46
51
54
48
45
45
46
56
47
51
49
43
54
45
54
50
43
44
55
44
40
47
57
39
46
35
48
45
49
44
49
32
39
55
38
41
43
36
45
45
32
28
45
44
38
48
34
39
56
52
34
45
39
43
24
49
42
39
49
41
43
42
37
35
38
32
33
51
57
43
46
32
31
40
44
42
39
36
37
44
30
37
36
41
52
39
38
40
24
34
42
44
35
34
37
41
37
42
37
36
39
50
40
32
45
51
38
46
27
40
34
44
38
27
39
50
38
34
33
34
38
50
34
33
39
45
45
38
41
38
42
41
32
37
41
38
44
35
41
37
35
33
40
42
42
34
54
42
39
39
41
32
32
37
36
47
39
32
46
40
33
36
34
39
36
38
30
32
32
28
37
24
26
38
33
47
31
28
24
32
34
31
40
36
45
38
49
33
39
36
42
33
39
30
39
33
33
37
31
33
33
36
21
23
38
45
30
36
33
42
48
41
35
37
29
39
34
28
42
35
28
37
38
33
42
24
30
38
37
41
34
41
36
36
36
49
39
37
29
37
37
43
49
28
36
31
38
35
38
29
34
36
40
24
26
27
41
36
33
36
39
30
39
40
35
46
37
39
29
30
33
31
28
33
38
48
29
27
40
37
28
36
30
33
31
33
34
38
23
42
19
37
38
30
31
38
43
38
49
41
49
35
36
31
32
43
37
36
39
24
30
27
27
35
38
39
31
26
31
28
32
26
39
23
37
29
34
22
23
46
42
34
32
30
28
35
29
34
37
27
21
26
31
36
26
40
32
34
42
31
27
36
30
28
34
36
28
32
34
31
32
31
32
26
30
20
30
32
39
31
31
29
28
26
22
41
40
19
29
34
21
38
30
29
27
29
31
32
27
28
38
20
36
24
26
24
26
33
36
22
28
17
34
30
29
32
39
32
23
34
28
27
26
20
28
30
29
24
33
28
22
29
33
25
23
27
28
35
24
29
25
32
33
30
26
25
30
23
29
34
25
22
39
25
27
17
31
19
19
24
32
34
25
16
31
31
24
20
25
20
29
30
27
23
22
17
21
19
19
25
28
24
30
31
30
23
26
13
25
22
27
30
17
23
25
29
21
24
26
19
33
25
22
20
24
23
25
20
20
31
23
23
29
19
19
29
24
23
26
16
23
22
23
28
19
25
16
24
22
13
24
32
18
32
16
24
29
16
24
26
19
21
22
17
22
28
27
27
27
18
16
17
29
18
29
31
21
10
17
24
22
27
31
24
23
22
29
21
23
22
19
16
26
28
27
25
28
28
21
19
29
20
17
22
22
25
16
23
26
28
13
29
25
28
18
31
29
26
24
26
19
15
29
26
10
24
22
16
16
22
17
21
21
25
30
19
27
29
22
27
26
23
31
17
22
23
24
28
26
18
20
19
25
26
20
26
23
25
27
28
25
13
25
26
23
27
13
21
21
21
20
26
24
23
24
28
26
31
37
17
34
20
24
15
34
34
18
18
24
22
23
24
29
21
21
22
24
25
22
35
19
18
27
18
15
38
21
28
26
27
20
19
21
20
23
20
28
16
24
21
22
20
21
25
17
28
37
30
13
27
28
16
29
26
28
29
30
24
31
38
23
27
20
27
26
21
30
17
30
24
34
24
17
25
30
18
32
22
26
24
22
21
25
26
27
30
35
33
21
31
43
23
27
28
24
22
28
24
29
26
20
27
22
29
25
29
20
25
16
28
26
24
23
32
29
38
29
29
25
25
27
21
22
21
23
31
33
20
25
31
29
32
29
24
26
22
25
25
31
30
36
29
23
33
31
24
41
25
30
34
31
35
35
29
33
28
32
27
34
30
49
21
30
32
31
31
40
31
23
30
29
32
31
39
22
32
27
30
29
26
36
35
33
29
26
29
26
27
31
36
25
29
27
37
28
26
35
29
20
28
25
32
35
36
29
33
33
34
31
29
30
24
28
38
31
43
34
31
40
25
27
28
41
33
33
42
36
36
35
36
31
37
34
20
26
30
27
37
34
28
31
36
34
37
33
37
26
25
35
24
26
26
29
27
39
22
25
29
30
30
38
30
32
28
21
37
38
28
33
30
27
27
30
27
33
31
33
32
34
37
37
36
38
36
28
26
30
31
31
23
34
35
27
24
28
32
30
37
29
29
27
26
27
30
33
29
18
28
27
36
30
33
25
25
29
38
35
27
31
29
32
35
23
25
28
27
31
31
28
36
33
34
26
26
42
32
42
26
26
18
26
18
31
28
24
29
33
29
26
33
23
21
25
19
30
30
17
23
30
34
23
27
26
32
30
17
30
22
18
16
23
17
25
29
41
24
20
26
12
25
29
21
20
24
23
25
20
29
18
15
24
25
27
29
13
21
29
23
28
30
24
17
22
17
29
22
28
23
19
26
13
24
25
24
16
28
26
24
22
31
21
23
15
15
19
23
21
20
27
24
23
24
20
25
17
19
21
24
24
17
19
14
26
18
14
19
13
16
26
18
14
20
21
18
15
19
30
13
25
14
21
22
20
19
17
19
24
13
18
22
20
15
15
17
19
22
21
18
24
17
13
14
12
22
16
14
18
23
19
14
21
11
22
13
14
13
17
22
19
13
22
15
16
13
15
13
10
14
18
20
23
22
14
13
14
11
18
18
19
15
19
8
14
18
12
11
18
9
10
10
14
17
23
13
16
20
13
15
15
12
15
14
9
12
17
17
14
18
15
14
10
16
11
14
14
9
15
18
10
16
11
12
11
6
15
10
11
13
17
10
15
7
6
12
11
14
19
7
9
10
8
9
12
8
16
17
15
9
8
19
9
10
11
16
13
4
16
14
11
19
10
8
11
9
13
12
8
9
8
10
16
9
12
10
7
17
7
11
16
4
9
7
7
10
14
9
14
9
8
7
7
8
14
13
19
12
14
12
14
6
6
9
15
13
10
11
11
9
13
12
9
9
5
4
7
4
11
8
7
15
5
4
11
13
16
6
5
11
11
7
11
9
8
13
14
12
12
9
8
9
6
8
14
15
14
8
16
9
10
15
13
16
7
8
12
9
11
7
11
16
7
5
11
6
6
10
7
8
12
12
11
4
12
10
8
14
4
9
13
12
7
7
12
8
9
8
7
8
17
13
8
7
5
8
10
4
9
7
10
10
7
8
16
12
7
8
8
9
7
9
10
5
8
10
11
11
13
8
11
7
10
11
8
17
9
11
12
15
14
11
8
10
8
6
15
5
12
14
16
14
13
11
9
9
7
12
11
11
11
9
12
10
9
10
7
16
8
14
16
11
13
12
14
8
10
7
10
9
7
8
10
8
12
13
10
8
4
11
9
8
9
6
11
16
8
15
8
8
9
12
10
8
10
6
7
8
6
7
11
8
9
13
16
11
12
10
6
11
5
6
12
11
9
8
6
9
10
12
8
4
14
4
6
9
9
10
9
12
7
11
12
10
8
9
6
9
11
8
10
13
9
11
5
8
8
9
10
9
6
6
7
8
7
5
4
2
6
8
9
6
7
13
4
9
7
10
6
7
6
7
7
9
3
10
4
5
5
4
6
5
6
4
3
5
8
5
5
4
4
2
7
1
6
6
4
4
4
3
5
4
3
8
1
4
5
2
4
1
2
3
3
2
4
3
2
2
3
5
5
3
5
1
2
5
2
1
4
0
2
1
3
1
0
4
1
0
3
1
0
3
2
2
0
1
0
0
1
1
2
1
1
0
0
0
0
1
0
1
1
1
0
1
0
0
0
0
0
0
0
0
0
1
1
0
0
1
2
0
0
0
1
0
0
0
0
0
0
0
0
0
1
0
0
0
1
0
0
0
0
0
0
1
0
0
1
0
0
0
0
0
0
0
0
0
0
0
0
0
0
0
0
0
0
0
0
0
0
0
0
0
0
0
0
0
0
0
0
0
0
0
0
0
0
0
0
0
0
0
0
0
0
0
0
0
0
0
0
0
0
0
0
0
0
0
0
0
0
0
0
0
0
0
0
0
0
0
0
0
0
0
0
0
0
0
0
0
0
0
0
0
0
0
0
0
1
0
0
0
0
0
0
0
0
0
0
0
0
0
0
0
0
0
0
0
0
0
1
0
0
0
0
0
0
0
0
0
0
0
0
0
0
0
0
0
0
0
0
0
0
0
0
0
0
0
0
0
0
0
0
0
0
0
0
0
0
0
0
0
0
0
0
0
0
0
0
0
0
0
0
0
0
0
0
0
0
0
0
0
0
0
0
0
0
0
0
0
0
0
0
0
0
0
0
0
0
0
0
0
0
0
0
0
0
0
0
0
0
0
0
0
0
0
0
0
0
0
0
0
0
0
0
0
0
0
0
0
0
0
0
0
0
0
0
0
0
0
0
0
0
0
0
0
0
0
0
0
0
0
0
0
0
0
1
0
0
0
0
0
0
0
0
0
0
0
0
0
0
0
0
0
0
0
0
0
0
0
0
0
0
0
0
0
0
0
0
0
0
0
0
0
0
0
0
0
0
0
0
1
0
0
0
0
0
0
0
0
0
0
0
0
0
0
0
0
0
0
0
0
0
0
0
0
0
0
1
0
0
0
0
0
0
0
0
0
0
0
0
0
0
0
0
0
0
0
0
0
0
0
0
0
0
0
0
0
0
0
0
0
0
0
0
0
0
0
0
0
0
0
0
0
0
0
0
0
0
0
0
0
0
0
0
0
0
0
0
0
0
0
0
0
0
0
0
0
0
0
0
0
0
0
0
0
0
0
0
0
0
0
0
0
0
0
0
0
0
0
0
0
0
0
0
0
0
0
0
0
0
0
0
0
0
0
0
0
0
0
0
0
0
0
0
0
0
0
0
0
0
0
0
0
0
0
0
0
0
0
0
0
0
0
0
0
0
0
0
0
0
0
0
0
0
0
0
0
0
0
0
0
0
0
0
0
0
0
0
0
0
0
0
0
0
0
0
0
0
0
0
0
0
0
0
0
0
0
0
0
0
0
0
0
0
0
0
0
0
0
0
0
0
0
0
0
0
0
0
0
0
0
0
0
0
0
0
0
0
0
0
0
0
0
0
0
0
0
0
0
0
0
0
0
0
0
0
0
0
0
0
0
0
0
0
0
0
0
0
0
0
0
0
0
0
0
0
0
0
0
0
0
0
0
0
0
0
0
0
0
0
0
0
0
0
0
0
0
0
0
0
0
0
0
0
0
0
0
0
0
0
0
0
0
0
0
0
0
0
0
0
0
0
0
0
0
0
0
0
0
0
0
0
0
0
0
0
0
0
0
0
0
0
0
0
0
0
0
0
0
0
0
0
0
0
0
0
0
0
0
0
0
0
0
0
0
0
0
0
0
0
0
0
0
0
0
0
0
0
0
0
0
0
0
0
0
0
0
0
0
0
0
0
0
0
0
0
0
0
0
0
0
0
0
0
0
0
0
0
0
0
0
0
0
0
0
0
0
0
0
0
0
0
0
0
0
0
0
0
0
0
0
0
0
0
0
0
0
0
0
0
0
0
0
0
0
0
0
0
0
0
0
0
0
0
0
0
0
0
0
0
0
0
0
0
0
0
0
0
0
0
0
0
0
0
0
0
0
0
0
0
0
0
0
0
0
0
0
0
0
0
0
0
0
0
0
0
0
0
0
0
0
0
0
0
0
0
0
0
0
0
0
0
0
0
0
0
0
0
0
0
0
0
0
0
0
0
0
0
0
0
0
0
0
0
0
0
0
0
0
0
0
0
0
0
0
0
0
0
0
0
0
0
0
0
0
0
0
0
0
0
0
0
0
0
0
0
0
0
0
0
0
0
0
0
0
0
0
0
0
0
0
0
0
0
0
0
0
0
0
0
0
0
0
0
0
0
0
0
0
0
0
0
0
0
0
0
0
0
0
0
0
0
0
0
0
0
0
0
0
0
0
0
0
0
0
0
0
0
0
0
0
0
0
0
0
0
0
0
0
0
0
0
0
0
0
0
0
0
0
0
0
0
0
0
0
0
0
0
0
0
0
0
0
0
0
0
0
0
0
0
0
0
0
0
0
0
0
0
0
0
0
0
0
0
0
0
0
0
0
0
0
0
0
0
0
0
0
0
0
0
0
0
0
0
0
0
0
0
0
0
0
0
0
0
0
0
0
0
0
0
0
0
0
0
0
0
0
0
0
0
0
0
0
0
0
0
0
0
0
0
0
0
0
0
0
0
0
0
0
0
0
0
0
0
0
0
0
0
0
0
0
0
0
0
0
0
0
0
0
0
0
0
0
0
0
0
0
0
0
0
0
0
0
0
0
0
0
0
0
0
0
0
0
0
0
0
0
0
0
0
0
0
0
0
0
0
0
0
0
0
0
0
0
0
0
0
0
0
0
0
0
0
0
0
0
0
0
0
0
0
0
0
0
0
0
0
0
0
0
0
0
0
0
0
0
0
0
0
0
0
0
0
0
0
0
0
0
0
0
0
0
0
0
0
0
0
0
0
0
0
0
0
0
0
0
0
0
0
0
0
0
0
0
0
0
0
0
0
0
0
0
0
0
0
0
0
0
0
0
0
0
0
0
0
0
0
0
0
0
0
0
0
0
0
0
0
0
0
0
0
0
0
0
0
0
0
0
0
0
0
0
0
0
0
0
0
0
0
0
0
0
0
0
0
0
0
0
0
0
0
0
0
0
0
0
0
0
0
0
0
0
0
0
0
0
0
0
0
0
0
0
0
0
0
0
0
0
0
0
0
0
0
0
0
0
0
0
0
0
0
0
0
0
0
0
0
0
0
0
0
0
0
0
0
0
0
0
0
0
0
0
0
0
0
0
0
0
0
0
0
0
0
0
0
0
0
0
0
0
0
0
0
0
0
0
0
0
0
0
0
0
0
0
0
0
0
0
0
0
0
0
0
0
0
0
0
0
0
0
0
0
0
0
0
0
0
0
0
0
0
0
0
0
0
0
0
0
0
0
0
0
0
0
0
0
0
0
0
0
0
0
0
0
0
0
0
0
0
0
0
0
0
0
0
0
0
0
0
0
0
0
0
0
0
0
0
0
0
0
0
0
0
0
0
0
0
0
0
0
0
0
0
0
0
0
0
0
0
0
0
0
0
0
0
0
0
0
0
0
0
0
0
0
0
0
0
0
0
0
0
0
0
0
0
0
0
0
0
0
0
0
0
0
0
0
0
0
0
0
0
0
0
0
0
0
0
0
0
0
0
0
0
0
0
0
0
0
0
0
0
0
0
0
0
0
0
0
0
0
0
0
0
0
0
0
0
0
0
0
0
0
0
0
0
0
0
0
0
0
0
0
0
0
0
0
0
0
0
0
0
0
0
0
0
0
0
0
0
0
0
0
0
0
0
0
0
0
0
0
0
0
0
0
0
0
0
0
0
0
0
0
0
0
0
0
0
0
0
0
0
0
0
0
0
0
0
0
0
0
0
0
0
0
0
0
0
0
0
0
0
0
0
0
0
0
0
0
0
0
0
0
0
0
0
0
0
0
0
0
0
0
0
0
0
0
0
0
0
0
0
0
0
0
0
0
0
0
0
0
0
0
0
0
0
0
0
0
0
0
0
0
0
0
0
0
0
0
0
0
0
0
0
0
0
0
0
0
0
0
0
0
0
0
0
0
0
0
0
0
0
0
0
0
0
0
0
0
0
0
0
0
0
0
0
0
0
0
0
0
0
0
0
0
0
0
0
0
0
0
0
0
0
0
0
0
0
0
0
0
0
0
0
0
0
0
0
0
0
0
0
0
0
0
0
0
0
0
0
0
0
0
0
0
0
0
0
0
0
0
0
0
0
0
0
0
0
0
0
0
0
0
0
0
0
0
0
0
0
0
0
0
0
0
0
0
0
0
0
0
0
0
0
0
0
0
0
0
0
0
0
0
0
0
0
0
0
0
0
0
0
0
0
0
0
0
0
0
0
0
0
0
0
0
0
0
0
0
0
0
0
0
0
0
0
0
0
0
0
0
0
0
0
0
0
0
0
0
0
0
0
0
0
0
0
0
0
0
0
0
0
0
0
0
0
0
0
0
0
0
0
0
0
0
0
0
0
0
0
0
0
0
0
0
0
0
0
0
0
0
0
0
0
0
0
0
0
0
0
0
0
0
0
0
0
0
0
0
0
0
0
0
0
0
0
0
0
0
0
0
0
0
0
0
0
0
0
0
0
0
0
0
0
0
0
0
0
0
0
0
0
0
0
0
0
0
0
0
0
0
0
0
0
0
0
0
0
0
0
0
0
0
0
0
0
0
0
0
0
0
0
0
0
0
0
0
0
0
0
0
0
0
0
0
0
0
0
0
0
0
0
0
0
0
0
0
0
0
0
0
0
0
0
0
0
0
0
0
0
0
0
0
0
0
0
0
0
0
0
0
0
0
0
0
0
0
0
0
0
0
0
0
0
0
0
0
0
0
0
0
0
0
0
0
0
0
0
0
0
0
0
0
0
0
0
0
0
0
0
0
0
0
0
0
0
0
0
0
0
0
0
0
0
0
0
0
0
0
0
0
0
0
0
0
0
0
0
0
0
0
0
0
0
0
0
0
0
0
0
0
0
0
0
0
0
0
0
0
0
0
0
0
0
0
0
0
0
0
0
0
0
0
0
0
0
0
0
0
0
0
0
0
0
0
0
0
0
0
0
0
0
0
0
0
0
0
0
0
0
0
0
0
0
0
0
0
0
0
0
0
0
0
0
0
0
0
0
0
0
0
0
0
0
0
0
0
0
0
0
0
0
0
0
0
0
0
0
0
0
0
0
0
0
0
0
0
0
0
0
0
0
0
0
0
0
0
0
0
0
0
0
0
0
0
0
0
0
0
0
0
0
0
0
0
0
0
0
0
0
0
0
0
0
0
0
0
0
0
0
0
0
0
0
0
0
0
0
0
0
0
0
0
0
0
0
0
0
0
0
0
0
0
0
0
0
0
0
0
0
0
0
0
0
0
0
0
0
0
0
0
0
0
0
0
0
0
0
0
0
0
0
0
0
0
0
0
0
0
0
0
0
0
0
0
0
0
0
0
0
0
0
0
0
0
0
0
0
0
0
0
0
0
0
0
0
0
0
0
0
0
0
0
0
0
0
0
0
0
0
0
0
0
0
0
0
0
0
0
0
0
0
0
0
0
0
0
0
0
0
0
0
0
0
0
0
0
0
0
0
0
0
0
0
0
0
0
0
0
0
0
0
0
0
0
0
0
0
0
0
0
0
0
0
0
0
0
0
0
0
0
0
0
0
0
0
0
0
0
0
0
0
0
0
0
0
0
0
0
0
0
0
0
0
0
0
0
0
0
0
0
0
0
0
0
0
0
0
0
0
0
0
0
0
0
0
0
0
0
0
0
0
0
0
0
0
0
0
0
0
0
0
0
0
0
0
0
0
0
0
0
0
0
0
0
0
0
0
0
0
0
0
0
0
0
0
0
0
0
0
0
0
0
0
0
0
0
0
0
0
0
0
0
0
0
0
0
0
0
0
0
0
0
0
0
0
0
0
0
0
0
0
0
0
0
0
0
0
0
0
0
0
0
0
0
0
0
0
0
0
0
0
0
0
0
0
0
0
0
0
0
0
0
0
0
0
0
0
0
0
0
0
0
0
0
0
0
0
0
0
0
0
0
0
0
0
0
0
0
0
0
0
0
0
0
0
0
0
0
0
0
0
0
0
0
0
0
0
0
0
0
0
0
0
0
0
0
0
0
0
0
0
0
0
0
0
0
0
0
0
0
0
0
0
0
0
0
0
0
0
0
0
0
0
0
0
0
0
0
0
0
0
0
0
0
0
0
0
0
0
0
0
0
0
0
0
0
0
0
0
0
0
0
0
0
0
0
0
0
0
0
0
0
0
0
0
0
0
0
0
0
0
0
0
0
0
0
0
0
0
0
0
0
0
0
0
0
0
0
0
0
0
0
0
0
0
0
0
0
0
0
0
0
0
0
0
0
0
0
0
0
0
0
0
0
0
0
0
0
0
0
0
0
0
0
0
0
0
0
0
0
0
0
0
0
0
0
0
0
0
0
0
0
0
0
0
0
0
0
0
0
0
0
0
0
0
0
0
0
0
0
0
0
0
0
0
0
0
0
0
0
0
0
0
0
0
0
0
0
0
0
0
0
0
0
0
0
0
0
0
0
0
0
0
0
0
0
0
0
0
0
0
0
0
0
0
0
0
0
0
0
0
0
0
0
0
0
0
0
0
0
0
0
0
0
0
0
0
0
0
0
0
0
0
0
0
0
0
0
0
0
0
0
0
0
0
0
0
0
0
0
0
0
0
0
0
0
0
0
0
0
0
0
0
0
0
0
0
0
0
0
0
0
0
0
0
0
0
0
0
0
0
0
0
0
0
0
0
0
0
0
0
0
0
0
0
0
0
0
0
0
0
0
0
0
0
0
0
0
0
0
0
0
0
0
0
0
0
0
0
0
0
0
0
0
0
0
0
0
0
0
0
0
0
0
0
0
0
0
0
0
0
0
0
0
0
0
0
0
0
0
0
0
0
0
0
0
0
0
0
0
0
0
0
0
0
0
0
0
0
0
0
0
0
0
0
0
0
0
0
0
0
0
0
0
0
0
0
0
0
0
0
0
0
0
0
0
0
0
0
0
0
0
0
0
0
0
0
0
0
0
0
0
0
0
0
0
0
0
0
0
0
0
0
0
0
0
0
0
0
0
0
0
0
0
0
0
0
0
0
0
0
0
0
0
0
0
0
0
0
0
0
0
0
0
0
0
0
0
0
0
0
0
0
0
0
0
0
0
0
0
0
0
0
0
0
0
0
0
0
0
0
0
0
0
0
0
0
0
0
0
0
0
0
0
0
0
0
0
0
0
0
0
0
0
0
0
0
0
0
0
0
0
0
0
0
0
0
0
0
0
0
0
0
0
0
0
0
0
0
0
0
0
0
0
0
0
0
0
0
0
0
0
0
0
0
0
0
0
0
0
0
0
0
0
0
0
0
0
0
0
0
0
0
0
0
0
0
0
0
0
0
0
0
0
0
0
0
0
0
0
0
0
0
0
0
0
0
0
0
0
0
0
0
0
0
0
0
0
0
0
0
0
0
0
0
0
0
0
0
0
0
0
0
0
0
0
0
0
0
0
0
0
0
0
0
0
0
0
0
0
0
0
0
0
0
0
0
0
0
0
0
0
0
0
0
0
0
0
0
0
0
0
0
0
0
0
0
0
0
0
0
0
0
0
0
0
0
0
0
0
0
0
0
0
0
0
0
0
0
0
0
0
0
0
0
0
0
0
0
0
0
0
0
0
0
0
0
0
0
0
0
0
0
0
0
0
0
0
0
0
0
0
0
0
0
0
0
0
0
0
0
0
0
0
0
0
0
0
0
0
0
0
0
0
0
0
0
0
0
0
0
0
0
0
0
0
0
0
0
0
0
0
0
0
0
0
0
0
0
0
0
0
0
0
0
0
0
0
0
0
0
0
0
0
0
0
0
0
0
0
0
0
0
0
0
0
0
0
0
0
0
0
0
0
0
0
0
0
0
0
0
0
0
0
0
0
0
0
0
0
0
0
0
0
0
0
0
0
0
0
0
0
0
0
0
0
0
0
0
0
0
0
0
0
0
0
0
0
0
0
0
0
0
0
0
0
0
0
0
0
0
0
0
0
0
0
0
0
0
0
0
0
0
0
0
0
0
0
0
0
0
0
0
0
0
0
0
0
0
0
0
0
0
0
0
0
0
0
0
0
0
0
0
0
0
0
0
0
0
0
0
0
0
0
0
0
0
0
0
0
0
0
0
0
0
0
0
0
0
0
0
0
0
0
0
0
0
0
0
0
0
0
0
0
0
0
0
0
0
0
0
0
0
0
0
0
0
0
0
0
0
0
0
0
0
0
0
0
0
0
0
0
0
0
0
0
0
0
0
0
0
0
0
0
0
0
0
0
0
0
0
0
0
0
0
0
0
0
0
0
0
0
0
0
0
0
0
0
0
0
0
0
0
0
0
0
0
0
0
0
0
0
0
0
0
0
0
0
0
0
0
0
0
0
0
0
0
0
0
0
0
0
0
0
0
0
0
0
0
0
0
0
0
0
0
0
0
0
0
0
0
0
0
0
0
0
0
0
0
0
0
0
0
0
0
0
0
0
0
0
0
0
0
0
0
0
0
0
0
0
0
0
0
0
0
0
0
0
0
0
0
0
0
0
0
0
0
0
0
0
0
0
0
0
0
0
0
0
0
0
0
0
0
0
0
0
0
0
0
0
0
0
0
0
0
0
0
0
0
0
0
0
0
0
0
0
0
0
0
0
0
0
0
0
0
0
0
0
0
0
0
0
0
0
0
0
0
0
0
0
0
0
0
0
0
0
0
0
0
0
0
0
0
0
0
0
0
0
0
0
0
0
0
0
0
0
0
0
0
0
0
0
0
0
0
0
0
0
0
0
0
0
0
0
0
0
0
0
0
0
0
0
0
0
0
0
0
0
0
0
0
0
0
0
0
0
0
0
0
0
0
0
0
0
0
0
0
0
0
0
0
0
0
0
0
0
0
0
0
0
0
0
0
0
0
0
0
0
0
0
0
0
0
0
0
0
0
0
0
0
0
0
0
0
0
0
0
0
0
0
0
0
0
0
0
0
0
0
0
0
0
0
0
0
0
0
0
0
0
0
0
0
0
0
0
0
0
0
0
0
0
0
0
0
0
0
0
0
0
0
0
0
0
0
0
0
0
0
0
0
0
0
0
0
0
0
0
0
0
0
0
0
0
0
0
0
0
0
0
0
0
0
0
0
0
0
0
0
0
0
0
0
0
0
0
0
0
0
0
0
0
0
0
0
0
0
0
0
0
0
0
0
0
0
0
0
0
0
0
0
0
0
0
0
0
0
0
0
0
0
0
0
0
0
0
0
0
0
0
0
0
0
0
0
0
0
0
0
0
0
0
0
0
0
0
0
0
0
0
0
0
0
0
0
0
0
0
0
0
0
0
0
0
0
0
0
0
0
0
0
0
0
0
0
0
0
0
0
0
0
0
0
0
0
0
0
0
0
0
0
0
0
0
0
0
0
0
0
0
0
0
0
0
0
0
0
0
0
0
0
0
0
0
0
0
0
0
0
0
0
0
0
0
0
0
0
0
0
0
0
0
0
0
0
0
0
0
0
0
0
0
0
0
0
0
0
0
0
0
0
0
0
0
0
0
0
0
0
0
0
0
0
0
0
0
0
0
0
0
0
0
0
0
0
0
0
0
0
0
0
0
0
0
0
0
0
0
0
0
0
0
0
0
0
0
0
0
0
0
0
0
0
0
0
0
0
0
0
0
0
0
0
0
0
0
0
0
0
0
0
0
0
0
0
0
0
0
0
0
0
0
0
0
0
0
0
0
0
0
0
0
0
0
0
0
0
0
0
0
0
0
0
0
0
0
0
0
0
0
0
0
0
0
0
0
0
0
0
0
0
0
0
0
0
0
0
0
0
0
0
0
0
0
0
0
0
0
0
0
0
0
0
0
0
0
0
0
0
0
0
0
0
0
0
0
0
0
0
0
0
0
0
0
0
0
0
0
0
0
0
0
0
0
0
0
0
0
0
0
0
0
0
0
0
0
0
0
0
0
0
0
0
0
0
0
0
0
0
0
0
0
0
0
0
0
0
0
0
0
0
0
0
0
0
0
0
0
0
0
0
0
0
0
0
0
0
0
0
0
0
0
0
0
0
0
0
0
0
0
0
0
0
0
0
0
0
0
0
0
0
0
0
0
0
0
0
0
0
0
0
0
0
0
0
0
0
0
0
0
0
0
0
0
0
0
0
0
0
0
0
0
0
0
0
0
0
0
0
0
0
0
0
0
0
0
0
0
0
0
0
0
0
0
0
0
0
0
0
0
0
0
0
0
0
0
0
0
0
0
0
0
0
0
0
0
0
0
0
0
0
0
0
0
0
0
0
0
0
0
0
0
0
0
0
0
0
0
0
0
0
0
0
0
0
0
0
0
0
0
0
0
0
0
0
0
0
0
0
0
0
0
0
0
0
0
0
0
0
0
0
0
0
0
0
0
0
0
0
0
0
0
0
0
0
0
0
0
0
0
0
0
0
0
0
0
0
0
0
0
0
0
0
0
0
0
0
0
0
0
0
0
0
0
0
0
0
0
0
0
0
0
0
0
0
0
0
0
0
0
0
0
0
0
0
0
0
0
0
0
0
0
0
0
0
0
0
0
0
0
0
0
0
0
0
0
0
0
0
0
0
0
0
0
0
0
0
0
0
0
0
0
0
0
0
0
0
0
0
0
0
0
0
0
0
0
0
0
0
0
0
0
0
0
0
0
0
0
0
0
0
0
0
0
0
0
0
