0
0
0
0
0
0
0
0
0
0
0
0
0
0
0
0
0
0
0
0
0
0
0
0
0
0
0
0
0
0
0
0
0
0
0
0
0
0
1
0
0
0
0
0
0
0
0
0
0
0
0
0
0
0
0
0
0
0
0
0
0
0
0
0
0
0
0
0
0
0
0
0
0
0
0
0
0
0
0
0
0
0
0
0
0
0
0
0
0
0
0
0
0
0
0
0
0
0
0
0
0
0
0
0
0
0
0
0
0
0
0
0
0
0
0
0
0
0
0
0
0
0
0
0
0
0
0
0
0
0
0
0
0
0
0
0
0
0
0
0
0
0
0
0
0
0
0
0
0
0
0
0
0
0
0
0
0
0
0
0
0
0
0
0
0
0
0
0
0
0
0
0
0
0
0
0
0
0
0
0
0
0
0
0
0
0
0
0
0
0
0
0
0
0
0
0
0
0
0
0
0
0
0
0
0
0
0
0
0
0
0
0
0
0
0
0
0
0
0
0
0
0
0
0
0
0
0
0
0
0
0
0
0
0
0
0
0
0
0
0
0
0
0
0
0
0
0
0
0
0
0
0
0
0
0
0
0
0
0
0
0
0
0
0
0
0
0
0
0
0
0
0
0
0
0
0
0
0
0
0
0
0
0
0
0
0
0
0
0
0
0
0
0
0
0
0
0
0
0
0
0
0
0
0
0
0
0
0
0
0
0
0
0
0
0
0
0
0
0
0
0
0
0
0
0
0
0
0
0
0
0
0
0
0
0
0
0
0
0
0
0
0
0
0
0
0
0
0
0
0
0
0
0
0
0
0
0
0
0
0
0
0
0
0
0
0
0
0
0
0
0
0
0
0
0
0
0
0
0
0
0
0
0
0
0
0
0
0
0
0
0
0
0
0
0
0
0
0
0
0
0
0
0
0
0
0
0
0
0
0
0
0
0
0
0
0
0
0
0
0
0
0
0
0
0
0
0
0
0
0
0
0
0
0
0
0
0
0
0
0
0
0
0
0
0
0
0
0
0
0
0
0
0
0
0
0
0
0
0
0
0
0
0
0
0
0
0
0
0
0
0
0
0
0
0
0
0
0
0
0
0
0
0
0
0
0
0
0
0
0
0
0
0
0
0
0
0
0
0
0
0
0
0
0
0
0
0
0
0
0
0
0
0
0
0
0
0
0
0
0
0
0
0
0
0
0
0
0
0
0
0
0
0
0
0
0
0
0
0
0
0
0
0
0
0
0
0
0
0
0
0
0
0
0
0
0
0
0
0
0
0
0
0
0
0
0
0
0
0
0
0
0
0
0
0
0
0
0
0
0
0
0
0
0
0
0
0
0
0
0
0
0
0
0
0
0
0
0
0
0
0
0
0
0
0
0
0
0
0
0
0
0
0
0
0
0
0
0
0
0
0
0
0
0
0
0
0
0
0
0
0
0
0
0
0
0
0
0
0
0
0
0
0
0
0
0
0
0
0
0
0
0
0
0
0
0
0
0
0
0
0
0
0
0
0
0
0
0
0
0
0
0
0
0
0
0
0
0
0
0
0
0
0
0
0
0
0
0
0
0
0
0
0
0
0
0
0
0
0
0
0
0
0
0
0
0
0
0
0
0
0
0
0
0
0
0
0
0
0
0
0
0
0
0
0
0
0
0
0
0
0
0
0
0
0
0
0
0
0
0
0
0
0
0
0
0
0
0
0
0
0
0
0
0
0
0
0
0
0
0
0
0
0
0
0
0
0
0
0
0
0
0
0
0
0
0
0
0
0
0
0
0
0
0
0
0
0
0
0
0
0
0
0
0
0
0
0
0
0
0
0
0
0
0
0
0
0
0
0
0
0
0
0
0
0
0
0
0
0
0
0
0
0
0
0
0
0
0
0
0
0
0
0
0
0
0
0
0
0
0
0
0
0
0
0
0
0
0
0
0
0
0
0
0
0
0
0
0
0
0
0
0
0
0
0
0
0
0
0
0
0
0
0
0
0
0
0
0
0
0
0
0
0
0
0
0
0
0
0
0
0
0
0
0
0
0
0
0
0
0
0
0
0
0
0
0
0
0
0
0
0
0
0
0
0
0
0
0
0
0
0
0
0
0
0
0
0
0
0
0
0
0
0
0
0
0
0
0
0
0
0
0
0
0
0
0
0
0
0
0
0
0
0
0
0
0
0
0
0
0
0
0
0
0
0
0
0
0
0
0
0
0
0
0
0
0
0
0
0
0
0
0
0
0
0
0
0
0
0
0
0
0
0
0
0
0
0
0
0
0
0
0
0
0
0
0
0
0
0
0
0
0
0
0
0
0
0
0
0
0
0
0
0
0
0
0
0
0
0
0
0
0
0
0
0
0
0
0
0
0
0
0
0
0
0
0
0
0
0
0
0
0
0
0
0
0
0
0
0
0
0
0
0
0
0
0
0
0
0
0
0
0
0
0
0
0
0
0
0
0
0
0
0
0
0
0
0
0
0
0
0
0
0
0
0
0
0
0
0
0
0
0
0
0
0
0
0
0
0
0
0
0
0
0
0
0
0
0
0
0
0
0
0
0
0
0
0
0
0
0
0
0
0
0
0
0
0
0
0
0
0
0
0
0
0
0
0
0
0
0
0
0
0
0
0
0
0
0
0
0
0
0
0
0
0
0
0
0
0
0
0
0
0
0
0
0
0
0
0
0
0
0
0
0
0
0
0
0
0
0
0
0
0
0
0
0
0
0
0
0
0
0
0
0
0
0
0
0
0
0
0
0
0
0
0
0
0
0
0
0
0
0
0
0
0
0
0
0
0
0
0
0
0
0
0
0
0
0
0
0
0
0
0
0
0
0
0
0
0
0
0
0
0
0
0
0
0
0
0
0
0
0
0
0
0
0
0
0
0
0
0
0
0
0
0
0
0
0
0
0
0
0
0
0
0
0
0
0
0
0
0
0
0
0
0
0
0
0
0
0
0
0
0
0
0
0
0
0
0
0
0
0
0
0
0
0
0
0
0
0
0
0
0
0
0
0
0
0
0
0
0
0
0
0
0
0
0
0
0
0
0
0
0
0
0
0
0
0
0
0
0
0
0
0
0
0
0
0
0
0
0
0
0
0
0
0
0
0
0
0
0
0
0
0
0
0
0
0
0
0
0
0
0
0
0
0
0
0
0
0
0
0
0
0
0
0
0
0
0
0
0
0
0
0
0
0
0
0
0
0
0
0
0
0
0
0
0
0
0
0
0
0
0
0
0
0
0
0
0
0
0
0
0
0
0
0
0
0
0
0
0
0
0
0
0
0
0
0
0
0
0
0
0
0
0
0
0
0
0
0
0
0
0
0
0
0
0
0
0
0
0
0
0
0
0
0
0
0
0
0
0
0
0
0
0
0
0
0
0
0
0
0
0
0
0
0
0
0
0
0
0
0
0
0
0
0
0
0
0
0
0
0
0
0
0
0
0
0
0
0
0
0
0
0
0
0
0
0
0
0
0
0
0
0
0
0
0
0
0
0
0
0
0
0
0
0
0
0
0
0
0
0
0
0
0
0
0
0
0
0
0
0
0
0
0
0
0
0
0
0
0
0
0
0
0
0
0
0
0
0
0
0
0
0
0
0
0
0
0
0
0
0
0
0
0
0
0
0
0
0
0
0
0
0
0
0
0
0
0
0
0
0
0
0
0
0
0
0
0
0
0
0
0
0
0
0
0
0
0
0
0
0
0
0
0
0
0
0
0
0
0
0
0
0
0
0
0
0
0
0
0
0
0
0
0
0
0
0
0
0
0
0
0
0
0
0
0
0
0
0
0
0
0
0
0
0
0
0
0
0
0
0
0
0
0
0
0
0
0
0
0
0
0
0
0
0
0
0
0
0
0
0
0
0
0
2
3
2
3
2
2
1
3
3
2
2
2
2
2
2
2
1
2
1
3
2
3
2
1
4
1
2
1
0
0
0
1
1
2
2
1
0
2
2
2
0
2
1
3
1
3
6
2
1
2
0
3
2
5
1
0
2
5
0
3
1
3
3
1
1
3
2
2
2
5
4
4
1
2
1
2
3
3
3
5
4
1
0
0
1
1
1
2
1
3
2
1
2
1
0
3
4
2
1
4
2
3
2
1
4
1
2
2
3
5
2
2
3
4
6
0
3
4
4
1
5
2
3
1
3
2
3
5
2
1
4
4
4
5
4
2
5
5
3
2
3
5
5
2
2
5
1
9
4
5
6
1
6
4
1
3
4
6
9
3
5
8
3
5
3
8
2
6
2
7
5
5
4
5
7
4
6
5
3
5
1
10
8
7
7
7
5
9
8
4
4
3
5
5
5
5
8
13
4
5
4
5
8
9
3
6
8
5
12
9
5
5
8
2
5
2
7
6
8
7
3
2
8
9
9
8
8
4
7
7
10
11
5
7
7
8
6
7
6
6
10
6
4
2
4
16
8
11
10
11
5
10
12
11
15
10
12
8
8
14
10
13
3
12
4
9
9
9
14
10
11
7
9
17
5
14
10
13
7
15
13
7
7
12
5
10
5
11
9
5
11
9
10
10
11
9
11
11
10
7
9
13
11
11
7
13
9
12
11
6
9
9
15
14
11
8
15
14
13
5
13
10
9
15
12
10
16
15
9
16
14
9
6
11
16
12
11
9
6
15
12
9
11
8
12
7
13
17
11
9
9
17
7
9
12
14
7
7
9
13
10
10
11
9
9
10
15
16
14
10
8
13
16
12
6
16
11
12
15
12
23
12
12
10
8
6
13
11
13
15
15
10
14
16
15
13
11
14
12
16
12
11
11
13
12
8
8
7
12
12
17
13
13
11
18
12
13
13
16
17
10
9
22
13
16
13
12
9
8
16
14
17
17
15
12
18
7
13
13
17
7
13
23
11
12
14
16
5
11
14
13
16
15
14
20
19
16
15
12
12
13
14
16
5
20
16
11
17
8
15
10
11
18
12
15
6
15
10
9
13
18
19
17
13
19
12
20
14
17
13
14
12
11
13
18
13
20
15
15
25
12
15
12
16
9
11
11
17
8
20
17
16
16
17
21
17
17
19
24
13
12
20
12
19
15
24
22
21
18
17
20
17
7
17
21
18
26
12
18
12
11
14
20
11
15
10
19
20
19
16
20
15
17
23
28
18
26
11
12
22
27
22
20
17
24
14
30
21
18
19
27
29
17
19
30
24
16
21
21
20
22
32
18
22
20
25
35
25
30
23
25
31
19
26
30
24
23
23
30
28
22
27
28
35
21
28
23
27
21
31
23
26
41
40
30
27
29
27
28
26
28
33
31
25
29
32
31
22
28
27
36
28
37
36
29
33
38
33
36
30
29
27
20
38
31
29
36
39
24
38
54
32
48
37
40
34
45
27
33
37
24
34
47
44
38
47
42
36
42
43
35
47
44
45
32
44
48
51
33
37
52
38
37
36
46
42
43
34
38
46
43
39
38
44
55
47
42
45
62
46
44
41
54
47
61
39
54
42
60
57
46
44
50
46
42
54
58
50
55
42
42
42
50
54
53
55
41
60
59
70
61
59
54
54
50
61
65
61
60
42
43
61
64
47
49
62
61
60
67
53
50
65
49
67
72
59
63
83
58
58
52
66
74
57
59
65
62
73
58
71
62
74
67
60
57
69
59
52
72
74
78
61
55
52
56
69
58
56
80
65
70
79
56
68
55
60
71
62
79
74
66
69
77
82
68
71
57
79
69
91
72
71
87
61
66
90
73
78
70
76
75
81
79
80
86
87
71
80
66
86
65
73
73
85
97
88
71
93
98
71
90
81
76
94
71
86
83
85
71
91
93
96
81
91
85
96
92
117
92
94
106
92
90
85
84
99
95
109
90
102
77
104
108
96
113
99
88
107
95
100
91
99
107
117
117
91
101
142
84
95
101
100
92
115
99
115
113
118
124
101
116
103
117
118
128
113
128
126
129
115
109
145
115
131
136
100
119
124
121
124
126
130
124
114
121
113
124
123
137
126
132
118
137
155
120
140
117
124
137
126
119
130
119
157
121
132
136
128
138
128
125
150
124
140
156
130
129
122
127
154
135
132
150
151
139
159
167
142
135
160
163
153
128
159
162
150
176
162
162
135
171
152
141
168
148
159
163
151
174
173
176
155
143
153
154
181
183
177
157
158
162
153
178
161
168
132
135
170
155
134
153
183
176
176
173
171
178
152
148
208
180
152
172
170
162
189
172
196
196
171
185
184
194
183
172
172
141
187
183
181
181
203
172
164
188
200
165
193
213
192
187
211
188
181
178
182
179
198
215
183
186
204
204
204
195
197
194
175
188
207
183
216
181
209
198
198
203
162
208
198
189
187
195
174
211
189
193
180
194
182
176
212
197
194
216
191
199
213
207
175
225
195
192
186
205
201
203
207
213
182
180
199
218
200
200
204
186
190
199
229
191
180
191
212
180
208
153
189
173
205
225
210
196
181
218
179
203
210
192
189
194
184
204
215
200
191
223
183
195
193
211
194
187
188
196
185
197
197
177
194
213
196
195
195
222
206
223
200
189
214
181
193
212
173
191
214
190
163
192
205
190
192
221
169
177
199
193
194
189
190
208
202
204
153
168
177
191
177
199
191
187
187
189
160
184
179
213
172
154
168
186
184
174
158
154
174
188
168
191
186
166
164
153
140
180
175
134
157
174
178
164
159
157
171
176
156
157
149
169
148
150
152
167
155
157
146
158
154
139
171
165
154
145
148
171
140
143
141
155
143
150
156
129
138
130
137
150
155
165
154
131
145
128
136
154
126
131
117
109
146
122
127
150
126
130
114
122
127
125
118
141
110
114
134
126
105
126
129
128
129
101
116
100
125
106
143
117
116
102
102
144
107
113
106
105
104
118
104
98
101
115
106
107
109
104
103
104
87
106
99
99
89
83
77
95
85
77
85
99
80
85
74
82
86
83
86
86
101
87
96
109
84
75
84
69
65
82
85
82
93
67
89
84
58
60
78
83
65
86
85
65
76
64
83
77
90
59
61
71
73
74
71
78
55
78
63
57
82
58
63
57
73
64
55
57
67
55
45
48
46
47
60
53
68
49
64
51
51
64
56
52
49
67
63
56
57
46
51
49
53
54
52
40
42
40
53
46
45
36
43
56
52
49
36
46
41
39
52
47
47
49
53
34
43
52
31
40
39
51
34
32
31
53
43
25
48
43
37
36
36
36
47
42
36
40
33
31
35
30
38
39
29
35
42
40
27
28
25
30
29
31
39
29
35
33
29
24
32
32
33
32
36
33
31
23
22
34
36
33
31
34
23
35
31
23
32
38
40
27
29
26
31
32
31
18
24
22
24
22
17
28
24
23
23
25
23
23
31
33
24
25
14
16
25
27
21
22
24
24
20
18
19
25
18
21
26
24
26
21
23
28
25
18
19
19
21
21
27
28
21
23
15
19
22
14
24
18
13
14
25
15
16
19
9
13
11
19
20
15
15
13
12
23
13
17
12
18
18
16
15
20
12
10
14
18
10
15
19
13
8
12
14
12
13
14
9
11
15
18
22
10
16
10
14
8
18
18
14
14
8
14
10
9
23
12
9
12
9
8
11
16
7
7
11
5
13
9
14
10
9
11
10
11
8
11
10
12
8
18
7
9
9
8
5
13
7
10
14
4
11
10
7
8
5
9
5
6
5
8
8
5
11
9
6
9
7
6
11
7
4
6
5
7
4
5
4
13
3
4
6
2
5
3
10
8
2
2
5
7
7
3
8
10
2
11
4
4
7
5
5
3
4
4
5
5
3
6
2
6
6
6
4
7
6
3
5
5
1
4
5
4
2
2
5
3
5
5
3
7
9
3
5
3
8
7
7
7
6
1
3
2
1
4
4
3
1
4
1
3
3
3
2
3
8
0
5
5
4
3
4
2
3
1
2
1
5
4
3
2
1
2
3
1
2
5
2
1
4
1
3
3
1
5
3
2
6
3
3
0
4
2
3
6
2
1
2
2
6
3
1
4
3
2
2
4
4
7
3
4
2
1
0
3
3
5
4
3
2
0
4
2
2
4
1
2
2
2
4
2
3
2
1
3
3
2
1
4
1
2
3
1
4
1
2
2
6
3
0
0
1
3
4
2
3
5
3
4
4
5
0
4
1
2
2
3
1
1
3
7
4
5
1
1
2
1
0
1
3
1
2
3
2
2
2
2
0
1
4
0
0
2
2
0
3
0
2
4
2
1
2
4
2
6
2
1
1
1
1
2
1
2
1
0
1
2
0
0
1
5
3
4
3
4
2
3
2
2
2
1
0
2
5
4
5
2
1
2
0
4
2
5
3
2
3
0
2
2
4
4
2
3
1
3
1
2
2
1
1
2
4
4
2
3
4
3
4
2
4
4
0
2
5
5
4
2
3
1
2
3
2
5
2
2
0
1
6
0
7
3
1
1
2
0
3
2
3
1
3
4
2
2
6
1
4
2
2
1
4
3
4
3
1
6
3
3
3
6
2
4
4
3
2
5
3
3
0
5
0
6
9
4
2
1
3
2
0
4
1
4
4
1
5
5
7
5
5
4
2
2
3
3
3
7
4
3
2
5
4
4
4
11
10
2
1
1
2
3
3
3
2
6
2
1
2
4
8
4
5
2
8
8
3
6
2
1
3
5
3
7
5
6
3
3
6
2
3
3
8
3
7
4
2
4
4
3
6
2
6
5
3
4
6
4
5
8
2
7
3
3
2
6
6
1
2
4
4
5
4
3
6
1
8
4
1
3
4
3
6
1
8
1
6
3
7
4
6
4
3
4
2
1
7
4
2
3
1
5
3
3
4
3
5
1
4
3
1
4
1
1
3
2
2
5
3
3
2
5
2
5
0
1
1
2
5
2
2
2
1
1
2
2
3
3
3
4
0
2
0
5
1
3
2
6
4
3
3
5
0
3
0
0
5
0
4
5
1
3
0
2
1
1
0
0
1
2
4
2
2
5
2
0
1
3
1
4
3
6
0
3
2
0
2
3
2
1
2
3
1
3
2
2
1
1
3
1
3
4
2
1
1
2
1
2
4
2
1
1
3
1
0
3
4
0
0
1
1
1
0
0
2
1
1
2
1
1
1
1
1
3
1
0
0
0
3
1
1
3
0
2
1
2
0
1
1
0
0
0
0
1
2
1
1
1
1
1
3
0
0
0
2
0
1
1
0
1
0
1
0
0
1
1
0
0
2
1
2
1
0
0
2
1
2
1
1
1
1
1
1
3
1
2
0
2
3
0
1
0
0
0
0
1
0
1
0
1
0
0
1
0
1
1
1
0
0
1
0
0
1
1
0
0
0
1
0
3
1
2
0
0
2
1
1
1
0
1
0
0
0
0
0
0
0
0
0
1
0
1
1
0
1
0
1
0
1
1
1
1
0
0
1
0
0
0
1
1
0
2
1
1
0
1
1
0
0
1
0
0
0
0
0
1
1
0
1
0
0
0
0
0
2
0
0
0
0
0
0
0
1
0
0
0
0
0
0
0
0
0
0
0
1
0
2
0
0
0
0
1
0
0
0
0
0
0
1
0
1
0
0
0
0
0
0
1
0
0
1
0
0
1
0
0
0
0
1
0
0
0
0
0
0
0
0
0
0
0
0
0
0
0
0
0
0
0
1
0
1
0
0
0
0
0
0
1
0
0
0
1
0
0
0
1
0
0
2
0
0
1
0
0
0
0
0
0
0
1
0
0
0
0
1
1
0
2
0
0
0
1
0
0
0
0
0
0
1
0
0
0
0
0
0
0
0
0
2
0
1
0
0
0
0
0
0
0
0
0
0
1
0
0
0
0
1
0
0
0
1
0
0
0
0
0
0
0
0
0
0
1
0
0
0
0
0
0
0
0
0
0
0
1
0
2
1
0
0
0
0
0
0
0
0
0
0
0
0
0
0
0
0
0
0
0
0
0
0
0
0
0
0
0
0
0
0
0
0
0
0
0
0
0
0
0
0
0
0
0
0
0
0
0
0
0
0
0
0
0
0
0
1
0
0
0
0
1
0
0
0
0
0
0
0
0
0
0
0
0
0
0
0
0
0
0
0
0
0
0
0
0
0
0
0
0
0
0
0
0
0
0
0
0
0
0
0
0
0
0
0
0
0
0
0
0
0
0
0
0
0
0
0
0
0
0
0
0
0
0
0
0
0
0
0
0
0
0
0
0
0
0
0
0
0
0
0
0
0
0
0
0
0
0
0
0
0
0
1
0
0
0
0
0
0
0
0
0
0
0
0
0
0
0
0
0
0
0
0
0
0
0
0
0
0
0
0
0
0
0
0
0
0
0
0
0
0
0
0
0
0
0
0
0
0
0
0
0
0
0
0
0
0
0
0
0
0
0
0
0
1
0
0
0
0
0
0
0
0
0
0
0
1
0
0
0
0
0
0
0
0
0
0
0
0
0
0
0
0
0
0
0
0
0
0
0
0
0
0
0
0
0
0
0
0
0
0
0
0
0
0
0
0
0
0
0
0
0
0
0
0
0
0
0
0
0
0
0
0
0
0
0
0
0
0
0
0
0
0
0
0
0
0
0
0
0
0
0
0
0
0
0
0
0
0
0
0
0
0
0
0
0
0
0
0
0
0
0
0
0
0
0
0
0
0
0
0
0
0
0
0
0
0
0
0
0
0
0
0
0
0
0
0
0
0
0
0
0
0
0
0
0
0
0
0
0
0
0
0
1
0
0
0
1
0
0
0
0
0
0
0
0
0
0
0
0
0
0
0
0
0
0
0
0
0
0
0
0
0
0
0
0
0
0
0
0
0
0
0
0
0
0
0
0
0
0
0
0
0
0
0
0
0
0
0
0
0
0
0
0
0
0
0
0
0
0
0
0
0
0
0
0
0
0
0
0
0
0
0
0
0
0
0
0
0
0
0
0
0
0
0
0
0
0
0
0
0
0
0
0
0
0
0
0
0
0
0
0
0
0
0
0
0
0
0
0
0
0
0
0
0
0
0
0
0
0
0
0
0
0
0
0
0
0
0
0
0
0
0
0
0
0
0
0
0
0
0
0
0
0
0
0
0
0
0
0
0
0
0
0
0
0
0
0
0
0
0
0
0
0
0
0
0
0
0
0
0
0
0
0
0
0
0
0
0
0
0
0
0
0
0
0
0
0
0
0
0
0
0
0
0
0
0
0
0
0
0
0
0
0
0
0
0
0
0
0
0
0
0
0
0
0
0
0
0
0
0
0
0
0
0
0
0
0
0
0
0
0
0
0
0
0
0
0
0
0
0
0
0
0
0
0
0
0
0
0
0
0
0
0
0
0
0
0
0
0
0
0
0
0
0
0
0
0
0
0
0
0
0
0
0
0
0
0
0
0
0
0
0
0
0
0
0
0
0
0
0
0
0
0
0
0
0
0
0
0
0
0
0
0
0
0
0
0
0
0
0
0
0
0
0
0
0
0
0
0
0
0
0
0
0
0
0
0
0
0
0
0
0
0
0
0
0
0
0
0
0
0
0
0
0
0
0
0
0
0
0
0
0
0
0
0
0
0
0
0
0
0
0
0
0
0
0
0
0
0
0
0
0
0
0
0
0
0
0
0
0
0
0
0
0
0
0
0
0
0
0
0
0
0
0
0
0
0
0
0
0
0
0
0
0
0
0
0
0
0
0
0
0
0
0
0
0
0
0
0
0
0
0
0
0
0
0
0
0
0
0
0
0
0
0
0
0
0
0
0
0
0
0
0
0
0
0
0
0
0
0
0
0
0
0
0
0
0
0
0
0
0
0
0
0
0
0
0
0
0
0
0
0
0
0
0
0
0
0
0
0
0
0
0
0
0
0
0
0
0
0
0
0
0
0
0
0
0
0
0
0
0
0
0
0
0
0
0
0
0
0
0
0
0
0
0
0
0
0
0
0
0
0
0
0
0
0
0
0
0
0
0
0
0
0
0
0
1
0
0
0
0
0
0
0
0
0
0
0
0
0
0
0
0
0
0
0
0
0
0
0
0
0
0
0
0
0
0
0
0
0
0
0
0
0
0
0
0
0
0
0
0
0
0
0
0
0
0
0
0
0
0
0
0
0
0
0
0
0
0
0
0
0
0
0
0
0
0
0
0
0
0
0
0
0
0
0
0
0
0
0
0
0
0
0
0
0
0
0
0
0
0
0
0
0
0
0
0
0
0
0
0
0
0
0
0
0
0
0
0
0
0
0
0
0
0
0
0
0
0
0
0
0
0
0
0
0
0
0
0
0
0
0
0
0
0
0
0
0
0
0
0
1
0
1
0
0
0
1
0
0
0
0
0
0
0
0
0
0
0
0
0
1
0
0
0
0
0
0
0
0
0
0
0
0
0
0
0
0
0
0
0
0
0
0
0
0
0
1
0
0
0
0
0
0
0
0
0
0
0
0
0
0
0
0
0
0
0
0
0
0
0
0
0
0
0
0
0
0
0
0
0
0
0
0
0
0
0
0
0
0
0
0
0
0
0
0
0
0
0
0
0
1
0
0
0
0
0
0
0
0
0
0
0
0
0
0
0
0
0
0
0
0
0
0
0
0
0
0
0
0
0
0
0
0
0
0
0
0
0
0
0
0
0
0
0
0
0
0
0
0
0
0
0
0
0
0
0
0
1
0
0
0
0
0
0
0
0
0
0
0
0
0
0
0
0
0
0
0
0
0
0
0
0
0
0
0
0
0
0
0
0
0
0
0
0
0
0
0
0
0
0
0
0
0
0
0
0
0
0
0
0
0
0
0
0
0
0
0
0
0
0
0
0
0
0
0
0
0
0
0
0
0
0
0
0
0
0
0
0
0
0
0
0
0
0
0
0
0
0
0
0
0
0
0
0
0
0
0
0
0
0
0
0
0
0
0
0
0
0
0
0
0
0
0
0
0
0
0
0
0
0
0
0
0
0
0
0
0
0
0
0
0
0
0
0
0
0
0
0
0
0
0
0
0
0
0
0
0
0
0
0
0
0
0
0
0
0
0
0
0
0
0
0
0
0
0
0
0
0
0
0
0
0
0
0
0
0
0
0
0
0
0
0
0
0
0
0
0
0
0
0
0
0
0
0
0
0
0
0
0
0
0
0
0
0
0
0
0
0
0
0
0
0
0
0
0
0
0
0
0
0
0
0
0
0
0
0
0
0
0
0
0
0
0
0
0
0
0
0
0
0
0
0
0
0
0
0
0
0
0
0
0
0
0
0
0
0
0
0
0
0
0
0
0
0
0
0
0
0
0
0
0
0
0
0
0
0
0
0
0
0
0
0
0
0
0
0
0
0
0
0
0
0
0
0
0
0
0
0
0
0
0
0
0
0
0
0
0
0
0
0
0
0
0
0
0
0
0
0
0
0
0
0
0
0
0
0
0
0
0
0
0
0
0
0
0
0
0
0
0
0
0
0
0
0
0
0
0
0
0
0
0
0
0
0
0
0
0
0
0
0
0
0
0
0
0
0
0
0
0
0
0
0
0
0
0
0
0
0
0
0
0
0
0
0
0
0
0
0
0
0
0
0
0
0
0
0
0
0
0
0
0
0
0
0
0
0
0
0
0
0
0
0
0
0
0
0
0
0
0
0
0
0
0
0
0
0
0
0
0
0
0
0
0
0
0
0
0
0
0
0
0
0
0
0
0
0
0
0
0
0
0
0
0
0
0
0
0
0
0
0
0
0
0
0
0
0
0
0
0
0
0
0
0
0
0
0
0
0
0
0
0
0
0
0
0
0
0
0
0
0
0
0
0
0
0
0
0
0
0
0
0
0
0
0
0
0
0
0
0
0
0
0
0
0
0
0
0
0
0
0
0
0
0
0
0
0
0
0
0
0
0
0
0
0
0
0
0
0
0
0
0
0
0
0
0
0
0
0
0
0
0
0
0
0
0
0
0
0
0
0
0
0
0
0
0
0
0
0
0
0
0
0
0
0
0
0
0
0
0
0
0
0
0
0
0
0
0
0
0
0
0
0
0
0
0
0
0
0
0
0
0
0
0
0
0
0
0
0
0
0
0
0
0
0
0
0
0
0
0
0
0
0
0
0
0
0
0
0
0
0
0
0
0
0
0
0
0
0
0
0
0
0
0
0
0
0
0
0
0
0
0
0
0
0
0
0
0
0
0
0
0
0
0
0
0
0
0
0
0
0
0
0
0
0
0
0
0
0
0
0
0
0
0
0
0
0
0
0
0
0
0
0
0
0
0
0
0
0
0
0
0
0
0
0
0
0
0
0
0
0
0
0
0
0
0
0
0
0
0
0
0
0
0
0
0
0
0
0
0
0
0
0
0
0
0
0
0
0
0
0
0
0
0
0
0
0
0
0
0
0
0
0
0
0
0
0
0
0
0
0
0
0
0
0
0
0
0
0
0
0
0
0
0
0
0
0
0
0
0
0
0
0
0
0
0
0
0
0
0
0
0
0
0
0
0
0
0
0
0
0
0
0
0
0
0
0
0
0
0
0
0
0
0
0
0
0
0
0
0
0
0
0
0
0
0
0
0
0
0
0
0
0
0
0
0
0
0
0
0
0
0
0
0
0
0
0
0
0
0
0
0
0
0
0
0
0
0
0
0
0
0
0
0
0
0
0
0
0
0
0
0
0
0
0
0
0
0
0
0
0
0
0
0
0
0
0
0
0
0
0
0
0
0
0
0
0
0
0
0
0
0
0
0
0
0
0
0
0
0
0
0
0
0
0
0
0
0
0
0
0
0
0
0
0
0
0
0
0
0
0
0
0
0
0
0
0
0
0
0
0
0
0
0
0
0
0
0
0
0
0
0
0
0
0
0
0
0
0
0
0
0
0
0
0
0
0
0
0
0
0
0
0
0
0
0
0
0
0
0
0
0
0
0
0
0
0
0
0
0
0
0
0
0
0
0
0
0
0
0
0
0
0
0
0
0
0
0
0
0
0
0
0
0
0
0
0
0
0
0
0
0
0
0
0
0
0
0
0
0
0
0
0
0
0
0
0
0
0
0
0
0
0
0
0
0
0
0
0
0
0
0
0
0
0
0
0
0
0
0
0
0
0
0
0
0
0
0
0
0
0
0
0
0
0
0
0
0
0
0
0
0
0
0
0
0
0
0
0
0
0
0
0
0
0
0
0
0
0
0
0
0
0
0
0
0
0
0
0
0
0
0
0
0
0
0
0
0
0
0
0
0
0
0
0
0
0
0
0
0
0
0
0
0
0
0
0
0
0
0
0
0
0
0
0
0
0
0
0
0
0
0
0
0
0
0
0
0
0
0
0
0
0
0
0
0
0
0
0
0
0
0
0
0
0
0
0
0
0
0
0
0
0
0
0
0
0
0
0
0
0
0
0
0
0
0
0
0
0
0
0
0
0
0
0
0
0
0
0
0
0
0
0
0
0
0
0
0
0
0
0
0
0
0
0
0
0
0
0
0
0
0
0
0
0
0
0
0
0
0
0
0
0
0
0
0
0
0
0
0
0
0
0
0
0
0
0
0
0
0
0
0
0
0
0
0
0
0
0
0
0
0
0
0
0
0
0
0
0
0
0
0
0
0
0
0
0
0
0
0
0
0
0
0
0
0
0
0
0
0
0
0
0
0
0
0
0
0
0
0
0
0
0
0
0
0
0
0
0
0
0
0
0
0
0
0
0
0
0
0
0
0
0
0
0
0
0
0
0
0
0
0
0
0
0
0
0
0
0
0
0
0
0
0
0
0
0
0
0
0
0
0
0
0
0
0
0
0
0
0
0
0
0
0
0
0
0
0
0
0
0
0
0
0
0
0
0
0
0
0
0
0
0
0
0
0
0
0
0
0
0
0
0
0
0
0
0
0
0
0
0
0
0
0
0
0
0
0
0
0
0
0
0
0
0
0
0
0
0
0
0
0
0
0
0
0
0
0
0
0
0
0
0
0
0
0
0
0
0
0
0
0
0
0
0
0
0
0
0
0
0
0
0
0
0
0
0
0
0
0
0
0
0
0
0
0
0
0
0
0
0
0
0
0
0
0
0
0
0
0
0
0
0
0
0
0
0
0
0
0
0
0
0
0
0
0
0
0
0
0
0
0
0
0
0
0
0
0
0
0
0
0
0
0
0
0
0
0
0
0
0
0
0
0
0
0
0
0
0
0
0
0
0
0
0
0
0
0
0
0
0
0
0
0
0
0
0
0
0
0
0
0
0
0
0
0
0
0
0
0
0
0
0
0
0
0
0
0
0
0
0
0
0
0
0
0
0
0
0
0
0
0
0
0
0
0
0
0
0
0
0
0
0
0
0
0
0
0
0
0
0
0
0
0
0
0
0
0
0
0
0
0
0
0
0
0
0
0
0
0
0
0
0
0
0
0
0
0
0
0
0
0
0
0
0
0
0
0
0
0
0
0
0
0
0
0
0
0
0
0
0
0
0
0
0
0
0
0
0
0
0
0
0
0
0
0
0
0
0
0
0
0
0
0
0
0
0
0
0
0
0
0
0
0
0
0
0
0
0
0
0
0
0
0
0
0
0
0
0
0
0
0
0
0
0
0
0
0
0
0
0
0
0
0
0
0
0
0
0
0
0
0
0
0
0
0
0
0
0
0
0
0
0
0
0
0
0
0
0
0
0
0
0
0
0
0
0
0
0
0
0
0
0
0
0
0
0
0
0
0
0
0
0
0
0
0
0
0
0
0
0
0
0
0
0
0
0
0
0
0
0
0
0
0
0
0
0
0
0
0
0
0
0
0
0
0
0
0
0
0
0
0
0
0
0
0
0
0
0
0
0
0
0
0
0
0
0
0
0
0
0
0
0
0
0
0
0
0
0
0
0
0
0
0
0
0
0
0
0
0
0
0
0
0
0
0
0
0
0
0
0
0
0
0
0
0
0
0
0
0
0
0
0
0
0
0
0
0
0
0
0
0
0
0
0
0
0
0
0
0
0
0
0
0
0
0
0
0
0
0
0
0
0
0
0
0
0
0
0
0
0
0
0
0
0
0
0
0
0
0
0
0
0
0
0
0
0
0
0
0
0
0
0
0
0
0
0
0
0
0
0
0
0
0
0
0
0
0
0
0
0
0
0
0
0
0
0
0
0
0
0
0
0
0
0
0
0
0
0
0
0
0
0
0
0
0
0
0
0
0
0
0
0
0
0
0
0
0
0
0
0
0
0
0
0
0
0
0
0
0
0
0
0
0
0
0
0
0
0
0
0
0
0
0
0
0
0
0
0
0
0
0
0
0
0
0
0
0
0
0
0
0
0
0
0
0
0
0
0
0
0
0
0
0
0
0
0
0
0
0
0
0
0
0
0
0
0
0
0
0
0
0
0
0
0
0
0
0
0
0
0
0
0
0
0
0
0
0
0
0
0
0
0
0
0
0
0
0
0
0
0
0
0
0
0
0
0
0
0
0
0
0
0
0
0
0
0
0
0
0
0
0
0
0
0
0
0
0
0
0
0
0
0
0
0
0
0
0
0
0
0
0
0
0
0
0
0
0
0
0
0
0
0
0
0
0
0
0
0
0
0
0
0
0
0
0
0
0
0
0
0
0
0
0
0
0
0
0
0
0
0
0
0
0
0
0
0
0
0
0
0
0
0
0
0
0
0
0
0
0
0
0
0
0
0
0
0
0
0
0
0
0
0
0
0
0
0
0
0
0
0
0
0
0
0
0
0
0
0
0
0
0
0
0
0
0
0
0
0
0
0
0
0
0
0
0
0
0
0
0
0
0
0
0
0
0
0
0
0
0
0
0
0
0
0
0
0
0
0
0
0
0
0
0
0
0
0
0
0
0
0
0
0
0
0
0
0
0
0
0
0
0
0
0
0
0
0
0
0
0
0
0
0
0
0
0
0
0
0
0
0
0
0
0
0
0
0
0
0
0
0
0
0
0
0
0
0
0
0
0
0
0
0
0
0
0
0
0
0
0
0
0
0
0
0
0
0
0
0
0
0
0
0
0
0
0
0
0
0
0
0
0
0
0
0
0
0
0
0
0
0
0
0
0
0
0
0
0
0
0
0
0
0
0
0
0
0
0
0
0
0
0
0
0
0
0
0
0
0
0
0
0
0
0
0
0
0
0
0
0
0
0
0
0
0
0
0
0
0
0
0
0
0
0
0
0
0
0
0
0
0
0
0
0
0
0
0
0
0
0
0
0
0
0
0
0
0
0
0
0
0
0
0
0
0
0
0
0
0
0
0
0
0
0
0
0
0
0
0
0
0
0
0
0
0
0
0
0
0
0
0
0
0
0
0
0
0
0
0
0
0
0
0
0
0
0
0
0
0
0
0
0
0
0
0
0
0
0
0
0
0
0
0
0
0
0
0
