0.0 0.0
1.0 0.1
2.0 0.12
3.0 0.14
4.0 0.13
5.0 0.13
6.0 0.14
7.0 0.14
8.0 0.15
9.0 0.16
10.0 0.16
11.0 0.16
12.0 0.17
13.0 0.18
14.0 0.20
15.0 0.20
16.0 0.21
17.0 0.21
18.0 0.25
19.0 0.28
20.0 0.31
21.0 0.37
22.0 0.40
23.0 0.55
24.0 0.53
24.5 0.55
25.0 0.60
25.10 0.60
25.20 0.84
25.25 1.81
25.30 4.20
25.35 7.53
25.40 10.20
25.45 15.23
25.50 20.83
25.55 25.12
25.60 32.44
25.65 40.66
25.70 46.60
25.75 56.12
25.80 66.81
25.85 78.10
25.90 86.53
25.95 98.20
26.00 112.84
26.50 276.54
27.00 517.70
27.50 845.66
28.00 1276.94
