Ch2: 13.286152 -0.567416 20.062000 24.343750 254 
Ch2: 13.220959 -0.172058 20.062000 24.375000 253 
Ch2: 13.322742 0.054944 20.062000 24.312500 252 
Ch2: 13.426844 0.052151 20.125000 24.375000 251 
Ch2: 13.530173 -0.126977 20.125000 24.343750 250 
Ch2: 13.631183 0.167048 20.125000 24.343750 249 
Ch2: 13.734770 -0.187617 20.125000 24.250000 248 
Ch2: 13.836553 0.066912 20.125000 24.218750 247 
Ch2: 13.939109 -0.177244 20.125000 24.125000 246 
Ch2: 14.040892 -0.112615 20.125000 24.250000 245 
Ch2: 14.142159 0.365724 20.125000 24.218750 244 
Ch2: 14.243169 0.006272 20.125000 24.156250 243 
Ch2: 14.348817 0.183006 20.125000 24.062500 242 
Ch2: 14.444158 -0.211554 20.125000 24.187500 241 
Ch2: 14.536665 0.112791 20.125000 24.062500 240 
Ch2: 14.642570 0.300696 20.125000 24.062500 239 
Ch2: 14.741519 0.149893 20.125000 24.125000 238 
Ch2: 14.843044 0.201358 20.125000 24.031250 237 
Ch2: 14.944827 0.303488 20.125000 23.968750 236 
Ch2: 15.047898 0.072098 20.125000 24.062500 235 
Ch2: 15.150454 -0.155302 20.125000 23.968750 234 
Ch2: 15.253526 0.323037 20.125000 24.125000 233 
Ch2: 15.355824 0.013453 20.125000 24.125000 232 
Ch2: 15.456834 0.217316 20.125000 24.156250 231 
Ch2: 15.547794 0.010660 20.125000 24.062500 230 
Ch2: 15.651639 0.454690 20.125000 24.031250 229 
Ch2: 15.755225 -0.107029 20.125000 24.187500 228 
Ch2: 15.852885 0.105211 20.125000 24.156250 227 
Ch2: 15.956988 0.096035 20.125000 24.187500 226 
Ch2: 16.056194 0.127552 20.125000 24.250000 225 
Ch2: 16.155142 0.304286 20.125000 24.250000 224 
Ch2: 16.261821 -0.029633 20.125000 24.156250 223 
Ch2: 16.361800 0.454690 20.125000 24.343750 222 
Ch2: 16.464614 -0.011282 20.062000 24.375000 221 
Ch2: 16.565366 0.218114 20.062000 24.406250 220 
Ch2: 16.667407 -0.057560 20.125000 24.406250 219 
Ch2: 16.769190 0.314659 20.062000 24.343750 218 
Ch2: 16.860923 0.021033 20.062000 24.468750 217 
Ch2: 16.961933 0.033001 20.062000 24.406250 216 
Ch2: 17.061912 0.146303 20.062000 24.500000 215 
Ch2: 17.161634 0.635015 20.062000 24.500000 214 
Ch2: 17.273208 0.404821 20.062000 24.406250 213 
Ch2: 17.369065 -0.010484 20.062000 24.343750 212 
Ch2: 17.478836 0.379289 20.062000 24.437500 211 
Ch2: 17.574177 0.054146 20.062000 24.343750 210 
Ch2: 17.676475 0.309074 20.062000 24.343750 209 
Ch2: 17.776969 0.378890 20.062000 24.312500 208 
Ch2: 17.881587 0.475435 20.062000 24.156250 207 
Ch2: 17.983370 0.011059 20.062000 24.156250 206 
Ch2: 18.084895 -0.056363 20.062000 24.156250 205 
Ch2: 18.185390 -0.059555 20.062000 24.125000 204 
Ch2: 18.286915 -0.109423 20.062000 24.062500 203 
Ch2: 18.386379 0.127153 20.062000 23.906250 202 
Ch2: 18.484039 0.178219 20.062000 23.906250 201 
Ch2: 18.584018 -0.053969 20.062000 23.937500 200 
Ch2: 18.691728 0.034597 20.062000 23.812500 199 
Ch2: 18.784749 -0.047985 20.062000 23.843750 198 
Ch2: 18.888336 -0.059555 20.062000 23.843750 197 
Ch2: 18.990634 0.443120 20.062000 23.906250 196 
Ch2: 19.093706 -0.071922 20.062000 23.812500 195 
Ch2: 19.196262 0.457881 20.062000 23.843750 194 
Ch2: 19.299075 -0.002106 20.062000 23.812500 193 
Ch2: 19.392097 -0.098253 20.062000 23.781250 192 
Ch2: 19.502899 0.635812 20.062000 23.750000 191 
Ch2: 19.599271 -0.099848 20.062000 23.718750 190 
Ch2: 19.694096 -0.006893 20.062000 23.718750 189 
Ch2: 19.792529 0.130744 20.062000 23.718750 188 
Ch2: 19.897147 0.032603 20.062000 23.718750 187 
Ch2: 19.997641 0.064119 20.062000 23.687500 186 
Ch2: 20.099424 0.285935 20.062000 23.687500 185 
Ch2: 20.200949 0.265588 20.062000 23.687500 184 
Ch2: 20.304278 0.143510 20.062000 23.718750 183 
Ch2: 20.406577 0.458679 20.062000 23.625000 182 
Ch2: 20.507329 -0.058358 20.062000 23.656250 181 
Ch2: 20.611689 0.483414 20.062000 23.687500 180 
Ch2: 20.709864 0.353756 20.062000 23.656250 179 
Ch2: 20.813193 -0.043996 20.062000 23.625000 178 
Ch2: 20.904154 0.232476 20.062000 23.656250 177 
Ch2: 21.000783 0.224098 20.062000 23.656250 176 
Ch2: 21.106431 -0.050379 20.062000 23.656250 175 
Ch2: 21.206153 0.505755 20.000000 23.625000 174 
Ch2: 21.307678 0.301095 20.062000 23.625000 173 
Ch2: 21.410491 0.007868 20.000000 23.625000 172 
Ch2: 21.508925 -0.154105 20.000000 23.656250 171 
Ch2: 21.606585 0.372108 20.000000 23.625000 170 
Ch2: 21.708110 0.390858 20.000000 23.593750 169 
Ch2: 21.802420 0.192182 20.000000 23.562500 168 
Ch2: 21.903172 0.338596 20.000000 23.593750 167 
Ch2: 22.004955 -0.073119 20.000000 23.562500 166 
Ch2: 22.108027 0.034198 20.000000 23.593750 165 
Ch2: 22.211098 0.402029 20.000000 23.531250 164 
Ch2: 22.313654 0.062125 20.000000 23.562500 163 
Ch2: 22.416468 0.368916 20.000000 23.500000 162 
Ch2: 22.516447 0.265987 20.000000 23.468750 161 
Ch2: 22.602511 0.018240 20.000000 23.500000 160 
Ch2: 22.715374 0.018639 20.000000 23.468750 159 
Ch2: 22.806593 0.443120 20.000000 23.468750 158 
Ch2: 22.907860 0.054944 20.000000 23.500000 157 
Ch2: 23.010158 -0.154105 20.000000 23.468750 156 
Ch2: 23.112972 0.493388 20.000000 23.468750 155 
Ch2: 23.215786 0.113988 20.000000 23.437500 154 
Ch2: 23.318084 -0.213948 20.000000 23.468750 153 
Ch2: 23.415486 0.657755 20.000000 23.437500 152 
Ch2: 23.515208 -0.041602 20.000000 23.500000 151 
Ch2: 23.606426 0.654962 20.000000 23.531250 150 
Ch2: 23.707178 0.115584 20.000000 23.531250 149 
Ch2: 23.809219 0.248434 20.000000 23.562500 148 
Ch2: 23.911775 0.357346 20.000000 23.562500 147 
Ch2: 24.017681 0.412002 20.000000 23.625000 146 
Ch2: 24.117402 0.857628 20.000000 23.656250 145 
Ch2: 24.202694 0.331016 20.000000 23.687500 144 
Ch2: 24.303704 0.497377 20.000000 23.718750 143 
Ch2: 24.402394 0.492590 20.000000 23.718750 142 
Ch2: 24.504435 0.577167 20.000000 23.812500 141 
Ch2: 24.606991 0.723581 20.000000 23.875000 140 
Ch2: 24.709032 0.343383 20.000000 23.875000 139 
Ch2: 24.806692 0.632621 20.000000 23.906250 138 
Ch2: 24.895591 0.554826 20.000000 23.968750 137 
Ch2: 24.995828 0.427960 20.000000 24.031250 136 
Ch2: 25.097353 0.259205 20.000000 24.062500 135 
Ch2: 25.199909 0.579561 20.000000 24.062500 134 
Ch2: 25.300661 0.514931 20.000000 24.031250 133 
Ch2: 25.398579 0.726374 20.000000 24.156250 132 
Ch2: 25.493662 0.453094 20.000000 24.218750 131 
Ch2: 25.587972 2.974847 20.000000 24.125000 130 
Ch2: 25.689755 7.670868 20.000000 24.156250 129 
Ch2: 25.777881 14.197662 20.000000 24.062500 128 
Ch2: 25.870130 23.152457 20.000000 23.968750 127 
Ch2: 25.960833 34.045742 20.000000 24.000000 126 
Ch2: 26.051020 47.445619 20.000000 24.000000 125 
Ch2: 26.149196 61.926247 20.000000 23.937500 124 
Ch2: 26.230880 79.321990 20.000000 23.906250 123 
Ch2: 26.326221 97.992374 20.000000 23.843750 122 
Ch2: 26.410997 117.291500 20.000000 23.843750 121 
Ch2: 26.488816 138.799204 20.000000 23.812500 120 
Ch2: 26.576169 162.548200 20.000000 23.718750 119 
Ch2: 26.665583 186.347464 20.000000 23.687500 118 
Ch2: 26.746236 212.663693 20.000000 23.687500 117 
Ch2: 26.824055 240.331558 20.000000 23.656250 116 
Ch2: 26.902647 269.226589 20.000000 23.593750 115 
Ch2: 26.983300 299.419798 20.000000 23.593750 114 
Ch2: 27.062923 331.148558 20.000000 23.562500 113 
Ch2: 27.135073 361.939791 20.000000 23.468750 112 
Ch2: 27.221138 397.466939 20.000000 23.500000 111 
Ch2: 27.292772 431.865063 20.000000 23.437500 110 
Ch2: 27.367757 468.804488 20.000000 23.375000 109 
Ch2: 27.442999 505.332996 20.000000 23.375000 108 
Ch2: 27.519271 545.597257 20.000000 23.375000 107 
Ch2: 27.596833 586.505022 20.000000 23.281250 106 
Ch2: 27.673363 626.836306 20.000000 23.343750 105 
Ch2: 27.743194 669.873656 20.000000 23.312500 104 
