Ch2: 22.300341 0.590598 6.250000 23.500000 162 
Ch2: 22.351189 0.124627 6.125000 23.500000 161 
Ch2: 22.445156 0.331282 6.062000 23.468750 160 
Ch2: 22.556129 0.292983 5.937000 23.437500 159 
Ch2: 22.652157 0.347506 5.875000 23.406250 158 
Ch2: 22.752480 0.304153 5.812000 23.437500 157 
Ch2: 22.855895 0.214789 5.750000 23.437500 156 
Ch2: 22.958451 0.204682 5.687000 23.437500 155 
Ch2: 23.061694 0.397507 5.625000 23.406250 154 
Ch2: 23.164594 0.202023 5.562000 23.406250 153 
Ch2: 23.263542 0.058667 5.562000 23.375000 152 
Ch2: 23.362491 0.164255 5.500000 23.375000 151 
Ch2: 23.455942 0.275163 5.437000 23.375000 150 
Ch2: 23.555749 0.281014 5.437000 23.375000 149 
Ch2: 23.656931 0.174096 5.437000 23.375000 148 
Ch2: 23.758285 0.202820 5.375000 23.343750 147 
Ch2: 23.861528 0.207342 5.375000 23.312500 146 
Ch2: 23.963568 0.409210 5.312000 23.375000 145 
Ch2: 24.062689 0.253620 5.312000 23.375000 144 
Ch2: 24.165073 0.227821 5.312000 23.343750 143 
Ch2: 24.262475 0.069838 5.312000 23.312500 142 
Ch2: 24.355411 0.377826 5.250000 23.312500 141 
Ch2: 24.454016 0.233141 5.250000 23.312500 140 
Ch2: 24.556916 0.366921 5.250000 23.312500 139 
Ch2: 24.659643 0.325963 5.250000 23.312500 138 
Ch2: 24.762199 0.256812 5.187000 23.343750 137 
Ch2: 24.865271 0.219044 5.187000 23.343750 136 
Ch2: 24.964906 0.286600 5.187000 23.281250 135 
Ch2: 25.058529 0.388198 5.187000 23.281250 134 
Ch2: 25.158680 0.210799 5.187000 23.312500 133 
Ch2: 25.256254 0.626504 5.125000 23.250000 132 
Ch2: 25.355718 1.344611 5.187000 23.312500 131 
Ch2: 25.458102 2.504486 5.125000 23.312500 130 
Ch2: 25.560830 3.900806 5.125000 23.281250 129 
Ch2: 25.646895 5.649263 5.125000 23.281250 128 
Ch2: 25.741892 8.020346 5.125000 23.250000 127 
Ch2: 25.844792 10.516699 5.125000 23.312500 126 
Ch2: 25.947004 13.393649 5.125000 23.281250 125 
Ch2: 26.031523 16.734176 5.125000 23.281250 124 
Ch2: 26.130643 20.530303 5.062000 23.343750 123 
Ch2: 26.231481 24.751708 5.062000 23.343750 122 
Ch2: 26.332834 29.164875 5.062000 23.437500 121 
Ch2: 26.420789 33.873263 5.062000 23.437500 120 
Ch2: 26.514584 39.198957 5.062000 23.468750 119 
Ch2: 26.616109 44.737158 5.062000 23.562500 118 
Ch2: 26.704922 50.975115 5.062000 23.656250 117 
Ch2: 26.799232 57.617073 5.062000 23.718750 116 
Ch2: 26.900929 64.305043 5.062000 23.781250 115 
Ch2: 26.994724 71.589574 5.062000 23.781250 114 
Ch2: 27.083366 79.541944 5.000000 23.906250 113 
Ch2: 27.177160 87.397769 5.000000 23.843750 112 
Ch2: 27.264771 96.446715 5.000000 23.781250 111 
Ch2: 27.365094 105.579175 5.000000 23.906250 110 
Ch2: 27.454938 115.593576 5.000000 23.750000 109 
Ch2: 27.545125 125.412493 5.000000 23.750000 108 
Ch2: 27.646135 136.973484 5.062000 23.718750 107 
Ch2: 27.734433 148.436600 5.000000 23.718750 106 
Ch2: 27.828571 160.188554 5.000000 23.656250 105 
Ch2: 27.913949 173.050649 5.062000 23.625000 104 
Ch2: 28.008946 186.383502 5.000000 23.593750 103 
Ch2: 28.087796 199.647737 5.000000 23.531250 102 
Ch2: 28.188290 214.158552 5.062000 23.500000 101 
Ch2: 28.271606 229.419390 5.062000 23.468750 100 
Ch2: 28.369867 245.153115 5.062000 23.406250 99 
Ch2: 28.448030 262.162411 5.062000 23.406250 98 
Ch2: 28.546978 279.383947 5.000000 23.343750 97 
Ch2: 28.627030 295.955197 5.000000 23.437500 96 
Ch2: 28.708285 315.124133 5.000000 23.375000 95 
Ch2: 28.802252 333.759542 5.000000 23.312500 94 
Ch2: 28.885224 354.164686 5.000000 23.375000 93 
Ch2: 28.966650 375.045909 5.000000 23.375000 92 
Ch2: 29.051341 396.247088 5.000000 23.375000 91 
Ch2: 29.142044 418.689262 5.000000 23.343750 90 
Ch2: 29.220378 441.934918 5.000000 23.312500 89 
Ch2: 29.298197 465.401326 5.000000 23.343750 88 
Ch2: 29.382887 490.882157 5.000000 23.343750 87 
