Ch2: 14.699646 -0.090673 0.187000 23.906250 239 
Ch2: 14.713303 0.259006 0.187000 24.000000 238 
Ch2: 14.817663 -0.214745 0.187000 24.093750 237 
Ch2: 14.918802 0.066713 0.125000 24.062500 236 
Ch2: 15.022646 0.105012 0.125000 24.000000 235 
Ch2: 15.124944 0.049757 0.125000 24.000000 234 
Ch2: 15.227758 -0.116804 0.125000 23.906250 233 
Ch2: 15.330829 0.014650 0.125000 23.843750 232 
Ch2: 15.433256 -0.319868 0.125000 23.781250 231 
Ch2: 15.533493 0.020235 0.125000 23.750000 230 
Ch2: 15.634503 -0.063544 0.125000 23.718750 229 
Ch2: 15.742084 -0.195995 0.187000 23.687500 228 
Ch2: 15.841805 -0.206766 0.187000 23.625000 227 
Ch2: 15.944619 0.087258 0.125000 23.593750 226 
Ch2: 16.042666 0.136928 0.187000 23.562500 225 
Ch2: 16.136460 0.092844 0.187000 23.562500 224 
Ch2: 16.254091 -0.017864 0.125000 23.531250 223 
Ch2: 16.343505 0.034597 0.125000 23.500000 222 
Ch2: 16.447092 0.056539 0.125000 23.500000 221 
Ch2: 16.545525 0.129746 0.125000 23.500000 220 
Ch2: 16.649240 -0.258031 0.125000 23.500000 219 
Ch2: 16.751023 0.337997 0.187000 23.437500 218 
Ch2: 16.852162 0.214324 0.125000 23.437500 217 
Ch2: 16.955105 0.033400 0.125000 23.437500 216 
Ch2: 17.057789 0.014849 0.125000 23.437500 215 
Ch2: 17.160474 0.064718 0.125000 23.343750 214 
Ch2: 17.262257 0.180612 0.125000 23.406250 213 
Ch2: 17.365973 0.068308 0.187000 23.343750 212 
Ch2: 17.469430 0.066114 0.125000 23.343750 211 
Ch2: 17.571342 0.161862 0.125000 23.343750 210 
Ch2: 17.670162 -0.003502 0.125000 23.281250 209 
Ch2: 17.759190 0.159269 0.125000 23.281250 208 
Ch2: 17.872053 -0.053969 0.125000 23.281250 207 
Ch2: 17.963657 -0.205570 0.125000 23.281250 206 
Ch2: 18.065054 -0.059156 0.125000 23.312500 205 
Ch2: 18.166450 0.131143 0.125000 23.343750 204 
Ch2: 18.269135 0.128949 0.125000 23.437500 203 
Ch2: 18.371949 0.309672 0.125000 23.468750 202 
Ch2: 18.475149 0.185599 0.125000 23.531250 201 
Ch2: 18.572551 -0.090074 0.125000 23.593750 200 
Ch2: 18.670469 -0.190609 0.125000 23.656250 199 
Ch2: 18.764779 0.296307 0.125000 23.750000 198 
Ch2: 18.863728 -0.000311 0.125000 23.812500 197 
Ch2: 18.966026 -0.029234 0.125000 23.875000 196 
Ch2: 19.068324 0.312265 0.125000 23.968750 195 
Ch2: 19.171396 -0.113413 0.125000 23.906250 194 
Ch2: 19.273694 0.081075 0.125000 24.062500 193 
Ch2: 19.371741 0.118576 0.125000 24.031250 192 
Ch2: 19.477775 -0.011282 0.125000 23.968750 191 
Ch2: 19.572214 -0.073318 0.125000 23.937500 190 
Ch2: 19.674641 0.284738 0.125000 23.875000 189 
Ch2: 19.770884 0.021233 0.125000 23.843750 188 
Ch2: 19.873440 -0.057959 0.125000 23.718750 187 
Ch2: 19.975094 -0.016668 0.125000 23.750000 186 
Ch2: 20.076233 -0.163082 0.125000 23.687500 185 
Ch2: 20.176985 0.202156 0.125000 23.687500 184 
Ch2: 20.279155 0.239856 0.125000 23.593750 183 
Ch2: 20.382097 -0.133161 0.125000 23.562500 182 
Ch2: 20.485040 0.125358 0.125000 23.531250 181 
Ch2: 20.587982 0.111794 0.125000 23.562500 180 
Ch2: 20.690796 0.045568 0.125000 23.531250 179 
Ch2: 20.793223 0.238260 0.125000 23.531250 178 
Ch2: 20.892816 -0.246861 0.125000 23.500000 177 
Ch2: 20.980684 0.064119 0.125000 23.437500 176 
Ch2: 21.084786 0.011259 0.125000 23.468750 175 
Ch2: 21.182060 -0.016269 0.125000 23.468750 174 
Ch2: 21.283971 0.007469 0.125000 23.437500 173 
Ch2: 21.386914 0.298103 0.125000 23.437500 172 
Ch2: 21.489985 0.079279 0.125000 23.406250 171 
Ch2: 21.592928 0.525503 0.125000 23.406250 170 
Ch2: 21.695741 0.317053 0.125000 23.406250 169 
Ch2: 21.792886 0.254019 0.125000 23.312500 168 
Ch2: 21.894540 0.056340 0.125000 23.343750 167 
Ch2: 21.987562 -0.110819 0.125000 23.343750 166 
Ch2: 22.086768 -0.492015 0.125000 23.343750 165 
Ch2: 22.189840 -0.082494 0.125000 23.312500 164 
Ch2: 22.292138 0.008666 0.125000 23.375000 163 
Ch2: 22.392117 0.074293 0.125000 23.375000 162 
Ch2: 22.495188 -0.055366 0.125000 23.406250 161 
Ch2: 22.592848 -0.209360 0.125000 23.468750 160 
Ch2: 22.700687 0.078282 0.125000 23.531250 159 
Ch2: 22.800537 0.246239 0.125000 23.562500 158 
Ch2: 22.897038 0.341389 0.125000 23.593750 157 
Ch2: 22.988385 -0.091071 0.125000 23.687500 156 
Ch2: 23.089910 -0.031828 0.125000 23.750000 155 
Ch2: 23.191564 0.174229 0.125000 23.750000 154 
Ch2: 23.293733 -0.093266 0.125000 23.906250 153 
Ch2: 23.396418 0.004676 0.125000 24.000000 152 
Ch2: 23.495624 0.166051 0.125000 24.000000 151 
Ch2: 23.586585 0.183006 0.125000 24.062500 150 
Ch2: 23.685791 0.219111 0.062000 23.968750 149 
Ch2: 23.788605 0.000088 0.062000 24.062500 148 
Ch2: 23.888326 0.190786 0.062000 23.875000 147 
Ch2: 23.990109 0.108403 0.000000 23.937500 146 
Ch2: 24.092665 -0.130368 -0.063000 23.906250 145 
Ch2: 24.194448 0.137526 -0.125000 23.812500 144 
Ch2: 24.297133 -0.104037 -0.125000 23.781250 143 
Ch2: 24.391701 -0.012279 -0.188000 23.718750 142 
Ch2: 24.484336 -0.242472 -0.313000 23.718750 141 
Ch2: 24.584444 0.062524 -0.375000 23.687500 140 
Ch2: 24.686485 -0.228709 -0.500000 23.656250 139 
Ch2: 24.788912 0.159867 -0.563000 23.687500 138 
Ch2: 24.891597 0.227289 -0.688000 23.593750 137 
Ch2: 24.994024 0.230880 -0.813000 23.625000 136 
Ch2: 25.099157 0.140319 -0.938000 23.562500 135 
Ch2: 25.194369 0.696453 -1.063000 23.593750 134 
Ch2: 25.285329 0.848851 -1.250000 23.593750 133 
Ch2: 25.382474 1.641960 -1.375000 23.562500 132 
Ch2: 25.484257 2.779960 -1.563000 23.562500 131 
Ch2: 25.587070 3.455779 -1.750000 23.531250 130 
Ch2: 25.690013 5.194595 -1.875000 23.531250 129 
Ch2: 25.779685 7.209085 -2.063000 23.531250 128 
Ch2: 25.871290 7.946740 -2.250000 23.531250 127 
Ch2: 25.973588 9.819005 -2.438000 23.500000 126 
Ch2: 26.075242 11.338998 -2.625000 23.468750 125 
Ch2: 26.165172 13.356081 -2.813000 23.468750 124 
Ch2: 26.261672 15.570643 -2.938000 23.468750 123 
Ch2: 26.360750 18.173382 -3.125000 23.468750 122 
Ch2: 26.462919 20.629907 -3.313000 23.468750 121 
Ch2: 26.564058 23.383249 -3.500000 23.437500 120 
Ch2: 26.655920 26.104475 -3.688000 23.468750 119 
Ch2: 26.747525 28.731949 -3.938000 23.500000 118 
Ch2: 26.849694 32.020480 -4.125000 23.562500 117 
Ch2: 26.952250 35.004016 -4.313000 23.656250 116 
Ch2: 27.043340 38.555454 -4.500000 23.687500 115 
Ch2: 27.134686 42.028897 -4.688000 23.750000 114 
Ch2: 27.236083 45.303864 -4.875000 23.812500 113 
Ch2: 27.322147 48.706894 -5.063000 23.875000 112 
Ch2: 27.418648 52.899841 -5.250000 23.937500 111 
Ch2: 27.519658 56.977093 -5.438000 24.031250 110 
Ch2: 27.617189 60.899154 -5.625000 24.031250 109 
Ch2: 27.703898 65.615123 -5.813000 24.125000 108 
Ch2: 27.803233 69.640511 -6.000000 24.062500 107 
Ch2: 27.905918 74.506484 -6.188000 24.218750 106 
Ch2: 27.995203 79.659102 -6.375000 24.156250 105 
Ch2: 28.089385 84.939183 -6.625000 24.156250 104 
Ch2: 28.189622 90.059885 -6.813000 24.031250 103 
Ch2: 28.282257 94.985700 -7.000000 24.031250 102 
Ch2: 28.370769 100.518116 -7.125000 23.968750 101 
Ch2: 28.473068 106.570162 -7.375000 24.000000 100 
Ch2: 28.572016 112.588298 -7.500000 23.968750 99 
Ch2: 28.658983 119.077193 -7.688000 23.906250 98 
Ch2: 28.756514 124.854763 -7.875000 23.875000 97 
Ch2: 28.837940 131.203028 -8.063000 23.812500 96 
Ch2: 28.938692 138.883183 -8.250000 23.875000 95 
Ch2: 29.039573 146.088390 -8.438000 23.843750 94 
Ch2: 29.125509 153.246919 -8.625000 23.781250 93 
Ch2: 29.220721 160.806192 -8.813000 23.781250 92 
Ch2: 29.318253 168.913820 -9.000000 23.718750 91 
Ch2: 29.402900 177.209752 -9.188000 23.750000 90 
Ch2: 29.502879 185.727299 -9.375000 23.718750 89 
