Ch2: 14.868554 -0.490419 10.062000 23.750000 237 
Ch2: 14.807485 0.197368 10.062000 23.781250 236 
Ch2: 14.912102 0.103615 10.062000 23.781250 235 
Ch2: 15.015173 0.234071 10.062000 23.843750 234 
Ch2: 15.105361 0.299499 10.062000 23.812500 233 
Ch2: 15.207144 0.197368 10.062000 23.843750 232 
Ch2: 15.309442 0.207342 10.125000 23.843750 231 
Ch2: 15.410967 0.118376 10.125000 23.937500 230 
Ch2: 15.512492 0.248833 10.125000 23.843750 229 
Ch2: 15.614791 0.186198 10.125000 23.937500 228 
Ch2: 15.724304 0.220906 10.125000 24.031250 227 
Ch2: 15.820160 0.277956 10.125000 24.031250 226 
Ch2: 15.922974 0.178219 10.125000 24.031250 225 
Ch2: 16.024757 -0.160488 10.125000 24.031250 224 
Ch2: 16.108760 0.008267 10.187000 24.000000 223 
Ch2: 16.183487 0.175825 10.187000 23.906250 222 
Ch2: 16.286816 0.229284 10.187000 23.906250 221 
Ch2: 16.388341 0.195772 10.187000 23.906250 220 
Ch2: 16.490639 0.155878 10.187000 23.875000 219 
Ch2: 16.594484 0.226092 10.187000 23.843750 218 
Ch2: 16.696009 0.211730 10.187000 23.843750 217 
Ch2: 16.799853 0.272769 10.187000 23.812500 216 
Ch2: 16.902409 0.086860 10.187000 23.812500 215 
Ch2: 17.004192 0.319047 10.187000 23.812500 214 
Ch2: 17.107006 0.170639 10.187000 23.718750 213 
Ch2: 17.210593 0.223699 10.187000 23.812500 212 
Ch2: 17.313149 0.331814 10.187000 23.781250 211 
Ch2: 17.421373 0.257609 10.187000 23.718750 210 
Ch2: 17.518003 0.384475 10.187000 23.687500 209 
Ch2: 17.606644 0.285935 10.187000 23.656250 208 
Ch2: 17.718734 0.301494 10.187000 23.656250 207 
Ch2: 17.808664 0.275961 10.125000 23.656250 206 
Ch2: 17.909932 0.170639 10.125000 23.656250 205 
Ch2: 18.012487 0.320643 10.125000 23.625000 204 
Ch2: 18.115301 0.263195 10.125000 23.625000 203 
Ch2: 18.217599 0.280349 10.125000 23.625000 202 
Ch2: 18.319898 0.201757 10.125000 23.625000 201 
Ch2: 18.422711 0.283541 10.125000 23.625000 200 
Ch2: 18.525525 0.292717 10.125000 23.656250 199 
Ch2: 18.627566 0.335803 10.062000 23.625000 198 
Ch2: 18.723422 0.283541 10.062000 23.593750 197 
Ch2: 18.828555 0.241651 10.062000 23.593750 196 
Ch2: 18.930080 0.305483 10.062000 23.562500 195 
Ch2: 19.032378 0.211730 10.062000 23.625000 194 
Ch2: 19.126689 0.228087 10.062000 23.625000 193 
Ch2: 19.222803 0.208539 10.062000 23.625000 192 
Ch2: 19.329224 0.295111 10.000000 23.656250 191 
Ch2: 19.428688 0.302292 10.062000 23.593750 190 
Ch2: 19.531759 0.257210 10.000000 23.625000 189 
Ch2: 19.633799 0.250029 10.000000 23.656250 188 
Ch2: 19.737644 0.303887 10.000000 23.656250 187 
Ch2: 19.840457 0.291520 10.000000 23.625000 186 
Ch2: 19.943013 0.321441 10.000000 23.656250 185 
Ch2: 20.047631 0.298701 10.000000 23.656250 184 
Ch2: 20.149671 0.200560 10.000000 23.625000 183 
Ch2: 20.240117 0.278355 10.000000 23.687500 182 
Ch2: 20.337261 0.344580 10.000000 23.625000 181 
Ch2: 20.440590 0.295509 10.000000 23.656250 180 
Ch2: 20.540054 0.316255 9.937000 23.593750 179 
Ch2: 20.643898 0.228087 9.937000 23.593750 178 
Ch2: 20.744651 0.295908 9.937000 23.593750 177 
Ch2: 20.845145 0.357745 9.937000 23.593750 176 
Ch2: 20.948474 0.280748 9.937000 23.593750 175 
Ch2: 21.049999 0.413199 9.937000 23.625000 174 
Ch2: 21.153071 0.342186 9.937000 23.593750 173 
Ch2: 21.254596 0.346575 9.937000 23.593750 172 
Ch2: 21.352772 0.325032 9.937000 23.593750 171 
Ch2: 21.453524 0.314260 9.937000 23.593750 170 
Ch2: 21.551957 0.331016 9.937000 23.593750 169 
Ch2: 21.647556 0.353756 9.937000 23.593750 168 
Ch2: 21.752173 0.387268 9.937000 23.593750 167 
Ch2: 21.850348 0.240854 9.937000 23.562500 166 
Ch2: 21.953420 0.278754 9.937000 23.531250 165 
Ch2: 22.056491 0.325032 9.937000 23.562500 164 
Ch2: 22.158789 0.358543 9.937000 23.531250 163 
Ch2: 22.262376 0.304286 9.937000 23.593750 162 
Ch2: 22.362097 0.333410 9.937000 23.562500 161 
Ch2: 22.448162 0.223699 9.937000 23.593750 160 
Ch2: 22.568240 0.329420 9.937000 23.562500 159 
Ch2: 22.656624 0.369714 9.937000 23.562500 158 
Ch2: 22.755830 0.369714 9.937000 23.593750 157 
Ch2: 22.856840 0.341389 9.937000 23.562500 156 
Ch2: 22.958880 0.385672 9.937000 23.593750 155 
Ch2: 23.061952 0.356549 9.937000 23.562500 154 
Ch2: 23.163992 0.396044 9.937000 23.562500 153 
Ch2: 23.266033 0.336601 9.937000 23.531250 152 
Ch2: 23.368074 0.328622 9.937000 23.562500 151 
Ch2: 23.463415 0.422774 9.937000 23.562500 150 
Ch2: 23.558240 0.350963 9.937000 23.531250 149 
Ch2: 23.659250 0.357346 9.937000 23.562500 148 
Ch2: 23.760260 0.383677 9.937000 23.562500 147 
Ch2: 23.862301 0.408811 9.937000 23.562500 146 
Ch2: 23.963311 0.465860 9.937000 23.625000 145 
Ch2: 24.064063 0.352160 9.937000 23.625000 144 
Ch2: 24.167649 0.292717 9.937000 23.656250 143 
Ch2: 24.261702 0.409210 9.937000 23.687500 142 
Ch2: 24.354982 0.433945 9.937000 23.687500 141 
Ch2: 24.453930 0.398438 9.875000 23.781250 140 
Ch2: 24.556228 0.420779 9.937000 23.750000 139 
Ch2: 24.659557 0.438333 9.937000 23.781250 138 
Ch2: 24.762113 0.421178 9.937000 23.812500 137 
Ch2: 24.862608 0.419981 9.937000 23.875000 136 
Ch2: 24.961299 0.451099 9.937000 23.906250 135 
Ch2: 25.051744 0.436737 9.937000 23.875000 134 
Ch2: 25.152754 0.410008 9.875000 23.812500 133 
Ch2: 25.254279 0.453094 9.937000 23.937500 132 
Ch2: 25.354773 0.824515 9.875000 23.968750 131 
Ch2: 25.457587 2.104740 9.937000 23.937500 130 
Ch2: 25.559885 4.038443 9.875000 24.000000 129 
Ch2: 25.643116 6.552615 9.875000 23.937500 128 
Ch2: 25.741291 9.590208 9.875000 23.875000 127 
Ch2: 25.843332 13.144439 9.875000 23.906250 126 
Ch2: 25.937126 17.591915 9.875000 23.937500 125 
Ch2: 26.025510 22.563210 9.875000 23.781250 124 
Ch2: 26.127808 28.306072 9.875000 23.781250 123 
Ch2: 26.230364 34.630600 9.875000 23.750000 122 
Ch2: 26.322098 41.531209 9.937000 23.781250 121 
Ch2: 26.411512 49.179448 9.875000 23.718750 120 
Ch2: 26.514068 57.170782 9.875000 23.687500 119 
Ch2: 26.598587 65.753757 9.875000 23.718750 118 
Ch2: 26.694443 75.138219 9.937000 23.718750 117 
Ch2: 26.792618 85.365659 9.937000 23.656250 116 
Ch2: 26.876622 95.998829 9.937000 23.656250 115 
Ch2: 26.977889 107.535617 9.937000 23.687500 114 
Ch2: 27.060089 119.522419 9.937000 23.625000 113 
Ch2: 27.156718 131.483290 9.937000 23.625000 112 
Ch2: 27.239175 145.633190 9.937000 23.593750 111 
Ch2: 27.338381 159.463931 9.937000 23.562500 110 
Ch2: 27.417488 174.089776 9.937000 23.562500 109 
Ch2: 27.517468 189.718976 9.937000 23.531250 108 
Ch2: 27.596833 206.367490 9.937000 23.531250 107 
Ch2: 27.692431 223.456841 9.937000 23.531250 106 
Ch2: 27.776692 241.052458 10.000000 23.500000 105 
Ch2: 27.859149 259.512197 9.937000 23.468750 104 
Ch2: 27.955005 278.736720 10.000000 23.437500 103 
Ch2: 28.035401 299.318864 10.000000 23.468750 102 
Ch2: 28.114508 319.395141 10.000000 23.468750 101 
Ch2: 28.211653 341.919366 10.000000 23.406250 100 
Ch2: 28.292306 363.728675 9.937000 23.468750 99 
Ch2: 28.370383 388.188597 10.000000 23.437500 98 
Ch2: 28.456190 411.679075 9.937000 23.437500 97 
Ch2: 28.533493 435.621561 10.000000 23.406250 96 
Ch2: 28.626257 462.812284 9.937000 23.437500 95 
Ch2: 28.704334 489.298864 10.000000 23.406250 94 
Ch2: 28.781895 517.259158 9.937000 23.375000 93 
Ch2: 28.859199 544.788988 9.937000 23.343750 92 
Ch2: 28.937533 575.167309 9.937000 23.375000 91 
Ch2: 29.019217 606.392597 9.937000 23.375000 90 
Ch2: 29.098066 637.457108 9.937000 23.343750 89 
Ch2: 29.176143 671.001084 9.937000 23.343750 88 
Ch2: 29.256023 704.066721 9.937000 23.312500 87 
