Ch2: 19.721281 0.179814 -23.438000 23.687500 189 
Ch2: 19.768694 1.638569 -23.500000 23.812500 188 
Ch2: 19.872796 -0.408634 -23.500000 23.781250 187 
Ch2: 19.972775 -1.033188 -23.563000 23.750000 186 
Ch2: 20.075975 -2.420730 -23.625000 23.750000 185 
Ch2: 20.176857 -0.438157 -23.625000 23.687500 184 
Ch2: 20.279670 -0.349989 -23.688000 23.656250 183 
Ch2: 20.381711 0.068707 -23.688000 23.656250 182 
Ch2: 20.484009 -0.723205 -23.750000 23.625000 181 
Ch2: 20.588111 1.976079 -23.750000 23.625000 180 
Ch2: 20.689765 -0.322860 -23.813000 23.625000 179 
Ch2: 20.792837 -1.019424 -23.813000 23.593750 178 
Ch2: 20.889852 1.924815 -23.875000 23.593750 177 
Ch2: 20.977978 2.369642 -23.875000 23.593750 176 
Ch2: 21.083884 0.034198 -23.938000 23.625000 175 
Ch2: 21.181415 -1.301082 -23.938000 23.656250 174 
Ch2: 21.283843 0.660148 -23.938000 23.656250 173 
Ch2: 21.386399 0.166250 -23.938000 23.718750 172 
Ch2: 21.490501 0.822321 -23.938000 23.718750 171 
Ch2: 21.591639 -0.036216 -24.000000 23.781250 170 
Ch2: 21.686851 -0.871414 -24.000000 23.875000 169 
Ch2: 21.780646 -3.012171 -24.063000 23.906250 168 
Ch2: 21.881914 0.280549 -24.063000 23.906250 167 
Ch2: 21.979961 2.070231 -24.063000 24.031250 166 
Ch2: 22.082645 2.583478 -24.063000 23.968750 165 
Ch2: 22.185459 -0.051576 -24.063000 24.156250 164 
Ch2: 22.287371 -0.824937 -24.063000 24.218750 163 
Ch2: 22.390184 -0.718418 -24.125000 24.125000 162 
Ch2: 22.487716 -0.590555 -24.125000 24.156250 161 
Ch2: 22.575842 -0.136951 -24.125000 24.125000 160 
Ch2: 22.690509 -0.394073 -24.125000 24.156250 159 
Ch2: 22.786107 -0.090673 -24.125000 24.062500 158 
Ch2: 22.884540 -0.631846 -24.125000 24.031250 157 
Ch2: 22.984777 3.326918 -24.125000 24.000000 156 
Ch2: 23.087720 1.899082 -24.125000 24.000000 155 
Ch2: 23.191049 -0.500991 -24.125000 23.937500 154 
Ch2: 23.293605 -2.103566 -24.125000 23.906250 153 
Ch2: 23.396547 1.215085 -24.125000 23.875000 152 
Ch2: 23.497944 -0.362755 -24.125000 23.875000 151 
Ch2: 23.592511 -0.111418 -24.125000 23.812500 150 
Ch2: 23.696098 -1.806948 -24.125000 23.750000 149 
Ch2: 23.796593 0.141914 -24.125000 23.812500 148 
Ch2: 23.891418 0.532684 -24.125000 23.781250 147 
Ch2: 23.991011 0.391058 -24.125000 23.718750 146 
Ch2: 24.093696 -0.949209 -24.125000 23.718750 145 
Ch2: 24.195221 -1.503349 -24.125000 23.687500 144 
Ch2: 24.298164 0.396044 -24.125000 23.718750 143 
Ch2: 24.392345 -0.353978 -24.125000 23.625000 142 
Ch2: 24.487299 -0.296929 -24.188000 23.625000 141 
Ch2: 24.585475 0.166250 -24.188000 23.593750 140 
Ch2: 24.686871 -0.665358 -24.188000 23.593750 139 
Ch2: 24.788783 -0.688896 -24.188000 23.625000 138 
Ch2: 24.891210 -2.186747 -24.125000 23.625000 137 
Ch2: 24.993637 -0.765294 -24.188000 23.593750 136 
Ch2: 25.097739 0.562605 -24.188000 23.593750 135 
Ch2: 25.188571 0.779035 -24.188000 23.562500 134 
Ch2: 25.283268 0.177820 -24.188000 23.593750 133 
Ch2: 25.384149 -1.037576 -24.188000 23.593750 132 
Ch2: 25.488122 1.504124 -24.188000 23.593750 131 
Ch2: 25.592353 2.069832 -24.188000 23.625000 130 
Ch2: 25.690142 2.732884 85.000000 23.656250 129 
Ch2: 25.780973 2.881493 -24.188000 23.687500 128 
Ch2: 25.872707 6.133121 -24.188000 23.718750 127 
Ch2: 25.973717 2.842595 -24.188000 23.843750 126 
Ch2: 26.076273 3.873677 -24.188000 23.875000 125 
Ch2: 26.171743 3.502655 -24.188000 23.906250 124 
Ch2: 26.265666 2.748643 -24.250000 23.937500 123 
Ch2: 26.362553 4.478483 -24.188000 23.968750 122 
Ch2: 26.463821 4.771510 -24.250000 24.093750 121 
Ch2: 26.566248 3.627726 -24.188000 24.125000 120 
Ch2: 26.668675 6.438915 -24.250000 24.125000 119 
Ch2: 26.756286 8.216030 -24.250000 24.187500 118 
Ch2: 26.853688 10.048799 -24.250000 24.125000 117 
Ch2: 26.955600 9.330094 -24.250000 24.093750 116 
Ch2: 27.055837 9.896999 -24.250000 24.125000 115 
Ch2: 27.158908 11.002884 -24.250000 24.125000 114 
Ch2: 27.260305 11.840077 -24.250000 24.031250 113 
Ch2: 27.340443 12.022796 -24.188000 24.000000 112 
Ch2: 27.446091 13.463199 -24.250000 24.000000 111 
Ch2: 27.545426 14.627529 -24.188000 23.843750 110 
Ch2: 27.648497 17.256599 -24.188000 23.937500 109 
Ch2: 27.744869 17.634602 -24.188000 23.968750 108 
Ch2: 27.835958 15.854694 -24.188000 23.875000 107 
Ch2: 27.935422 16.219533 -24.188000 23.781250 106 
Ch2: 28.035143 20.876656 -24.188000 23.750000 105 
Ch2: 28.137699 26.496841 -24.188000 23.750000 104 
Ch2: 28.235617 28.740128 -24.188000 23.781250 103 
Ch2: 28.322455 27.832520 -24.188000 23.687500 102 
Ch2: 28.421790 31.320127 -24.188000 23.718750 101 
Ch2: 28.524732 33.691874 -24.188000 23.625000 100 
Ch2: 28.627546 30.585264 -24.188000 23.625000 99 
Ch2: 28.719666 34.435514 -24.188000 23.593750 98 
Ch2: 28.808436 37.722250 -24.188000 23.625000 97 
Ch2: 28.909446 43.235716 -24.188000 23.593750 96 
Ch2: 29.011873 41.043495 -24.188000 23.562500 95 
Ch2: 29.096649 50.315852 -24.188000 23.593750 94 
Ch2: 29.194438 53.353844 -24.188000 23.593750 93 
Ch2: 29.294804 51.956328 -24.188000 23.562500 92 
Ch2: 29.383703 55.748332 -24.188000 23.531250 91 
Ch2: 29.478528 59.878245 -24.188000 23.531250 90 
Ch2: 29.580827 62.249395 -24.250000 23.531250 89 
