Ch2: 13.290017 -0.720612 1.312000 23.562500 254 
Ch2: 13.218382 0.184203 1.250000 23.562500 253 
Ch2: 13.317846 0.065316 1.250000 23.593750 252 
Ch2: 13.421948 0.025421 1.187000 23.500000 251 
Ch2: 13.524504 0.140718 1.187000 23.500000 250 
Ch2: 13.626803 -0.081896 1.125000 23.531250 249 
Ch2: 13.720855 0.048162 1.062000 23.531250 248 
Ch2: 13.821865 0.013453 1.062000 23.500000 247 
Ch2: 13.921844 0.138723 1.062000 23.500000 246 
Ch2: 14.022339 -0.014872 1.000000 23.500000 245 
Ch2: 14.126698 0.017044 1.000000 23.500000 244 
Ch2: 14.227193 -0.011282 0.937000 23.468750 243 
Ch2: 14.328976 -0.079901 0.937000 23.437500 242 
Ch2: 14.431790 0.056539 0.937000 23.437500 241 
Ch2: 14.532026 0.143909 0.875000 23.437500 240 
Ch2: 14.635355 -0.072321 0.875000 23.437500 239 
Ch2: 14.737396 0.096434 0.875000 23.406250 238 
Ch2: 14.839952 -0.003702 0.812000 23.500000 237 
Ch2: 14.943023 -0.107827 0.812000 23.468750 236 
Ch2: 15.044806 0.016246 0.812000 23.437500 235 
Ch2: 15.145816 -0.051177 0.750000 23.468750 234 
Ch2: 15.248888 0.001086 0.750000 23.406250 233 
Ch2: 15.342940 0.028613 0.750000 23.437500 232 
Ch2: 15.443435 -0.043597 0.687000 23.406250 231 
Ch2: 15.541095 0.031805 0.687000 23.437500 230 
Ch2: 15.646743 0.018639 0.687000 23.437500 229 
Ch2: 15.747753 0.038188 0.687000 23.500000 228 
Ch2: 15.848247 0.060130 0.625000 23.437500 227 
Ch2: 15.961110 -0.026043 0.625000 23.468750 226 
Ch2: 16.053102 0.163857 0.625000 23.468750 225 
Ch2: 16.159780 0.060928 0.625000 23.468750 224 
Ch2: 16.259502 0.128749 0.562000 23.437500 223 
Ch2: 16.367727 0.005474 0.562000 23.437500 222 
Ch2: 16.464098 0.126754 0.562000 23.437500 221 
Ch2: 16.566654 0.034597 0.562000 23.437500 220 
Ch2: 16.668437 0.057736 0.562000 23.468750 219 
Ch2: 16.770478 0.044172 0.500000 23.468750 218 
Ch2: 16.869426 0.142712 0.500000 23.468750 217 
Ch2: 16.965283 -0.063943 0.500000 23.468750 216 
Ch2: 17.064747 -0.022452 0.500000 23.468750 215 
Ch2: 17.162149 -0.005697 0.500000 23.531250 214 
Ch2: 17.265736 -0.016468 0.500000 23.531250 213 
Ch2: 17.368549 -0.152908 0.437000 23.562500 212 
Ch2: 17.470590 -0.105833 0.437000 23.562500 211 
Ch2: 17.574177 0.008267 0.437000 23.625000 210 
Ch2: 17.675702 0.071301 0.437000 23.625000 209 
Ch2: 17.771816 0.033001 0.437000 23.687500 208 
Ch2: 17.880556 0.015448 0.375000 23.718750 207 
Ch2: 17.971001 0.108802 0.375000 23.718750 206 
Ch2: 18.069950 0.047364 0.375000 23.812500 205 
Ch2: 18.170444 0.002282 0.375000 23.781250 204 
Ch2: 18.271197 -0.032825 0.375000 23.875000 203 
Ch2: 18.373237 0.052949 0.375000 23.875000 202 
Ch2: 18.474762 -0.070725 0.375000 23.906250 201 
Ch2: 18.582730 0.014650 0.312000 23.875000 200 
Ch2: 18.679101 0.115185 0.312000 23.906250 199 
Ch2: 18.777534 0.011059 0.312000 24.000000 198 
Ch2: 18.873391 0.116382 0.312000 24.062500 197 
Ch2: 18.974401 0.018639 0.312000 24.093750 196 
Ch2: 19.073864 -0.045990 0.312000 24.093750 195 
Ch2: 19.175390 0.044172 0.312000 24.093750 194 
Ch2: 19.275627 -0.119397 0.312000 24.187500 193 
Ch2: 19.376379 -0.050379 0.312000 24.093750 192 
Ch2: 19.480739 0.202953 0.250000 24.125000 191 
Ch2: 19.582006 -0.174851 0.250000 24.125000 190 
Ch2: 19.685593 0.082870 0.250000 24.000000 189 
Ch2: 19.785830 -0.032426 0.250000 24.031250 188 
Ch2: 19.887613 0.013054 0.250000 23.968750 187 
Ch2: 19.991199 0.069306 0.250000 23.968750 186 
Ch2: 20.089117 -0.014473 0.250000 23.937500 185 
Ch2: 20.189354 -0.014074 0.250000 23.875000 184 
Ch2: 20.284695 -0.103040 0.250000 23.812500 183 
Ch2: 20.384674 0.159867 0.250000 23.781250 182 
Ch2: 20.486457 0.070902 0.250000 23.750000 181 
Ch2: 20.589271 -0.021255 0.250000 23.812500 180 
Ch2: 20.690796 0.073694 0.250000 23.718750 179 
Ch2: 20.794898 0.069705 0.250000 23.718750 178 
Ch2: 20.896939 0.081274 0.250000 23.687500 177 
Ch2: 20.995372 0.093243 0.250000 23.687500 176 
Ch2: 21.100762 0.277158 0.250000 23.656250 175 
Ch2: 21.190950 0.041778 0.250000 23.687500 174 
Ch2: 21.288352 -0.008888 0.250000 23.656250 173 
Ch2: 21.388589 -0.086683 0.250000 23.593750 172 
Ch2: 21.491918 0.006671 0.250000 23.625000 171 
Ch2: 21.593701 0.068109 0.250000 23.593750 170 
Ch2: 21.697545 -0.010085 0.250000 23.625000 169 
Ch2: 21.798297 0.060928 0.250000 23.593750 168 
Ch2: 21.901626 0.167048 0.250000 23.562500 167 
Ch2: 22.001090 0.003479 0.250000 23.562500 166 
Ch2: 22.102100 0.070902 0.250000 23.531250 165 
Ch2: 22.200791 0.118775 0.250000 23.562500 164 
Ch2: 22.302058 0.095237 0.250000 23.562500 163 
Ch2: 22.401007 0.076886 0.250000 23.500000 162 
Ch2: 22.498152 0.020235 0.187000 23.531250 161 
Ch2: 22.597358 0.133935 0.250000 23.500000 160 
Ch2: 22.702233 -0.062347 0.250000 23.500000 159 
Ch2: 22.804016 0.064119 0.250000 23.468750 158 
Ch2: 22.906314 0.111993 0.187000 23.468750 157 
Ch2: 23.007324 0.013054 0.187000 23.437500 156 
Ch2: 23.107819 0.109201 0.187000 23.468750 155 
Ch2: 23.209086 0.198964 0.187000 23.468750 154 
Ch2: 23.300562 0.011458 0.187000 23.468750 153 
Ch2: 23.398480 0.108004 0.187000 23.375000 152 
Ch2: 23.501293 0.028214 0.187000 23.406250 151 
Ch2: 23.602561 0.151888 0.187000 23.406250 150 
Ch2: 23.705375 0.151090 0.187000 23.406250 149 
Ch2: 23.808446 -0.053969 0.187000 23.406250 148 
Ch2: 23.911260 -0.047187 0.187000 23.406250 147 
Ch2: 24.008920 0.183405 0.187000 23.406250 146 
Ch2: 24.109156 -0.004101 0.250000 23.375000 145 
Ch2: 24.195479 0.148697 0.187000 23.375000 144 
Ch2: 24.298550 0.020634 0.187000 23.406250 143 
Ch2: 24.401364 -0.125381 0.187000 23.375000 142 
Ch2: 24.503920 0.027416 0.187000 23.406250 141 
Ch2: 24.604157 0.111993 0.187000 23.375000 140 
Ch2: 24.705424 0.190985 0.187000 23.375000 139 
Ch2: 24.804630 -0.034820 0.187000 23.375000 138 
Ch2: 24.896364 0.093243 0.187000 23.343750 137 
Ch2: 24.996858 0.122366 0.187000 23.375000 136 
Ch2: 25.097353 0.242050 0.187000 23.343750 135 
Ch2: 25.199651 0.368118 0.187000 23.375000 134 
Ch2: 25.302207 0.907097 0.187000 23.343750 133 
Ch2: 25.400125 1.795156 0.187000 23.375000 132 
Ch2: 25.493662 2.438261 0.187000 23.406250 131 
Ch2: 25.589776 3.819420 0.187000 23.375000 130 
Ch2: 25.690013 5.234889 0.187000 23.437500 129 
Ch2: 25.790250 6.801559 0.187000 23.406250 128 
Ch2: 25.876830 8.646695 0.187000 23.437500 127 
Ch2: 25.973459 10.810192 0.187000 23.468750 126 
Ch2: 26.076273 13.111725 0.187000 23.531250 125 
Ch2: 26.172129 15.795451 0.187000 23.531250 124 
Ch2: 26.269016 18.580110 0.187000 23.562500 123 
Ch2: 26.360750 21.764915 0.187000 23.625000 122 
Ch2: 26.462790 24.853174 0.187000 23.625000 121 
Ch2: 26.563285 28.541052 0.187000 23.656250 120 
Ch2: 26.652699 32.403271 0.187000 23.687500 119 
Ch2: 26.746236 36.570287 0.187000 23.750000 118 
Ch2: 26.848535 41.084387 0.187000 23.750000 117 
Ch2: 26.943103 45.912460 0.187000 23.812500 116 
Ch2: 27.033032 50.909687 0.187000 23.843750 115 
Ch2: 27.132754 56.430334 0.187000 23.875000 114 
Ch2: 27.233764 62.320408 0.187000 23.906250 113 
Ch2: 27.313129 67.781612 0.187000 23.937500 112 
Ch2: 27.416200 74.537403 0.187000 24.000000 111 
Ch2: 27.506387 81.062203 0.187000 24.031250 110 
Ch2: 27.596833 88.389288 0.187000 24.031250 109 
Ch2: 27.697842 95.526075 0.187000 24.093750 108 
Ch2: 27.788030 103.702123 0.187000 24.062500 107 
Ch2: 27.880279 112.571941 0.187000 24.093750 106 
Ch2: 27.980000 121.249866 0.187000 24.031250 105 
Ch2: 28.060911 130.624753 0.187000 24.062500 104 
