Ch1: 30.081090 20157.191007 23.937500 600 15220 14331
Ch1: 12.369539 -105.375887 23.812500 599 6402 5893
Ch1: 4.433135 -57.120738 23.875000 598 6423 2112
Ch1: 3.484377 -4.269860 23.875000 597 6446 1660
Ch1: 3.463387 -4.269860 23.875000 596 6446 1650
Ch1: 3.461288 9.517325 23.843750 595 6452 1649
Ch1: 3.454991 4.921597 23.875000 594 6450 1646
Ch1: 3.450793 7.219461 23.875000 593 6451 1644
Ch1: 3.448694 7.219461 23.906250 592 6451 1643
Ch1: 3.444496 7.219461 23.875000 591 6451 1641
Ch1: 3.442397 4.921597 23.843750 590 6450 1640
Ch1: 3.438199 9.517325 23.875000 589 6452 1638
Ch1: 3.436100 7.219461 23.906250 588 6451 1637
Ch1: 3.431902 9.517325 23.875000 587 6452 1635
Ch1: 3.429803 9.517325 23.875000 586 6452 1634
Ch1: 3.425605 4.921597 23.937500 585 6450 1632
Ch1: 3.423506 7.219461 23.843750 584 6451 1631
Ch1: 3.421406 4.921597 23.843750 583 6450 1630
Ch1: 3.417208 2.623732 23.875000 582 6449 1628
Ch1: 3.413010 2.623732 23.843750 581 6449 1626
Ch1: 3.410911 7.219461 23.875000 580 6451 1625
Ch1: 3.408812 7.219461 23.968750 579 6451 1624
Ch1: 3.406713 4.921597 23.875000 578 6450 1623
Ch1: 3.402515 4.921597 23.937500 577 6450 1621
Ch1: 3.400416 7.219461 23.875000 576 6451 1620
Ch1: 3.398317 4.921597 23.875000 575 6450 1619
Ch1: 3.396218 9.517325 23.906250 574 6452 1618
Ch1: 3.392020 11.815189 23.906250 573 6453 1616
Ch1: 3.389921 4.921597 23.875000 572 6450 1615
Ch1: 3.387822 4.921597 23.906250 571 6450 1614
Ch1: 3.383624 9.517325 23.875000 570 6452 1612
Ch1: 3.381525 11.815189 23.906250 569 6453 1611
Ch1: 3.379426 4.921597 23.875000 568 6450 1610
Ch1: 3.375228 9.517325 23.843750 567 6452 1608
Ch1: 3.373129 4.921597 23.875000 566 6450 1607
Ch1: 3.371030 9.517325 23.812500 565 6452 1606
Ch1: 3.368931 9.517325 23.875000 564 6452 1605
Ch1: 3.364733 9.517325 23.875000 563 6452 1603
Ch1: 3.362634 9.517325 23.781250 562 6452 1602
Ch1: 3.360535 9.517325 23.875000 561 6452 1601
Ch1: 3.356337 7.219461 23.906250 560 6451 1599
Ch1: 3.354238 11.815189 23.781250 559 6453 1598
Ch1: 3.350040 7.219461 23.875000 558 6451 1596
Ch1: 3.347941 7.219461 23.906250 557 6451 1595
Ch1: 3.345842 7.219461 23.781250 556 6451 1594
Ch1: 3.343743 9.517325 23.937500 555 6452 1593
Ch1: 3.339545 4.921597 23.843750 554 6450 1591
Ch1: 3.337446 7.219461 23.906250 553 6451 1590
Ch1: 3.335347 2.623732 23.812500 552 6449 1589
Ch1: 3.333248 7.219461 23.875000 551 6451 1588
Ch1: 3.329050 7.219461 23.906250 550 6451 1586
Ch1: 3.326950 9.517325 23.937500 549 6452 1585
Ch1: 3.324851 9.517325 23.937500 548 6452 1584
Ch1: 3.322752 7.219461 23.906250 547 6451 1583
Ch1: 3.318554 9.517325 23.812500 546 6452 1581
Ch1: 3.316455 7.219461 23.875000 545 6451 1580
Ch1: 3.314356 11.815189 23.906250 544 6453 1579
Ch1: 3.310158 9.517325 23.906250 543 6452 1577
Ch1: 3.308059 7.219461 23.875000 542 6451 1576
Ch1: 3.305960 9.517325 23.937500 541 6452 1575
Ch1: 3.303861 4.921597 23.906250 540 6450 1574
Ch1: 3.301762 11.815189 23.875000 539 6453 1573
Ch1: 3.297564 11.815189 23.875000 538 6453 1571
Ch1: 3.295465 9.517325 23.843750 537 6452 1570
Ch1: 3.293366 9.517325 23.875000 536 6452 1569
Ch1: 3.289168 7.219461 23.875000 535 6451 1567
Ch1: 3.287069 11.815189 23.875000 534 6453 1566
Ch1: 3.284970 9.517325 23.906250 533 6452 1565
Ch1: 3.282871 4.921597 23.875000 532 6450 1564
Ch1: 3.280772 9.517325 23.875000 531 6452 1563
Ch1: 3.276574 9.517325 23.937500 530 6452 1561
Ch1: 3.274475 7.219461 23.906250 529 6451 1560
Ch1: 3.272376 9.517325 23.875000 528 6452 1559
Ch1: 3.268178 4.921597 23.781250 527 6450 1557
Ch1: 3.266079 7.219461 23.875000 526 6451 1556
Ch1: 3.263980 4.921597 23.937500 525 6450 1555
Ch1: 3.261881 11.815189 23.875000 524 6453 1554
Ch1: 3.259782 7.219461 23.875000 523 6451 1553
Ch1: 3.255584 7.219461 23.875000 522 6451 1551
Ch1: 3.253485 4.921597 23.875000 521 6450 1550
Ch1: 3.251386 7.219461 23.906250 520 6451 1549
Ch1: 3.249287 14.113054 23.937500 519 6454 1548
Ch1: 3.245089 7.219461 23.906250 518 6451 1546
Ch1: 3.242990 11.815189 23.875000 517 6453 1545
Ch1: 3.240891 4.921597 23.937500 516 6450 1544
Ch1: 3.238792 9.517325 23.875000 515 6452 1543
Ch1: 3.234594 7.219461 23.875000 514 6451 1541
Ch1: 3.232494 11.815189 23.937500 513 6453 1540
Ch1: 3.230395 7.219461 23.843750 512 6451 1539
Ch1: 3.228296 9.517325 23.875000 511 6452 1538
Ch1: 3.224098 9.517325 23.906250 510 6452 1536
Ch1: 3.221999 11.815189 23.781250 509 6453 1535
Ch1: 3.219900 7.219461 23.875000 508 6451 1534
Ch1: 3.217801 9.517325 23.906250 507 6452 1533
Ch1: 3.213603 2.623732 23.875000 506 6449 1531
Ch1: 3.213603 7.219461 23.906250 505 6451 1531
Ch1: 3.209405 9.517325 23.937500 504 6452 1529
Ch1: 3.207306 7.219461 23.875000 503 6451 1528
Ch1: 3.205207 9.517325 23.937500 502 6452 1527
Ch1: 3.203108 4.921597 23.875000 501 6450 1526
Ch1: 3.198910 9.517325 23.906250 500 6452 1524
Ch1: 3.196811 11.815189 23.875000 499 6453 1523
Ch1: 3.194712 11.815189 23.906250 498 6453 1522
Ch1: 3.192613 7.219461 23.875000 497 6451 1521
Ch1: 3.188415 7.219461 23.937500 496 6451 1519
Ch1: 3.186316 9.517325 23.843750 495 6452 1518
Ch1: 3.184217 9.517325 23.875000 494 6452 1517
Ch1: 3.182118 9.517325 23.875000 493 6452 1516
Ch1: 3.180019 9.517325 23.875000 492 6452 1515
Ch1: 3.177920 7.219461 23.906250 491 6451 1514
Ch1: 3.173722 7.219461 23.875000 490 6451 1512
Ch1: 3.171623 7.219461 23.875000 489 6451 1511
Ch1: 3.169524 9.517325 23.843750 488 6452 1510
Ch1: 3.167425 7.219461 23.875000 487 6451 1509
Ch1: 3.165326 7.219461 23.843750 486 6451 1508
Ch1: 3.161128 9.517325 23.875000 485 6452 1506
Ch1: 3.159029 4.921597 23.875000 484 6450 1505
Ch1: 3.156930 4.921597 23.875000 483 6450 1504
Ch1: 3.154831 7.219461 23.906250 482 6451 1503
Ch1: 3.152732 7.219461 23.875000 481 6451 1502
Ch1: 3.148534 9.517325 23.937500 480 6452 1500
Ch1: 3.146435 11.815189 23.875000 479 6453 1499
Ch1: 3.144336 9.517325 23.875000 478 6452 1498
Ch1: 3.142237 9.517325 23.875000 477 6452 1497
Ch1: 3.140137 4.921597 23.812500 476 6450 1496
Ch1: 3.138038 7.219461 23.875000 475 6451 1495
Ch1: 3.135939 11.815189 23.843750 474 6453 1494
Ch1: 3.131741 9.517325 23.843750 473 6452 1492
Ch1: 3.129642 4.921597 23.875000 472 6450 1491
Ch1: 3.127543 9.517325 23.843750 471 6452 1490
Ch1: 3.125444 11.815189 23.875000 470 6453 1489
Ch1: 3.123345 9.517325 23.875000 469 6452 1488
Ch1: 3.121246 9.517325 23.781250 468 6452 1487
Ch1: 3.119147 7.219461 23.875000 467 6451 1486
Ch1: 3.117048 11.815189 23.781250 466 6453 1485
Ch1: 3.112850 7.219461 23.937500 465 6451 1483
Ch1: 3.110751 11.815189 23.906250 464 6453 1482
Ch1: 3.108652 11.815189 23.906250 463 6453 1481
Ch1: 3.106553 9.517325 23.781250 462 6452 1480
Ch1: 3.104454 7.219461 23.875000 461 6451 1479
Ch1: 3.102355 7.219461 23.843750 460 6451 1478
Ch1: 3.100256 11.815189 23.937500 459 6453 1477
Ch1: 3.098157 11.815189 23.875000 458 6453 1476
Ch1: 3.093959 7.219461 23.875000 457 6451 1474
Ch1: 3.091860 9.517325 23.937500 456 6452 1473
Ch1: 3.089761 9.517325 23.812500 455 6452 1472
Ch1: 3.087662 9.517325 23.812500 454 6452 1471
Ch1: 3.087662 9.517325 23.937500 453 6452 1471
Ch1: 3.085563 9.517325 23.906250 452 6452 1470
Ch1: 3.081365 9.517325 23.906250 451 6452 1468
Ch1: 3.079266 9.517325 23.843750 450 6452 1467
Ch1: 3.077167 11.815189 23.875000 449 6453 1466
Ch1: 3.075068 11.815189 23.875000 448 6453 1465
Ch1: 3.072969 9.517325 23.937500 447 6452 1464
Ch1: 3.070870 9.517325 23.906250 446 6452 1463
Ch1: 3.068771 11.815189 23.843750 445 6453 1462
Ch1: 3.068771 11.815189 23.781250 444 6453 1462
Ch1: 3.066672 14.113054 23.875000 443 6454 1461
Ch1: 3.064573 11.815189 23.843750 442 6453 1460
Ch1: 3.062474 9.517325 23.906250 441 6452 1459
Ch1: 3.060375 9.517325 23.906250 440 6452 1458
Ch1: 3.058276 11.815189 23.875000 439 6453 1457
Ch1: 3.056177 11.815189 23.875000 438 6453 1456
Ch1: 3.054078 16.410918 23.875000 437 6455 1455
Ch1: 3.051979 9.517325 23.812500 436 6452 1454
Ch1: 3.049880 11.815189 23.906250 435 6453 1453
Ch1: 3.049880 9.517325 23.937500 434 6452 1453
Ch1: 3.047781 11.815189 23.906250 433 6453 1452
Ch1: 3.045681 14.113054 23.875000 432 6454 1451
Ch1: 3.045681 11.815189 23.937500 431 6453 1451
Ch1: 3.043582 9.517325 23.781250 430 6452 1450
Ch1: 3.041483 11.815189 23.906250 429 6453 1449
Ch1: 3.041483 11.815189 23.875000 428 6453 1449
Ch1: 3.039384 14.113054 23.875000 427 6454 1448
Ch1: 3.039384 9.517325 23.906250 426 6452 1448
Ch1: 3.037285 14.113054 23.906250 425 6454 1447
Ch1: 3.037285 11.815189 23.875000 424 6453 1447
Ch1: 3.037285 11.815189 23.875000 423 6453 1447
Ch1: 3.035186 11.815189 23.781250 422 6453 1446
Ch1: 3.035186 9.517325 23.906250 421 6452 1446
Ch1: 3.035186 9.517325 23.906250 420 6452 1446
Ch1: 3.037285 9.517325 23.875000 419 6452 1447
Ch1: 3.037285 11.815189 23.906250 418 6453 1447
Ch1: 3.037285 11.815189 23.906250 417 6453 1447
Ch1: 3.039384 11.815189 23.906250 416 6453 1448
Ch1: 3.043582 11.815189 23.843750 415 6453 1450
Ch1: 3.045681 11.815189 23.875000 414 6453 1451
Ch1: 3.051979 9.517325 23.875000 413 6452 1454
Ch1: 3.062474 14.113054 23.875000 412 6454 1459
Ch1: 3.075068 11.815189 23.875000 411 6453 1465
Ch1: 3.100256 11.815189 23.875000 410 6453 1477
Ch1: 3.146435 9.517325 23.875000 409 6452 1499
Ch1: 3.217801 11.815189 23.781250 408 6453 1533
Ch1: 3.303861 14.113054 23.875000 407 6454 1574
Ch1: 3.396218 11.815189 23.937500 406 6453 1618
Ch1: 3.492773 11.815189 23.875000 405 6453 1664
Ch1: 3.589328 11.815189 23.906250 404 6453 1710
Ch1: 3.687982 16.410918 23.906250 403 6455 1757
Ch1: 3.786636 9.517325 23.875000 402 6452 1804
Ch1: 3.885290 14.113054 23.875000 401 6454 1851
Ch1: 3.983944 11.815189 23.843750 400 6453 1898
Ch1: 4.080500 14.113054 23.875000 399 6454 1944
Ch1: 4.183352 11.815189 23.906250 398 6453 1993
Ch1: 4.279907 14.113054 23.906250 397 6454 2039
Ch1: 4.378561 11.815189 23.843750 396 6453 2086
Ch1: 4.479314 9.517325 23.843750 395 6452 2134
Ch1: 4.577968 9.517325 23.875000 394 6452 2181
Ch1: 4.678721 11.815189 23.937500 393 6453 2229
Ch1: 4.779474 14.113054 23.875000 392 6454 2277
Ch1: 4.884425 9.517325 23.875000 391 6452 2327
Ch1: 4.980980 11.815189 23.906250 390 6453 2373
Ch1: 5.079634 9.517325 23.843750 389 6452 2420
Ch1: 5.178288 16.410918 23.875000 388 6455 2467
Ch1: 5.279041 11.815189 23.875000 387 6453 2515
Ch1: 5.379794 14.113054 23.906250 386 6454 2563
Ch1: 5.480547 11.815189 23.843750 385 6453 2611
Ch1: 5.579202 18.708782 23.906250 384 6456 2658
Ch1: 5.677856 14.113054 23.937500 383 6454 2705
Ch1: 5.780708 14.113054 23.843750 382 6454 2754
Ch1: 5.881461 11.815189 23.875000 381 6453 2802
Ch1: 5.980115 7.219461 23.968750 380 6451 2849
Ch1: 6.080868 14.113054 23.843750 379 6454 2897
Ch1: 6.181621 14.113054 23.843750 378 6454 2945
Ch1: 6.282374 11.815189 23.843750 377 6453 2993
Ch1: 6.381028 14.113054 23.843750 376 6454 3040
Ch1: 6.481781 9.517325 23.812500 375 6452 3088
Ch1: 6.582534 9.517325 23.875000 374 6452 3136
Ch1: 6.683287 14.113054 23.937500 373 6454 3184
Ch1: 6.781941 14.113054 23.875000 372 6454 3231
Ch1: 6.884793 11.815189 23.875000 371 6453 3280
Ch1: 6.987646 11.815189 23.843750 370 6453 3329
Ch1: 7.088399 11.815189 23.812500 369 6453 3377
Ch1: 7.187053 11.815189 23.843750 368 6453 3424
Ch1: 7.287806 16.410918 23.906250 367 6455 3472
Ch1: 7.394856 9.517325 23.843750 366 6452 3523
Ch1: 7.493510 11.815189 23.843750 365 6453 3570
Ch1: 7.594263 11.815189 23.781250 364 6453 3618
Ch1: 7.695016 11.815189 23.906250 363 6453 3666
Ch1: 7.795769 11.815189 23.843750 362 6453 3714
Ch1: 7.896522 9.517325 23.875000 361 6452 3762
Ch1: 7.999374 11.815189 23.875000 360 6453 3811
Ch1: 8.100127 9.517325 23.781250 359 6452 3859
Ch1: 8.200880 11.815189 23.906250 358 6453 3907
Ch1: 8.299535 9.517325 23.781250 357 6452 3954
Ch1: 8.400288 7.219461 23.906250 356 6451 4002
Ch1: 8.501041 11.815189 23.843750 355 6453 4050
Ch1: 8.603893 7.219461 23.875000 354 6451 4099
Ch1: 8.704646 11.815189 23.812500 353 6453 4147
Ch1: 8.805399 11.815189 23.937500 352 6453 4195
Ch1: 8.904053 9.517325 23.875000 351 6452 4242
Ch1: 9.011103 4.921597 23.750000 350 6450 4293
Ch1: 9.109757 11.815189 23.843750 349 6453 4340
Ch1: 9.208411 11.815189 23.875000 348 6453 4387
Ch1: 9.309164 14.113054 23.875000 347 6454 4435
Ch1: 9.412016 11.815189 23.906250 346 6453 4484
Ch1: 9.512769 11.815189 23.843750 345 6453 4532
Ch1: 9.613523 14.113054 23.906250 344 6454 4580
Ch1: 9.714276 11.815189 23.781250 343 6453 4628
Ch1: 9.815029 11.815189 23.875000 342 6453 4676
Ch1: 9.915782 14.113054 23.875000 341 6454 4724
Ch1: 10.016535 14.113054 23.843750 340 6454 4772
Ch1: 10.119387 11.815189 23.875000 339 6453 4821
Ch1: 10.220140 14.113054 23.906250 338 6454 4869
Ch1: 10.320893 16.410918 23.937500 337 6455 4917
Ch1: 10.421646 9.517325 23.812500 336 6452 4965
Ch1: 10.522399 9.517325 23.937500 335 6452 5013
Ch1: 10.629449 9.517325 23.875000 334 6452 5064
Ch1: 10.728103 7.219461 23.906250 333 6451 5111
Ch1: 10.828857 11.815189 23.906250 332 6453 5159
Ch1: 10.931709 14.113054 23.875000 331 6454 5208
Ch1: 11.032462 9.517325 23.843750 330 6452 5256
Ch1: 11.135314 7.219461 23.875000 329 6451 5305
Ch1: 11.236067 11.815189 23.875000 328 6453 5353
Ch1: 11.336820 14.113054 23.843750 327 6454 5401
Ch1: 11.439672 9.517325 23.875000 326 6452 5450
Ch1: 11.538326 9.517325 23.875000 325 6452 5497
Ch1: 11.639079 7.219461 23.843750 324 6451 5545
Ch1: 11.741931 11.815189 23.843750 323 6453 5594
Ch1: 11.842684 9.517325 23.843750 322 6452 5642
Ch1: 11.956032 -6.567725 23.843750 321 6445 5696
Ch1: 12.054686 9.517325 23.875000 320 6452 5743
Ch1: 12.149142 11.815189 23.875000 319 6453 5788
Ch1: 12.251994 9.517325 23.875000 318 6452 5837
Ch1: 12.350648 16.410918 23.843750 317 6455 5884
Ch1: 12.449302 9.517325 23.875000 316 6452 5931
Ch1: 12.550055 7.219461 23.843750 315 6451 5979
Ch1: 12.652907 14.113054 23.875000 314 6454 6028
Ch1: 12.753660 14.113054 23.906250 313 6454 6076
Ch1: 12.854413 14.113054 23.875000 312 6454 6124
Ch1: 12.955166 14.113054 23.843750 311 6454 6172
Ch1: 13.055919 9.517325 23.843750 310 6452 6220
Ch1: 13.156672 9.517325 23.875000 309 6452 6268
Ch1: 13.259524 9.517325 23.812500 308 6452 6317
Ch1: 13.360278 11.815189 23.875000 307 6453 6365
Ch1: 13.461031 11.815189 23.906250 306 6453 6413
Ch1: 13.561784 9.517325 23.812500 305 6452 6461
Ch1: 13.662537 11.815189 23.843750 304 6453 6509
Ch1: 13.763290 11.815189 23.843750 303 6453 6557
Ch1: 13.866142 11.815189 23.875000 302 6453 6606
Ch1: 13.966895 11.815189 23.843750 301 6453 6654
Ch1: 14.069747 7.219461 23.875000 300 6451 6703
Ch1: 14.170500 9.517325 23.875000 299 6452 6751
Ch1: 14.273352 7.219461 23.875000 298 6451 6800
Ch1: 14.374105 9.517325 23.843750 297 6452 6848
Ch1: 14.472759 7.219461 23.906250 296 6451 6895
Ch1: 14.575611 7.219461 23.843750 295 6451 6944
Ch1: 14.676365 4.921597 23.875000 294 6450 6992
Ch1: 14.777118 11.815189 23.843750 293 6453 7040
Ch1: 14.877871 14.113054 23.843750 292 6454 7088
Ch1: 14.980723 9.517325 23.843750 291 6452 7137
Ch1: 15.081476 4.921597 23.843750 290 6450 7185
Ch1: 15.182229 7.219461 23.875000 289 6451 7233
Ch1: 15.282982 11.815189 23.875000 288 6453 7281
Ch1: 15.383735 9.517325 23.875000 287 6452 7329
Ch1: 15.488686 4.921597 23.906250 286 6450 7379
Ch1: 15.587340 7.219461 23.843750 285 6451 7426
Ch1: 15.685994 9.517325 23.843750 284 6452 7473
Ch1: 15.788846 14.113054 23.875000 283 6454 7522
Ch1: 15.889599 9.517325 23.843750 282 6452 7570
Ch1: 15.990353 4.921597 23.875000 281 6450 7618
Ch1: 16.091106 4.921597 23.875000 280 6450 7666
Ch1: 16.191859 9.517325 23.906250 279 6452 7714
Ch1: 16.294711 11.815189 23.875000 278 6453 7763
Ch1: 16.395464 7.219461 23.875000 277 6451 7811
Ch1: 16.496217 7.219461 23.875000 276 6451 7859
Ch1: 16.596970 7.219461 23.843750 275 6451 7907
Ch1: 16.697723 9.517325 23.875000 274 6452 7955
Ch1: 16.800575 9.517325 23.843750 273 6452 8004
Ch1: 16.901328 9.517325 23.843750 272 6452 8052
Ch1: 17.002081 11.815189 23.906250 271 6453 8100
Ch1: 17.104933 9.517325 23.812500 270 6452 8149
Ch1: 17.203588 9.517325 23.875000 269 6452 8196
Ch1: 17.304341 14.113054 23.875000 268 6454 8244
Ch1: 17.407193 7.219461 23.812500 267 6451 8293
Ch1: 17.510045 7.219461 23.875000 266 6451 8342
Ch1: 17.608699 7.219461 23.906250 265 6451 8389
Ch1: 17.711551 4.921597 23.843750 264 6450 8438
Ch1: 17.812304 11.815189 23.843750 263 6453 8486
Ch1: 17.913057 11.815189 23.875000 262 6453 8534
Ch1: 18.013810 7.219461 23.843750 261 6451 8582
Ch1: 18.114563 2.623732 23.843750 260 6449 8630
Ch1: 18.215316 9.517325 23.843750 259 6452 8678
Ch1: 18.318168 7.219461 23.843750 258 6451 8727
Ch1: 18.418921 7.219461 23.843750 257 6451 8775
Ch1: 18.521774 4.921597 23.875000 256 6450 8824
Ch1: 18.620428 4.921597 23.843750 255 6450 8871
Ch1: 18.725379 11.815189 23.875000 254 6453 8921
Ch1: 18.826132 9.517325 23.906250 253 6452 8969
Ch1: 18.926885 7.219461 23.906250 252 6451 9017
Ch1: 19.029737 7.219461 23.875000 251 6451 9066
Ch1: 19.130490 4.921597 23.843750 250 6450 9114
Ch1: 19.231243 7.219461 23.906250 249 6451 9162
Ch1: 19.331996 11.815189 23.843750 248 6453 9210
Ch1: 19.432749 9.517325 23.875000 247 6452 9258
Ch1: 19.535601 7.219461 23.843750 246 6451 9307
Ch1: 19.634255 7.219461 23.875000 245 6451 9354
Ch1: 19.735009 7.219461 23.843750 244 6451 9402
Ch1: 19.835762 7.219461 23.843750 243 6451 9450
Ch1: 19.936515 14.113054 23.906250 242 6454 9498
Ch1: 20.039367 7.219461 23.843750 241 6451 9547
Ch1: 20.138021 11.815189 23.843750 240 6453 9594
Ch1: 20.238774 9.517325 23.843750 239 6452 9642
Ch1: 20.343725 11.815189 23.906250 238 6453 9692
Ch1: 20.444478 9.517325 23.843750 237 6452 9740
Ch1: 20.545231 4.921597 23.906250 236 6450 9788
Ch1: 20.648083 4.921597 23.875000 235 6450 9837
Ch1: 20.748836 7.219461 23.812500 234 6451 9885
Ch1: 20.849589 9.517325 23.906250 233 6452 9933
Ch1: 20.950342 9.517325 23.875000 232 6452 9981
Ch1: 21.051096 4.921597 23.875000 231 6450 10029
Ch1: 21.151849 4.921597 23.875000 230 6450 10077
Ch1: 21.252602 9.517325 23.843750 229 6452 10125
Ch1: 21.353355 7.219461 23.875000 228 6451 10173
Ch1: 21.454108 7.219461 23.843750 227 6451 10221
Ch1: 21.554861 4.921597 23.875000 226 6450 10269
Ch1: 21.659812 2.623732 23.843750 225 6449 10319
Ch1: 21.758466 7.219461 23.843750 224 6451 10366
Ch1: 21.859219 11.815189 23.843750 223 6453 10414
Ch1: 21.962071 9.517325 23.843750 222 6452 10463
Ch1: 22.062824 4.921597 23.875000 221 6450 10511
Ch1: 22.161478 7.219461 23.875000 220 6451 10558
Ch1: 22.264330 9.517325 23.843750 219 6452 10607
Ch1: 22.365084 7.219461 23.906250 218 6451 10655
Ch1: 22.465837 4.921597 23.906250 217 6450 10703
Ch1: 22.564491 7.219461 23.843750 216 6451 10750
Ch1: 22.665244 7.219461 23.843750 215 6451 10798
Ch1: 22.768096 9.517325 23.843750 214 6452 10847
Ch1: 22.868849 9.517325 23.843750 213 6452 10895
Ch1: 22.969602 11.815189 23.843750 212 6453 10943
Ch1: 23.068256 7.219461 23.875000 211 6451 10990
Ch1: 23.171108 9.517325 23.843750 210 6452 11039
Ch1: 23.271861 9.517325 23.843750 209 6452 11087
Ch1: 23.372614 9.517325 23.843750 208 6452 11135
Ch1: 23.471268 11.815189 23.843750 207 6453 11182
Ch1: 23.578319 7.219461 23.906250 206 6451 11233
Ch1: 23.676973 7.219461 23.875000 205 6451 11280
Ch1: 23.777726 4.921597 23.906250 204 6450 11328
Ch1: 23.878479 11.815189 23.906250 203 6453 11376
Ch1: 23.981331 9.517325 23.875000 202 6452 11425
Ch1: 24.079985 4.921597 23.906250 201 6450 11472
Ch1: 24.180738 2.623732 23.875000 200 6449 11520
Ch1: 24.279392 7.219461 23.875000 199 6451 11567
Ch1: 24.380145 9.517325 23.906250 198 6452 11615
Ch1: 24.480898 2.623732 23.843750 197 6449 11663
Ch1: 24.581651 4.921597 23.812500 196 6450 11711
Ch1: 24.682404 4.921597 23.843750 195 6450 11759
Ch1: 24.783157 4.921597 23.906250 194 6450 11807
Ch1: 24.886009 11.815189 23.875000 193 6453 11856
Ch1: 24.984664 7.219461 23.843750 192 6451 11903
Ch1: 25.083318 9.517325 23.812500 191 6452 11950
Ch1: 25.186170 4.921597 23.812500 190 6450 11999
Ch1: 25.282725 7.219461 23.906250 189 6451 12045
Ch1: 25.379280 14.113054 23.906250 188 6454 12091
Ch1: 25.473736 21.006646 23.843750 187 6457 12136
Ch1: 25.568192 32.495968 23.875000 186 6462 12181
Ch1: 25.656351 53.176746 23.875000 185 6471 12223
Ch1: 25.744510 69.261795 23.875000 184 6478 12265
Ch1: 25.832669 92.240438 23.843750 183 6488 12307
Ch1: 25.916629 119.814809 23.906250 182 6500 12347
Ch1: 25.998491 147.389180 23.875000 181 6512 12386
Ch1: 26.080353 174.963551 23.906250 180 6524 12425
Ch1: 26.162215 207.133650 23.843750 179 6538 12464
Ch1: 26.239879 250.793071 23.906250 178 6557 12501
Ch1: 26.319642 287.558899 23.843750 177 6573 12539
Ch1: 26.397306 326.622591 23.843750 176 6590 12576
Ch1: 26.470771 365.686283 23.875000 175 6607 12611
Ch1: 26.548435 413.941432 23.843750 174 6628 12648
Ch1: 26.621901 459.898717 23.843750 173 6648 12683
Ch1: 26.691169 501.260273 23.843750 172 6666 12716
Ch1: 26.764635 554.111151 23.875000 171 6689 12751
Ch1: 26.836001 604.664164 23.875000 170 6711 12785
Ch1: 26.903170 659.812906 23.812500 169 6735 12817
Ch1: 26.974537 714.961648 23.875000 168 6759 12851
Ch1: 27.041705 765.514661 23.843750 167 6781 12883
Ch1: 27.108874 827.556996 23.906250 166 6808 12915
Ch1: 27.176043 889.599330 23.875000 165 6835 12947
Ch1: 27.243212 949.343801 23.843750 164 6861 12979
Ch1: 27.306182 1013.683999 23.875000 163 6889 13009
Ch1: 27.371252 1075.726334 23.843750 162 6916 13040
Ch1: 27.436322 1140.066533 23.843750 161 6944 13071
Ch1: 27.499292 1209.002460 23.875000 160 6974 13101
Ch1: 27.555966 1282.534116 23.843750 159 7006 13128
Ch1: 27.623135 1351.470043 23.843750 158 7036 13160
Ch1: 27.684006 1422.703835 23.875000 157 7067 13189
Ch1: 27.744878 1491.639762 23.781250 156 7097 13218
Ch1: 27.801552 1576.660739 23.906250 155 7134 13245
Ch1: 27.862423 1652.490259 23.875000 154 7167 13274
Ch1: 27.919097 1735.213372 23.843750 153 7203 13301
Ch1: 27.977869 1804.149299 23.843750 152 7233 13329
Ch1: 28.034543 1891.468140 23.906250 151 7271 13356
Ch1: 28.087019 1971.893389 23.875000 150 7306 13381
Ch1: 28.143692 2056.914366 23.843750 149 7343 13408
Ch1: 28.198267 2137.339614 23.843750 148 7378 13434
Ch1: 28.252841 2215.466998 23.843750 147 7412 13460
Ch1: 28.303218 2307.381568 23.875000 146 7452 13484
Ch1: 28.359892 2390.104681 23.781250 145 7488 13511
Ch1: 28.408169 2498.104300 23.906250 144 7535 13534
Ch1: 28.462744 2571.635956 23.843750 143 7567 13560
Ch1: 28.513120 2672.741983 23.875000 142 7611 13584
Ch1: 28.557200 2766.954417 23.906250 141 7652 13605
Ch1: 28.613873 2851.975394 23.906250 140 7689 13632
Ch1: 28.657953 2950.783556 23.843750 139 7732 13653
Ch1: 28.710428 3047.293854 23.812500 138 7774 13678
Ch1: 28.756607 3143.804152 23.843750 137 7816 13700
Ch1: 28.806983 3224.229401 23.812500 136 7851 13724
Ch1: 28.853162 3336.824749 23.875000 135 7900 13746
Ch1: 28.901439 3435.632911 23.843750 134 7943 13769
Ch1: 28.939222 3543.632531 23.750000 133 7990 13787
Ch1: 28.985400 3649.334286 23.812500 132 8036 13809
Ch1: 29.033678 3736.653127 23.875000 131 8074 13832
Ch1: 29.077757 3853.844204 23.875000 130 8125 13853
Ch1: 29.121837 3950.354502 23.906250 129 8167 13874
Ch1: 29.163817 4072.141307 23.843750 128 8220 13894
Ch1: 29.197401 4180.140926 23.875000 127 8267 13910
Ch1: 29.251976 4288.140545 23.843750 126 8314 13936
Ch1: 29.289758 4389.246572 23.781250 125 8358 13954
Ch1: 29.331739 4497.246192 23.843750 124 8405 13974
Ch1: 29.371620 4616.735132 23.906250 123 8457 13993
Ch1: 29.417799 4715.543295 23.843750 122 8500 14015
Ch1: 29.449284 4844.223692 23.843750 121 8556 14030
Ch1: 29.489166 4954.521176 23.812500 120 8604 14049
Ch1: 29.531146 5071.712252 23.843750 119 8655 14069
Ch1: 29.566829 5193.499057 23.875000 118 8708 14086
Ch1: 29.604612 5312.987998 23.843750 117 8760 14104
Ch1: 29.642394 5414.094024 23.781250 116 8804 14122
Ch1: 29.675979 5533.582965 23.875000 115 8856 14138
Ch1: 29.720058 5655.369770 23.843750 114 8909 14159
Ch1: 29.745246 5800.135217 23.812500 113 8972 14171
Ch1: 29.789326 5901.241244 23.843750 112 9016 14192
Ch1: 29.822910 6016.134456 23.843750 111 9066 14208
Ch1: 29.858594 6140.219125 23.843750 110 9120 14225
Ch1: 29.890079 6266.601659 23.843750 109 9175 14240
Ch1: 29.925762 6390.686328 23.906250 108 9229 14257
Ch1: 29.961446 6512.473133 23.843750 107 9282 14274
Ch1: 29.992931 6625.068480 23.812500 106 9331 14289
Ch1: 30.022317 6774.429656 23.812500 105 9396 14303
Ch1: 30.062199 6891.620733 23.843750 104 9447 14322
Ch1: 30.095783 7006.513945 23.843750 103 9497 14338
Ch1: 30.123070 7158.172985 23.781250 102 9563 14351
Ch1: 30.152457 7256.981147 23.906250 101 9606 14365
Ch1: 30.186041 7408.640187 23.875000 100 9672 14381
Ch1: 30.219625 7532.724856 23.843750 99 9726 14397
Ch1: 30.246913 7656.809526 23.906250 98 9780 14410
Ch1: 30.278398 7796.979244 23.875000 97 9841 14425
Ch1: 30.303586 7925.659642 23.875000 96 9897 14437
Ch1: 30.335072 8047.446447 23.843750 95 9950 14452
Ch1: 30.362359 8203.701215 23.843750 94 10018 14465
Ch1: 30.393844 8339.275206 23.843750 93 10077 14480
Ch1: 30.419032 8454.168418 23.843750 92 10127 14492
Ch1: 30.450518 8603.529594 23.875000 91 10192 14507
Ch1: 30.475706 8739.103584 23.781250 90 10251 14519
Ch1: 30.500894 8874.677574 23.843750 89 10310 14531
Ch1: 30.532380 9007.953700 23.843750 88 10368 14546
Ch1: 30.561766 9129.740505 23.875000 87 10421 14560
Ch1: 30.584855 9281.399545 23.875000 86 10487 14571
Ch1: 30.610044 9423.867128 23.875000 85 10549 14583
Ch1: 30.643628 9557.143254 23.812500 84 10607 14599
Ch1: 30.660420 9674.334331 23.843750 83 10658 14607
Ch1: 30.685608 9839.780556 23.906250 82 10730 14619
Ch1: 30.719193 9979.950275 23.812500 81 10791 14635
Ch1: 30.742282 10104.034944 23.843750 80 10845 14646
Ch1: 30.765371 10244.204663 23.812500 79 10906 14657
Ch1: 30.790559 10398.161567 23.843750 78 10973 14669
Ch1: 30.811550 10540.629150 23.875000 77 11035 14679
Ch1: 30.836738 10676.203141 23.843750 76 11094 14691
Ch1: 30.859827 10816.372860 23.781250 75 11155 14702
Ch1: 30.885015 10965.734035 23.875000 74 11220 14714
Ch1: 30.906006 11099.010161 23.906250 73 11278 14724
Ch1: 30.931194 11227.690559 23.875000 72 11334 14736
Ch1: 30.950085 11374.753871 23.750000 71 11398 14745
Ch1: 30.968976 11533.306503 23.906250 70 11467 14754
Ch1: 30.998363 11657.391172 23.812500 69 11521 14768
Ch1: 31.023551 11811.348077 23.843750 68 11588 14780
Ch1: 31.040343 11979.092166 23.812500 67 11661 14788
Ch1: 31.065531 12114.666157 23.843750 66 11720 14800
Ch1: 31.082324 12252.538011 23.812500 65 11780 14808
Ch1: 31.101215 12388.112002 23.812500 64 11839 14817
Ch1: 31.134799 12539.771042 23.812500 63 11905 14833
Ch1: 31.138997 12702.919403 23.812500 62 11976 14835
Ch1: 31.170482 12833.897665 23.812500 61 12033 14850
Ch1: 31.193572 12999.343890 23.843750 60 12105 14861
Ch1: 31.210364 13134.917881 23.843750 59 12164 14869
Ch1: 31.225057 13275.087599 23.843750 58 12225 14876
Ch1: 31.250245 13429.044504 23.781250 57 12292 14888
Ch1: 31.262839 13585.299272 23.812500 56 12360 14894
Ch1: 31.285929 13720.873263 23.812500 55 12419 14905
Ch1: 31.306919 13867.936574 23.843750 54 12483 14915
Ch1: 31.315315 14021.893478 23.781250 53 12550 14919
Ch1: 31.346800 14145.978147 23.812500 52 12604 14934
Ch1: 31.355196 14318.317966 23.812500 51 12679 14938
Ch1: 31.378286 14458.487685 23.812500 50 12740 14949
Ch1: 31.392979 14635.423231 23.843750 49 12817 14956
Ch1: 31.411870 14736.529258 23.781250 48 12861 14965
Ch1: 31.434959 14897.379755 23.843750 47 12931 14976
Ch1: 31.445454 15051.336659 23.812500 46 12998 14981
Ch1: 31.462247 15212.187156 23.843750 45 13068 14989
Ch1: 31.483237 15338.569690 23.812500 44 13123 14999
Ch1: 31.495831 15504.015915 23.781250 43 13195 15005
Ch1: 31.506326 15644.185634 23.843750 42 13256 15010
Ch1: 31.529415 15795.844674 23.812500 41 13322 15021
Ch1: 31.544108 15945.205850 23.812500 40 13387 15028
Ch1: 31.567198 16094.567025 23.812500 39 13452 15039
Ch1: 31.579792 16241.630337 23.843750 38 13516 15045
Ch1: 31.596584 16388.693649 23.812500 37 13580 15053
Ch1: 31.611277 16533.459096 23.812500 36 13643 15060
Ch1: 31.623871 16685.118136 23.843750 35 13709 15066
Ch1: 31.644862 16829.883583 23.875000 34 13772 15076
Ch1: 31.663753 16979.244759 23.812500 33 13837 15085
Ch1: 31.665852 17130.903799 23.812500 32 13903 15086
Ch1: 31.686842 17271.073518 23.812500 31 13964 15096
Ch1: 31.699436 17441.115472 23.812500 30 14038 15102
Ch1: 31.712030 17578.987326 23.812500 29 14098 15108
Ch1: 31.728822 17716.859181 23.812500 28 14158 15116
Ch1: 31.745615 17875.411814 23.812500 27 14227 15124
Ch1: 31.751912 18013.283668 23.875000 26 14287 15127
Ch1: 31.772902 18137.368337 23.843750 25 14341 15137
Ch1: 31.791793 18291.325242 23.812500 24 14408 15146
Ch1: 31.802288 18440.686417 23.812500 23 14473 15151
Ch1: 31.806486 18596.941186 23.781250 22 14541 15153
Ch1: 31.835873 18704.940805 23.843750 21 14588 15167
Ch1: 31.848467 18888.769945 23.843750 20 14668 15173
Ch1: 31.852665 19017.450342 23.812500 19 14724 15175
Ch1: 31.867358 19164.513654 23.812500 18 14788 15182
Ch1: 31.879952 19323.066287 23.812500 17 14857 15188
Ch1: 31.890447 19449.448820 23.812500 16 14912 15193
Ch1: 31.903041 19589.618539 23.812500 15 14973 15199
Ch1: 31.915635 19752.766900 23.781250 14 15044 15205
Ch1: 31.926131 19895.234483 23.812500 13 15106 15210
Ch1: 31.947121 20030.808474 23.843750 12 15165 15220
Ch1: 31.953418 20187.063242 23.812500 11 15233 15223
Ch1: 31.959715 20320.339368 23.781250 10 15291 15226
Ch1: 31.980705 20446.721902 23.781250 9 15346 15236
Ch1: 31.984903 20582.295892 23.781250 8 15405 15238
Ch1: 31.997497 20717.869882 23.812500 7 15464 15244
Ch1: 32.007992 20869.528922 23.812500 6 15530 15249
Ch1: 32.018488 20993.613591 23.812500 5 15584 15254
Ch1: 32.028983 21119.996125 23.812500 4 15639 15259
Ch1: 32.037379 21257.867979 23.812500 3 15699 15263
Ch1: 32.049973 21388.846241 23.781250 2 15756 15269
Ch1: 32.064666 21503.739453 23.812500 1 15806 15276
Ch1: 32.073062 21643.909172 23.843750 0 15867 15280
Ch1: 32.087755 21788.674619 23.843750 0 15930 15287
Ch1: 32.081458 21825.440447 23.781250 1 15946 15284
Ch1: 32.077260 21756.504520 23.781250 2 15916 15282
Ch1: 32.066765 21664.589950 23.843750 3 15876 15277
Ch1: 32.056270 21542.803145 23.875000 4 15823 15272
Ch1: 32.060468 21402.633427 23.812500 5 15762 15274
Ch1: 32.037379 21315.314585 23.812500 6 15724 15263
Ch1: 32.022686 21152.166224 23.843750 7 15653 15256
Ch1: 32.018488 21044.166605 23.875000 8 15606 15254
Ch1: 32.003794 20885.613972 23.843750 9 15537 15247
Ch1: 31.995398 20750.039982 23.812500 10 15478 15243
Ch1: 31.974408 20642.040362 23.781250 11 15431 15233
Ch1: 31.974408 20483.487729 23.781250 12 15362 15233
Ch1: 31.961814 20345.615875 23.812500 13 15302 15227
Ch1: 31.949220 20212.339749 23.812500 14 15244 15221
Ch1: 31.938725 20065.276437 23.812500 15 15180 15216
Ch1: 31.924032 19920.510990 23.812500 16 15117 15209
Ch1: 31.907239 19771.149814 23.812500 17 15052 15201
Ch1: 31.898843 19633.277960 23.750000 18 14992 15197
Ch1: 31.886249 19488.512512 23.875000 19 14929 15191
Ch1: 31.871556 19348.342793 23.781250 20 14868 15184
Ch1: 31.863160 19210.470939 23.812500 21 14808 15180
Ch1: 31.846368 19068.003356 23.781250 22 14746 15172
Ch1: 31.833774 18907.152859 23.812500 23 14676 15166
Ch1: 31.827477 18755.493819 23.843750 24 14610 15163
Ch1: 31.808585 18629.111285 23.812500 25 14555 15154
Ch1: 31.795991 18482.047974 23.812500 26 14491 15148
Ch1: 31.772902 18339.580391 23.781250 27 14429 15137
Ch1: 31.764506 18215.495722 23.843750 28 14375 15133
Ch1: 31.749813 18047.751632 23.812500 29 14302 15126
Ch1: 31.737219 17893.794728 23.812500 30 14235 15120
Ch1: 31.728822 17767.412194 23.843750 31 14180 15116
Ch1: 31.705733 17624.944611 23.781250 32 14118 15105
Ch1: 31.693139 17466.391978 23.843750 33 14049 15099
Ch1: 31.678446 17333.115852 23.843750 34 13991 15092
Ch1: 31.665852 17190.648269 23.812500 35 13929 15086
Ch1: 31.655357 17032.095637 23.843750 36 13860 15081
Ch1: 31.636465 16873.543004 23.812500 37 13791 15072
Ch1: 31.621772 16740.266878 23.812500 38 13733 15065
Ch1: 31.607079 16609.288616 23.781250 39 13676 15058
Ch1: 31.588188 16455.331712 23.781250 40 13609 15049
Ch1: 31.577693 16282.991893 23.843750 41 13534 15044
Ch1: 31.550406 16152.013632 23.843750 42 13477 15031
Ch1: 31.544108 16002.652456 23.750000 43 13412 15028
Ch1: 31.521019 15850.993416 23.812500 44 13346 15017
Ch1: 31.506326 15724.610882 23.781250 45 13291 15010
Ch1: 31.487435 15570.653978 23.781250 46 13224 15001
Ch1: 31.476940 15412.101345 23.781250 47 13155 14996
Ch1: 31.451751 15253.548713 23.812500 48 13086 14984
Ch1: 31.445454 15101.889673 23.812500 49 13020 14981
Ch1: 31.424464 14982.400732 23.812500 50 12968 14971
Ch1: 31.411870 14816.954506 23.781250 51 12896 14965
Ch1: 31.388781 14674.486923 23.843750 52 12834 14954
Ch1: 31.374088 14518.232155 23.812500 53 12766 14947
Ch1: 31.355196 14384.956029 23.812500 54 12708 14938
Ch1: 31.330008 14228.701260 23.781250 55 12640 14926
Ch1: 31.313216 14088.531541 23.812500 56 12579 14918
Ch1: 31.300622 13929.978909 23.781250 57 12510 14912
Ch1: 31.273335 13803.596375 23.781250 58 12455 14899
Ch1: 31.260740 13638.150150 23.812500 59 12383 14893
Ch1: 31.246047 13502.576159 23.812500 60 12324 14886
Ch1: 31.216661 13350.917119 23.812500 61 12258 14872
Ch1: 31.206166 13185.470894 23.781250 62 12186 14867
Ch1: 31.183077 13054.492632 23.843750 63 12129 14856
Ch1: 31.166284 12898.237864 23.750000 64 12061 14848
Ch1: 31.141096 12771.855330 23.781250 65 12006 14836
Ch1: 31.120106 12606.409105 23.812500 66 11934 14826
Ch1: 31.094918 12470.835114 23.781250 67 11875 14814
Ch1: 31.071828 12337.558988 23.812500 68 11817 14803
Ch1: 31.057135 12174.410627 23.843750 69 11746 14796
Ch1: 31.031947 12034.240908 23.781250 70 11685 14784
Ch1: 31.010957 11877.986140 23.781250 71 11617 14774
Ch1: 30.992066 11737.816421 23.812500 72 11556 14765
Ch1: 30.968976 11599.944566 23.812500 73 11496 14754
Ch1: 30.945887 11464.370576 23.781250 74 11437 14743
Ch1: 30.920699 11312.711536 23.812500 75 11371 14731
Ch1: 30.895511 11184.031138 23.781250 76 11315 14719
Ch1: 30.878718 11023.180641 23.781250 77 11245 14711
Ch1: 30.861926 10887.606651 23.812500 78 11186 14703
Ch1: 30.838837 10729.054018 23.812500 79 11117 14692
Ch1: 30.813649 10614.160806 23.812500 80 11067 14680
Ch1: 30.784262 10464.799630 23.781250 81 11002 14666
Ch1: 30.763272 10308.544862 23.812500 82 10934 14656
Ch1: 30.738084 10177.566600 23.781250 83 10877 14644
Ch1: 30.706599 10035.099017 23.781250 84 10815 14629
Ch1: 30.687707 9897.227162 23.812500 85 10755 14620
Ch1: 30.664618 9754.759579 23.781250 86 10693 14609
Ch1: 30.635232 9630.674910 23.812500 87 10639 14595
Ch1: 30.612143 9481.313734 23.843750 88 10574 14584
Ch1: 30.591152 9338.846151 23.718750 89 10512 14574
Ch1: 30.563865 9205.570025 23.812500 90 10454 14561
Ch1: 30.532380 9069.996035 23.781250 91 10395 14546
Ch1: 30.505092 8939.017773 23.812500 92 10338 14533
Ch1: 30.477805 8803.443783 23.781250 93 10279 14520
Ch1: 30.450518 8663.274064 23.812500 94 10218 14507
Ch1: 30.419032 8534.593666 23.781250 95 10162 14492
Ch1: 30.391745 8399.019676 23.781250 96 10103 14479
Ch1: 30.366557 8254.254229 23.843750 97 10040 14467
Ch1: 30.337171 8130.169560 23.781250 98 9986 14453
Ch1: 30.305685 8003.787026 23.781250 99 9931 14438
Ch1: 30.274200 7863.617307 23.812500 100 9870 14423
Ch1: 30.251111 7718.851860 23.812500 101 9807 14412
Ch1: 30.215427 7613.150105 23.781250 102 9761 14395
Ch1: 30.181843 7482.171843 23.843750 103 9704 14379
Ch1: 30.150358 7335.108532 23.812500 104 9640 14364
Ch1: 30.118872 7217.917455 23.843750 105 9589 14349
Ch1: 30.097882 7082.343465 23.812500 106 9530 14339
Ch1: 30.058001 6955.960931 23.812500 107 9475 14320
Ch1: 30.028614 6843.365584 23.781250 108 9426 14306
Ch1: 29.992931 6714.685186 23.812500 109 9370 14289
Ch1: 29.967743 6579.111196 23.781250 110 9311 14277
Ch1: 29.927861 6455.026527 23.750000 111 9257 14258
Ch1: 29.894277 6335.537586 23.781250 112 9205 14242
Ch1: 29.862792 6199.963596 23.781250 113 9146 14227
Ch1: 29.829207 6091.963976 23.781250 114 9099 14211
Ch1: 29.795623 5967.879307 23.781250 115 9045 14195
Ch1: 29.751543 5846.092502 23.781250 116 8992 14174
Ch1: 29.726355 5726.603562 23.843750 117 8940 14162
Ch1: 29.680177 5588.731707 23.843750 118 8880 14140
Ch1: 29.642394 5494.519273 23.843750 119 8839 14122
Ch1: 29.606711 5372.732468 23.812500 120 8786 14105
Ch1: 29.566829 5250.945663 23.781250 121 8733 14086
Ch1: 29.533245 5145.243908 23.812500 122 8687 14070
Ch1: 29.499661 5016.563510 23.781250 123 8631 14054
Ch1: 29.459779 4917.755348 23.812500 124 8588 14035
Ch1: 29.417799 4789.074950 23.750000 125 8532 14015
Ch1: 29.377917 4681.075331 23.812500 126 8485 13996
Ch1: 29.342234 4570.777847 23.843750 127 8437 13979
Ch1: 29.302353 4469.671821 23.750000 128 8393 13960
Ch1: 29.256174 4338.693559 23.781250 129 8336 13938
Ch1: 29.214194 4239.885396 23.781250 130 8293 13918
Ch1: 29.174312 4141.077234 23.781250 131 8250 13899
Ch1: 29.130233 4019.290429 23.781250 132 8197 13878
Ch1: 29.088252 3913.588674 23.812500 133 8151 13858
Ch1: 29.042074 3830.865561 23.781250 134 8115 13836
Ch1: 28.997994 3706.780892 23.781250 135 8061 13815
Ch1: 28.951816 3605.674865 23.781250 136 8017 13793
Ch1: 28.911934 3493.079517 23.781250 137 7968 13774
Ch1: 28.867855 3394.271355 23.781250 138 7925 13753
Ch1: 28.817478 3302.356785 23.781250 139 7885 13729
Ch1: 28.771300 3192.059302 23.812500 140 7837 13707
Ch1: 28.720923 3109.336189 23.781250 141 7801 13683
Ch1: 28.672646 3003.634434 23.781250 142 7755 13660
Ch1: 28.622269 2911.719864 23.781250 143 7715 13636
Ch1: 28.571893 2824.401023 23.843750 144 7677 13612
Ch1: 28.525714 2716.401403 23.781250 145 7630 13590
Ch1: 28.473239 2631.380426 23.781250 146 7593 13565
Ch1: 28.424961 2546.359449 23.781250 147 7556 13542
Ch1: 28.374585 2445.253423 23.750000 148 7512 13518
Ch1: 28.320010 2362.530310 23.781250 149 7476 13492
Ch1: 28.267535 2279.807197 23.812500 150 7440 13467
Ch1: 28.217158 2192.488356 23.843750 151 7402 13443
Ch1: 28.166781 2100.573786 23.843750 152 7362 13419
Ch1: 28.103811 2024.744266 23.781250 153 7329 13389
Ch1: 28.051335 1942.021153 23.843750 154 7293 13364
Ch1: 27.994662 1863.893769 23.781250 155 7259 13337
Ch1: 27.937988 1778.872792 23.781250 156 7222 13310
Ch1: 27.879215 1707.639001 23.812500 157 7191 13282
Ch1: 27.822542 1627.213752 23.812500 158 7156 13255
Ch1: 27.763769 1551.384232 23.781250 159 7123 13227
Ch1: 27.709195 1475.554712 23.781250 160 7090 13201
Ch1: 27.642026 1397.427328 23.812500 161 7056 13169
Ch1: 27.583253 1328.491401 23.843750 162 7026 13141
Ch1: 27.520283 1254.959745 23.781250 163 6994 13111
Ch1: 27.457312 1192.917410 23.781250 164 6967 13081
Ch1: 27.396440 1126.279347 23.812500 165 6938 13052
Ch1: 27.331371 1055.045556 23.781250 166 6907 13021
Ch1: 27.264202 997.598950 23.781250 167 6882 12989
Ch1: 27.201231 937.854479 23.812500 168 6856 12959
Ch1: 27.136161 871.216416 23.781250 169 6827 12928
Ch1: 27.064795 816.067674 23.812500 170 6803 12894
Ch1: 26.997626 756.323204 23.781250 171 6777 12862
Ch1: 26.932556 701.174462 23.781250 172 6753 12831
Ch1: 26.861190 646.025720 23.812500 173 6729 12797
Ch1: 26.789823 590.876979 23.875000 174 6705 12763
Ch1: 26.718456 542.621830 23.781250 175 6684 12729
Ch1: 26.649188 492.068816 23.812500 176 6662 12696
Ch1: 26.573623 439.217939 23.781250 177 6639 12660
Ch1: 26.500158 402.452111 23.781250 178 6623 12625
Ch1: 26.426692 365.686283 23.812500 179 6607 12590
Ch1: 26.349028 317.431134 23.812500 180 6586 12553
Ch1: 26.271364 278.367442 23.781250 181 6569 12516
Ch1: 26.191601 237.005885 23.812500 182 6551 12478
Ch1: 26.113938 204.835786 23.843750 183 6537 12441
Ch1: 26.032076 174.963551 23.781250 184 6524 12402
Ch1: 25.950214 142.793451 23.843750 185 6510 12363
Ch1: 25.866253 115.219080 23.812500 186 6498 12323
Ch1: 25.782292 85.346845 23.843750 187 6485 12283
Ch1: 25.694133 69.261795 23.812500 188 6478 12241
Ch1: 25.603875 48.581017 23.812500 189 6469 12198
Ch1: 25.513617 30.198103 23.781250 190 6461 12155
Ch1: 25.423359 18.708782 23.781250 191 6456 12112
Ch1: 25.328903 7.219461 23.781250 192 6451 12067
Ch1: 25.228150 9.517325 23.781250 193 6452 12019
Ch1: 25.129496 9.517325 23.843750 194 6452 11972
Ch1: 25.028743 9.517325 23.781250 195 6452 11924
Ch1: 24.930089 7.219461 23.812500 196 6451 11877
Ch1: 24.829336 4.921597 23.781250 197 6450 11829
Ch1: 24.728583 9.517325 23.750000 198 6452 11781
Ch1: 24.627830 9.517325 23.843750 199 6452 11733
Ch1: 24.529176 9.517325 23.812500 200 6452 11686
Ch1: 24.428423 9.517325 23.812500 201 6452 11638
Ch1: 24.327670 11.815189 23.781250 202 6453 11590
Ch1: 24.229015 9.517325 23.781250 203 6452 11543
Ch1: 24.130361 7.219461 23.781250 204 6451 11496
Ch1: 24.029608 4.921597 23.812500 205 6450 11448
Ch1: 23.928855 7.219461 23.781250 206 6451 11400
Ch1: 23.828102 9.517325 23.812500 207 6452 11352
Ch1: 23.729448 7.219461 23.781250 208 6451 11305
Ch1: 23.624497 9.517325 23.750000 209 6452 11255
Ch1: 23.525843 4.921597 23.781250 210 6450 11208
Ch1: 23.425090 4.921597 23.781250 211 6450 11160
Ch1: 23.324337 2.623732 23.812500 212 6449 11112
Ch1: 23.223584 11.815189 23.781250 213 6453 11064
Ch1: 23.122831 7.219461 23.781250 214 6451 11016
Ch1: 23.022078 9.517325 23.812500 215 6452 10968
Ch1: 22.921325 7.219461 23.781250 216 6451 10920
Ch1: 22.820571 9.517325 23.812500 217 6452 10872
Ch1: 22.721917 7.219461 23.843750 218 6451 10825
Ch1: 22.621164 7.219461 23.781250 219 6451 10777
Ch1: 22.520411 7.219461 23.781250 220 6451 10729
Ch1: 22.419658 4.921597 23.812500 221 6450 10681
Ch1: 22.318905 9.517325 23.781250 222 6452 10633
Ch1: 22.218152 9.517325 23.843750 223 6452 10585
Ch1: 22.121597 9.517325 23.812500 224 6452 10539
Ch1: 22.016646 7.219461 23.781250 225 6451 10489
Ch1: 21.915893 9.517325 23.781250 226 6452 10441
Ch1: 21.817239 7.219461 23.781250 227 6451 10394
Ch1: 21.716486 11.815189 23.843750 228 6453 10346
Ch1: 21.615733 9.517325 23.750000 229 6452 10298
Ch1: 21.512880 4.921597 23.781250 230 6450 10249
Ch1: 21.412127 9.517325 23.812500 231 6452 10201
Ch1: 21.313473 11.815189 23.781250 232 6453 10154
Ch1: 21.212720 7.219461 23.781250 233 6451 10106
Ch1: 21.111967 11.815189 23.843750 234 6453 10058
Ch1: 21.011214 4.921597 23.781250 235 6450 10010
Ch1: 20.912560 7.219461 23.843750 236 6451 9963
Ch1: 20.809708 11.815189 23.750000 237 6453 9914
Ch1: 20.719450 0.325868 23.781250 238 6448 9871
Ch1: 20.614499 7.219461 23.843750 239 6451 9821
Ch1: 20.513746 4.921597 23.843750 240 6450 9773
Ch1: 20.406696 7.219461 23.781250 241 6451 9722
Ch1: 20.303844 7.219461 23.750000 242 6451 9673
Ch1: 20.205190 7.219461 23.812500 243 6451 9626
Ch1: 20.102337 7.219461 23.812500 244 6451 9577
Ch1: 20.001584 2.623732 23.750000 245 6449 9529
Ch1: 19.900831 9.517325 23.812500 246 6452 9481
Ch1: 19.800078 7.219461 23.843750 247 6451 9433
Ch1: 19.699325 7.219461 23.781250 248 6451 9385
Ch1: 19.598572 7.219461 23.781250 249 6451 9337
Ch1: 19.497819 9.517325 23.781250 250 6452 9289
Ch1: 19.397066 7.219461 23.843750 251 6451 9241
Ch1: 19.298412 9.517325 23.781250 252 6452 9194
Ch1: 19.197659 11.815189 23.843750 253 6453 9146
Ch1: 19.094807 4.921597 23.812500 254 6450 9097
Ch1: 18.994054 7.219461 23.812500 255 6451 9049
Ch1: 18.895400 9.517325 23.781250 256 6452 9002
Ch1: 18.790448 9.517325 23.781250 257 6452 8952
Ch1: 18.689695 9.517325 23.781250 258 6452 8904
Ch1: 18.591041 9.517325 23.812500 259 6452 8857
Ch1: 18.488189 11.815189 23.750000 260 6453 8808
Ch1: 18.389535 4.921597 23.781250 261 6450 8761
Ch1: 18.286683 7.219461 23.750000 262 6451 8712
Ch1: 18.185930 11.815189 23.687500 263 6453 8664
Ch1: 18.087276 7.219461 23.750000 264 6451 8617
Ch1: 17.986523 7.219461 23.781250 265 6451 8569
Ch1: 17.883671 7.219461 23.843750 266 6451 8520
Ch1: 17.782918 11.815189 23.781250 267 6453 8472
Ch1: 17.684264 9.517325 23.781250 268 6452 8425
Ch1: 17.583511 7.219461 23.781250 269 6451 8377
Ch1: 17.480658 9.517325 23.781250 270 6452 8328
Ch1: 17.382004 4.921597 23.812500 271 6450 8281
Ch1: 17.281251 9.517325 23.843750 272 6452 8233
Ch1: 17.178399 11.815189 23.781250 273 6453 8184
Ch1: 17.077646 4.921597 23.781250 274 6450 8136
Ch1: 16.976893 4.921597 23.812500 275 6450 8088
Ch1: 16.876140 7.219461 23.781250 276 6451 8040
Ch1: 16.775387 9.517325 23.750000 277 6452 7992
Ch1: 16.674634 11.815189 23.750000 278 6453 7944
Ch1: 16.571782 4.921597 23.781250 279 6450 7895
Ch1: 16.473128 7.219461 23.812500 280 6451 7848
Ch1: 16.372375 7.219461 23.781250 281 6451 7800
Ch1: 16.269523 4.921597 23.843750 282 6450 7751
Ch1: 16.170868 9.517325 23.781250 283 6452 7704
Ch1: 16.070115 9.517325 23.781250 284 6452 7656
Ch1: 15.969362 9.517325 23.843750 285 6452 7608
Ch1: 15.866510 9.517325 23.781250 286 6452 7559
Ch1: 15.767856 9.517325 23.843750 287 6452 7512
Ch1: 15.669202 9.517325 23.781250 288 6452 7465
Ch1: 15.564251 9.517325 23.781250 289 6452 7415
Ch1: 15.465597 4.921597 23.781250 290 6450 7368
Ch1: 15.364844 11.815189 23.781250 291 6453 7320
Ch1: 15.264091 9.517325 23.750000 292 6452 7272
Ch1: 15.163338 14.113054 23.781250 293 6454 7224
Ch1: 15.060486 9.517325 23.843750 294 6452 7175
Ch1: 14.959733 7.219461 23.781250 295 6451 7127
Ch1: 14.858980 11.815189 23.812500 296 6453 7079
Ch1: 14.758226 11.815189 23.843750 297 6453 7031
Ch1: 14.657473 11.815189 23.781250 298 6453 6983
Ch1: 14.556720 9.517325 23.812500 299 6452 6935
Ch1: 14.455967 7.219461 23.781250 300 6451 6887
Ch1: 14.353115 9.517325 23.812500 301 6452 6838
Ch1: 14.252362 9.517325 23.781250 302 6452 6790
Ch1: 14.151609 9.517325 23.781250 303 6452 6742
Ch1: 14.052955 7.219461 23.781250 304 6451 6695
Ch1: 13.950103 7.219461 23.812500 305 6451 6646
Ch1: 13.851449 7.219461 23.781250 306 6451 6599
Ch1: 13.748597 7.219461 23.781250 307 6451 6550
Ch1: 13.647844 7.219461 23.781250 308 6451 6502
Ch1: 13.547091 9.517325 23.781250 309 6452 6454
Ch1: 13.444238 9.517325 23.781250 310 6452 6405
Ch1: 13.345584 9.517325 23.781250 311 6452 6358
Ch1: 13.244831 4.921597 23.750000 312 6450 6310
Ch1: 13.144078 11.815189 23.781250 313 6453 6262
Ch1: 13.041226 7.219461 23.750000 314 6451 6213
Ch1: 12.940473 7.219461 23.812500 315 6451 6165
Ch1: 12.841819 7.219461 23.781250 316 6451 6118
Ch1: 12.738967 11.815189 23.781250 317 6453 6069
Ch1: 12.636115 11.815189 23.812500 318 6453 6020
Ch1: 12.537461 7.219461 23.750000 319 6451 5973
Ch1: 12.438807 9.517325 23.750000 320 6452 5926
Ch1: 12.333856 11.815189 23.781250 321 6453 5876
Ch1: 12.235202 9.517325 23.750000 322 6452 5829
Ch1: 12.134448 14.113054 23.750000 323 6454 5781
Ch1: 12.033695 7.219461 23.781250 324 6451 5733
Ch1: 11.932942 9.517325 23.781250 325 6452 5685
Ch1: 11.830090 11.815189 23.812500 326 6453 5636
Ch1: 11.731436 11.815189 23.781250 327 6453 5589
Ch1: 11.630683 11.815189 23.812500 328 6453 5541
Ch1: 11.527831 9.517325 23.812500 329 6452 5492
Ch1: 11.427078 7.219461 23.781250 330 6451 5444
Ch1: 11.326325 11.815189 23.781250 331 6453 5396
Ch1: 11.225572 11.815189 23.750000 332 6453 5348
Ch1: 11.124819 11.815189 23.781250 333 6453 5300
Ch1: 11.024066 9.517325 23.781250 334 6452 5252
Ch1: 10.923313 9.517325 23.781250 335 6452 5204
Ch1: 10.824658 11.815189 23.843750 336 6453 5157
Ch1: 10.719707 9.517325 23.781250 337 6452 5107
Ch1: 10.618954 11.815189 23.812500 338 6453 5059
Ch1: 10.518201 9.517325 23.781250 339 6452 5011
Ch1: 10.415349 9.517325 23.843750 340 6452 4962
Ch1: 10.314596 14.113054 23.718750 341 6454 4914
Ch1: 10.211744 16.410918 23.843750 342 6455 4865
Ch1: 10.113090 11.815189 23.781250 343 6453 4818
Ch1: 10.012337 14.113054 23.843750 344 6454 4770
Ch1: 9.911584 9.517325 23.750000 345 6452 4722
Ch1: 9.808732 14.113054 23.750000 346 6454 4673
Ch1: 9.710078 11.815189 23.750000 347 6453 4626
Ch1: 9.609325 9.517325 23.750000 348 6452 4578
Ch1: 9.506472 9.517325 23.781250 349 6452 4529
Ch1: 9.405719 9.517325 23.687500 350 6452 4481
Ch1: 9.304966 14.113054 23.718750 351 6454 4433
Ch1: 9.206312 14.113054 23.781250 352 6454 4386
Ch1: 9.103460 9.517325 23.781250 353 6452 4337
Ch1: 9.002707 9.517325 23.781250 354 6452 4289
Ch1: 8.901954 9.517325 23.781250 355 6452 4241
Ch1: 8.801201 14.113054 23.781250 356 6454 4193
Ch1: 8.700448 11.815189 23.781250 357 6453 4145
Ch1: 8.599695 9.517325 23.812500 358 6452 4097
Ch1: 8.498942 11.815189 23.875000 359 6453 4049
Ch1: 8.396090 9.517325 23.843750 360 6452 4000
Ch1: 8.295336 11.815189 23.781250 361 6453 3952
Ch1: 8.194583 9.517325 23.781250 362 6452 3904
Ch1: 8.093830 11.815189 23.781250 363 6453 3856
Ch1: 7.995176 9.517325 23.781250 364 6452 3809
Ch1: 7.894423 9.517325 23.781250 365 6452 3761
Ch1: 7.791571 11.815189 23.812500 366 6453 3712
Ch1: 7.692917 7.219461 23.812500 367 6451 3665
Ch1: 7.594263 9.517325 23.750000 368 6452 3618
Ch1: 7.489312 9.517325 23.812500 369 6452 3568
Ch1: 7.386460 11.815189 23.750000 370 6453 3519
Ch1: 7.287806 11.815189 23.781250 371 6453 3472
Ch1: 7.184954 14.113054 23.812500 372 6454 3423
Ch1: 7.084201 11.815189 23.843750 373 6453 3375
Ch1: 6.983447 11.815189 23.781250 374 6453 3327
Ch1: 6.882694 9.517325 23.812500 375 6452 3279
Ch1: 6.784040 11.815189 23.781250 376 6453 3232
Ch1: 6.683287 14.113054 23.781250 377 6454 3184
Ch1: 6.582534 9.517325 23.812500 378 6452 3136
Ch1: 6.481781 11.815189 23.718750 379 6453 3088
Ch1: 6.383127 14.113054 23.750000 380 6454 3041
Ch1: 6.280275 11.815189 23.781250 381 6453 2992
Ch1: 6.179522 16.410918 23.812500 382 6455 2944
Ch1: 6.080868 14.113054 23.781250 383 6454 2897
Ch1: 5.982214 11.815189 23.781250 384 6453 2850
Ch1: 5.879362 11.815189 23.812500 385 6453 2801
Ch1: 5.780708 14.113054 23.812500 386 6454 2754
Ch1: 5.682054 11.815189 23.843750 387 6453 2707
Ch1: 5.581301 11.815189 23.781250 388 6453 2659
Ch1: 5.480547 9.517325 23.781250 389 6452 2611
Ch1: 5.379794 11.815189 23.812500 390 6453 2563
Ch1: 5.279041 11.815189 23.812500 391 6453 2515
Ch1: 5.180387 9.517325 23.781250 392 6452 2468
Ch1: 5.081733 14.113054 23.781250 393 6454 2421
Ch1: 4.980980 9.517325 23.781250 394 6452 2373
Ch1: 4.880227 11.815189 23.750000 395 6453 2325
Ch1: 4.781573 14.113054 23.750000 396 6454 2278
Ch1: 4.680820 11.815189 23.781250 397 6453 2230
Ch1: 4.580067 14.113054 23.781250 398 6454 2182
Ch1: 4.483512 9.517325 23.781250 399 6452 2136
Ch1: 4.384858 11.815189 23.750000 400 6453 2089
Ch1: 4.284105 11.815189 23.781250 401 6453 2041
Ch1: 4.185451 9.517325 23.750000 402 6452 1994
Ch1: 4.086797 11.815189 23.781250 403 6453 1947
Ch1: 3.986044 4.921597 23.781250 404 6450 1899
Ch1: 3.887389 14.113054 23.781250 405 6454 1852
Ch1: 3.786636 14.113054 23.812500 406 6454 1804
Ch1: 3.687982 11.815189 23.750000 407 6453 1757
Ch1: 3.589328 16.410918 23.781250 408 6455 1710
Ch1: 3.490674 9.517325 23.781250 409 6452 1663
Ch1: 3.392020 11.815189 23.812500 410 6453 1616
Ch1: 3.295465 11.815189 23.718750 411 6453 1570
Ch1: 3.196811 9.517325 23.781250 412 6452 1523
Ch1: 3.106553 7.219461 23.781250 413 6451 1480
Ch1: 3.064573 11.815189 23.750000 414 6453 1460
Ch1: 3.051979 16.410918 23.843750 415 6455 1454
Ch1: 3.045681 16.410918 23.781250 416 6455 1451
Ch1: 3.041483 14.113054 23.781250 417 6454 1449
Ch1: 3.039384 9.517325 23.843750 418 6452 1448
Ch1: 3.037285 11.815189 23.781250 419 6453 1447
Ch1: 3.037285 14.113054 23.781250 420 6454 1447
Ch1: 3.035186 14.113054 23.781250 421 6454 1446
Ch1: 3.035186 7.219461 23.750000 422 6451 1446
Ch1: 3.035186 11.815189 23.812500 423 6453 1446
Ch1: 3.035186 16.410918 23.781250 424 6455 1446
Ch1: 3.035186 16.410918 23.812500 425 6455 1446
Ch1: 3.037285 16.410918 23.781250 426 6455 1447
Ch1: 3.037285 11.815189 23.750000 427 6453 1447
Ch1: 3.039384 9.517325 23.781250 428 6452 1448
Ch1: 3.039384 9.517325 23.750000 429 6452 1448
Ch1: 3.041483 11.815189 23.781250 430 6453 1449
Ch1: 3.041483 14.113054 23.812500 431 6454 1449
Ch1: 3.043582 9.517325 23.812500 432 6452 1450
Ch1: 3.045681 7.219461 23.781250 433 6451 1451
Ch1: 3.045681 11.815189 23.781250 434 6453 1451
Ch1: 3.047781 9.517325 23.781250 435 6452 1452
Ch1: 3.049880 11.815189 23.781250 436 6453 1453
Ch1: 3.049880 14.113054 23.687500 437 6454 1453
Ch1: 3.051979 9.517325 23.750000 438 6452 1454
Ch1: 3.054078 11.815189 23.750000 439 6453 1455
Ch1: 3.056177 14.113054 23.750000 440 6454 1456
Ch1: 3.058276 11.815189 23.750000 441 6453 1457
Ch1: 3.060375 11.815189 23.781250 442 6453 1458
Ch1: 3.062474 7.219461 23.750000 443 6451 1459
Ch1: 3.064573 11.815189 23.750000 444 6453 1460
Ch1: 3.066672 18.708782 23.781250 445 6456 1461
Ch1: 3.066672 11.815189 23.781250 446 6453 1461
Ch1: 3.068771 9.517325 23.750000 447 6452 1462
Ch1: 3.072969 11.815189 23.750000 448 6453 1464
Ch1: 3.072969 11.815189 23.750000 449 6453 1464
Ch1: 3.077167 14.113054 23.781250 450 6454 1466
Ch1: 3.077167 11.815189 23.781250 451 6453 1466
Ch1: 3.081365 14.113054 23.750000 452 6454 1468
Ch1: 3.083464 9.517325 23.781250 453 6452 1469
Ch1: 3.085563 14.113054 23.750000 454 6454 1470
Ch1: 3.087662 16.410918 23.781250 455 6455 1471
Ch1: 3.089761 14.113054 23.812500 456 6454 1472
Ch1: 3.091860 11.815189 23.750000 457 6453 1473
Ch1: 3.093959 9.517325 23.750000 458 6452 1474
Ch1: 3.096058 14.113054 23.812500 459 6454 1475
Ch1: 3.098157 11.815189 23.750000 460 6453 1476
Ch1: 3.100256 11.815189 23.812500 461 6453 1477
Ch1: 3.102355 9.517325 23.781250 462 6452 1478
Ch1: 3.104454 11.815189 23.781250 463 6453 1479
Ch1: 3.106553 9.517325 23.781250 464 6452 1480
Ch1: 3.108652 14.113054 23.718750 465 6454 1481
Ch1: 3.112850 14.113054 23.750000 466 6454 1483
Ch1: 3.114949 11.815189 23.750000 467 6453 1484
Ch1: 3.117048 11.815189 23.781250 468 6453 1485
Ch1: 3.119147 14.113054 23.750000 469 6454 1486
Ch1: 3.121246 9.517325 23.750000 470 6452 1487
Ch1: 3.123345 11.815189 23.750000 471 6453 1488
Ch1: 3.125444 11.815189 23.750000 472 6453 1489
Ch1: 3.127543 9.517325 23.781250 473 6452 1490
Ch1: 3.131741 14.113054 23.750000 474 6454 1492
Ch1: 3.133840 11.815189 23.750000 475 6453 1493
Ch1: 3.135939 14.113054 23.781250 476 6454 1494
Ch1: 3.138038 11.815189 23.750000 477 6453 1495
Ch1: 3.140137 9.517325 23.750000 478 6452 1496
Ch1: 3.142237 14.113054 23.750000 479 6454 1497
Ch1: 3.144336 9.517325 23.781250 480 6452 1498
Ch1: 3.148534 9.517325 23.812500 481 6452 1500
Ch1: 3.150633 11.815189 23.750000 482 6453 1501
Ch1: 3.152732 4.921597 23.750000 483 6450 1502
Ch1: 3.154831 14.113054 23.812500 484 6454 1503
Ch1: 3.156930 14.113054 23.812500 485 6454 1504
Ch1: 3.159029 14.113054 23.781250 486 6454 1505
Ch1: 3.161128 11.815189 23.781250 487 6453 1506
Ch1: 3.165326 9.517325 23.781250 488 6452 1508
Ch1: 3.167425 16.410918 23.750000 489 6455 1509
Ch1: 3.169524 14.113054 23.718750 490 6454 1510
Ch1: 3.171623 14.113054 23.750000 491 6454 1511
Ch1: 3.175821 9.517325 23.812500 492 6452 1513
Ch1: 3.177920 9.517325 23.718750 493 6452 1514
Ch1: 3.180019 11.815189 23.781250 494 6453 1515
Ch1: 3.182118 11.815189 23.750000 495 6453 1516
Ch1: 3.184217 9.517325 23.781250 496 6452 1517
Ch1: 3.188415 9.517325 23.750000 497 6452 1519
Ch1: 3.188415 9.517325 23.812500 498 6452 1519
Ch1: 3.192613 11.815189 23.750000 499 6453 1521
Ch1: 3.194712 16.410918 23.718750 500 6455 1522
Ch1: 3.196811 9.517325 23.781250 501 6452 1523
Ch1: 3.198910 9.517325 23.812500 502 6452 1524
Ch1: 3.201009 9.517325 23.750000 503 6452 1525
Ch1: 3.205207 14.113054 23.812500 504 6454 1527
Ch1: 3.207306 11.815189 23.781250 505 6453 1528
Ch1: 3.209405 11.815189 23.781250 506 6453 1529
Ch1: 3.213603 9.517325 23.718750 507 6452 1531
Ch1: 3.215702 11.815189 23.781250 508 6453 1532
Ch1: 3.217801 11.815189 23.718750 509 6453 1533
Ch1: 3.219900 16.410918 23.781250 510 6455 1534
Ch1: 3.221999 11.815189 23.750000 511 6453 1535
Ch1: 3.224098 9.517325 23.781250 512 6452 1536
Ch1: 3.228296 9.517325 23.781250 513 6452 1538
Ch1: 3.230395 16.410918 23.781250 514 6455 1539
Ch1: 3.232494 14.113054 23.750000 515 6454 1540
Ch1: 3.234594 11.815189 23.812500 516 6453 1541
Ch1: 3.238792 9.517325 23.781250 517 6452 1543
Ch1: 3.240891 11.815189 23.781250 518 6453 1544
Ch1: 3.242990 9.517325 23.812500 519 6452 1545
Ch1: 3.245089 9.517325 23.750000 520 6452 1546
Ch1: 3.249287 9.517325 23.750000 521 6452 1548
Ch1: 3.251386 9.517325 23.781250 522 6452 1549
Ch1: 3.253485 14.113054 23.750000 523 6454 1550
Ch1: 3.255584 9.517325 23.750000 524 6452 1551
Ch1: 3.257683 14.113054 23.750000 525 6454 1552
Ch1: 3.261881 11.815189 23.781250 526 6453 1554
Ch1: 3.263980 7.219461 23.750000 527 6451 1555
Ch1: 3.266079 9.517325 23.750000 528 6452 1556
Ch1: 3.268178 9.517325 23.781250 529 6452 1557
Ch1: 3.272376 11.815189 23.781250 530 6453 1559
Ch1: 3.274475 9.517325 23.781250 531 6452 1560
Ch1: 3.276574 4.921597 23.718750 532 6450 1561
Ch1: 3.278673 9.517325 23.781250 533 6452 1562
Ch1: 3.282871 14.113054 23.750000 534 6454 1564
Ch1: 3.284970 11.815189 23.718750 535 6453 1565
Ch1: 3.287069 11.815189 23.750000 536 6453 1566
Ch1: 3.291267 11.815189 23.781250 537 6453 1568
Ch1: 3.293366 9.517325 23.750000 538 6452 1569
Ch1: 3.295465 11.815189 23.750000 539 6453 1570
Ch1: 3.297564 11.815189 23.812500 540 6453 1571
Ch1: 3.301762 9.517325 23.812500 541 6452 1573
Ch1: 3.303861 9.517325 23.750000 542 6452 1574
Ch1: 3.305960 11.815189 23.750000 543 6453 1575
Ch1: 3.308059 16.410918 23.812500 544 6455 1576
Ch1: 3.310158 9.517325 23.750000 545 6452 1577
Ch1: 3.314356 11.815189 23.750000 546 6453 1579
Ch1: 3.316455 11.815189 23.781250 547 6453 1580
Ch1: 3.318554 11.815189 23.781250 548 6453 1581
Ch1: 3.322752 9.517325 23.843750 549 6452 1583
Ch1: 3.324851 9.517325 23.781250 550 6452 1584
Ch1: 3.326950 9.517325 23.750000 551 6452 1585
Ch1: 3.329050 11.815189 23.812500 552 6453 1586
Ch1: 3.331149 11.815189 23.812500 553 6453 1587
Ch1: 3.335347 11.815189 23.750000 554 6453 1589
Ch1: 3.337446 11.815189 23.781250 555 6453 1590
Ch1: 3.339545 4.921597 23.750000 556 6450 1591
Ch1: 3.343743 4.921597 23.750000 557 6450 1593
Ch1: 3.345842 7.219461 23.750000 558 6451 1594
Ch1: 3.347941 11.815189 23.750000 559 6453 1595
Ch1: 3.350040 9.517325 23.750000 560 6452 1596
Ch1: 3.354238 9.517325 23.750000 561 6452 1598
Ch1: 3.356337 7.219461 23.750000 562 6451 1599
Ch1: 3.358436 16.410918 23.781250 563 6455 1600
Ch1: 3.360535 11.815189 23.781250 564 6453 1601
Ch1: 3.364733 9.517325 23.750000 565 6452 1603
Ch1: 3.366832 9.517325 23.812500 566 6452 1604
Ch1: 3.368931 11.815189 23.750000 567 6453 1605
Ch1: 3.373129 11.815189 23.781250 568 6453 1607
Ch1: 3.375228 4.921597 23.812500 569 6450 1608
Ch1: 3.377327 9.517325 23.750000 570 6452 1609
Ch1: 3.381525 9.517325 23.750000 571 6452 1611
Ch1: 3.383624 11.815189 23.781250 572 6453 1612
Ch1: 3.385723 9.517325 23.750000 573 6452 1613
Ch1: 3.387822 11.815189 23.781250 574 6453 1614
Ch1: 3.392020 14.113054 23.812500 575 6454 1616
Ch1: 3.394119 2.623732 23.781250 576 6449 1617
Ch1: 3.396218 7.219461 23.750000 577 6451 1618
Ch1: 3.398317 9.517325 23.750000 578 6452 1619
Ch1: 3.402515 11.815189 23.781250 579 6453 1621
Ch1: 3.404614 9.517325 23.750000 580 6452 1622
Ch1: 3.408812 4.921597 23.750000 581 6450 1624
Ch1: 3.410911 9.517325 23.750000 582 6452 1625
Ch1: 3.413010 7.219461 23.750000 583 6451 1626
Ch1: 3.415109 11.815189 23.750000 584 6453 1627
Ch1: 3.419307 9.517325 23.750000 585 6452 1629
Ch1: 3.421406 7.219461 23.750000 586 6451 1630
Ch1: 3.423506 9.517325 23.750000 587 6452 1631
Ch1: 3.425605 11.815189 23.750000 588 6453 1632
Ch1: 3.429803 7.219461 23.750000 589 6451 1634
Ch1: 3.431902 9.517325 23.750000 590 6452 1635
Ch1: 3.434001 7.219461 23.781250 591 6451 1636
Ch1: 3.438199 9.517325 23.750000 592 6452 1638
Ch1: 3.440298 7.219461 23.781250 593 6451 1639
Ch1: 3.442397 9.517325 23.812500 594 6452 1640
Ch1: 3.446595 9.517325 23.750000 595 6452 1642
Ch1: 3.448694 9.517325 23.750000 596 6452 1643
Ch1: 3.450793 7.219461 23.718750 597 6451 1644
Ch1: 3.452892 11.815189 23.781250 598 6453 1645
Ch1: 3.457090 9.517325 23.781250 599 6452 1647
Ch1: 3.459189 9.517325 23.750000 600 6452 1648
