Ch1: 30.509290 26834.784497 24.000000 600 18126 14535
Ch1: 13.565982 -77.801516 24.031250 599 6414 6463
Ch1: 4.804662 -45.631417 24.031250 598 6428 2289
Ch1: 3.805528 4.921597 24.093750 597 6450 1813
Ch1: 3.784537 -1.971996 24.093750 596 6447 1803
Ch1: 3.780339 14.113054 24.031250 595 6454 1801
Ch1: 3.774042 9.517325 24.093750 594 6452 1798
Ch1: 3.769844 9.517325 24.031250 593 6452 1796
Ch1: 3.765646 9.517325 24.031250 592 6452 1794
Ch1: 3.763547 9.517325 24.093750 591 6452 1793
Ch1: 3.759349 9.517325 24.031250 590 6452 1791
Ch1: 3.757250 4.921597 24.093750 589 6450 1790
Ch1: 3.753052 11.815189 24.093750 588 6453 1788
Ch1: 3.750953 11.815189 24.062500 587 6453 1787
Ch1: 3.748854 18.708782 24.062500 586 6456 1786
Ch1: 3.744656 9.517325 24.062500 585 6452 1784
Ch1: 3.740458 7.219461 24.000000 584 6451 1782
Ch1: 3.738359 4.921597 24.062500 583 6450 1781
Ch1: 3.736260 7.219461 24.062500 582 6451 1780
Ch1: 3.732062 11.815189 24.062500 581 6453 1778
Ch1: 3.729963 11.815189 23.968750 580 6453 1777
Ch1: 3.727864 4.921597 24.062500 579 6450 1776
Ch1: 3.725765 11.815189 24.031250 578 6453 1775
Ch1: 3.723666 14.113054 23.968750 577 6454 1774
Ch1: 3.719468 2.623732 23.968750 576 6449 1772
Ch1: 3.715270 2.623732 24.062500 575 6449 1770
Ch1: 3.715270 9.517325 24.031250 574 6452 1770
Ch1: 3.711072 14.113054 24.031250 573 6454 1768
Ch1: 3.708973 4.921597 24.062500 572 6450 1767
Ch1: 3.704775 7.219461 24.031250 571 6451 1765
Ch1: 3.702675 14.113054 24.062500 570 6454 1764
Ch1: 3.700576 16.410918 24.000000 569 6455 1763
Ch1: 3.698477 7.219461 24.062500 568 6451 1762
Ch1: 3.694279 9.517325 24.062500 567 6452 1760
Ch1: 3.692180 11.815189 24.062500 566 6453 1759
Ch1: 3.690081 9.517325 24.031250 565 6452 1758
Ch1: 3.685883 7.219461 24.062500 564 6451 1756
Ch1: 3.683784 9.517325 24.093750 563 6452 1755
Ch1: 3.681685 9.517325 24.062500 562 6452 1754
Ch1: 3.679586 11.815189 24.031250 561 6453 1753
Ch1: 3.675388 14.113054 23.968750 560 6454 1751
Ch1: 3.673289 9.517325 23.968750 559 6452 1750
Ch1: 3.671190 11.815189 24.031250 558 6453 1749
Ch1: 3.669091 7.219461 24.093750 557 6451 1748
Ch1: 3.666992 14.113054 24.062500 556 6454 1747
Ch1: 3.662794 11.815189 24.031250 555 6453 1745
Ch1: 3.660695 16.410918 24.093750 554 6455 1744
Ch1: 3.656497 9.517325 24.125000 553 6452 1742
Ch1: 3.654398 9.517325 24.062500 552 6452 1741
Ch1: 3.652299 11.815189 24.093750 551 6453 1740
Ch1: 3.650200 11.815189 24.062500 550 6453 1739
Ch1: 3.648101 11.815189 24.062500 549 6453 1738
Ch1: 3.643903 11.815189 24.093750 548 6453 1736
Ch1: 3.641804 9.517325 24.093750 547 6452 1735
Ch1: 3.639705 11.815189 24.093750 546 6453 1734
Ch1: 3.635507 14.113054 23.968750 545 6454 1732
Ch1: 3.633408 9.517325 24.062500 544 6452 1731
Ch1: 3.631309 9.517325 24.000000 543 6452 1730
Ch1: 3.629210 11.815189 24.062500 542 6453 1729
Ch1: 3.625012 14.113054 24.062500 541 6454 1727
Ch1: 3.622913 14.113054 24.000000 540 6454 1726
Ch1: 3.620814 14.113054 24.062500 539 6454 1725
Ch1: 3.618715 11.815189 24.062500 538 6453 1724
Ch1: 3.616616 11.815189 24.093750 537 6453 1723
Ch1: 3.612418 11.815189 24.093750 536 6453 1721
Ch1: 3.610319 11.815189 24.125000 535 6453 1720
Ch1: 3.608219 11.815189 24.062500 534 6453 1719
Ch1: 3.606120 11.815189 24.062500 533 6453 1718
Ch1: 3.601922 9.517325 24.062500 532 6452 1716
Ch1: 3.599823 9.517325 24.125000 531 6452 1715
Ch1: 3.597724 14.113054 24.031250 530 6454 1714
Ch1: 3.595625 11.815189 24.093750 529 6453 1713
Ch1: 3.593526 9.517325 24.093750 528 6452 1712
Ch1: 3.589328 9.517325 24.031250 527 6452 1710
Ch1: 3.587229 11.815189 23.968750 526 6453 1709
Ch1: 3.585130 11.815189 24.093750 525 6453 1708
Ch1: 3.583031 14.113054 24.062500 524 6454 1707
Ch1: 3.578833 9.517325 24.031250 523 6452 1705
Ch1: 3.576734 9.517325 24.093750 522 6452 1704
Ch1: 3.574635 11.815189 24.093750 521 6453 1703
Ch1: 3.572536 16.410918 24.093750 520 6455 1702
Ch1: 3.570437 16.410918 24.093750 519 6455 1701
Ch1: 3.568338 11.815189 23.937500 518 6453 1700
Ch1: 3.564140 9.517325 24.093750 517 6452 1698
Ch1: 3.562041 11.815189 24.125000 516 6453 1697
Ch1: 3.559942 14.113054 24.093750 515 6454 1696
Ch1: 3.557843 9.517325 24.031250 514 6452 1695
Ch1: 3.555744 9.517325 23.968750 513 6452 1694
Ch1: 3.551546 14.113054 23.937500 512 6454 1692
Ch1: 3.549447 16.410918 24.062500 511 6455 1691
Ch1: 3.547348 11.815189 24.093750 510 6453 1690
Ch1: 3.545249 11.815189 24.093750 509 6453 1689
Ch1: 3.543150 14.113054 24.093750 508 6454 1688
Ch1: 3.541051 7.219461 24.031250 507 6451 1687
Ch1: 3.536853 14.113054 24.031250 506 6454 1685
Ch1: 3.534754 14.113054 24.093750 505 6454 1684
Ch1: 3.532655 16.410918 24.093750 504 6455 1683
Ch1: 3.530556 14.113054 24.031250 503 6454 1682
Ch1: 3.528457 11.815189 24.062500 502 6453 1681
Ch1: 3.526358 11.815189 24.062500 501 6453 1680
Ch1: 3.524259 16.410918 24.125000 500 6455 1679
Ch1: 3.520061 11.815189 23.968750 499 6453 1677
Ch1: 3.517962 11.815189 24.062500 498 6453 1676
Ch1: 3.515863 11.815189 24.093750 497 6453 1675
Ch1: 3.513763 9.517325 24.062500 496 6452 1674
Ch1: 3.511664 14.113054 24.000000 495 6454 1673
Ch1: 3.509565 11.815189 24.062500 494 6453 1672
Ch1: 3.507466 14.113054 24.093750 493 6454 1671
Ch1: 3.503268 7.219461 24.093750 492 6451 1669
Ch1: 3.503268 9.517325 24.031250 491 6452 1669
Ch1: 3.499070 14.113054 24.062500 490 6454 1667
Ch1: 3.496971 14.113054 24.125000 489 6454 1666
Ch1: 3.494872 14.113054 24.062500 488 6454 1665
Ch1: 3.492773 14.113054 24.062500 487 6454 1664
Ch1: 3.490674 14.113054 24.093750 486 6454 1663
Ch1: 3.488575 14.113054 24.062500 485 6454 1662
Ch1: 3.486476 11.815189 24.093750 484 6453 1661
Ch1: 3.482278 0.325868 23.968750 483 6448 1659
Ch1: 3.484377 16.410918 24.093750 482 6455 1660
Ch1: 3.480179 16.410918 24.062500 481 6455 1658
Ch1: 3.478080 14.113054 24.125000 480 6454 1657
Ch1: 3.473882 16.410918 24.000000 479 6455 1655
Ch1: 3.473882 14.113054 24.031250 478 6454 1655
Ch1: 3.471783 7.219461 24.000000 477 6451 1654
Ch1: 3.469684 11.815189 24.062500 476 6453 1653
Ch1: 3.467585 18.708782 24.093750 475 6456 1652
Ch1: 3.465486 14.113054 24.031250 474 6454 1651
Ch1: 3.463387 16.410918 24.093750 473 6455 1650
Ch1: 3.461288 11.815189 24.000000 472 6453 1649
Ch1: 3.459189 11.815189 24.062500 471 6453 1648
Ch1: 3.457090 9.517325 24.125000 470 6452 1647
Ch1: 3.454991 11.815189 24.125000 469 6453 1646
Ch1: 3.452892 11.815189 24.093750 468 6453 1645
Ch1: 3.450793 11.815189 24.062500 467 6453 1644
Ch1: 3.450793 14.113054 24.031250 466 6454 1644
Ch1: 3.448694 14.113054 24.031250 465 6454 1643
Ch1: 3.446595 14.113054 23.968750 464 6454 1642
Ch1: 3.444496 14.113054 24.125000 463 6454 1641
Ch1: 3.442397 9.517325 24.093750 462 6452 1640
Ch1: 3.442397 11.815189 23.968750 461 6453 1640
Ch1: 3.438199 2.623732 24.125000 460 6449 1638
Ch1: 3.438199 18.708782 24.093750 459 6456 1638
Ch1: 3.438199 11.815189 24.031250 458 6453 1638
Ch1: 3.436100 11.815189 24.062500 457 6453 1637
Ch1: 3.434001 14.113054 24.093750 456 6454 1636
Ch1: 3.434001 16.410918 24.093750 455 6455 1636
Ch1: 3.434001 16.410918 24.062500 454 6455 1636
Ch1: 3.431902 11.815189 24.093750 453 6453 1635
Ch1: 3.431902 9.517325 24.125000 452 6452 1635
Ch1: 3.431902 16.410918 24.062500 451 6455 1635
Ch1: 3.431902 11.815189 24.093750 450 6453 1635
Ch1: 3.431902 14.113054 24.031250 449 6454 1635
Ch1: 3.431902 14.113054 23.968750 448 6454 1635
Ch1: 3.434001 11.815189 24.093750 447 6453 1636
Ch1: 3.434001 9.517325 24.093750 446 6452 1636
Ch1: 3.436100 11.815189 24.093750 445 6453 1637
Ch1: 3.438199 16.410918 23.968750 444 6455 1638
Ch1: 3.442397 14.113054 24.031250 443 6454 1640
Ch1: 3.450793 14.113054 24.125000 442 6454 1644
Ch1: 3.459189 11.815189 24.125000 441 6453 1648
Ch1: 3.475981 9.517325 24.125000 440 6452 1656
Ch1: 3.505367 11.815189 24.093750 439 6453 1670
Ch1: 3.559942 16.410918 24.000000 438 6455 1696
Ch1: 3.635507 16.410918 24.093750 437 6455 1732
Ch1: 3.723666 9.517325 24.062500 436 6452 1774
Ch1: 3.818122 16.410918 24.062500 435 6455 1819
Ch1: 3.914677 11.815189 24.000000 434 6453 1865
Ch1: 4.013331 14.113054 24.093750 433 6454 1912
Ch1: 4.109886 11.815189 24.093750 432 6453 1958
Ch1: 4.210639 11.815189 24.125000 431 6453 2006
Ch1: 4.311392 18.708782 24.125000 430 6456 2054
Ch1: 4.410046 14.113054 23.968750 429 6454 2101
Ch1: 4.508700 14.113054 24.000000 428 6454 2148
Ch1: 4.607354 14.113054 23.968750 427 6454 2195
Ch1: 4.708107 11.815189 24.000000 426 6453 2243
Ch1: 4.806761 16.410918 24.062500 425 6455 2290
Ch1: 4.907514 16.410918 24.125000 424 6455 2338
Ch1: 5.008267 14.113054 23.968750 423 6454 2386
Ch1: 5.106921 14.113054 24.031250 422 6454 2433
Ch1: 5.207675 11.815189 23.968750 421 6453 2481
Ch1: 5.308428 11.815189 24.125000 420 6453 2529
Ch1: 5.409181 14.113054 24.093750 419 6454 2577
Ch1: 5.509934 16.410918 24.031250 418 6455 2625
Ch1: 5.610687 11.815189 24.031250 417 6453 2673
Ch1: 5.709341 11.815189 23.968750 416 6453 2720
Ch1: 5.807995 14.113054 24.093750 415 6454 2767
Ch1: 5.912946 16.410918 24.000000 414 6455 2817
Ch1: 6.011600 16.410918 24.062500 413 6455 2864
Ch1: 6.110254 11.815189 24.093750 412 6453 2911
Ch1: 6.211007 11.815189 24.062500 411 6453 2959
Ch1: 6.311760 11.815189 24.062500 410 6453 3007
Ch1: 6.412513 11.815189 24.093750 409 6453 3055
Ch1: 6.515365 16.410918 23.968750 408 6455 3104
Ch1: 6.616119 11.815189 24.093750 407 6453 3152
Ch1: 6.716872 14.113054 24.031250 406 6454 3200
Ch1: 6.817625 14.113054 24.000000 405 6454 3248
Ch1: 6.916279 11.815189 24.062500 404 6453 3295
Ch1: 7.019131 11.815189 23.968750 403 6453 3344
Ch1: 7.119884 11.815189 24.125000 402 6453 3392
Ch1: 7.220637 9.517325 24.031250 401 6452 3440
Ch1: 7.321390 14.113054 24.062500 400 6454 3488
Ch1: 7.422143 11.815189 24.125000 399 6453 3536
Ch1: 7.527094 14.113054 24.093750 398 6454 3586
Ch1: 7.623649 16.410918 24.125000 397 6455 3632
Ch1: 7.732798 2.623732 23.968750 396 6449 3684
Ch1: 7.829354 14.113054 24.125000 395 6454 3730
Ch1: 7.930107 16.410918 24.093750 394 6455 3778
Ch1: 8.028761 16.410918 23.968750 393 6455 3825
Ch1: 8.127415 11.815189 24.031250 392 6453 3872
Ch1: 8.230267 11.815189 24.093750 391 6453 3921
Ch1: 8.331020 11.815189 24.000000 390 6453 3969
Ch1: 8.431773 16.410918 23.937500 389 6455 4017
Ch1: 8.532526 16.410918 24.093750 388 6455 4065
Ch1: 8.635378 16.410918 24.093750 387 6455 4114
Ch1: 8.734032 14.113054 23.968750 386 6454 4161
Ch1: 8.836884 14.113054 24.000000 385 6454 4210
Ch1: 8.937637 14.113054 24.000000 384 6454 4258
Ch1: 9.036291 16.410918 23.968750 383 6455 4305
Ch1: 9.141243 16.410918 24.093750 382 6455 4355
Ch1: 9.239897 14.113054 24.062500 381 6454 4402
Ch1: 9.340650 11.815189 24.093750 380 6453 4450
Ch1: 9.441403 16.410918 24.093750 379 6455 4498
Ch1: 9.544255 16.410918 24.125000 378 6455 4547
Ch1: 9.645008 14.113054 24.062500 377 6454 4595
Ch1: 9.747860 9.517325 24.031250 376 6452 4644
Ch1: 9.846514 11.815189 24.093750 375 6453 4691
Ch1: 9.949366 21.006646 24.093750 374 6457 4740
Ch1: 10.050119 14.113054 24.125000 373 6454 4788
Ch1: 10.150872 11.815189 24.031250 372 6453 4836
Ch1: 10.251625 9.517325 24.062500 371 6452 4884
Ch1: 10.354477 14.113054 24.062500 370 6454 4933
Ch1: 10.455231 14.113054 24.093750 369 6454 4981
Ch1: 10.555984 16.410918 24.125000 368 6455 5029
Ch1: 10.656737 16.410918 24.093750 367 6455 5077
Ch1: 10.763787 14.113054 24.125000 366 6454 5128
Ch1: 10.864540 9.517325 24.093750 365 6452 5176
Ch1: 10.963194 14.113054 24.062500 364 6454 5223
Ch1: 11.066046 16.410918 24.062500 363 6455 5272
Ch1: 11.168898 16.410918 24.093750 362 6455 5321
Ch1: 11.269651 14.113054 24.000000 361 6454 5369
Ch1: 11.370404 14.113054 24.062500 360 6454 5417
Ch1: 11.471157 18.708782 23.968750 359 6456 5465
Ch1: 11.574009 16.410918 24.062500 358 6455 5514
Ch1: 11.674763 16.410918 24.125000 357 6455 5562
Ch1: 11.777615 14.113054 24.093750 356 6454 5611
Ch1: 11.878368 11.815189 24.000000 355 6453 5659
Ch1: 11.979121 11.815189 24.062500 354 6453 5707
Ch1: 12.081973 16.410918 23.968750 353 6455 5756
Ch1: 12.182726 11.815189 24.062500 352 6453 5804
Ch1: 12.283479 9.517325 24.093750 351 6452 5852
Ch1: 12.388430 11.815189 24.093750 350 6453 5902
Ch1: 12.487084 14.113054 24.093750 349 6454 5949
Ch1: 12.587837 14.113054 24.093750 348 6454 5997
Ch1: 12.688590 16.410918 24.093750 347 6455 6045
Ch1: 12.791442 16.410918 24.093750 346 6455 6094
Ch1: 12.894295 14.113054 23.968750 345 6454 6143
Ch1: 12.995048 11.815189 24.093750 344 6453 6191
Ch1: 13.095801 11.815189 23.968750 343 6453 6239
Ch1: 13.198653 9.517325 24.062500 342 6452 6288
Ch1: 13.299406 11.815189 23.968750 341 6453 6336
Ch1: 13.400159 11.815189 24.031250 340 6453 6384
Ch1: 13.500912 14.113054 24.062500 339 6454 6432
Ch1: 13.603764 11.815189 24.062500 338 6453 6481
Ch1: 13.706616 11.815189 24.062500 337 6453 6530
Ch1: 13.807369 7.219461 24.093750 336 6451 6578
Ch1: 13.908122 9.517325 24.093750 335 6452 6626
Ch1: 14.013073 11.815189 24.031250 334 6453 6676
Ch1: 14.113827 11.815189 24.062500 333 6453 6724
Ch1: 14.214580 16.410918 24.062500 332 6455 6772
Ch1: 14.317432 11.815189 24.062500 331 6453 6821
Ch1: 14.418185 14.113054 24.000000 330 6454 6869
Ch1: 14.518938 14.113054 24.062500 329 6454 6917
Ch1: 14.621790 14.113054 24.093750 328 6454 6966
Ch1: 14.722543 16.410918 24.062500 327 6455 7014
Ch1: 14.823296 14.113054 24.062500 326 6454 7062
Ch1: 14.926148 14.113054 24.093750 325 6454 7111
Ch1: 15.026901 16.410918 24.062500 324 6455 7159
Ch1: 15.127654 14.113054 24.031250 323 6454 7207
Ch1: 15.230506 14.113054 24.093750 322 6454 7256
Ch1: 15.331260 14.113054 24.093750 321 6454 7304
Ch1: 15.434112 11.815189 24.062500 320 6453 7353
Ch1: 15.532766 14.113054 24.062500 319 6454 7400
Ch1: 15.637717 14.113054 24.031250 318 6454 7450
Ch1: 15.738470 11.815189 24.093750 317 6453 7498
Ch1: 15.837124 11.815189 24.093750 316 6453 7545
Ch1: 15.939976 9.517325 24.031250 315 6452 7594
Ch1: 16.042828 14.113054 24.093750 314 6454 7643
Ch1: 16.143581 9.517325 24.093750 313 6452 7691
Ch1: 16.244334 11.815189 24.000000 312 6453 7739
Ch1: 16.345087 14.113054 24.093750 311 6454 7787
Ch1: 16.447939 14.113054 23.968750 310 6454 7836
Ch1: 16.548693 16.410918 24.031250 309 6455 7884
Ch1: 16.649446 14.113054 24.062500 308 6454 7932
Ch1: 16.752298 9.517325 24.125000 307 6452 7981
Ch1: 16.853051 7.219461 24.125000 306 6451 8029
Ch1: 16.955903 9.517325 24.125000 305 6452 8078
Ch1: 17.058755 14.113054 24.062500 304 6454 8127
Ch1: 17.157409 16.410918 24.125000 303 6455 8174
Ch1: 17.262360 14.113054 24.062500 302 6454 8224
Ch1: 17.361014 11.815189 24.000000 301 6453 8271
Ch1: 17.461767 14.113054 24.031250 300 6454 8319
Ch1: 17.562520 14.113054 24.125000 299 6454 8367
Ch1: 17.665372 14.113054 24.125000 298 6454 8416
Ch1: 17.766126 11.815189 24.062500 297 6453 8464
Ch1: 17.866879 9.517325 24.062500 296 6452 8512
Ch1: 17.969731 14.113054 24.093750 295 6454 8561
Ch1: 18.072583 11.815189 24.093750 294 6453 8610
Ch1: 18.171237 16.410918 24.000000 293 6455 8657
Ch1: 18.271990 14.113054 24.093750 292 6454 8705
Ch1: 18.374842 14.113054 24.062500 291 6454 8754
Ch1: 18.477694 14.113054 24.093750 290 6454 8803
Ch1: 18.578447 16.410918 24.093750 289 6455 8851
Ch1: 18.679200 14.113054 24.062500 288 6454 8899
Ch1: 18.779953 11.815189 24.125000 287 6453 8947
Ch1: 18.884904 11.815189 24.062500 286 6453 8997
Ch1: 18.983558 14.113054 24.000000 285 6454 9044
Ch1: 19.084312 14.113054 24.062500 284 6454 9092
Ch1: 19.187164 11.815189 24.062500 283 6453 9141
Ch1: 19.287917 9.517325 24.093750 282 6452 9189
Ch1: 19.388670 11.815189 23.968750 281 6453 9237
Ch1: 19.489423 14.113054 24.093750 280 6454 9285
Ch1: 19.590176 9.517325 24.125000 279 6452 9333
Ch1: 19.693028 11.815189 24.062500 278 6453 9382
Ch1: 19.795880 14.113054 24.062500 277 6454 9431
Ch1: 19.894534 11.815189 24.093750 276 6453 9478
Ch1: 19.997386 11.815189 23.968750 275 6453 9527
Ch1: 20.098139 16.410918 24.062500 274 6455 9575
Ch1: 20.203091 14.113054 24.093750 273 6454 9625
Ch1: 20.301745 11.815189 24.000000 272 6453 9672
Ch1: 20.402498 9.517325 24.093750 271 6452 9720
Ch1: 20.507449 14.113054 24.093750 270 6454 9770
Ch1: 20.606103 14.113054 24.125000 269 6454 9817
Ch1: 20.706856 14.113054 24.031250 268 6454 9865
Ch1: 20.809708 9.517325 24.125000 267 6452 9914
Ch1: 20.910461 14.113054 24.031250 266 6454 9962
Ch1: 21.011214 14.113054 24.093750 265 6454 10010
Ch1: 21.111967 14.113054 24.062500 264 6454 10058
Ch1: 21.212720 14.113054 24.031250 263 6454 10106
Ch1: 21.317671 11.815189 24.125000 262 6453 10156
Ch1: 21.416325 9.517325 24.062500 261 6452 10203
Ch1: 21.517079 9.517325 24.093750 260 6452 10251
Ch1: 21.619931 14.113054 24.062500 259 6454 10300
Ch1: 21.720684 9.517325 24.031250 258 6452 10348
Ch1: 21.823536 11.815189 24.062500 257 6453 10397
Ch1: 21.924289 11.815189 24.093750 256 6453 10445
Ch1: 22.022943 16.410918 24.031250 255 6455 10492
Ch1: 22.129993 11.815189 24.062500 254 6453 10543
Ch1: 22.228647 11.815189 24.031250 253 6453 10590
Ch1: 22.329400 9.517325 23.968750 252 6452 10638
Ch1: 22.432252 11.815189 24.093750 251 6453 10687
Ch1: 22.533005 11.815189 23.968750 250 6453 10735
Ch1: 22.633758 9.517325 24.062500 249 6452 10783
Ch1: 22.736611 9.517325 24.125000 248 6452 10832
Ch1: 22.837364 11.815189 23.968750 247 6453 10880
Ch1: 22.938117 9.517325 24.000000 246 6452 10928
Ch1: 23.038870 16.410918 24.062500 245 6455 10976
Ch1: 23.139623 11.815189 23.937500 244 6453 11024
Ch1: 23.242475 9.517325 24.000000 243 6452 11073
Ch1: 23.345327 7.219461 24.000000 242 6451 11122
Ch1: 23.446080 14.113054 24.093750 241 6454 11170
Ch1: 23.546833 14.113054 24.062500 240 6454 11218
Ch1: 23.645487 14.113054 24.093750 239 6454 11265
Ch1: 23.752537 14.113054 24.031250 238 6454 11316
Ch1: 23.853290 14.113054 24.062500 237 6454 11364
Ch1: 23.951944 18.708782 24.062500 236 6456 11411
Ch1: 24.054797 16.410918 24.000000 235 6455 11460
Ch1: 24.155550 11.815189 24.093750 234 6453 11508
Ch1: 24.256303 14.113054 24.062500 233 6454 11556
Ch1: 24.359155 11.815189 24.062500 232 6453 11605
Ch1: 24.459908 11.815189 24.031250 231 6453 11653
Ch1: 24.560661 14.113054 24.093750 230 6454 11701
Ch1: 24.661414 16.410918 24.062500 229 6455 11749
Ch1: 24.762167 11.815189 24.062500 228 6453 11797
Ch1: 24.862920 14.113054 24.062500 227 6454 11845
Ch1: 24.963673 14.113054 24.093750 226 6454 11893
Ch1: 25.066525 14.113054 24.093750 225 6454 11942
Ch1: 25.167278 14.113054 23.968750 224 6454 11990
Ch1: 25.268032 9.517325 24.125000 223 6452 12038
Ch1: 25.370884 16.410918 24.125000 222 6455 12087
Ch1: 25.465340 25.602375 24.125000 221 6459 12132
Ch1: 25.555598 41.687425 24.031250 220 6466 12175
Ch1: 25.643757 60.070339 24.093750 219 6474 12217
Ch1: 25.731915 80.751117 24.125000 218 6483 12259
Ch1: 25.817975 110.623352 24.093750 217 6496 12300
Ch1: 25.899837 138.197723 24.031250 216 6508 12339
Ch1: 25.979600 172.665686 24.093750 215 6523 12377
Ch1: 26.059363 204.835786 23.968750 214 6537 12415
Ch1: 26.139126 241.601614 24.062500 213 6553 12453
Ch1: 26.214691 282.963170 24.093750 212 6571 12489
Ch1: 26.290255 331.218319 24.000000 211 6592 12525
Ch1: 26.365820 377.175604 24.093750 210 6612 12561
Ch1: 26.439286 418.537160 24.000000 209 6630 12596
Ch1: 26.508554 471.388038 24.000000 208 6653 12629
Ch1: 26.579921 521.941051 24.031250 207 6675 12663
Ch1: 26.653386 586.281250 24.062500 206 6703 12698
Ch1: 26.722654 639.132128 24.093750 205 6726 12731
Ch1: 26.787724 694.280870 24.093750 204 6750 12762
Ch1: 26.856991 754.025340 23.968750 203 6776 12795
Ch1: 26.922061 820.663403 24.031250 202 6805 12826
Ch1: 26.985032 887.301466 24.062500 201 6834 12856
Ch1: 27.052201 951.641665 24.062500 200 6862 12888
Ch1: 27.115171 1018.279728 24.093750 199 6891 12918
Ch1: 27.176043 1078.024198 24.031250 198 6917 12947
Ch1: 27.239014 1156.151582 24.093750 197 6951 12977
Ch1: 27.299885 1234.278967 24.031250 196 6985 13006
Ch1: 27.358658 1305.512758 24.062500 195 7016 13034
Ch1: 27.417430 1381.342278 24.125000 194 7049 13062
Ch1: 27.478302 1454.873934 24.000000 193 7081 13091
Ch1: 27.532877 1537.597047 24.093750 192 7117 13117
Ch1: 27.591649 1618.022295 24.093750 191 7152 13145
Ch1: 27.648323 1696.149679 24.062500 190 7186 13172
Ch1: 27.702898 1769.681335 24.093750 189 7218 13198
Ch1: 27.755373 1859.298041 24.093750 188 7257 13223
Ch1: 27.812047 1946.616882 24.093750 187 7295 13250
Ch1: 27.868720 2027.042130 24.093750 186 7330 13277
Ch1: 27.919097 2118.956700 24.031250 185 7370 13301
Ch1: 27.971572 2208.573406 24.000000 184 7409 13326
Ch1: 28.024048 2305.083704 23.968750 183 7451 13351
Ch1: 28.072325 2392.402545 24.000000 182 7489 13374
Ch1: 28.124801 2495.806436 24.062500 181 7534 13399
Ch1: 28.170980 2587.721006 24.031250 180 7574 13421
Ch1: 28.225554 2665.848390 24.093750 179 7608 13447
Ch1: 28.278030 2773.848009 24.093750 178 7655 13472
Ch1: 28.326307 2865.762579 24.031250 177 7695 13495
Ch1: 28.370387 2973.762199 24.125000 176 7742 13516
Ch1: 28.418664 3067.974632 24.062500 175 7783 13539
Ch1: 28.464843 3169.080659 24.062500 174 7827 13561
Ch1: 28.511021 3277.080279 24.093750 173 7874 13583
Ch1: 28.553002 3380.484170 24.125000 172 7919 13603
Ch1: 28.597081 3483.888060 23.968750 171 7964 13624
Ch1: 28.645359 3580.398359 24.125000 170 8006 13647
Ch1: 28.687339 3702.185164 24.093750 169 8059 13667
Ch1: 28.735617 3800.993326 24.125000 168 8102 13690
Ch1: 28.777597 3918.184402 24.125000 167 8153 13710
Ch1: 28.819577 4026.184022 24.000000 166 8200 13730
Ch1: 28.859459 4138.779370 24.093750 165 8249 13749
Ch1: 28.901439 4239.885396 23.968750 164 8293 13769
Ch1: 28.943420 4370.863658 24.093750 163 8350 13789
Ch1: 28.985400 4478.863278 24.062500 162 8397 13809
Ch1: 29.023183 4596.054354 24.062500 161 8448 13827
Ch1: 29.063064 4697.160381 24.062500 160 8492 13846
Ch1: 29.102945 4821.245050 24.093750 159 8546 13865
Ch1: 29.144926 4938.436126 24.062500 158 8597 13885
Ch1: 29.184807 5067.116524 23.968750 157 8653 13904
Ch1: 29.218392 5182.009736 24.062500 156 8703 13920
Ch1: 29.260372 5301.498677 24.062500 155 8755 13940
Ch1: 29.296056 5432.476938 24.062500 154 8812 13957
Ch1: 29.333838 5535.880829 24.062500 153 8857 13975
Ch1: 29.371620 5678.348412 24.062500 152 8919 13993
Ch1: 29.398908 5795.539489 24.093750 151 8970 14006
Ch1: 29.445086 5917.326294 24.062500 150 9023 14028
Ch1: 29.472373 6043.708827 24.093750 149 9078 14041
Ch1: 29.508057 6176.984953 24.062500 148 9136 14058
Ch1: 29.541641 6298.771758 24.093750 147 9189 14074
Ch1: 29.575225 6434.345748 24.062500 146 9248 14090
Ch1: 29.610909 6546.941096 24.125000 145 9297 14107
Ch1: 29.638196 6677.919358 24.062500 144 9354 14120
Ch1: 29.673880 6811.195484 24.031250 143 9412 14137
Ch1: 29.707464 6951.365203 23.968750 142 9473 14153
Ch1: 29.741048 7066.258415 24.093750 141 9523 14169
Ch1: 29.770435 7206.428134 24.062500 140 9584 14183
Ch1: 29.804019 7328.214939 24.031250 139 9637 14199
Ch1: 29.841801 7463.788929 24.062500 138 9696 14217
Ch1: 29.869089 7610.852241 23.968750 137 9760 14230
Ch1: 29.896376 7744.128367 23.968750 136 9818 14243
Ch1: 29.925762 7877.404493 24.125000 135 9876 14257
Ch1: 29.959347 7989.999841 24.000000 134 9925 14273
Ch1: 29.986634 8134.765288 24.062500 133 9988 14286
Ch1: 30.016020 8284.126464 24.031250 132 10053 14300
Ch1: 30.047506 8401.317540 24.062500 131 10104 14315
Ch1: 30.074793 8552.976580 24.062500 130 10170 14328
Ch1: 30.102080 8681.656978 24.062500 129 10226 14341
Ch1: 30.137763 8814.933104 24.031250 128 10284 14358
Ch1: 30.158754 8973.485737 24.093750 127 10353 14368
Ch1: 30.186041 9118.251184 24.125000 126 10416 14381
Ch1: 30.209130 9240.037989 24.093750 125 10469 14392
Ch1: 30.236418 9391.697029 24.093750 124 10535 14405
Ch1: 30.267903 9522.675291 24.125000 123 10592 14420
Ch1: 30.293091 9676.632195 24.125000 122 10659 14432
Ch1: 30.318279 9814.504050 23.968750 121 10719 14444
Ch1: 30.339270 9945.482311 24.031250 120 10776 14454
Ch1: 30.368656 10083.354166 24.062500 119 10836 14468
Ch1: 30.391745 10244.204663 24.062500 118 10906 14479
Ch1: 30.425330 10368.289332 24.093750 117 10960 14495
Ch1: 30.444221 10519.948372 24.062500 116 11026 14504
Ch1: 30.465211 10669.309548 24.093750 115 11091 14514
Ch1: 30.496696 10825.564317 24.062500 114 11159 14529
Ch1: 30.517687 10961.138307 24.093750 113 11218 14539
Ch1: 30.542875 11101.308026 24.062500 112 11279 14551
Ch1: 30.557568 11257.562794 24.000000 111 11347 14558
Ch1: 30.580657 11404.626106 24.000000 110 11411 14569
Ch1: 30.610044 11537.902232 24.093750 109 11469 14583
Ch1: 30.637331 11689.561272 24.000000 108 11535 14596
Ch1: 30.656222 11818.241669 23.968750 107 11591 14605
Ch1: 30.675113 11985.985759 24.093750 106 11664 14614
Ch1: 30.696103 12139.942663 24.125000 105 11731 14624
Ch1: 30.717094 12280.112382 24.062500 104 11792 14634
Ch1: 30.744381 12436.367151 24.062500 103 11860 14647
Ch1: 30.765371 12583.430462 24.093750 102 11924 14657
Ch1: 30.788460 12725.898045 24.093750 101 11986 14668
Ch1: 30.803154 12891.344271 24.000000 100 12058 14675
Ch1: 30.830441 13038.407582 24.125000 99 12122 14688
Ch1: 30.847233 13196.960215 24.125000 98 12191 14696
Ch1: 30.870322 13327.938477 24.062500 97 12248 14707
Ch1: 30.893412 13488.788974 24.093750 96 12318 14718
Ch1: 30.903907 13642.745878 24.125000 95 12385 14723
Ch1: 30.933293 13803.596375 24.031250 94 12455 14737
Ch1: 30.950085 13950.659687 24.125000 93 12519 14745
Ch1: 30.966877 14097.722998 24.093750 92 12583 14753
Ch1: 30.992066 14253.977767 24.093750 91 12651 14765
Ch1: 31.006759 14419.423992 24.062500 90 12723 14772
Ch1: 31.025650 14550.402254 24.062500 89 12780 14781
Ch1: 31.048739 14711.252751 24.031250 88 12850 14792
Ch1: 31.067630 14858.316063 24.000000 87 12914 14801
Ch1: 31.080225 15016.868696 24.062500 86 12983 14807
Ch1: 31.103314 15180.017057 24.062500 85 13054 14818
Ch1: 31.124304 15338.569690 24.125000 84 13123 14828
Ch1: 31.134799 15490.228730 24.093750 83 13189 14833
Ch1: 31.157888 15634.994177 24.093750 82 13252 14844
Ch1: 31.178879 15793.546810 24.062500 81 13321 14854
Ch1: 31.191473 15970.482356 24.125000 80 13398 14860
Ch1: 31.210364 16117.545668 24.062500 79 13462 14869
Ch1: 31.229255 16271.502572 24.062500 78 13529 14878
Ch1: 31.248146 16418.565884 24.125000 77 13593 14887
Ch1: 31.262839 16581.714245 24.031250 76 13664 14894
Ch1: 31.283830 16740.266878 23.968750 75 13733 14904
Ch1: 31.298523 16887.330189 23.968750 74 13797 14911
Ch1: 31.315315 17055.074279 24.031250 73 13870 14919
Ch1: 31.325810 17204.435455 24.125000 72 13935 14924
Ch1: 31.342602 17358.392359 24.062500 71 14002 14932
Ch1: 31.361494 17528.434313 23.968750 70 14076 14941
Ch1: 31.371989 17677.795489 24.125000 69 14141 14946
Ch1: 31.384583 17838.645986 24.093750 68 14211 14952
Ch1: 31.403474 17999.496483 24.093750 67 14281 14961
Ch1: 31.418167 18139.666202 24.125000 66 14342 14968
Ch1: 31.434959 18316.601748 24.031250 65 14419 14976
Ch1: 31.449652 18454.473603 24.062500 64 14479 14983
Ch1: 31.468544 18613.026236 24.125000 63 14548 14992
Ch1: 31.479039 18771.578868 24.031250 62 14617 14997
Ch1: 31.502128 18946.216551 24.062500 61 14693 15008
Ch1: 31.523118 19088.684134 24.093750 60 14755 15018
Ch1: 31.535712 19251.832495 24.156250 59 14826 15024
Ch1: 31.542009 19410.385128 24.125000 58 14895 15027
Ch1: 31.556703 19571.235625 24.093750 57 14965 15034
Ch1: 31.573495 19738.979715 24.093750 56 15038 15042
Ch1: 31.588188 19897.532347 24.125000 55 15107 15049
Ch1: 31.604980 20037.702066 24.000000 54 15168 15057
Ch1: 31.617574 20193.956835 24.000000 53 15236 15063
Ch1: 31.630168 20357.105196 24.093750 52 15307 15069
Ch1: 31.642763 20538.636471 24.031250 51 15386 15075
Ch1: 31.661654 20674.210462 24.062500 50 15445 15084
Ch1: 31.676347 20839.656687 24.031250 49 15517 15091
Ch1: 31.680545 20982.124270 24.062500 48 15579 15093
Ch1: 31.697337 21131.485446 24.093750 47 15644 15101
Ch1: 31.707832 21308.420993 24.093750 46 15721 15106
Ch1: 31.720426 21460.080033 24.125000 45 15787 15112
Ch1: 31.733020 21634.717715 24.062500 44 15863 15118
Ch1: 31.743516 21772.589570 24.031250 43 15923 15123
Ch1: 31.764506 21931.142202 24.062500 42 15992 15133
Ch1: 31.775001 22073.609785 23.968750 41 16054 15138
Ch1: 31.785496 22255.141061 24.125000 40 16133 15143
Ch1: 31.802288 22399.906508 23.968750 39 16196 15151
Ch1: 31.808585 22567.650598 24.093750 38 16269 15154
Ch1: 31.825377 22714.713909 24.062500 37 16333 15162
Ch1: 31.831675 22875.564406 24.093750 36 16403 15165
Ch1: 31.850566 23018.031989 24.062500 35 16465 15174
Ch1: 31.852665 23178.882486 24.125000 34 16535 15175
Ch1: 31.869457 23325.945798 24.000000 33 16599 15183
Ch1: 31.882051 23495.987752 24.093750 32 16673 15189
Ch1: 31.894645 23629.263878 24.125000 31 16731 15195
Ch1: 31.905140 23785.518646 24.125000 30 16799 15200
Ch1: 31.915635 23946.369143 24.125000 29 16869 15205
Ch1: 31.928230 24088.836727 24.093750 28 16931 15211
Ch1: 31.936626 24263.474409 24.125000 27 17007 15215
Ch1: 31.947121 24422.027042 24.125000 26 17076 15220
Ch1: 31.961814 24566.792489 24.062500 25 17139 15227
Ch1: 31.974408 24704.664344 24.125000 24 17199 15233
Ch1: 31.978606 24874.706298 24.000000 23 17273 15235
Ch1: 31.991200 25019.471745 24.062500 22 17336 15241
Ch1: 32.003794 25166.535056 24.125000 21 17400 15247
Ch1: 32.020587 25311.300504 24.093750 20 17463 15255
Ch1: 32.022686 25465.257408 24.125000 19 17530 15256
Ch1: 32.039478 25610.022855 24.125000 18 17593 15264
Ch1: 32.041577 25773.171217 24.062500 17 17664 15265
Ch1: 32.056270 25906.447343 24.125000 16 17722 15272
Ch1: 32.058369 26053.510654 24.031250 15 17786 15273
Ch1: 32.070963 26221.254744 23.968750 14 17859 15279
Ch1: 32.083557 26354.530870 24.062500 13 17917 15285
Ch1: 32.098250 26510.785639 24.125000 12 17985 15292
Ch1: 32.106646 26650.955357 24.125000 11 18046 15296
Ch1: 32.110845 26795.720805 24.062500 10 18109 15298
Ch1: 32.121340 26947.379845 24.125000 9 18175 15303
Ch1: 32.138132 27092.145292 24.093750 8 18238 15311
Ch1: 32.144429 27227.719282 24.125000 7 18297 15314
Ch1: 32.148627 27393.165508 24.093750 6 18369 15316
Ch1: 32.163320 27501.165127 24.125000 5 18416 15323
Ch1: 32.169617 27641.334846 24.125000 4 18477 15326
Ch1: 32.171716 27783.802429 24.093750 3 18539 15327
Ch1: 32.184310 27921.674284 24.093750 2 18599 15333
Ch1: 32.196904 28054.950410 24.093750 1 18657 15339
Ch1: 32.201102 28197.417993 24.093750 0 18719 15341
Ch1: 32.205301 28326.098390 24.062500 0 18775 15343
Ch1: 32.215796 28376.651404 24.125000 1 18797 15348
Ch1: 32.205301 28310.013341 24.000000 2 18768 15343
Ch1: 32.194805 28208.907314 23.968750 3 18724 15338
Ch1: 32.188508 28073.333324 24.031250 4 18665 15335
Ch1: 32.184310 27940.057198 23.968750 5 18607 15333
Ch1: 32.173815 27804.483207 24.062500 6 18548 15328
Ch1: 32.161221 27673.504945 24.031250 7 18491 15322
Ch1: 32.157023 27524.143770 24.093750 8 18426 15320
Ch1: 32.150726 27374.782594 24.093750 9 18361 15317
Ch1: 32.142330 27257.591517 24.125000 10 18310 15313
Ch1: 32.129736 27103.634613 24.062500 11 18243 15307
Ch1: 32.119241 26977.252080 24.062500 12 18188 15302
Ch1: 32.110845 26814.103719 24.062500 13 18117 15298
Ch1: 32.108746 26653.253222 24.093750 14 18047 15297
Ch1: 32.096151 26519.977096 24.062500 15 17989 15291
Ch1: 32.081458 26398.190291 24.093750 16 17936 15284
Ch1: 32.081458 26218.956880 24.093750 17 17858 15284
Ch1: 32.066765 26078.787161 24.062500 18 17797 15277
Ch1: 32.056270 25922.532392 24.000000 19 17729 15272
Ch1: 32.047874 25777.766945 24.062500 20 17666 15268
Ch1: 32.035280 25626.107905 24.062500 21 17600 15262
Ch1: 32.026884 25479.044593 24.125000 22 17536 15258
Ch1: 32.014289 25334.279146 24.093750 23 17473 15252
Ch1: 32.007992 25182.620106 24.000000 24 17407 15249
Ch1: 31.993299 25010.280288 24.093750 25 17332 15242
Ch1: 31.987002 24870.110569 24.062500 26 17271 15239
Ch1: 31.978606 24741.430171 24.125000 27 17215 15235
Ch1: 31.957616 24578.281810 23.968750 28 17144 15225
Ch1: 31.949220 24428.920634 23.968750 29 17079 15221
Ch1: 31.942923 24274.963730 24.031250 30 17012 15218
Ch1: 31.936626 24121.006826 24.125000 31 16945 15215
Ch1: 31.917734 23964.752057 24.093750 32 16877 15206
Ch1: 31.907239 23801.603696 24.125000 33 16806 15201
Ch1: 31.903041 23647.646792 24.031250 34 16739 15199
Ch1: 31.888348 23491.392023 24.093750 35 16671 15192
Ch1: 31.884150 23344.328712 24.125000 36 16607 15190
Ch1: 31.865259 23192.669672 23.968750 37 16541 15181
Ch1: 31.854764 23034.117039 24.125000 38 16472 15176
Ch1: 31.844269 22873.266542 24.062500 39 16402 15171
Ch1: 31.829576 22719.309638 23.968750 40 16335 15164
Ch1: 31.816981 22574.544190 24.062500 41 16272 15158
Ch1: 31.808585 22411.395829 24.062500 42 16201 15154
Ch1: 31.793892 22255.141061 24.062500 43 16133 15147
Ch1: 31.785496 22108.077749 24.062500 44 16069 15143
Ch1: 31.770803 21961.014438 24.062500 45 16005 15136
Ch1: 31.762407 21784.078891 24.093750 46 15928 15132
Ch1: 31.747714 21620.930530 24.093750 47 15857 15125
Ch1: 31.737219 21480.760811 24.062500 48 15796 15120
Ch1: 31.718327 21313.016721 24.062500 49 15723 15111
Ch1: 31.705733 21149.868360 24.062500 50 15652 15105
Ch1: 31.693139 21018.890098 24.093750 51 15595 15099
Ch1: 31.680545 20848.848144 24.062500 52 15521 15093
Ch1: 31.676347 20671.912597 24.062500 53 15444 15091
Ch1: 31.657456 20520.253557 24.093750 54 15378 15082
Ch1: 31.642763 20359.403060 24.093750 55 15308 15075
Ch1: 31.625970 20212.339749 23.968750 56 15244 15067
Ch1: 31.619673 20042.297795 24.031250 57 15170 15064
Ch1: 31.602881 19897.532347 24.093750 58 15107 15056
Ch1: 31.588188 19732.086122 24.062500 59 15035 15049
Ch1: 31.569297 19575.831353 24.062500 60 14967 15040
Ch1: 31.552505 19449.448820 24.125000 61 14912 15032
Ch1: 31.544108 19272.513273 24.093750 62 14835 15028
Ch1: 31.527316 19100.173455 24.093750 63 14760 15020
Ch1: 31.512623 18957.705872 24.125000 64 14698 15013
Ch1: 31.504227 18776.174597 24.031250 65 14619 15009
Ch1: 31.487435 18636.004878 24.062500 66 14558 15001
Ch1: 31.474841 18465.962924 24.093750 67 14484 14995
Ch1: 31.458049 18302.814563 24.062500 68 14413 14987
Ch1: 31.441256 18160.346980 24.000000 69 14351 14979
Ch1: 31.426563 18001.794347 23.968750 70 14282 14972
Ch1: 31.411870 17836.348122 24.125000 71 14210 14965
Ch1: 31.388781 17675.497625 24.125000 72 14140 14954
Ch1: 31.376187 17537.625770 24.031250 73 14080 14948
Ch1: 31.359395 17369.881680 23.968750 74 14007 14940
Ch1: 31.344701 17220.520504 24.062500 75 13942 14933
Ch1: 31.336305 17061.967872 24.062500 76 13873 14929
Ch1: 31.311117 16912.606696 24.125000 77 13808 14917
Ch1: 31.300622 16740.266878 24.093750 78 13733 14912
Ch1: 31.279632 16584.012109 24.093750 79 13665 14902
Ch1: 31.262839 16443.842390 24.062500 80 13604 14894
Ch1: 31.248146 16269.204708 24.031250 81 13528 14887
Ch1: 31.239750 16112.949939 24.062500 82 13460 14883
Ch1: 31.214562 15954.397307 24.125000 83 13391 14871
Ch1: 31.191473 15795.844674 24.093750 84 13322 14860
Ch1: 31.180978 15653.377091 24.093750 85 13260 14855
Ch1: 31.164185 15490.228730 24.031250 86 13189 14847
Ch1: 31.141096 15333.973961 24.000000 87 13121 14836
Ch1: 31.124304 15177.719193 24.093750 88 13053 14828
Ch1: 31.111710 15042.145202 24.093750 89 12994 14822
Ch1: 31.088621 14860.613927 24.093750 90 12915 14811
Ch1: 31.071828 14718.146344 24.031250 91 12853 14803
Ch1: 31.057135 14575.678761 24.093750 92 12791 14796
Ch1: 31.031947 14412.530400 24.093750 93 12720 14784
Ch1: 31.021452 14249.382038 24.062500 94 12649 14779
Ch1: 30.998363 14104.616591 24.031250 95 12586 14768
Ch1: 30.979471 13962.149008 24.093750 96 12524 14759
Ch1: 30.954283 13796.702783 24.062500 97 12452 14747
Ch1: 30.943788 13631.256557 24.125000 98 12380 14742
Ch1: 30.926996 13500.278295 24.062500 99 12323 14734
Ch1: 30.903907 13334.832070 24.125000 100 12251 14723
Ch1: 30.880817 13194.662351 24.000000 101 12190 14712
Ch1: 30.855629 13029.216125 24.093750 102 12118 14700
Ch1: 30.838837 12872.961357 24.093750 103 12050 14692
Ch1: 30.817847 12730.493774 24.093750 104 11988 14682
Ch1: 30.792658 12578.834734 24.093750 105 11922 14670
Ch1: 30.773767 12440.962879 24.062500 106 11862 14661
Ch1: 30.754876 12293.899568 24.031250 107 11798 14652
Ch1: 30.735985 12135.346935 24.031250 108 11729 14643
Ch1: 30.710797 11981.390031 24.093750 109 11662 14631
Ch1: 30.691905 11818.241669 24.062500 110 11591 14622
Ch1: 30.666717 11694.157000 23.968750 111 11537 14610
Ch1: 30.639430 11537.902232 23.968750 112 11469 14597
Ch1: 30.620539 11397.732513 23.968750 113 11408 14588
Ch1: 30.603746 11232.286287 24.062500 114 11336 14580
Ch1: 30.578558 11101.308026 24.093750 115 11279 14568
Ch1: 30.553370 10977.223357 24.093750 116 11225 14556
Ch1: 30.526083 10811.777131 24.093750 117 11153 14543
Ch1: 30.511389 10653.224498 24.000000 118 11084 14536
Ch1: 30.486201 10503.863322 24.093750 119 11019 14524
Ch1: 30.452617 10368.289332 23.968750 120 10960 14508
Ch1: 30.433726 10218.928156 24.093750 121 10895 14499
Ch1: 30.402240 10092.545623 24.000000 122 10840 14484
Ch1: 30.379151 9940.886583 24.000000 123 10774 14473
Ch1: 30.356062 9798.419000 24.125000 124 10712 14462
Ch1: 30.324576 9672.036467 24.000000 125 10657 14447
Ch1: 30.307784 9522.675291 24.031250 126 10592 14439
Ch1: 30.282596 9364.122658 24.031250 127 10523 14427
Ch1: 30.255309 9233.144396 24.093750 128 10466 14414
Ch1: 30.230120 9090.676813 24.031250 129 10404 14402
Ch1: 30.198635 8945.911366 24.093750 130 10341 14387
Ch1: 30.171348 8817.230968 24.062500 131 10285 14374
Ch1: 30.141962 8686.252706 24.062500 132 10228 14360
Ch1: 30.112575 8546.082988 24.031250 133 10167 14346
Ch1: 30.089486 8399.019676 24.125000 134 10103 14335
Ch1: 30.060100 8265.743550 24.062500 135 10045 14321
Ch1: 30.028614 8120.978103 24.031250 136 9982 14306
Ch1: 30.001327 7983.106248 24.093750 137 9922 14293
Ch1: 29.971941 7852.127986 24.093750 138 9865 14279
Ch1: 29.938356 7732.639046 24.093750 139 9813 14263
Ch1: 29.913168 7583.277870 24.093750 140 9748 14251
Ch1: 29.879584 7456.895336 24.093750 141 9693 14235
Ch1: 29.850197 7316.725618 24.031250 142 9632 14221
Ch1: 29.816613 7181.151627 24.031250 143 9573 14205
Ch1: 29.785128 7066.258415 24.093750 144 9523 14190
Ch1: 29.753642 6916.897239 24.093750 145 9458 14175
Ch1: 29.726355 6792.812570 24.062500 146 9404 14162
Ch1: 29.690672 6657.238580 24.093750 147 9345 14145
Ch1: 29.659186 6535.451775 24.000000 148 9292 14130
Ch1: 29.625602 6422.856427 24.062500 149 9243 14114
Ch1: 29.583622 6278.090980 24.062500 150 9180 14094
Ch1: 29.560532 6144.814854 24.031250 151 9122 14083
Ch1: 29.526948 6020.730185 24.125000 152 9068 14067
Ch1: 29.484968 5903.539108 24.093750 153 9017 14047
Ch1: 29.449284 5779.454439 24.062500 154 8963 14030
Ch1: 29.417799 5648.476177 24.062500 155 8906 14015
Ch1: 29.377917 5528.987237 24.031250 156 8854 13996
Ch1: 29.348531 5407.200432 24.031250 157 8801 13982
Ch1: 29.306551 5290.009355 24.031250 158 8750 13962
Ch1: 29.268768 5163.626822 24.093750 159 8695 13944
Ch1: 29.235184 5057.925067 24.125000 160 8649 13928
Ch1: 29.195302 4926.946805 24.062500 161 8592 13909
Ch1: 29.153322 4805.160000 24.125000 162 8539 13889
Ch1: 29.117639 4694.862516 24.093750 163 8491 13872
Ch1: 29.073559 4579.969304 24.062500 164 8441 13851
Ch1: 29.035777 4458.182499 24.062500 165 8388 13833
Ch1: 28.993796 4345.587152 24.093750 166 8339 13813
Ch1: 28.949717 4244.481125 23.968750 167 8295 13792
Ch1: 28.909835 4122.694320 24.000000 168 8242 13773
Ch1: 28.867855 4021.588293 24.031250 169 8198 13753
Ch1: 28.827974 3899.801488 24.031250 170 8145 13734
Ch1: 28.779696 3791.801869 24.093750 171 8098 13711
Ch1: 28.739815 3688.397978 24.000000 172 8053 13692
Ch1: 28.697834 3580.398359 24.000000 173 8006 13672
Ch1: 28.649557 3479.292332 24.031250 174 7962 13649
Ch1: 28.605477 3362.101256 24.093750 175 7911 13628
Ch1: 28.559299 3267.888822 24.125000 176 7870 13606
Ch1: 28.513120 3157.591338 24.062500 177 7822 13584
Ch1: 28.466942 3067.974632 24.093750 178 7783 13562
Ch1: 28.420763 2966.868606 24.093750 179 7739 13540
Ch1: 28.372486 2865.762579 24.093750 180 7695 13517
Ch1: 28.322109 2771.550145 24.062500 181 7654 13493
Ch1: 28.273832 2677.337711 23.968750 182 7613 13470
Ch1: 28.225554 2587.721006 24.093750 183 7574 13447
Ch1: 28.177277 2477.423522 23.968750 184 7526 13424
Ch1: 28.124801 2385.508952 24.000000 185 7486 13399
Ch1: 28.070226 2293.594383 24.062500 186 7446 13373
Ch1: 28.017751 2208.573406 24.031250 187 7409 13348
Ch1: 27.967374 2125.850293 24.031250 188 7373 13324
Ch1: 27.910701 2036.233587 24.093750 189 7334 13297
Ch1: 27.858225 1946.616882 23.968750 190 7295 13272
Ch1: 27.803651 1863.893769 24.125000 191 7259 13246
Ch1: 27.746977 1788.064249 24.093750 192 7226 13219
Ch1: 27.692402 1693.851815 24.093750 193 7185 13193
Ch1: 27.637828 1608.830838 24.093750 194 7148 13167
Ch1: 27.579055 1549.086368 24.000000 195 7122 13139
Ch1: 27.522382 1466.363255 23.968750 196 7086 13112
Ch1: 27.461510 1395.129464 23.968750 197 7055 13083
Ch1: 27.402737 1314.704215 24.093750 198 7020 13055
Ch1: 27.337668 1238.874695 23.968750 199 6987 13024
Ch1: 27.278895 1167.640904 24.093750 200 6956 12996
Ch1: 27.218023 1103.300705 24.093750 201 6928 12967
Ch1: 27.155053 1036.662642 24.062500 202 6899 12937
Ch1: 27.092082 965.428850 24.031250 203 6868 12907
Ch1: 27.027012 905.684380 23.968750 204 6842 12876
Ch1: 26.961943 836.748453 24.093750 205 6812 12845
Ch1: 26.894774 777.003982 24.093750 206 6786 12813
Ch1: 26.827605 719.557376 24.000000 207 6761 12781
Ch1: 26.762535 659.812906 24.062500 208 6735 12750
Ch1: 26.689070 597.770571 23.968750 209 6708 12715
Ch1: 26.619802 547.217558 24.093750 210 6686 12682
Ch1: 26.548435 498.962409 24.031250 211 6665 12648
Ch1: 26.477068 446.111531 24.062500 212 6642 12614
Ch1: 26.401504 395.558518 23.968750 213 6620 12578
Ch1: 26.325939 354.196962 23.968750 214 6602 12542
Ch1: 26.252473 308.239677 24.125000 215 6582 12507
Ch1: 26.176908 266.878120 24.031250 216 6564 12471
Ch1: 26.097145 225.516564 24.093750 217 6546 12433
Ch1: 26.017383 186.452872 24.062500 218 6529 12395
Ch1: 25.935521 158.878501 24.125000 219 6517 12356
Ch1: 25.853659 126.708402 24.062500 220 6503 12317
Ch1: 25.769698 99.134031 24.062500 221 6491 12277
Ch1: 25.679440 76.155388 24.093750 222 6481 12234
Ch1: 25.593380 50.878882 24.031250 223 6470 12193
Ch1: 25.505221 34.793832 24.062500 224 6463 12151
Ch1: 25.408666 23.304511 24.093750 225 6458 12105
Ch1: 25.312111 14.113054 24.062500 226 6454 12059
Ch1: 25.213457 9.517325 23.968750 227 6452 12012
Ch1: 25.112704 11.815189 24.062500 228 6453 11964
Ch1: 25.011951 9.517325 24.031250 229 6452 11916
Ch1: 24.911198 16.410918 24.031250 230 6455 11868
Ch1: 24.810445 11.815189 23.968750 231 6453 11820
Ch1: 24.709692 11.815189 24.031250 232 6453 11772
Ch1: 24.606839 9.517325 24.031250 233 6452 11723
Ch1: 24.508185 14.113054 24.062500 234 6454 11676
Ch1: 24.407432 9.517325 24.093750 235 6452 11628
Ch1: 24.308778 7.219461 24.062500 236 6451 11581
Ch1: 24.205926 11.815189 24.000000 237 6453 11532
Ch1: 24.103074 9.517325 24.031250 238 6452 11483
Ch1: 24.004420 7.219461 24.093750 239 6451 11436
Ch1: 23.903667 14.113054 24.062500 240 6454 11388
Ch1: 23.798716 14.113054 24.031250 241 6454 11338
Ch1: 23.697963 9.517325 24.125000 242 6452 11290
Ch1: 23.599309 11.815189 24.062500 243 6453 11243
Ch1: 23.498556 11.815189 24.093750 244 6453 11195
Ch1: 23.397803 14.113054 24.031250 245 6454 11147
Ch1: 23.294950 11.815189 23.968750 246 6453 11098
Ch1: 23.194197 9.517325 24.062500 247 6452 11050
Ch1: 23.095543 9.517325 24.031250 248 6452 11003
Ch1: 22.992691 11.815189 24.031250 249 6453 10954
Ch1: 22.891938 11.815189 24.031250 250 6453 10906
Ch1: 22.791185 9.517325 24.093750 251 6452 10858
Ch1: 22.690432 9.517325 24.031250 252 6452 10810
Ch1: 22.589679 9.517325 24.031250 253 6452 10762
Ch1: 22.486827 9.517325 24.062500 254 6452 10713
Ch1: 22.388173 14.113054 24.000000 255 6454 10666
Ch1: 22.287420 7.219461 24.031250 256 6451 10618
Ch1: 22.184568 9.517325 24.062500 257 6452 10569
Ch1: 22.083815 9.517325 24.031250 258 6452 10521
Ch1: 21.983061 11.815189 24.093750 259 6453 10473
Ch1: 21.882308 11.815189 24.093750 260 6453 10425
Ch1: 21.779456 9.517325 24.031250 261 6452 10376
Ch1: 21.678703 4.921597 24.000000 262 6450 10328
Ch1: 21.577950 11.815189 24.093750 263 6453 10280
Ch1: 21.477197 11.815189 24.000000 264 6453 10232
Ch1: 21.374345 14.113054 24.062500 265 6454 10183
Ch1: 21.273592 11.815189 24.031250 266 6453 10135
Ch1: 21.174938 11.815189 24.062500 267 6453 10088
Ch1: 21.074185 9.517325 24.000000 268 6452 10040
Ch1: 20.971333 14.113054 24.031250 269 6454 9991
Ch1: 20.868481 11.815189 24.031250 270 6453 9942
Ch1: 20.769827 14.113054 24.062500 271 6454 9895
Ch1: 20.671173 9.517325 24.031250 272 6452 9848
Ch1: 20.566221 11.815189 24.062500 273 6453 9798
Ch1: 20.465468 14.113054 23.937500 274 6454 9750
Ch1: 20.366814 11.815189 24.000000 275 6453 9703
Ch1: 20.263962 9.517325 24.000000 276 6452 9654
Ch1: 20.163209 7.219461 24.031250 277 6451 9606
Ch1: 20.062456 16.410918 24.093750 278 6455 9558
Ch1: 19.961703 16.410918 24.062500 279 6455 9510
Ch1: 19.860950 14.113054 24.031250 280 6454 9462
Ch1: 19.758098 9.517325 24.031250 281 6452 9413
Ch1: 19.659444 9.517325 24.093750 282 6452 9366
Ch1: 19.556592 7.219461 24.093750 283 6451 9317
Ch1: 19.455839 11.815189 24.062500 284 6453 9269
Ch1: 19.355085 9.517325 24.093750 285 6452 9221
Ch1: 19.252233 11.815189 23.937500 286 6453 9172
Ch1: 19.153579 7.219461 23.968750 287 6451 9125
Ch1: 19.054925 7.219461 24.125000 288 6451 9078
Ch1: 18.949974 16.410918 24.093750 289 6455 9028
Ch1: 18.851320 11.815189 24.062500 290 6453 8981
Ch1: 18.750567 7.219461 24.000000 291 6451 8933
Ch1: 18.647715 7.219461 23.968750 292 6451 8884
Ch1: 18.546962 9.517325 23.937500 293 6452 8836
Ch1: 18.446209 14.113054 24.062500 294 6454 8788
Ch1: 18.345456 11.815189 24.093750 295 6453 8740
Ch1: 18.244703 11.815189 24.000000 296 6453 8692
Ch1: 18.141851 11.815189 24.093750 297 6453 8643
Ch1: 18.041097 14.113054 24.000000 298 6454 8595
Ch1: 17.940344 14.113054 24.093750 299 6454 8547
Ch1: 17.839591 11.815189 24.093750 300 6453 8499
Ch1: 17.738838 9.517325 24.093750 301 6452 8451
Ch1: 17.635986 9.517325 24.062500 302 6452 8402
Ch1: 17.535233 14.113054 24.000000 303 6454 8354
Ch1: 17.436579 16.410918 24.031250 304 6455 8307
Ch1: 17.333727 14.113054 23.937500 305 6454 8258
Ch1: 17.232974 7.219461 24.031250 306 6451 8210
Ch1: 17.132221 9.517325 24.062500 307 6452 8162
Ch1: 17.031468 11.815189 24.062500 308 6453 8114
Ch1: 16.930715 16.410918 24.125000 309 6455 8066
Ch1: 16.827863 11.815189 24.062500 310 6453 8017
Ch1: 16.727109 11.815189 24.031250 311 6453 7969
Ch1: 16.626356 9.517325 24.000000 312 6452 7921
Ch1: 16.523504 11.815189 24.062500 313 6453 7872
Ch1: 16.422751 14.113054 24.031250 314 6454 7824
Ch1: 16.321998 11.815189 24.093750 315 6453 7776
Ch1: 16.223344 9.517325 24.125000 316 6452 7729
Ch1: 16.120492 11.815189 24.093750 317 6453 7680
Ch1: 16.017640 11.815189 24.062500 318 6453 7631
Ch1: 15.916887 9.517325 24.000000 319 6452 7583
Ch1: 15.820332 9.517325 24.031250 320 6452 7537
Ch1: 15.715381 9.517325 24.031250 321 6452 7487
Ch1: 15.614628 14.113054 24.093750 322 6454 7439
Ch1: 15.513874 9.517325 24.093750 323 6452 7391
Ch1: 15.413121 14.113054 24.093750 324 6454 7343
Ch1: 15.312368 7.219461 24.000000 325 6451 7295
Ch1: 15.209516 11.815189 24.000000 326 6453 7246
Ch1: 15.108763 11.815189 24.031250 327 6453 7198
Ch1: 15.008010 11.815189 24.093750 328 6453 7150
Ch1: 14.907257 11.815189 24.062500 329 6453 7102
Ch1: 14.806504 11.815189 24.093750 330 6453 7054
Ch1: 14.705751 14.113054 24.093750 331 6454 7006
Ch1: 14.604998 9.517325 24.000000 332 6452 6958
Ch1: 14.502146 11.815189 23.937500 333 6453 6909
Ch1: 14.399294 9.517325 24.093750 334 6452 6860
Ch1: 14.300640 14.113054 23.968750 335 6454 6813
Ch1: 14.199886 11.815189 24.000000 336 6453 6765
Ch1: 14.094935 11.815189 24.031250 337 6453 6715
Ch1: 13.994182 11.815189 24.093750 338 6453 6667
Ch1: 13.893429 11.815189 23.968750 339 6453 6619
Ch1: 13.792676 9.517325 24.093750 340 6452 6571
Ch1: 13.689824 11.815189 23.968750 341 6453 6522
Ch1: 13.586972 11.815189 23.968750 342 6453 6473
Ch1: 13.486219 11.815189 24.062500 343 6453 6425
Ch1: 13.385466 16.410918 23.968750 344 6455 6377
Ch1: 13.284713 14.113054 24.062500 345 6454 6329
Ch1: 13.183960 7.219461 24.031250 346 6451 6281
Ch1: 13.081108 9.517325 24.093750 347 6452 6232
Ch1: 12.980354 14.113054 23.968750 348 6454 6184
Ch1: 12.879601 11.815189 24.031250 349 6453 6136
Ch1: 12.776749 14.113054 24.031250 350 6454 6087
Ch1: 12.678095 9.517325 24.062500 351 6452 6040
Ch1: 12.577342 11.815189 24.093750 352 6453 5992
Ch1: 12.474490 11.815189 24.031250 353 6453 5943
Ch1: 12.373737 16.410918 24.093750 354 6455 5895
Ch1: 12.272984 9.517325 24.031250 355 6452 5847
Ch1: 12.170132 9.517325 24.031250 356 6452 5798
Ch1: 12.069379 14.113054 24.093750 357 6454 5750
Ch1: 11.966527 16.410918 23.937500 358 6455 5701
Ch1: 11.865774 14.113054 24.062500 359 6454 5653
Ch1: 11.765020 11.815189 24.031250 360 6453 5605
Ch1: 11.664267 9.517325 24.031250 361 6452 5557
Ch1: 11.563514 9.517325 24.031250 362 6452 5509
Ch1: 11.462761 9.517325 24.093750 363 6452 5461
Ch1: 11.359909 11.815189 24.031250 364 6453 5412
Ch1: 11.259156 14.113054 23.968750 365 6454 5364
Ch1: 11.156304 9.517325 24.000000 366 6452 5315
Ch1: 11.055551 11.815189 23.937500 367 6453 5267
Ch1: 10.956897 16.410918 23.937500 368 6455 5220
Ch1: 10.851946 14.113054 24.000000 369 6454 5170
Ch1: 10.751193 14.113054 24.062500 370 6454 5122
Ch1: 10.650440 14.113054 24.000000 371 6454 5074
Ch1: 10.549687 16.410918 24.000000 372 6455 5026
Ch1: 10.446834 16.410918 24.062500 373 6455 4977
Ch1: 10.343982 9.517325 24.093750 374 6452 4928
Ch1: 10.243229 14.113054 24.093750 375 6454 4880
Ch1: 10.142476 9.517325 24.031250 376 6452 4832
Ch1: 10.041723 14.113054 24.031250 377 6454 4784
Ch1: 9.940970 9.517325 24.031250 378 6452 4736
Ch1: 9.840217 11.815189 24.093750 379 6453 4688
Ch1: 9.739464 14.113054 23.937500 380 6454 4640
Ch1: 9.636612 14.113054 24.093750 381 6454 4591
Ch1: 9.535859 11.815189 24.062500 382 6453 4543
Ch1: 9.437205 11.815189 24.031250 383 6453 4496
Ch1: 9.338551 9.517325 24.062500 384 6452 4449
Ch1: 9.233599 14.113054 24.031250 385 6454 4399
Ch1: 9.132846 11.815189 23.937500 386 6453 4351
Ch1: 9.034192 14.113054 24.000000 387 6454 4304
Ch1: 8.933439 9.517325 24.000000 388 6452 4256
Ch1: 8.830587 9.517325 24.031250 389 6452 4207
Ch1: 8.729834 9.517325 24.031250 390 6452 4159
Ch1: 8.629081 14.113054 24.062500 391 6454 4111
Ch1: 8.528328 9.517325 24.000000 392 6452 4063
Ch1: 8.427575 14.113054 23.968750 393 6454 4015
Ch1: 8.326822 14.113054 24.093750 394 6454 3967
Ch1: 8.226069 16.410918 24.062500 395 6455 3919
Ch1: 8.125316 16.410918 24.000000 396 6455 3871
Ch1: 8.022464 14.113054 24.031250 397 6454 3822
Ch1: 7.921711 14.113054 24.062500 398 6454 3774
Ch1: 7.820957 14.113054 23.937500 399 6454 3726
Ch1: 7.722303 14.113054 24.062500 400 6454 3679
Ch1: 7.619451 14.113054 24.062500 401 6454 3630
Ch1: 7.520797 14.113054 24.000000 402 6454 3583
Ch1: 7.422143 14.113054 24.031250 403 6454 3536
Ch1: 7.319291 9.517325 24.000000 404 6452 3487
Ch1: 7.218538 11.815189 23.968750 405 6453 3439
Ch1: 7.117785 16.410918 23.968750 406 6455 3391
Ch1: 7.017032 11.815189 24.062500 407 6453 3343
Ch1: 6.916279 14.113054 24.062500 408 6454 3295
Ch1: 6.815526 9.517325 24.062500 409 6452 3247
Ch1: 6.716872 9.517325 24.062500 410 6452 3200
Ch1: 6.616119 16.410918 24.031250 411 6455 3152
Ch1: 6.515365 14.113054 24.031250 412 6454 3104
Ch1: 6.414612 11.815189 24.000000 413 6453 3056
Ch1: 6.313859 14.113054 24.000000 414 6454 3008
Ch1: 6.213106 11.815189 24.000000 415 6453 2960
Ch1: 6.114452 16.410918 24.000000 416 6455 2913
Ch1: 6.011600 11.815189 24.031250 417 6453 2864
Ch1: 5.910847 11.815189 24.062500 418 6453 2816
Ch1: 5.812193 7.219461 24.062500 419 6451 2769
Ch1: 5.709341 11.815189 24.031250 420 6453 2720
Ch1: 5.610687 18.708782 24.062500 421 6456 2673
Ch1: 5.507835 16.410918 24.062500 422 6455 2624
Ch1: 5.407082 11.815189 24.062500 423 6453 2576
Ch1: 5.310527 9.517325 24.031250 424 6452 2530
Ch1: 5.207675 14.113054 24.093750 425 6454 2481
Ch1: 5.109020 14.113054 24.000000 426 6454 2434
Ch1: 5.008267 14.113054 24.031250 427 6454 2386
Ch1: 4.909613 14.113054 24.062500 428 6454 2339
Ch1: 4.808860 14.113054 24.062500 429 6454 2291
Ch1: 4.706008 16.410918 24.031250 430 6455 2242
Ch1: 4.607354 11.815189 24.000000 431 6453 2195
Ch1: 4.510799 11.815189 24.031250 432 6453 2149
Ch1: 4.410046 9.517325 23.968750 433 6452 2101
Ch1: 4.311392 14.113054 24.062500 434 6454 2054
Ch1: 4.210639 14.113054 24.031250 435 6454 2006
Ch1: 4.111985 11.815189 24.093750 436 6453 1959
Ch1: 4.011232 14.113054 23.968750 437 6454 1911
Ch1: 3.912578 11.815189 24.062500 438 6453 1864
Ch1: 3.811825 11.815189 23.906250 439 6453 1816
Ch1: 3.713171 14.113054 24.062500 440 6454 1769
Ch1: 3.614517 14.113054 24.031250 441 6454 1722
Ch1: 3.520061 11.815189 24.093750 442 6453 1677
Ch1: 3.465486 9.517325 24.031250 443 6452 1651
Ch1: 3.450793 11.815189 24.062500 444 6453 1644
Ch1: 3.442397 16.410918 24.093750 445 6455 1640
Ch1: 3.438199 16.410918 24.031250 446 6455 1638
Ch1: 3.436100 11.815189 24.031250 447 6453 1637
Ch1: 3.434001 16.410918 24.000000 448 6455 1636
Ch1: 3.431902 16.410918 24.062500 449 6455 1635
Ch1: 3.431902 16.410918 24.031250 450 6455 1635
Ch1: 3.431902 16.410918 23.937500 451 6455 1635
Ch1: 3.431902 14.113054 24.062500 452 6454 1635
Ch1: 3.431902 14.113054 24.000000 453 6454 1635
Ch1: 3.431902 11.815189 23.937500 454 6453 1635
Ch1: 3.434001 18.708782 24.000000 455 6456 1636
Ch1: 3.434001 14.113054 24.062500 456 6454 1636
Ch1: 3.434001 14.113054 24.062500 457 6454 1636
Ch1: 3.436100 11.815189 24.031250 458 6453 1637
Ch1: 3.436100 16.410918 24.031250 459 6455 1637
Ch1: 3.438199 16.410918 24.031250 460 6455 1638
Ch1: 3.440298 14.113054 24.031250 461 6454 1639
Ch1: 3.440298 14.113054 23.937500 462 6454 1639
Ch1: 3.442397 14.113054 24.000000 463 6454 1640
Ch1: 3.444496 14.113054 23.937500 464 6454 1641
Ch1: 3.446595 11.815189 24.031250 465 6453 1642
Ch1: 3.446595 11.815189 24.000000 466 6453 1642
Ch1: 3.448694 9.517325 24.031250 467 6452 1643
Ch1: 3.450793 9.517325 24.000000 468 6452 1644
Ch1: 3.452892 16.410918 24.031250 469 6455 1645
Ch1: 3.454991 14.113054 24.031250 470 6454 1646
Ch1: 3.457090 14.113054 24.031250 471 6454 1647
Ch1: 3.457090 11.815189 24.031250 472 6453 1647
Ch1: 3.459189 11.815189 23.937500 473 6453 1648
Ch1: 3.461288 14.113054 24.062500 474 6454 1649
Ch1: 3.463387 11.815189 24.062500 475 6453 1650
Ch1: 3.465486 14.113054 24.062500 476 6454 1651
Ch1: 3.467585 14.113054 23.937500 477 6454 1652
Ch1: 3.469684 14.113054 24.000000 478 6454 1653
Ch1: 3.471783 14.113054 24.000000 479 6454 1654
Ch1: 3.473882 9.517325 24.000000 480 6452 1655
Ch1: 3.475981 11.815189 24.031250 481 6453 1656
Ch1: 3.478080 11.815189 24.000000 482 6453 1657
Ch1: 3.480179 14.113054 24.031250 483 6454 1658
Ch1: 3.482278 14.113054 23.906250 484 6454 1659
Ch1: 3.484377 9.517325 24.062500 485 6452 1660
Ch1: 3.486476 11.815189 24.031250 486 6453 1661
Ch1: 3.488575 11.815189 24.062500 487 6453 1662
Ch1: 3.490674 16.410918 23.937500 488 6455 1663
Ch1: 3.492773 14.113054 24.062500 489 6454 1664
Ch1: 3.496971 9.517325 24.062500 490 6452 1666
Ch1: 3.499070 9.517325 24.031250 491 6452 1667
Ch1: 3.501169 14.113054 24.031250 492 6454 1668
Ch1: 3.503268 16.410918 24.000000 493 6455 1669
Ch1: 3.505367 11.815189 23.968750 494 6453 1670
Ch1: 3.507466 11.815189 24.031250 495 6453 1671
Ch1: 3.509565 9.517325 24.062500 496 6452 1672
Ch1: 3.511664 18.708782 24.000000 497 6456 1673
Ch1: 3.515863 18.708782 24.062500 498 6456 1675
Ch1: 3.515863 14.113054 24.000000 499 6454 1675
Ch1: 3.517962 16.410918 24.031250 500 6455 1676
Ch1: 3.522160 14.113054 24.031250 501 6454 1678
Ch1: 3.524259 14.113054 24.093750 502 6454 1679
Ch1: 3.526358 14.113054 24.031250 503 6454 1680
Ch1: 3.528457 14.113054 24.000000 504 6454 1681
Ch1: 3.530556 11.815189 24.031250 505 6453 1682
Ch1: 3.534754 11.815189 24.062500 506 6453 1684
Ch1: 3.536853 14.113054 24.031250 507 6454 1685
Ch1: 3.538952 11.815189 23.937500 508 6453 1686
Ch1: 3.541051 9.517325 24.031250 509 6452 1687
Ch1: 3.543150 11.815189 24.031250 510 6453 1688
Ch1: 3.545249 14.113054 24.000000 511 6454 1689
Ch1: 3.549447 11.815189 24.093750 512 6453 1691
Ch1: 3.551546 16.410918 24.031250 513 6455 1692
Ch1: 3.553645 16.410918 24.000000 514 6455 1693
Ch1: 3.555744 14.113054 24.000000 515 6454 1694
Ch1: 3.557843 14.113054 24.000000 516 6454 1695
Ch1: 3.559942 7.219461 23.906250 517 6451 1696
Ch1: 3.562041 16.410918 24.000000 518 6455 1697
Ch1: 3.566239 14.113054 24.031250 519 6454 1699
Ch1: 3.568338 11.815189 24.062500 520 6453 1700
Ch1: 3.570437 11.815189 24.000000 521 6453 1701
Ch1: 3.572536 16.410918 24.062500 522 6455 1702
Ch1: 3.574635 11.815189 24.000000 523 6453 1703
Ch1: 3.578833 11.815189 24.000000 524 6453 1705
Ch1: 3.580932 11.815189 24.000000 525 6453 1706
Ch1: 3.583031 4.921597 24.062500 526 6450 1707
Ch1: 3.585130 16.410918 24.031250 527 6455 1708
Ch1: 3.587229 14.113054 24.031250 528 6454 1709
Ch1: 3.591427 14.113054 24.062500 529 6454 1711
Ch1: 3.593526 11.815189 24.031250 530 6453 1712
Ch1: 3.595625 9.517325 23.937500 531 6452 1713
Ch1: 3.597724 14.113054 23.968750 532 6454 1714
Ch1: 3.601922 16.410918 24.031250 533 6455 1716
Ch1: 3.604021 9.517325 24.031250 534 6452 1717
Ch1: 3.606120 9.517325 24.000000 535 6452 1718
Ch1: 3.608219 14.113054 24.031250 536 6454 1719
Ch1: 3.610319 9.517325 24.031250 537 6452 1720
Ch1: 3.614517 11.815189 24.000000 538 6453 1722
Ch1: 3.616616 11.815189 24.031250 539 6453 1723
Ch1: 3.618715 7.219461 24.031250 540 6451 1724
Ch1: 3.622913 14.113054 24.000000 541 6454 1726
Ch1: 3.625012 14.113054 23.906250 542 6454 1727
Ch1: 3.627111 9.517325 24.031250 543 6452 1728
Ch1: 3.629210 7.219461 23.968750 544 6451 1729
Ch1: 3.631309 9.517325 24.000000 545 6452 1730
Ch1: 3.633408 11.815189 24.062500 546 6453 1731
Ch1: 3.637606 11.815189 23.906250 547 6453 1733
Ch1: 3.639705 14.113054 24.031250 548 6454 1734
Ch1: 3.641804 11.815189 23.906250 549 6453 1735
Ch1: 3.643903 11.815189 24.031250 550 6453 1736
Ch1: 3.648101 11.815189 24.000000 551 6453 1738
Ch1: 3.650200 11.815189 24.000000 552 6453 1739
Ch1: 3.652299 14.113054 24.000000 553 6454 1740
Ch1: 3.654398 9.517325 24.031250 554 6452 1741
Ch1: 3.658596 11.815189 23.937500 555 6453 1743
Ch1: 3.660695 11.815189 24.000000 556 6453 1744
Ch1: 3.662794 18.708782 23.875000 557 6456 1745
Ch1: 3.666992 16.410918 23.968750 558 6455 1747
Ch1: 3.666992 9.517325 23.906250 559 6452 1747
Ch1: 3.671190 11.815189 24.062500 560 6453 1749
Ch1: 3.673289 14.113054 24.031250 561 6454 1750
Ch1: 3.675388 14.113054 24.031250 562 6454 1751
Ch1: 3.679586 9.517325 24.000000 563 6452 1753
Ch1: 3.681685 11.815189 24.000000 564 6453 1754
Ch1: 3.683784 14.113054 23.968750 565 6454 1755
Ch1: 3.685883 14.113054 24.031250 566 6454 1756
Ch1: 3.690081 11.815189 23.875000 567 6453 1758
Ch1: 3.692180 11.815189 23.875000 568 6453 1759
Ch1: 3.694279 4.921597 24.031250 569 6450 1760
Ch1: 3.696378 9.517325 23.937500 570 6452 1761
Ch1: 3.700576 11.815189 24.000000 571 6453 1763
Ch1: 3.702675 9.517325 23.937500 572 6452 1764
Ch1: 3.704775 11.815189 23.937500 573 6453 1765
Ch1: 3.708973 9.517325 23.968750 574 6452 1767
Ch1: 3.711072 9.517325 24.000000 575 6452 1768
Ch1: 3.713171 11.815189 23.937500 576 6453 1769
Ch1: 3.715270 11.815189 23.875000 577 6453 1770
Ch1: 3.719468 11.815189 23.937500 578 6453 1772
Ch1: 3.721567 9.517325 24.031250 579 6452 1773
Ch1: 3.723666 11.815189 23.937500 580 6453 1774
Ch1: 3.725765 11.815189 23.968750 581 6453 1775
Ch1: 3.729963 14.113054 23.906250 582 6454 1777
Ch1: 3.732062 9.517325 23.937500 583 6452 1778
Ch1: 3.734161 9.517325 23.937500 584 6452 1779
Ch1: 3.736260 14.113054 23.968750 585 6454 1780
Ch1: 3.740458 14.113054 23.875000 586 6454 1782
Ch1: 3.742557 9.517325 23.937500 587 6452 1783
Ch1: 3.744656 9.517325 23.937500 588 6452 1784
Ch1: 3.748854 11.815189 24.000000 589 6453 1786
Ch1: 3.750953 11.815189 23.937500 590 6453 1787
Ch1: 3.753052 14.113054 23.968750 591 6454 1788
Ch1: 3.755151 9.517325 24.000000 592 6452 1789
Ch1: 3.759349 7.219461 23.937500 593 6451 1791
Ch1: 3.761448 4.921597 23.906250 594 6450 1792
Ch1: 3.763547 9.517325 23.937500 595 6452 1793
Ch1: 3.767745 9.517325 23.875000 596 6452 1795
Ch1: 3.769844 7.219461 23.937500 597 6451 1796
Ch1: 3.771943 9.517325 23.937500 598 6452 1797
Ch1: 3.776141 11.815189 23.968750 599 6453 1799
Ch1: 3.778240 16.410918 23.906250 600 6455 1800
