0.000000000 0.000000000 18087.712500000 inf
0.000000000 0.000000000 18087.712500000 inf
30.000000000 1827320.000000000 18087.712500000 0.009898492
40.000000000 1633330.000000000 18087.712500000 0.011074132
50.000000000 1437700.000000000 6721.016447368 0.004674839
60.000000000 1232330.000000000 -18060.534285714 -0.014655599
70.000000000 1040140.000000000 -15742.355714286 -0.015134843
80.000000000 865990.000000000 -12958.857142857 -0.014964211
90.000000000 785750.000000000 -10153.464285714 -0.012922004
100.000000000 720790.000000000 -7976.677142857 -0.011066576
110.000000000 654030.000000000 -6630.748571429 -0.010138294
120.000000000 590480.000000000 -6328.784285714 -0.010718033
130.000000000 523230.000000000 -6113.857142857 -0.011684837
140.000000000 465570.000000000 -5673.214285714 -0.012185524
150.000000000 408810.000000000 -5017.641428571 -0.012273774
160.000000000 355280.000000000 -4254.391428571 -0.011974756
170.000000000 319470.000000000 -3555.892857143 -0.011130600
180.000000000 294770.000000000 -2943.821428571 -0.009986842
190.000000000 269800.000000000 -2510.892857143 -0.009306497
200.000000000 246530.000000000 -2342.250000000 -0.009500872
210.000000000 223110.000000000 -2257.928571429 -0.010120248
220.000000000 201250.000000000 -2155.750000000 -0.010711801
230.000000000 178770.000000000 -1982.750000000 -0.011091067
240.000000000 159810.000000000 -1738.107142857 -0.010876085
250.000000000 141190.000000000 -1481.642857143 -0.010493965
260.000000000 129900.000000000 -1237.071428571 -0.009523260
270.000000000 120980.000000000 -1063.250000000 -0.008788643
280.000000000 111460.000000000 -943.007142857 -0.008460498
290.000000000 102280.000000000 -910.207142857 -0.008899170
300.000000000 92660.000000000 -992.978571429 -0.010716367
310.000000000 84236.000000000 -1003.510714286 -0.011913086
320.000000000 75710.000000000 -868.378571429 -0.011469800
330.000000000 58150.000000000 -706.917857143 -0.012156799
340.000000000 52869.000000000 -557.989285714 -0.010554186
350.000000000 56454.000000000 -405.346428571 -0.007180119
360.000000000 52816.000000000 -273.007142857 -0.005169023
370.000000000 47985.000000000 -309.450000000 -0.006448890
380.000000000 44672.000000000 -383.364285714 -0.008581758
390.000000000 40957.000000000 -368.803571429 -0.009004653
400.000000000 37033.000000000 -345.642857143 -0.009333374
410.000000000 33538.000000000 -322.335714286 -0.009611060
420.000000000 30572.000000000 -285.414285714 -0.009335807
430.000000000 27598.000000000 -247.000000000 -0.008949924
440.000000000 25647.000000000 -217.082142857 -0.008464231
450.000000000 23889.000000000 -194.850000000 -0.008156474
460.000000000 22054.000000000 -180.578571429 -0.008188019
470.000000000 20192.000000000 -176.296428571 -0.008731004
480.000000000 18521.000000000 -170.807142857 -0.009222350
490.000000000 16727.000000000 -161.528571429 -0.009656757
500.000000000 15145.000000000 -148.892857143 -0.009831156
510.000000000 13708.000000000 -133.853571429 -0.009764632
520.000000000 12426.000000000 -117.596428571 -0.009463740
530.000000000 11365.000000000 -106.107142857 -0.009336308
540.000000000 10509.000000000 -98.739285714 -0.009395688
550.000000000 9623.000000000 -95.346428571 -0.009908181
560.000000000 8604.000000000 -94.185714286 -0.010946736
570.000000000 7621.000000000 -94.985714286 -0.012463681
580.000000000 6658.000000000 -92.578571429 -0.013904862
590.000000000 5809.000000000 -88.035714286 -0.015155055
600.000000000 4835.000000000 -83.335714286 -0.017235928
610.000000000 4099.000000000 -77.725000000 -0.018961942
620.000000000 3343.000000000 -72.057142857 -0.021554634
630.000000000 2623.000000000 -65.132142857 -0.024831164
640.000000000 2025.000000000 -59.107142857 -0.029188713
650.000000000 1449.000000000 -51.460714286 -0.035514641
660.000000000 962.000000000 -42.285714286 -0.043956044
670.000000000 561.000000000 -33.039285714 -0.058893557
680.000000000 269.000000000 -24.920963173 -0.092642986
690.000000000 143.000000000 -17.819795222 -0.124613953
700.000000000 43.000000000 -11.541806099 -0.268414095
705.000000000 29.000000000 -6.608922063 -0.227893864
