0.000000000 0.000000000 60910.666666667 inf
0.000000000 0.000000000 60910.666666667 inf
30.000000000 1827320.000000000 45466.500000000 0.024881520
40.000000000 1633330.000000000 -19481.000000000 -0.011927167
50.000000000 1437700.000000000 -20050.000000000 -0.013945886
60.000000000 1232330.000000000 -19878.000000000 -0.016130420
70.000000000 1040140.000000000 -18317.000000000 -0.017610129
80.000000000 865990.000000000 -12719.480000000 -0.014687791
90.000000000 785750.000000000 -7259.980000000 -0.009239555
100.000000000 720790.000000000 -6586.000000000 -0.009137197
110.000000000 654030.000000000 -6515.520000000 -0.009962112
120.000000000 590480.000000000 -6540.000000000 -0.011075735
130.000000000 523230.000000000 -6245.480000000 -0.011936395
140.000000000 465570.000000000 -5720.980000000 -0.012288120
150.000000000 408810.000000000 -5514.500000000 -0.013489151
160.000000000 355280.000000000 -4467.000000000 -0.012573182
170.000000000 319470.000000000 -3025.500000000 -0.009470373
180.000000000 294770.000000000 -2483.500000000 -0.008425213
190.000000000 269800.000000000 -2412.000000000 -0.008939956
200.000000000 246530.000000000 -2334.500000000 -0.009469436
210.000000000 223110.000000000 -2264.000000000 -0.010147461
220.000000000 201250.000000000 -2217.000000000 -0.011016149
230.000000000 178770.000000000 -2072.000000000 -0.011590312
240.000000000 159810.000000000 -1879.000000000 -0.011757712
250.000000000 141190.000000000 -1495.500000000 -0.010592110
260.000000000 129900.000000000 -1010.500000000 -0.007779061
270.000000000 120980.000000000 -922.000000000 -0.007621094
280.000000000 111460.000000000 -935.000000000 -0.008388660
290.000000000 102280.000000000 -940.000000000 -0.009190458
300.000000000 92660.000000000 -902.200000000 -0.009736672
310.000000000 84236.000000000 -847.500000000 -0.010061019
320.000000000 75710.000000000 -1304.300000000 -0.017227579
330.000000000 58150.000000000 -1142.050000000 -0.019639725
340.000000000 52869.000000000 -84.800000000 -0.001603965
350.000000000 56454.000000000 -2.650000000 -0.000046941
360.000000000 52816.000000000 -423.450000000 -0.008017457
370.000000000 47985.000000000 -407.200000000 -0.008485985
380.000000000 44672.000000000 -351.400000000 -0.007866225
390.000000000 40957.000000000 -381.950000000 -0.009325634
400.000000000 37033.000000000 -370.950000000 -0.010016742
410.000000000 33538.000000000 -323.050000000 -0.009632357
420.000000000 30572.000000000 -297.000000000 -0.009714772
430.000000000 27598.000000000 -246.250000000 -0.008922748
440.000000000 25647.000000000 -185.450000000 -0.007230865
450.000000000 23889.000000000 -179.650000000 -0.007520198
460.000000000 22054.000000000 -184.850000000 -0.008381699
470.000000000 20192.000000000 -176.650000000 -0.008748514
480.000000000 18521.000000000 -173.250000000 -0.009354247
490.000000000 16727.000000000 -168.800000000 -0.010091469
500.000000000 15145.000000000 -150.950000000 -0.009966986
510.000000000 13708.000000000 -135.950000000 -0.009917566
520.000000000 12426.000000000 -117.150000000 -0.009427813
530.000000000 11365.000000000 -95.850000000 -0.008433788
540.000000000 10509.000000000 -87.100000000 -0.008288134
550.000000000 9623.000000000 -95.250000000 -0.009898161
560.000000000 8604.000000000 -100.100000000 -0.011634124
570.000000000 7621.000000000 -97.300000000 -0.012767353
580.000000000 6658.000000000 -90.600000000 -0.013607690
590.000000000 5809.000000000 -91.150000000 -0.015691169
600.000000000 4835.000000000 -85.500000000 -0.017683557
610.000000000 4099.000000000 -74.600000000 -0.018199561
620.000000000 3343.000000000 -73.800000000 -0.022075980
630.000000000 2623.000000000 -65.900000000 -0.025123904
640.000000000 2025.000000000 -58.700000000 -0.028987654
650.000000000 1449.000000000 -53.150000000 -0.036680469
660.000000000 962.000000000 -44.400000000 -0.046153846
670.000000000 561.000000000 -34.650000000 -0.061764706
680.000000000 269.000000000 -20.900000000 -0.077695167
690.000000000 143.000000000 -11.300000000 -0.079020979
700.000000000 43.000000000 -7.942857143 -0.184717608
705.000000000 29.000000000 -2.900000000 -0.100000000
