0.000000000 0.000000000 22601.580317460 inf
0.000000000 0.000000000 22601.580317460 inf
30.000000000 3389220.000000000 22601.580317460 0.006668667
40.000000000 3169970.000000000 22601.580317460 0.007129904
50.000000000 2973910.000000000 22601.580317460 0.007599954
60.000000000 2714790.000000000 6944.857541899 0.002558156
70.000000000 2479530.000000000 -22229.201333333 -0.008965087
80.000000000 2274050.000000000 -21568.701333333 -0.009484708
90.000000000 2023980.000000000 -20528.369333333 -0.010142575
100.000000000 1818730.000000000 -18966.086666667 -0.010428204
110.000000000 1653420.000000000 -17516.984666667 -0.010594395
120.000000000 1486950.000000000 -16038.018666667 -0.010785849
130.000000000 1342420.000000000 -14434.417333333 -0.010752534
140.000000000 1208900.000000000 -13213.285333333 -0.010930007
150.000000000 1074570.000000000 -12190.601333333 -0.011344632
160.000000000 963070.000000000 -11103.200000000 -0.011528965
170.000000000 859500.000000000 -10097.367333333 -0.011747955
180.000000000 761080.000000000 -9072.582666667 -0.011920669
190.000000000 672150.000000000 -8061.365333333 -0.011993402
200.000000000 601850.000000000 -7211.149333333 -0.011981639
210.000000000 534810.000000000 -6389.400000000 -0.011947047
220.000000000 480280.000000000 -5624.101333333 -0.011710047
230.000000000 429610.000000000 -5001.318000000 -0.011641531
240.000000000 378550.000000000 -4510.284000000 -0.011914632
250.000000000 339650.000000000 -4048.817333333 -0.011920557
260.000000000 304790.000000000 -3647.916666667 -0.011968623
270.000000000 267760.000000000 -3246.933333333 -0.012126282
280.000000000 235830.000000000 -2873.217333333 -0.012183426
290.000000000 210190.000000000 -2560.184000000 -0.012180332
300.000000000 186990.000000000 -2264.266666667 -0.012109025
310.000000000 168210.000000000 -1974.550000000 -0.011738601
320.000000000 149440.000000000 -1742.250000000 -0.011658525
330.000000000 134120.000000000 -1553.983333333 -0.011586515
340.000000000 119070.000000000 -1395.816666667 -0.011722656
350.000000000 106570.000000000 -1257.956666667 -0.011804041
360.000000000 94690.000000000 -1121.291666667 -0.011841712
370.000000000 84730.000000000 208.419871330 0.002459812
