0.000000000 0.000000000 136312.993333333 inf
0.000000000 0.000000000 136312.993333333 inf
30.000000000 4089390.000000000 102885.687692308 0.025159177
40.000000000 3714300.000000000 -34999.040000000 -0.009422782
50.000000000 3389410.000000000 -33287.020000000 -0.009820889
60.000000000 3048560.000000000 -32715.040000000 -0.010731309
70.000000000 2735110.000000000 -35666.520000000 -0.013040251
80.000000000 2335230.000000000 -36453.520000000 -0.015610248
90.000000000 2006040.000000000 -31387.500000000 -0.015646498
100.000000000 1707480.000000000 -27290.520000000 -0.015982922
110.000000000 1460230.000000000 -26187.020000000 -0.017933490
120.000000000 1183740.000000000 -22013.520000000 -0.018596584
130.000000000 1019960.000000000 -16306.500000000 -0.015987392
140.000000000 857610.000000000 -15176.520000000 -0.017696296
150.000000000 716430.000000000 -12736.020000000 -0.017777061
160.000000000 602890.000000000 -10421.520000000 -0.017285939
170.000000000 508000.000000000 -7592.000000000 -0.014944882
180.000000000 451050.000000000 -7841.000000000 -0.017383882
190.000000000 351180.000000000 -6539.000000000 -0.018620081
200.000000000 320270.000000000 -3917.000000000 -0.012230306
210.000000000 272840.000000000 -4001.500000000 -0.014666105
220.000000000 240240.000000000 -4051.000000000 -0.016862304
230.000000000 191820.000000000 -6488.500000000 -0.033825983
240.000000000 110470.000000000 -5210.500000000 -0.047166652
250.000000000 87610.000000000 -1978.000000000 -0.022577331
260.000000000 70910.000000000 -1572.000000000 -0.022168947
270.000000000 56170.000000000 -1239.500000000 -0.022066940
280.000000000 46120.000000000 -926.050000000 -0.020079141
290.000000000 37649.000000000 -512.550000000 -0.013613907
300.000000000 35869.000000000 -74.000000000 -0.002063063
310.000000000 36169.000000000 -872.850000000 -0.024132544
320.000000000 18412.000000000 -897.600000000 -0.048750815
330.000000000 18217.000000000 -237.850000000 -0.013056486
340.000000000 13655.000000000 -293.150000000 -0.021468327
350.000000000 12354.000000000 -170.550000000 -0.013805245
360.000000000 10244.000000000 -196.150000000 -0.019147794
370.000000000 8431.000000000 -159.450000000 -0.018912347
380.000000000 7055.000000000 -117.750000000 -0.016690291
390.000000000 6076.000000000 -101.350000000 -0.016680382
400.000000000 5028.000000000 -69.564516129 -0.013835425
450.000000000 1774.000000000 -43.440000000 -0.024487035
500.000000000 684.000000000 -15.180000000 -0.022192982
550.000000000 256.000000000 -5.930000000 -0.023164062
600.000000000 91.000000000 -2.250000000 -0.024725275
650.000000000 31.000000000 -0.780000000 -0.025161290
700.000000000 13.000000000 -0.270000000 -0.020769231
