0.000000000 0.000000000 69988.916981132 inf
0.000000000 0.000000000 69988.916981132 inf
30.000000000 3389220.000000000 69988.916981132 0.020650450
40.000000000 3169970.000000000 46761.441509434 0.014751383
50.000000000 2973910.000000000 -22745.600000000 -0.007648382
60.000000000 2714790.000000000 -22862.200000000 -0.008421351
70.000000000 2479530.000000000 -23405.992000000 -0.009439689
80.000000000 2274050.000000000 -22476.704000000 -0.009883997
90.000000000 2023980.000000000 -21075.404000000 -0.010412852
100.000000000 1818730.000000000 -19447.608000000 -0.010692960
110.000000000 1653420.000000000 -16949.016000000 -0.010250884
120.000000000 1486950.000000000 -15306.624000000 -0.010293974
130.000000000 1342420.000000000 -14357.512000000 -0.010695246
140.000000000 1208900.000000000 -13156.104000000 -0.010882707
150.000000000 1074570.000000000 -12116.696000000 -0.011275855
160.000000000 963070.000000000 -11107.088000000 -0.011533002
170.000000000 859500.000000000 -10068.292000000 -0.011714127
180.000000000 761080.000000000 -9097.896000000 -0.011953929
190.000000000 672150.000000000 -8086.100000000 -0.012030202
200.000000000 601850.000000000 -6989.408000000 -0.011613206
210.000000000 534810.000000000 -6066.504000000 -0.011343288
220.000000000 480280.000000000 -5518.000000000 -0.011489131
230.000000000 429610.000000000 -4920.504000000 -0.011453421
240.000000000 378550.000000000 -4409.400000000 -0.011648131
250.000000000 339650.000000000 -3974.600000000 -0.011702046
260.000000000 304790.000000000 -3573.304000000 -0.011723823
270.000000000 267760.000000000 -3278.804000000 -0.012245309
280.000000000 235830.000000000 -2931.700000000 -0.012431412
290.000000000 210190.000000000 -2479.400000000 -0.011795994
300.000000000 186990.000000000 -2147.600000000 -0.011485106
310.000000000 168210.000000000 -1896.900000000 -0.011276975
320.000000000 149440.000000000 -1699.300000000 -0.011371119
330.000000000 134120.000000000 -1536.500000000 -0.011456159
340.000000000 119070.000000000 -1370.500000000 -0.011510036
350.000000000 106570.000000000 -1231.600000000 -0.011556723
360.000000000 94690.000000000 -1110.000000000 -0.011722463
370.000000000 84730.000000000 -1003.020000000 -0.011837838
