0.000000000 0.000000000 41047.587500000 inf
0.000000000 0.000000000 41047.587500000 inf
30.000000000 3389220.000000000 41047.587500000 0.012111220
40.000000000 3169970.000000000 41047.587500000 0.012948888
50.000000000 2973910.000000000 21656.601973684 0.007282198
60.000000000 2714790.000000000 -22792.640000000 -0.008395729
70.000000000 2479530.000000000 -22836.857142857 -0.009210156
80.000000000 2274050.000000000 -22175.502857143 -0.009751546
90.000000000 2023980.000000000 -20682.361428571 -0.010218659
100.000000000 1818730.000000000 -19128.897142857 -0.010517722
110.000000000 1653420.000000000 -17465.541428571 -0.010563282
120.000000000 1486950.000000000 -15638.897142857 -0.010517433
130.000000000 1342420.000000000 -14295.471428571 -0.010649030
140.000000000 1208900.000000000 -13204.894285714 -0.010923066
150.000000000 1074570.000000000 -12104.570000000 -0.011264571
160.000000000 963070.000000000 -11148.285714286 -0.011575779
170.000000000 859500.000000000 -10099.925714286 -0.011750932
180.000000000 761080.000000000 -9032.391428571 -0.011867861
190.000000000 672150.000000000 -8060.642857143 -0.011992327
200.000000000 601850.000000000 -7102.177142857 -0.011800577
210.000000000 534810.000000000 -6265.144285714 -0.011714710
220.000000000 480280.000000000 -5533.217142857 -0.011520815
230.000000000 429610.000000000 -4940.108571429 -0.011499054
240.000000000 378550.000000000 -4436.037142857 -0.011718497
250.000000000 339650.000000000 -4038.607142857 -0.011890497
260.000000000 304790.000000000 -3627.107142857 -0.011900348
270.000000000 267760.000000000 -3223.430000000 -0.012038505
280.000000000 235830.000000000 -2883.894285714 -0.012228700
290.000000000 210190.000000000 -2549.964285714 -0.012131711
300.000000000 186990.000000000 -2198.857142857 -0.011759223
310.000000000 168210.000000000 -1928.464285714 -0.011464623
320.000000000 149440.000000000 -1717.107142857 -0.011490278
330.000000000 134120.000000000 -1537.678571429 -0.011464946
340.000000000 119070.000000000 -1383.892857143 -0.011622515
350.000000000 106570.000000000 -1242.892857143 -0.011662690
360.000000000 94690.000000000 -1120.725000000 -0.011835727
370.000000000 84730.000000000 -994.360714286 -0.011735639
