0.000000000 0.000000000 45671.122375000 inf
0.000000000 0.000000000 45671.122375000 inf
30.000000000 4089390.000000000 45671.122375000 0.011168199
40.000000000 3714300.000000000 45671.122375000 0.012296024
50.000000000 3389410.000000000 21067.013684211 0.006215540
60.000000000 3048560.000000000 -34508.897142857 -0.011319737
70.000000000 2735110.000000000 -33930.467142857 -0.012405522
80.000000000 2335230.000000000 -32852.754285714 -0.014068316
90.000000000 2006040.000000000 -31328.467142857 -0.015617070
100.000000000 1707480.000000000 -28550.860000000 -0.016721051
110.000000000 1460230.000000000 -24745.572857143 -0.016946353
120.000000000 1183740.000000000 -21460.145714286 -0.018129104
130.000000000 1019960.000000000 -18312.502857143 -0.017954138
140.000000000 857610.000000000 -15435.431428571 -0.017998194
150.000000000 716430.000000000 -12416.822857143 -0.017331523
160.000000000 602890.000000000 -10813.894285714 -0.017936762
170.000000000 508000.000000000 -8908.430000000 -0.017536280
180.000000000 451050.000000000 -7331.537142857 -0.016254378
190.000000000 351180.000000000 -6032.321428571 -0.017177292
200.000000000 320270.000000000 -5173.214285714 -0.016152666
210.000000000 272840.000000000 -5073.178571429 -0.018593969
220.000000000 240240.000000000 -4611.892857143 -0.019197023
230.000000000 191820.000000000 -4458.250000000 -0.023241841
240.000000000 110470.000000000 -3903.142857143 -0.035332152
250.000000000 87610.000000000 -3190.071428571 -0.036412184
260.000000000 70910.000000000 -2223.760714286 -0.031360326
270.000000000 56170.000000000 -1244.696428571 -0.022159452
280.000000000 46120.000000000 -867.592857143 -0.018811640
290.000000000 37649.000000000 -741.953571429 -0.019707126
300.000000000 35869.000000000 -609.839285714 -0.017001848
310.000000000 36169.000000000 -548.985714286 -0.015178349
320.000000000 18412.000000000 -493.803571429 -0.026819660
330.000000000 18217.000000000 -461.650000000 -0.025341714
340.000000000 13655.000000000 -376.475000000 -0.027570487
350.000000000 12354.000000000 -203.764285714 -0.016493790
360.000000000 10244.000000000 -191.235714286 -0.018668071
370.000000000 8431.000000000 -148.664285714 -0.017633055
380.000000000 7055.000000000 -101.275000000 -0.014355067
390.000000000 6076.000000000 -65.252358491 -0.010739361
400.000000000 5028.000000000 -44.868103448 -0.008923648
450.000000000 1774.000000000 -31.762678804 -0.017904554
500.000000000 684.000000000 -22.114461020 -0.032331083
550.000000000 256.000000000 -13.660000000 -0.053359375
600.000000000 91.000000000 -4.912142857 -0.053979592
650.000000000 31.000000000 -1.877142857 -0.060552995
700.000000000 13.000000000 -0.693928571 -0.053379121
