0.000000000 0.000000000 22335.193015873 inf
0.000000000 0.000000000 22335.193015873 inf
30.000000000 4089390.000000000 22335.193015873 0.005461742
40.000000000 3714300.000000000 22335.193015873 0.006013298
50.000000000 3389410.000000000 22335.193015873 0.006589699
60.000000000 3048560.000000000 2871.214972067 0.000941827
70.000000000 2735110.000000000 -33361.952666667 -0.012197664
80.000000000 2335230.000000000 -32201.685333333 -0.013789513
90.000000000 2006040.000000000 -30416.285333333 -0.015162352
100.000000000 1707480.000000000 -27930.068000000 -0.016357479
110.000000000 1460230.000000000 -25005.802000000 -0.017124564
120.000000000 1183740.000000000 -21563.668000000 -0.018216558
130.000000000 1019960.000000000 -18532.768000000 -0.018170093
140.000000000 857610.000000000 -15579.401333333 -0.018166068
150.000000000 716430.000000000 -13188.184666667 -0.018408197
160.000000000 602890.000000000 -10802.950666667 -0.017918610
170.000000000 508000.000000000 -9138.067333333 -0.017988322
180.000000000 451050.000000000 -7537.184000000 -0.016710307
190.000000000 351180.000000000 -6312.484000000 -0.017975067
200.000000000 320270.000000000 -5696.966666667 -0.017788012
210.000000000 272840.000000000 -5170.083333333 -0.018949140
220.000000000 240240.000000000 -4686.483333333 -0.019507506
230.000000000 191820.000000000 -4047.250000000 -0.021099208
240.000000000 110470.000000000 -3649.133333333 -0.033032799
250.000000000 87610.000000000 -3056.640000000 -0.034889168
260.000000000 70910.000000000 -2400.228333333 -0.033848940
270.000000000 56170.000000000 -1618.531666667 -0.028814877
280.000000000 46120.000000000 -1018.596666667 -0.022085791
290.000000000 37649.000000000 -808.865000000 -0.021484369
300.000000000 35869.000000000 -666.291666667 -0.018575697
310.000000000 36169.000000000 -548.300000000 -0.015159391
320.000000000 18412.000000000 -469.615000000 -0.025505920
330.000000000 18217.000000000 -410.223333333 -0.022518710
340.000000000 13655.000000000 -367.781666667 -0.026933846
350.000000000 12354.000000000 -295.710000000 -0.023936377
360.000000000 10244.000000000 -178.470000000 -0.017421906
370.000000000 8431.000000000 -129.085146444 -0.015310775
380.000000000 7055.000000000 -80.618396226 -0.011427129
390.000000000 6076.000000000 -56.625877193 -0.009319598
400.000000000 5028.000000000 -40.061346863 -0.007967651
450.000000000 1774.000000000 -28.945736434 -0.016316650
500.000000000 684.000000000 -20.973457888 -0.030662950
550.000000000 256.000000000 -14.691762389 -0.057389697
600.000000000 91.000000000 -8.993666667 -0.098831502
650.000000000 31.000000000 -3.240666667 -0.104537634
700.000000000 13.000000000 -0.151421569 -0.011647813
