9
11
15
15
17
16
17
19
21
26
21
32
22
29
37
36
39
9
1
1
0
1
0
0
1
0
0
0
1
0
0
0
0
0
0
0
0
0
0
0
0
0
0
0
0
0
0
0
0
0
0
0
0
0
0
0
0
0
0
0
0
0
0
0
0
0
0
0
0
0
0
0
0
0
0
0
0
0
0
0
0
0
1
0
0
0
0
0
0
0
0
1
1
0
0
0
0
0
0
0
0
0
0
0
0
0
0
0
0
0
0
0
0
0
0
0
0
0
0
0
0
0
0
0
0
0
0
0
0
0
0
0
0
0
1
0
1
0
0
0
0
0
0
0
0
0
0
0
0
0
0
0
0
1
0
2
0
3
2
0
1
0
0
0
0
0
0
0
0
0
0
0
0
0
0
0
0
0
0
0
0
0
0
0
0
0
0
0
0
0
0
0
0
0
0
0
0
0
0
0
0
0
0
0
0
0
0
0
0
0
0
0
0
0
0
0
0
0
0
0
0
0
0
0
0
0
0
0
0
0
0
0
0
0
0
0
0
0
0
0
0
0
0
0
0
0
0
0
0
0
0
0
0
0
0
0
0
0
0
0
0
0
0
0
0
0
0
0
0
0
0
0
0
0
0
0
0
0
0
0
0
0
0
0
0
0
0
0
0
0
0
0
0
0
0
0
0
0
0
0
0
0
0
0
0
0
0
0
0
0
0
0
0
0
0
0
0
0
0
0
0
0
0
0
0
0
0
0
0
0
0
0
0
0
0
0
0
0
0
0
0
0
0
0
0
0
0
0
0
0
0
0
0
0
0
0
0
0
0
0
0
0
0
0
0
0
0
0
0
0
0
0
0
0
0
0
0
0
0
0
0
0
0
0
0
0
0
0
0
0
0
0
0
0
0
0
0
0
0
0
0
0
0
0
0
0
0
0
0
0
0
0
0
0
0
0
0
0
0
0
0
0
0
0
0
0
0
0
0
0
0
0
0
0
0
0
0
0
0
0
0
0
0
0
0
0
0
0
0
0
0
0
0
0
0
0
0
0
0
0
0
0
0
0
0
0
0
0
0
0
0
0
0
0
0
0
0
0
0
0
0
0
0
0
0
0
0
0
0
0
0
0
0
0
0
0
0
0
0
0
0
0
0
0
0
0
0
0
0
0
0
0
0
0
0
0
0
0
0
0
0
0
0
0
0
0
0
0
0
0
0
0
0
0
0
0
0
0
0
0
0
0
0
0
0
0
0
0
0
0
0
0
0
0
0
0
0
0
0
0
0
0
0
0
0
0
0
0
0
0
0
0
0
0
0
0
0
0
0
0
0
0
0
0
0
0
0
0
0
0
0
0
0
0
0
0
0
0
0
0
0
0
0
0
0
0
0
0
0
0
0
0
0
0
0
0
0
0
0
0
0
0
0
0
0
0
0
0
0
0
0
0
0
0
0
0
0
0
0
0
0
0
0
0
0
0
0
0
0
0
0
0
0
0
0
0
0
0
0
0
0
0
0
0
0
0
0
0
0
0
0
0
0
0
0
0
0
0
0
0
0
0
0
0
0
0
0
0
0
0
0
0
0
0
0
0
0
0
0
0
0
0
0
0
0
0
0
0
0
0
0
0
0
0
0
0
0
0
0
0
0
0
0
0
0
0
0
0
0
0
0
0
0
0
0
0
0
0
0
0
0
0
0
0
0
0
0
0
0
0
0
0
0
0
0
0
0
0
0
0
0
0
0
0
0
0
0
0
0
0
0
0
0
0
0
0
0
0
0
0
0
0
0
0
0
0
0
0
0
0
0
0
0
0
0
0
0
0
0
0
0
0
0
0
0
0
0
0
0
0
0
0
0
0
0
0
0
0
0
0
0
0
0
0
0
0
0
0
0
0
0
0
0
0
0
0
0
0
0
0
0
0
0
0
0
0
0
0
0
0
0
0
0
0
0
0
0
0
0
0
0
0
0
0
0
0
0
0
0
0
0
0
0
0
0
0
0
0
0
0
0
0
0
0
0
0
0
0
0
0
0
0
0
0
0
0
0
0
0
0
0
0
0
0
0
0
0
0
0
0
0
0
0
0
0
0
0
0
0
0
0
0
0
0
0
0
0
0
0
0
0
0
0
0
0
0
0
0
0
0
0
0
0
0
0
0
0
0
0
0
0
0
0
0
0
0
0
0
0
0
0
0
0
0
0
0
0
0
0
0
0
0
0
0
0
0
0
0
0
0
0
0
0
0
0
0
0
0
0
0
0
0
0
0
0
0
0
0
0
0
0
0
0
0
0
0
0
0
0
0
0
0
0
0
0
0
0
0
0
0
0
0
0
0
0
0
0
0
0
0
0
0
0
0
0
0
0
0
0
0
0
0
0
0
0
0
0
0
0
0
0
0
0
0
0
0
0
0
0
0
0
0
0
0
0
0
0
0
0
0
0
0
0
0
0
0
0
0
0
0
0
0
0
0
0
0
0
0
0
0
0
0
0
0
0
0
0
0
0
0
0
0
0
0
0
0
0
0
0
0
0
0
0
0
0
0
0
0
0
0
0
0
0
0
0
0
0
0
0
0
0
0
0
0
0
0
0
0
0
0
0
0
0
0
0
0
0
0
0
0
0
0
0
0
0
0
0
0
0
0
0
0
0
0
0
0
0
0
0
0
0
0
0
0
0
0
0
0
0
0
0
0
0
0
0
0
0
0
0
0
0
0
0
0
0
0
0
0
0
0
0
0
0
0
0
0
0
0
0
0
0
0
0
0
0
0
0
0
0
0
0
0
0
0
0
0
0
0
0
0
0
0
0
0
0
0
0
0
0
0
0
0
0
0
0
0
0
0
0
0
0
0
0
0
0
0
0
0
0
0
0
0
0
0
0
0
0
0
0
0
0
0
0
0
0
0
0
0
0
0
0
0
0
0
0
0
0
0
0
0
0
0
0
0
0
0
0
0
0
0
0
0
0
0
0
0
0
0
0
0
0
0
0
0
0
0
0
0
0
0
0
0
0
0
0
0
0
0
0
0
0
0
0
0
0
0
0
0
0
0
0
0
0
0
0
0
0
0
0
0
0
0
0
0
0
0
0
0
0
0
0
0
0
0
0
0
0
0
0
0
0
0
0
0
0
0
0
0
0
0
0
0
0
0
0
0
0
0
0
0
0
0
0
0
0
0
0
0
0
0
0
0
0
0
0
0
0
0
0
0
0
0
0
0
0
0
0
0
0
0
0
0
0
0
0
0
0
0
0
0
0
0
0
0
0
0
0
0
0
0
0
0
0
0
0
0
0
0
0
0
0
0
0
0
0
0
0
0
0
0
0
0
0
0
0
0
0
0
0
0
0
0
0
0
0
0
0
0
0
0
0
0
0
0
0
0
0
0
0
0
0
0
0
0
0
0
0
0
0
0
0
0
0
0
0
0
0
0
0
0
0
0
0
0
0
0
0
0
0
0
0
0
0
0
0
0
0
0
0
0
0
0
0
0
0
0
0
0
0
0
0
0
0
0
0
0
0
0
0
0
0
0
0
0
0
0
0
0
0
0
0
0
0
0
0
0
0
0
0
0
0
0
0
0
0
0
0
0
0
0
0
0
0
0
0
0
0
0
0
0
0
0
0
0
0
0
0
0
0
0
0
0
0
0
0
0
0
0
0
0
0
0
0
0
0
0
0
0
0
0
0
0
0
0
0
0
0
0
0
0
0
0
0
0
0
0
0
0
0
0
0
0
0
0
0
0
0
0
0
0
0
0
1
0
1
0
0
0
0
0
1
30
122
232
217
184
145
113
122
103
111
95
87
82
79
91
61
56
63
74
75
54
44
55
47
51
57
47
47
58
43
37
46
50
84
213
237
245
228
242
243
202
223
211
246
322
381
373
340
327
390
512
446
356
281
272
274
329
343
266
148
114
114
94
82
97
92
117
126
123
165
255
296
358
427
587
827
1178
1707
2276
2421
2100
1283
608
289
194
113
88
78
54
50
50
43
44
47
49
52
48
39
35
44
48
29
45
33
40
30
31
27
31
34
24
36
27
30
34
37
24
34
25
27
31
27
28
29
21
25
21
30
23
23
21
21
13
21
17
21
18
13
20
17
13
13
9
17
16
20
22
19
22
14
11
7
19
11
13
15
14
17
16
16
8
11
9
11
14
13
13
8
15
20
13
15
13
10
20
9
9
10
15
12
12
10
10
7
12
14
13
17
15
15
13
13
9
16
14
7
11
13
7
10
6
15
9
10
11
17
13
9
11
7
5
12
9
9
9
10
9
7
10
12
12
6
12
8
13
13
8
9
11
15
6
9
8
7
11
10
11
12
5
8
13
10
10
11
16
12
11
13
10
10
14
9
8
8
9
8
6
7
9
5
7
7
11
5
9
14
7
8
6
11
11
7
3
5
9
9
8
6
12
8
6
9
7
5
8
15
10
4
7
9
10
6
8
5
5
3
11
2
6
8
5
5
10
8
8
8
11
5
9
9
9
7
3
7
8
11
8
5
3
9
12
8
11
5
4
5
3
8
9
8
6
4
11
10
6
10
5
7
9
7
11
10
7
9
10
6
7
9
8
10
6
9
2
11
3
2
3
11
4
8
8
13
8
3
8
5
5
3
5
5
7
3
10
9
6
6
9
5
5
7
6
10
11
10
2
9
15
4
5
9
2
8
9
11
9
7
10
6
6
9
10
4
5
7
7
5
7
5
5
5
5
5
5
6
10
5
10
4
5
7
6
5
6
3
6
5
3
5
7
9
3
4
8
9
7
12
6
5
5
3
7
8
5
5
11
10
12
7
9
5
8
6
6
12
4
5
6
10
4
1
8
5
3
5
9
2
8
3
5
10
4
3
5
2
4
2
12
11
12
4
2
5
2
8
8
11
7
3
10
5
7
8
8
5
5
10
6
7
6
8
6
6
7
5
8
8
7
5
10
5
6
12
7
7
6
8
5
9
7
7
7
15
6
10
10
5
12
5
4
6
12
6
6
10
9
11
10
3
6
6
14
7
1
6
6
3
5
11
6
9
4
9
9
7
3
7
8
7
9
12
4
4
8
9
5
14
8
11
6
4
12
11
12
4
9
6
13
3
11
9
3
7
6
8
10
4
6
5
4
14
7
10
12
14
10
9
9
10
6
11
11
13
16
8
7
17
4
12
7
9
10
3
7
6
11
10
8
13
9
7
5
17
10
10
8
9
6
8
10
10
11
9
12
13
10
3
11
11
12
12
4
18
13
13
3
7
7
12
12
14
12
14
10
19
18
10
12
13
13
13
9
7
11
5
7
9
17
10
12
15
11
13
12
11
11
15
15
10
14
10
20
12
19
12
18
13
11
16
18
10
11
21
17
12
14
11
13
19
19
17
11
15
20
17
15
21
17
21
15
32
21
16
23
21
12
22
26
18
16
17
20
23
24
21
18
18
10
20
22
19
18
13
19
21
19
18
19
29
19
22
23
17
14
26
22
19
17
15
32
21
12
22
14
15
21
19
24
20
23
19
24
22
24
22
23
24
16
9
32
23
16
25
20
27
18
18
16
14
27
13
21
22
23
14
16
25
22
28
19
27
23
23
26
18
27
20
20
20
28
12
22
24
21
24
23
18
18
15
28
18
19
17
23
23
25
23
19
25
28
19
23
19
21
13
17
21
19
23
24
20
20
18
22
21
19
19
20
28
22
14
14
18
22
26
22
17
20
20
18
29
25
18
28
18
24
21
24
24
22
17
16
25
16
22
18
23
23
17
19
19
16
20
20
16
14
16
11
10
13
13
16
15
16
15
16
15
14
17
22
19
20
19
14
13
19
19
19
16
14
16
15
20
12
13
28
14
17
15
9
18
18
12
13
17
11
12
21
5
10
24
14
15
13
16
14
11
14
11
11
17
7
14
17
18
7
9
15
8
16
8
7
12
11
13
10
10
15
12
12
10
10
13
14
13
13
10
6
12
9
14
10
14
15
12
8
7
11
16
11
6
5
15
11
9
9
14
11
12
18
7
9
13
8
11
11
10
14
9
11
10
13
13
12
11
12
11
2
9
12
8
5
13
5
9
13
7
13
10
9
10
5
11
11
10
5
7
9
14
6
10
5
13
11
7
9
8
10
14
4
7
11
8
7
7
14
4
9
11
11
16
12
12
8
8
14
6
6
7
10
7
8
10
5
11
11
10
9
5
13
10
6
11
5
6
8
8
8
9
8
11
8
4
10
5
11
8
12
12
6
13
5
11
4
7
14
7
14
11
14
7
12
14
8
9
7
14
4
12
6
10
6
13
8
12
11
13
7
4
4
9
6
10
10
7
13
7
8
7
15
11
13
10
9
11
14
10
3
7
13
12
15
8
15
21
13
12
11
13
11
11
12
10
9
11
13
7
9
15
20
8
12
12
9
15
9
15
15
20
14
15
16
17
8
16
11
14
6
13
16
8
12
9
13
11
9
13
14
11
16
10
11
15
6
6
11
15
13
16
10
6
13
18
14
19
6
16
15
21
21
15
17
15
14
15
16
15
12
13
18
11
17
10
25
14
10
21
13
6
12
13
19
18
12
22
17
15
22
13
19
18
20
22
21
15
23
8
21
12
19
16
23
17
16
15
14
14
13
22
21
18
17
16
15
21
18
24
25
7
12
15
27
23
24
29
21
17
23
13
12
11
24
11
34
14
16
21
12
19
25
14
15
17
26
19
15
20
15
18
20
16
11
16
16
24
20
26
23
25
22
20
20
17
20
33
27
19
25
18
25
25
15
19
18
25
22
24
20
29
25
35
23
26
18
17
31
24
22
28
20
23
29
31
30
24
36
25
21
24
26
24
31
26
20
29
20
25
29
27
33
26
28
42
20
26
40
32
35
41
38
42
25
34
36
40
42
33
36
37
22
30
36
43
38
34
26
38
39
37
45
34
43
47
38
36
41
33
38
48
43
46
50
44
38
28
45
50
44
48
36
42
42
35
45
46
37
45
51
49
51
56
50
43
45
50
36
55
52
40
45
49
63
59
47
57
35
53
52
50
45
50
46
50
46
47
53
54
41
49
47
48
45
63
52
64
51
67
44
52
60
76
51
60
54
56
55
67
62
58
54
60
40
54
46
69
61
71
67
82
72
57
63
56
60
62
57
78
55
64
78
63
73
57
58
59
73
62
82
60
54
54
57
65
68
61
85
57
68
53
64
66
72
65
71
60
51
68
72
75
65
59
61
60
82
73
69
80
61
56
74
78
73
74
76
67
77
76
68
64
69
86
64
82
85
74
63
77
58
61
78
84
77
71
70
72
62
64
76
82
67
72
91
79
88
75
72
63
61
80
100
70
71
65
78
76
66
82
72
78
65
87
63
71
71
81
93
85
72
80
71
96
71
59
84
84
101
91
84
68
68
79
83
87
100
59
81
68
78
65
92
88
70
74
77
72
75
85
83
81
90
80
89
101
75
96
92
80
93
76
108
94
90
98
105
105
90
85
89
94
108
109
102
77
96
90
90
81
81
96
86
93
101
105
108
104
97
119
104
92
100
95
98
97
84
121
102
103
113
102
92
99
86
90
104
85
104
107
92
96
98
101
102
107
87
113
93
112
111
106
87
96
106
96
85
86
106
86
99
91
89
73
88
77
97
97
96
113
99
83
97
109
111
95
90
93
100
86
86
104
96
95
90
86
70
103
100
99
83
104
83
89
85
80
87
82
90
84
84
84
91
84
105
89
76
78
84
87
90
82
99
95
81
73
79
72
81
78
66
82
73
74
86
66
69
77
91
62
90
67
81
69
70
60
84
66
65
74
77
69
78
62
70
66
53
71
73
58
76
67
57
56
57
55
58
77
78
69
67
74
54
56
53
55
63
59
58
64
62
60
65
53
64
58
47
56
60
55
64
48
46
66
52
49
45
56
63
53
55
57
46
43
53
50
39
46
51
48
42
46
56
56
58
44
49
52
45
49
46
43
43
41
44
36
43
35
47
47
47
51
47
35
38
41
50
48
35
48
54
39
33
55
41
53
55
46
47
44
43
44
39
34
45
34
34
48
40
28
45
38
32
37
46
32
58
42
41
45
44
39
43
31
42
29
44
45
39
31
26
42
35
41
46
27
37
32
36
44
41
49
22
36
49
36
30
45
38
32
30
48
50
28
43
44
38
29
40
38
36
25
40
38
33
40
46
32
39
41
38
20
31
25
33
42
40
26
33
40
39
34
37
43
32
39
30
35
34
28
36
31
25
31
26
46
30
47
39
28
28
34
35
37
37
32
39
32
32
31
37
38
34
35
29
23
24
40
29
34
30
23
39
32
29
38
41
35
38
38
35
40
42
39
35
38
38
43
46
32
35
41
42
25
37
34
40
34
34
41
35
41
47
38
36
43
38
41
48
42
49
57
50
37
31
50
43
34
46
46
55
48
46
40
49
59
47
53
45
42
51
51
40
40
55
33
43
40
50
53
49
54
50
45
49
44
59
56
46
48
61
72
59
52
55
43
45
55
50
55
75
64
57
48
59
48
59
48
68
47
47
52
56
64
62
65
64
55
67
76
70
70
71
68
59
75
95
61
56
62
66
57
78
78
68
71
70
74
75
70
71
67
70
77
63
70
75
80
67
51
79
76
64
82
78
78
82
82
79
74
78
88
75
77
69
72
83
79
94
62
99
84
94
91
74
97
69
86
98
84
84
82
70
90
74
100
86
78
97
93
80
87
91
92
83
98
82
105
98
90
87
75
83
99
105
84
85
91
105
94
94
92
103
118
104
94
95
87
114
107
83
86
88
105
96
102
100
95
113
112
87
82
99
93
92
114
96
91
98
111
91
106
101
93
115
68
93
119
104
109
110
121
99
117
86
103
98
104
117
102
109
99
99
108
107
101
115
105
97
109
97
105
89
107
123
107
88
120
95
125
110
104
90
89
98
109
88
80
83
105
116
95
105
109
90
96
111
99
95
95
100
90
94
96
111
99
92
93
98
91
113
86
88
110
84
86
91
84
81
79
74
96
88
85
84
67
70
84
83
86
64
74
71
74
76
66
80
90
81
70
73
70
70
83
74
66
70
74
75
65
66
57
75
67
66
80
54
58
71
78
72
53
58
66
73
47
53
57
48
66
55
47
55
60
52
45
57
65
53
64
44
62
39
40
38
47
43
44
44
48
54
51
43
37
43
34
49
43
39
51
58
43
51
44
46
31
45
51
44
44
38
42
44
34
34
38
35
41
32
48
34
32
51
41
47
43
35
41
35
36
36
34
37
33
33
27
41
37
36
38
23
22
33
35
25
33
36
31
28
33
34
31
30
32
40
34
27
27
47
28
34
39
40
23
36
27
42
35
36
33
29
28
30
34
31
20
32
23
32
32
28
34
27
19
25
22
29
19
43
30
30
28
28
31
31
19
30
18
29
38
22
21
25
32
22
17
29
24
34
28
21
28
23
29
24
22
30
26
16
17
27
13
20
20
24
25
17
14
28
25
24
20
24
27
28
16
21
29
26
20
27
20
28
21
33
28
17
21
29
20
22
19
23
28
18
33
25
26
26
20
13
21
30
21
21
25
29
21
30
33
24
24
10
26
24
20
23
22
20
27
22
23
27
19
29
25
16
19
17
24
22
20
21
25
21
21
14
16
26
23
23
21
13
26
25
16
20
21
22
16
22
19
23
13
21
22
13
24
21
16
15
18
21
25
15
13
20
16
15
17
16
19
17
23
16
13
19
13
24
15
24
18
14
15
24
19
25
15
19
13
15
13
14
13
22
16
18
17
12
16
18
16
18
10
15
14
13
22
16
16
19
14
7
14
20
12
13
11
10
11
9
18
17
18
17
16
15
19
22
13
13
13
16
14
18
10
12
14
10
16
11
9
15
14
13
13
12
14
13
11
10
9
16
17
14
12
12
13
12
15
20
11
10
12
16
7
7
19
11
16
13
14
10
12
13
7
14
9
10
9
10
12
12
12
15
7
5
9
11
11
14
9
11
10
8
20
5
6
13
10
13
8
7
13
7
8
12
10
12
13
9
5
10
9
9
10
10
6
5
7
12
4
8
12
9
5
10
7
7
9
10
7
11
8
7
12
3
5
9
4
9
8
8
10
8
9
6
7
6
4
5
6
5
16
10
7
6
12
6
5
7
9
9
10
10
5
5
6
6
3
5
8
4
12
3
9
5
4
4
7
4
14
6
5
4
12
6
5
3
6
5
4
6
5
5
7
8
3
7
7
6
6
5
6
4
7
9
7
4
6
4
6
6
4
5
8
5
3
5
8
3
5
9
2
6
2
4
6
4
5
1
6
5
7
8
4
3
5
9
5
6
2
4
4
7
4
1
1
5
5
3
5
3
4
9
7
5
4
5
7
3
0
2
1
5
4
4
4
5
8
8
3
7
2
10
4
4
3
7
5
3
3
3
3
2
4
4
7
3
1
2
0
10
4
2
5
4
2
2
2
4
3
3
3
2
3
4
5
5
3
3
2
3
3
4
10
2
7
3
4
3
7
8
4
1
6
4
4
4
3
3
4
3
3
0
8
5
7
6
3
0
6
3
1
2
4
0
3
2
3
5
5
4
5
3
6
3
5
3
6
3
2
5
7
4
5
2
3
4
4
1
3
3
4
2
4
9
5
1
1
9
4
3
5
5
4
4
4
9
1
3
3
7
3
4
5
4
4
3
6
4
5
3
9
3
1
5
3
4
5
3
2
5
3
2
3
5
5
6
2
6
4
7
1
6
5
4
3
5
5
4
1
7
9
5
3
3
4
4
6
5
2
4
5
4
5
3
2
6
6
3
6
4
5
4
3
6
6
6
5
4
3
4
4
2
4
2
3
1
5
3
4
3
1
2
8
4
4
4
2
9
9
6
4
7
5
6
6
2
4
2
1
5
3
2
5
6
12
7
6
6
6
4
6
7
6
4
6
4
6
7
5
7
4
3
6
0
5
3
9
7
5
9
8
9
3
6
3
4
7
6
6
9
2
4
6
4
9
5
2
2
6
3
4
2
6
3
5
3
4
7
6
5
8
4
3
3
7
3
2
6
2
6
8
5
6
3
3
6
6
5
3
1
5
3
1
4
4
3
4
4
2
4
6
5
3
9
3
3
6
7
4
5
4
5
7
3
7
7
3
4
5
7
2
5
7
4
2
3
4
3
3
8
5
4
4
4
6
3
2
2
4
3
8
5
7
4
2
4
6
2
4
6
3
6
1
8
6
3
4
4
2
4
5
5
2
3
2
5
4
4
2
3
4
6
2
7
7
0
5
5
2
2
7
2
0
4
4
2
6
6
5
4
3
4
5
6
3
4
3
2
2
4
0
4
3
4
2
3
4
2
3
5
1
4
5
3
6
5
1
5
4
3
4
3
4
6
1
1
6
1
4
6
6
2
1
3
7
4
7
1
6
3
4
4
2
3
2
3
2
1
3
3
2
7
8
6
2
5
1
4
2
1
1
5
2
5
2
1
4
5
2
2
3
1
4
2
2
2
1
3
2
5
4
3
3
2
3
4
6
10
2
2
4
3
5
5
4
5
5
0
1
3
3
5
1
1
2
3
6
1
2
3
1
2
1
1
2
2
4
2
4
1
7
3
4
2
5
4
2
6
5
6
2
3
1
3
2
3
3
5
1
6
3
3
7
4
5
2
3
2
1
7
4
3
4
1
5
0
6
2
3
8
3
3
6
0
3
4
2
2
5
2
3
4
2
1
2
2
5
2
4
4
4
2
2
7
2
2
2
2
4
7
2
1
3
5
2
3
1
2
1
2
3
3
3
2
1
4
2
4
4
4
2
8
3
2
5
2
5
6
2
4
4
3
2
3
4
4
3
5
3
1
3
5
6
5
2
3
4
7
2
3
3
2
5
2
2
5
4
4
5
3
3
3
1
7
4
1
3
3
3
2
2
0
2
1
3
4
2
3
10
4
2
4
3
3
4
3
5
5
1
4
4
4
6
2
5
3
5
3
2
4
4
3
7
5
3
3
4
1
4
2
3
3
2
6
1
1
2
4
7
1
2
4
5
6
3
2
7
8
4
4
7
2
5
6
2
3
6
3
4
3
3
7
10
3
4
2
3
4
6
2
4
2
3
3
4
4
3
6
4
2
2
2
3
2
4
3
2
2
4
4
4
1
5
4
3
5
4
3
1
3
0
2
2
6
2
1
2
2
4
2
1
3
4
6
1
2
3
3
5
3
4
2
3
5
3
4
2
0
1
5
3
2
2
1
5
4
2
5
5
4
2
3
3
3
3
4
4
4
4
1
0
9
3
1
1
3
6
5
8
3
1
5
3
9
3
5
6
6
3
2
4
1
3
5
5
3
2
2
7
0
3
5
3
3
4
2
5
5
1
3
5
5
3
2
3
4
3
4
5
2
6
1
2
5
5
4
2
0
4
5
5
4
2
2
4
2
2
2
4
6
4
2
4
2
2
1
5
0
1
3
1
2
2
2
3
3
1
2
2
1
3
8
2
5
0
0
5
4
5
2
4
0
3
1
1
4
2
3
2
2
1
2
2
2
0
2
4
3
2
2
3
4
4
3
3
0
3
3
3
1
3
5
1
2
3
4
4
4
4
4
2
7
4
0
6
5
2
5
3
1
0
1
2
2
5
6
1
3
5
2
6
2
2
1
3
2
5
2
4
5
1
2
1
1
5
4
5
0
2
2
2
3
1
2
1
4
3
2
3
2
2
2
4
3
1
3
4
7
3
1
7
4
1
2
2
7
6
3
1
3
1
3
4
5
2
4
2
0
2
2
1
5
7
3
4
4
2
4
3
2
1
0
3
3
3
2
9
2
1
4
3
2
2
3
3
3
4
2
1
2
2
2
2
0
1
2
4
1
1
4
4
4
3
0
3
3
4
2
4
3
5
2
1
2
4
4
2
2
3
2
2
2
4
2
2
1
1
3
0
2
2
1
4
3
4
6
5
1
5
0
1
0
3
4
2
5
2
7
4
2
3
0
4
1
5
0
5
1
2
5
0
5
3
3
1
1
3
4
4
6
7
2
3
1
6
0
1
1
1
2
5
4
2
2
1
1
1
2
3
3
0
3
5
1
3
1
2
1
1
3
2
7
2
1
6
5
1
2
1
2
5
5
3
3
2
2
2
3
2
3
4
3
2
2
1
2
2
1
2
1
3
2
2
3
1
1
3
1
2
1
2
2
1
1
2
3
3
2
1
3
0
0
3
3
1
0
4
1
1
9
3
4
1
0
3
0
3
1
1
0
2
2
0
3
3
3
2
4
2
4
2
0
2
5
5
3
5
4
2
1
1
4
2
0
1
2
2
0
2
3
3
2
3
4
1
3
2
0
3
1
0
3
4
1
1
2
3
3
7
3
1
4
1
3
2
3
3
3
1
4
4
5
4
0
1
2
2
4
4
2
3
2
4
2
3
1
4
5
2
2
2
3
2
2
1
2
1
2
1
3
3
2
3
2
2
2
0
1
2
1
7
1
3
8
1
2
1
1
3
5
2
3
1
1
4
2
1
1
2
1
1
1
1
3
4
5
4
0
3
4
1
3
3
3
3
5
3
4
2
1
2
7
1
1
2
1
3
3
5
0
1
3
2
3
1
3
2
2
4
3
2
2
1
2
0
1
2
4
2
5
2
5
3
2
1
0
3
4
5
2
1
1
5
2
4
6
4
3
3
1
2
2
4
6
1
3
2
1
3
0
3
3
0
2
3
5
5
2
3
1
4
1
0
3
4
4
2
0
2
3
2
1
3
2
6
1
1
1
2
4
4
1
1
1
7
1
1
2
2
1
6
5
1
0
3
4
3
6
1
2
3
1
1
2
4
0
3
4
1
6
1
2
2
5
1
1
4
3
3
2
0
4
1
0
4
5
2
4
2
2
4
3
2
5
2
2
1
3
6
6
4
3
1
2
3
3
3
5
5
2
2
2
4
2
0
0
1
3
2
0
0
2
1
4
4
2
1
0
1
2
2
4
3
2
3
1
2
2
3
4
1
1
2
0
3
7
2
0
3
1
1
1
3
3
4
6
4
4
4
3
3
1
0
5
3
1
2
3
4
3
5
3
3
0
2
3
4
5
2
6
4
2
2
3
2
2
3
2
1
3
1
4
3
1
2
3
0
2
7
2
2
2
5
6
4
2
4
2
7
2
3
5
3
4
3
1
0
1
3
5
4
2
1
1
2
4
0
3
3
6
3
2
3
5
2
4
2
3
2
4
2
5
2
4
6
7
4
2
0
6
1
3
1
1
3
4
0
2
4
5
3
2
4
6
6
3
3
4
1
1
2
3
3
4
0
2
0
1
4
1
5
1
3
4
1
2
4
2
3
3
2
5
3
6
2
7
4
2
3
5
2
2
3
2
0
0
6
3
4
3
6
2
2
2
3
5
5
5
6
3
3
3
4
2
2
6
3
5
1
4
4
2
1
5
1
3
2
3
3
1
4
1
4
6
5
1
0
4
2
6
2
3
1
1
4
2
1
2
3
4
3
3
5
3
2
3
6
0
2
2
1
2
3
4
2
2
4
2
7
2
2
1
3
1
3
2
3
1
3
0
0
1
6
2
3
2
3
3
7
3
3
6
2
4
2
3
1
1
1
5
1
1
3
5
4
4
1
2
2
3
3
0
4
3
8
2
4
3
5
3
6
1
4
0
3
1
2
1
2
3
3
1
3
2
5
0
3
1
2
1
3
1
1
2
0
1
3
5
2
5
1
1
2
0
5
4
6
2
1
4
5
3
2
3
3
1
3
1
0
5
4
3
4
0
5
4
3
3
3
2
3
1
3
5
3
6
3
2
1
4
3
1
1
2
6
1
2
3
1
3
3
3
3
7
4
1
2
2
2
2
4
2
0
0
1
0
1
0
2
1
4
1
5
1
2
2
1
4
3
2
3
3
1
1
5
3
2
0
2
6
2
2
3
1
0
1
1
0
1
3
2
2
3
1
3
2
4
0
3
4
2
4
3
4
0
4
2
5
3
1
3
0
2
3
4
0
3
5
3
4
0
4
0
5
5
0
3
2
4
3
2
2
2
6
1
0
2
4
7
2
2
3
0
2
2
0
3
1
2
3
6
0
1
3
3
1
2
1
5
2
2
3
2
4
2
2
1
3
3
6
3
5
0
3
2
2
1
5
5
1
3
2
2
1
1
3
2
3
2
3
0
2
2
2
4
6
1
2
4
2
4
7
2
1
2
0
3
3
2
4
1
3
0
2
2
1
1
4
3
2
2
1
5
0
1
2
2
1
5
3
4
4
2
4
2
1
0
2
1
2
6
3
0
2
2
3
5
0
0
2
3
4
2
0
2
2
2
2
1
3
2
2
3
1
2
1
1
1
2
3
1
4
0
3
4
4
2
3
2
3
3
2
3
3
3
2
0
5
3
2
4
1
0
3
0
2
1
1
4
0
5
3
3
1
1
1
2
1
2
4
1
4
2
1
1
3
1
2
2
1
2
3
1
1
0
1
1
1
2
1
2
4
1
1
2
1
1
2
4
3
1
3
2
4
4
3
1
2
2
1
0
0
3
1
5
3
3
2
3
1
6
5
3
0
2
4
3
2
2
4
1
2
6
1
3
2
0
2
0
1
1
3
1
2
4
2
1
4
1
3
2
1
0
4
3
1
3
1
1
4
4
3
0
2
1
3
1
3
1
1
1
4
3
0
1
3
2
4
4
3
1
2
1
6
2
2
2
1
4
0
1
2
4
2
5
1
0
2
2
1
2
2
3
1
2
6
3
1
7
3
3
1
0
1
3
3
2
3
5
2
0
1
3
2
1
2
1
4
4
4
3
4
2
1
1
2
1
3
1
2
2
2
0
4
4
1
3
1
2
2
1
1
5
1
2
6
3
2
1
5
2
4
2
3
0
1
3
2
4
3
1
0
2
3
3
2
3
2
2
2
5
2
0
5
1
1
1
3
4
2
1
2
3
1
5
2
1
1
2
5
2
2
2
3
1
2
4
4
1
4
3
5
4
0
0
0
0
0
1
6
4
1
4
3
3
2
2
2
1
2
2
1
3
2
3
0
3
0
2
2
2
2
0
1
2
3
4
3
2
2
4
1
5
2
0
5
1
3
4
0
1
0
2
1
3
4
4
2
0
1
1
0
1
0
1
2
3
0
4
2
3
1
4
2
0
3
4
0
2
3
0
0
2
5
3
2
3
1
2
4
0
4
0
0
2
1
2
1
2
5
4
2
0
1
0
0
0
2
2
2
1
0
1
1
0
0
0
1
1
2
1
3
1
3
2
1
2
2
0
0
1
0
0
5
2
5
3
1
3
0
2
2
5
5
1
4
0
1
1
1
4
3
2
1
3
1
2
0
1
2
3
4
0
3
0
2
2
0
1
2
3
0
0
0
1
1
1
2
2
2
2
3
1
1
1
0
3
2
2
1
1
2
5
0
1
1
2
0
4
2
0
0
0
0
1
0
3
3
1
2
1
2
1
2
5
2
3
1
5
4
1
3
1
3
1
2
1
0
0
2
0
1
2
1
1
2
0
5
4
0
0
4
1
1
3
1
0
3
1
5
0
0
5
1
2
2
1
0
1
2
2
1
0
1
0
2
2
2
1
2
1
1
2
3
2
2
2
0
2
1
3
1
4
2
1
3
1
1
1
1
1
3
2
3
4
3
1
1
1
0
1
0
2
1
2
2
0
1
1
1
3
2
3
0
2
2
1
2
0
0
1
4
2
3
1
1
1
1
0
3
3
2
1
2
1
0
0
1
5
2
1
2
2
2
1
2
0
2
2
0
0
2
1
1
0
2
4
1
2
0
1
1
2
1
2
1
0
2
2
1
0
3
0
1
2
1
1
2
0
3
1
1
2
1
1
2
1
0
0
2
4
0
0
2
4
2
1
1
2
0
1
1
2
1
1
1
1
2
2
3
5
2
0
1
1
2
2
3
1
0
1
2
0
0
5
0
3
1
1
2
2
1
1
2
1
1
0
2
2
1
0
1
1
1
0
0
2
1
2
2
1
2
3
1
0
1
2
1
2
0
0
0
4
1
2
4
1
0
1
2
0
1
1
2
0
0
3
0
4
1
0
2
1
2
0
1
2
1
2
1
0
2
1
1
2
4
3
0
1
4
1
2
2
0
1
1
0
0
0
1
5
1
3
0
1
1
1
0
1
0
1
1
7
1
2
3
0
1
4
1
2
1
2
1
0
2
3
0
0
1
4
2
2
0
1
3
3
4
4
3
1
1
1
3
1
2
0
2
4
1
1
2
1
4
0
1
1
0
1
1
2
1
1
3
0
3
2
0
0
2
4
0
2
3
2
2
1
1
2
1
0
1
2
2
2
1
2
2
1
0
0
2
1
2
1
3
3
1
1
1
0
2
1
3
0
0
3
3
1
1
2
3
5
1
1
0
1
3
1
1
5
0
1
1
1
0
0
1
1
1
2
0
1
1
0
2
2
2
2
0
1
2
4
4
1
3
1
0
3
1
4
1
4
1
1
1
3
3
3
1
3
5
2
0
2
1
1
1
1
3
1
0
1
3
2
2
4
2
1
4
2
0
2
1
2
0
0
2
2
1
1
2
1
0
0
1
1
3
1
1
2
1
3
1
1
2
1
1
1
0
3
2
1
7
2
1
0
0
3
2
3
1
1
1
2
0
2
4
1
1
5
1
4
0
2
6
1
2
5
1
0
2
2
3
2
2
1
0
0
3
0
2
1
3
1
2
3
1
2
3
2
0
2
0
4
3
2
1
2
5
0
1
3
1
0
2
3
0
0
1
2
2
3
2
3
0
0
3
1
2
2
1
3
1
2
3
1
1
0
1
4
2
2
2
0
0
2
0
1
4
2
1
3
2
2
4
2
2
4
2
1
1
2
0
4
2
1
0
2
2
0
0
3
0
1
4
0
1
3
0
2
2
2
1
3
5
3
2
0
2
1
6
1
1
1
1
2
1
1
1
2
2
0
2
3
2
0
5
2
2
1
3
1
1
3
1
0
2
2
2
1
0
6
2
1
6
2
5
2
3
2
4
5
2
4
4
1
0
1
3
2
2
1
2
1
2
3
2
1
2
2
2
0
3
1
1
2
2
2
4
2
2
2
2
6
1
2
0
2
1
2
3
3
1
3
2
1
2
0
2
0
2
3
2
0
1
1
2
3
2
3
0
3
4
1
0
1
4
4
0
4
1
1
3
4
1
2
0
1
1
4
2
1
2
3
1
2
2
1
2
2
1
1
3
1
1
2
5
7
1
3
1
3
2
2
2
2
1
0
1
3
3
1
3
3
0
4
6
1
0
2
4
2
0
