6
8
9
11
10
7
15
12
12
19
9
11
16
19
13
25
15
20
17
7
3
2
0
0
0
0
0
0
0
0
0
0
0
0
0
0
0
0
0
0
0
0
0
0
0
0
0
0
0
0
0
0
0
0
0
0
0
0
0
0
0
0
0
0
0
0
0
0
0
0
0
0
0
0
0
0
0
0
0
0
0
0
0
0
0
1
0
0
0
0
0
0
0
0
0
0
0
0
0
0
0
0
0
0
0
0
0
0
0
0
0
0
0
0
0
0
0
0
0
0
0
0
0
0
0
0
0
0
0
0
0
0
0
0
0
0
0
0
0
0
0
1
0
0
0
0
0
0
0
0
0
0
0
0
0
1
1
0
0
0
1
0
0
0
0
0
0
0
0
0
0
0
0
0
0
0
0
0
0
0
0
0
0
0
0
0
0
0
0
0
0
0
0
0
0
0
0
0
0
0
0
0
0
0
0
0
0
0
0
0
0
0
0
0
0
0
0
0
0
0
0
0
0
0
0
0
0
0
0
0
0
0
0
0
0
0
0
0
0
0
0
0
0
0
0
0
0
0
0
0
0
0
0
0
0
0
0
0
0
0
0
0
0
0
0
0
0
0
0
0
0
0
0
0
0
0
0
0
0
0
0
0
0
0
0
0
0
0
0
0
0
0
0
0
0
0
0
0
0
0
0
0
0
0
0
0
0
0
0
0
0
0
0
0
0
0
0
0
0
0
0
0
0
0
0
0
0
0
0
0
0
0
0
0
0
0
0
0
0
0
0
0
0
0
0
0
0
0
0
0
0
0
0
0
0
0
0
0
0
0
0
0
0
0
0
0
0
0
0
0
0
0
0
0
0
0
0
0
0
0
0
0
0
0
0
0
0
0
0
0
0
0
0
0
0
0
0
0
0
0
0
0
0
0
0
0
0
0
0
0
0
0
0
0
0
0
0
0
0
0
0
0
0
0
0
0
0
0
0
0
0
0
0
0
0
0
0
0
0
0
0
0
0
0
0
0
0
0
0
0
0
0
0
0
0
0
0
0
0
0
0
0
0
0
0
0
0
0
0
0
0
0
0
0
0
0
0
0
0
0
0
0
0
0
0
0
0
0
0
0
0
0
0
0
0
0
0
0
0
0
0
0
0
0
0
0
0
0
0
0
0
0
0
0
0
0
0
0
0
0
0
0
0
0
0
0
0
0
0
0
0
0
0
0
0
0
0
0
0
0
0
0
0
0
0
0
0
0
0
0
0
0
0
0
0
0
0
0
0
0
0
0
0
0
0
0
0
0
0
0
0
0
0
0
0
0
0
0
0
0
0
0
0
0
0
0
0
0
0
0
0
0
0
0
0
0
0
0
0
0
0
0
0
0
0
0
0
0
0
0
0
0
0
0
0
0
0
0
0
0
0
0
0
0
0
0
0
0
0
0
0
0
0
0
0
0
0
0
0
0
0
0
0
0
0
0
0
0
0
0
0
0
0
0
0
0
0
0
0
0
0
0
0
0
0
0
0
0
0
0
0
0
0
0
0
0
0
0
0
0
0
0
0
0
0
0
0
0
0
0
0
0
0
0
0
0
0
0
0
0
0
0
0
0
0
0
0
0
0
0
0
0
0
0
0
0
0
0
0
0
0
0
0
0
0
0
0
0
0
0
0
0
0
0
0
0
0
0
0
0
0
0
0
0
0
0
0
0
0
0
0
0
0
0
0
0
0
0
0
0
0
0
0
0
0
0
0
0
0
0
0
0
0
0
0
0
0
0
0
0
0
0
0
0
0
0
0
0
0
0
0
0
0
0
0
0
0
0
0
0
0
0
0
0
0
0
0
0
0
0
0
0
0
0
0
0
0
0
0
0
0
0
0
0
0
0
0
0
0
0
0
0
0
0
0
0
0
0
0
0
0
0
0
0
0
0
0
0
0
0
0
0
0
0
0
0
0
0
0
0
0
0
0
0
0
0
0
0
0
0
0
0
0
0
0
0
0
0
0
0
0
0
0
0
0
0
0
0
0
0
0
0
0
0
0
0
0
0
0
0
0
0
0
0
0
0
0
0
0
0
0
0
0
0
0
0
0
0
0
0
0
0
0
0
0
0
0
0
0
0
0
0
0
0
0
0
0
0
0
0
0
0
0
0
0
0
0
0
0
0
0
0
0
0
0
0
0
0
0
0
0
0
0
0
0
0
0
0
0
0
0
0
0
0
0
0
0
0
0
0
0
0
0
0
0
0
0
0
0
0
0
0
0
0
0
0
0
0
0
0
0
0
0
0
0
0
0
0
0
0
0
0
0
0
0
0
0
0
0
0
0
0
0
0
0
0
0
0
0
0
0
0
0
0
0
0
0
0
0
0
0
0
0
0
0
0
0
0
0
0
0
0
0
0
0
0
0
0
0
0
0
0
0
0
0
0
0
0
0
0
0
0
0
0
0
0
0
0
0
0
0
0
0
0
0
0
0
0
0
0
0
0
0
0
0
0
0
0
0
0
0
0
0
0
0
0
0
0
0
0
0
0
0
0
0
0
0
0
0
0
0
0
0
0
0
0
0
0
0
0
0
0
0
0
0
0
0
0
0
0
0
0
0
0
0
0
0
0
0
0
0
0
0
0
0
0
0
0
0
0
0
0
0
0
0
0
0
0
0
0
0
0
0
0
0
0
0
0
0
0
0
0
0
0
0
0
0
0
0
0
0
0
0
0
0
0
0
0
0
0
0
0
0
0
0
0
0
0
0
0
0
0
0
0
0
0
0
0
0
0
0
0
0
0
0
0
0
0
0
0
0
0
0
0
0
0
0
0
0
0
0
0
0
0
0
0
0
0
0
0
0
0
0
0
0
0
0
0
0
0
0
0
0
0
0
0
0
0
0
0
0
0
0
0
0
0
0
0
0
0
0
0
0
0
0
0
0
0
0
0
0
0
0
0
0
0
0
0
0
0
0
0
0
0
0
0
0
0
0
0
0
0
0
0
0
0
0
0
0
0
0
0
0
0
0
0
0
0
0
0
0
0
0
0
0
0
0
0
0
0
0
0
0
0
0
0
0
0
0
0
0
0
0
0
0
0
0
0
0
0
0
0
0
0
0
0
0
0
0
0
0
0
0
0
0
0
0
0
0
0
0
0
0
0
0
0
0
0
0
0
0
0
0
0
0
0
0
0
0
0
0
0
0
0
0
0
0
0
0
0
0
0
0
0
0
0
0
0
0
0
0
0
0
0
0
0
0
0
0
0
0
0
0
0
0
0
0
0
0
0
0
0
0
0
0
0
0
0
0
0
0
0
0
0
0
0
0
0
0
0
0
0
0
0
0
0
0
0
0
0
0
0
0
0
0
0
0
0
0
0
0
0
0
0
0
0
0
0
0
0
0
0
0
0
0
0
0
0
0
0
0
0
0
0
0
0
0
0
0
0
0
0
0
0
0
0
0
0
0
0
0
0
0
0
0
0
0
0
0
0
0
0
0
0
0
0
0
0
0
0
0
0
0
0
0
0
0
0
0
0
0
0
0
0
0
0
0
0
0
0
0
0
0
0
0
0
0
0
0
0
0
0
0
0
0
0
0
0
0
0
0
0
0
0
0
0
0
0
0
0
0
0
0
0
0
0
0
0
0
0
0
0
0
0
0
0
0
0
0
0
0
0
0
0
0
0
0
0
0
0
0
0
0
0
0
0
0
0
0
0
0
0
0
0
0
0
0
0
0
0
0
0
0
0
0
0
0
0
0
0
0
0
0
1
0
0
0
0
1
0
2
24
85
88
79
64
41
50
42
27
49
29
26
36
33
31
28
36
16
30
24
16
20
17
22
21
15
22
9
25
20
23
13
21
44
86
97
89
79
94
84
83
81
68
117
152
132
136
143
152
166
181
136
98
87
102
95
127
149
94
50
39
33
37
36
36
35
45
53
57
83
128
166
145
176
211
300
458
634
840
859
629
321
140
71
43
37
20
18
17
15
14
14
16
18
19
23
15
19
18
15
18
14
25
12
16
8
18
7
8
13
10
7
7
10
7
10
14
10
7
12
12
11
14
6
4
7
9
8
7
7
11
5
5
4
6
8
5
8
8
6
9
5
5
4
5
10
9
7
6
5
7
3
1
4
4
2
4
4
8
10
4
7
6
4
7
4
7
1
2
3
5
4
2
9
9
3
3
6
5
5
4
3
3
5
4
8
4
4
5
6
6
3
2
3
5
3
5
5
2
3
5
5
10
10
6
4
6
3
6
3
2
2
5
2
5
6
3
4
2
4
4
4
5
6
3
4
3
2
5
3
3
2
2
5
2
2
1
6
4
2
0
4
4
2
5
3
5
7
5
5
8
4
3
6
3
4
4
7
3
1
2
3
5
5
0
5
5
4
5
1
2
4
4
2
4
4
4
1
3
2
3
1
2
1
2
2
7
6
2
0
3
8
4
3
5
6
1
4
6
3
4
2
2
5
5
4
3
2
5
4
3
3
4
4
1
2
3
6
2
4
2
2
4
7
2
4
3
7
4
4
1
4
4
4
6
0
8
3
5
2
6
5
0
5
4
4
3
5
4
4
1
3
7
4
4
3
4
4
3
6
1
2
3
3
4
2
4
2
2
6
2
3
3
2
0
4
5
5
5
6
4
3
3
6
1
3
3
4
3
4
2
6
2
6
4
2
3
3
6
4
8
3
1
3
1
6
6
2
5
4
3
7
5
3
5
2
5
0
4
7
5
3
5
4
2
4
6
4
3
6
3
6
4
3
3
3
5
3
1
3
2
6
4
5
4
2
6
4
6
5
2
4
5
6
4
2
4
2
1
0
2
3
1
3
4
5
4
2
1
4
3
1
2
7
2
4
3
4
4
4
7
0
6
6
2
2
0
4
0
1
1
3
5
3
1
4
3
7
2
5
2
2
0
8
10
4
1
4
1
5
3
5
5
2
7
4
4
2
5
6
4
4
6
4
5
3
4
6
3
6
4
5
2
2
7
2
6
3
3
8
1
2
7
4
3
4
4
2
4
4
6
1
3
5
2
5
6
1
2
6
5
5
4
1
3
3
6
0
5
11
3
2
2
5
5
3
2
2
4
7
3
6
6
2
4
5
5
5
3
1
7
5
6
5
10
3
7
3
3
3
4
4
6
3
1
3
5
3
5
5
11
4
0
7
7
7
4
5
4
8
4
8
5
3
9
7
4
7
5
5
6
6
5
3
5
4
5
4
6
6
8
9
4
13
8
7
8
13
6
5
7
6
4
6
9
9
2
4
5
8
9
10
11
4
6
11
10
7
9
5
9
5
6
9
8
4
9
5
6
7
5
8
10
6
11
6
5
7
6
10
3
4
7
9
9
8
7
8
7
6
5
8
10
8
13
10
11
10
9
7
6
10
10
10
9
6
12
8
9
8
8
8
10
9
10
14
8
6
16
6
16
14
11
7
9
7
10
9
10
19
18
10
8
11
16
16
15
7
7
10
8
10
17
11
12
16
13
6
13
13
10
16
13
15
16
14
10
14
14
15
17
12
19
19
10
15
11
14
11
14
17
5
9
16
15
12
14
10
8
12
9
6
16
9
5
10
10
18
11
11
15
13
8
16
16
12
12
7
5
10
11
10
13
13
17
19
6
14
10
13
15
14
10
10
8
6
9
22
8
14
16
12
15
9
13
14
14
12
11
13
9
16
22
12
9
16
7
14
15
15
14
10
12
12
4
16
6
16
28
12
17
14
12
15
10
6
12
11
10
12
9
9
18
13
12
10
8
16
14
12
11
11
15
8
15
15
12
12
12
10
8
13
9
10
17
8
6
12
12
9
11
12
23
9
13
12
7
7
11
7
10
9
18
10
10
12
10
11
8
10
10
11
8
13
9
12
6
12
9
9
14
12
7
5
12
6
6
5
11
2
10
11
5
7
13
7
10
8
7
9
8
11
5
7
11
6
9
7
14
11
9
8
6
12
9
7
9
2
9
8
11
7
8
6
9
6
12
8
6
8
5
4
5
8
5
6
11
5
5
5
11
11
8
6
9
10
8
9
5
7
7
5
6
7
6
3
8
9
6
9
9
9
4
6
8
12
9
13
8
9
6
7
13
7
11
2
9
10
9
10
10
9
6
7
10
6
7
6
15
6
7
9
5
7
12
6
9
7
5
7
7
12
11
7
11
8
7
13
7
8
8
5
10
5
6
6
15
8
14
7
7
12
11
14
10
10
5
7
7
9
11
7
8
12
12
8
15
12
6
8
8
9
6
5
6
17
6
10
7
10
7
13
13
9
8
12
11
7
6
10
12
6
9
10
8
9
12
8
6
11
14
9
11
13
8
9
12
9
11
7
11
11
10
13
9
13
8
7
11
11
18
13
14
10
10
10
8
6
17
12
15
22
7
14
15
13
10
14
12
12
13
14
13
9
10
13
11
15
10
8
21
16
16
9
15
17
14
15
15
12
17
11
13
13
14
17
11
20
20
13
17
14
17
15
22
13
11
10
11
22
19
26
17
14
23
16
19
19
12
16
21
18
10
18
21
15
20
16
16
18
16
24
25
27
24
11
16
16
15
20
16
25
19
16
18
30
27
20
26
25
18
22
20
21
20
17
23
24
31
16
24
23
20
28
22
22
18
28
23
17
30
24
23
24
31
26
20
32
24
23
35
32
35
29
23
24
32
27
35
22
24
31
33
31
27
37
28
37
31
25
27
26
33
36
33
33
23
31
30
27
30
40
24
40
35
30
33
35
39
46
37
52
45
39
48
39
45
49
38
42
51
48
51
53
42
47
47
43
39
60
46
43
35
57
45
51
35
46
42
38
52
46
62
53
58
47
45
57
44
64
56
51
46
56
59
62
68
59
58
67
62
53
63
53
69
76
72
71
56
65
83
80
49
85
77
64
76
72
83
67
81
88
82
78
79
100
74
75
87
81
102
92
93
98
83
109
83
92
79
96
93
92
96
98
91
99
106
103
89
95
98
87
104
95
118
100
100
125
89
102
105
126
133
96
104
105
99
114
107
107
127
119
126
111
110
113
122
113
141
123
129
114
136
120
123
122
104
135
104
117
114
121
131
132
123
137
123
149
139
131
128
141
137
139
133
154
117
155
117
136
142
147
143
146
147
150
139
141
150
130
156
116
164
144
144
168
131
145
176
149
164
127
166
151
139
146
135
154
175
176
164
146
163
145
144
155
152
148
137
160
154
168
159
179
163
139
144
165
155
173
133
141
166
183
185
164
173
159
173
175
156
169
152
154
188
166
189
175
178
159
179
174
154
173
150
161
174
152
172
150
179
177
190
167
154
163
168
175
184
181
190
181
169
170
157
198
157
157
181
165
186
174
197
200
149
190
186
206
178
205
188
185
196
206
218
175
154
168
202
181
210
206
208
195
192
198
185
208
182
213
191
221
182
204
223
181
225
201
189
214
212
224
224
237
211
202
197
201
211
212
228
228
226
212
225
179
212
195
196
244
211
225
200
203
243
226
225
243
218
210
202
203
216
228
188
222
204
224
210
202
218
219
211
200
211
229
210
244
222
232
219
203
216
216
238
231
199
213
204
243
228
186
227
223
238
218
229
209
223
201
206
203
222
201
169
198
228
251
221
218
223
206
218
225
197
179
199
199
213
207
213
205
222
204
201
217
213
195
199
216
204
206
218
222
175
199
195
183
196
179
188
219
192
174
184
174
191
173
195
189
186
208
184
194
176
182
172
167
174
165
165
184
176
167
160
154
168
150
177
147
179
166
155
161
138
153
156
170
153
126
144
138
140
174
168
140
120
142
155
139
114
131
123
158
135
149
135
131
127
128
140
161
105
135
122
135
123
103
134
157
109
121
125
121
119
100
111
120
140
133
122
115
151
98
123
136
108
117
111
116
120
121
94
113
103
107
115
128
101
107
84
99
113
113
105
96
76
90
99
94
106
99
98
107
96
99
105
96
84
100
102
79
89
109
119
88
110
112
111
85
99
106
86
93
93
94
84
106
87
103
109
91
92
79
83
92
82
83
81
94
76
76
103
79
95
73
95
81
80
79
76
65
82
91
90
79
81
74
85
77
73
72
95
84
69
86
82
77
65
82
77
72
74
63
72
61
75
80
89
68
68
76
71
71
61
67
62
66
70
52
66
57
65
72
68
75
73
81
61
81
54
71
52
65
56
64
58
61
58
50
64
57
57
51
60
62
55
58
45
66
54
59
76
71
64
60
50
69
58
50
57
67
60
57
60
53
54
63
57
62
55
54
67
66
61
38
55
52
57
67
47
54
54
59
65
51
62
57
61
63
52
42
46
57
53
56
60
59
63
53
50
62
53
45
54
52
56
66
66
60
49
59
69
53
50
53
50
65
75
67
76
63
52
40
51
61
60
58
56
60
57
65
61
57
57
53
72
65
52
63
63
73
56
64
58
68
65
83
62
64
78
59
62
84
79
68
84
80
82
64
82
76
80
60
77
82
83
71
76
95
106
98
106
89
93
87
96
106
116
102
105
98
108
99
97
116
112
109
127
104
127
100
126
110
113
115
112
119
134
134
121
118
117
125
124
133
119
120
146
136
120
128
129
137
147
136
150
132
146
171
134
149
146
171
159
150
172
153
144
164
162
169
170
148
156
187
165
180
159
171
173
170
162
152
167
168
179
176
166
177
209
163
188
166
185
175
176
168
181
197
185
192
192
201
211
197
183
193
195
196
212
196
219
211
204
205
218
181
228
219
209
191
225
219
221
226
233
199
204
212
236
216
228
218
218
235
235
223
213
220
224
220
233
230
250
213
230
252
200
241
284
246
227
232
235
249
239
221
263
255
251
264
246
229
221
217
239
236
242
222
234
236
251
256
247
232
248
218
220
266
282
243
221
271
262
236
236
232
252
260
206
253
242
225
238
239
239
202
251
233
226
245
233
225
241
234
229
229
217
237
215
225
225
221
213
227
209
200
235
207
215
213
223
204
210
197
202
207
197
189
211
214
206
198
207
211
213
218
172
190
177
212
185
177
175
173
194
162
224
180
195
173
154
167
175
169
154
189
151
139
139
143
145
153
158
149
141
109
146
141
169
151
151
172
139
123
141
146
126
134
125
148
150
116
138
131
119
119
136
110
126
132
126
117
131
125
100
107
114
129
120
100
105
105
104
98
119
104
105
84
82
106
92
118
106
94
91
95
99
110
88
91
105
89
104
87
102
92
101
91
99
92
77
80
82
81
78
88
93
74
70
97
75
77
64
106
75
66
81
62
90
65
71
78
74
82
80
69
71
88
100
76
79
70
80
68
66
72
70
83
61
84
60
70
72
71
61
62
62
71
72
60
68
83
51
67
63
64
50
64
78
62
56
68
76
65
66
67
60
71
68
69
59
57
58
79
55
52
65
47
57
63
54
41
54
60
63
55
63
56
53
57
63
52
59
39
56
57
56
64
64
50
57
53
46
63
55
47
47
40
54
69
49
47
46
57
48
37
44
44
46
57
38
52
63
45
50
44
50
36
48
53
52
39
43
45
47
50
59
47
49
52
48
52
39
40
51
39
42
55
34
43
50
42
59
53
47
47
39
60
42
42
43
58
55
43
47
31
60
50
45
35
52
42
44
34
36
44
43
56
31
43
43
46
38
34
50
39
38
57
38
37
39
39
38
50
43
34
48
38
37
40
34
52
33
40
43
41
39
42
42
37
44
31
37
36
37
50
47
36
34
33
38
31
27
33
44
28
34
44
37
32
31
30
35
44
44
35
46
38
38
42
43
30
36
35
33
36
26
25
34
36
34
23
30
35
25
38
30
30
43
20
24
33
21
38
30
25
27
24
19
29
26
33
32
34
22
28
33
35
20
18
30
29
29
34
21
21
28
18
33
24
26
25
21
25
29
29
27
25
23
17
18
18
20
29
26
15
33
22
29
30
25
14
27
15
27
19
13
26
24
25
19
18
20
17
20
20
24
18
19
14
27
19
16
15
19
11
13
18
16
16
15
18
19
15
22
21
18
11
21
11
15
13
20
20
18
21
20
26
21
16
12
25
14
23
10
17
15
13
17
6
13
16
22
10
10
14
16
17
19
14
16
14
13
12
16
13
15
10
14
21
9
19
13
18
10
7
11
9
18
18
12
17
6
14
14
11
17
16
10
9
12
15
10
8
9
14
18
10
10
10
19
14
11
16
18
3
7
8
13
14
13
10
11
9
13
5
17
10
18
11
10
15
5
4
8
7
10
14
10
9
9
9
3
9
8
9
3
12
8
8
15
8
12
7
4
4
8
15
11
6
11
12
6
8
10
10
9
9
6
7
12
7
8
10
9
10
4
8
3
11
13
6
9
2
10
8
12
5
5
7
10
9
7
9
9
3
9
7
6
4
5
8
7
4
5
11
7
7
12
6
11
7
8
6
5
9
6
9
3
5
9
10
7
6
7
6
4
8
7
11
5
5
10
9
10
10
3
7
8
7
6
10
7
5
11
8
2
7
10
4
3
3
5
10
8
9
9
8
7
6
9
9
3
5
5
9
3
9
3
6
11
9
9
7
9
14
5
4
3
5
4
7
3
6
8
1
4
8
4
3
5
7
4
5
4
5
5
8
5
4
7
5
5
1
7
4
7
5
7
5
4
5
5
12
7
2
5
7
3
7
5
10
9
8
5
13
7
10
3
4
4
6
3
4
4
6
4
4
8
5
8
3
6
8
6
9
5
7
3
8
2
8
4
7
6
7
4
9
4
5
4
8
7
2
6
9
8
7
4
9
12
6
7
6
2
3
3
4
7
7
5
6
11
5
6
2
10
1
7
9
6
3
6
6
5
6
9
3
7
4
6
6
3
7
14
6
7
3
8
2
7
6
0
8
4
2
5
4
9
7
3
2
6
3
2
6
6
6
6
10
10
6
13
3
8
7
5
7
6
6
10
6
12
5
7
7
5
5
5
9
6
7
8
3
5
8
6
8
6
6
5
1
5
3
4
6
7
4
6
6
5
7
7
9
6
10
2
7
5
2
8
2
5
5
4
8
4
7
2
4
4
2
6
10
2
7
7
3
6
10
4
2
6
6
6
2
4
4
3
11
6
8
4
4
2
5
5
7
2
2
1
1
7
6
1
6
3
6
6
2
3
3
3
9
3
2
6
7
4
5
5
7
7
3
4
5
7
5
4
4
4
4
5
7
2
5
4
5
6
6
7
2
7
7
3
3
4
3
6
5
8
6
4
6
6
4
1
2
0
5
5
5
4
3
7
2
6
4
3
7
2
1
7
5
5
1
7
5
1
2
4
1
7
2
3
5
2
4
3
3
5
3
3
9
4
2
7
2
4
6
4
9
4
6
3
7
1
0
2
6
2
2
3
5
3
4
1
1
2
4
2
5
4
1
2
3
1
3
3
4
6
3
3
4
6
7
1
2
5
3
3
3
5
1
3
5
2
4
2
2
6
0
3
3
2
1
5
5
4
9
3
2
0
0
4
3
6
3
1
4
0
6
1
2
3
2
3
2
4
1
1
1
2
4
2
3
7
5
0
2
1
7
2
4
3
2
2
3
3
5
5
1
2
3
3
2
1
2
1
4
4
3
0
0
4
2
2
2
3
2
3
2
1
7
5
1
2
1
2
2
2
3
2
3
4
2
6
1
1
2
7
3
0
1
2
3
2
2
3
5
3
4
2
1
6
0
5
6
2
5
4
4
2
3
0
0
3
0
1
3
4
1
2
2
5
5
3
1
3
3
4
3
1
5
4
1
2
1
2
5
1
2
2
3
1
4
3
2
0
4
1
3
6
5
3
3
2
6
4
1
4
3
5
2
1
4
5
3
3
2
3
3
1
5
1
5
3
1
2
2
2
2
1
3
2
5
9
2
0
2
0
5
4
2
3
5
1
7
0
2
3
1
6
3
3
1
2
8
3
3
2
1
3
4
1
2
4
3
4
1
1
3
3
3
4
2
2
2
1
3
2
3
2
5
1
3
3
0
5
0
2
2
2
2
2
1
2
1
4
4
2
3
3
4
2
6
1
3
2
3
4
1
3
2
5
3
1
0
2
1
1
1
2
2
4
3
2
2
1
3
1
5
3
1
1
1
1
2
1
4
2
3
1
2
3
2
3
3
5
2
2
1
2
2
8
0
5
3
4
0
2
3
3
4
0
4
0
3
0
2
1
3
1
3
4
3
2
0
1
1
0
2
2
3
2
1
1
2
3
3
5
6
1
2
3
1
2
2
2
1
1
1
2
1
1
3
2
3
0
1
3
1
0
0
2
3
1
1
4
1
0
2
2
3
1
3
2
2
4
2
2
0
0
1
0
2
4
0
2
0
0
3
0
1
0
3
6
5
2
1
2
2
3
1
4
3
5
1
0
1
3
1
3
1
6
0
0
1
3
0
6
2
3
3
1
1
6
1
0
1
1
1
2
2
1
0
2
7
2
0
0
4
5
0
1
3
2
3
0
3
1
1
2
2
1
3
2
2
1
0
2
2
5
2
3
2
3
2
1
2
1
3
0
1
1
4
4
1
1
2
1
1
1
1
2
2
2
0
0
4
3
1
1
0
1
2
1
3
1
1
2
2
1
3
4
0
2
5
0
2
5
1
0
1
0
1
3
1
0
5
4
1
3
4
0
0
1
0
5
2
1
5
3
2
0
0
3
0
2
0
2
1
2
1
2
0
0
4
3
4
0
2
1
1
3
0
2
3
2
3
1
1
2
3
0
1
0
0
3
4
0
1
2
2
3
2
4
3
2
4
4
5
0
2
0
0
2
3
1
2
2
0
4
4
1
2
0
1
3
2
1
4
4
2
3
1
0
0
3
1
1
0
2
2
3
2
0
3
2
1
3
1
2
2
1
1
0
3
3
1
0
1
0
0
1
0
2
0
2
1
0
0
3
2
3
1
1
2
1
0
0
1
1
2
1
0
1
0
1
3
0
0
0
1
1
0
1
2
3
2
3
1
1
1
1
0
1
0
3
0
0
0
1
3
1
0
0
2
0
2
3
0
2
3
1
1
3
1
1
2
1
1
0
1
1
0
4
1
1
4
0
0
2
2
1
2
0
1
0
0
2
3
2
2
2
2
4
0
1
1
1
3
0
1
3
0
0
3
0
2
0
2
3
2
2
0
3
0
2
0
1
1
0
0
2
1
3
1
0
1
1
0
1
0
0
0
1
1
0
1
3
1
1
4
4
0
2
0
1
0
2
0
1
1
3
1
3
3
1
0
2
1
1
1
1
2
0
1
0
3
0
2
1
0
0
0
2
1
1
3
1
2
1
2
3
1
1
1
1
1
5
1
2
1
1
1
1
1
4
1
0
2
1
0
0
3
2
1
1
1
4
1
2
1
1
1
2
2
3
1
0
1
0
1
2
1
2
1
1
0
0
0
0
1
3
1
2
1
2
1
0
2
0
1
2
0
0
2
1
2
0
1
2
1
1
2
0
2
0
0
3
0
1
2
3
1
4
2
0
1
1
1
1
4
1
0
0
0
1
1
2
2
2
0
0
2
0
1
3
2
0
0
2
0
1
1
1
2
1
1
1
2
2
1
0
1
1
1
1
0
1
1
1
3
2
2
2
0
1
3
3
0
0
1
0
0
2
0
2
2
0
2
0
3
1
0
1
3
3
2
2
3
3
2
1
2
1
1
1
2
1
2
0
2
1
0
1
2
0
1
0
0
1
0
0
1
2
4
0
1
3
1
0
2
1
2
1
2
1
2
2
1
4
0
2
1
0
0
0
2
2
2
1
1
3
0
0
1
1
2
1
2
3
2
0
1
3
0
0
0
0
0
0
3
1
3
1
1
0
2
1
1
1
0
1
1
1
3
1
4
1
1
0
3
1
2
0
1
1
3
2
1
1
4
0
0
0
5
0
1
2
3
0
2
0
1
0
1
3
0
1
0
0
0
1
1
3
0
0
1
3
2
0
1
2
3
1
2
2
0
1
0
1
0
0
1
0
2
2
2
1
0
1
2
1
2
4
2
2
0
2
2
1
3
1
1
1
2
1
2
0
3
1
1
3
2
2
0
2
1
0
3
0
3
1
1
1
0
1
1
2
3
1
3
0
0
1
1
1
1
3
2
2
4
0
1
0
0
1
0
2
0
1
1
0
0
1
2
4
2
0
1
0
1
3
0
2
3
0
2
3
0
0
2
0
0
2
1
0
0
2
2
0
2
2
0
2
0
2
2
2
1
1
1
1
1
1
0
1
2
1
1
4
0
1
2
0
2
0
0
1
3
2
1
1
0
2
0
1
2
2
0
1
1
1
2
2
3
0
1
2
4
0
1
2
1
1
1
1
1
1
3
1
0
0
2
0
3
2
2
0
4
1
1
0
0
1
2
1
1
0
1
1
2
3
1
5
1
1
2
4
1
2
2
4
1
0
0
1
0
2
0
1
3
5
1
2
1
0
2
0
3
1
2
1
0
2
1
2
1
0
0
1
3
2
0
1
2
1
1
0
1
0
3
1
2
2
1
2
2
2
1
2
0
1
3
2
1
1
1
4
2
0
2
1
3
4
1
2
2
1
2
1
3
1
1
0
2
2
0
2
0
0
1
0
3
1
1
1
2
0
0
1
2
0
1
2
1
2
1
0
3
2
1
2
0
1
0
2
3
0
1
0
2
2
1
3
0
1
1
1
0
1
0
0
2
2
1
0
0
0
1
0
0
0
0
0
0
0
2
0
3
2
0
1
1
3
1
1
1
1
0
1
0
0
0
1
1
0
1
0
4
0
3
0
2
1
2
1
0
5
2
2
0
0
0
1
2
0
1
0
0
1
0
1
1
0
1
0
1
0
2
0
0
0
1
1
1
3
1
0
0
2
1
2
0
2
1
0
0
1
1
1
0
0
0
2
2
0
0
0
1
1
0
1
1
0
0
3
0
3
0
1
2
2
1
2
0
1
1
3
2
1
1
0
0
1
1
1
1
0
2
4
1
1
1
1
1
0
0
0
1
1
2
3
1
0
2
2
0
0
2
0
0
1
1
1
1
0
2
1
1
2
2
1
0
1
1
0
0
2
1
0
0
2
0
1
0
1
2
4
0
3
0
2
0
2
4
2
2
1
0
1
1
0
0
2
0
0
1
1
2
1
2
0
0
1
0
1
1
0
0
1
2
0
0
0
1
0
0
1
0
0
2
0
2
2
0
3
1
2
0
1
2
1
0
2
2
1
0
0
1
0
0
1
1
1
0
2
1
0
1
2
3
1
1
2
0
1
1
5
0
0
1
2
0
2
1
0
1
1
0
3
1
1
1
0
2
0
1
1
0
1
0
2
1
0
0
1
1
0
0
2
1
1
0
1
0
1
0
1
0
2
0
0
1
1
2
2
0
1
1
1
1
1
0
0
0
3
2
1
1
2
1
3
1
0
1
0
0
2
2
1
1
0
1
1
1
0
1
1
5
2
0
0
0
1
1
1
1
2
1
2
0
1
1
0
0
2
0
1
3
0
1
0
0
0
2
1
0
0
0
0
0
1
0
2
1
0
1
0
1
0
2
1
0
1
1
1
1
1
0
1
1
1
1
3
2
1
1
0
0
2
0
1
0
1
0
3
1
0
1
1
1
0
1
0
1
1
1
3
1
0
1
0
0
2
1
0
1
1
1
2
2
0
2
0
1
1
0
1
0
0
0
1
1
3
1
1
1
0
0
0
2
0
1
1
0
1
1
1
0
0
1
2
0
3
0
0
0
0
0
0
1
0
1
2
1
2
0
1
1
2
1
0
2
0
2
3
0
0
3
3
1
0
3
1
1
1
2
0
0
1
1
0
0
1
0
0
1
1
2
0
0
1
2
1
1
0
1
0
0
1
0
2
0
1
0
1
0
0
0
0
0
0
1
0
0
0
2
1
2
0
1
1
0
0
1
0
0
2
1
1
0
2
0
0
0
0
1
1
3
2
1
0
0
1
1
0
1
2
1
0
2
0
3
0
0
0
0
0
0
3
1
0
0
0
2
3
1
2
2
1
1
2
0
1
0
0
0
1
2
3
1
0
0
0
1
0
1
0
3
3
1
1
0
0
0
1
0
0
1
0
0
0
0
1
1
1
0
2
0
2
1
1
1
0
1
1
1
0
1
2
0
2
0
1
1
0
0
1
0
1
1
3
1
1
2
0
2
0
3
0
0
1
0
0
0
2
0
0
3
0
1
1
1
0
0
1
1
0
0
0
0
0
0
1
1
0
0
0
2
0
0
0
2
0
0
0
1
2
4
1
0
0
0
0
0
0
0
2
1
0
2
0
0
0
0
0
1
2
1
1
2
3
0
1
0
1
1
1
2
1
2
0
2
0
0
0
0
1
0
0
0
0
0
3
2
0
0
1
1
0
2
1
0
1
1
0
1
1
1
0
3
0
1
1
1
0
0
0
2
0
0
1
3
0
0
0
0
0
1
0
0
2
1
3
0
0
1
1
1
0
1
2
0
2
3
1
0
1
0
0
1
0
1
0
0
0
0
1
1
2
0
0
3
0
2
0
2
1
0
1
0
1
0
0
2
1
2
0
1
0
1
1
0
1
0
0
0
2
3
1
0
1
0
1
0
0
0
0
0
1
0
0
1
1
0
2
0
0
0
1
0
0
0
1
0
1
2
1
0
1
1
0
0
0
0
1
0
1
3
1
1
1
2
0
3
1
0
1
1
0
0
0
3
2
0
2
0
0
2
0
1
1
1
0
0
2
0
0
1
0
1
0
0
1
0
3
1
0
1
1
0
1
0
0
0
0
1
1
0
0
0
1
1
0
0
0
0
1
0
0
1
0
1
1
1
0
0
0
0
0
2
0
0
1
0
0
0
0
0
1
0
0
0
1
0
0
0
0
0
0
0
2
0
0
0
1
0
2
0
2
1
1
0
0
1
0
0
0
0
1
2
0
0
0
0
0
1
0
0
0
0
0
0
0
1
1
0
0
0
1
0
0
0
2
2
2
1
0
0
0
1
0
1
0
0
0
0
0
0
0
0
0
1
2
0
0
2
0
1
0
0
0
0
0
2
0
1
1
0
0
1
0
0
0
0
0
0
1
1
0
1
0
1
1
2
1
2
0
1
2
2
0
1
1
0
1
1
0
0
0
1
1
1
1
0
0
0
0
1
0
1
3
1
0
2
2
1
1
0
1
0
0
2
3
1
0
0
2
1
0
0
0
0
0
1
0
0
0
0
1
0
0
1
0
0
0
2
0
0
1
1
0
2
0
0
1
0
2
0
1
0
1
0
2
1
0
0
0
0
0
1
0
1
1
1
0
2
2
0
1
0
0
0
2
0
0
0
0
2
0
1
0
0
1
0
1
0
0
0
0
2
0
0
1
0
4
1
0
0
2
0
0
0
2
0
0
1
2
0
0
1
2
0
1
1
0
1
1
0
1
0
1
1
0
0
0
1
0
0
1
1
2
0
0
0
1
0
1
0
1
3
0
0
0
0
0
0
0
2
0
1
1
0
0
2
0
0
0
1
0
0
1
0
0
2
1
0
0
0
0
1
0
0
0
0
0
1
1
2
0
1
1
1
2
1
1
0
1
0
0
1
0
0
1
2
1
0
0
1
3
0
0
0
0
1
0
0
2
0
0
2
1
0
0
0
0
1
0
1
2
0
2
2
1
0
0
1
0
2
1
0
1
2
1
0
0
1
1
1
0
1
1
0
1
0
2
0
1
2
0
0
1
0
0
1
2
2
0
0
2
1
0
0
0
3
1
1
1
1
1
0
0
1
1
0
0
0
0
1
0
1
0
2
0
1
0
1
2
0
1
1
0
0
0
1
1
0
0
2
1
3
2
1
0
0
2
3
0
3
0
0
1
1
1
0
1
0
1
0
0
0
0
0
0
0
2
0
1
0
0
1
0
1
0
0
0
2
0
1
2
2
2
0
1
1
2
2
0
0
2
3
2
1
0
1
0
0
1
0
3
4
2
0
0
0
1
1
0
2
0
0
0
2
0
1
0
0
2
0
0
0
2
2
0
0
1
1
1
1
0
1
0
1
1
0
1
0
0
1
1
1
0
0
1
0
0
1
0
0
2
0
0
5
1
1
3
0
1
1
0
0
1
1
0
0
0
0
1
1
0
1
0
0
0
1
3
1
1
0
1
1
1
2
0
0
0
0
0
0
0
2
1
2
1
0
3
0
1
0
1
0
0
1
1
1
0
1
0
1
0
1
3
0
0
0
1
3
0
0
0
0
1
1
2
0
0
3
1
0
0
1
1
0
1
0
1
0
0
0
0
0
0
0
1
0
0
0
0
0
0
1
3
1
0
2
1
0
0
