1
0
0
0
0
0
0
2
1
0
2
0
0
2
0
0
1
1
0
2
1
1
1
0
0
0
0
0
0
0
0
0
0
0
0
0
0
0
0
0
0
0
0
0
0
0
0
0
0
0
0
0
0
0
0
0
0
0
0
0
0
0
0
0
0
0
0
0
0
0
0
0
0
0
0
0
0
0
0
0
0
0
0
0
0
0
0
0
0
0
0
0
0
0
0
0
0
0
0
0
0
0
0
0
0
0
0
0
0
0
0
0
0
0
0
0
0
0
0
0
0
0
0
0
0
0
0
0
0
0
0
0
0
0
0
0
0
0
0
0
0
0
0
0
0
0
0
0
0
0
0
0
0
0
0
0
0
0
0
0
0
0
0
0
0
0
0
0
0
0
0
0
0
0
0
0
0
0
0
0
0
0
0
0
0
0
0
0
0
0
0
0
0
0
0
0
0
0
0
0
0
0
0
0
0
0
0
0
0
0
0
0
0
0
0
0
0
0
0
0
0
0
0
0
0
0
0
0
0
0
0
0
0
0
0
0
0
0
0
0
0
0
0
0
0
0
0
0
0
0
0
0
0
0
0
0
0
0
0
0
0
0
0
0
0
0
0
0
0
0
0
0
0
0
0
0
0
0
0
0
0
0
0
0
0
0
0
0
0
0
0
0
0
0
0
0
0
0
0
0
0
0
0
0
0
0
0
0
0
0
0
0
0
0
0
0
0
0
0
0
0
0
0
0
0
0
0
0
0
0
0
0
0
0
0
0
0
0
0
0
0
0
0
0
0
0
0
0
0
0
0
0
0
0
0
0
0
0
0
0
0
0
0
0
0
0
0
0
0
0
0
0
0
0
0
0
0
0
0
0
0
0
0
0
0
0
0
0
0
0
0
0
0
0
0
0
0
0
0
0
0
0
0
0
0
0
0
0
0
0
0
0
0
0
0
0
0
0
0
0
0
0
0
0
0
0
0
0
0
0
0
0
0
0
0
0
0
0
0
0
0
0
0
0
0
0
0
0
0
0
0
0
0
0
0
0
0
0
0
0
0
0
0
0
0
0
0
0
0
0
0
0
0
0
0
0
0
0
0
0
0
0
0
0
0
0
0
0
0
0
0
0
0
0
0
0
0
0
0
0
0
0
0
0
0
0
0
0
0
0
0
0
0
0
0
0
0
0
0
0
0
0
0
0
0
0
0
0
0
0
0
0
0
0
0
0
0
0
0
0
0
0
0
0
0
0
0
0
0
0
0
0
0
0
0
0
0
0
0
0
0
0
0
0
0
0
0
0
0
0
0
0
0
0
0
0
0
0
0
0
0
0
0
0
0
0
0
0
0
0
0
0
0
0
0
0
0
0
0
0
0
0
0
0
0
0
0
0
0
0
0
0
0
0
0
0
0
0
0
0
0
0
0
0
0
0
0
0
0
0
0
0
0
0
0
0
0
0
0
0
0
0
0
0
0
0
0
0
0
0
0
0
0
0
0
0
0
0
0
0
0
0
0
0
0
0
0
0
0
0
0
0
0
0
0
0
0
0
0
0
0
0
0
0
0
0
0
0
0
0
0
0
0
0
0
0
0
0
0
0
0
0
0
0
0
0
0
0
0
0
0
0
0
0
0
0
0
0
0
0
0
0
0
0
0
0
0
0
0
0
0
0
0
0
0
0
0
0
0
0
0
0
0
0
0
0
0
0
0
0
0
0
0
0
0
0
0
0
0
0
0
0
0
0
0
0
0
0
0
0
0
0
0
0
0
0
0
0
0
0
0
0
0
0
0
0
0
0
0
0
0
0
0
0
0
0
0
0
0
0
0
0
0
0
0
0
0
0
0
0
0
0
0
0
0
0
0
0
0
0
0
0
0
0
0
0
0
0
0
0
0
0
0
0
0
0
0
0
0
0
0
0
0
0
0
0
0
0
0
0
0
0
0
0
0
0
0
0
0
0
0
0
0
0
0
0
0
0
0
0
0
0
0
0
0
0
0
0
0
0
0
0
0
0
0
0
0
0
0
0
0
0
0
0
0
0
0
0
0
0
0
0
0
0
0
0
0
0
0
0
0
0
0
0
0
0
0
0
0
0
0
0
0
0
0
0
0
0
0
0
0
0
0
0
0
0
0
0
0
0
0
0
0
0
0
0
0
0
0
0
0
0
0
0
0
0
0
0
0
0
0
0
0
0
0
0
0
0
0
0
0
0
0
0
0
0
0
0
0
0
0
0
0
0
0
0
0
0
0
0
0
0
0
0
0
0
0
0
0
0
0
0
0
0
0
0
0
0
0
0
0
0
0
0
0
0
0
0
0
0
0
0
0
0
0
0
0
0
0
0
0
0
0
0
0
0
0
0
0
0
0
0
0
0
0
0
0
0
0
0
0
0
0
0
0
0
0
0
0
0
0
0
0
0
0
0
0
0
0
0
0
0
0
0
0
0
0
0
0
0
0
0
0
0
0
0
0
0
0
0
0
0
0
0
0
0
0
0
0
0
0
0
0
0
0
0
0
0
0
0
0
0
0
0
0
0
0
0
0
0
0
0
0
0
0
0
0
0
0
0
0
0
0
0
0
0
0
0
0
0
0
0
0
0
0
0
0
0
0
0
0
0
0
0
0
0
0
0
0
0
0
0
0
0
0
0
0
0
0
0
0
0
0
0
0
0
0
0
0
0
0
0
0
0
0
0
0
0
0
0
0
0
0
0
0
0
0
0
0
0
0
0
0
0
0
0
0
0
0
0
0
0
0
0
0
0
0
0
0
0
0
0
0
0
0
0
0
0
0
0
0
0
0
0
0
0
0
0
0
0
0
0
0
0
0
0
0
0
0
0
0
0
0
0
0
0
0
0
0
0
0
0
0
0
0
0
0
0
0
0
0
0
0
0
0
0
0
0
0
0
0
0
0
0
0
0
0
0
0
0
0
0
0
0
0
0
0
0
0
0
0
0
0
0
0
0
0
0
0
0
0
0
0
0
0
0
0
0
0
0
0
0
0
0
0
0
0
0
0
0
0
0
0
0
0
0
0
0
0
0
0
0
0
0
0
0
0
0
0
0
0
0
0
0
0
0
0
0
0
0
0
0
0
0
0
0
0
0
0
0
0
0
0
0
0
0
0
0
0
0
0
0
0
0
0
0
0
0
0
0
0
0
0
0
0
0
0
0
0
0
0
0
0
0
0
0
0
0
0
0
0
0
0
0
0
0
0
0
0
0
0
0
0
0
0
0
0
0
0
0
0
0
0
0
0
0
0
0
0
0
0
0
0
0
0
0
0
0
0
0
0
0
0
0
0
0
0
0
0
0
0
0
0
0
0
0
0
0
0
0
0
0
0
0
0
0
0
0
0
0
0
0
0
0
0
0
0
0
0
0
0
0
0
0
0
0
0
0
0
0
0
0
0
0
0
0
0
0
0
0
0
0
0
0
0
0
0
0
0
0
0
0
0
0
0
0
0
0
0
0
0
0
0
0
0
0
0
0
0
0
0
0
0
0
0
0
0
0
0
0
0
0
0
0
0
0
0
0
0
0
0
0
0
0
0
0
0
0
0
0
0
0
0
0
0
0
0
0
0
0
0
0
0
0
0
0
0
0
0
0
0
0
0
0
0
0
0
0
0
0
0
0
0
0
0
0
0
0
0
0
0
0
0
0
0
0
0
0
0
0
0
0
0
0
0
0
0
0
0
0
0
0
0
0
0
0
0
0
0
0
0
0
0
0
0
0
0
0
0
0
0
0
0
0
0
0
0
0
1
1
1
9
10
9
10
11
7
13
4
8
3
4
6
2
2
5
6
5
3
5
4
3
2
8
7
5
8
2
4
3
6
3
6
4
6
14
13
23
10
11
9
11
12
12
8
13
19
17
20
14
25
22
17
12
17
12
15
13
9
8
6
3
7
2
1
4
3
4
2
4
4
3
5
1
5
8
4
8
13
7
14
9
4
6
4
2
2
2
5
0
0
0
2
4
2
1
4
3
0
4
2
1
3
2
5
1
3
2
5
1
2
7
1
6
1
6
2
5
2
1
1
2
5
4
3
2
3
3
0
1
3
3
3
7
1
1
1
2
2
4
2
3
1
1
7
7
5
0
2
4
1
1
3
3
2
4
5
1
1
2
2
2
1
3
2
3
3
1
0
2
4
1
0
2
0
2
0
3
1
2
3
4
3
7
2
1
3
5
1
3
2
4
1
1
3
6
2
1
0
2
2
0
0
4
2
2
2
0
4
1
1
1
2
3
3
6
2
1
2
3
2
3
1
1
1
2
3
0
1
3
1
1
0
0
1
1
3
2
1
6
0
4
0
1
1
2
3
2
2
4
2
1
0
2
3
1
1
3
1
3
1
2
1
3
3
0
1
1
1
1
2
2
2
0
1
1
0
1
2
1
0
1
4
0
2
1
1
2
3
2
1
1
4
2
0
1
0
0
1
1
3
1
0
0
1
0
3
0
0
2
4
2
2
3
2
0
1
2
1
2
2
1
1
1
0
2
2
3
1
1
3
1
2
2
1
1
2
0
1
3
2
1
1
1
1
0
1
1
1
1
5
4
0
2
0
2
2
1
3
0
2
1
3
5
1
4
2
3
1
3
4
4
1
0
2
2
1
2
0
1
3
4
2
2
1
2
3
0
1
0
1
2
3
2
3
2
1
1
3
1
1
1
2
2
5
1
1
2
0
1
2
4
3
4
1
2
3
4
0
0
4
3
6
4
8
4
4
5
2
3
3
7
2
2
3
4
5
4
5
6
6
6
3
6
1
6
2
1
4
4
5
5
5
7
3
7
3
7
3
6
5
0
4
6
5
3
6
3
4
6
3
5
2
5
9
5
3
8
5
8
3
4
4
7
5
7
7
6
7
8
8
6
7
9
9
6
1
5
5
5
6
5
8
9
7
11
8
5
4
3
6
6
7
6
4
7
6
6
3
4
4
2
7
6
8
10
7
8
5
4
7
7
6
7
8
5
3
3
5
3
5
4
6
7
8
6
10
7
5
10
7
5
12
8
11
0
10
8
8
3
6
8
12
3
12
7
9
4
8
9
8
10
6
3
6
6
6
11
6
13
7
9
4
10
8
8
6
3
9
2
12
6
6
8
6
4
9
3
11
7
7
5
6
12
4
9
5
7
10
8
9
5
7
3
8
5
6
8
10
6
2
4
4
9
6
11
9
12
4
3
9
8
10
5
6
9
4
8
10
7
6
7
9
7
9
6
9
8
7
7
8
5
2
13
9
9
6
11
6
1
9
7
7
5
5
3
7
4
4
10
5
4
7
8
5
4
8
3
4
3
5
7
3
6
5
1
7
6
5
5
10
4
7
4
4
6
9
4
11
10
4
9
2
6
3
6
4
4
2
5
7
5
3
6
6
10
4
5
5
2
2
8
3
7
6
5
6
4
4
5
8
5
4
1
4
4
5
6
8
3
5
2
6
6
4
4
2
5
5
4
5
4
5
3
5
8
2
7
6
4
1
1
1
11
5
4
3
8
3
6
7
4
4
8
6
9
9
3
5
2
4
3
5
9
3
3
7
8
5
6
5
4
6
6
6
7
6
3
6
6
5
3
6
4
9
6
5
6
7
5
7
6
5
8
8
4
5
5
6
7
7
5
6
7
8
8
18
9
9
8
6
6
9
7
9
12
8
8
12
7
11
9
7
11
8
6
8
5
8
9
11
11
9
4
12
6
17
12
11
10
16
11
12
10
3
10
12
14
14
10
7
18
11
11
17
13
12
20
10
15
17
14
16
13
9
16
15
23
15
17
22
21
19
21
23
19
14
18
16
25
22
20
18
11
19
20
27
17
22
31
33
34
31
39
28
33
28
23
35
30
28
30
23
38
28
33
30
37
26
29
29
29
24
41
28
35
39
34
45
40
37
28
50
35
49
42
39
35
42
53
47
44
60
47
51
51
55
55
45
48
57
57
44
49
50
62
49
47
60
67
59
53
52
56
64
66
57
72
62
83
67
92
62
74
79
62
88
85
84
82
84
86
75
86
79
89
89
85
75
84
91
92
100
87
80
88
111
103
98
96
96
113
122
113
93
114
110
97
96
104
99
109
118
102
107
103
104
111
121
126
104
112
119
116
114
123
126
133
134
131
111
146
138
141
147
130
143
147
133
154
135
169
128
171
146
146
172
129
146
163
143
150
152
145
137
160
158
154
154
154
164
147
168
167
154
177
162
171
162
148
174
192
191
181
167
171
169
171
160
197
181
197
191
181
199
190
163
177
178
188
196
184
173
172
198
203
206
186
208
195
165
224
207
175
188
217
210
200
194
197
197
226
217
215
166
185
169
204
212
218
197
205
200
189
201
211
203
217
206
186
218
203
221
214
205
212
187
233
227
202
207
232
203
222
221
219
191
225
229
222
256
218
198
240
202
237
207
212
213
229
232
227
234
231
238
228
200
228
230
259
225
238
219
227
208
229
204
221
227
224
226
250
224
240
214
228
233
215
254
232
192
210
225
245
246
217
249
215
232
235
244
237
209
222
240
218
231
223
194
226
230
239
213
258
231
224
185
232
228
235
226
224
280
221
242
225
212
217
258
209
218
207
233
251
222
196
207
221
250
209
214
229
223
236
234
227
193
219
244
227
226
217
209
209
217
209
222
194
208
224
202
210
181
224
218
208
241
207
190
214
182
198
211
209
196
226
196
240
216
209
188
222
195
194
235
206
214
214
185
195
236
187
209
189
200
187
190
211
192
170
210
209
169
203
172
193
170
198
202
198
204
168
187
163
208
166
180
167
150
139
190
184
181
191
165
143
170
163
154
180
166
163
182
166
143
140
196
148
170
180
165
176
153
167
168
169
144
167
153
153
142
166
183
155
136
155
169
131
168
140
158
132
139
146
152
176
140
140
139
142
139
131
145
147
157
149
132
146
159
130
97
137
133
134
129
151
123
130
118
129
138
133
120
139
109
131
111
131
121
136
106
119
115
119
111
110
98
113
121
108
117
98
113
115
132
108
105
96
93
96
92
124
111
76
99
80
84
87
97
87
110
88
102
75
71
83
95
93
101
99
93
87
82
77
91
88
74
94
77
77
78
82
82
66
81
76
69
73
61
79
88
83
88
54
82
65
71
71
75
83
68
65
64
64
70
68
59
66
60
62
62
59
62
59
68
59
58
59
62
52
52
62
63
49
57
54
57
58
51
50
59
55
53
48
49
54
45
48
54
50
50
33
51
44
50
48
44
57
50
37
44
44
39
43
40
39
34
38
43
31
39
51
37
33
36
37
37
43
35
34
30
40
28
31
32
41
22
32
35
32
22
38
45
36
33
30
35
34
32
32
38
32
35
20
24
32
27
23
31
26
30
25
30
29
28
28
27
27
26
23
19
24
29
31
25
23
27
24
23
30
22
24
25
19
27
33
21
23
26
18
20
27
26
24
21
17
16
21
24
14
24
17
24
18
25
13
14
17
19
13
17
19
26
14
22
18
9
21
11
11
16
15
22
17
14
14
12
19
13
17
14
14
17
15
13
10
14
18
15
11
15
13
10
17
12
15
5
14
23
16
14
10
17
13
13
12
21
14
16
10
11
11
9
12
10
11
8
12
14
8
11
11
15
12
14
8
12
16
12
7
14
9
9
13
5
11
12
13
15
11
6
8
10
11
13
15
11
11
17
9
12
6
10
9
4
14
12
9
10
7
9
7
8
7
10
17
11
9
12
7
11
11
8
6
10
13
4
10
9
6
5
9
9
8
5
11
12
9
4
7
11
13
9
7
4
7
4
7
9
8
5
7
1
5
6
7
4
6
6
4
8
6
7
11
13
7
7
7
6
12
4
7
10
2
6
3
6
7
9
3
11
2
9
7
5
9
6
5
9
5
5
4
7
6
2
7
11
3
7
8
4
4
4
4
5
8
3
7
5
6
5
6
6
8
7
7
6
5
7
5
5
5
8
6
3
4
3
5
5
4
2
10
6
3
5
8
10
3
5
2
4
4
8
8
3
3
10
1
6
5
5
8
6
5
10
8
8
4
2
2
5
6
8
5
3
5
6
4
8
4
3
6
5
3
4
4
1
3
6
2
5
3
7
5
4
5
8
7
7
8
1
5
6
5
4
1
8
6
3
6
4
6
5
6
2
5
4
7
3
9
2
7
5
1
6
4
4
5
3
3
5
1
1
1
2
6
3
5
6
5
6
5
4
3
1
1
4
9
2
2
6
3
5
3
6
4
3
1
1
2
3
5
5
4
3
3
3
3
1
4
3
5
0
4
2
3
4
0
2
4
4
4
5
3
3
3
3
5
2
8
4
3
3
3
2
3
3
1
4
2
3
2
6
4
3
0
3
3
3
5
3
3
0
2
3
3
2
2
4
3
2
3
1
4
1
5
0
3
2
1
2
2
4
2
5
4
2
2
4
4
0
1
0
4
5
3
1
3
3
5
3
1
3
2
1
3
0
5
1
3
2
4
3
0
0
3
0
0
1
1
1
1
2
4
1
2
0
3
3
1
0
1
1
0
2
2
2
0
1
1
1
0
2
3
1
2
1
2
2
2
3
1
5
2
2
3
2
3
2
1
3
2
1
3
1
2
1
0
2
2
1
0
2
2
2
3
2
3
1
1
1
2
2
0
2
3
1
2
1
3
0
1
1
2
2
0
2
3
2
2
1
2
3
2
3
2
2
1
2
0
1
1
0
0
3
1
3
0
0
2
1
2
0
2
2
2
1
0
3
1
2
1
2
1
1
3
0
2
1
0
4
0
0
2
3
1
2
5
3
2
0
0
2
2
0
1
1
1
2
2
0
2
2
1
1
2
1
1
0
0
0
0
2
0
1
0
2
1
3
1
0
2
0
2
1
2
2
0
0
0
0
0
0
4
1
1
1
0
1
4
1
1
3
0
3
2
0
2
1
1
0
2
4
2
1
1
1
0
0
1
1
1
0
0
2
1
2
1
1
3
3
3
1
1
3
0
2
1
2
1
0
0
0
1
1
0
2
1
3
0
1
0
1
2
1
4
1
3
0
1
1
1
2
2
1
0
2
2
1
0
2
2
0
0
1
0
0
0
4
2
0
2
0
3
1
0
2
0
1
1
2
0
0
3
3
2
1
0
2
1
1
1
0
4
1
5
0
0
1
0
0
1
1
2
1
1
1
1
0
1
1
0
2
0
1
3
0
2
1
0
1
2
4
1
5
0
1
1
0
1
4
0
0
0
0
1
1
1
1
0
0
3
2
1
0
1
1
1
3
2
3
1
2
0
0
1
1
1
3
2
0
3
1
1
2
1
0
2
0
1
0
1
1
2
0
1
2
1
3
1
0
2
1
2
1
1
2
0
1
0
1
1
1
2
2
2
0
1
0
1
1
0
1
1
2
0
1
1
1
0
0
1
1
1
0
0
3
0
1
1
1
0
0
0
1
1
0
0
1
1
1
1
1
1
0
1
0
0
1
0
1
0
1
0
0
2
2
0
0
0
0
3
1
2
0
1
0
0
1
0
0
1
1
0
0
0
1
2
1
0
2
1
1
0
1
0
0
1
0
1
0
1
0
0
0
1
0
3
0
0
0
0
1
0
1
0
3
0
1
0
0
0
1
0
2
0
1
0
1
0
0
0
0
0
1
0
1
0
1
2
1
2
0
2
0
0
2
0
0
1
0
1
0
1
0
0
2
0
1
0
0
0
0
0
0
0
0
0
0
1
0
0
2
1
0
1
1
0
1
0
2
1
0
0
2
0
0
1
1
1
0
0
1
0
1
0
1
0
0
0
1
1
0
0
1
1
2
0
0
0
0
0
0
0
0
0
2
0
2
0
0
0
0
0
1
0
0
1
0
0
0
0
0
1
2
0
0
0
0
2
0
1
1
0
0
0
0
1
1
0
0
0
1
0
0
0
0
1
1
0
2
1
0
1
0
0
0
0
0
1
0
0
4
2
1
1
0
0
0
1
0
1
0
0
0
0
0
0
0
0
0
1
0
0
0
0
0
0
0
0
0
1
0
0
0
1
0
0
0
0
0
0
1
1
0
3
0
1
1
0
1
0
0
0
1
0
0
0
0
1
0
1
0
0
0
1
0
0
1
0
0
1
0
0
1
0
0
0
1
0
0
1
0
0
0
1
0
1
0
0
0
0
1
0
0
0
0
0
0
1
0
1
0
0
0
0
0
1
0
0
1
0
1
0
1
1
0
0
0
1
0
0
0
0
0
0
0
1
1
0
0
0
0
0
0
0
1
1
1
1
2
0
0
0
1
0
0
0
0
1
2
0
3
1
0
0
0
0
0
0
0
0
0
0
0
0
1
0
0
1
0
0
0
1
0
0
0
0
0
0
0
0
0
0
2
0
0
0
0
0
1
0
0
0
0
0
0
0
0
1
0
0
0
0
0
1
1
0
0
1
0
1
1
1
0
0
2
0
0
0
1
0
0
1
1
0
1
0
0
0
0
2
1
0
0
0
0
1
1
0
0
0
0
0
0
0
1
0
0
0
0
0
0
0
0
0
0
0
0
0
0
3
1
0
0
0
0
0
0
0
1
0
0
0
0
0
1
0
0
0
1
1
0
0
0
1
0
0
0
1
0
0
0
0
0
0
0
0
1
0
0
1
1
0
0
0
1
0
0
0
0
0
0
0
0
0
0
0
2
0
1
0
0
1
1
0
0
0
0
0
0
0
0
0
2
0
1
0
0
0
1
0
0
0
0
0
0
0
0
1
0
0
0
0
0
1
0
1
0
0
0
0
0
2
0
1
0
0
0
0
0
0
0
0
1
0
0
0
1
0
0
1
0
0
0
0
0
0
0
0
0
1
0
1
0
2
0
1
0
0
0
1
0
0
1
0
0
0
0
1
1
0
1
0
0
0
0
0
0
1
1
0
0
0
0
1
1
0
2
0
0
1
0
1
0
0
0
0
0
0
0
0
0
0
0
0
1
0
0
0
0
0
0
0
0
0
0
0
0
0
0
0
0
0
0
1
0
0
0
0
0
0
0
1
1
0
1
0
1
0
0
0
0
0
0
0
0
0
0
0
1
0
0
0
0
0
1
1
0
0
0
0
1
0
1
0
0
0
0
0
0
0
0
1
2
0
0
0
1
0
0
0
0
0
1
1
0
0
1
1
0
0
0
0
0
0
0
1
0
0
0
0
0
0
1
0
0
0
0
0
0
0
2
1
0
1
0
0
0
0
0
1
0
0
0
0
1
1
0
0
0
0
0
2
0
0
0
0
0
0
2
0
0
0
0
0
0
0
0
0
0
0
0
0
1
0
0
0
0
0
0
0
0
0
0
1
0
0
0
0
0
0
0
0
0
0
0
1
0
0
0
1
0
0
0
0
0
0
0
0
0
0
0
0
0
0
0
0
0
0
0
1
0
0
0
0
0
0
0
0
0
0
1
1
0
1
0
0
1
0
0
0
0
0
0
1
0
0
0
0
1
0
0
1
0
0
0
0
0
0
0
0
0
0
0
0
0
1
0
0
1
0
1
0
0
0
0
0
0
0
1
0
0
0
0
0
0
1
1
2
0
0
0
0
0
1
1
1
0
0
0
0
1
1
0
0
1
0
0
0
0
0
1
0
0
0
0
0
0
0
1
0
0
0
0
0
0
0
0
0
1
0
0
1
0
0
1
0
0
1
1
0
0
0
0
1
0
0
0
0
0
0
0
0
0
0
0
0
0
0
1
0
0
0
0
0
0
0
0
1
0
0
0
0
0
1
1
0
0
0
0
0
0
0
0
0
0
0
0
0
0
0
0
0
0
0
0
0
0
0
0
0
0
1
0
0
1
0
0
0
0
0
1
0
0
0
1
0
0
0
0
0
0
1
0
0
0
0
0
0
0
0
0
0
1
1
0
0
0
0
0
0
0
0
0
0
1
0
0
0
0
1
0
0
0
0
0
0
0
0
0
0
0
0
0
0
0
0
1
0
0
1
0
0
0
0
0
0
0
0
0
0
0
0
0
0
1
0
0
0
0
0
0
0
0
0
0
0
0
0
0
0
0
0
0
0
0
0
0
0
0
0
0
0
0
0
0
0
2
0
0
0
0
0
0
0
0
0
0
1
0
0
1
0
0
0
0
0
0
0
0
0
0
0
1
0
0
0
0
0
0
1
0
1
0
0
0
0
0
0
1
0
0
1
0
0
0
0
0
0
0
0
0
0
0
1
0
1
0
0
0
0
0
0
0
0
1
0
0
0
0
0
0
0
0
0
0
0
0
0
0
0
0
0
0
0
0
1
0
0
0
0
0
0
1
0
0
0
0
1
1
0
0
0
0
0
0
0
0
0
0
0
0
0
0
0
0
0
1
0
0
1
0
0
0
0
0
0
0
0
0
3
0
0
0
0
0
1
0
0
0
0
0
0
0
0
1
0
0
0
0
0
0
0
0
0
0
0
0
0
0
0
0
0
0
0
0
0
1
0
0
1
0
0
0
0
1
0
0
0
0
0
0
0
0
0
0
0
0
0
1
0
0
1
0
0
0
0
0
0
0
0
0
0
0
1
0
0
0
0
0
0
0
0
0
0
0
0
0
0
0
0
0
1
0
0
0
1
0
0
0
0
0
1
0
0
0
0
0
0
0
0
0
0
0
0
0
1
0
0
0
1
0
0
0
0
0
1
0
0
1
0
0
0
0
0
0
0
0
0
0
0
0
0
0
0
0
0
0
0
0
0
0
0
0
0
0
0
0
0
2
0
0
0
1
0
0
0
0
0
0
0
0
0
0
0
0
0
0
1
0
0
0
0
0
1
0
1
0
0
0
0
0
0
0
0
0
0
0
0
0
0
0
0
0
0
0
0
0
0
0
0
0
0
0
0
0
0
0
0
0
0
0
0
0
0
0
0
0
0
0
0
0
0
0
1
0
0
1
0
0
0
0
0
0
0
0
0
0
0
1
0
0
0
0
0
0
0
0
0
0
0
0
0
0
0
1
0
0
0
0
0
0
0
0
0
0
0
0
0
0
0
1
0
0
0
0
0
0
0
0
0
0
0
0
0
0
0
0
0
0
0
0
0
0
0
0
0
0
0
0
0
0
0
0
0
0
0
0
1
0
0
0
0
0
0
0
0
0
0
0
0
0
0
0
0
0
0
0
0
0
0
0
0
0
0
0
0
0
0
0
0
0
0
0
0
0
0
0
0
0
0
0
0
0
0
0
0
0
0
0
0
0
0
0
0
0
0
0
0
0
1
0
0
0
1
0
0
0
1
1
0
0
0
1
0
0
0
0
0
0
0
0
1
0
2
0
0
0
0
0
0
0
0
0
0
0
0
1
0
0
1
0
1
0
0
0
0
0
0
0
0
0
0
0
0
1
0
0
0
1
0
0
0
0
0
0
0
1
1
1
0
0
0
0
0
0
0
0
0
0
0
0
0
0
0
0
0
0
1
0
0
0
0
0
0
0
0
0
0
0
0
0
0
0
0
0
0
0
0
0
0
0
0
0
0
0
0
0
0
0
0
0
0
1
0
0
0
0
1
0
0
0
0
0
0
0
0
0
0
0
0
0
1
0
0
0
0
0
0
0
0
0
0
0
0
0
0
0
0
1
0
0
0
0
0
0
0
0
0
0
0
0
0
0
0
0
0
1
1
0
0
0
0
0
1
0
0
0
0
0
0
0
0
2
0
0
0
0
0
0
0
0
0
0
1
0
0
0
0
0
0
0
0
0
0
0
0
0
0
0
0
0
0
1
0
0
0
0
1
0
0
0
0
0
0
0
0
0
0
0
0
0
0
0
0
0
0
1
0
0
0
0
0
0
0
0
0
0
0
0
0
0
0
0
0
0
0
0
0
0
0
0
0
0
0
0
0
0
0
0
0
0
0
0
0
0
0
0
0
0
1
0
1
0
0
0
0
0
0
0
0
0
0
0
0
0
0
0
0
0
0
0
0
0
0
0
0
0
0
0
0
0
0
1
0
0
0
0
0
0
0
0
0
0
0
0
0
0
0
0
0
0
0
0
0
0
0
0
0
0
0
0
0
0
0
0
0
0
0
0
0
0
0
0
0
0
0
0
0
0
0
0
0
1
0
0
0
0
0
0
0
0
0
0
0
0
0
0
0
0
0
0
0
0
0
0
0
0
0
0
0
0
0
0
0
1
0
0
0
0
0
0
0
0
0
0
0
0
0
0
0
0
0
0
0
0
0
0
0
0
0
0
0
0
0
0
0
0
0
0
0
0
0
0
0
0
0
0
0
0
0
0
0
0
0
0
0
0
0
0
0
0
0
0
0
0
1
0
0
0
0
0
1
0
0
0
0
0
0
0
0
0
0
0
0
0
0
0
0
0
0
0
0
0
0
0
0
0
0
0
0
0
0
0
0
0
0
0
0
0
0
0
0
0
0
0
0
0
1
0
0
0
0
0
0
0
0
0
1
0
0
0
0
0
0
0
0
0
0
0
0
0
1
0
0
0
0
0
0
0
0
0
1
0
0
0
1
0
0
0
0
0
0
0
1
0
0
0
0
0
0
0
0
0
0
0
0
0
0
0
0
0
0
0
0
1
0
1
0
0
0
0
0
0
0
0
0
0
0
0
0
0
0
0
0
0
0
0
0
0
0
0
0
0
1
0
0
0
0
0
0
0
0
0
0
0
0
0
0
0
0
0
0
0
0
0
0
0
0
0
0
0
0
0
0
0
0
0
0
0
0
0
0
0
0
0
0
0
0
0
0
0
0
0
0
0
0
0
0
0
0
0
0
0
0
0
0
0
0
0
0
0
0
0
0
0
0
0
0
0
0
0
0
0
0
0
0
0
0
0
0
0
0
0
1
0
0
0
0
0
0
0
0
0
0
0
0
0
0
0
0
0
0
0
0
0
0
0
0
0
0
0
0
0
1
0
0
0
0
0
0
0
0
0
0
0
0
0
0
0
0
0
0
0
0
0
0
0
0
0
0
0
0
0
0
0
1
0
0
0
0
0
0
0
0
0
0
0
0
0
0
0
0
0
0
0
0
0
0
0
0
0
0
0
0
0
0
0
0
0
0
0
0
0
2
1
0
0
0
0
0
0
0
0
0
0
0
0
0
0
0
0
0
0
0
0
0
0
0
0
0
1
0
0
0
0
0
0
0
0
0
0
1
0
0
0
0
0
0
0
0
0
0
0
0
0
0
0
0
0
0
0
0
0
0
0
0
0
0
0
0
0
0
0
0
0
0
0
0
0
0
0
0
0
0
0
0
0
0
0
0
0
0
0
0
0
0
0
0
0
0
0
0
0
0
0
0
0
0
0
0
1
0
0
0
0
0
0
0
0
0
0
0
0
0
0
0
0
0
0
0
0
0
0
0
0
0
0
0
0
0
0
0
0
0
0
0
0
0
0
0
0
0
0
0
0
0
0
0
0
0
0
0
0
0
0
0
0
0
0
0
0
0
0
0
0
0
0
0
0
0
0
0
1
0
0
0
0
0
0
0
0
0
0
0
0
0
0
0
0
0
0
0
0
0
0
0
0
0
0
0
0
0
0
0
0
0
0
0
0
0
0
0
0
0
0
0
0
0
0
0
0
0
0
0
0
0
0
0
0
0
0
0
0
0
0
0
0
0
0
0
0
0
0
0
0
0
0
0
0
0
0
0
0
0
0
0
0
1
0
0
0
0
0
0
0
0
0
0
0
0
0
0
0
0
0
0
0
0
0
0
0
0
0
0
0
0
0
0
0
0
0
0
0
0
0
0
0
0
0
0
0
0
0
0
0
0
0
0
0
0
0
0
0
0
0
0
0
0
0
0
0
0
0
0
0
0
0
0
0
0
0
0
0
0
0
0
0
0
0
0
0
0
0
0
0
0
0
0
0
0
0
0
0
0
0
0
0
0
0
0
0
0
0
0
0
0
0
0
0
0
0
0
0
0
0
0
0
0
0
1
0
0
0
0
0
0
0
0
0
0
0
0
0
0
0
0
0
0
0
0
0
0
0
0
0
0
0
0
0
0
0
0
0
0
0
0
0
0
0
0
0
0
0
0
0
0
0
0
0
0
0
0
0
0
1
0
0
0
0
0
0
0
0
0
0
0
0
0
0
0
0
0
0
0
0
0
0
0
0
0
1
0
0
0
0
0
0
0
0
0
0
0
0
0
0
0
0
0
0
0
0
0
0
0
0
0
0
0
0
0
0
0
0
0
0
0
0
0
0
0
0
1
0
0
0
0
0
0
0
0
0
0
0
0
1
0
0
0
0
0
0
0
0
0
0
0
0
0
0
0
0
0
0
0
0
0
0
0
0
0
0
0
0
0
0
0
0
0
0
0
0
0
0
0
0
0
0
0
0
0
0
0
0
0
0
0
0
0
0
0
0
0
0
0
0
0
0
0
0
0
0
0
0
0
0
0
0
0
0
0
0
0
0
0
0
0
0
0
0
0
0
0
0
0
0
0
0
0
0
0
1
0
0
0
0
0
0
0
0
0
0
0
0
0
0
0
0
0
0
0
0
0
0
0
0
0
0
0
0
0
0
0
0
0
0
0
0
0
0
0
0
0
0
0
0
0
0
0
0
0
0
0
0
0
0
0
0
0
0
0
0
0
0
0
0
0
0
0
0
0
0
0
0
0
0
0
0
0
0
0
0
0
0
0
0
0
0
0
0
0
0
0
0
0
0
0
0
0
0
1
0
0
0
0
0
0
0
0
0
0
0
0
0
0
0
0
0
0
0
0
0
0
0
0
0
0
0
0
0
0
0
0
0
0
0
0
0
0
0
0
0
0
0
0
0
0
0
0
0
0
0
0
0
0
0
0
0
0
0
0
0
0
0
0
0
0
0
0
0
0
0
0
0
0
0
0
0
0
0
0
0
0
0
0
0
0
0
0
0
0
0
0
0
0
0
0
0
0
0
0
0
0
0
0
0
0
0
0
0
0
0
0
0
0
0
0
0
0
0
0
0
0
0
0
0
0
0
0
0
0
0
0
0
0
0
0
0
0
1
0
0
0
0
0
0
0
0
0
0
0
0
0
0
0
0
0
0
0
0
0
0
0
0
0
0
0
0
0
0
0
0
0
0
0
0
0
0
0
0
0
0
0
0
0
0
0
0
0
0
0
0
0
0
0
0
0
0
0
0
0
1
0
0
0
0
0
0
0
0
0
0
0
0
0
0
0
0
0
0
0
0
0
0
0
0
0
0
0
0
0
0
0
0
0
0
0
0
0
0
0
0
0
0
0
0
0
0
0
0
0
0
0
0
0
0
0
0
0
0
0
0
0
0
0
0
0
0
0
0
0
0
0
0
0
0
1
0
0
0
0
0
0
0
0
0
0
0
0
0
0
0
0
0
0
0
0
0
0
0
0
0
0
1
0
0
0
0
0
0
0
0
0
0
0
0
0
0
0
0
1
0
0
0
0
0
0
0
0
0
0
0
0
0
0
0
0
0
0
0
0
0
0
0
0
0
0
0
0
0
0
0
0
0
0
0
0
0
0
0
0
0
0
0
0
0
0
0
0
0
0
0
0
0
0
0
0
0
0
0
0
0
0
0
0
0
0
0
0
0
0
0
0
0
0
0
0
0
0
0
0
0
0
0
0
0
0
0
0
0
0
0
0
0
0
0
0
0
0
0
0
0
0
0
0
0
0
0
0
0
0
0
0
0
0
0
0
0
0
0
0
0
0
0
0
0
0
0
0
0
0
0
0
0
0
0
0
0
0
0
0
0
0
0
0
0
0
0
0
0
0
0
0
0
0
0
0
0
0
0
0
0
0
0
0
0
0
0
0
0
0
0
0
0
0
0
0
0
0
0
0
0
0
0
0
0
0
0
0
0
0
0
0
0
0
0
0
0
0
0
0
0
0
0
0
0
0
0
1
0
0
0
0
0
0
0
0
0
0
0
0
0
0
0
0
0
0
0
0
0
0
0
0
0
0
0
0
0
0
0
0
0
0
0
0
0
0
0
0
0
0
0
0
0
0
0
0
0
0
0
0
0
0
0
0
0
0
0
0
0
0
0
0
0
0
0
0
0
0
0
0
0
0
0
0
0
0
0
0
0
0
0
0
0
0
0
0
0
0
0
0
0
0
0
0
0
0
0
0
0
0
0
0
0
0
0
0
0
0
0
0
0
0
0
0
0
0
0
0
0
0
0
0
0
0
0
0
0
0
0
0
0
0
0
0
0
0
0
0
0
0
0
0
0
0
0
0
0
0
0
0
0
0
0
0
0
0
0
0
0
0
0
0
0
0
0
0
0
0
0
0
0
0
0
0
0
0
0
0
0
0
0
0
