 -inf
Curve -inf
Curve -inf
x -inf
0 5.24702
0.01 5.27811
0.02 5.19296
0.03 5.34711
0.04 5.2933
0.05 5.18739
0.06 5.22036
0.07 5.11199
0.08 5.23644
0.09 5.19296
0.1 5.1358
0.11 5.20401
0.12 4.93447
0.13 5.15906
0.14 5.0814
0.15 5.0876
0.16 5.15906
0.17 4.95583
0.18 5.0689
0.19 5.03695
0.2 5.11199
0.21 5.1299
0.22 4.95583
0.23 5.04986
0.24 4.99043
0.25 5.10595
0.26 4.94164
0.27 5.09375
0.28 4.82028
0.29 4.95583
0.3 5.05625
0.31 5.02388
0.32 4.82028
0.33 4.84419
0.34 4.8752
0.35 4.78749
0.36 4.83628
0.37 4.85203
0.38 4.91998
0.39 5.00395
0.4 4.94876
0.41 4.82028
0.42 4.85981
0.43 4.79579
0.44 4.99721
0.45 4.8752
0.46 4.81218
0.47 4.74493
0.48 4.82831
0.49 4.77068
0.5 4.75359
0.51 4.82028
0.52 4.59512
0.53 4.80402
0.54 4.84419
0.55 4.82028
0.56 4.77912
0.57 4.83628
0.58 4.70953
0.59 4.70048
0.6 4.54329
0.61 4.52179
0.62 4.67283
0.63 4.52179
0.64 4.66344
0.65 4.72739
0.66 4.77068
0.67 4.67283
0.68 4.68213
0.69 4.52179
0.7 4.52179
0.71 4.70953
0.72 4.72739
0.73 4.44265
0.74 4.40672
0.75 4.67283
0.76 4.63473
0.77 4.59512
0.78 4.47734
0.79 4.48864
0.8 4.70953
0.81 4.40672
0.82 4.46591
0.83 4.52179
0.84 4.45435
0.85 4.56435
0.86 4.29046
0.87 4.36945
0.88 4.36945
0.89 4.60517
0.9 4.43082
0.91 4.61512
0.92 4.34381
0.93 4.40672
0.94 4.41884
0.95 4.44265
0.96 4.56435
0.97 4.38203
0.98 4.46591
0.99 4.43082
1 4.41884
1.01 4.40672
1.02 4.27667
1.03 4.15888
1.04 4.15888
1.05 4.15888
1.06 4.20469
1.07 4.35671
1.08 4.2485
1.09 4.14313
1.1 4.39445
1.11 4.21951
1.12 4.30407
1.13 4.31749
1.14 4.26268
1.15 4.26268
1.16 4.06044
1.17 4.20469
1.18 4.18965
1.19 4.23411
1.2 4.30407
1.21 4.00733
1.22 4.21951
1.23 4.34381
1.24 4.14313
1.25 4.09434
1.26 3.93183
1.27 4.17439
1.28 3.80666
1.29 4.15888
1.3 4.20469
1.31 4.12713
1.32 4.02535
1.33 4.17439
1.34 4.02535
1.35 3.97029
1.36 4.12713
1.37 4.06044
1.38 4.07754
1.39 3.93183
1.4 4.23411
1.41 3.78419
1.42 4.20469
1.43 3.95124
1.44 4.06044
1.45 3.68888
1.46 3.98898
1.47 3.95124
1.48 4.20469
1.49 4.09434
1.5 3.89182
1.51 3.95124
1.52 3.91202
1.53 3.93183
1.54 4.09434
1.55 3.78419
1.56 3.93183
1.57 3.89182
1.58 3.95124
1.59 3.93183
1.6 4.11087
1.61 3.89182
1.62 4.04305
1.63 3.52636
1.64 3.80666
1.65 3.68888
1.66 3.71357
1.67 3.89182
1.68 3.68888
1.69 3.78419
1.7 3.97029
1.71 3.89182
1.72 3.98898
1.73 3.8712
1.74 3.80666
1.75 3.71357
1.76 3.73767
1.77 3.68888
1.78 3.85015
1.79 3.71357
1.8 3.43399
1.81 3.91202
1.82 3.68888
1.83 3.7612
1.84 3.80666
1.85 3.63759
1.86 3.66356
1.87 3.55535
1.88 3.58352
1.89 3.46574
1.9 3.63759
1.91 3.49651
1.92 3.71357
1.93 3.55535
1.94 3.71357
1.95 3.71357
1.96 3.73767
1.97 3.91202
1.98 3.73767
1.99 3.58352
2 3.49651
2.01 3.43399
2.02 3.78419
2.03 3.85015
2.04 3.78419
2.05 3.55535
2.06 3.49651
2.07 3.71357
2.08 3.8712
2.09 3.29584
2.1 3.61092
2.11 3.82864
2.12 3.52636
2.13 3.46574
2.14 3.2581
2.15 3.68888
2.16 3.46574
2.17 3.61092
2.18 3.29584
2.19 3.52636
2.2 3.73767
2.21 3.66356
2.22 3.21888
2.23 3.3322
2.24 3.17805
2.25 3.3673
2.26 3.13549
2.27 3.4012
2.28 3.49651
2.29 3.3673
2.3 3.17805
2.31 3.46574
2.32 3.2581
2.33 3.58352
2.34 3.58352
2.35 2.89037
2.36 3.49651
2.37 3.09104
2.38 3.17805
2.39 3.29584
2.4 3.43399
2.41 3.2581
2.42 3.4012
2.43 3.49651
2.44 3.13549
2.45 3.17805
2.46 3.3322
2.47 3.09104
2.48 3.3673
2.49 3.46574
2.5 3.21888
2.51 3.09104
2.52 3.4012
2.53 3.17805
2.54 3.2581
2.55 3.09104
2.56 3.09104
2.57 3.21888
2.58 3.04452
2.59 3.43399
2.6 3.09104
2.61 3.13549
2.62 3.4012
2.63 3.4012
2.64 3.3673
2.65 3.68888
2.66 3.4012
2.67 3.2581
2.68 3.13549
2.69 3.17805
2.7 3.2581
2.71 3.13549
2.72 3.21888
2.73 3.29584
2.74 2.89037
2.75 3.13549
2.76 3.17805
2.77 2.77259
2.78 3.09104
2.79 2.83321
2.8 3.17805
2.81 3.29584
2.82 3.3673
2.83 2.70805
2.84 3.13549
2.85 2.99573
2.86 2.70805
2.87 3.09104
2.88 2.94444
2.89 2.63906
2.9 3.29584
2.91 3.17805
2.92 3.13549
2.93 3.3322
2.94 3.13549
2.95 3.13549
2.96 3.29584
2.97 2.99573
2.98 3.09104
2.99 3.13549
3 2.77259
3.01 3.04452
3.02 2.77259
3.03 2.94444
3.04 2.83321
3.05 2.77259
3.06 2.56495
3.07 2.48491
3.08 2.89037
3.09 2.56495
3.1 2.89037
3.11 3.09104
3.12 2.99573
3.13 2.94444
3.14 2.63906
3.15 3.09104
3.16 2.83321
3.17 2.89037
3.18 2.70805
3.19 2.56495
3.2 3.04452
3.21 2.63906
3.22 2.77259
3.23 3.2581
3.24 2.56495
3.25 2.77259
3.26 2.77259
3.27 2.99573
3.28 3.09104
3.29 2.77259
3.3 2.56495
3.31 2.99573
3.32 2.99573
3.33 3.09104
3.34 3.21888
3.35 2.30259
3.36 2.99573
3.37 2.77259
3.38 2.56495
3.39 3.17805
3.4 2.77259
3.41 2.48491
3.42 2.99573
3.43 2.83321
3.44 3.13549
3.45 2.63906
3.46 2.56495
3.47 2.77259
3.48 2.83321
3.49 2.70805
3.5 2.70805
3.51 2.99573
3.52 2.48491
3.53 2.99573
3.54 2.70805
3.55 2.99573
3.56 2.70805
3.57 2.83321
3.58 2.94444
3.59 2.89037
3.6 2.99573
3.61 2.63906
3.62 3.13549
3.63 2.56495
3.64 2.77259
3.65 2.48491
3.66 2.89037
3.67 1.79176
3.68 2.30259
3.69 2.3979
3.7 2.70805
3.71 2.56495
3.72 2.83321
3.73 2.3979
3.74 1.94591
3.75 2.3979
3.76 1.79176
3.77 2.56495
3.78 2.3979
3.79 2.70805
3.8 2.56495
3.81 2.70805
3.82 2.48491
3.83 2.83321
3.84 2.83321
3.85 1.94591
3.86 3.13549
3.87 2.63906
3.88 2.89037
3.89 2.48491
3.9 2.70805
3.91 2.3979
3.92 2.83321
3.93 2.56495
3.94 2.94444
3.95 2.3979
3.96 2.56495
3.97 2.3979
3.98 1.94591
3.99 2.94444
4 2.70805
4.01 2.89037
4.02 2.56495
4.03 2.70805
4.04 2.83321
4.05 2.83321
4.06 2.30259
4.07 2.30259
4.08 2.83321
4.09 2.3979
4.1 2.56495
4.11 2.19722
4.12 2.56495
4.13 2.3979
4.14 2.19722
4.15 2.56495
4.16 2.56495
4.17 2.19722
4.18 1.60944
4.19 2.07944
4.2 2.70805
4.21 2.3979
4.22 2.56495
4.23 2.30259
4.24 2.30259
4.25 2.19722
4.26 2.56495
4.27 2.3979
4.28 2.56495
4.29 2.30259
4.3 2.07944
4.31 2.07944
4.32 1.79176
4.33 2.30259
4.34 2.07944
4.35 2.3979
4.36 2.30259
4.37 2.70805
4.38 2.19722
4.39 1.79176
4.4 1.79176
4.41 2.56495
4.42 2.19722
4.43 1.94591
4.44 1.79176
4.45 2.56495
4.46 2.30259
4.47 2.07944
4.48 2.30259
4.49 2.56495
4.5 2.07944
4.51 2.3979
4.52 2.07944
4.53 2.19722
4.54 2.19722
4.55 2.30259
4.56 2.30259
4.57 2.56495
4.58 2.56495
4.59 2.63906
4.6 1.09861
4.61 2.07944
4.62 2.48491
4.63 2.30259
4.64 2.19722
4.65 1.94591
4.66 2.30259
4.67 2.56495
4.68 2.3979
4.69 2.30259
4.7 2.19722
4.71 2.07944
4.72 2.30259
4.73 2.3979
4.74 2.3979
4.75 2.30259
4.76 1.79176
4.77 1.79176
4.78 2.07944
4.79 2.48491
4.8 2.19722
4.81 1.94591
4.82 2.63906
4.83 1.79176
4.84 2.30259
4.85 1.94591
4.86 2.3979
4.87 1.79176
4.88 1.94591
4.89 2.3979
4.9 1.94591
4.91 2.07944
4.92 2.3979
4.93 2.07944
4.94 2.56495
4.95 1.79176
4.96 2.07944
4.97 1.38629
4.98 2.70805
4.99 2.48491
5 2.07944
5.01 1.60944
5.02 2.07944
5.03 1.94591
5.04 1.79176
5.05 1.94591
5.06 2.30259
5.07 2.48491
5.08 1.79176
5.09 2.30259
5.1 2.07944
5.11 2.07944
5.12 1.38629
5.13 1.94591
5.14 2.48491
5.15 2.07944
5.16 1.60944
5.17 2.07944
5.18 1.60944
5.19 2.3979
5.2 2.19722
5.21 2.07944
5.22 2.07944
5.23 2.3979
5.24 2.70805
5.25 1.60944
5.26 2.19722
5.27 2.19722
5.28 1.79176
5.29 1.79176
5.3 1.38629
5.31 1.79176
5.32 1.60944
5.33 1.94591
5.34 0.693147
5.35 1.60944
5.36 2.48491
5.37 1.60944
5.38 1.38629
5.39 1.94591
5.4 2.07944
5.41 1.38629
5.42 2.56495
5.43 2.19722
5.44 1.60944
5.45 1.94591
5.46 1.79176
5.47 1.79176
5.48 2.07944
5.49 2.3979
5.5 1.79176
5.51 2.07944
5.52 2.19722
5.53 1.09861
5.54 1.79176
5.55 2.3979
5.56 1.94591
5.57 1.60944
5.58 1.60944
5.59 1.38629
5.6 1.60944
5.61 2.3979
5.62 2.07944
5.63 1.60944
5.64 1.60944
5.65 1.79176
5.66 2.07944
5.67 1.60944
5.68 1.09861
5.69 1.94591
5.7 2.19722
5.71 2.3979
5.72 1.94591
5.73 2.30259
5.74 1.79176
5.75 1.60944
5.76 2.07944
5.77 1.09861
5.78 2.30259
5.79 2.07944
5.8 1.94591
5.81 0.693147
5.82 2.3979
5.83 1.38629
5.84 1.38629
5.85 1.79176
5.86 0
5.87 2.30259
5.88 1.09861
5.89 1.38629
5.9 2.07944
5.91 1.94591
5.92 2.07944
5.93 1.38629
5.94 1.38629
5.95 1.38629
5.96 1.79176
5.97 1.79176
5.98 1.94591
5.99 0.693147
6 1.94591
6.01 1.38629
6.02 0
6.03 2.07944
6.04 0.693147
6.05 2.19722
6.06 1.38629
6.07 1.79176
6.08 2.07944
6.09 2.07944
6.1 0.693147
6.11 1.60944
6.12 1.79176
6.13 1.94591
6.14 1.60944
6.15 0.693147
6.16 1.09861
6.17 1.79176
6.18 1.94591
6.19 2.07944
6.2 1.38629
6.21 1.60944
6.22 1.38629
6.23 2.3979
6.24 1.94591
6.25 1.60944
6.26 1.79176
6.27 1.79176
6.28 0.693147
6.29 1.79176
6.3 2.30259
6.31 1.60944
6.32 1.79176
6.33 2.30259
6.34 1.38629
6.35 1.09861
6.36 0.693147
6.37 2.07944
6.38 1.79176
6.39 1.60944
6.4 1.38629
6.41 1.60944
6.42 2.19722
6.43 1.79176
6.44 1.79176
6.45 1.79176
6.46 2.07944
6.47 1.09861
6.48 1.09861
6.49 0.693147
6.5 1.38629
6.51 2.19722
6.52 2.07944
6.53 1.94591
6.54 1.79176
6.55 1.79176
6.56 1.94591
6.57 1.38629
6.58 2.19722
6.59 2.07944
6.6 2.19722
6.61 1.60944
6.62 1.79176
6.63 1.79176
6.64 1.94591
6.65 1.09861
6.66 0.693147
6.67 1.79176
6.68 1.09861
6.69 1.60944
6.7 1.60944
6.71 1.38629
6.72 1.09861
6.73 1.38629
6.74 1.09861
6.75 2.07944
6.76 1.38629
6.77 1.79176
6.78 2.07944
6.79 1.79176
6.8 2.07944
6.81 0.693147
6.82 1.38629
6.83 1.09861
6.84 1.60944
6.85 0.693147
6.86 1.94591
6.87 1.38629
6.88 1.79176
6.89 1.79176
6.9 1.79176
6.91 1.60944
6.92 0.693147
6.93 0
6.94 1.09861
6.95 1.79176
6.96 1.09861
6.97 1.79176
6.98 1.38629
6.99 1.38629
7 1.79176
7.01 1.60944
7.02 1.79176
7.03 1.94591
7.04 0.693147
7.05 1.94591
7.06 1.79176
7.07 1.38629
7.08 1.79176
7.09 1.60944
7.1 2.19722
7.11 0.693147
7.12 1.79176
7.13 1.79176
7.14 1.60944
7.15 1.79176
7.16 1.38629
7.17 1.94591
7.18 1.94591
7.19 2.07944
7.2 1.09861
7.21 0
7.22 1.60944
7.23 1.09861
7.24 0.693147
7.25 1.60944
7.26 1.09861
7.27 1.60944
7.28 0.693147
7.29 1.60944
7.3 1.09861
7.31 1.60944
7.32 1.38629
7.33 0.693147
7.34 0.693147
7.35 0
7.36 1.38629
7.37 1.94591
7.38 0.693147
7.39 1.09861
7.4 1.38629
7.41 0
7.42 1.09861
7.43 0.693147
7.44 1.09861
7.45 1.38629
7.46 2.30259
7.47 0.693147
7.48 1.38629
7.49 1.94591
7.5 1.09861
7.51 1.94591
7.52 2.07944
7.53 1.09861
7.54 1.38629
7.55 1.38629
7.56 0.693147
7.57 1.60944
7.58 1.38629
7.59 1.79176
7.6 1.38629
7.61 0
7.62 0.693147
7.63 1.79176
7.64 1.38629
7.65 1.94591
7.66 1.38629
7.67 2.07944
7.68 1.09861
7.69 1.09861
7.7 2.07944
7.71 0.693147
7.72 1.09861
7.73 1.94591
7.74 1.38629
7.75 1.79176
7.76 1.09861
7.77 1.94591
7.78 1.09861
7.79 0
7.8 1.09861
7.81 1.60944
7.82 0
7.83 1.60944
7.84 1.38629
7.85 0.693147
7.86 1.38629
7.87 1.09861
7.88 1.94591
7.89 0
7.9 1.60944
7.91 1.38629
7.92 0.693147
7.93 1.79176
7.94 1.79176
7.95 0.693147
7.96 1.09861
7.97 1.38629
7.98 1.38629
7.99 1.38629
8 1.38629
8.01 1.09861
8.02 0.693147
8.03 1.79176
8.04 1.38629
8.05 1.09861
8.06 2.19722
8.07 0
8.08 1.38629
8.09 1.60944
8.1 0
8.11 1.79176
8.12 1.79176
8.13 0.693147
8.14 1.09861
8.15 1.38629
8.16 1.60944
8.17 1.60944
8.18 1.60944
8.19 0.693147
8.2 1.60944
8.21 1.09861
8.22 0.693147
8.23 1.09861
8.24 1.38629
8.25 1.38629
8.26 0
8.27 0.693147
8.28 1.38629
8.29 2.07944
8.3 1.60944
8.31 1.38629
8.32 0
8.33 1.09861
8.34 1.94591
8.36 0.693147
8.37 1.38629
8.38 0.693147
8.39 1.09861
8.4 1.38629
8.41 1.38629
8.42 1.09861
8.43 1.09861
8.44 0
8.45 1.38629
8.46 1.09861
8.47 1.60944
8.48 0.693147
8.49 1.09861
8.5 0
8.51 0.693147
8.52 1.38629
8.53 1.09861
8.54 0.693147
8.55 1.38629
8.56 1.38629
8.57 0.693147
8.58 0.693147
8.59 1.79176
8.61 0
8.62 0
8.63 1.60944
8.64 1.94591
8.65 1.60944
8.66 1.09861
8.68 1.60944
8.69 1.09861
8.7 1.38629
8.71 1.60944
8.73 1.38629
8.74 0.693147
8.75 1.38629
8.76 1.38629
8.77 0.693147
8.8 1.60944
8.81 1.38629
8.82 0
8.84 1.60944
8.85 0
8.86 1.09861
8.87 1.38629
8.88 1.09861
8.89 1.09861
8.9 1.38629
8.92 0
8.93 0.693147
8.94 0.693147
8.95 1.60944
8.96 1.09861
8.97 1.09861
8.98 1.09861
8.99 0.693147
9 0.693147
9.01 0.693147
9.02 0
9.03 1.09861
9.04 1.38629
9.05 0.693147
9.06 1.09861
9.08 1.79176
9.09 0
9.1 0
9.11 0.693147
9.12 1.60944
9.13 1.09861
9.14 0.693147
9.15 0
9.16 1.60944
9.18 0.693147
9.19 1.38629
9.2 1.09861
9.21 1.38629
9.22 0
9.23 1.38629
9.24 1.38629
9.25 1.09861
9.26 1.38629
9.27 0.693147
9.28 0.693147
9.29 0.693147
9.3 1.09861
9.31 1.09861
9.32 1.09861
9.33 0.693147
9.34 1.38629
9.35 0.693147
9.36 1.60944
9.37 0.693147
9.38 1.38629
9.39 0.693147
9.4 0
9.41 0
9.42 1.60944
9.43 0.693147
9.44 1.09861
9.45 1.38629
9.46 1.60944
9.47 2.07944
9.48 1.09861
9.49 0.693147
9.5 0.693147
9.51 1.09861
9.52 1.60944
9.53 1.09861
9.54 1.38629
9.55 1.09861
9.56 1.09861
9.57 1.38629
9.58 0.693147
9.59 1.79176
9.61 0.693147
9.62 0
9.63 1.09861
9.64 1.38629
9.65 0.693147
9.66 1.38629
9.67 1.09861
9.68 0.693147
9.69 0.693147
9.7 1.60944
9.71 0.693147
9.72 1.60944
9.73 0
9.74 1.38629
9.75 0
9.77 1.09861
9.78 1.79176
9.79 1.79176
9.8 0.693147
9.81 0.693147
9.82 0.693147
9.83 1.38629
9.84 1.09861
9.85 0
9.86 0.693147
9.87 0
9.88 1.38629
9.89 0.693147
9.9 0
9.91 0
9.92 0
9.93 1.09861
9.94 0.693147
9.95 1.60944
9.97 0
9.98 1.09861
9.99 0.693147
10.01 1.38629
10.02 0.693147
10.03 1.38629
10.04 0.693147
10.05 0
10.06 1.09861
10.07 0
10.08 1.38629
10.09 0.693147
10.1 0
10.11 1.09861
10.12 0.693147
10.13 0.693147
10.14 0
10.15 0.693147
10.16 1.09861
10.17 1.60944
10.18 0.693147
10.19 0.693147
10.2 0.693147
10.21 0
10.22 1.60944
10.23 1.09861
10.24 0
10.25 1.09861
10.26 1.60944
10.27 0
10.28 0.693147
10.29 1.79176
10.3 1.09861
10.31 1.60944
10.32 1.38629
10.33 1.09861
10.34 0.693147
10.35 1.60944
10.36 0
10.37 1.09861
10.38 0
10.39 1.09861
10.4 1.09861
10.41 1.38629
10.42 0.693147
10.43 0
10.44 1.09861
10.45 1.09861
10.46 0
10.47 0.693147
10.48 1.09861
10.49 1.09861
10.5 0.693147
10.51 1.09861
10.52 0.693147
10.54 0.693147
10.55 1.38629
10.56 0
10.57 0
10.58 1.38629
10.59 1.09861
10.61 1.09861
10.62 1.38629
10.63 1.09861
10.64 1.38629
10.65 0.693147
10.66 0
10.67 0
10.68 0.693147
10.69 0.693147
10.7 2.19722
10.71 1.09861
10.72 0.693147
10.73 1.60944
10.74 0
10.75 0
10.76 0.693147
10.77 1.09861
10.78 0
10.79 0.693147
10.8 0.693147
10.81 1.09861
10.82 0
10.83 1.38629
10.84 0.693147
10.85 1.09861
10.86 1.09861
10.88 0
10.89 0.693147
10.9 1.09861
10.91 1.60944
10.92 1.09861
10.93 0.693147
10.94 0
10.95 1.09861
10.97 1.38629
10.98 1.38629
10.99 1.38629
11 1.38629
11.02 1.09861
11.04 0
11.05 0
11.06 1.09861
11.07 1.09861
11.08 1.38629
11.1 0
11.11 1.38629
11.12 0
11.13 0.693147
11.14 0
11.15 0.693147
11.16 0
11.17 1.09861
11.18 0
11.19 0
11.2 0
11.21 0.693147
11.22 1.09861
11.23 0.693147
11.24 1.09861
11.25 0
11.26 1.09861
11.27 0
11.28 1.09861
11.29 0.693147
11.3 1.09861
11.31 2.19722
11.32 0
11.34 0.693147
11.36 0.693147
11.37 1.09861
11.39 1.09861
11.4 0
11.41 0
11.42 1.09861
11.43 1.38629
11.44 0
11.46 1.38629
11.47 1.09861
11.48 0
11.49 0
11.5 1.79176
11.51 1.60944
11.52 0.693147
11.53 1.09861
11.54 1.38629
11.55 0.693147
11.56 1.60944
11.58 1.09861
11.59 0.693147
11.6 0.693147
11.61 1.38629
11.62 0.693147
11.63 0
11.64 0
11.65 0.693147
11.66 1.79176
11.67 0
11.68 0.693147
11.69 0.693147
11.72 0
11.73 1.09861
11.75 0.693147
11.76 0.693147
11.77 1.60944
11.81 0
11.82 0.693147
11.83 0.693147
11.84 0.693147
11.86 0.693147
11.87 0
11.88 1.09861
11.89 0
11.9 0
11.91 1.38629
11.92 0
11.93 1.60944
11.94 0.693147
11.96 1.09861
11.97 0
11.98 0
11.99 0
12 1.09861
12.01 1.09861
12.02 1.09861
12.04 0
12.05 0
12.06 0.693147
12.07 0.693147
12.08 1.38629
12.09 1.38629
12.1 0
12.11 0
12.12 0.693147
12.13 0
12.14 1.38629
12.17 0
12.19 1.09861
12.21 1.09861
12.22 1.38629
12.23 1.09861
12.24 1.94591
12.25 0
12.26 1.09861
12.28 1.09861
12.29 0.693147
12.31 0.693147
12.33 0
12.34 0.693147
12.35 0
12.36 0.693147
12.37 0
12.38 1.09861
12.39 1.09861
12.4 1.09861
12.41 0.693147
12.42 1.38629
12.43 1.09861
12.44 1.09861
12.45 0
12.46 1.09861
12.47 0
12.48 0
12.5 0
12.51 1.09861
12.52 0.693147
12.53 0.693147
12.54 1.09861
12.56 1.38629
12.57 0.693147
12.58 0
12.59 1.09861
12.6 0.693147
12.61 0.693147
12.62 0.693147
12.63 0
12.65 0
12.66 1.09861
12.67 0.693147
12.68 1.38629
12.69 0.693147
12.71 1.38629
12.72 0
12.73 0.693147
12.74 0
12.75 1.09861
12.76 0.693147
12.77 1.09861
12.78 1.09861
12.79 0
12.8 0.693147
12.81 0
12.82 1.38629
12.83 1.79176
12.84 1.38629
12.85 0.693147
12.86 0.693147
12.87 0.693147
12.88 0.693147
12.9 1.38629
12.91 1.38629
12.92 0
12.94 0.693147
12.95 1.09861
12.96 0
12.97 0
12.98 1.09861
12.99 0
13 0.693147
13.02 1.09861
13.03 0.693147
13.04 0
13.08 0
13.09 1.38629
13.1 1.09861
13.13 0.693147
13.14 0.693147
13.15 0.693147
13.16 1.60944
13.18 1.79176
13.19 0
13.2 0
13.21 0.693147
13.22 0.693147
13.23 0
13.25 0.693147
13.26 0
13.27 0
13.28 0.693147
13.29 0.693147
13.3 0.693147
13.31 0.693147
13.32 0
13.33 0.693147
13.34 0.693147
13.35 0
13.37 0
13.38 0.693147
13.4 0.693147
13.41 0
13.42 1.60944
13.43 0.693147
13.44 0
13.45 1.09861
13.46 0.693147
13.47 1.38629
13.48 0.693147
13.49 0.693147
13.5 0.693147
13.51 1.09861
13.52 1.79176
13.53 1.38629
13.55 0
13.56 0
13.58 1.09861
13.59 0
13.6 0
13.63 0.693147
13.64 0
13.65 0.693147
13.66 0
13.67 0
13.68 1.38629
13.69 1.79176
13.7 0.693147
13.71 0
13.72 1.09861
13.75 0.693147
13.76 0.693147
13.77 1.09861
13.78 0.693147
13.79 0.693147
13.8 0
13.81 0.693147
13.82 0
13.83 1.09861
13.84 0.693147
13.85 0
13.86 1.09861
13.87 0
13.88 1.09861
13.9 0.693147
13.94 0
13.95 0.693147
13.97 0
13.98 0
13.99 0
14 0
14.01 1.09861
14.05 0.693147
14.06 0
14.07 0.693147
14.08 0
14.09 0.693147
14.1 0.693147
14.11 0
14.12 0.693147
14.13 0.693147
14.14 1.09861
14.15 0.693147
14.17 0.693147
14.18 0.693147
14.19 0
14.2 0
14.21 0.693147
14.22 1.09861
14.23 0.693147
14.24 1.09861
14.26 0
14.27 1.60944
14.28 0
14.29 0.693147
14.3 1.09861
14.33 0.693147
14.34 1.60944
14.35 0
14.36 0
14.37 0
14.39 0.693147
14.4 0.693147
14.41 0
14.42 0
14.43 1.38629
14.45 0.693147
14.46 0.693147
14.47 1.09861
14.48 0.693147
14.49 0.693147
14.51 0
14.55 0.693147
14.56 1.09861
14.57 0.693147
14.58 1.09861
14.59 1.38629
14.6 0.693147
14.61 0.693147
14.62 1.09861
14.63 0.693147
14.64 0
14.65 0.693147
14.66 0.693147
14.68 0.693147
14.71 0.693147
14.72 0.693147
14.73 0
14.74 0
14.75 0
14.77 0
14.78 0.693147
14.8 0
14.81 0
14.82 1.38629
14.83 0.693147
14.85 0
14.86 1.09861
14.87 0
14.88 1.38629
14.92 1.38629
14.93 1.09861
14.94 0
14.95 0
14.96 0.693147
14.97 0.693147
14.98 0
14.99 1.09861
15 0
15.01 0
15.02 0
15.03 0.693147
15.04 0
15.06 0.693147
15.07 0.693147
15.08 0.693147
15.09 0.693147
15.1 0.693147
15.11 1.09861
15.12 1.09861
15.13 0
15.14 1.38629
15.15 0
15.16 0
15.17 0.693147
15.18 0
15.19 0.693147
15.2 0
15.21 0.693147
15.22 0.693147
15.23 0.693147
15.24 0
15.25 0.693147
15.26 1.09861
15.27 0
15.29 0
15.3 0
15.31 0
15.34 0
15.35 0.693147
15.36 0
15.37 0.693147
15.38 0.693147
15.39 0.693147
15.4 0
15.41 0
15.42 0.693147
15.44 0
15.45 1.09861
15.46 1.09861
15.47 0.693147
15.48 0
15.49 1.09861
15.51 1.09861
15.52 0
15.53 1.09861
15.55 0
15.56 0
15.57 0.693147
15.58 1.38629
15.59 1.09861
15.6 0.693147
15.61 0
15.62 0
15.63 0
15.64 0
15.65 1.60944
15.66 1.38629
15.67 0
15.68 0.693147
15.69 1.09861
15.7 1.09861
15.71 0
15.72 0
15.73 0
15.75 0.693147
15.78 0
15.8 0
15.81 0
15.83 0
15.85 0.693147
15.87 1.38629
15.89 0.693147
15.9 1.09861
15.91 0.693147
15.92 0
15.93 0
15.94 0
15.95 0.693147
15.97 0
15.98 0.693147
15.99 0
16.01 1.38629
16.02 0
16.03 0.693147
16.04 0
16.05 0
16.06 0
16.07 0.693147
16.08 0.693147
16.09 0
16.1 1.09861
16.11 0
16.12 1.09861
16.13 1.09861
16.15 0.693147
16.16 0.693147
16.2 0.693147
16.21 0.693147
16.22 0
16.23 0.693147
16.25 1.09861
16.27 0
16.28 0
16.29 0.693147
16.31 0.693147
16.33 0.693147
16.34 1.09861
16.35 0
16.36 0
16.37 0
16.39 0
16.4 1.38629
16.41 0
16.42 0.693147
16.43 0.693147
16.44 0.693147
16.45 0.693147
16.46 0.693147
16.47 1.09861
16.5 0.693147
16.51 0.693147
16.54 0
16.56 0
16.58 0
16.59 0.693147
16.6 1.09861
16.62 0
16.63 1.09861
16.64 0.693147
16.65 0.693147
16.66 0.693147
16.67 0
16.68 0.693147
16.69 1.94591
16.7 0.693147
16.71 0
16.72 0.693147
16.74 0.693147
16.76 0.693147
16.77 0.693147
16.78 0.693147
16.8 0
16.82 0.693147
16.83 1.09861
16.84 0
16.85 1.09861
16.87 0.693147
16.88 1.09861
16.89 0
16.9 0
16.91 0.693147
16.92 0
16.93 0
16.95 0
16.96 0
16.97 0
16.98 1.38629
16.99 0.693147
17 0
17.02 0.693147
17.03 1.09861
17.04 0
17.05 0
17.06 0.693147
17.08 0.693147
17.09 0
17.1 0
17.11 0.693147
17.12 0
17.13 1.09861
17.14 0
17.16 0
17.18 0.693147
17.2 1.09861
17.22 0
17.23 0
17.24 0
17.28 0
17.29 0.693147
17.3 1.09861
17.31 0
17.32 0.693147
17.33 0
17.34 0.693147
17.36 0
17.37 0.693147
17.38 0
17.4 0
17.41 0.693147
17.45 0.693147
17.46 0
17.47 0
17.49 0
17.5 0
17.51 0
17.53 0.693147
17.55 0
17.56 0
17.57 0
17.58 0.693147
17.59 0
17.6 0
17.61 0.693147
17.62 0.693147
17.64 0
17.65 0
17.66 0
17.68 0.693147
17.7 1.38629
17.72 0.693147
17.73 1.09861
17.74 0.693147
17.75 0.693147
17.76 0.693147
17.77 0
17.78 0
17.79 0
17.8 1.09861
17.81 0
17.82 0.693147
17.84 0
17.85 1.38629
17.86 0.693147
17.87 1.09861
17.9 0
17.91 1.38629
17.94 0.693147
17.96 0
17.97 0.693147
17.98 0
17.99 0
18 0.693147
18.01 0
18.04 0.693147
18.07 0
18.08 1.09861
18.09 0
18.12 0
18.14 0.693147
18.15 0
18.16 1.09861
18.17 0.693147
18.19 0
18.2 0.693147
18.22 0.693147
18.23 0
18.25 0
18.27 0
18.28 0.693147
18.29 0.693147
18.3 0
18.32 0.693147
18.34 0
18.36 0
18.38 0
18.39 0.693147
18.4 0
18.41 0.693147
18.42 0.693147
18.43 1.09861
18.44 1.38629
18.45 0
18.46 1.09861
18.47 0
18.48 0
18.49 0
18.51 0
18.52 1.09861
18.54 1.09861
18.55 0
18.57 0.693147
18.58 0
18.59 0
18.61 0
18.62 0
18.63 0
18.64 0
18.65 0
18.66 0
18.67 0
18.68 1.38629
18.71 0.693147
18.72 0.693147
18.74 0.693147
18.75 0
18.76 0
18.78 0.693147
18.8 0.693147
18.81 0
18.83 0.693147
18.84 0
18.88 0.693147
18.89 0.693147
18.92 0
18.93 0.693147
18.96 0
18.97 0
18.99 0
19 0
19.01 0
19.03 0
19.05 0
19.06 0.693147
19.07 0
19.09 0.693147
19.1 1.09861
19.12 1.09861
19.13 0.693147
19.14 0
19.15 0.693147
19.16 0
19.17 0
19.18 0.693147
19.2 0
19.22 0
19.23 0.693147
19.24 0.693147
19.26 0
19.27 0.693147
19.28 0.693147
19.3 0.693147
19.32 0
19.33 1.60944
19.34 0.693147
19.36 0.693147
19.37 0.693147
19.4 0
19.41 1.09861
19.43 0
19.45 0.693147
19.47 0.693147
19.48 0.693147
19.49 0.693147
19.52 0.693147
19.53 0
19.55 0
19.56 0
19.57 0
19.59 0.693147
19.64 0
19.65 0.693147
19.66 0
19.67 0
19.68 1.38629
19.69 1.09861
19.7 0
19.71 0
19.72 0.693147
19.76 0
19.77 0.693147
19.8 0
19.82 0.693147
19.83 0
19.84 0.693147
19.86 1.09861
19.88 0
19.89 1.09861
19.9 0
19.93 0
19.94 0.693147
19.95 0.693147
19.96 1.09861
19.97 0
19.98 0
19.99 1.09861
20.01 0.693147
20.02 0.693147
20.03 1.09861
20.04 0
20.05 0
20.06 0
20.08 0
20.09 0
20.1 0
20.13 0.693147
20.14 0
20.15 0
20.16 0
20.18 1.38629
20.19 0
20.2 0
20.21 0
20.3 1.60944
20.32 0
20.37 0
20.38 0.693147
20.4 0
20.41 0
20.44 0
20.45 0.693147
20.47 0
20.49 0.693147
20.5 0.693147
20.51 0.693147
20.53 0
20.54 0.693147
20.55 0
20.57 0.693147
20.58 0
20.59 0
20.61 0
20.62 0
20.64 1.38629
20.65 0
20.67 0
20.68 0
20.69 0.693147
20.71 0
20.73 0.693147
20.74 0
20.77 0
20.78 0
20.79 0.693147
20.8 0.693147
20.83 0
20.84 0
20.87 0.693147
20.9 0.693147
20.91 0.693147
20.92 0.693147
20.93 0
20.97 0.693147
20.98 0.693147
20.99 0.693147
21 0
21.01 0
21.02 0
21.03 0
21.07 0
21.08 0
21.09 0.693147
21.1 1.09861
21.13 0
21.16 1.09861
21.17 0
21.18 0
21.19 0.693147
21.2 0
21.21 0.693147
21.22 0
21.23 0
21.24 0
21.25 0
21.26 0
21.27 0.693147
21.28 0
21.3 0.693147
21.32 0
21.33 1.38629
21.34 0
21.36 0
21.37 0
21.39 1.09861
21.4 0
21.42 0
21.43 0
21.44 0
21.45 0
21.48 1.09861
21.49 0
21.5 1.09861
21.51 0.693147
21.52 0
21.53 0.693147
21.54 0.693147
21.55 0.693147
21.56 0.693147
21.57 1.09861
21.59 0
21.61 0
21.62 0.693147
21.63 0.693147
21.64 1.09861
21.69 0
21.7 0
21.72 0.693147
21.73 0
21.75 0
21.76 0.693147
21.77 0.693147
21.79 0.693147
21.8 0
21.82 0.693147
21.83 0.693147
21.85 0.693147
21.88 0.693147
21.89 0
21.9 0
21.92 0
21.93 0
21.96 0
21.97 1.09861
21.98 0
22 0
22.02 0
22.03 0
22.05 0
22.06 0
22.07 0
22.09 0.693147
22.13 0.693147
22.15 0
22.16 0.693147
22.18 0.693147
22.19 0
22.2 0.693147
22.21 1.09861
22.25 0
22.29 0
22.3 0
22.33 0
22.36 0
22.37 0.693147
22.41 0.693147
22.42 0.693147
22.44 0.693147
22.45 0.693147
22.46 0
22.48 0
22.49 0
22.51 0.693147
22.56 1.09861
22.6 1.09861
22.61 0
22.62 0.693147
22.63 1.09861
22.64 0.693147
22.66 0.693147
22.68 0
22.69 0.693147
22.74 0.693147
22.75 0
22.76 0
22.77 0
22.78 0
22.79 0.693147
22.83 0
22.86 0
22.87 0
22.88 0
22.89 0.693147
22.9 0.693147
22.91 0
22.92 0.693147
22.94 0
22.95 1.09861
22.97 0
22.98 0
22.99 0
23 0
23.01 0
23.02 0.693147
23.04 0.693147
23.05 0
23.06 1.09861
23.1 0
23.12 1.38629
23.13 0
23.15 1.09861
23.17 0
23.19 0
23.2 0.693147
23.21 0
23.22 0.693147
23.24 0
23.25 0.693147
23.26 0
23.27 0.693147
23.28 0
23.32 0
23.33 0
23.38 0
23.39 0
23.4 1.38629
23.41 0.693147
23.43 0
23.44 0
23.45 0.693147
23.49 0
23.51 0.693147
23.52 0
23.53 0
23.54 0
23.55 0.693147
23.57 0
23.62 0
23.63 0
23.7 0.693147
23.71 0
23.73 1.38629
23.77 0.693147
23.79 0
23.82 0
23.83 0
23.85 0
23.86 0.693147
23.89 0
23.92 1.38629
23.93 0.693147
23.94 0
23.96 0
23.97 0
24 0.693147
24.01 0
24.03 0.693147
24.05 0.693147
24.07 0
24.08 0.693147
24.09 0.693147
24.12 0
24.13 0.693147
24.14 0
24.15 0.693147
24.16 0.693147
24.17 0
24.18 0.693147
24.2 0
24.22 0
24.23 0.693147
24.24 0
24.26 0
24.27 0
24.28 0
24.29 0
24.33 1.38629
24.36 0.693147
24.37 1.09861
24.39 0
24.4 0.693147
24.41 1.79176
24.42 0
24.43 0
24.44 0
24.45 0
24.46 0
24.47 0
24.48 0
24.5 0.693147
24.52 0.693147
24.54 0.693147
24.58 0
24.6 1.38629
24.61 0
24.62 0
24.64 0.693147
24.65 0
24.67 0
24.7 0.693147
24.73 0
24.74 0
24.77 1.09861
24.8 0
24.82 1.09861
24.84 0.693147
24.85 0.693147
24.86 1.09861
24.87 0.693147
24.88 0.693147
24.9 0
24.93 0.693147
24.95 0.693147
24.99 1.09861
25.01 1.09861
25.02 0
25.03 1.09861
25.04 0
25.06 1.09861
25.07 0.693147
25.08 0
25.1 0
25.11 0.693147
25.12 0
25.15 0
25.16 0.693147
25.17 0
25.18 0
25.19 0
25.2 0
25.21 0
25.23 0.693147
25.26 0
25.27 0
25.29 0.693147
25.3 0
25.32 0
25.33 0.693147
25.35 0
25.36 0
25.37 0
25.4 0
25.41 0
25.43 0
25.45 0
25.46 0
25.47 0
25.48 1.09861
25.5 0
25.51 0
25.52 0
25.53 0
25.6 0
25.61 0
25.62 0.693147
25.63 0
25.68 0.693147
25.69 0
25.7 0.693147
25.72 1.09861
25.76 0
25.78 0
25.79 0
25.8 0.693147
25.83 0
25.87 0
25.88 0
25.9 0
25.91 0
25.93 0
25.97 0.693147
25.99 0
26.05 0
26.07 0
26.08 0
26.09 0
26.1 0
26.14 0.693147
26.17 0.693147
26.19 0
26.2 0.693147
26.21 0
26.23 0.693147
26.25 0.693147
26.29 0
26.31 0
26.33 0
26.34 0.693147
26.35 0.693147
26.37 0
26.42 0.693147
26.43 0
26.45 0
26.48 1.09861
26.49 0
26.5 0
26.55 0.693147
26.56 0.693147
26.57 0
26.58 0
26.6 0
26.61 0
26.63 0
26.66 0
26.68 0.693147
26.69 0
26.71 0
26.72 1.38629
26.76 0
26.77 0
26.78 0.693147
26.79 1.09861
26.81 0.693147
26.85 0.693147
26.86 0
26.88 0.693147
26.89 0
26.9 0
26.91 1.09861
26.92 0
26.95 0
27 1.09861
27.01 0
27.03 0
27.04 0
27.05 0.693147
27.06 0
27.07 0.693147
27.08 0
27.11 1.09861
27.12 0
27.13 0.693147
27.14 0
27.15 0
27.17 0
27.19 0
27.24 0
27.25 0
27.26 1.09861
27.27 0
27.28 1.09861
27.32 0
27.33 0
27.34 0.693147
27.4 0
27.41 0.693147
27.42 0.693147
27.43 0.693147
27.45 0
27.46 0
27.47 0
27.51 0
27.52 0
27.54 0
27.55 0
27.56 0.693147
27.58 0
27.59 0.693147
27.62 0.693147
27.63 0.693147
27.65 0
27.66 0
27.68 0.693147
27.7 0.693147
27.71 1.09861
27.73 0
27.74 1.09861
27.75 0.693147
27.77 0
27.78 0.693147
27.79 1.38629
27.81 0
27.82 0
27.84 0
27.85 0
27.87 0
27.9 0.693147
27.91 0
27.92 0.693147
27.96 0
27.99 0
28.01 0.693147
28.09 0
28.1 0
28.11 0
28.14 1.09861
28.15 0
28.16 0
28.17 0
28.18 0
28.19 0
28.2 0.693147
28.21 0
28.22 0
28.23 0.693147
28.26 0.693147
28.27 0.693147
28.28 0
28.3 0
28.31 0
28.33 1.09861
28.36 0
28.37 0
28.4 0
28.41 0.693147
28.43 0.693147
28.45 0.693147
28.46 0
28.47 0.693147
28.48 0
28.49 0
28.5 0
28.52 0
28.53 0
28.54 0.693147
28.57 0
28.58 0
28.6 0
28.64 0
28.67 0.693147
28.69 0.693147
28.7 0
28.72 0
28.75 0.693147
28.76 0
28.77 0
28.84 0
28.86 0.693147
28.89 0
28.9 0
28.92 0
28.93 0.693147
28.96 0
28.97 0
28.98 0.693147
29 0.693147
29.03 0
29.06 0.693147
29.09 0
29.11 0
29.13 0.693147
29.14 0
29.16 0
29.17 1.09861
29.2 0.693147
29.21 0
29.24 0.693147
29.26 0
29.29 0
29.3 0
29.31 0.693147
29.33 0.693147
29.34 0
29.35 0
29.36 1.09861
29.38 0.693147
29.41 0
29.42 0
29.44 0.693147
29.46 0
29.47 0
29.48 0
29.49 0
29.5 0
29.54 0
29.56 0
29.59 0
29.6 0
29.64 0.693147
29.66 0.693147
29.71 0
29.74 0.693147
29.77 0
29.78 0
29.81 0
29.85 1.09861
29.86 0
29.87 0
29.89 0.693147
29.91 0
29.93 0
29.94 0
29.98 0
29.99 0
30.02 0
30.03 0
30.05 0
30.06 0.693147
30.08 0
30.11 0
30.18 0
30.22 0.693147
30.26 0
30.3 0
30.31 0
30.33 0
30.34 0.693147
30.38 0
30.39 0
30.41 0
30.43 0.693147
30.46 0
30.47 0.693147
30.48 0
30.5 0
30.52 0.693147
30.56 0.693147
30.57 0
30.58 0
30.59 0
30.65 0.693147
30.69 0.693147
30.7 0
30.71 0
30.72 0
30.73 0
30.74 0.693147
30.75 0
30.77 0
30.79 0
30.8 0
30.81 0
30.86 0
30.89 0
30.91 0
30.92 0
30.93 0
30.95 1.09861
30.96 1.09861
30.98 0
31 0
31.03 0
31.04 0
31.05 0
31.09 0
31.11 0
31.12 0
31.13 1.09861
31.18 0.693147
31.19 0.693147
31.2 0
31.22 0
31.25 0.693147
31.3 0
31.31 1.09861
31.32 0
31.4 0.693147
31.44 0
31.45 0
31.46 0
31.47 0
31.49 0
31.5 0.693147
31.51 0
31.52 0
31.54 0
31.55 0
31.6 0
31.62 0
31.7 0
31.74 0.693147
31.77 0.693147
31.78 0
31.79 0
31.8 0
31.81 0.693147
31.82 0
31.88 0
31.89 0
31.9 0
31.92 0
31.93 0
31.95 0
31.97 0
32 0
32.02 0
32.04 0
32.05 0.693147
32.1 0
32.11 0
32.16 0
32.17 0.693147
32.2 0.693147
32.22 0
32.24 0.693147
32.26 0
32.32 0
32.33 0.693147
32.35 0
32.37 0.693147
32.38 1.38629
32.39 1.38629
32.4 0.693147
32.44 0.693147
32.47 0.693147
32.49 0
32.5 0.693147
32.53 0
32.55 0
32.58 0
32.6 0
32.64 1.09861
32.66 0.693147
32.67 0.693147
32.69 0
32.7 0
32.72 0
32.74 0
32.76 0
32.77 0
32.79 0
32.83 0
32.84 1.09861
32.88 0
32.91 0
32.96 0
32.97 0
33 0
33.01 0
33.03 0
33.06 0
33.1 0
33.12 0
33.13 0
33.23 0.693147
33.25 0
33.37 0.693147
33.39 0
33.41 0.693147
33.44 0.693147
33.51 0
33.52 0
33.57 0
33.58 0.693147
33.65 0
33.66 0
33.69 0
33.73 0
33.75 0
33.79 0
33.82 0
33.83 0
33.85 0
33.87 0
33.88 0
33.89 0.693147
33.98 0
34 0
34.04 0
34.05 0
34.06 0
34.08 0
34.09 0
34.1 1.09861
34.11 0
34.14 0.693147
34.15 0
34.16 0
34.17 0
34.18 0
34.19 0
34.2 0
34.21 0
34.22 0
34.23 0
34.25 0
34.26 0
34.29 0.693147
34.3 0
34.31 0
34.35 0
34.36 0
34.4 0
34.43 0
34.46 0.693147
34.48 0
34.5 0
34.51 0.693147
34.53 0.693147
34.54 0
34.55 0
34.57 0
34.63 0
34.65 0
34.67 0
34.68 0
34.7 0
34.73 0
34.77 0
34.81 0
34.83 0
34.84 1.09861
34.86 0
34.87 0
34.88 0.693147
34.92 0
34.98 0.693147
35 0
35.03 0
35.07 0.693147
35.08 0
35.1 0.693147
35.14 1.09861
35.16 0
35.19 0
35.2 0
35.21 0
35.22 0
35.24 0
35.25 0
35.3 0
35.31 0
35.36 0
35.4 0
35.41 0
35.42 0.693147
35.45 0
35.46 0
35.48 0.693147
35.49 0
35.53 0.693147
35.54 0
35.55 0
35.57 0.693147
35.58 0
35.61 0
35.62 0
35.64 0
35.65 0
35.66 0
35.71 0
35.73 0.693147
35.74 0
35.76 0
35.77 0
35.81 0
35.83 0
35.85 0
35.87 0
35.88 0
35.89 0.693147
35.9 0
35.93 0
35.96 0
35.97 1.09861
36.02 0
36.03 0
36.04 1.09861
36.08 0.693147
36.11 0
36.14 0.693147
36.18 0
36.22 0
36.26 0
36.33 0
36.41 0
36.42 0
36.44 0.693147
36.46 0.693147
36.51 0.693147
36.52 0
36.53 0.693147
36.55 0
36.56 0
36.62 0
36.63 0
36.65 0
36.68 0
36.73 0
36.74 0.693147
36.77 0
36.82 0
36.88 0.693147
36.91 0
36.95 0.693147
36.97 0
36.98 0.693147
37 0
37.02 0.693147
37.04 0
37.05 0
37.08 0.693147
37.09 0
37.12 0
37.13 0
37.15 1.09861
37.26 0
37.27 0.693147
37.29 0
37.31 0
37.32 0
37.33 0
37.35 0.693147
37.38 0
37.39 0
37.41 0
37.42 0
37.5 0.693147
37.51 0.693147
37.52 0.693147
37.53 0.693147
37.57 0
37.58 0
37.61 0
37.62 0
37.63 0
37.64 0
37.66 0
37.69 1.09861
37.7 0
37.73 0.693147
37.76 0
37.77 0
37.8 0
37.81 0
37.83 0
37.85 0
37.88 0.693147
37.91 0
37.93 0
37.96 0
37.97 0
38.01 0
38.05 0.693147
38.11 0
38.12 0.693147
38.13 0.693147
38.17 0.693147
38.19 0
38.2 0
38.21 0
38.23 0
38.24 0
38.31 0
38.35 0
38.37 0.693147
38.41 0
38.42 1.09861
38.43 0
38.44 0
38.45 0
38.46 0.693147
38.47 0
38.48 0
38.5 0
38.59 0
38.7 0
38.71 0
38.72 0
38.73 0.693147
38.76 0.693147
38.77 0
38.79 0
38.8 0
38.82 0.693147
38.84 0
38.89 0
38.94 0
38.95 0
38.96 0
38.97 0
39.01 0
39.02 0
39.07 0.693147
39.19 0
39.21 0
39.23 0
39.25 0
39.3 0
39.31 0
39.38 0
39.42 0.693147
39.43 0
39.45 0
39.46 0.693147
39.48 0
39.49 0
39.52 0
39.57 0
39.6 0
39.62 0
39.66 1.09861
39.69 0.693147
39.71 0
39.76 0
39.82 0
39.86 0
39.87 0
39.88 0.693147
39.89 0
39.9 0.693147
39.93 0
39.95 0
39.96 0.693147
39.97 0
39.99 0
40.02 0
40.05 0
40.07 0
40.09 0.693147
40.15 0
40.17 0.693147
40.2 0
40.24 0
40.26 0
40.28 0
40.36 0
40.43 0
40.46 0
40.47 0
40.51 0
40.58 0
40.59 0
40.6 0
40.61 0
40.62 1.09861
40.63 0.693147
40.65 0
40.66 0.693147
40.68 0
40.7 0
40.71 1.09861
40.75 0.693147
40.76 0
40.78 0
40.81 0
40.82 0
40.83 0
40.84 0
40.86 0
40.87 0
40.89 0
40.9 0.693147
40.93 0
40.96 0
40.99 0
41 0
41.01 0
41.02 0
41.08 0
41.09 0
41.13 0
41.14 0
41.15 0
41.17 0
41.18 0.693147
41.19 0
41.2 0.693147
41.22 0
41.25 0
41.3 0.693147
41.31 0.693147
41.37 0
41.41 0
41.44 0
41.46 0
41.47 0
41.49 0.693147
41.5 0
41.52 0
41.59 0
41.61 0.693147
41.62 0
41.65 0
41.7 0
41.72 0
41.74 0
41.77 0
41.8 0
41.81 0.693147
41.82 0
41.84 0
41.85 0
41.86 0
41.91 0.693147
41.93 0.693147
41.94 0
41.95 0
42 0
42.01 0
42.03 0
42.06 0.693147
42.08 0
42.09 0
42.13 0
42.16 0.693147
42.17 0
42.23 0
42.24 0
42.29 0
42.31 0.693147
42.35 0
42.37 0
42.38 0
42.4 0
42.41 0
42.45 0
42.48 0
42.54 0
42.55 0
42.57 0
42.62 0
42.65 0.693147
42.67 0
42.69 1.09861
42.74 0
42.76 0
42.81 0
42.85 0
42.88 0
42.89 0
42.9 0
42.97 0
43.01 0
43.02 0
43.05 1.09861
43.08 0
43.1 0
43.15 0
43.19 0.693147
43.23 0
43.27 0
43.34 0
43.37 0
43.39 0
43.45 0
43.47 0
43.48 0
43.49 0
43.58 0
43.59 0
43.6 0
43.62 0
43.65 0
43.69 0
43.7 0.693147
43.71 0
43.79 0
43.8 0
43.83 0
43.85 0
43.89 0
44.01 0
44.02 0.693147
44.04 0
44.06 0
44.08 0
44.09 0
44.12 0
44.13 0
44.19 0
44.2 0.693147
44.22 0
44.28 0
44.3 0.693147
44.31 0
44.33 0
44.36 0
44.38 0
44.46 0
44.51 0
44.53 0
44.57 0
44.58 0
44.62 0
44.63 0.693147
44.64 0
44.65 0
44.67 0
44.69 0
44.72 0
44.74 0
44.76 0
44.77 0.693147
44.79 0
44.85 1.09861
44.92 0
44.97 0
45.02 0
45.06 0
45.08 0
45.1 0
45.17 0.693147
45.19 0.693147
45.21 0
45.23 0
45.27 0
45.32 0
45.33 0
45.43 0
45.44 0
45.47 0.693147
45.48 0.693147
45.51 0
45.53 0
45.57 0
45.58 0.693147
45.62 0
45.68 0
45.71 0
45.72 0.693147
45.79 0
45.81 0
45.82 0
45.87 0
45.88 0
45.91 0
45.93 0
45.96 0
45.99 0.693147
46.03 1.09861
46.06 0
46.1 0
46.13 0
46.14 0
46.16 0
46.17 0
46.2 0
46.23 0
46.25 0
46.35 0
46.41 0
46.44 0
46.46 0
46.48 0
46.5 0
46.56 0
46.69 0
46.79 0
46.82 0
46.85 0
46.88 0
46.89 0
46.95 0
47.01 0
47.1 0
47.11 0
47.15 0
47.16 0
47.18 0
47.25 1.09861
47.29 0
47.32 0
47.37 0
47.39 0
47.4 0
47.42 0
47.49 0
47.55 0
47.58 0
47.64 0
47.69 0.693147
47.72 0
47.8 0
47.82 0
47.87 0
47.89 0
47.92 0
48.02 0
48.06 0
48.07 0
48.13 0
48.17 1.09861
48.18 0
48.19 0
48.2 1.09861
48.23 0.693147
48.25 0
48.26 0
48.27 0
48.31 0
48.32 0
48.34 0
48.35 0.693147
48.41 0.693147
48.42 0
48.43 0
48.44 0
48.51 0.693147
48.55 0
48.57 0
48.58 0
48.62 0.693147
48.65 0
48.73 0.693147
48.74 0
48.77 1.09861
48.79 0
48.83 0
48.84 0
48.87 0
48.88 0
48.89 0.693147
48.9 0
48.92 0
48.98 0
49.02 0.693147
49.05 0
49.06 0.693147
49.08 0.693147
49.09 0
49.11 0
49.17 0.693147
49.18 0
49.3 0
49.32 0
49.33 0.693147
49.38 0
49.4 0
49.43 0
49.47 0
49.48 0
49.51 0
49.53 0
49.55 0
49.58 0
49.7 0
49.73 0
49.78 0.693147
49.86 0
49.93 0
50.01 0.693147
50.03 0
50.06 0.693147
50.08 0
50.18 0
50.19 0
50.2 0
50.22 0
50.24 0
50.25 0
50.31 0.693147
50.32 0
50.38 0
50.4 0
50.46 0
50.49 0
50.5 0
50.55 0
50.58 0
50.61 0
50.62 0.693147
50.73 0
50.8 0
50.83 0
50.86 0
50.87 0.693147
50.94 0
50.95 0
50.96 0
50.98 0
50.99 0
51.08 0
51.1 0
51.12 0
51.14 0
51.16 0
51.17 0.693147
51.18 0
51.19 0
51.23 0.693147
51.24 0
51.28 0
51.3 0
51.34 0
51.41 0
51.44 0
51.46 0
51.48 0
51.5 0.693147
51.51 0
51.58 0
51.61 0
51.62 0
51.63 0.693147
51.64 0
51.67 0
51.7 0
51.74 0
51.76 0
51.81 0
51.91 0
51.93 0
52 0
52.1 0
52.17 0
52.18 0
52.21 0.693147
52.22 0.693147
52.24 0
52.32 0
52.34 0
52.36 0
52.43 0
52.44 0
52.48 0
52.53 0
52.61 0
52.63 0
52.65 0
52.66 0
52.68 0
52.73 0
52.85 0
52.87 0
52.94 0
53.01 0
53.05 0
53.06 0
53.07 0
53.11 0
53.14 0
53.21 0
53.23 0
53.24 0
53.27 0
53.29 0
53.37 0
53.39 0
53.44 0
53.45 0
53.47 0
53.48 0
53.49 0
53.5 0
53.52 0
53.56 0
53.58 0
53.59 0
53.61 0
53.63 0
53.68 0
53.72 0.693147
53.74 0
53.76 0
53.83 0
53.84 0
53.89 0
53.93 0
53.94 0
54 0
54.09 0
54.13 0
54.15 0
54.18 0
54.2 0
54.22 0
54.26 0
54.33 0
54.35 0
54.39 0
54.41 0.693147
54.43 0
54.56 0
54.67 0.693147
54.7 0
54.74 0.693147
54.79 0
54.87 0
54.88 0
54.89 0
54.9 0
55.03 0
55.08 0
55.13 1.09861
55.18 0
55.2 0
55.35 0
55.37 0
55.38 0
55.39 0
55.4 0.693147
55.43 0
55.44 0
55.48 0
55.52 0
55.55 0
55.58 0
55.62 0
55.76 0
55.82 0
55.83 0
55.85 0.693147
55.94 0
56.03 0
56.04 0
56.06 0
56.07 0
56.09 0
56.14 0.693147
56.23 0
56.26 0
56.28 0
56.29 0
56.38 0
56.4 0
56.41 0
56.56 0
56.57 0
56.6 0
56.61 0
56.65 0
56.7 0
56.77 0
56.78 0
56.89 0
56.93 0
56.94 0
56.99 0
57.05 0
57.08 0
57.11 0
57.13 0.693147
57.15 0
57.16 0
57.24 0
57.26 0
57.29 0
57.31 0
57.33 0
57.36 0
57.4 0
57.53 0
57.54 0
57.56 0
57.62 0
57.69 0
57.73 0
57.75 0
57.77 0
57.83 0
57.85 0
57.91 0
58.01 0
58.04 0
58.07 0
58.15 0
58.16 0
58.18 0
58.21 0
58.23 0
58.27 0
58.34 0
58.36 0
58.49 0.693147
58.5 0
58.53 0
58.55 0
58.72 0
58.75 0.693147
58.86 0
58.87 0
58.93 0
58.98 0
59.01 0
59.03 0
59.11 0
59.12 0
59.14 1.09861
59.16 0
59.17 0
59.22 0
59.31 0
59.33 0
59.34 0
59.36 0
59.37 0.693147
59.4 0
59.43 0.693147
59.48 0
59.49 0
59.53 0
59.54 0
59.61 0
59.64 0.693147
59.66 0
59.69 0
59.7 0
59.75 0
59.76 0
59.8 0
59.81 0
59.83 0
59.87 0
59.89 0
59.92 0
59.93 0
59.94 0.693147
60.01 0
60.02 0.693147
60.03 0
60.04 0.693147
60.05 0
60.07 0
60.08 0
60.12 0
60.13 0
60.18 0
60.19 0
60.28 0
60.32 0
60.33 0
60.46 0
60.5 0
60.58 0
60.59 0
60.62 0
60.63 0
60.73 0
60.74 0
60.9 0.693147
60.98 0
61 0
61.03 0
61.06 0
61.19 0
61.24 0
61.34 0
61.35 0
61.56 0
61.58 0
61.6 0
61.67 0.693147
61.68 0
61.71 0
61.75 0
61.83 0
61.85 0
61.87 0
62.18 0.693147
62.26 0
62.28 0.693147
62.29 0
62.3 0
62.33 0
62.35 0
62.36 0
62.47 0
62.59 1.09861
62.63 0.693147
62.64 0.693147
62.7 0
62.73 0
63.05 0
63.1 0
63.17 0
63.27 0
63.36 0
63.41 0
63.47 0
63.5 0.693147
63.64 0
63.65 0
63.66 0
63.68 0
63.73 0
63.76 0
63.87 0
63.99 0
64.06 0
64.12 0
64.13 0
64.16 0
64.18 0.693147
64.38 0
64.44 0
64.48 0
64.52 0
64.53 0
64.63 0
64.65 0
64.67 0
64.68 0
64.76 0
64.79 0
64.97 0
65.01 0.693147
65.02 0
65.04 0
65.12 0
65.18 0
65.36 0
65.4 0
65.48 0
65.5 0
65.52 0.693147
65.62 0
65.67 0.693147
65.75 0
65.81 0
65.83 0
65.88 0
65.92 0
65.95 0
65.98 0
66.01 0
66.08 0
66.16 0
66.17 0.693147
66.24 0
66.26 0
66.29 0
66.33 0
66.39 0.693147
66.41 0
66.48 0
66.53 0
66.54 0
66.57 0
66.68 0
66.69 0
66.7 0
66.77 0
66.79 0
66.83 0
66.89 0
66.9 0
66.91 0
66.98 0
67.04 0
67.06 0
67.1 0
67.12 0.693147
67.15 0
67.24 0
67.26 0
67.45 0
67.46 0
67.49 0
67.5 0.693147
67.69 0
67.73 0.693147
67.85 0
67.86 0
67.87 0
67.9 0.693147
67.96 0
68.1 0
68.11 0
68.12 0
68.13 0
68.16 0
68.17 0
68.2 0.693147
68.31 0
68.32 0
68.36 0
68.42 0
68.47 0
68.53 0
68.54 0
68.58 0
68.6 0.693147
68.63 0
68.76 0.693147
68.78 0
68.81 0
68.84 0.693147
68.85 0
68.94 0
68.96 0
68.98 0
68.99 0
69.01 0.693147
69.37 0
69.39 0
69.4 0
69.42 0
69.43 0
69.46 0
69.47 0
69.5 0
69.73 0
69.79 0
69.84 0
69.87 0
69.88 0
69.91 0
70.08 0
70.1 0
70.13 0
70.18 0
70.22 0
70.24 0
70.27 0
70.29 0.693147
70.32 0
70.47 0
70.5 0
70.69 0
70.71 0
70.85 0
70.91 0
70.92 0
70.93 0
70.97 0
70.99 0
71 0
71.01 0
71.05 0
71.14 0
71.21 0
71.27 0
71.37 0
71.38 0.693147
71.41 0
71.45 0
71.5 0
71.59 0
71.6 0
71.62 0
71.68 0
71.71 0
71.73 0
71.79 0
71.81 0
71.86 0
71.9 0
72.03 0
72.04 0
72.14 0
72.2 0.693147
72.34 0
72.38 0
72.48 0
72.52 0
72.56 0
72.59 0
72.76 0
72.77 0
72.79 0
72.8 0.693147
72.84 0
72.89 0
72.92 0
72.94 0
72.97 0
73.03 0
73.07 0
73.13 0
73.19 0
73.24 0
73.31 0
73.34 0
73.36 0
73.42 0
73.52 0.693147
73.54 0
73.6 0
73.61 0
73.69 0
73.7 0
73.71 0.693147
73.74 0
73.81 0
73.82 0
73.83 0
73.84 0
73.97 0
74.14 0
74.27 0.693147
74.3 0
74.47 0
74.51 0.693147
74.52 0
74.85 0
74.94 0
74.96 0
75.06 0
75.07 0
75.09 0
75.14 0
75.3 0
75.37 0.693147
75.43 0
75.48 0
75.55 0
75.57 0
75.68 0
75.71 0
75.72 0
75.79 0.693147
75.83 0
75.85 0
75.87 0
75.91 0
76.02 0
76.03 0
76.09 0
76.15 0
76.21 0
76.24 0
76.31 0
76.4 0
76.42 0
76.45 0
76.54 0
76.65 0
76.98 0
77.04 0
77.28 0
77.41 0
77.43 0
77.45 0
77.54 0
77.55 0.693147
77.61 0
77.66 0
77.7 0
77.74 0
77.75 0.693147
77.77 0
77.81 0
77.88 0
77.9 0
77.99 0
78.08 0
78.15 0
78.21 0
78.26 0
78.33 0
78.34 0
78.35 0
78.41 0
78.42 0.693147
78.56 0
78.57 0
78.69 0
78.72 0
78.88 0
79.04 0
79.09 0
79.1 0
79.19 0
79.28 0
79.36 0
79.38 0
79.61 0
79.7 0.693147
79.71 0
79.72 0
79.73 0
79.78 0
79.79 0
79.8 0
79.81 0
79.84 0
79.86 0
80.03 0
80.08 0
80.14 0
80.21 0
80.24 0
80.27 0
80.28 0.693147
80.31 0
80.41 0
80.46 0
80.54 0
80.57 0
80.68 0
80.86 0
80.88 0
80.93 0
80.97 0
81.08 0
81.14 0
81.25 0
81.27 0
81.44 0
81.45 0
81.52 0.693147
81.53 0
81.58 0
81.68 0
81.71 0
81.72 0
81.77 0
81.82 0
81.84 0
81.93 0
82.06 0
82.09 0
82.14 0
82.29 0
82.3 0
82.32 0
82.36 0
82.44 0
82.55 0
82.6 0
82.63 0
82.65 0
82.67 0
82.71 0
83.05 0
83.17 0
83.18 0
83.27 0
83.51 0
83.62 0
83.69 0
83.75 0
83.79 0
83.8 0
83.83 0
83.86 0
83.93 0
84.02 0.693147
84.07 0.693147
84.13 0.693147
84.14 0
84.22 0
84.26 0
84.33 0
84.37 0
84.44 0
84.52 0
84.53 0
84.72 0
84.75 0
84.81 0
84.83 0
84.88 0
84.9 0
84.94 0.693147
84.97 0
85.25 0
85.27 0
85.35 0
85.62 0
85.66 0
85.69 0
85.78 0
85.8 0.693147
85.89 0
86.01 0
86.09 0
86.13 0
86.28 0
86.32 0
86.43 0
86.57 1.09861
86.6 0
86.63 0
86.72 0
86.81 0
86.83 0
86.85 0
86.96 0
87.09 0.693147
87.2 0
87.37 0
87.43 0
87.53 0
87.59 0
87.63 0
87.86 0
88.21 0
88.22 0
88.39 0
88.44 0
88.47 0
88.5 0
88.72 0
88.74 0
88.75 0
88.77 0
88.78 0
88.88 0
88.99 0
89.08 0.693147
89.14 0
89.29 0
89.3 0
89.65 0
89.75 0
89.76 0
89.83 0
89.91 0
89.97 0
89.98 0
89.99 0
90.19 0
90.22 0
90.26 0
90.3 0
90.31 0
90.43 0
90.51 0
90.58 0
90.6 0
90.72 0.693147
90.87 0
90.91 0
91.02 0
91.16 0
91.4 0
91.51 0
91.52 0
91.61 0
91.66 0.693147
91.73 0
91.78 0
91.8 0
91.92 0
91.93 0
92 0
92.01 0
92.03 0
92.05 0
92.11 0
92.15 0
92.17 0
92.19 0
92.25 0
92.27 0
92.29 0
92.38 0
92.5 0
92.56 0
92.68 0
92.75 0
92.77 0.693147
92.78 0
92.79 0
92.97 0
93.02 0.693147
93.09 0
93.24 0
93.57 0
93.77 0
93.78 0
93.79 0
93.93 0
93.95 0
94.06 0
94.1 0
94.16 0
94.22 0
94.32 0
94.34 0
94.37 0
94.47 0
94.55 0
94.58 0
94.64 0
94.79 0.693147
94.8 0
95.06 0
95.17 0
95.21 0
95.32 0
95.33 0
95.43 0
95.58 0
95.62 0
95.69 0
95.7 0
95.96 0
96.06 0
96.22 0
96.3 0
96.39 0
96.62 0
96.66 0
96.76 0
96.82 0
96.95 0
97.01 0
97.08 0
97.1 0
97.18 0
97.28 0.693147
97.37 0
97.46 0
97.54 0
97.7 0
97.71 0
97.89 0.693147
97.94 0
98.03 0
98.12 0
98.2 0
98.41 0
98.42 0
98.44 0
98.46 0
98.47 0
98.54 0
98.68 0
98.75 0
98.98 0
99.12 0
99.14 0
99.35 0
99.39 0
99.42 0
99.43 0
99.58 0
99.7 0.693147
99.77 0
99.79 0
99.8 0
99.96 0
100 0
100.28 0
100.37 0
100.41 0
100.6 0
100.65 0
100.7 0
100.75 0
100.91 0
100.94 0
100.96 0
101.05 0
101.11 0
101.19 0
101.29 0
101.41 0
101.57 0
101.6 0
101.8 0
101.83 0
101.93 0
101.98 0
102.04 0
102.06 0
102.09 0
102.4 0
102.5 0
102.53 0
102.59 0
102.61 0
102.67 0
102.71 0
102.72 0
102.94 0
102.98 0
103.22 0
103.47 0
103.58 0
103.66 0
103.67 0
103.88 0
104.09 0
104.25 0
104.32 0
104.42 0
104.45 0
104.52 0
104.53 0
104.62 0
104.68 0
104.98 0
105.06 0
105.08 0
105.3 0
105.42 0
105.48 0
105.55 0
105.59 0
105.67 0
105.71 0
105.92 0
105.97 0
106.32 0
106.59 0
106.64 0
106.85 0
107.09 0
107.31 0
107.33 0
107.37 0
107.46 0.693147
107.54 0
107.63 0
107.91 0
107.97 0
108.05 0
108.12 0
108.2 0
108.22 0
108.49 0
108.68 0
108.81 0
108.85 0
108.93 0
109.14 0
109.16 0
109.18 0
109.49 0
109.6 0
109.72 0
109.78 0
109.81 0
110.13 0
110.22 0
110.49 0
110.51 0
110.64 0
110.65 0
110.66 0
110.77 0
111.05 0.693147
111.2 0
111.22 0
111.54 0
111.55 0
111.67 0.693147
111.7 0
111.89 0
112.04 0
112.09 0.693147
112.11 0
112.19 0
112.47 0
112.48 0
112.7 0
112.8 0
113 0
113.11 0
113.15 0
113.37 0
113.41 0
113.47 0
113.59 0
113.7 0
113.85 0
114.24 0
114.38 0
114.61 0
114.65 0
114.76 0
114.77 0
114.78 0
114.98 0
115.03 0
115.1 0
115.12 0
115.15 0
115.31 0
115.4 0
115.49 0
115.57 0
115.92 0
115.95 0
116.05 0
116.18 0
116.29 0
116.31 0
116.44 0
116.47 0
116.56 0
116.7 0
116.82 0.693147
117.01 0
117.21 0
117.22 0
117.27 0
117.4 0
117.78 0
118.06 0
118.22 0
118.54 0
118.73 0
118.75 0
118.77 0
118.89 0
119.01 0
119.29 0
119.55 0
120.03 0
120.1 0
120.13 0
120.34 0
120.4 0
120.73 0
121 0
121.02 0
121.23 0
121.32 0
121.56 0
121.89 0
122.15 0
122.39 0
122.68 0
122.8 0
122.87 0
122.99 0
123.1 0
123.22 0
123.53 0
123.58 0
123.69 0
123.78 0
123.8 0
123.85 0
123.93 0
123.94 0
124.21 0
124.32 0
124.45 0
124.48 0
124.77 0
124.99 0
125.39 0
126.15 0
126.28 0
126.31 0
126.37 0
126.57 0
126.66 0.693147
126.74 0
126.75 0
126.77 0.693147
126.86 0
126.87 0
126.88 0
126.9 0
126.92 0
127 0
127.16 0
127.31 0
127.38 0
127.64 0
127.77 0
127.79 0
127.92 0
128.02 0
128.21 0
128.27 0
128.39 0
128.51 0
128.66 0
128.75 0
128.84 0
128.87 0
128.96 0
129.13 0
129.32 0
129.43 0
129.44 0
129.75 0
130.43 0
130.47 0
130.67 0
130.69 0
130.72 0
131.04 0
131.08 0
131.23 0
131.31 0
131.32 0
131.34 0
131.67 0.693147
132.12 0
132.3 0
132.36 0
132.46 1.09861
132.56 0.693147
132.57 0
132.72 0
132.77 0
132.83 0
132.85 0
132.99 0
133.28 0
133.33 0
133.63 0
133.64 0
133.78 0
133.85 0
133.87 0
134.19 0
134.2 0
134.45 0
134.62 0
134.63 0
134.97 0
135.16 0
135.19 0
135.61 0
135.62 0
135.63 0
135.66 0
135.78 0
135.86 0
135.99 0
136 0
136.28 0
136.39 0
136.77 0
137.2 0
137.21 0
137.59 0
137.9 0
138.15 0
138.38 0
138.85 0
138.89 0
139.06 0
139.08 0
139.59 0
139.69 0
139.77 0
139.85 0
139.88 0
139.96 0
139.98 0
140.46 0
140.67 0
140.78 0
141.11 0
141.43 0
141.54 0
141.73 0
141.93 0
142.11 0
142.23 0
142.56 0
142.65 0
142.73 0
142.92 0
143.03 0
143.72 0
143.84 0
144.04 0
144.47 0
144.88 0
145.05 0
145.1 0
145.23 0
145.5 0
145.6 0
145.79 0
146.07 0
146.32 0
146.43 0
146.73 0
146.84 0.693147
146.9 0
146.95 0
146.99 0
147.63 0
147.67 0
147.83 0
148.09 0
148.19 0
148.32 0
148.35 0
148.39 0
148.42 0
148.51 0
148.52 0
148.57 0
148.6 0
148.78 0
148.83 0
148.86 0
148.92 0
148.94 0
149.08 0
149.26 0
149.34 0
149.44 0
149.62 0
149.79 0
149.88 0
150.17 0
150.2 0
150.31 0
150.5 0
150.61 0
150.63 0
150.73 0
150.85 0
150.89 0
150.95 0
150.99 0
151.04 0
151.05 0
151.14 0
151.35 0
151.42 0
151.45 0
151.96 0
152.08 0
152.49 0
152.88 0
152.89 0
152.95 0
153.19 0
153.26 0
153.48 0
153.68 0
153.74 0
153.83 0
153.88 0
153.92 0
154 0
154.38 0
154.86 0
154.88 0
155.21 0
155.39 0
155.44 0
155.76 0
156.05 0
156.14 0.693147
156.92 0
157.47 0
157.56 0
157.67 0
158.32 0
158.54 0
159 0
159.07 0
160.25 0
160.61 0
161.14 0
161.15 0
161.33 0
161.41 0
161.91 0
162.28 0
162.44 0.693147
162.85 0
163.13 0
163.18 0
163.29 0
164.09 0.693147
164.14 0
164.15 0
164.23 0
164.33 0
164.72 0
164.91 0
165.03 0
166.01 0
167.02 0
167.58 0
167.73 0
167.77 0
167.82 0
168.22 0
168.26 0
168.31 0
168.4 0
168.5 0
168.98 0
169.06 0
169.36 0
169.4 0
169.82 0
170.1 0
170.43 0
170.63 0
171.35 0
171.53 0
171.56 0
172.11 0
172.15 0
172.22 0
172.82 0
173.1 0
173.35 0
173.52 0
173.6 0
173.82 0
174.24 0
174.43 0
174.62 0
174.89 0
175.28 0
175.62 0
176.5 0
176.64 0
177.2 0
177.29 0
177.49 0
177.93 0
178.01 0
178.15 0
178.28 0
178.55 0
179.05 0
179.63 0
179.77 0
180.07 0
180.51 0
180.79 0
181.05 0
181.49 0
182.47 0
182.58 0
183.66 0
183.73 0
183.8 0
183.86 0
183.88 0
183.95 0
184.04 0
184.12 0
185.16 0
185.58 0
185.78 0
185.95 0
186.44 0
186.55 0
186.79 0
187.05 0
187.14 0
187.57 0
188.15 0
188.46 0
188.49 0
188.68 0
188.79 0
189.16 0
189.21 0
189.51 0
189.84 0
189.88 0
190.91 0
191.3 0
191.55 0
191.7 0
191.89 0
192.25 0
192.37 0
192.44 0
192.9 0
193.15 0
193.27 0
193.29 0
193.4 0
193.46 0
193.81 0
194 0
194.23 0
194.25 0
194.59 0
195.33 0
195.44 0
195.47 0
195.65 0
195.75 0
196.2 0
196.56 0
196.58 0
197.63 0
197.65 0
197.97 0
198.29 0.693147
198.62 0
198.72 0
198.82 0
199.19 0
199.39 0
199.57 0
199.71 0
199.96 0
200.4 0
201.49 0
201.9 0.693147
202.14 0
202.55 0
203.22 0
203.55 0
204.03 0
204.25 0
204.75 0
204.79 0
204.95 0
205.5 0
206.13 0
207.18 0
208.11 0
208.19 0
210.12 0
210.47 0
210.92 0
211.57 0
212.23 0
212.35 0
212.48 0
212.84 0
213.32 0
213.69 0
214.18 0
214.22 0
214.28 0
214.5 0
214.56 0
214.64 0
214.74 0
214.85 0
215.09 0
216.48 0
217.6 0
218.3 0
218.35 0
219.09 0
219.26 0
219.36 0
219.78 0
222.58 0
223.04 0
223.28 0
223.42 0
224.23 0
224.5 0
224.62 0
224.92 0
225.65 0
225.79 0
226.11 0
226.23 0
226.55 0
227.33 0
227.82 0
228.56 0
229.88 0
230.19 0
231.16 0
231.26 0
231.57 0
231.78 0
232.44 0
233.2 0
233.35 0
233.62 0
233.71 0
234.36 0
234.53 0
235.44 0
236.2 0
236.44 0
237.34 0
238.6 0
238.79 0
239.16 0
239.99 0
240 0
240.77 0
241.19 0
241.51 0
241.6 0
241.78 0
242.27 0
242.32 0
242.83 0
242.9 0
244.27 0
244.48 0
244.54 0
244.57 0
246.02 0
247.29 0
248.33 0
248.45 0
248.8 0
249.49 0
251.28 0
251.39 0
251.71 0
254.02 0
254.11 0
254.38 0
254.52 0
256.05 0
256.9 0
258.32 0
258.9 0
261.83 0
263.81 0
264.92 0
265.84 0
266.24 0
266.38 0
266.55 0
266.72 0
269.39 0
271.37 0
271.65 0
272.16 0
273.83 0
275.03 0
278.9 0
281.07 0
282.16 0
282.91 0
284.77 0
286.68 0
288.7 0
290 0
290.95 0
292.21 0
294.08 0
294.23 0
295.16 0
297.75 0
298.47 0
298.86 0
300.07 0
301 0
301.18 0
301.19 0
302.97 0
308.85 0
310.31 0
310.96 0
311.58 0
311.78 0
312.11 0
312.28 0
313.56 0
313.89 0
314.18 0
317.41 0
317.96 0
320.19 0
320.29 0
321.26 0
330.16 0
332.49 0
332.72 0
335.62 0
339.08 0
339.47 0
340.03 0
342.81 0
343.86 0
344.27 0
347.79 0
349.91 0
350.26 0
352.48 0
359.06 0
360.37 0
365.2 0
367.21 0
374.62 0
379.32 0
381.12 0
382.53 0
382.97 0
383.01 0
386.57 0
390.42 0
390.66 0
390.71 0
393.71 0
403.03 0
403.93 0
409.97 0
413.88 0
414.02 0
416.82 0
419.84 0
427.07 0
429.21 0
438.21 0
448.12 0
474.55 0
478.46 0
482.31 0
489.31 0
527.04 0
549.41 0
558.16 0
575.65 0
585.92 0
604.21 0
606.5 0
663.93 0
707.32 0
723.25 0
836.01 0
0.28 0
 -inf
