20.587141275
44.782333136
1.595782518
13.568176985
68.370116949
66.110538960
57.547794104
18.983686924
403.667777061
79.905344486
2.211863995
35.417775869
45.925434113
133.041795492
66.360402584
240.220293522
161.706668377
464.625981808
5.224597216
206.194339991
9.567977905
103.998897791
225.249997854
144.266258240
88.889035940
24.561440945
296.998525381
10.833925009
196.469535828
29.640996218
13.621577501
169.733233690
42.770364761
56.412669659
23.137832403
67.351478338
0.890545845
11.436952114
19.773023367
97.036079407
127.363265276
154.851509809
9.478957653
35.439414740
37.428902626
118.615773916
10.872199535
48.602416277
19.231814146
78.734972715
34.958867788
29.150468588
162.507331848
199.075782061
279.029991627
218.898358345
76.490649700
221.307251453
45.693765402
50.902125359
138.273562193
315.587041855
12.268471003
11.401258230
13.411749840
59.042447329
11.707994223
168.696705341
26.129937649
67.654442072
70.640729427
4.324058056
88.735403061
134.510164261
470.055411339
281.604282618
150.064206600
262.375181437
108.727734089
171.054127932
73.691998005
273.926571846
58.714430332
195.019062042
25.809624672
15.770087242
201.044512272
14.698215008
269.327624321
68.012140036
74.603951216
72.510785341
85.410126209
139.029190302
65.147187471
71.846409321
7.270884275
57.201245308
184.381584644
59.440693140
224.002019405
160.711317539
10.830447674
103.126836538
143.548240423
76.432049751
85.709518909
60.492009878
2.760490894
12.435439110
99.303864002
8.147726774
39.341660976
94.486382246
68.366072893
91.485021591
17.605827093
3.082169056
157.638141155
405.772796869
154.705038548
396.326097727
312.174406767
66.985363722
95.640109539
207.235933781
24.988180399
14.108188629
47.793846607
9.820759058
29.053907394
148.959032536
97.952664852
141.579607964
122.561960697
3.538359880
34.327362061
187.915296078
17.601703405
12.348720551
144.914753437
51.333186150
98.421940804
156.603067398
134.068898201
99.832581043
143.241188526
91.807003021
107.418853045
70.658946276
26.940959215
116.364111423
261.849099398
74.716694117
65.277211428
53.549324036
310.201609135
15.609044313
70.671221018
2.526345730
176.278092384
16.584270239
101.981222630
235.880552053
70.823866606
169.150396347
175.636794567
86.224566460
28.628767967
149.875380278
34.668982267
121.120467663
109.541424513
102.703438282
143.928014517
4.697743416
21.060600042
351.609136820
57.328461409
150.085394859
83.742425680
15.710643530
23.248580456
99.444917917
9.710721970
146.736248493
157.521387815
35.982380629
49.011643887
125.565333843
13.426748753
13.381845236
223.417879105
45.531228065
21.496181488
374.630412817
177.352710962
70.429685593
330.961725712
96.051991701
8.296146154
8.753948450
254.684921026
25.555071115
193.615914345
20.544404745
219.797136068
19.810467958
53.673624277
0.109806776
8.639390945
158.811374187
77.966255188
102.169643164
18.021092176
345.169780970
56.459484100
103.761474133
52.665175438
89.415008783
96.193008184
39.463585138
0.504934072
208.594032049
131.463606834
20.417330503
193.597045660
5.780260563
0.318846941
636.365372658
29.902184486
136.411288023
7.419232130
94.833785057
32.615536928
75.486242771
362.740452766
23.109879017
44.591847658
169.569199562
105.239283800
72.162209749
14.003181458
32.385083914
35.325975418
622.198350668
66.561161280
193.304516077
39.217472315
67.111306906
116.519098997
151.394219398
21.531580448
163.357667446
257.639567137
67.860932350
268.201597452
95.955966234
89.652371168
9.637725115
254.725232601
191.928732634
194.406990290
116.207991362
33.859228134
197.963077068
168.495722294
394.953118801
153.283883333
53.129597902
296.690978765
34.797203541
78.947214127
152.196490765
203.262946606
212.923543215
170.383422852
140.533166409
60.596174479
527.768369913
25.884586096
137.660673857
14.767461300
63.681348801
190.191123724
9.536860704
102.250289440
220.281090498
61.240039349
6.518861771
628.195081234
161.128155708
36.353144407
158.976738453
42.156474352
137.516071558
99.962546825
276.117958307
276.079128981
25.255531549
410.215907097
674.013156652
154.666031599
91.219638109
25.038622856
232.649054050
276.677860022
39.266403437
8.025641680
132.008810282
311.406387806
29.054159164
164.056355238
430.159698009
76.182447672
25.342654705
310.169625282
92.673382521
274.299112320
66.098129034
23.856674433
299.102492332
187.571424246
478.397636414
251.611482859
6.030644178
184.828108311
116.897882223
156.112468004
205.878852606
180.391992807
180.047352791
260.299339771
44.083005428
259.192771673
269.853857517
11.786008835
204.791506529
44.881863356
42.221576214
102.200691700
67.681729794
57.873131275
203.886262417
61.954893589
87.331526279
14.061393738
115.035533190
260.747223616
25.834542274
180.882232428
569.347114325
159.364334822
75.764366388
197.763419151
182.777587652
19.682416439
244.085423946
6.936022043
27.621589184
195.697725058
2.621827126
46.232962847
298.779660702
5.662579298
67.691584587
154.186036825
272.441007137
235.202778101
109.821521282
273.489710093
125.559034348
27.784488440
417.117312908
91.702871561
231.348246574
199.202758551
4.045501709
11.056324959
211.943049431
217.337586641
17.684179544
36.535143375
200.083311558
212.168952465
223.900617599
0.615727425
45.936097622
24.600799322
80.448481083
54.921698332
30.150547266
151.251605034
16.563663721
0.246866703
26.955751419
39.087093353
187.612354279
70.797284126
154.352435350
17.117011547
24.171806812
391.416446924
9.475777149
86.822689533
94.483444214
104.672196150
9.113140106
101.168080091
39.035553217
83.442622423
12.608007431
260.870031595
41.873374939
3.884663105
11.273132801
88.649342775
144.466520548
169.251877308
50.974901199
28.613897324
96.047292233
60.486982822
325.762585402
155.072430372
235.825563192
75.156310558
548.825976610
265.180408478
19.088063478
444.188015699
294.367216349
400.203473091
42.569787025
39.537028551
163.195760012
201.520226240
8.592481375
539.156899452
383.339952707
49.718768835
243.379488230
121.184340954
43.152530670
47.482268572
574.805987358
225.339436054
9.813693285
249.982540131
194.009560347
93.623532295
31.608036995
69.183744907
313.035540104
274.281057119
118.925196171
3.982084513
303.147413015
40.497035265
664.960650206
36.338822603
18.838210821
145.432272911
31.766864538
134.703756094
153.685576200
322.699372053
321.011750460
255.707523346
18.989741802
287.766110182
356.800152540
487.236736774
361.688880920
7.215145826
47.656111240
9.362376690
155.225984335
79.207250834
230.157297373
211.598262548
14.528137207
10.023337603
307.572384834
106.734716654
119.077829361
131.634818792
23.175163746
25.910383463
15.111950636
43.794106960
2.033136845
43.871857405
47.520211458
162.666735649
74.381340027
369.132833004
114.595767021
71.487703562
18.848507643
102.424164295
240.067947626
17.468736887
68.592941999
213.320117950
51.901590109
192.827937841
343.822230339
40.223560095
48.611703396
49.355667830
194.593856573
52.181593895
183.424255848
7.932413340
72.151628971
2.613080978
36.218816280
182.005432606
32.383390903
439.979068995
47.099034309
72.931843758
14.645394802
45.856165648
77.104788780
73.480272770
4.823339939
34.903741360
44.767849684
150.894188881
17.218950748
158.377096176
14.863899946
302.773149252
21.264425039
282.619681120
434.996905565
114.518112183
83.675972223
128.675076246
50.616533995
66.168484211
37.994546413
95.785148144
287.855825186
251.364371538
68.413112640
192.124108315
5.888618708
804.596368790
64.293035984
78.727002144
121.155160666
234.760530233
111.306187391
106.631793261
46.313029766
9.283233166
52.891166449
52.654949188
203.150323868
68.342678308
110.225557566
165.263301373
97.245814323
333.052536249
126.146029711
148.715512037
20.545763969
31.927957773
126.530994177
29.154953718
226.625552177
377.133542538
73.732226610
288.717313766
3.971683741
132.984283209
99.233721733
69.423241854
304.800597668
183.330790997
31.847791195
500.499840736
218.078273535
