27 1493738682.032832 3041920446 35355640111155.445 2017.05.02 17:24:42 1493738682.031601445  0.031601445  0.003511272 850.0
27 1493738702.620258 3062507776 35355640110966.734 2017.05.02 17:25:02 1493738702.618742734  0.618742734  0.071870323 405.0
27 1493738747.402788 3107290517 35355640110558.828 2017.05.02 17:25:47 1493738747.401075828  0.401075828  0.108448712 369.6
27 1493738748.998793 3108886314 35355640110544.335 2017.05.02 17:25:48 1493738748.996858335  0.996858335  0.207160893 356.4
27 1493738762.565957 3122454615 35355640110420.296 2017.05.02 17:26:02 1493738762.565035296  0.565035296  0.246924715 343.7
27 1493738830.936777 3190825357 35355640109795.304 2017.05.02 17:27:10 1493738830.935152304  0.935152304  0.323394447 375.1
27 1493738897.047365 3256936498 35355640109193.312 2017.05.02 17:28:17 1493738897.045691312  0.045691312  0.292538543 370.2
27 1493738954.595662 3314484816 35355640108669.273 2017.05.02 17:29:14 1493738954.593485273  0.593485273  0.325977069 361.6
27 1493738973.577686 3333468676 35355640108496.289 2017.05.02 17:29:33 1493738973.577172289  0.577172289  0.353887649 372.6
27 1493739377.246498 3737140138 35355640104811.320 2017.05.02 17:36:17 1493739377.244949320  0.244949320  0.341783390 365.9
27 1493739457.151373 3817046214 35355640104079.859 2017.05.02 17:37:37 1493739457.150293859  0.150293859  0.320506776 353.5
27 1493739459.364406 3819258098 35355640104059.742 2017.05.02 17:37:39 1493739459.362157742  0.362157742  0.325134661 334.0
27 1493739494.780788 3854676194 35355640103739.640 2017.05.02 17:38:14 1493739494.779933640  0.779933640  0.375667881 369.8
27 1493739540.706558 3900602044 35355640103323.820 2017.05.02 17:39:00 1493739540.705367820  0.705367820  0.412301207 366.9
27 1493739673.748045 4033645042 35355640102121.351 2017.05.02 17:41:13 1493739673.747163351  0.747163351  0.449508112 358.7
27 1493739740.109378 4100006046 35355640101519.906 2017.05.02 17:42:20 1493739740.107565906  0.107565906  0.411514534 364.6
27 1493739980.330257 4340228506 35355640099353.312 2017.05.02 17:46:20 1493739980.327859312  0.327859312  0.402219509 453.3
27 1493740142.036549 4501936639 35355640097888.835 2017.05.02 17:49:02 1493740142.034527835  0.034527835  0.361364879 375.4
27 1493740606.662129 4966566835 35355640093674.632 2017.05.02 17:56:46 1493740606.660509632  0.660509632  0.394603185 372.2
27 1493740611.886079 4971791480 35355640093626.781 2017.05.02 17:56:51 1493740611.885106781  0.885106781  0.449103584 364.3
27 1493740818.081139 5177987704 35355640091742.710 2017.05.02 18:00:18 1493740818.079446710  0.079446710  0.408030598 274.7
27 1493740827.648766 5187555768 35355640091656.750 2017.05.02 18:00:27 1493740827.647424750  0.647424750  0.434629948 350.9
27 1493740931.648270 5291555606 35355640090716.437 2017.05.02 18:02:11 1493740931.646322437  0.646322437  0.458151336 372.3
27 1493741156.898416 5516807650 35355640088670.343 2017.05.02 18:05:56 1493741156.896320343  0.896320343  0.506836781 368.9
27 1493741301.163085 5661075231 35355640087347.632 2017.05.02 18:08:21 1493741301.162578632  0.162578632  0.468585876 362.0
27 1493741390.052186 5749965077 35355640086537.523 2017.05.02 18:09:50 1493741390.051614523  0.051614523  0.422255725 373.6
27 1493741414.615363 5774526744 35355640086311.585 2017.05.02 18:10:14 1493741414.613055585  0.613055585  0.443455710 346.9
27 1493741711.612063 6071527985 35355640083595.750 2017.05.02 18:15:11 1493741711.611580750  0.611580750  0.462136270 363.0
27 1493741722.447939 6082362009 35355640083496.773 2017.05.02 18:15:22 1493741722.445505773  0.445505773  0.460288437 360.4
27 1493741918.917243 6278833346 35355640081695.648 2017.05.02 18:18:38 1493741918.915041648  0.915041648  0.510816571 372.8
27 1493741948.556967 6308474616 35355640081421.945 2017.05.02 18:19:08 1493741948.556037945  0.556037945  0.515841168 352.5
27 1493741962.178837 6322096320 35355640081295.414 2017.05.02 18:19:22 1493741962.177615414  0.177615414  0.478260529 97734.5
27 1493742131.912544 6491831107 35355640079742.187 2017.05.02 18:22:11 1493742131.910849187  0.910849187  0.526325936 409.8
27 1493742174.682163 6534601862 35355640079351.890 2017.05.02 18:22:54 1493742174.681213890  0.681213890  0.543535708 371.6
27 1493742231.095635 6591015046 35355640078837.617 2017.05.02 18:23:51 1493742231.093883617  0.093883617  0.493574365 365.0
27 1493742254.233439 6614153089 35355640078626.992 2017.05.02 18:24:14 1493742254.231715992  0.231715992  0.464478990 320.0
27 1493742321.584813 6681505178 35355640078016.140 2017.05.02 18:25:21 1493742321.583194140  0.583194140  0.477669562 361.6
27 1493742322.474801 6682395732 35355640078008.070 2017.05.02 18:25:22 1493742322.473740070  0.473740070  0.477232952 334.1
27 1493742333.912707 6693832788 35355640077904.257 2017.05.02 18:25:33 1493742333.910692257  0.910692257  0.525395097 354.0
27 1493742353.685536 6713605991 35355640077724.546 2017.05.02 18:25:53 1493742353.683715546  0.683715546  0.542986258 373.2
27 1493742450.720654 6810642956 35355640076839.054 2017.05.02 18:27:30 1493742450.719795054  0.719795054  0.562631680 359.1
27 1493742578.085498 6938007386 35355640075674.156 2017.05.02 18:29:38 1493742578.083060156  0.083060156  0.509345955 377.4
27 1493742732.936100 7092860318 35355640074252.148 2017.05.02 18:32:12 1493742732.934570148  0.934570148  0.556593087 351.4
27 1493742742.415994 7102339363 35355640074164.632 2017.05.02 18:32:22 1493742742.413527632  0.413527632  0.540696926 343.5
27 1493742777.854744 7137779104 35355640073838.398 2017.05.02 18:32:57 1493742777.852942398  0.852942398  0.575390867 369.4
27 1493742815.282406 7175208351 35355640073494.054 2017.05.02 18:33:35 1493742815.281845054  0.281845054  0.542774666 362.1
27 1493742933.898191 7293825217 35355640072402.101 2017.05.02 18:35:33 1493742933.897619101  0.897619101  0.582201825 367.1
27 1493742944.772105 7304697517 35355640072301.656 2017.05.02 18:35:44 1493742944.769818656  0.769818656  0.603048140 362.4
27 1493742993.374437 7353300381 35355640071853.750 2017.05.02 18:36:33 1493742993.372234750  0.372234750  0.577402207 358.5
27 1493743012.605947 7372532372 35355640071677.046 2017.05.02 18:36:52 1493743012.604049046  0.604049046  0.580362967 299.1
27 1493743091.339867 7451268069 35355640070952.734 2017.05.02 18:38:11 1493743091.339021734  0.339021734  0.553547275 345.1
27 1493743126.298780 7486227259 35355640070630.515 2017.05.02 18:38:46 1493743126.297889515  0.297889515  0.525140857 345.5
27 1493743155.448998 7515377996 35355640070362.148 2017.05.02 18:39:15 1493743155.448358148  0.448358148  0.516609445 377.9
27 1493743317.956782 7677886834 35355640068855.992 2017.05.02 18:41:57 1493743317.955689992  0.955689992  0.565396172 404.8
27 1493743517.033882 7876964439 35355640067032.859 2017.05.02 18:45:17 1493743517.031471859  0.031471859  0.506071249 283.2
27 1493743796.062693 8155996971 35355640064492.632 2017.05.02 18:49:56 1493743796.061463632  0.061463632  0.456670402 383.5
27 1493744014.960764 8374897351 35355640062470.984 2017.05.02 18:53:34 1493744014.959821984  0.959821984  0.512576134 353.9
27 1493744091.452384 8451388709 35355640061762.734 2017.05.02 18:54:51 1493744091.450471734  0.450471734  0.505675645 370.2
27 1493744312.760025 8672698013 35355640059710.125 2017.05.02 18:58:32 1493744312.757723125  0.757723125  0.533680920 496.9
27 1493744358.452585 8718392202 35355640059286.390 2017.05.02 18:59:18 1493744358.451488390  0.451488390  0.524548417 352.3
27 1493744409.354507 8769294800 35355640058813.765 2017.05.02 19:00:09 1493744409.353613765  0.353613765  0.505555678 353.2
27 1493744547.627731 8907569648 35355640057528.039 2017.05.02 19:02:27 1493744547.627176039  0.627176039  0.519069051 275.0
27 1493744863.215827 9223159592 35355640054625.820 2017.05.02 19:07:43 1493744863.214217820  0.214217820  0.485196692 352.5
27 1493744875.483711 9235428175 35355640054513.953 2017.05.02 19:07:55 1493744875.482688953  0.482688953  0.484918055 357.0
27 1493744886.885605 9246829537 35355640054410.179 2017.05.02 19:08:06 1493744886.883947179  0.883947179  0.529254624 359.7
27 1493744900.296250 9260241410 35355640054286.984 2017.05.02 19:08:20 1493744900.295696984  0.295696984  0.503303775 3562.9
27 1493744959.338637 9319284397 35355640053747.343 2017.05.02 19:09:19 1493744959.338144343  0.338144343  0.484952727 357.7
27 1493744971.046823 9330992498 35355640053640.640 2017.05.02 19:09:31 1493744971.046138640  0.046138640  0.436195606 375.7
27 1493745139.744666 9499690738 35355640052105.757 2017.05.02 19:12:19 1493745139.742843757  0.742843757  0.470267623 361.5
27 1493745165.874776 9525820913 35355640051868.562 2017.05.02 19:12:45 1493745165.872781562  0.872781562  0.514991394 355.6
27 1493745233.528479 9593475972 35355640051251.554 2017.05.02 19:13:53 1493745233.527223554  0.527223554  0.516350523 360.5
27 1493745304.169758 9664117350 35355640050603.062 2017.05.02 19:15:04 1493745304.167953062  0.167953062  0.477639694 362.6
27 1493745308.494893 9668441448 35355640050563.117 2017.05.02 19:15:08 1493745308.492011117  0.492011117  0.479236519 375.8
27 1493745397.228901 9757177669 35355640049745.085 2017.05.02 19:16:37 1493745397.227414085  0.227414085  0.451256248 376.2
27 1493745531.738434 9891689084 35355640048494.343 2017.05.02 19:18:51 1493745531.737578343  0.737578343  0.483069814 364.5
27 1493746001.795360 10361748874 35355640044115.687 2017.05.02 19:26:41 1493746001.792989687  0.792989687  0.517505356 373.0
27 1493746283.398737 10643355749 35355640041523.429 2017.05.02 19:31:23 1493746283.397272429  0.397272429  0.504146142 350.7
27 1493746433.462816 10793421325 35355640040153.882 2017.05.02 19:33:53 1493746433.461478882  0.461478882  0.499405335 349.1
27 1493746695.838945 11055798901 35355640037759.382 2017.05.02 19:38:15 1493746695.836660382  0.836660382  0.536878118 380.6
27 1493746804.565208 11164527638 35355640036756.429 2017.05.02 19:40:04 1493746804.564394429  0.564394429  0.539935486 368.7
27 1493746975.620009 11335583355 35355640035167.359 2017.05.02 19:42:55 1493746975.618522359  0.618522359  0.548667361 540.6
27 1493747049.312533 11409276039 35355640034481.515 2017.05.02 19:44:09 1493747049.310520515  0.310520515  0.522206600 258.7
27 1493747323.237812 11683205175 35355640031917.367 2017.05.02 19:48:43 1493747323.237092367  0.237092367  0.490527241 352.4
27 1493747381.952917 11741920157 35355640031365.500 2017.05.02 19:49:41 1493747381.951522500  0.951522500  0.541748936 369.3
27 1493747576.972635 11936941036 35355640029548.640 2017.05.02 19:52:56 1493747576.970584640  0.970584640  0.589397348 382.5
27 1493747602.782390 11962750899 35355640029310.359 2017.05.02 19:53:22 1493747602.780209359  0.780209359  0.610598682 359.1
27 1493747618.552248 11978521132 35355640029164.515 2017.05.02 19:53:38 1493747618.550296515  0.550296515  0.603898442 342.8
27 1493747819.596697 12179567494 35355640027314.757 2017.05.02 19:56:59 1493747819.594808757  0.594808757  0.602888477 361.6
27 1493747834.294568 12194265844 35355640027179.890 2017.05.02 19:57:14 1493747834.293023890  0.293023890  0.568459078 325.9
27 1493748103.621210 12463595940 35355640024708.054 2017.05.02 20:01:43 1493748103.620648054  0.620648054  0.574257853 356.7
27 1493748171.634960 12531608712 35355640024076.171 2017.05.02 20:02:51 1493748171.632788171  0.632788171  0.580761222 364.8
27 1493748246.238459 12606213359 35355640023380.414 2017.05.02 20:04:06 1493748246.236739414  0.236739414  0.542536577 365.3
27 1493748318.749789 12678724824 35355640022700.820 2017.05.02 20:05:18 1493748318.747524820  0.747524820  0.565313048 368.3
27 1493748404.158307 12764135755 35355640021896.054 2017.05.02 20:06:44 1493748404.157651054  0.157651054  0.520017271 375.6
27 1493748543.188724 12903166257 35355640020584.250 2017.05.02 20:09:03 1493748543.186841250  0.186841250  0.482997713 370.0
27 1493748608.336112 12968314061 35355640019967.648 2017.05.02 20:10:08 1493748608.334028648  0.334028648  0.466445595 387.4
27 1493748680.181461 13040161149 35355640019288.968 2017.05.02 20:11:20 1493748680.180437968  0.180437968  0.434666970 390.8
27 1493748687.453361 13047432102 35355640019220.234 2017.05.02 20:11:27 1493748687.451322234  0.451322234  0.436517554 432.4
27 1493748744.653645 13104633888 35355640018679.632 2017.05.02 20:12:24 1493748744.652567632  0.652567632  0.460523119 364.3
27 1493748929.034800 13289017196 35355640016956.242 2017.05.02 20:15:29 1493748929.034152242  0.034152242  0.413148577 369.4
27 1493748988.476236 13348458438 35355640016407.500 2017.05.02 20:16:28 1493748988.474845500  0.474845500  0.420003790 344.9
27 1493749212.477847 13572462515 35355640014349.812 2017.05.02 20:20:12 1493749212.476864812  0.476864812  0.426321682 371.1
27 1493749373.190274 13733175305 35355640012877.304 2017.05.02 20:22:53 1493749373.188182304  0.188182304  0.399861751 391.2
27 1493749384.020351 13744005852 35355640012777.945 2017.05.02 20:23:04 1493749384.018629945  0.018629945  0.357502661 362.8
27 1493749487.146361 13847133634 35355640011832.546 2017.05.02 20:24:47 1493749487.145466546  0.145466546  0.333943093 361.8
27 1493749630.696116 13990683213 35355640010493.914 2017.05.02 20:27:10 1493749630.693706914  0.693706914  0.373916851 375.3
27 1493749707.126750 14067115982 35355640009774.679 2017.05.02 20:28:27 1493749707.125756679  0.125756679  0.346343498 365.3
27 1493749792.836599 14152826311 35355640008964.679 2017.05.02 20:29:52 1493749792.835275679  0.835275679  0.400669296 366.7
27 1493749853.329300 14213318894 35355640008391.492 2017.05.02 20:30:53 1493749853.327285492  0.327285492  0.392515540 353.7
27 1493749856.089500 14216079411 35355640008365.468 2017.05.02 20:30:56 1493749856.087776468  0.087776468  0.358655643 343.9
27 1493749868.525222 14228514968 35355640008247.429 2017.05.02 20:31:08 1493749868.523215429  0.523215429  0.376940064 258.9
27 1493749967.828534 14327819771 35355640007308.468 2017.05.02 20:32:47 1493749967.827079468  0.827079468  0.426955553 366.4
27 1493749975.976227 14335967575 35355640007231.304 2017.05.02 20:32:55 1493749975.974806304  0.974806304  0.487827859 353.0
27 1493750015.318749 14375309609 35355640006858.218 2017.05.02 20:33:35 1493750015.316467218  0.316467218  0.468787788 375.8
27 1493750109.804724 14469796885 35355640005964.500 2017.05.02 20:35:09 1493750109.802849500  0.802849500  0.505905756 364.7
27 1493750178.171171 14538163605 35355640005317.312 2017.05.02 20:36:18 1493750178.168922312  0.168922312  0.468463151 17647.5
27 1493750269.655382 14629649491 35355640004452.898 2017.05.02 20:37:49 1493750269.653943898  0.653943898  0.489072123 354.1
27 1493750287.261203 14647255483 35355640004288.015 2017.05.02 20:38:07 1493750287.259771015  0.259771015  0.463594222 346.1
27 1493750290.343178 14650337681 35355640004259.203 2017.05.02 20:38:10 1493750290.341940203  0.341940203  0.450077109 359.0
27 1493750447.980751 14807977287 35355640002794.328 2017.05.02 20:40:47 1493750447.980081328  0.980081328  0.508966466 359.0
27 1493750853.754310 15213753826 35355639999052.250 2017.05.02 20:47:33 1493750853.752878250  0.752878250  0.536067776 338.9
27 1493751008.458912 15368460297 35355639997619.640 2017.05.02 20:50:08 1493751008.457916640  0.457916640  0.527384316 356.3
27 1493751404.786351 15764790147 35355639993867.523 2017.05.02 20:56:44 1493751404.784014523  0.784014523  0.555898784 385.1
27 1493751716.960846 16076967517 35355639990904.242 2017.05.02 21:01:56 1493751716.958421242  0.958421242  0.600623501 372.1
27 1493751783.944820 16143953508 35355639990276.945 2017.05.02 21:03:03 1493751783.943784945  0.943784945  0.638752551 345.4
27 1493751879.584984 16239594508 35355639989386.585 2017.05.02 21:04:39 1493751879.583894585  0.583894585  0.632657221 355.4
27 1493752086.820928 16446832346 35355639987482.226 2017.05.02 21:08:06 1493752086.819828226  0.819828226  0.653453999 354.9
27 1493752111.808698 16471820755 35355639987253.781 2017.05.02 21:08:31 1493752111.808008781  0.808008781  0.670626753 374.9
27 1493752125.918559 16485929072 35355639987125.406 2017.05.02 21:08:45 1493752125.916197406  0.916197406  0.697912381 368.4
27 1493752173.711342 16533723355 35355639986688.921 2017.05.02 21:09:33 1493752173.710043921  0.710043921  0.699260330 378.5
27 1493752183.533001 16543544205 35355639986598.000 2017.05.02 21:09:43 1493752183.530803000  0.530803000  0.680542849 422.7
27 1493752212.586535 16572598379 35355639986331.296 2017.05.02 21:10:12 1493752212.584710296  0.584710296  0.669894787 368.6
27 1493752361.544766 16721558772 35355639984970.843 2017.05.02 21:12:41 1493752361.543742843  0.543742843  0.655877905 370.6
27 1493752459.497383 16819512336 35355639984071.773 2017.05.02 21:14:19 1493752459.496407773  0.496407773  0.638159001 365.8
27 1493752601.077318 16961093272 35355639982743.765 2017.05.02 21:16:41 1493752601.076015765  0.076015765  0.575698642 362.0
27 1493752723.638771 17083656392 35355639981584.367 2017.05.02 21:18:43 1493752723.637976367  0.637976367  0.582618389 381.6
27 1493752727.178745 17087194786 35355639981550.281 2017.05.02 21:18:47 1493752727.176336281  0.176336281  0.537475932 342.3
27 1493752761.504494 17121522472 35355639981226.351 2017.05.02 21:19:21 1493752761.503698351  0.503698351  0.533722868 365.7
27 1493752949.420770 17309439555 35355639979439.507 2017.05.02 21:22:29 1493752949.418994507  0.418994507  0.520975272 380.7
27 1493752967.022604 17327041426 35355639979271.742 2017.05.02 21:22:47 1493752967.020697742  0.020697742  0.465388880 367.7
27 1493752979.370557 17339390264 35355639979154.265 2017.05.02 21:22:59 1493752979.369418265  0.369418265  0.454725478 350.4
27 1493753124.286521 17484306392 35355639977779.765 2017.05.02 21:25:24 1493753124.284171765  0.284171765  0.435775066 362.1
27 1493753175.618464 17535640064 35355639977294.062 2017.05.02 21:26:15 1493753175.617358062  0.617358062  0.455950954 382.3
27 1493753274.041528 17634062927 35355639976371.796 2017.05.02 21:27:54 1493753274.039298796  0.039298796  0.409656270 378.4
27 1493753430.643861 17790667446 35355639974920.101 2017.05.02 21:30:30 1493753430.642366101  0.642366101  0.435512918 365.1
27 1493753564.712834 17924737576 35355639973688.406 2017.05.02 21:32:44 1493753564.711264406  0.711264406  0.466151972 332.3
27 1493753664.544620 18024571070 35355639972775.492 2017.05.02 21:34:24 1493753664.543845492  0.543845492  0.474784585 339.0
27 1493753807.786388 18167813563 35355639971470.992 2017.05.02 21:36:47 1493753807.785033992  0.785033992  0.509256742 384.0
27 1493753899.593550 18259621403 35355639970634.031 2017.05.02 21:38:19 1493753899.592037031  0.592037031  0.518454552 372.8
27 1493754007.012760 18367041256 35355639969633.937 2017.05.02 21:40:07 1493754007.010889937  0.010889937  0.462058483 367.3
27 1493754077.670715 18437700868 35355639968968.187 2017.05.02 21:41:17 1493754077.669836187  0.669836187  0.485144895 370.3
27 1493754104.612394 18464642081 35355639968714.554 2017.05.02 21:41:44 1493754104.610795554  0.610795554  0.499106079 356.0
27 1493754220.976942 18581007294 35355639967612.828 2017.05.02 21:43:40 1493754220.974906828  0.974906828  0.551972829 372.5
27 1493754482.824683 18842858885 35355639965121.250 2017.05.02 21:48:02 1493754482.824006250  0.824006250  0.582198765 359.2
27 1493754557.542593 18917576291 35355639964409.437 2017.05.02 21:49:17 1493754557.540700437  0.540700437  0.577587839 347.6
27 1493754622.819965 18982854118 35355639963793.921 2017.05.02 21:50:22 1493754622.817911921  0.817911921  0.604290515 482.9
27 1493754676.368455 19036403950 35355639963285.828 2017.05.02 21:51:16 1493754676.367235828  0.367235828  0.577951105 359.2
27 1493754986.570049 19346608430 35355639960415.070 2017.05.02 21:56:26 1493754986.568845070  0.568845070  0.576939324 484.3
27 1493755002.179913 19362217618 35355639960271.390 2017.05.02 21:56:42 1493755002.177889390  0.177889390  0.532600442 332.9
27 1493755072.850470 19432889490 35355639959620.382 2017.05.02 21:57:52 1493755072.849110382  0.849110382  0.567768213 366.4
27 1493755075.376416 19435415859 35355639959597.093 2017.05.02 21:57:55 1493755075.375456093  0.375456093  0.546400200 340.4
27 1493755251.654798 19611695569 35355639957979.476 2017.05.02 22:00:51 1493755251.653548476  0.653548476  0.558305564 360.8
27 1493755268.238698 19628279991 35355639957827.781 2017.05.02 22:01:08 1493755268.237818781  0.237818781  0.522695921 344.5
27 1493755370.219753 19730262153 35355639956888.421 2017.05.02 22:02:50 1493755370.219041421  0.219041421  0.488956532 401.1
27 1493755606.100458 19966144925 35355639954668.492 2017.05.02 22:06:46 1493755606.099593492  0.099593492  0.445693972 389.9
27 1493755676.924526 20036969464 35355639953996.007 2017.05.02 22:07:56 1493755676.923460007  0.923460007  0.498779087 364.1
27 1493755846.074492 20206121465 35355639952391.414 2017.05.02 22:10:46 1493755846.073856414  0.073856414  0.451565457 375.5
27 1493756021.712339 20381759924 35355639950726.812 2017.05.02 22:13:41 1493756021.710650812  0.710650812  0.480352719 361.2
27 1493756107.936776 20467985306 35355639949911.335 2017.05.02 22:15:07 1493756107.935217335  0.935217335  0.530893232 355.1
27 1493756136.564819 20496614344 35355639949641.343 2017.05.02 22:15:36 1493756136.563985343  0.563985343  0.534570133 363.4
27 1493756286.440752 20646491125 35355639948240.609 2017.05.02 22:18:06 1493756286.439365609  0.439365609  0.523991852 360.9
27 1493756321.108823 20681160428 35355639947919.921 2017.05.02 22:18:41 1493756321.108347921  0.108347921  0.477809193 375.0
27 1493756442.230803 20802282014 35355639946801.523 2017.05.02 22:20:42 1493756442.228815523  0.228815523  0.450143230 373.7
27 1493756551.771854 20911824449 35355639945791.093 2017.05.02 22:22:31 1493756551.770240093  0.770240093  0.485709548 359.2
27 1493756654.474902 21014528832 35355639944846.359 2017.05.02 22:24:14 1493756654.473678359  0.473678359  0.484372749 345.2
27 1493756798.403853 21158458174 35355639943518.804 2017.05.02 22:26:38 1493756798.401692804  0.401692804  0.475186089 359.9
27 1493756803.101807 21163155961 35355639943475.296 2017.05.02 22:26:43 1493756803.099436296  0.099436296  0.433436112 356.8
27 1493756824.161615 21184216757 35355639943279.375 2017.05.02 22:27:04 1493756824.160036375  0.160036375  0.403058363 348.3
27 1493757175.769695 21535829212 35355639939961.125 2017.05.02 22:32:55 1493757175.769173125  0.769173125  0.443737781 357.0
27 1493757233.099137 21593158219 35355639939415.609 2017.05.02 22:33:53 1493757233.097634609  0.097634609  0.405281873 384.1
27 1493757383.183964 21743245044 35355639937985.335 2017.05.02 22:36:23 1493757383.183029335  0.183029335  0.380587147 357.2
27 1493757466.926398 21826988261 35355639937193.992 2017.05.02 22:37:46 1493757466.925454992  0.925454992  0.441128018 376.5
27 1493757482.638289 21842699053 35355639937045.632 2017.05.02 22:38:02 1493757482.636098632  0.636098632  0.462791420 372.7
27 1493757505.886369 21865947852 35355639936827.085 2017.05.02 22:38:25 1493757505.884679085  0.884679085  0.509667827 370.3
27 1493757605.330992 21965393705 35355639935891.882 2017.05.02 22:40:05 1493757605.329596882  0.329596882  0.489659944 352.0
27 1493757615.040911 21975104517 35355639935802.007 2017.05.02 22:40:15 1493757615.040319007  0.040319007  0.439733174 359.1
27 1493757761.778436 22121842126 35355639934441.531 2017.05.02 22:42:41 1493757761.776567531  0.776567531  0.477159213 370.5
27 1493757919.299764 22279364970 35355639932985.289 2017.05.02 22:45:19 1493757919.297955289  0.297955289  0.457247666 357.3
27 1493757955.281423 22315347681 35355639932654.937 2017.05.02 22:45:55 1493757955.280335937  0.280335937  0.437590807 364.7
27 1493758004.292955 22364359776 35355639932203.671 2017.05.02 22:46:44 1493758004.291979671  0.291979671  0.421411792 365.4
27 1493758129.858629 22489926266 35355639931047.734 2017.05.02 22:48:49 1493758129.857313734  0.857313734  0.469845341 367.3
27 1493758143.286505 22503353138 35355639930924.460 2017.05.02 22:49:03 1493758143.284062460  0.284062460  0.449202799 343.5
27 1493758156.666380 22516735107 35355639930800.687 2017.05.02 22:49:16 1493758156.665907687  0.665907687  0.473281120 362.0
27 1493758380.084273 22740155084 35355639928702.812 2017.05.02 22:53:00 1493758380.083786812  0.083786812  0.430003974 371.1
27 1493758425.616450 22785686742 35355639928272.812 2017.05.02 22:53:45 1493758425.615014812  0.615014812  0.450560734 355.5
27 1493758447.112225 22807183127 35355639928069.203 2017.05.02 22:54:07 1493758447.111196203  0.111196203  0.412853564 346.1
27 1493758821.742451 23181817104 35355639924505.015 2017.05.02 23:00:21 1493758821.741609015  0.741609015  0.449381948 351.4
27 1493758999.096541 23359171493 35355639922827.148 2017.05.02 23:03:19 1493758999.094320148  0.094320148  0.409930636 352.7
27 1493759069.525887 23429601836 35355639922169.562 2017.05.02 23:04:29 1493759069.524005562  0.524005562  0.422605628 366.3
27 1493759400.486256 23760566628 35355639919103.328 2017.05.02 23:10:00 1493759400.485731328  0.485731328  0.429619595 370.2
27 1493759496.538534 23856619506 35355639918217.117 2017.05.02 23:11:36 1493759496.537723117  0.537723117  0.441631097 367.0
27 1493759504.834615 23864915729 35355639918140.132 2017.05.02 23:11:44 1493759504.833869132  0.833869132  0.485213101 362.0
27 1493759513.588683 23873669758 35355639918059.656 2017.05.02 23:11:53 1493759513.587817656  0.587817656  0.496613607 355.3
27 1493759768.274365 24128357072 35355639915666.593 2017.05.02 23:16:08 1493759768.272738593  0.272738593  0.471738606 358.0
27 1493759793.830131 24153912385 35355639915424.734 2017.05.02 23:16:33 1493759793.827809734  0.827809734  0.511302064 520.1
27 1493759987.444777 24347530141 35355639913583.132 2017.05.02 23:19:47 1493759987.443724132  0.443724132  0.503793405 360.0
27 1493760007.990615 24368074741 35355639913387.992 2017.05.02 23:20:07 1493760007.988128992  0.988128992  0.557608470 345.3
27 1493760227.786583 24587873968 35355639911297.078 2017.05.02 23:23:47 1493760227.785265078  0.785265078  0.582903649 364.8
27 1493760247.596395 24607684622 35355639911110.867 2017.05.02 23:24:07 1493760247.595732867  0.595732867  0.584329118 316.6
27 1493760301.270592 24661358749 35355639910608.117 2017.05.02 23:25:01 1493760301.269357117  0.269357117  0.549332229 347.6
27 1493760301.380530 24661468557 35355639910607.093 2017.05.02 23:25:01 1493760301.379164093  0.379164093  0.530424658 274.8
27 1493760310.020786 24670108029 35355639910526.007 2017.05.02 23:25:10 1493760310.018555007  0.018555007  0.473550252 364.3
27 1493760468.830702 24828920880 35355639909049.148 2017.05.02 23:27:48 1493760468.829929148  0.829929148  0.513147907 378.2
27 1493760546.796778 24906887854 35355639908330.195 2017.05.02 23:29:06 1493760546.796184195  0.796184195  0.544596384 365.8
27 1493760648.966653 25009058437 35355639907390.570 2017.05.02 23:30:48 1493760648.965827570  0.965827570  0.591399849 353.1
27 1493760666.988569 25027079694 35355639907225.617 2017.05.02 23:31:06 1493760666.986919617  0.986919617  0.635346490 336.8
27 1493761012.158207 25372252657 35355639904043.703 2017.05.02 23:36:52 1493761012.156700703  0.156700703  0.582163625 366.9
27 1493761068.618249 25428712667 35355639903517.742 2017.05.02 23:37:48 1493761068.616184742  0.616184742  0.585943749 356.6
27 1493761172.378935 25532475120 35355639902538.882 2017.05.02 23:39:32 1493761172.377658882  0.377658882  0.562800986 365.0
27 1493761225.044452 25585140793 35355639902041.289 2017.05.02 23:40:25 1493761225.042834289  0.042834289  0.505026908 360.3
27 1493761314.458736 25674556651 35355639901192.039 2017.05.02 23:41:54 1493761314.457843039  0.457843039  0.499784256 362.3
27 1493761410.652767 25770750573 35355639900278.242 2017.05.02 23:43:30 1493761410.650851242  0.650851242  0.516569477 358.5
27 1493761450.116395 25810214533 35355639899903.343 2017.05.02 23:44:10 1493761450.114436343  0.114436343  0.471888018 357.6
27 1493761450.620437 25810719472 35355639899898.492 2017.05.02 23:44:10 1493761450.619370492  0.619370492  0.488274959 295.8
27 1493761659.215386 26019315484 35355639897918.554 2017.05.02 23:47:39 1493761659.213402554  0.213402554  0.457733581 373.7
27 1493761790.678561 26150780327 35355639896682.453 2017.05.02 23:49:50 1493761790.677009453  0.677009453  0.482097567 363.5
27 1493761811.096635 26171197849 35355639896490.859 2017.05.02 23:50:11 1493761811.094339859  0.094339859  0.439013377 397.0
27 1493762004.692905 26364796693 35355639894692.617 2017.05.02 23:53:24 1493762004.691385617  0.691385617  0.467054737 357.8
27 1493762010.472848 26370577007 35355639894639.023 2017.05.02 23:53:30 1493762010.471646023  0.471646023  0.467564880 418.1
27 1493762010.792840 26370895857 35355639894636.070 2017.05.02 23:53:30 1493762010.790493070  0.790493070  0.503445790 302.9
27 1493762647.156612 27007267169 35355639888696.640 2017.05.03 00:04:07 1493762647.155865640  0.155865640  0.464825773 390.3
27 1493762677.058779 27037169639 35355639888411.179 2017.05.03 00:04:37 1493762677.058050179  0.058050179  0.419628485 356.7
27 1493762813.471704 27173582226 35355639887112.289 2017.05.03 00:06:53 1493762813.469338289  0.469338289  0.425151796 368.7
27 1493762820.889635 27181001529 35355639887041.406 2017.05.03 00:07:00 1493762820.888570406  0.888570406  0.476642753 351.0
27 1493762915.723077 27275836219 35355639886136.343 2017.05.03 00:08:35 1493762915.722355343  0.722355343  0.503944152 356.5
27 1493762948.338762 27308452065 35355639885827.218 2017.05.03 00:09:08 1493762948.337892218  0.337892218  0.485493937 353.6
27 1493763023.826046 27383939028 35355639885107.125 2017.05.03 00:10:23 1493763023.824135125  0.824135125  0.523120736 369.3
27 1493763386.566281 27746682899 35355639881688.890 2017.05.03 00:16:26 1493763386.564587890  0.564587890  0.527728197 366.4
27 1493763409.676068 27769792996 35355639881470.921 2017.05.03 00:16:49 1493763409.674466921  0.674466921  0.544032500 344.4
27 1493763454.268116 27814385264 35355639881050.484 2017.05.03 00:17:34 1493763454.266314484  0.266314484  0.513174943 344.6
27 1493763623.836525 27983956063 35355639879451.015 2017.05.03 00:20:23 1493763623.835514015  0.835514015  0.548990395 353.5
27 1493763729.075625 28089196259 35355639878538.976 2017.05.03 00:22:09 1493763729.074797976  0.074797976  0.496302349 356.0
27 1493763801.239204 28161359147 35355639877860.609 2017.05.03 00:23:21 1493763801.237007609  0.237007609  0.467491822 373.8
27 1493763815.242219 28175362461 35355639877727.960 2017.05.03 00:23:35 1493763815.240188960  0.240188960  0.442235948 343.9
27 1493763847.626480 28207747849 35355639877423.906 2017.05.03 00:24:07 1493763847.625272906  0.625272906  0.462573388 405.3
27 1493763882.952506 28243074159 35355639877089.367 2017.05.03 00:24:42 1493763882.951248367  0.951248367  0.516870608 366.9
27 1493764505.150800 28865278417 35355639871182.015 2017.05.03 00:35:05 1493764505.149599015  0.149599015  0.476062653 375.3
27 1493764571.712855 28931840199 35355639870561.312 2017.05.03 00:36:11 1493764571.710760312  0.710760312  0.502140171 376.1
27 1493764765.016636 29125146512 35355639868764.492 2017.05.03 00:39:25 1493764765.015276492  0.015276492  0.448044207 358.4
27 1493764804.234612 29164364347 35355639868401.804 2017.05.03 00:40:04 1493764804.232748804  0.232748804  0.424122495 363.1
27 1493764871.346004 29231476276 35355639867779.640 2017.05.03 00:41:11 1493764871.344055640  0.344055640  0.415226178 350.3
27 1493764987.864920 29347996452 35355639866702.695 2017.05.03 00:43:07 1493764987.863154695  0.863154695  0.464996013 372.7
27 1493765139.259520 29499392079 35355639865295.070 2017.05.03 00:45:39 1493765139.257374070  0.257374070  0.441926908 364.8
27 1493765160.790704 29520923862 35355639865092.546 2017.05.03 00:46:00 1493765160.788954546  0.788954546  0.480485535 343.0
27 1493765324.147974 29684283057 35355639863564.890 2017.05.03 00:48:44 1493765324.146621890  0.146621890  0.443389574 360.6
27 1493765581.786932 29941925076 35355639861113.000 2017.05.03 00:53:01 1493765581.786189000  0.786189000  0.481478399 357.2
27 1493765649.648262 30009786652 35355639860469.382 2017.05.03 00:54:09 1493765649.647121382  0.647121382  0.499883175 352.8
27 1493765917.849947 30277990777 35355639857942.000 2017.05.03 00:58:37 1493765917.848719000  0.848719000  0.538642711 386.8
27 1493766013.806668 30373947639 35355639857046.156 2017.05.03 01:00:13 1493766013.804685156  0.804685156  0.568202983 347.4
27 1493766103.458700 30463600843 35355639856213.265 2017.05.03 01:01:43 1493766103.457056265  0.457056265  0.555853348 361.4
27 1493766113.096979 30473238657 35355639856124.507 2017.05.03 01:01:53 1493766113.094781507  0.094781507  0.504623143 406.9
27 1493766367.820597 30727966250 35355639853763.914 2017.05.03 01:06:07 1493766367.820013914  0.820013914  0.539666562 427.5
27 1493766559.750212 30919896764 35355639851982.648 2017.05.03 01:09:19 1493766559.748746648  0.748746648  0.562897683 437.3
27 1493766754.156219 31114305587 35355639850149.914 2017.05.03 01:12:34 1493766754.155736914  0.155736914  0.517657597 364.4
27 1493766870.364730 31230514679 35355639849049.210 2017.05.03 01:14:30 1493766870.363728210  0.363728210  0.500554332 308.9
27 1493766904.224408 31264374229 35355639848727.382 2017.05.03 01:15:04 1493766904.222956382  0.222956382  0.469710115 338.1
27 1493767102.186519 31462339187 35355639846846.554 2017.05.03 01:18:22 1493767102.186033554  0.186033554  0.438190497 367.6
27 1493767270.682513 31630836502 35355639845253.664 2017.05.03 01:21:10 1493767270.681755664  0.681755664  0.465253294 382.9
27 1493767665.635579 32025793299 35355639841575.484 2017.05.03 01:27:45 1493767665.634874484  0.634874484  0.484100093 367.1
27 1493767818.920177 32179078603 35355639840154.820 2017.05.03 01:30:18 1493767818.918757820  0.918757820  0.532395396 460.6
27 1493767872.049418 32232208697 35355639839658.703 2017.05.03 01:31:12 1493767872.048355703  0.048355703  0.478613208 374.0
27 1493768168.740968 32528902487 35355639836847.484 2017.05.03 01:36:08 1493768168.739334484  0.739334484  0.507582238 308.6
27 1493768203.538636 32563700021 35355639836517.132 2017.05.03 01:36:43 1493768203.536538132  0.536538132  0.510799560 358.9
27 1493768282.485270 32642647985 35355639835767.312 2017.05.03 01:38:02 1493768282.483752312  0.483752312  0.507794310 363.9
27 1493768434.681809 32794845926 35355639834317.101 2017.05.03 01:40:34 1493768434.680243101  0.680243101  0.526955287 358.2
27 1493768637.943845 32998110811 35355639832378.609 2017.05.03 01:43:57 1493768637.943189609  0.943189609  0.573203545 358.6
27 1493768850.868765 33211036357 35355639830375.859 2017.05.03 01:47:30 1493768850.866732859  0.866732859  0.605817913 353.2
27 1493769021.251352 33381421343 35355639828812.656 2017.05.03 01:50:21 1493769021.250155656  0.250155656  0.566299885 366.1
27 1493769161.784297 33521955814 35355639827508.093 2017.05.03 01:52:41 1493769161.783322093  0.783322093  0.590413463 334.7
27 1493769222.380645 33582552555 35355639826941.640 2017.05.03 01:53:42 1493769222.379496640  0.379496640  0.566978261 376.9
27 1493769750.148572 34110325927 35355639821939.484 2017.05.03 02:02:30 1493769750.147866484  0.147866484  0.520410285 363.5
27 1493769776.034827 34136210760 35355639821692.609 2017.05.03 02:02:56 1493769776.032452609  0.032452609  0.466192766 354.3
27 1493769913.694229 34273872740 35355639820386.398 2017.05.03 02:05:13 1493769913.693126398  0.693126398  0.491407614 311.1
27 1493769928.462109 34288640341 35355639820246.687 2017.05.03 02:05:28 1493769928.460587687  0.460587687  0.487983178 357.8
27 1493769992.143496 34352322284 35355639819652.562 2017.05.03 02:06:32 1493769992.141936562  0.141936562  0.449533554 362.6
27 1493770182.334369 34542515174 35355639817886.265 2017.05.03 02:09:42 1493770182.333060265  0.333060265  0.436592077 326.7
27 1493770191.872302 34552052123 35355639817797.851 2017.05.03 02:09:51 1493770191.869920851  0.869920851  0.484739719 354.2
27 1493770294.121358 34654303358 35355639816852.335 2017.05.03 02:11:34 1493770294.120210335  0.120210335  0.444236454 362.2
27 1493770514.402238 34874586484 35355639814817.007 2017.05.03 02:15:14 1493770514.401301007  0.401301007  0.439465849 315.3
27 1493770575.642818 34935827094 35355639814246.164 2017.05.03 02:16:15 1493770575.641340164  0.641340164  0.461896328 375.7
27 1493770582.160766 34942346017 35355639814185.039 2017.05.03 02:16:22 1493770582.160202039  0.160202039  0.428374740 348.7
27 1493771210.356024 35570547057 35355639808226.328 2017.05.03 02:26:50 1493771210.355283328  0.355283328  0.420253472 383.5
27 1493771371.484439 35731676727 35355639806712.039 2017.05.03 02:29:31 1493771371.483439039  0.483439039  0.427274091 347.2
27 1493771407.838092 35768030211 35355639806372.257 2017.05.03 02:30:07 1493771407.836583257  0.836583257  0.472752887 365.7
27 1493771566.813832 35927008428 35355639804893.843 2017.05.03 02:32:46 1493771566.813321843  0.813321843  0.510593882 431.9
27 1493771608.970797 35969165294 35355639804502.226 2017.05.03 02:33:28 1493771608.969796226  0.969796226  0.561616365 365.7
27 1493771746.488112 36106682640 35355639803227.726 2017.05.03 02:35:46 1493771746.485867726  0.485867726  0.553199849 371.6
27 1493771846.449212 36206646114 35355639802300.656 2017.05.03 02:37:26 1493771846.448414656  0.448414656  0.541557050 368.2
27 1493772122.568673 36482766671 35355639799701.968 2017.05.03 02:42:02 1493772122.566372968  0.566372968  0.544314374 360.2
27 1493772398.647431 36758848428 35355639797073.765 2017.05.03 02:46:38 1493772398.645501765  0.645501765  0.555557418 363.9
27 1493772423.902669 36784104201 35355639796832.320 2017.05.03 02:47:03 1493772423.901033320  0.901033320  0.593943629 358.9
27 1493772834.118805 37194323986 35355639792954.554 2017.05.03 02:53:54 1493772834.116940554  0.116940554  0.540943287 369.9
27 1493773508.130767 37868343465 35355639786632.093 2017.05.03 03:05:08 1493773508.130097093  0.130097093  0.495293710 369.4
27 1493773662.797872 38023010979 35355639785149.851 2017.05.03 03:07:42 1493773662.796128851  0.796128851  0.528719837 339.5
27 1493773754.018001 38114231493 35355639784273.820 2017.05.03 03:09:14 1493773754.015766820  0.015766820  0.471725057 380.7
27 1493773779.056580 38139270356 35355639784033.671 2017.05.03 03:09:39 1493773779.054389671  0.054389671  0.425354459 375.1
27 1493774011.704769 38371921625 35355639781818.726 2017.05.03 03:13:31 1493774011.703443726  0.703443726  0.456253266 364.8
27 1493774288.382067 38648602072 35355639779231.695 2017.05.03 03:18:08 1493774288.381303695  0.381303695  0.447925536 350.6
27 1493774327.648551 38687868840 35355639778867.250 2017.05.03 03:18:47 1493774327.647707250  0.647707250  0.470123504 355.4
27 1493774335.674483 38695894556 35355639778792.828 2017.05.03 03:18:55 1493774335.673348828  0.673348828  0.492704096 343.3
27 1493774467.683269 38827904592 35355639777567.242 2017.05.03 03:21:07 1493774467.682159242  0.682159242  0.513754668 386.1
27 1493774779.090661 39139313894 35355639774652.976 2017.05.03 03:26:19 1493774779.088546976  0.088546976  0.466509369 369.1
27 1493774808.144348 39168368330 35355639774376.187 2017.05.03 03:26:48 1493774808.142706187  0.142706187  0.430531237 344.8
27 1493774972.200130 39332426258 35355639772803.398 2017.05.03 03:29:32 1493774972.199061398  0.199061398  0.404812366 2875.8
27 1493775402.360603 39762590071 35355639768688.320 2017.05.03 03:36:42 1493775402.358759320  0.358759320  0.399695361 370.9
27 1493775478.542707 39838773234 35355639767973.140 2017.05.03 03:37:58 1493775478.541207140  0.541207140  0.415418892 379.0
27 1493775503.884766 39864116126 35355639767735.812 2017.05.03 03:38:23 1493775503.883861812  0.883861812  0.467468105 356.7
27 1493775814.055752 40174288640 35355639764847.093 2017.05.03 03:43:34 1493775814.053487093  0.053487093  0.421470215 374.0
27 1493775906.728624 40266962883 35355639763986.570 2017.05.03 03:45:06 1493775906.726869570  0.726869570  0.455403477 361.1
27 1493776181.028109 40541264569 35355639761412.804 2017.05.03 03:49:41 1493776181.025981804  0.025981804  0.407689958 387.6
27 1493776247.126239 40607363328 35355639760782.851 2017.05.03 03:50:47 1493776247.124110851  0.124110851  0.376181168 381.1
27 1493776270.982143 40631220230 35355639760555.359 2017.05.03 03:51:10 1493776270.980785359  0.980785359  0.443359411 364.5
27 1493776570.084653 40930325598 35355639757679.789 2017.05.03 03:56:10 1493776570.083277789  0.083277789  0.403350342 368.5
27 1493776757.655851 41117898818 35355639755883.960 2017.05.03 03:59:17 1493776757.654701960  0.654701960  0.431278300 361.2
27 1493777236.053299 41596300971 35355639751367.468 2017.05.03 04:07:16 1493777236.052338468  0.052338468  0.389173874 364.7
27 1493777487.664467 41847914828 35355639748993.289 2017.05.03 04:11:27 1493777487.663821289  0.663821289  0.419690253 318.2
27 1493777493.696413 41853945529 35355639748936.343 2017.05.03 04:11:33 1493777493.694465343  0.694465343  0.450220819 359.1
27 1493777678.524325 42038775381 35355639747192.679 2017.05.03 04:14:38 1493777678.522573679  0.522573679  0.458260026 439.0
27 1493777795.421252 42155674367 35355639746088.914 2017.05.03 04:16:35 1493777795.420455914  0.420455914  0.454059569 361.3
27 1493777951.533906 42311788308 35355639744615.937 2017.05.03 04:19:11 1493777951.532923937  0.532923937  0.462822276 376.2
27 1493778157.414141 42517669104 35355639742672.570 2017.05.03 04:22:37 1493778157.411776570  0.411776570  0.457150531 376.4
27 1493778337.804774 42698062799 35355639740970.289 2017.05.03 04:25:37 1493778337.803769289  0.803769289  0.495663727 364.6
27 1493778517.851999 42878111851 35355639739271.054 2017.05.03 04:28:37 1493778517.851122054  0.851122054  0.535159096 354.8
27 1493778778.152405 43138413647 35355639736814.812 2017.05.03 04:32:58 1493778778.150461812  0.150461812  0.492414954 363.4
27 1493778822.234720 43182497068 35355639736399.250 2017.05.03 04:33:42 1493778822.233467250  0.233467250  0.463642986 360.3
27 1493779081.428456 43441692286 35355639733952.976 2017.05.03 04:38:01 1493779081.426238976  0.426238976  0.459486985 368.8
27 1493779351.281525 43711548690 35355639731406.492 2017.05.03 04:42:31 1493779351.280096492  0.280096492  0.439554708 341.0
27 1493779363.067409 43723334810 35355639731295.382 2017.05.03 04:42:43 1493779363.066105382  0.066105382  0.398060339 365.9
27 1493779567.859442 43928128284 35355639729327.960 2017.05.03 04:46:07 1493779567.857611960  0.857611960  0.449121630 374.2
27 1493779612.741045 43973010570 35355639728905.203 2017.05.03 04:46:52 1493779612.739475203  0.739475203  0.481383138 368.9
27 1493779654.962324 44015232547 35355639728504.562 2017.05.03 04:47:34 1493779654.961051562  0.961051562  0.534679630 365.9
27 1493779757.164119 44117434208 35355639727535.101 2017.05.03 04:49:17 1493779757.161743101  0.161743101  0.493242238 357.4
27 1493779824.845494 44185116572 35355639726900.968 2017.05.03 04:50:24 1493779824.843472968  0.843472968  0.532156763 373.4
27 1493779882.718962 44242990237 35355639726367.335 2017.05.03 04:51:22 1493779882.716604335  0.716604335  0.552650938 369.0
27 1493780086.605260 44446878389 35355639724477.703 2017.05.03 04:54:46 1493780086.602866703  0.602866703  0.558230467 371.2
27 1493780148.559971 44508833853 35355639723907.218 2017.05.03 04:55:48 1493780148.557760218  0.557760218  0.558178217 425.8
27 1493780235.891171 44596166189 35355639723097.507 2017.05.03 04:57:15 1493780235.889286507  0.889286507  0.594968027 361.0
27 1493780249.953031 44610227713 35355639722967.351 2017.05.03 04:57:29 1493780249.950680351  0.950680351  0.634491619 4277.4
27 1493780364.988447 44725264312 35355639721901.515 2017.05.03 04:59:24 1493780364.986213515  0.986213515  0.673571830 362.8
27 1493780625.734514 44986014067 35355639719370.078 2017.05.03 05:03:45 1493780625.733437078  0.733437078  0.680223524 361.6
27 1493780651.570259 45011848858 35355639719121.304 2017.05.03 05:04:11 1493780651.567979304  0.567979304  0.667751944 462.3
27 1493780832.450849 45192732835 35355639717376.773 2017.05.03 05:07:12 1493780832.450211773  0.450211773  0.643580814 369.2
27 1493781401.798470 45762085299 35355639712027.156 2017.05.03 05:16:41 1493781401.797326156  0.797326156  0.660663630 375.5
27 1493781561.162518 45921451109 35355639710552.000 2017.05.03 05:19:21 1493781561.161661000  0.161661000  0.605218893 364.9
27 1493781636.926760 45997216177 35355639709850.296 2017.05.03 05:20:36 1493781636.926027296  0.926027296  0.640864271 374.5
27 1493781834.690809 46194981461 35355639707985.375 2017.05.03 05:23:54 1493781834.689446375  0.689446375  0.646262283 390.5
27 1493782017.468031 46377760796 35355639706238.125 2017.05.03 05:26:57 1493782017.467034125  0.467034125  0.626348043 373.1
27 1493782037.150198 46397443401 35355639706049.539 2017.05.03 05:27:17 1493782037.149450539  0.149450539  0.573359431 829.6
27 1493782281.236120 46641531170 35355639703704.453 2017.05.03 05:31:21 1493782281.234874453  0.234874453  0.535749989 358.9
27 1493782288.172022 46648467259 35355639703637.640 2017.05.03 05:31:28 1493782288.170896640  0.170896640  0.495210728 438.8
27 1493782315.794192 46676089114 35355639703371.656 2017.05.03 05:31:55 1493782315.792485656  0.792485656  0.528241276 380.3
27 1493782511.491502 46871788698 35355639701512.710 2017.05.03 05:35:11 1493782511.490210710  0.490210710  0.524015657 352.6
27 1493782514.113477 46874410550 35355639701487.984 2017.05.03 05:35:14 1493782514.112037984  0.112037984  0.478240360 344.6
27 1493782560.347043 46920643947 35355639701053.648 2017.05.03 05:36:00 1493782560.345000648  0.345000648  0.463435948 343.9
27 1493782859.126490 47219426388 35355639698273.335 2017.05.03 05:40:59 1493782859.124661335  0.124661335  0.425794324 577.9
27 1493782864.788436 47225089020 35355639698220.859 2017.05.03 05:41:04 1493782864.787240859  0.787240859  0.465955050 363.5
27 1493782932.479806 47292781231 35355639697594.421 2017.05.03 05:42:12 1493782932.478825421  0.478825421  0.467385091 364.8
27 1493783086.666401 47446968689 35355639696173.164 2017.05.03 05:44:46 1493783086.664862164  0.664862164  0.489326988 368.1
27 1493783359.107420 47719412267 35355639693602.390 2017.05.03 05:49:19 1493783359.105869390  0.105869390  0.446720589 326.8
27 1493783594.310394 47954617302 35355639691345.296 2017.05.03 05:53:14 1493783594.308647296  0.308647296  0.431379112 372.9
27 1493783704.131535 48064439884 35355639690284.664 2017.05.03 05:55:04 1493783704.130168664  0.130168664  0.397911284 344.9
27 1493783977.620619 48337932198 35355639687680.757 2017.05.03 05:59:37 1493783977.619878757  0.619878757  0.422574337 347.2
27 1493784103.179425 48463492410 35355639686503.187 2017.05.03 06:01:43 1493784103.178913187  0.178913187  0.395500876 374.6
27 1493784130.965141 48491277157 35355639686244.609 2017.05.03 06:02:10 1493784130.963401609  0.963401609  0.458600957 361.8
27 1493784548.082470 48908398329 35355639682385.484 2017.05.03 06:09:08 1493784548.080714484  0.080714484  0.416613571 375.5
27 1493784639.784773 49000102046 35355639681540.054 2017.05.03 06:10:39 1493784639.783586054  0.783586054  0.457388291 364.7
27 1493784871.132479 49231452489 35355639679343.562 2017.05.03 06:14:31 1493784871.131832562  0.131832562  0.421215433 369.9
27 1493785070.335264 49430657168 35355639677423.078 2017.05.03 06:17:50 1493785070.334591078  0.334591078  0.411590504 362.0
27 1493785074.381234 49434702709 35355639677383.890 2017.05.03 06:17:54 1493785074.380092890  0.380092890  0.408090769 339.4
27 1493785085.437150 49445759141 35355639677276.835 2017.05.03 06:18:05 1493785085.436417835  0.436417835  0.411238221 368.1
27 1493785297.380164 49657704237 35355639675230.187 2017.05.03 06:21:37 1493785297.379467187  0.379467187  0.407708106 467.3
27 1493785514.717556 49875043874 35355639673179.906 2017.05.03 06:25:14 1493785514.717053906  0.717053906  0.442079862 373.9
27 1493785532.403388 49892728219 35355639673014.531 2017.05.03 06:25:32 1493785532.401233531  0.401233531  0.437541381 356.3
27 1493785568.937046 49929263700 35355639672676.734 2017.05.03 06:26:08 1493785568.936376734  0.936376734  0.492967531 379.2
27 1493785769.020899 50129348857 35355639670831.390 2017.05.03 06:29:29 1493785769.019688390  0.019688390  0.440380960 380.0
27 1493785981.189480 50341519758 35355639668882.882 2017.05.03 06:33:01 1493785981.188640882  0.188640882  0.412409840 332.8
27 1493786205.090719 50565422421 35355639666837.539 2017.05.03 06:36:45 1493786205.089258539  0.089258539  0.376504140 370.9
27 1493786205.706793 50566038154 35355639666831.820 2017.05.03 06:36:45 1493786205.704985820  0.704985820  0.413002104 310.8
27 1493786251.642725 50611974673 35355639666410.507 2017.05.03 06:37:31 1493786251.641083507  0.641083507  0.438344482 344.6
27 1493786276.242502 50636575699 35355639666183.765 2017.05.03 06:37:56 1493786276.241882765  0.241882765  0.416515403 344.9
27 1493786356.691774 50717024938 35355639665425.992 2017.05.03 06:39:16 1493786356.690363992  0.690363992  0.446943024 359.7
27 1493786411.612724 50771947157 35355639664905.265 2017.05.03 06:40:11 1493786411.612062265  0.612062265  0.465289606 347.2
27 1493786441.764424 50802097991 35355639664618.460 2017.05.03 06:40:41 1493786441.762609460  0.762609460  0.498325145 443.4
27 1493786593.016107 50953351037 35355639663177.531 2017.05.03 06:43:13 1493786593.014214531  0.014214531  0.444535077 367.7
27 1493786609.579949 50969914858 35355639663020.234 2017.05.03 06:43:29 1493786609.577878234  0.577878234  0.459350983 487.2
27 1493786609.825957 50970161727 35355639663017.914 2017.05.03 06:43:29 1493786609.824744914  0.824744914  0.499950309 289.2
27 1493786636.782711 50997117737 35355639662759.445 2017.05.03 06:43:56 1493786636.780496445  0.780496445  0.531122102 364.5
27 1493786675.869791 51036205204 35355639662385.757 2017.05.03 06:44:35 1493786675.867589757  0.867589757  0.568507397 351.5
27 1493786863.481582 51223819360 35355639660584.000 2017.05.03 06:47:43 1493786863.479944000  0.479944000  0.558667020 364.1
27 1493786934.279600 51294617324 35355639659904.226 2017.05.03 06:48:54 1493786934.277228226  0.277228226  0.527396042 372.4
27 1493787088.630328 51448971219 35355639658444.562 2017.05.03 06:51:28 1493787088.629663562  0.629663562  0.538759100 355.1
27 1493787105.748133 51466088391 35355639658284.093 2017.05.03 06:51:45 1493787105.746675093  0.746675093  0.561860877 118201.4
27 1493787129.919403 51490260423 35355639658058.898 2017.05.03 06:52:09 1493787129.918481898  0.918481898  0.601485435 375.9
27 1493787521.335950 51881680504 35355639654424.835 2017.05.03 06:58:41 1493787521.334928835  0.334928835  0.571868035 376.4
27 1493787530.811869 51891156369 35355639654336.937 2017.05.03 06:58:50 1493787530.810705937  0.810705937  0.598405580 349.9
27 1493787617.634727 51977979861 35355639653534.359 2017.05.03 07:00:17 1493787617.633395359  0.633395359  0.602293333 366.2
27 1493787712.118453 52072464176 35355639652663.742 2017.05.03 07:01:52 1493787712.116839742  0.116839742  0.548354045 378.7
27 1493787816.789775 52177137351 35355639651684.773 2017.05.03 07:03:36 1493787816.789035773  0.789035773  0.575096459 360.6
27 1493787825.903660 52186250577 35355639651598.960 2017.05.03 07:03:45 1493787825.902175960  0.902175960  0.611438626 363.9
27 1493787927.070993 52287419613 35355639650642.937 2017.05.03 07:05:27 1493787927.070255937  0.070255937  0.551307216 367.7
27 1493787966.108011 52326455537 35355639650272.273 2017.05.03 07:06:06 1493787966.105809273  0.105809273  0.501807445 354.4
27 1493788049.550320 52409898953 35355639649478.679 2017.05.03 07:07:29 1493788049.548431679  0.548431679  0.506987915 356.1
27 1493788062.159096 52422507080 35355639649359.023 2017.05.03 07:07:42 1493788062.156439023  0.156439023  0.468038038 358.1
27 1493788323.028886 52683379598 35355639646872.750 2017.05.03 07:12:03 1493788323.026470750  0.026470750  0.418975006 385.8
27 1493788364.900397 52725253373 35355639646472.687 2017.05.03 07:12:44 1493788364.899845687  0.899845687  0.472405082 367.7
27 1493788368.786661 52729138073 35355639646435.742 2017.05.03 07:12:48 1493788368.784508742  0.784508742  0.507083266 349.3
27 1493788380.058203 52740411313 35355639646328.515 2017.05.03 07:13:00 1493788380.057641515  0.057641515  0.457145294 357.7
27 1493788468.708352 52829061495 35355639645489.398 2017.05.03 07:14:28 1493788468.706984398  0.706984398  0.484905194 386.5
27 1493788613.174995 52973529366 35355639644138.898 2017.05.03 07:16:53 1493788613.173504898  0.173504898  0.450305161 379.2
27 1493788782.426735 53142782815 35355639642567.023 2017.05.03 07:19:42 1493788782.425382023  0.425382023  0.447535924 350.5
27 1493788833.401983 53193758189 35355639642094.242 2017.05.03 07:20:33 1493788833.400283242  0.400283242  0.442285626 359.6
27 1493788862.016272 53222372351 35355639641829.710 2017.05.03 07:21:02 1493788862.014180710  0.014180710  0.394718413 325.4
27 1493788958.062832 53318420531 35355639640941.781 2017.05.03 07:22:38 1493788958.061472781  0.061472781  0.357691121 312.9
27 1493789018.549943 53378908071 35355639640384.664 2017.05.03 07:23:38 1493789018.548455664  0.548455664  0.378887181 443.0
27 1493789344.313099 53704673668 35355639637373.164 2017.05.03 07:29:04 1493789344.311041164  0.311041164  0.371348735 369.3
27 1493789499.385631 53859747556 35355639635915.476 2017.05.03 07:31:39 1493789499.383471476  0.383471476  0.372695706 2529.3
27 1493789735.211054 54095575344 35355639633690.796 2017.05.03 07:35:35 1493789735.209034796  0.209034796  0.354511160 347.5
27 1493789810.366550 54170732363 35355639632982.242 2017.05.03 07:36:50 1493789810.365345242  0.365345242  0.355714947 367.7
27 1493790359.191898 54719563445 35355639627876.953 2017.05.03 07:45:59 1493790359.191321953  0.191321953  0.337449059 369.7
27 1493790624.372839 54984746283 35355639625447.398 2017.05.03 07:50:24 1493790624.371730398  0.371730398  0.341258097 326.7
27 1493790643.460697 55003834521 35355639625272.820 2017.05.03 07:50:43 1493790643.459793820  0.459793820  0.354428733 351.4
27 1493791087.648685 55448026669 35355639621140.617 2017.05.03 07:58:07 1493791087.647809617  0.647809617  0.387026609 368.1
27 1493791382.016199 55742396654 35355639618371.804 2017.05.03 08:03:02 1493791382.015025804  0.015025804  0.345693186 371.7
27 1493791782.220448 56142603854 35355639614645.039 2017.05.03 08:09:42 1493791782.218499039  0.218499039  0.331560503 380.3
27 1493791824.790746 56185174033 35355639614253.015 2017.05.03 08:10:24 1493791824.788286015  0.788286015  0.382307782 370.8
27 1493791864.326357 56224711423 35355639613891.414 2017.05.03 08:11:04 1493791864.325314414  0.325314414  0.375975186 371.1
27 1493792027.522122 56387908676 35355639612398.562 2017.05.03 08:13:47 1493792027.521074562  0.521074562  0.392097338 368.4
27 1493792229.042984 56589430737 35355639610563.695 2017.05.03 08:17:09 1493792229.041300695  0.041300695  0.353119934 369.8
27 1493792237.634905 56598023297 35355639610485.250 2017.05.03 08:17:17 1493792237.633782250  0.633782250  0.384304635 354.5
27 1493792776.792355 57137185191 35355639605490.578 2017.05.03 08:26:16 1493792776.790681578  0.790681578  0.429457629 368.5
27 1493793160.131938 57520528707 35355639601927.218 2017.05.03 08:32:40 1493793160.130634218  0.130634218  0.396255028 4384.2
27 1493793209.851627 57570247931 35355639601472.062 2017.05.03 08:33:29 1493793209.849403062  0.849403062  0.446604809 381.0
27 1493793453.230663 57813629632 35355639599259.359 2017.05.03 08:37:33 1493793453.228891359  0.228891359  0.422414426 351.6
27 1493793574.415548 57934815071 35355639598161.226 2017.05.03 08:39:34 1493793574.413232226  0.413232226  0.421394182 356.8
27 1493793617.568153 57977967993 35355639597770.031 2017.05.03 08:40:17 1493793617.565763031  0.565763031  0.437435165 377.0
27 1493793665.048742 58025450692 35355639597339.554 2017.05.03 08:41:05 1493793665.048031554  0.048031554  0.394168097 5222.5
27 1493794239.856380 58600261911 35355639592107.937 2017.05.03 08:50:39 1493794239.854018937  0.854018937  0.445262635 352.0
27 1493794465.195765 58825603425 35355639590029.906 2017.05.03 08:54:25 1493794465.193454906  0.193454906  0.417283998 355.6
27 1493794475.007673 58835417209 35355639589939.335 2017.05.03 08:54:35 1493794475.007148335  0.007148335  0.371713369 345.5
27 1493794724.991362 59085402055 35355639587633.296 2017.05.03 08:58:44 1493794724.989688296  0.989688296  0.440377250 377.0
27 1493794919.000760 59279413384 35355639585864.828 2017.05.03 09:01:59 1493794918.999248828 -0.000751172  0.391362981 365.0
27 1493795012.624044 59373037767 35355639585014.148 2017.05.03 09:03:32 1493795012.622781148  0.622781148  0.417076110 385.5
27 1493795044.232693 59404646091 35355639584727.015 2017.05.03 09:04:04 1493795044.230818015  0.230818015  0.396380766 349.5
27 1493795113.416766 59473830465 35355639584098.007 2017.05.03 09:05:13 1493795113.414563007  0.414563007  0.398401015 366.8
27 1493795426.452481 59786868838 35355639581264.992 2017.05.03 09:10:26 1493795426.450102992  0.450102992  0.404145679 359.0
27 1493795700.732564 60061152402 35355639578758.164 2017.05.03 09:15:00 1493795700.731160164  0.731160164  0.440480622 353.2
27 1493795819.657475 60180078690 35355639577666.242 2017.05.03 09:16:59 1493795819.656356242  0.656356242  0.464466802 376.4
27 1493795823.640641 60184060811 35355639577629.781 2017.05.03 09:17:03 1493795823.638440781  0.638440781  0.483797244 343.1
27 1493796126.786669 60487211001 35355639574852.835 2017.05.03 09:22:06 1493796126.785853835  0.785853835  0.517359088 409.1
27 1493796167.284727 60527708407 35355639574482.125 2017.05.03 09:22:47 1493796167.282889125  0.282889125  0.491306870 342.3
27 1493796832.244724 61192675078 35355639568461.414 2017.05.03 09:33:52 1493796832.243539414  0.243539414  0.463777152 347.9
27 1493796868.584398 61229014227 35355639568134.937 2017.05.03 09:34:28 1493796868.582361937  0.582361937  0.476953240 359.7
27 1493796887.422240 61247852607 35355639567965.796 2017.05.03 09:34:47 1493796887.420572796  0.420572796  0.470688746 357.5
27 1493797032.854764 61393286188 35355639566657.718 2017.05.03 09:37:12 1493797032.852845718  0.852845718  0.513150632 354.8
27 1493797064.620842 61425053339 35355639566371.320 2017.05.03 09:37:44 1493797064.619710320  0.619710320  0.524990597 335.6
27 1493797199.324650 61559758314 35355639565152.312 2017.05.03 09:39:59 1493797199.323466312  0.323466312  0.502599010 367.5
27 1493797353.010515 61713445278 35355639563764.460 2017.05.03 09:42:33 1493797353.009042460  0.009042460  0.447759393 348.3
27 1493797675.709321 62036147562 35355639560852.664 2017.05.03 09:47:55 1493797675.708414664  0.708414664  0.476721090 282.7
27 1493797996.722200 62357162220 35355639557945.015 2017.05.03 09:53:16 1493797996.720165015  0.720165015  0.503770415 360.6
27 1493798252.428922 62612872045 35355639555643.265 2017.05.03 09:57:32 1493798252.427688265  0.427688265  0.495316843 357.2
27 1493798271.418770 62631861958 35355639555472.148 2017.05.03 09:57:51 1493798271.417430148  0.417430148  0.486662765 356.2
27 1493798559.184115 62919630660 35355639552880.343 2017.05.03 10:02:39 1493798559.183540343  0.183540343  0.452982496 376.6
27 1493798915.984960 63276434012 35355639549680.882 2017.05.03 10:08:35 1493798915.983692882  0.983692882  0.511950317 365.1
27 1493799403.221025 63763675092 35355639545337.687 2017.05.03 10:16:43 1493799403.220429687  0.220429687  0.479559136 624.0
27 1493799764.909818 64125367195 35355639542115.593 2017.05.03 10:22:44 1493799764.909310593  0.909310593  0.527309298 362.0
27 1493799772.125770 64132582405 35355639542051.328 2017.05.03 10:22:52 1493799772.124456328  0.124456328  0.482547857 333.1
27 1493799819.782769 64180238941 35355639541626.593 2017.05.03 10:23:39 1493799819.780567593  0.780567593  0.515661161 352.9
27 1493799829.143482 64189601402 35355639541542.250 2017.05.03 10:23:49 1493799829.142944250  0.142944250  0.474248171 343.3
27 1493799984.369422 64344828780 35355639540148.632 2017.05.03 10:26:24 1493799984.368928632  0.368928632  0.462546000 357.0
27 1493800063.576699 64424036740 35355639539439.390 2017.05.03 10:27:43 1493800063.576179390  0.576179390  0.475171932 371.2
27 1493800293.735473 64654196082 35355639537394.992 2017.05.03 10:31:33 1493800293.733476992  0.733476992  0.503872494 352.6
27 1493800505.333903 64865796209 35355639535530.382 2017.05.03 10:35:05 1493800505.331739382  0.331739382  0.484746593 386.7
27 1493800519.861793 64880324474 35355639535402.531 2017.05.03 10:35:19 1493800519.859876531  0.859876531  0.526427697 359.1
27 1493800529.885672 64890347900 35355639535314.218 2017.05.03 10:35:29 1493800529.883214218  0.883214218  0.566070644 357.8
27 1493800837.456740 65197923040 35355639532558.976 2017.05.03 10:40:37 1493800837.455598976  0.455598976  0.553796014 342.0
27 1493800944.192203 65304658712 35355639531603.789 2017.05.03 10:42:24 1493800944.190315789  0.190315789  0.513409322 372.6
27 1493801063.268771 65423737607 35355639530538.039 2017.05.03 10:44:23 1493801063.268145039  0.268145039  0.486157735 355.9
27 1493801194.904928 65555373606 35355639529357.906 2017.05.03 10:46:34 1493801194.902963906  0.902963906  0.532469532 370.3
27 1493801218.078788 65578548977 35355639529150.648 2017.05.03 10:46:58 1493801218.078127648  0.078127648  0.481987101 376.2
27 1493801243.990639 65604459592 35355639528919.093 2017.05.03 10:47:23 1493801243.988511093  0.988511093  0.538267544 357.4
27 1493801259.102503 65619571678 35355639528783.750 2017.05.03 10:47:39 1493801259.100461750  0.100461750  0.489622456 373.1
27 1493801302.896143 65663366178 35355639528390.742 2017.05.03 10:48:22 1493801302.894568742  0.894568742  0.534616488 404.0
27 1493801304.930127 65665399333 35355639528372.500 2017.05.03 10:48:24 1493801304.927705500  0.927705500  0.578293045 463.9
27 1493801348.801741 65709271584 35355639527978.929 2017.05.03 10:49:08 1493801348.799562929  0.799562929  0.602878587 371.2
27 1493801396.321319 65756792224 35355639527550.382 2017.05.03 10:49:56 1493801396.319774382  0.319774382  0.571422565 371.0
27 1493801558.988822 65919460418 35355639526092.000 2017.05.03 10:52:38 1493801558.986510000  0.986510000  0.617543391 360.2
27 1493801633.370258 65993842417 35355639525432.968 2017.05.03 10:53:53 1493801633.367849968  0.367849968  0.589799677 459.6
27 1493802002.501721 66362978492 35355639522190.960 2017.05.03 11:00:02 1493802002.500682960  0.500682960  0.579897820 363.2
27 1493802117.097388 66477575284 35355639521166.015 2017.05.03 11:01:57 1493802117.096450015  0.096450015  0.526181397 387.0
27 1493802188.585177 66549063633 35355639520520.539 2017.05.03 11:03:08 1493802188.584153539  0.584153539  0.532622746 378.8
27 1493802207.435024 66567912310 35355639520351.203 2017.05.03 11:03:27 1493802207.432661203  0.432661203  0.521515908 349.3
27 1493802309.858104 66670337390 35355639519435.664 2017.05.03 11:05:09 1493802309.856825664  0.856825664  0.558772547 369.8
27 1493802549.927065 66910407471 35355639517302.210 2017.05.03 11:09:09 1493802549.924773210  0.924773210  0.599439288 382.1
27 1493802567.395034 66927876363 35355639517147.039 2017.05.03 11:09:27 1493802567.393510039  0.393510039  0.576558260 351.2
27 1493802635.988830 66996469910 35355639516542.164 2017.05.03 11:10:35 1493802635.986452164  0.986452164  0.622102027 372.4
27 1493802849.308796 67209791918 35355639514652.046 2017.05.03 11:14:09 1493802849.306570046  0.306570046  0.587042918 370.9
27 1493802901.208673 67261693968 35355639514192.171 2017.05.03 11:15:01 1493802901.208160171  0.208160171  0.544944835 369.1
27 1493803094.036800 67454523607 35355639512490.984 2017.05.03 11:18:14 1493803094.036097984  0.036097984  0.488406296 373.2
27 1493803437.859794 67798348848 35355639509480.296 2017.05.03 11:23:57 1493803437.858328296  0.858328296  0.529508741 362.4
27 1493803478.082622 67838572760 35355639509128.398 2017.05.03 11:24:38 1493803478.081888398  0.081888398  0.479773147 373.8
27 1493803526.694186 67887184889 35355639508702.835 2017.05.03 11:25:26 1493803526.693591835  0.693591835  0.503530779 367.3
27 1493803576.050435 67936540993 35355639508266.640 2017.05.03 11:26:16 1493803576.049259640  0.049259640  0.453056208 343.0
27 1493803770.644765 68131136583 35355639506533.250 2017.05.03 11:29:30 1493803770.643116250  0.643116250  0.474173990 372.5
27 1493803822.826359 68183318638 35355639506072.164 2017.05.03 11:30:22 1493803822.824710164  0.824710164  0.513122454 362.3
27 1493804006.250060 68366744525 35355639504441.054 2017.05.03 11:33:26 1493804006.248966054  0.248966054  0.483771743 417.3
27 1493804014.182655 68374677008 35355639504371.398 2017.05.03 11:33:34 1493804014.181379398  0.181379398  0.450172594 360.1
27 1493804086.334388 68446829274 35355639503734.406 2017.05.03 11:34:46 1493804086.333008406  0.333008406  0.437154351 374.4
27 1493804088.948368 68449442378 35355639503711.179 2017.05.03 11:34:48 1493804088.946089179  0.946089179  0.493702665 331.0
27 1493804125.166698 68485661514 35355639503391.554 2017.05.03 11:35:25 1493804125.164905554  0.164905554  0.457169652 368.4
27 1493804307.172097 68667668557 35355639501781.265 2017.05.03 11:38:27 1493804307.170338265  0.170338265  0.425299498 365.2
27 1493804339.556021 68700052236 35355639501492.968 2017.05.03 11:38:59 1493804339.553728968  0.553728968  0.439569439 349.7
27 1493804779.534643 69140035189 35355639497608.992 2017.05.03 11:46:19 1493804779.532797992  0.532797992  0.449928167 410.4
27 1493804826.632529 69187134637 35355639497195.390 2017.05.03 11:47:06 1493804826.631832390  0.631832390  0.470139748 363.2
27 1493804899.565879 69260067122 35355639496554.218 2017.05.03 11:48:19 1493804899.563676218  0.563676218  0.480532689 432.5
27 1493804914.209740 69274712645 35355639496425.843 2017.05.03 11:48:34 1493804914.209070843  0.209070843  0.450370262 352.9
27 1493804960.067344 69320569216 35355639496020.554 2017.05.03 11:49:20 1493804960.065236554  0.065236554  0.407577627 377.0
27 1493805037.170698 69397674699 35355639495326.242 2017.05.03 11:50:37 1493805037.170025242  0.170025242  0.381182918 360.4
27 1493805110.652447 69471155635 35355639494663.140 2017.05.03 11:51:50 1493805110.650298140  0.650298140  0.411084609 355.4
27 1493805115.474411 69475979018 35355639494619.945 2017.05.03 11:51:55 1493805115.473637945  0.473637945  0.418034980 348.9
27 1493805150.378089 69510883072 35355639494307.523 2017.05.03 11:52:30 1493805150.377379523  0.377379523  0.413517707 5127.6
27 1493805195.146645 69555651321 35355639493908.195 2017.05.03 11:53:15 1493805195.145229195  0.145229195  0.383707872 361.5
27 1493805346.041316 69706546855 35355639492563.007 2017.05.03 11:55:46 1493805346.039418007  0.039418007  0.345453443 341.7
27 1493805363.259132 69723765959 35355639492409.648 2017.05.03 11:56:03 1493805363.258368648  0.258368648  0.335777354 350.3
27 1493805521.636395 69882144454 35355639491010.867 2017.05.03 11:58:41 1493805521.635464867  0.635464867  0.369075967 373.7
27 1493805536.500264 69897008485 35355639490879.851 2017.05.03 11:58:56 1493805536.499364851  0.499364851  0.383552510 421.5
27 1493805839.274874 70199784298 35355639488216.218 2017.05.03 12:03:59 1493805839.272514218  0.272514218  0.371214922 381.8
27 1493805860.538671 70221048910 35355639488029.031 2017.05.03 12:04:20 1493805860.536939031  0.536939031  0.389628712 361.7
27 1493806143.158847 70503671062 35355639485558.328 2017.05.03 12:09:03 1493806143.156620328  0.156620328  0.363738891 373.2
27 1493806578.154599 70938671785 35355639481740.898 2017.05.03 12:16:18 1493806578.153525898  0.153525898  0.340381892 372.9
27 1493806692.672755 71053190910 35355639480728.054 2017.05.03 12:18:12 1493806692.671638054  0.671638054  0.377188132 368.4
27 1493806776.348323 71136867611 35355639479999.234 2017.05.03 12:19:36 1493806776.347610234  0.347610234  0.373901699 383.0
27 1493806905.024340 71265543810 35355639478876.531 2017.05.03 12:21:45 1493806905.022686531  0.022686531  0.334877791 381.8
27 1493806955.640053 71316160784 35355639478436.460 2017.05.03 12:22:35 1493806955.639220460  0.639220460  0.368693644 390.5
27 1493807021.808260 71382329845 35355639477859.765 2017.05.03 12:23:41 1493807021.807704765  0.807704765  0.417472657 372.0
27 1493807059.804011 71420324722 35355639477529.101 2017.05.03 12:24:19 1493807059.802251101  0.802251101  0.460225817 347.9
27 1493807155.588645 71516110714 35355639476685.335 2017.05.03 12:25:55 1493807155.587399335  0.587399335  0.474356208 299.6
27 1493807443.444082 71803969069 35355639474155.414 2017.05.03 12:30:43 1493807443.443224414  0.443224414  0.470897120 374.5
27 1493807694.809738 72055335625 35355639471970.984 2017.05.03 12:34:54 1493807694.807595984  0.807595984  0.508308105 379.3
27 1493807763.221814 72123749331 35355639471377.539 2017.05.03 12:36:03 1493807763.220708539  0.220708539  0.476352598 374.5
27 1493807955.346624 72315875152 35355639469664.984 2017.05.03 12:39:15 1493807955.344816984  0.344816984  0.461737529 373.5
27 1493807961.234575 72321763823 35355639469612.734 2017.05.03 12:39:21 1493807961.233435734  0.233435734  0.436370663 365.7
27 1493808765.831735 73126367291 35355639462513.359 2017.05.03 12:52:45 1493808765.829804359  0.829804359  0.480085518 341.7
27 1493808830.124710 73190660887 35355639461953.335 2017.05.03 12:53:50 1493808830.122840335  0.122840335  0.440391609 349.6
27 1493808908.852041 73269388572 35355639461270.507 2017.05.03 12:55:08 1493808908.849842507  0.849842507  0.485886153 370.7
27 1493809030.006135 73390544778 35355639460225.125 2017.05.03 12:57:10 1493809030.005003125  0.005003125  0.432454706 356.9
27 1493809264.767779 73625307357 35355639458176.343 2017.05.03 13:01:04 1493809264.765533343  0.765533343  0.469463443 363.4
27 1493809376.072445 73736614530 35355639457190.734 2017.05.03 13:02:56 1493809376.071720734  0.071720734  0.425269809 460.3
27 1493809482.704101 73843247264 35355639456250.078 2017.05.03 13:04:42 1493809482.703514078  0.703514078  0.456185839 359.9
27 1493809529.017061 73889560708 35355639455835.804 2017.05.03 13:05:29 1493809529.016543804  0.016543804  0.407336724 4497.4
27 1493809538.302144 73898844024 35355639455752.937 2017.05.03 13:05:38 1493809538.299776937  0.299776937  0.395385636 359.0
27 1493809591.192722 73951735655 35355639455288.492 2017.05.03 13:06:31 1493809591.190943492  0.190943492  0.372669843 356.6
27 1493809643.846646 74004391066 35355639454826.554 2017.05.03 13:07:23 1493809643.845892554  0.845892554  0.425250144 361.7
27 1493809846.997491 74207543181 35355639453035.515 2017.05.03 13:10:46 1493809846.996216515  0.996216515  0.488690852 363.5
27 1493809915.340784 74275886462 35355639452432.898 2017.05.03 13:11:55 1493809915.338894898  0.338894898  0.472046857 371.6
27 1493810025.566707 74386112994 35355639451458.382 2017.05.03 13:13:45 1493810025.564452382  0.564452382  0.482314137 367.0
27 1493810190.829699 74551377749 35355639450004.843 2017.05.03 13:16:30 1493810190.827753843  0.827753843  0.520696327 384.1
27 1493810288.074243 74648624414 35355639449154.148 2017.05.03 13:18:08 1493810288.073568148  0.073568148  0.471015418 365.4
27 1493810621.126918 74981679863 35355639446241.445 2017.05.03 13:23:41 1493810621.126104445  0.126104445  0.432691977 391.9
27 1493810747.273999 75107827025 35355639445108.976 2017.05.03 13:25:47 1493810747.272133976  0.272133976  0.414852199 367.3
27 1493810895.988174 75256543868 35355639443778.203 2017.05.03 13:28:15 1493810895.987646203  0.987646203  0.478495977 316.3
27 1493810916.533994 75277089814 35355639443596.000 2017.05.03 13:28:36 1493810916.533410000  0.533410000  0.484597535 364.4
27 1493810948.463711 75309018055 35355639443312.937 2017.05.03 13:29:08 1493810948.461367937  0.461367937  0.482016469 363.0
27 1493811074.994499 75435550169 35355639442192.984 2017.05.03 13:31:14 1493811074.992361984  0.992361984  0.538721526 367.4
27 1493811104.148224 75464705380 35355639441935.757 2017.05.03 13:31:44 1493811104.147315757  0.147315757  0.495231996 284.4
27 1493811330.774436 75691332931 35355639439936.828 2017.05.03 13:35:30 1493811330.772867828  0.772867828  0.526080422 373.9
27 1493811707.908753 76068469807 35355639436603.367 2017.05.03 13:41:47 1493811707.906410367  0.906410367  0.568339305 358.0
27 1493811781.640698 76142202674 35355639435962.976 2017.05.03 13:43:01 1493811781.638636976  0.638636976  0.576150157 374.6
27 1493812070.356478 76430922521 35355639433429.914 2017.05.03 13:47:50 1493812070.355950914  0.355950914  0.551683574 4430.2
27 1493812074.328747 76434894239 35355639433395.664 2017.05.03 13:47:54 1493812074.327634664  0.327634664  0.526789251 336.2
27 1493812207.314344 76567879714 35355639432203.765 2017.05.03 13:50:07 1493812207.311917765  0.311917765  0.502914642 365.6
27 1493812306.547464 76667114323 35355639431316.570 2017.05.03 13:51:46 1493812306.545639570  0.545639570  0.507661856 357.2
27 1493812375.970853 76736538183 35355639430698.476 2017.05.03 13:52:55 1493812375.968881476  0.968881476  0.558908480 298.9
27 1493812680.771943 77041341480 35355639427999.031 2017.05.03 13:58:00 1493812680.769479031  0.769479031  0.582305208 364.9
27 1493812864.101875 77224673892 35355639426378.062 2017.05.03 14:01:04 1493812864.100270062  0.100270062  0.528745747 367.0
27 1493812895.949580 77256521965 35355639426096.296 2017.05.03 14:01:35 1493812895.948061296  0.948061296  0.575336364 363.3
27 1493813396.449789 77757026207 35355639421695.078 2017.05.03 14:09:56 1493813396.447902078  0.447902078  0.561176999 362.2
27 1493813614.527852 77975106406 35355639419769.437 2017.05.03 14:13:34 1493813614.526175437  0.526175437  0.557287936 370.0
