63.89 23934.6
66.75 31894.4
67.27 34394.4
67.35 34927.5
67.34 35037.8
67.34 35019.5
67.34 34909.2
67.32 34762.1
67.29 34725.3
67.25 34651.8
67.20 34412.8
67.19 34357.7
67.20 34155.5
67.14 34137.1
67.12 33971.6
67.10 33861.3
67.10 33677.5
67.08 33585.6
67.03 33512.1
67.02 33383.4
67.00 33291.5
66.90 33181.2
66.90 33034.1
66.87 32960.6
66.87 32776.7
66.85 32611.3
66.80 32611.3
66.78 32427.5
66.77 32445.8
66.73 32372.3
66.70 32243.6
66.68 32059.8
66.65 31894.4
66.58 31728.9
66.60 31563.5
66.55 31526.7
66.48 31416.4
66.48 31434.8
66.46 31214.2
66.41 31140.7
66.38 30975.2
66.38 30920.1
66.30 30773.0
66.30 30699.5
66.21 30644.3
66.18 30515.6
66.18 30331.8
66.14 30166.4
66.11 30111.2
66.08 30000.9
65.99 29872.2
66.01 29798.7
65.94 29651.6
65.93 29523.0
65.86 29486.2
65.88 29339.1
65.79 29173.7
65.76 29192.1
65.72 29008.2
65.67 28861.2
65.62 28861.2
65.62 28695.7
65.56 28567.0
65.52 28420.0
65.49 28291.3
65.41 28291.3
65.39 28199.4
65.34 28070.7
65.27 27978.8
65.30 27795.0
65.17 27831.7
65.15 27739.8
65.14 27519.2
65.10 27464.1
65.02 27390.5
65.02 27280.2
64.94 27225.1
64.88 27078.0
64.83 26986.1
64.82 26857.4
64.80 26673.6
64.77 26618.5
64.70 26563.3
64.65 26453.0
64.57 26361.1
64.53 26305.9
64.50 26177.3
64.47 26030.2
64.38 26011.8
64.36 25883.1
64.28 25644.2
64.25 25680.9
64.20 25570.6
64.11 25515.5
64.10 25331.7
64.06 25221.4
64.01 25166.2
63.96 25166.2
63.96 25111.1
63.83 24982.4
63.84 24908.8
63.76 24872.1
63.69 24780.2
63.66 24706.6
63.59 24504.4
63.56 24430.9
63.49 24375.7
63.42 24265.4
63.37 24228.7
63.37 24081.6
63.29 23989.7
63.21 23934.6
63.17 23842.6
63.11 23732.3
63.04 23714.0
62.95 23732.3
62.94 23585.3
62.85 23511.7
62.82 23364.7
62.77 23236.0
62.70 23217.6
62.63 23125.7
62.60 23070.6
62.52 22941.9
62.50 22868.3
62.40 22831.6
62.38 22721.3
62.28 22684.5
62.25 22574.2
62.16 22500.7
62.10 22482.3
62.06 22298.5
61.98 22280.1
61.91 22243.3
61.88 22059.5
61.83 22022.7
61.74 21930.8
61.71 21949.2
61.64 21838.9
61.59 21783.8
61.51 21691.8
61.46 21581.5
61.39 21581.5
61.33 21526.4
61.24 21416.1
61.24 21360.9
61.12 21342.6
61.07 21213.9
61.01 21195.5
60.97 21066.8
60.87 21048.4
60.84 20901.4
60.77 20864.6
60.69 20791.1
60.64 20699.2
60.54 20699.2
60.49 20588.9
60.44 20515.3
60.37 20460.2
60.28 20423.4
60.20 20423.4
60.17 20313.1
60.08 20221.2
60.05 20092.5
59.95 20092.5
59.88 20037.4
59.83 20000.6
59.76 19908.7
59.71 19798.4
59.66 19706.5
59.60 19669.7
59.51 19596.2
59.43 19577.8
59.38 19412.4
59.26 19449.1
59.19 19357.2
59.13 19302.1
59.06 19210.1
58.99 19155.0
58.91 19136.6
58.84 19081.5
58.77 18989.6
58.71 18989.6
58.66 18916.0
58.59 18824.1
58.54 18769.0
58.47 18713.8
58.42 18585.1
58.34 18585.1
58.27 18474.8
58.18 18438.1
58.12 18438.1
58.05 18364.5
57.97 18272.6
57.90 18254.2
57.82 18180.7
57.73 18125.6
57.70 18033.6
57.60 17923.3
57.51 17886.6
57.45 17886.6
57.38 17813.0
57.33 17739.5
57.28 17666.0
57.19 17666.0
57.16 17592.4
57.08 17537.3
56.99 17482.2
56.94 17427.0
56.84 17353.5
56.77 17316.7
56.72 17243.2
56.62 17224.8
56.57 17096.1
56.47 17059.3
56.40 17004.2
56.34 16949.0
56.27 16893.9
56.20 16838.7
56.12 16838.7
56.07 16783.6
56.02 16691.7
55.93 16636.5
55.85 16599.8
55.78 16563.0
55.70 16489.5
55.62 16434.3
55.55 16360.8
55.46 16324.0
55.40 16268.9
55.33 16250.5
55.26 16158.6
55.20 16140.2
55.13 16066.7
55.06 16011.5
54.98 15993.1
54.91 15938.0
54.83 15901.2
54.74 15846.1
54.68 15790.9
54.57 15735.8
54.49 15662.2
54.41 15607.1
54.32 15551.9
54.26 15496.8
54.19 15460.0
54.10 15441.6
54.04 15386.5
53.95 15349.7
53.89 15313.0
53.82 15257.8
53.75 15221.1
53.67 15184.3
53.58 15129.1
53.50 15110.8
53.42 15074.0
53.33 15037.2
53.25 15000.5
53.18 14963.7
53.10 14926.9
53.01 14890.2
52.93 14853.4
52.83 14835.0
52.74 14816.6
52.64 14798.2
52.54 14779.9
52.46 14761.5
52.36 14761.5
52.27 14761.5
52.17 14743.1
52.07 14743.1
51.99 14743.1
51.90 14743.1
51.80 14743.1
51.70 14743.1
51.60 14743.1
51.50 14761.5
51.38 14743.1
51.27 14743.1
51.15 14743.1
51.05 14743.1
50.93 14743.1
50.83 14743.1
50.75 14743.1
50.65 14743.1
50.54 14743.1
50.44 14743.1
50.34 14743.1
50.24 14743.1
50.14 14743.1
50.04 14743.1
49.94 14743.1
49.84 14743.1
49.74 14743.1
49.62 14743.1
49.52 14743.1
49.44 14743.1
49.32 14743.1
49.22 14724.7
49.10 14743.1
49.00 14743.1
48.92 14743.1
48.81 14743.1
48.71 14743.1
48.61 14743.1
48.51 14743.1
48.41 14743.1
48.31 14743.1
48.21 14743.1
48.11 14743.1
47.99 14743.1
47.89 14743.1
47.77 14743.1
47.67 14743.1
47.57 14743.1
47.47 14743.1
47.39 14743.1
47.29 14743.1
47.20 14743.1
47.10 14743.1
47.02 14761.5
46.90 14743.1
46.78 14743.1
46.68 14743.1
46.58 14743.1
46.48 14743.1
46.38 14743.1
46.28 14743.1
46.18 14743.1
46.08 14761.5
45.98 14743.1
45.88 14743.1
45.78 14743.1
45.67 14724.7
45.56 14724.7
45.44 14724.7
45.34 14743.1
45.22 14743.1
45.12 14743.1
45.02 14761.5
44.94 14761.5
44.85 14743.1
44.77 14743.1
44.67 14743.1
44.57 14743.1
44.47 14743.1
44.36 14743.1
44.25 14743.1
44.15 14743.1
44.03 14743.1
43.91 14724.7
43.81 14724.7
43.71 14743.1
43.61 14724.7
43.51 14743.1
43.42 14743.1
43.32 14743.1
43.22 14743.1
43.14 14743.1
43.06 14743.1
42.94 14743.1
42.84 14743.1
42.72 14724.7
42.62 14743.1
42.50 14743.1
42.38 14743.1
42.27 14743.1
42.17 14743.1
42.05 14743.1
41.95 14724.7
41.86 14743.1
41.78 14743.1
41.69 14743.1
41.59 14743.1
41.51 14743.1
41.41 14761.5
41.31 14743.1
41.21 14743.1
41.09 14724.7
40.97 14743.1
40.87 14724.7
40.77 14743.1
40.65 14743.1
40.55 14743.1
40.45 14743.1
40.35 14743.1
40.27 14743.1
40.17 14743.1
40.07 14743.1
39.97 14724.7
39.85 14743.1
39.75 14724.7
39.65 14743.1
39.53 14743.1
39.43 14743.1
39.34 14743.1
39.24 14743.1
39.14 14743.1
39.04 14724.7
38.94 14724.7
38.84 14724.7
38.74 14724.7
38.62 14743.1
38.52 14743.1
38.42 14743.1
38.30 14743.1
38.20 14743.1
38.08 14743.1
37.98 14743.1
37.88 14743.1
37.80 14743.1
37.72 14743.1
37.61 14743.1
37.51 14743.1
37.43 14743.1
37.33 14743.1
37.21 14724.7
37.09 14743.1
36.99 14724.7
36.88 14743.1
36.76 14743.1
36.66 14743.1
36.56 14743.1
36.46 14743.1
36.37 14743.1
36.29 14743.1
36.19 14743.1
36.10 14743.1
36.00 14743.1
35.90 14743.1
35.78 14743.1
35.67 14743.1
35.57 14743.1
35.43 14743.1
35.33 14724.7
35.23 14724.7
35.13 14743.1
35.03 14743.1
34.93 14743.1
34.83 14743.1
34.73 14743.1
34.63 14743.1
34.52 14743.1
34.41 14743.1
34.32 14724.7
34.22 14724.7
34.12 14724.7
34.04 14743.1
33.94 14743.1
33.84 14743.1
33.74 14743.1
33.63 14743.1
33.53 14743.1
33.43 14743.1
33.33 14724.7
33.21 14724.7
33.11 14743.1
33.00 14743.1
32.90 14743.1
32.78 14743.1
32.68 14743.1
32.56 14743.1
32.46 14724.7
32.38 14724.7
32.27 14724.7
32.17 14743.1
32.09 14743.1
31.99 14743.1
31.89 14743.1
31.79 14743.1
31.69 14743.1
31.57 14724.7
31.47 14724.7
31.37 14724.7
31.27 14724.7
31.15 14743.1
31.05 14743.1
30.95 14743.1
30.85 14743.1
30.75 14743.1
30.65 14743.1
30.54 14724.7
30.46 14724.7
30.34 14743.1
30.24 14743.1
30.14 14743.1
30.04 14743.1
29.94 14743.1
29.84 14743.1
29.74 14743.1
29.64 14743.1
29.52 14724.7
29.40 14724.7
29.30 14743.1
29.20 14743.1
29.10 14743.1
29.03 14743.1
28.93 14743.1
28.83 14743.1
28.75 14743.1
28.63 14724.7
28.53 14743.1
28.41 14743.1
28.29 14743.1
28.19 14743.1
28.09 14743.1
27.98 14743.1
27.88 14724.7
27.77 14724.7
27.67 14724.7
27.57 14743.1
27.49 14743.1
27.39 14743.1
27.27 14743.1
27.19 14743.1
27.09 14743.1
26.97 14743.1
26.87 14743.1
26.77 14724.7
26.67 14724.7
26.57 14743.1
26.46 14743.1
26.36 14743.1
26.28 14743.1
26.18 14743.1
26.08 14743.1
25.96 14724.7
25.86 14724.7
25.74 14724.7
25.64 14724.7
25.52 14743.1
25.42 14743.1
25.31 14743.1
25.21 14743.1
25.10 14743.1
25.02 14743.1
24.92 14724.7
24.82 14724.7
24.72 14724.7
24.62 14724.7
24.53 14743.1
24.42 14743.1
24.32 14743.1
24.20 14743.1
24.10 14724.7
24.00 14743.1
23.90 14724.7
23.79 14743.1
23.69 14724.7
23.59 14743.1
23.49 14743.1
23.39 14743.1
23.29 14743.1
23.21 14743.1
23.11 14743.1
23.02 14724.7
22.92 14724.7
22.80 14743.1
22.70 14743.1
22.60 14743.1
22.50 14743.1
22.38 14743.1
22.28 14743.1
22.18 14724.7
22.08 14724.7
22.00 14743.1
21.90 14743.1
21.78 14743.1
21.68 14743.1
21.56 14743.1
21.44 14743.1
21.33 14743.1
21.21 14724.7
21.11 14724.7
21.02 14724.7
20.94 14743.1
20.86 14743.1
20.76 14743.1
20.64 14743.1
20.54 14743.1
20.44 14743.1
20.34 14743.1
20.23 14724.7
20.12 14743.1
20.02 14743.1
19.92 14743.1
19.81 14743.1
19.71 14743.1
19.60 14743.1
19.50 14743.1
19.39 14743.1
19.28 14743.1
19.19 14724.7
19.09 14743.1
18.99 14743.1
18.89 14743.1
18.79 14743.1
18.69 14743.1
18.61 14743.1
18.50 14743.1
18.40 14743.1
18.30 14724.7
18.20 14743.1
18.09 14743.1
17.98 14743.1
17.87 14743.1
17.75 14743.1
17.67 14743.1
17.56 14743.1
17.48 14743.1
17.38 14743.1
17.30 14724.7
17.20 14743.1
17.09 14743.1
16.99 14743.1
16.88 14743.1
16.76 14743.1
16.62 14743.1
16.51 14724.7
16.41 14724.7
16.29 14724.7
16.19 14743.1
16.10 14743.1
16.02 14743.1
15.94 14743.1
15.85 14743.1
15.78 14743.1
15.68 14724.7
15.57 14724.7
15.48 14706.3
15.47 14724.7
15.31 14706.3
15.21 14706.3
15.18 14724.7
15.03 14724.7
14.93 14706.3
14.88 14724.7
14.73 14724.7
14.61 14724.7
14.51 14724.7
14.41 14706.3
14.31 14706.3
14.21 14724.7
14.11 14724.7
13.99 14724.7
13.87 14724.7
13.75 14724.7
13.65 14706.3
13.53 14724.7
13.43 14724.7
13.32 14743.1
13.22 14724.7
13.11 14724.7
13.01 14724.7
12.91 14724.7
12.83 14724.7
12.73 14724.7
12.63 14743.1
12.54 14743.1
12.44 14743.1
12.34 14724.7
12.24 14724.7
12.12 14724.7
12.02 14724.7
11.91 14724.7
11.79 14724.7
11.70 14724.7
11.69 14724.7
11.59 14724.7
11.47 14724.7
11.44 14724.7
11.30 14706.3
11.27 14724.7
11.10 14706.3
11.05 14706.3
10.90 14706.3
10.81 14724.7
10.68 14724.7
10.61 14706.3
10.46 14706.3
10.33 14724.7
10.23 14706.3
10.18 14706.3
10.02 14706.3
 9.91
 9.79
 9.69
 9.59
 9.50
 9.39
 9.29
 9.19
 9.08
 9.00
 8.90
 8.80
 8.68
 8.56
 8.45
 8.33
 8.21
 8.11
 8.01
 7.93
 7.83
 7.72
 7.61
 7.51
 7.39
 7.27
 7.17
 7.10
 7.09
 7.07
 7.07
 7.07
 7.07
 7.07
 7.07
 7.07
 7.07
 7.07
 7.07
 7.07
 7.07
 7.07
 7.07
 7.07
 7.07
 7.07
 7.07
 7.07
 7.07
 7.07
 7.09
 7.09
 7.09
 7.09
 7.09
 7.09
 7.10
 7.10
 7.10
 7.10
 7.10
 7.10
 7.10
 7.10
 7.12
 7.10
 7.10
 7.12
 7.12
 7.12
 7.12
 7.12
 7.12
 7.14
 7.14
 7.14
 7.14
 7.14
 7.15
 7.14
 7.15
 7.15
 7.15
 7.15
 7.15
 7.15
 7.15
 7.15
 7.17
 7.17
 7.17
 7.17
 7.17
 7.17
 7.19
 7.19
 7.19
 7.19
 7.20
 7.19
 7.20
 7.20
 7.20
 7.20
 7.20
 7.20
 7.20
 7.20
 7.22
 7.22
 7.22
 7.24
 7.24
 7.24
 7.24
 7.24
 7.24
 7.24
 7.24
 7.24
 7.25
 7.25
 7.25
 7.25
 7.25
 7.27
 7.27
 7.27
 7.27
 7.27
 7.27
 7.29
 7.29
 7.29
 7.29
 7.29
 7.29
 7.30
 7.30
 7.30
 7.30
 7.30
 7.32
 7.32
 7.32
 7.32
 7.32
 7.32
 7.34
 7.34
 7.34
 7.34
 7.34
 7.34
 7.34
 7.35
 7.34
 7.35
 7.35
 7.35
 7.35
 7.35
 7.37
 7.37
 7.37
 7.37
 7.39
 7.39
 7.39
 7.39
 7.39
 7.39
 7.39
 7.39
 7.41
 7.41
 7.41
 7.41
 7.41
 7.42
 7.42
 7.42
 7.42
 7.42
 7.44
 7.44
 7.44
 7.44
 7.44
 7.44
 7.46
 7.46
 7.46
 7.46
 7.46
 7.46
 7.47
 7.47
 7.47
 7.47
 7.49
 7.49
 7.49
 7.49
 7.49
 7.49
 7.49
 7.49
 7.51
 7.51
 7.51
 7.51
 7.52
 7.52
 7.52
 7.52
 7.52
 7.52
 7.54
 7.54
 7.52
 7.54
 7.54
 7.54
 7.56
 7.56
 7.56
 7.56
 7.57
 7.57
 7.57
 7.57
 7.57
 7.57
 7.57
 7.59
 7.59
 7.59
 7.59
 7.59
 7.61
 7.61
 7.61
 7.61
 7.61
 7.61
 7.61
 7.62
 7.62
 7.62
 7.64
 7.64
 7.64
 7.64
 7.64
 7.64
 7.64
 7.66
 7.66
 7.66
 7.66
 7.66
 7.67
 7.67
 7.67
 7.67
 7.67
 7.69
 7.69
 7.69
 7.69
 7.69
 7.69
 7.69
 7.71
 7.71
 7.71
 7.71
 7.71
 7.72
 7.72
 7.72
 7.74
 7.72
 7.74
 7.74
 7.74
 7.74
 7.74
 7.74
 7.76
 7.76
 7.76
 7.76
 7.77
 7.77
 7.77
 7.77
 7.77
 7.79
 7.79
 7.79
 7.79
 7.79
 7.79
 7.79
 7.81
 7.81
 7.81
 7.81
 7.83
 7.83
 7.83
 7.83
 7.83
 7.83
 7.83
 7.84
 7.84
 7.84
 7.84
 7.86
 7.86
 7.86
 7.86
 7.86
 7.88
 7.88
 7.88
 7.88
 7.88
 7.89
 7.89
 7.89
 7.89
 7.91
 7.91
 7.91
 7.91
 7.91
12.17 16342.4
