Ch1:   63.89 23934.6  25.66 0
Ch1:   66.75 31894.4  25.78 1
Ch1:   67.27 34394.4  25.69 2
Ch1:   67.35 34927.5  25.66 3
Ch1:   67.34 35037.8  25.69 4
Ch1:   67.34 35019.5  25.69 5
Ch1:   67.34 34909.2  25.72 6
Ch1:   67.32 34762.1  25.72 7
Ch1:   67.29 34725.3  25.69 8
Ch1:   67.25 34651.8  25.75 9
Ch1:   67.20 34412.8  25.69 10
Ch1:   67.19 34357.7  25.69 11
Ch1:   67.20 34155.5  25.72 12
Ch1:   67.14 34137.1  25.75 13
Ch1:   67.12 33971.6  25.66 14
Ch1:   67.10 33861.3  25.78 15
Ch1:   67.10 33677.5  25.69 16
Ch1:   67.08 33585.6  25.69 17
Ch1:   67.03 33512.1  25.72 18
Ch1:   67.02 33383.4  25.72 19
Ch1:   67.00 33291.5  25.72 20
Ch1:   66.90 33181.2  25.75 21
Ch1:   66.90 33034.1  25.69 22
Ch1:   66.87 32960.6  25.72 23
Ch1:   66.87 32776.7  25.69 24
Ch1:   66.85 32611.3  25.75 25
Ch1:   66.80 32611.3  25.78 26
Ch1:   66.78 32427.5  25.72 27
Ch1:   66.77 32445.8  25.69 28
Ch1:   66.73 32372.3  25.78 29
Ch1:   66.70 32243.6  25.78 30
Ch1:   66.68 32059.8  25.69 31
Ch1:   66.65 31894.4  25.72 32
Ch1:   66.58 31728.9  25.69 33
Ch1:   66.60 31563.5  25.78 34
Ch1:   66.55 31526.7  25.72 35
Ch1:   66.48 31416.4  25.72 36
Ch1:   66.48 31434.8  25.72 37
Ch1:   66.46 31214.2  25.72 38
Ch1:   66.41 31140.7  25.72 39
Ch1:   66.38 30975.2  25.72 40
Ch1:   66.38 30920.1  25.69 41
Ch1:   66.30 30773.0  25.72 42
Ch1:   66.30 30699.5  25.69 43
Ch1:   66.21 30644.3  25.72 44
Ch1:   66.18 30515.6  25.69 45
Ch1:   66.18 30331.8  25.75 46
Ch1:   66.14 30166.4  25.72 47
Ch1:   66.11 30111.2  25.72 48
Ch1:   66.08 30000.9  25.69 49
Ch1:   65.99 29872.2  25.75 50
Ch1:   66.01 29798.7  25.75 51
Ch1:   65.94 29651.6  25.72 52
Ch1:   65.93 29523.0  25.75 53
Ch1:   65.86 29486.2  25.69 54
Ch1:   65.88 29339.1  25.69 55
Ch1:   65.79 29173.7  25.72 56
Ch1:   65.76 29192.1  25.69 57
Ch1:   65.72 29008.2  25.69 58
Ch1:   65.67 28861.2  25.75 59
Ch1:   65.62 28861.2  25.72 60
Ch1:   65.62 28695.7  25.69 61
Ch1:   65.56 28567.0  25.72 62
Ch1:   65.52 28420.0  25.75 63
Ch1:   65.49 28291.3  25.72 64
Ch1:   65.41 28291.3  25.72 65
Ch1:   65.39 28199.4  25.72 66
Ch1:   65.34 28070.7  25.72 67
Ch1:   65.27 27978.8  25.75 68
Ch1:   65.30 27795.0  25.72 69
Ch1:   65.17 27831.7  25.69 70
Ch1:   65.15 27739.8  25.69 71
Ch1:   65.14 27519.2  25.78 72
Ch1:   65.10 27464.1  25.66 73
Ch1:   65.02 27390.5  25.72 74
Ch1:   65.02 27280.2  25.75 75
Ch1:   64.94 27225.1  25.69 76
Ch1:   64.88 27078.0  25.72 77
Ch1:   64.83 26986.1  25.75 78
Ch1:   64.82 26857.4  25.75 79
Ch1:   64.80 26673.6  25.72 80
Ch1:   64.77 26618.5  25.72 81
Ch1:   64.70 26563.3  25.69 82
Ch1:   64.65 26453.0  25.72 83
Ch1:   64.57 26361.1  25.78 84
Ch1:   64.53 26305.9  25.69 85
Ch1:   64.50 26177.3  25.69 86
Ch1:   64.47 26030.2  25.72 87
Ch1:   64.38 26011.8  25.69 88
Ch1:   64.36 25883.1  25.75 89
Ch1:   64.28 25644.2  25.72 90
Ch1:   64.25 25680.9  25.69 91
Ch1:   64.20 25570.6  25.75 92
Ch1:   64.11 25515.5  25.72 93
Ch1:   64.10 25331.7  25.75 94
Ch1:   64.06 25221.4  25.69 95
Ch1:   64.01 25166.2  25.69 96
Ch1:   63.96 25166.2  25.72 97
Ch1:   63.96 25111.1  25.69 98
Ch1:   63.83 24982.4  25.72 99
Ch1:   63.84 24908.8  25.69 100
Ch1:   63.76 24872.1  25.66 101
Ch1:   63.69 24780.2  25.72 102
Ch1:   63.66 24706.6  25.69 103
Ch1:   63.59 24504.4  25.72 104
Ch1:   63.56 24430.9  25.69 105
Ch1:   63.49 24375.7  25.72 106
Ch1:   63.42 24265.4  25.69 107
Ch1:   63.37 24228.7  25.69 108
Ch1:   63.37 24081.6  25.66 109
Ch1:   63.29 23989.7  25.75 110
Ch1:   63.21 23934.6  25.66 111
Ch1:   63.17 23842.6  25.72 112
Ch1:   63.11 23732.3  25.72 113
Ch1:   63.04 23714.0  25.66 114
Ch1:   62.95 23732.3  25.69 115
Ch1:   62.94 23585.3  25.78 116
Ch1:   62.85 23511.7  25.75 117
Ch1:   62.82 23364.7  25.69 118
Ch1:   62.77 23236.0  25.78 119
Ch1:   62.70 23217.6  25.69 120
Ch1:   62.63 23125.7  25.69 121
Ch1:   62.60 23070.6  25.72 122
Ch1:   62.52 22941.9  25.72 123
Ch1:   62.50 22868.3  25.72 124
Ch1:   62.40 22831.6  25.75 125
Ch1:   62.38 22721.3  25.66 126
Ch1:   62.28 22684.5  25.66 127
Ch1:   62.25 22574.2  25.72 128
Ch1:   62.16 22500.7  25.78 129
Ch1:   62.10 22482.3  25.69 130
Ch1:   62.06 22298.5  25.72 131
Ch1:   61.98 22280.1  25.72 132
Ch1:   61.91 22243.3  25.69 133
Ch1:   61.88 22059.5  25.72 134
Ch1:   61.83 22022.7  25.72 135
Ch1:   61.74 21930.8  25.72 136
Ch1:   61.71 21949.2  25.66 137
Ch1:   61.64 21838.9  25.75 138
Ch1:   61.59 21783.8  25.72 139
Ch1:   61.51 21691.8  25.75 140
Ch1:   61.46 21581.5  25.69 141
Ch1:   61.39 21581.5  25.72 142
Ch1:   61.33 21526.4  25.75 143
Ch1:   61.24 21416.1  25.78 144
Ch1:   61.24 21360.9  25.69 145
Ch1:   61.12 21342.6  25.72 146
Ch1:   61.07 21213.9  25.66 147
Ch1:   61.01 21195.5  25.69 148
Ch1:   60.97 21066.8  25.69 149
Ch1:   60.87 21048.4  25.72 150
Ch1:   60.84 20901.4  25.72 151
Ch1:   60.77 20864.6  25.75 152
Ch1:   60.69 20791.1  25.66 153
Ch1:   60.64 20699.2  25.72 154
Ch1:   60.54 20699.2  25.72 155
Ch1:   60.49 20588.9  25.75 156
Ch1:   60.44 20515.3  25.72 157
Ch1:   60.37 20460.2  25.66 158
Ch1:   60.28 20423.4  25.69 159
Ch1:   60.20 20423.4  25.72 160
Ch1:   60.17 20313.1  25.69 161
Ch1:   60.08 20221.2  25.69 162
Ch1:   60.05 20092.5  25.75 163
Ch1:   59.95 20092.5  25.69 164
Ch1:   59.88 20037.4  25.69 165
Ch1:   59.83 20000.6  25.72 166
Ch1:   59.76 19908.7  25.69 167
Ch1:   59.71 19798.4  25.69 168
Ch1:   59.66 19706.5  25.72 169
Ch1:   59.60 19669.7  25.69 170
Ch1:   59.51 19596.2  25.72 171
Ch1:   59.43 19577.8  25.69 172
Ch1:   59.38 19412.4  25.75 173
Ch1:   59.26 19449.1  25.69 174
Ch1:   59.19 19357.2  25.72 175
Ch1:   59.13 19302.1  25.69 176
Ch1:   59.06 19210.1  25.69 177
Ch1:   58.99 19155.0  25.72 178
Ch1:   58.91 19136.6  25.72 179
Ch1:   58.84 19081.5  25.72 180
Ch1:   58.77 18989.6  25.72 181
Ch1:   58.71 18989.6  25.72 182
Ch1:   58.66 18916.0  25.66 183
Ch1:   58.59 18824.1  25.69 184
Ch1:   58.54 18769.0  25.72 185
Ch1:   58.47 18713.8  25.72 186
Ch1:   58.42 18585.1  25.69 187
Ch1:   58.34 18585.1  25.75 188
Ch1:   58.27 18474.8  25.69 189
Ch1:   58.18 18438.1  25.72 190
Ch1:   58.12 18438.1  25.69 191
Ch1:   58.05 18364.5  25.72 192
Ch1:   57.97 18272.6  25.72 193
Ch1:   57.90 18254.2  25.69 194
Ch1:   57.82 18180.7  25.69 195
Ch1:   57.73 18125.6  25.69 196
Ch1:   57.70 18033.6  25.69 197
Ch1:   57.60 17923.3  25.69 198
Ch1:   57.51 17886.6  25.69 199
Ch1:   57.45 17886.6  25.69 200
Ch1:   57.38 17813.0  25.72 201
Ch1:   57.33 17739.5  25.69 202
Ch1:   57.28 17666.0  25.78 203
Ch1:   57.19 17666.0  25.69 204
Ch1:   57.16 17592.4  25.75 205
Ch1:   57.08 17537.3  25.72 206
Ch1:   56.99 17482.2  25.69 207
Ch1:   56.94 17427.0  25.75 208
Ch1:   56.84 17353.5  25.69 209
Ch1:   56.77 17316.7  25.75 210
Ch1:   56.72 17243.2  25.72 211
Ch1:   56.62 17224.8  25.69 212
Ch1:   56.57 17096.1  25.69 213
Ch1:   56.47 17059.3  25.69 214
Ch1:   56.40 17004.2  25.75 215
Ch1:   56.34 16949.0  25.72 216
Ch1:   56.27 16893.9  25.69 217
Ch1:   56.20 16838.7  25.69 218
Ch1:   56.12 16838.7  25.75 219
Ch1:   56.07 16783.6  25.72 220
Ch1:   56.02 16691.7  25.69 221
Ch1:   55.93 16636.5  25.72 222
Ch1:   55.85 16599.8  25.72 223
Ch1:   55.78 16563.0  25.75 224
Ch1:   55.70 16489.5  25.75 225
Ch1:   55.62 16434.3  25.72 226
Ch1:   55.55 16360.8  25.69 227
Ch1:   55.46 16324.0  25.72 228
Ch1:   55.40 16268.9  25.75 229
Ch1:   55.33 16250.5  25.72 230
Ch1:   55.26 16158.6  25.75 231
Ch1:   55.20 16140.2  25.72 232
Ch1:   55.13 16066.7  25.75 233
Ch1:   55.06 16011.5  25.66 234
Ch1:   54.98 15993.1  25.72 235
Ch1:   54.91 15938.0  25.69 236
Ch1:   54.83 15901.2  25.69 237
Ch1:   54.74 15846.1  25.75 238
Ch1:   54.68 15790.9  25.69 239
Ch1:   54.57 15735.8  25.72 240
Ch1:   54.49 15662.2  25.78 241
Ch1:   54.41 15607.1  25.69 242
Ch1:   54.32 15551.9  25.75 243
Ch1:   54.26 15496.8  25.75 244
Ch1:   54.19 15460.0  25.72 245
Ch1:   54.10 15441.6  25.69 246
Ch1:   54.04 15386.5  25.69 247
Ch1:   53.95 15349.7  25.72 248
Ch1:   53.89 15313.0  25.66 249
Ch1:   53.82 15257.8  25.78 250
Ch1:   53.75 15221.1  25.75 251
Ch1:   53.67 15184.3  25.75 252
Ch1:   53.58 15129.1  25.72 253
Ch1:   53.50 15110.8  25.72 254
Ch1:   53.42 15074.0  25.75 255
Ch1:   53.33 15037.2  25.72 256
Ch1:   53.25 15000.5  25.69 257
Ch1:   53.18 14963.7  25.72 258
Ch1:   53.10 14926.9  25.72 259
Ch1:   53.01 14890.2  25.69 260
Ch1:   52.93 14853.4  25.75 261
Ch1:   52.83 14835.0  25.72 262
Ch1:   52.74 14816.6  25.69 263
Ch1:   52.64 14798.2  25.75 264
Ch1:   52.54 14779.9  25.69 265
Ch1:   52.46 14761.5  25.69 266
Ch1:   52.36 14761.5  25.69 267
Ch1:   52.27 14761.5  25.69 268
Ch1:   52.17 14743.1  25.72 269
Ch1:   52.07 14743.1  25.69 270
Ch1:   51.99 14743.1  25.75 271
Ch1:   51.90 14743.1  25.75 272
Ch1:   51.80 14743.1  25.75 273
Ch1:   51.70 14743.1  25.75 274
Ch1:   51.60 14743.1  25.72 275
Ch1:   51.50 14761.5  25.78 276
Ch1:   51.38 14743.1  25.69 277
Ch1:   51.27 14743.1  25.72 278
Ch1:   51.15 14743.1  25.66 279
Ch1:   51.05 14743.1  25.72 280
Ch1:   50.93 14743.1  25.75 281
Ch1:   50.83 14743.1  25.72 282
Ch1:   50.75 14743.1  25.75 283
Ch1:   50.65 14743.1  25.75 284
Ch1:   50.54 14743.1  25.72 285
Ch1:   50.44 14743.1  25.72 286
Ch1:   50.34 14743.1  25.69 287
Ch1:   50.24 14743.1  25.75 288
Ch1:   50.14 14743.1  25.69 289
Ch1:   50.04 14743.1  25.75 290
Ch1:   49.94 14743.1  25.72 291
Ch1:   49.84 14743.1  25.69 292
Ch1:   49.74 14743.1  25.72 293
Ch1:   49.62 14743.1  25.72 294
Ch1:   49.52 14743.1  25.72 295
Ch1:   49.44 14743.1  25.72 296
Ch1:   49.32 14743.1  25.72 297
Ch1:   49.22 14724.7  25.72 298
Ch1:   49.10 14743.1  25.75 299
Ch1:   49.00 14743.1  25.72 300
Ch1:   48.92 14743.1  25.78 301
Ch1:   48.81 14743.1  25.69 302
Ch1:   48.71 14743.1  25.78 303
Ch1:   48.61 14743.1  25.72 304
Ch1:   48.51 14743.1  25.72 305
Ch1:   48.41 14743.1  25.69 306
Ch1:   48.31 14743.1  25.72 307
Ch1:   48.21 14743.1  25.72 308
Ch1:   48.11 14743.1  25.66 309
Ch1:   47.99 14743.1  25.75 310
Ch1:   47.89 14743.1  25.78 311
Ch1:   47.77 14743.1  25.75 312
Ch1:   47.67 14743.1  25.72 313
Ch1:   47.57 14743.1  25.72 314
Ch1:   47.47 14743.1  25.75 315
Ch1:   47.39 14743.1  25.72 316
Ch1:   47.29 14743.1  25.69 317
Ch1:   47.20 14743.1  25.75 318
Ch1:   47.10 14743.1  25.69 319
Ch1:   47.02 14761.5  25.69 320
Ch1:   46.90 14743.1  25.78 321
Ch1:   46.78 14743.1  25.69 322
Ch1:   46.68 14743.1  25.72 323
Ch1:   46.58 14743.1  25.69 324
Ch1:   46.48 14743.1  25.69 325
Ch1:   46.38 14743.1  25.75 326
Ch1:   46.28 14743.1  25.75 327
Ch1:   46.18 14743.1  25.72 328
Ch1:   46.08 14761.5  25.81 329
Ch1:   45.98 14743.1  25.72 330
Ch1:   45.88 14743.1  25.72 331
Ch1:   45.78 14743.1  25.75 332
Ch1:   45.67 14724.7  25.72 333
Ch1:   45.56 14724.7  25.78 334
Ch1:   45.44 14724.7  25.78 335
Ch1:   45.34 14743.1  25.75 336
Ch1:   45.22 14743.1  25.69 337
Ch1:   45.12 14743.1  25.69 338
Ch1:   45.02 14761.5  25.75 339
Ch1:   44.94 14761.5  25.72 340
Ch1:   44.85 14743.1  25.78 341
Ch1:   44.77 14743.1  25.75 342
Ch1:   44.67 14743.1  25.75 343
Ch1:   44.57 14743.1  25.72 344
Ch1:   44.47 14743.1  25.72 345
Ch1:   44.36 14743.1  25.75 346
Ch1:   44.25 14743.1  25.72 347
Ch1:   44.15 14743.1  25.72 348
Ch1:   44.03 14743.1  25.75 349
Ch1:   43.91 14724.7  25.75 350
Ch1:   43.81 14724.7  25.72 351
Ch1:   43.71 14743.1  25.75 352
Ch1:   43.61 14724.7  25.78 353
Ch1:   43.51 14743.1  25.69 354
Ch1:   43.42 14743.1  25.75 355
Ch1:   43.32 14743.1  25.69 356
Ch1:   43.22 14743.1  25.66 357
Ch1:   43.14 14743.1  25.72 358
Ch1:   43.06 14743.1  25.72 359
Ch1:   42.94 14743.1  25.72 360
Ch1:   42.84 14743.1  25.72 361
Ch1:   42.72 14724.7  25.72 362
Ch1:   42.62 14743.1  25.75 363
Ch1:   42.50 14743.1  25.72 364
Ch1:   42.38 14743.1  25.75 365
Ch1:   42.27 14743.1  25.78 366
Ch1:   42.17 14743.1  25.72 367
Ch1:   42.05 14743.1  25.75 368
Ch1:   41.95 14724.7  25.72 369
Ch1:   41.86 14743.1  25.75 370
Ch1:   41.78 14743.1  25.69 371
Ch1:   41.69 14743.1  25.69 372
Ch1:   41.59 14743.1  25.75 373
Ch1:   41.51 14743.1  25.72 374
Ch1:   41.41 14761.5  25.75 375
Ch1:   41.31 14743.1  25.72 376
Ch1:   41.21 14743.1  25.75 377
Ch1:   41.09 14724.7  25.75 378
Ch1:   40.97 14743.1  25.75 379
Ch1:   40.87 14724.7  25.75 380
Ch1:   40.77 14743.1  25.75 381
Ch1:   40.65 14743.1  25.78 382
Ch1:   40.55 14743.1  25.75 383
Ch1:   40.45 14743.1  25.75 384
Ch1:   40.35 14743.1  25.72 385
Ch1:   40.27 14743.1  25.72 386
Ch1:   40.17 14743.1  25.72 387
Ch1:   40.07 14743.1  25.69 388
Ch1:   39.97 14724.7  25.78 389
Ch1:   39.85 14743.1  25.72 390
Ch1:   39.75 14724.7  25.72 391
Ch1:   39.65 14743.1  25.72 392
Ch1:   39.53 14743.1  25.78 393
Ch1:   39.43 14743.1  25.69 394
Ch1:   39.34 14743.1  25.81 395
Ch1:   39.24 14743.1  25.75 396
Ch1:   39.14 14743.1  25.75 397
Ch1:   39.04 14724.7  25.72 398
Ch1:   38.94 14724.7  25.72 399
Ch1:   38.84 14724.7  25.78 400
Ch1:   38.74 14724.7  25.72 401
Ch1:   38.62 14743.1  25.69 402
Ch1:   38.52 14743.1  25.72 403
Ch1:   38.42 14743.1  25.81 404
Ch1:   38.30 14743.1  25.75 405
Ch1:   38.20 14743.1  25.69 406
Ch1:   38.08 14743.1  25.72 407
Ch1:   37.98 14743.1  25.75 408
Ch1:   37.88 14743.1  25.78 409
Ch1:   37.80 14743.1  25.78 410
Ch1:   37.72 14743.1  25.78 411
Ch1:   37.61 14743.1  25.75 412
Ch1:   37.51 14743.1  25.72 413
Ch1:   37.43 14743.1  25.75 414
Ch1:   37.33 14743.1  25.78 415
Ch1:   37.21 14724.7  25.78 416
Ch1:   37.09 14743.1  25.72 417
Ch1:   36.99 14724.7  25.75 418
Ch1:   36.88 14743.1  25.75 419
Ch1:   36.76 14743.1  25.69 420
Ch1:   36.66 14743.1  25.78 421
Ch1:   36.56 14743.1  25.75 422
Ch1:   36.46 14743.1  25.72 423
Ch1:   36.37 14743.1  25.69 424
Ch1:   36.29 14743.1  25.72 425
Ch1:   36.19 14743.1  25.75 426
Ch1:   36.10 14743.1  25.78 427
Ch1:   36.00 14743.1  25.75 428
Ch1:   35.90 14743.1  25.75 429
Ch1:   35.78 14743.1  25.72 430
Ch1:   35.67 14743.1  25.72 431
Ch1:   35.57 14743.1  25.81 432
Ch1:   35.43 14743.1  25.72 433
Ch1:   35.33 14724.7  25.69 434
Ch1:   35.23 14724.7  25.75 435
Ch1:   35.13 14743.1  25.81 436
Ch1:   35.03 14743.1  25.78 437
Ch1:   34.93 14743.1  25.72 438
Ch1:   34.83 14743.1  25.69 439
Ch1:   34.73 14743.1  25.75 440
Ch1:   34.63 14743.1  25.69 441
Ch1:   34.52 14743.1  25.75 442
Ch1:   34.41 14743.1  25.78 443
Ch1:   34.32 14724.7  25.75 444
Ch1:   34.22 14724.7  25.72 445
Ch1:   34.12 14724.7  25.78 446
Ch1:   34.04 14743.1  25.75 447
Ch1:   33.94 14743.1  25.81 448
Ch1:   33.84 14743.1  25.72 449
Ch1:   33.74 14743.1  25.78 450
Ch1:   33.63 14743.1  25.69 451
Ch1:   33.53 14743.1  25.69 452
Ch1:   33.43 14743.1  25.72 453
Ch1:   33.33 14724.7  25.72 454
Ch1:   33.21 14724.7  25.72 455
Ch1:   33.11 14743.1  25.69 456
Ch1:   33.00 14743.1  25.75 457
Ch1:   32.90 14743.1  25.69 458
Ch1:   32.78 14743.1  25.78 459
Ch1:   32.68 14743.1  25.78 460
Ch1:   32.56 14743.1  25.69 461
Ch1:   32.46 14724.7  25.72 462
Ch1:   32.38 14724.7  25.75 463
Ch1:   32.27 14724.7  25.75 464
Ch1:   32.17 14743.1  25.75 465
Ch1:   32.09 14743.1  25.75 466
Ch1:   31.99 14743.1  25.69 467
Ch1:   31.89 14743.1  25.72 468
Ch1:   31.79 14743.1  25.69 469
Ch1:   31.69 14743.1  25.78 470
Ch1:   31.57 14724.7  25.75 471
Ch1:   31.47 14724.7  25.69 472
Ch1:   31.37 14724.7  25.72 473
Ch1:   31.27 14724.7  25.69 474
Ch1:   31.15 14743.1  25.72 475
Ch1:   31.05 14743.1  25.78 476
Ch1:   30.95 14743.1  25.78 477
Ch1:   30.85 14743.1  25.75 478
Ch1:   30.75 14743.1  25.72 479
Ch1:   30.65 14743.1  25.72 480
Ch1:   30.54 14724.7  25.72 481
Ch1:   30.46 14724.7  25.72 482
Ch1:   30.34 14743.1  25.72 483
Ch1:   30.24 14743.1  25.75 484
Ch1:   30.14 14743.1  25.72 485
Ch1:   30.04 14743.1  25.75 486
Ch1:   29.94 14743.1  25.72 487
Ch1:   29.84 14743.1  25.78 488
Ch1:   29.74 14743.1  25.72 489
Ch1:   29.64 14743.1  25.75 490
Ch1:   29.52 14724.7  25.81 491
Ch1:   29.40 14724.7  25.69 492
Ch1:   29.30 14743.1  25.75 493
Ch1:   29.20 14743.1  25.72 494
Ch1:   29.10 14743.1  25.75 495
Ch1:   29.03 14743.1  25.69 496
Ch1:   28.93 14743.1  25.72 497
Ch1:   28.83 14743.1  25.75 498
Ch1:   28.75 14743.1  25.75 499
Ch1:   28.63 14724.7  25.75 500
Ch1:   28.53 14743.1  25.72 501
Ch1:   28.41 14743.1  25.78 502
Ch1:   28.29 14743.1  25.72 503
Ch1:   28.19 14743.1  25.75 504
Ch1:   28.09 14743.1  25.69 505
Ch1:   27.98 14743.1  25.72 506
Ch1:   27.88 14724.7  25.75 507
Ch1:   27.77 14724.7  25.75 508
Ch1:   27.67 14724.7  25.72 509
Ch1:   27.57 14743.1  25.75 510
Ch1:   27.49 14743.1  25.75 511
Ch1:   27.39 14743.1  25.75 512
Ch1:   27.27 14743.1  25.69 513
Ch1:   27.19 14743.1  25.72 514
Ch1:   27.09 14743.1  25.81 515
Ch1:   26.97 14743.1  25.72 516
Ch1:   26.87 14743.1  25.81 517
Ch1:   26.77 14724.7  25.78 518
Ch1:   26.67 14724.7  25.75 519
Ch1:   26.57 14743.1  25.72 520
Ch1:   26.46 14743.1  25.72 521
Ch1:   26.36 14743.1  25.75 522
Ch1:   26.28 14743.1  25.75 523
Ch1:   26.18 14743.1  25.72 524
Ch1:   26.08 14743.1  25.75 525
Ch1:   25.96 14724.7  25.78 526
Ch1:   25.86 14724.7  25.75 527
Ch1:   25.74 14724.7  25.78 528
Ch1:   25.64 14724.7  25.75 529
Ch1:   25.52 14743.1  25.72 530
Ch1:   25.42 14743.1  25.78 531
Ch1:   25.31 14743.1  25.75 532
Ch1:   25.21 14743.1  25.72 533
Ch1:   25.10 14743.1  25.72 534
Ch1:   25.02 14743.1  25.78 535
Ch1:   24.92 14724.7  25.75 536
Ch1:   24.82 14724.7  25.75 537
Ch1:   24.72 14724.7  25.72 538
Ch1:   24.62 14724.7  25.78 539
Ch1:   24.53 14743.1  25.78 540
Ch1:   24.42 14743.1  25.75 541
Ch1:   24.32 14743.1  25.69 542
Ch1:   24.20 14743.1  25.72 543
Ch1:   24.10 14724.7  25.72 544
Ch1:   24.00 14743.1  25.75 545
Ch1:   23.90 14724.7  25.78 546
Ch1:   23.79 14743.1  25.75 547
Ch1:   23.69 14724.7  25.75 548
Ch1:   23.59 14743.1  25.75 549
Ch1:   23.49 14743.1  25.78 550
Ch1:   23.39 14743.1  25.78 551
Ch1:   23.29 14743.1  25.78 552
Ch1:   23.21 14743.1  25.75 553
Ch1:   23.11 14743.1  25.72 554
Ch1:   23.02 14724.7  25.75 555
Ch1:   22.92 14724.7  25.75 556
Ch1:   22.80 14743.1  25.72 557
Ch1:   22.70 14743.1  25.75 558
Ch1:   22.60 14743.1  25.72 559
Ch1:   22.50 14743.1  25.72 560
Ch1:   22.38 14743.1  25.75 561
Ch1:   22.28 14743.1  25.78 562
Ch1:   22.18 14724.7  25.78 563
Ch1:   22.08 14724.7  25.78 564
Ch1:   22.00 14743.1  25.78 565
Ch1:   21.90 14743.1  25.81 566
Ch1:   21.78 14743.1  25.75 567
Ch1:   21.68 14743.1  25.72 568
Ch1:   21.56 14743.1  25.72 569
Ch1:   21.44 14743.1  25.78 570
Ch1:   21.33 14743.1  25.72 571
Ch1:   21.21 14724.7  25.75 572
Ch1:   21.11 14724.7  25.75 573
Ch1:   21.02 14724.7  25.75 574
Ch1:   20.94 14743.1  25.75 575
Ch1:   20.86 14743.1  25.72 576
Ch1:   20.76 14743.1  25.75 577
Ch1:   20.64 14743.1  25.78 578
Ch1:   20.54 14743.1  25.78 579
Ch1:   20.44 14743.1  25.69 580
Ch1:   20.34 14743.1  25.78 581
Ch1:   20.23 14724.7  25.72 582
Ch1:   20.12 14743.1  25.72 583
Ch1:   20.02 14743.1  25.81 584
Ch1:   19.92 14743.1  25.81 585
Ch1:   19.81 14743.1  25.78 586
Ch1:   19.71 14743.1  25.72 587
Ch1:   19.60 14743.1  25.78 588
Ch1:   19.50 14743.1  25.75 589
Ch1:   19.39 14743.1  25.72 590
Ch1:   19.28 14743.1  25.75 591
Ch1:   19.19 14724.7  25.72 592
Ch1:   19.09 14743.1  25.75 593
Ch1:   18.99 14743.1  25.75 594
Ch1:   18.89 14743.1  25.72 595
Ch1:   18.79 14743.1  25.72 596
Ch1:   18.69 14743.1  25.78 597
Ch1:   18.61 14743.1  25.78 598
Ch1:   18.50 14743.1  25.78 599
Ch1:   18.40 14743.1  25.75 600
Ch1:   18.30 14724.7  25.75 601
Ch1:   18.20 14743.1  25.75 602
Ch1:   18.09 14743.1  25.72 603
Ch1:   17.98 14743.1  25.81 604
Ch1:   17.87 14743.1  25.75 605
Ch1:   17.75 14743.1  25.72 606
Ch1:   17.67 14743.1  25.72 607
Ch1:   17.56 14743.1  25.72 608
Ch1:   17.48 14743.1  25.78 609
Ch1:   17.38 14743.1  25.72 610
Ch1:   17.30 14724.7  25.78 611
Ch1:   17.20 14743.1  25.78 612
Ch1:   17.09 14743.1  25.75 613
Ch1:   16.99 14743.1  25.78 614
Ch1:   16.88 14743.1  25.75 615
Ch1:   16.76 14743.1  25.72 616
Ch1:   16.62 14743.1  25.75 617
Ch1:   16.51 14724.7  25.72 618
Ch1:   16.41 14724.7  25.75 619
Ch1:   16.29 14724.7  25.75 620
Ch1:   16.19 14743.1  25.78 621
Ch1:   16.10 14743.1  25.75 622
Ch1:   16.02 14743.1  25.81 623
Ch1:   15.94 14743.1  25.75 624
Ch1:   15.85 14743.1  25.75 625
Ch1:   15.78 14743.1  25.75 626
Ch1:   15.68 14724.7  25.75 627
Ch1:   15.57 14724.7  25.75 628
Ch1:   15.48 14706.3  25.72 629
Ch1:   15.47 14724.7  25.72 630
Ch1:   15.31 14706.3  25.72 631
Ch1:   15.21 14706.3  25.78 632
Ch1:   15.18 14724.7  25.75 633
Ch1:   15.03 14724.7  25.72 634
Ch1:   14.93 14706.3  25.72 635
Ch1:   14.88 14724.7  25.75 636
Ch1:   14.73 14724.7  25.69 637
Ch1:   14.61 14724.7  25.78 638
Ch1:   14.51 14724.7  25.75 639
Ch1:   14.41 14706.3  25.75 640
Ch1:   14.31 14706.3  25.72 641
Ch1:   14.21 14724.7  25.72 642
Ch1:   14.11 14724.7  25.72 643
Ch1:   13.99 14724.7  25.81 644
Ch1:   13.87 14724.7  25.75 645
Ch1:   13.75 14724.7  25.72 646
Ch1:   13.65 14706.3  25.69 647
Ch1:   13.53 14724.7  25.75 648
Ch1:   13.43 14724.7  25.78 649
Ch1:   13.32 14743.1  25.75 650
Ch1:   13.22 14724.7  25.75 651
Ch1:   13.11 14724.7  25.72 652
Ch1:   13.01 14724.7  25.75 653
Ch1:   12.91 14724.7  25.75 654
Ch1:   12.83 14724.7  25.75 655
Ch1:   12.73 14724.7  25.75 656
Ch1:   12.63 14743.1  25.69 657
Ch1:   12.54 14743.1  25.78 658
Ch1:   12.44 14743.1  25.72 659
Ch1:   12.34 14724.7  25.81 660
Ch1:   12.24 14724.7  25.78 661
Ch1:   12.12 14724.7  25.78 662
Ch1:   12.02 14724.7  25.72 663
Ch1:   11.91 14724.7  25.75 664
Ch1:   11.79 14724.7  25.78 665
Ch1:   11.70 14724.7  25.72 666
Ch1:   11.69 14724.7  25.72 667
Ch1:   11.59 14724.7  25.78 668
Ch1:   11.47 14724.7  25.72 669
Ch1:   11.44 14724.7  25.78 670
Ch1:   11.30 14706.3  25.75 671
Ch1:   11.27 14724.7  25.78 672
Ch1:   11.10 14706.3  25.72 673
Ch1:   11.05 14706.3  25.78 674
Ch1:   10.90 14706.3  25.72 675
Ch1:   10.81 14724.7  25.75 676
Ch1:   10.68 14724.7  25.78 677
Ch1:   10.61 14706.3  25.72 678
Ch1:   10.46 14706.3  25.75 679
Ch1:   10.33 14724.7  25.78 680
Ch1:   10.23 14706.3  25.78 681
Ch1:   10.18 14706.3  25.78 682
Ch1:   10.02 14706.3  25.72 683
Ch1:    9.91 14724.7  25.75 684
Ch1:    9.79 14724.7  25.78 685
Ch1:    9.69 14724.7  25.81 686
Ch1:    9.59 14743.1  25.69 687
Ch1:    9.50 14743.1  25.75 688
Ch1:    9.39 14724.7  25.78 689
Ch1:    9.29 14724.7  25.78 690
Ch1:    9.19 14724.7  25.75 691
Ch1:    9.08 14724.7  25.78 692
Ch1:    9.00 14724.7  25.78 693
Ch1:    8.90 14743.1  25.75 694
Ch1:    8.80 14724.7  25.75 695
Ch1:    8.68 14724.7  25.78 696
Ch1:    8.56 14724.7  25.69 697
Ch1:    8.45 14724.7  25.81 698
Ch1:    8.33 14706.3  25.75 699
Ch1:    8.21 14724.7  25.75 700
Ch1:    8.11 14724.7  25.78 701
Ch1:    8.01 14724.7  25.75 702
Ch1:    7.93 14724.7  25.81 703
Ch1:    7.83 14743.1  25.81 704
Ch1:    7.72 14743.1  25.75 705
Ch1:    7.61 14743.1  25.72 706
Ch1:    7.51 14743.1  25.75 707
Ch1:    7.39 14743.1  25.75 708
Ch1:    7.27 14724.7  25.78 709
Ch1:    7.17 14724.7  25.75 710
Ch1:    7.10 14743.1  25.75 711
Ch1:    7.09 14761.5  25.75 712
Ch1:    7.07 14761.5  25.78 713
Ch1:    7.07 14779.9  25.75 714
Ch1:    7.07 14779.9  25.78 715
Ch1:    7.07 14779.9  25.78 716
Ch1:    7.07 14779.9  25.72 717
Ch1:    7.07 14779.9  25.75 718
Ch1:    7.07 14761.5  25.81 719
Ch1:    7.07 14743.1  25.78 720
Ch1:    7.07 14761.5  25.81 721
Ch1:    7.07 14761.5  25.75 722
Ch1:    7.07 14761.5  25.75 723
Ch1:    7.07 14761.5  25.75 724
Ch1:    7.07 14779.9  25.81 725
Ch1:    7.07 14779.9  25.75 726
Ch1:    7.07 14779.9  25.75 727
Ch1:    7.07 14779.9  25.72 728
Ch1:    7.07 14761.5  25.72 729
Ch1:    7.07 14761.5  25.69 730
Ch1:    7.07 14761.5  25.78 731
Ch1:    7.07 14761.5  25.78 732
Ch1:    7.07 14761.5  25.72 733
Ch1:    7.09 14761.5  25.75 734
Ch1:    7.09 14761.5  25.69 735
Ch1:    7.09 14779.9  25.72 736
Ch1:    7.09 14779.9  25.75 737
Ch1:    7.09 14779.9  25.78 738
Ch1:    7.09 14779.9  25.72 739
Ch1:    7.10 14761.5  25.75 740
Ch1:    7.10 14761.5  25.81 741
Ch1:    7.10 14761.5  25.72 742
Ch1:    7.10 14761.5  25.72 743
Ch1:    7.10 14761.5  25.72 744
Ch1:    7.10 14761.5  25.81 745
Ch1:    7.10 14761.5  25.72 746
Ch1:    7.10 14761.5  25.75 747
Ch1:    7.12 14779.9  25.78 748
Ch1:    7.10 14761.5  25.72 749
Ch1:    7.10 14761.5  25.75 750
Ch1:    7.12 14761.5  25.78 751
Ch1:    7.12 14761.5  25.69 752
Ch1:    7.12 14761.5  25.78 753
Ch1:    7.12 14761.5  25.75 754
Ch1:    7.12 14761.5  25.69 755
Ch1:    7.12 14761.5  25.72 756
Ch1:    7.14 14761.5  25.72 757
Ch1:    7.14 14743.1  25.72 758
Ch1:    7.14 14761.5  25.78 759
Ch1:    7.14 14761.5  25.75 760
Ch1:    7.14 14761.5  25.75 761
Ch1:    7.15 14743.1  25.72 762
Ch1:    7.14 14724.7  25.72 763
Ch1:    7.15 14743.1  25.78 764
Ch1:    7.15 14743.1  25.72 765
Ch1:    7.15 14761.5  25.75 766
Ch1:    7.15 14761.5  25.72 767
Ch1:    7.15 14761.5  25.72 768
Ch1:    7.15 14761.5  25.72 769
Ch1:    7.15 14761.5  25.72 770
Ch1:    7.15 14761.5  25.78 771
Ch1:    7.17 14761.5  25.75 772
Ch1:    7.17 14743.1  25.72 773
Ch1:    7.17 14743.1  25.69 774
Ch1:    7.17 14743.1  25.75 775
Ch1:    7.17 14761.5  25.78 776
Ch1:    7.17 14761.5  25.72 777
Ch1:    7.19 14761.5  25.81 778
Ch1:    7.19 14779.9  25.78 779
Ch1:    7.19 14761.5  25.75 780
Ch1:    7.19 14761.5  25.75 781
Ch1:    7.20 14761.5  25.72 782
Ch1:    7.19 14724.7  25.81 783
Ch1:    7.20 14761.5  25.72 784
Ch1:    7.20 14724.7  25.78 785
Ch1:    7.20 14743.1  25.72 786
Ch1:    7.20 14761.5  25.81 787
Ch1:    7.20 14706.3  25.75 788
Ch1:    7.20 14743.1  25.81 789
Ch1:    7.20 14706.3  25.75 790
Ch1:    7.20 14761.5  25.75 791
Ch1:    7.22 14743.1  25.72 792
Ch1:    7.22 14743.1  25.75 793
Ch1:    7.22 14743.1  25.72 794
Ch1:    7.24 14743.1  25.75 795
Ch1:    7.24 14743.1  25.75 796
Ch1:    7.24 14743.1  25.72 797
Ch1:    7.24 14761.5  25.72 798
Ch1:    7.24 14761.5  25.81 799
Ch1:    7.24 14761.5  25.75 800
Ch1:    7.24 14743.1  25.72 801
Ch1:    7.24 14743.1  25.75 802
Ch1:    7.24 14743.1  25.78 803
Ch1:    7.25 14761.5  25.72 804
Ch1:    7.25 14761.5  25.75 805
Ch1:    7.25 14761.5  25.75 806
Ch1:    7.25 14761.5  25.78 807
Ch1:    7.25 14761.5  25.75 808
Ch1:    7.27 14743.1  25.78 809
Ch1:    7.27 14743.1  25.72 810
Ch1:    7.27 14743.1  25.78 811
Ch1:    7.27 14761.5  25.72 812
Ch1:    7.27 14761.5  25.75 813
Ch1:    7.27 14761.5  25.78 814
Ch1:    7.29 14761.5  25.72 815
Ch1:    7.29 14761.5  25.81 816
Ch1:    7.29 14761.5  25.75 817
Ch1:    7.29 14761.5  25.72 818
Ch1:    7.29 14761.5  25.72 819
Ch1:    7.29 14761.5  25.75 820
Ch1:    7.30 14779.9  25.75 821
Ch1:    7.30 14779.9  25.75 822
Ch1:    7.30 14761.5  25.69 823
Ch1:    7.30 14761.5  25.78 824
Ch1:    7.30 14761.5  25.75 825
Ch1:    7.32 14761.5  25.72 826
Ch1:    7.32 14743.1  25.78 827
Ch1:    7.32 14761.5  25.78 828
Ch1:    7.32 14761.5  25.75 829
Ch1:    7.32 14761.5  25.72 830
Ch1:    7.32 14761.5  25.81 831
Ch1:    7.34 14779.9  25.81 832
Ch1:    7.34 14761.5  25.78 833
Ch1:    7.34 14761.5  25.72 834
Ch1:    7.34 14761.5  25.75 835
Ch1:    7.34 14761.5  25.75 836
Ch1:    7.34 14761.5  25.75 837
Ch1:    7.34 14761.5  25.75 838
Ch1:    7.35 14761.5  25.81 839
Ch1:    7.34 14761.5  25.72 840
Ch1:    7.35 14761.5  25.72 841
Ch1:    7.35 14761.5  25.72 842
Ch1:    7.35 14761.5  25.75 843
Ch1:    7.35 14761.5  25.72 844
Ch1:    7.35 14743.1  25.75 845
Ch1:    7.37 14761.5  25.72 846
Ch1:    7.37 14761.5  25.81 847
Ch1:    7.37 14761.5  25.75 848
Ch1:    7.37 14761.5  25.75 849
Ch1:    7.39 14779.9  25.72 850
Ch1:    7.39 14779.9  25.75 851
Ch1:    7.39 14761.5  25.69 852
Ch1:    7.39 14761.5  25.75 853
Ch1:    7.39 14761.5  25.72 854
Ch1:    7.39 14761.5  25.72 855
Ch1:    7.39 14761.5  25.75 856
Ch1:    7.39 14761.5  25.78 857
Ch1:    7.41 14761.5  25.75 858
Ch1:    7.41 14761.5  25.72 859
Ch1:    7.41 14761.5  25.75 860
Ch1:    7.41 14761.5  25.78 861
Ch1:    7.41 14761.5  25.78 862
Ch1:    7.42 14761.5  25.72 863
Ch1:    7.42 14743.1  25.75 864
Ch1:    7.42 14761.5  25.72 865
Ch1:    7.42 14761.5  25.75 866
Ch1:    7.42 14761.5  25.72 867
Ch1:    7.44 14761.5  25.78 868
Ch1:    7.44 14761.5  25.78 869
Ch1:    7.44 14761.5  25.75 870
Ch1:    7.44 14761.5  25.78 871
Ch1:    7.44 14761.5  25.75 872
Ch1:    7.44 14743.1  25.75 873
Ch1:    7.46 14761.5  25.75 874
Ch1:    7.46 14761.5  25.75 875
Ch1:    7.46 14761.5  25.75 876
Ch1:    7.46 14761.5  25.72 877
Ch1:    7.46 14761.5  25.78 878
Ch1:    7.46 14761.5  25.72 879
Ch1:    7.47 14761.5  25.78 880
Ch1:    7.47 14761.5  25.75 881
Ch1:    7.47 14761.5  25.72 882
Ch1:    7.47 14743.1  25.75 883
Ch1:    7.49 14761.5  25.75 884
Ch1:    7.49 14761.5  25.75 885
Ch1:    7.49 14761.5  25.72 886
Ch1:    7.49 14761.5  25.72 887
Ch1:    7.49 14761.5  25.72 888
Ch1:    7.49 14761.5  25.72 889
Ch1:    7.49 14761.5  25.69 890
Ch1:    7.49 14743.1  25.75 891
Ch1:    7.51 14761.5  25.81 892
Ch1:    7.51 14743.1  25.75 893
Ch1:    7.51 14743.1  25.72 894
Ch1:    7.51 14761.5  25.72 895
Ch1:    7.52 14761.5  25.72 896
Ch1:    7.52 14761.5  25.78 897
Ch1:    7.52 14761.5  25.78 898
Ch1:    7.52 14761.5  25.78 899
Ch1:    7.52 14761.5  25.78 900
Ch1:    7.52 14761.5  25.75 901
Ch1:    7.54 14743.1  25.75 902
Ch1:    7.54 14761.5  25.72 903
Ch1:    7.52 14743.1  25.72 904
Ch1:    7.54 14761.5  25.78 905
Ch1:    7.54 14761.5  25.81 906
Ch1:    7.54 14761.5  25.75 907
Ch1:    7.56 14761.5  25.75 908
Ch1:    7.56 14761.5  25.75 909
Ch1:    7.56 14743.1  25.72 910
Ch1:    7.56 14743.1  25.78 911
Ch1:    7.57 14743.1  25.72 912
Ch1:    7.57 14743.1  25.78 913
Ch1:    7.57 14761.5  25.81 914
Ch1:    7.57 14761.5  25.72 915
Ch1:    7.57 14761.5  25.72 916
Ch1:    7.57 14761.5  25.78 917
Ch1:    7.57 14761.5  25.78 918
Ch1:    7.59 14761.5  25.69 919
Ch1:    7.59 14743.1  25.72 920
Ch1:    7.59 14743.1  25.72 921
Ch1:    7.59 14743.1  25.75 922
Ch1:    7.59 14743.1  25.72 923
Ch1:    7.61 14761.5  25.81 924
Ch1:    7.61 14761.5  25.72 925
Ch1:    7.61 14761.5  25.75 926
Ch1:    7.61 14761.5  25.72 927
Ch1:    7.61 14761.5  25.72 928
Ch1:    7.61 14761.5  25.72 929
Ch1:    7.61 14743.1  25.72 930
Ch1:    7.62 14743.1  25.75 931
Ch1:    7.62 14743.1  25.78 932
Ch1:    7.62 14761.5  25.72 933
Ch1:    7.64 14761.5  25.75 934
Ch1:    7.64 14761.5  25.75 935
Ch1:    7.64 14761.5  25.72 936
Ch1:    7.64 14761.5  25.72 937
Ch1:    7.64 14761.5  25.72 938
Ch1:    7.64 14743.1  25.78 939
Ch1:    7.64 14743.1  25.75 940
Ch1:    7.66 14743.1  25.72 941
Ch1:    7.66 14743.1  25.72 942
Ch1:    7.66 14761.5  25.81 943
Ch1:    7.66 14761.5  25.78 944
Ch1:    7.66 14761.5  25.75 945
Ch1:    7.67 14761.5  25.78 946
Ch1:    7.67 14743.1  25.72 947
Ch1:    7.67 14743.1  25.72 948
Ch1:    7.67 14743.1  25.75 949
Ch1:    7.67 14743.1  25.75 950
Ch1:    7.69 14743.1  25.72 951
Ch1:    7.69 14761.5  25.78 952
Ch1:    7.69 14761.5  25.78 953
Ch1:    7.69 14761.5  25.78 954
Ch1:    7.69 14761.5  25.78 955
Ch1:    7.69 14761.5  25.69 956
Ch1:    7.69 14743.1  25.75 957
Ch1:    7.71 14743.1  25.75 958
Ch1:    7.71 14743.1  25.72 959
Ch1:    7.71 14743.1  25.78 960
Ch1:    7.71 14743.1  25.72 961
Ch1:    7.71 14743.1  25.72 962
Ch1:    7.72 14761.5  25.75 963
Ch1:    7.72 14761.5  25.75 964
Ch1:    7.72 14761.5  25.72 965
Ch1:    7.74 14761.5  25.81 966
Ch1:    7.72 14743.1  25.72 967
Ch1:    7.74 14743.1  25.75 968
Ch1:    7.74 14743.1  25.72 969
Ch1:    7.74 14743.1  25.75 970
Ch1:    7.74 14743.1  25.75 971
Ch1:    7.74 14761.5  25.78 972
Ch1:    7.74 14761.5  25.75 973
Ch1:    7.76 14761.5  25.75 974
Ch1:    7.76 14761.5  25.81 975
Ch1:    7.76 14761.5  25.81 976
Ch1:    7.76 14743.1  25.72 977
Ch1:    7.77 14743.1  25.72 978
Ch1:    7.77 14743.1  25.75 979
Ch1:    7.77 14743.1  25.72 980
Ch1:    7.77 14743.1  25.75 981
Ch1:    7.77 14743.1  25.72 982
Ch1:    7.79 14743.1  25.72 983
Ch1:    7.79 14761.5  25.78 984
Ch1:    7.79 14761.5  25.78 985
Ch1:    7.79 14761.5  25.78 986
Ch1:    7.79 14761.5  25.75 987
Ch1:    7.79 14761.5  25.75 988
Ch1:    7.79 14761.5  25.75 989
Ch1:    7.81 14761.5  25.75 990
Ch1:    7.81 14743.1  25.78 991
Ch1:    7.81 14743.1  25.78 992
Ch1:    7.81 14743.1  25.75 993
Ch1:    7.83 14743.1  25.75 994
Ch1:    7.83 14743.1  25.75 995
Ch1:    7.83 14743.1  25.75 996
Ch1:    7.83 14761.5  25.75 997
Ch1:    7.83 14761.5  25.72 998
Ch1:    7.83 14761.5  25.78 999
Ch1:    7.83 14743.1  25.75 1000
Ch1:    7.84 14743.1  25.75 1001
Ch1:    7.84 14743.1  25.75 1002
Ch1:    7.84 14743.1  25.75 1003
Ch1:    7.84 14743.1  25.75 1004
Ch1:    7.86 14743.1  25.75 1005
Ch1:    7.86 14743.1  25.78 1006
Ch1:    7.86 14724.7  25.72 1007
Ch1:    7.86 14743.1  25.75 1008
Ch1:    7.86 14743.1  25.72 1009
Ch1:    7.88 14761.5  25.78 1010
Ch1:    7.88 14761.5  25.75 1011
Ch1:    7.88 14761.5  25.78 1012
Ch1:    7.88 14761.5  25.75 1013
Ch1:    7.88 14761.5  25.72 1014
Ch1:    7.89 14743.1  25.75 1015
Ch1:    7.89 14743.1  25.69 1016
Ch1:    7.89 14743.1  25.81 1017
Ch1:    7.89 14743.1  25.75 1018
Ch1:    7.91 14743.1  25.78 1019
Ch1:    7.91 14761.5  25.72 1020
Ch1:    7.91 14743.1  25.72 1021
Ch1:    7.91 14743.1  25.75 1022
Ch1:    7.91 14743.1  25.72 1023
Ch1:   12.17 16342.4  25.72 1024