Ch1:   39.97 15648.5  25.56 0 3405 9521
Ch1:   61.36 22684.5  25.62 1 4936 14616
Ch1:   66.43 30694.9  25.59 2 6679 15825
Ch1:   67.11 34127.9  25.56 3 7426 15985
Ch1:   67.29 34900.0  25.62 4 7594 16030
Ch1:   67.30 34932.1  25.62 5 7601 16032
Ch1:   67.28 34886.2  25.59 6 7591 16026
Ch1:   67.31 34684.0  25.53 7 7547 16033
Ch1:   67.24 34716.1  25.66 8 7554 16016
Ch1:   67.23 34463.4  25.66 9 7499 16015
Ch1:   67.22 34380.6  25.59 10 7481 16012
Ch1:   67.16 34362.3  25.59 11 7477 15997
Ch1:   67.15 34196.8  25.56 12 7441 15996
Ch1:   67.11 34160.0  25.59 13 7433 15986
Ch1:   67.08 34022.2  25.62 14 7403 15980
Ch1:   67.08 33925.7  25.59 15 7382 15978
Ch1:   67.04 33815.4  25.56 16 7358 15970
Ch1:   67.01 33640.7  25.59 17 7320 15962
Ch1:   67.00 33452.3  25.59 18 7279 15959
Ch1:   66.96 33406.4  25.56 19 7269 15950
Ch1:   66.95 33314.4  25.56 20 7249 15947
Ch1:   66.92 33213.3  25.59 21 7227 15941
Ch1:   66.88 33149.0  25.56 22 7213 15931
Ch1:   66.85 32910.0  25.56 23 7161 15923
Ch1:   66.82 32896.2  25.59 24 7158 15916
Ch1:   66.81 32785.9  25.62 25 7134 15914
Ch1:   66.78 32602.1  25.59 26 7094 15908
Ch1:   66.72 32436.7  25.56 27 7058 15894
Ch1:   66.71 32376.9  25.56 28 7045 15891
Ch1:   66.70 32252.8  25.56 29 7018 15888
Ch1:   66.64 32216.1  25.59 30 7010 15875
Ch1:   66.63 31986.3  25.56 31 6960 15872
Ch1:   66.60 31921.9  25.59 32 6946 15865
Ch1:   66.55 31765.7  25.59 33 6912 15852
Ch1:   66.54 31683.0  25.59 34 6894 15850
Ch1:   66.51 31572.7  25.56 35 6870 15844
Ch1:   66.49 31416.4  25.59 36 6836 15838
Ch1:   66.43 31315.3  25.59 37 6814 15825
Ch1:   66.38 31186.6  25.59 38 6786 15813
Ch1:   66.36 31025.8  25.66 39 6751 15808
Ch1:   66.28 31071.7  25.59 40 6761 15789
Ch1:   66.29 30883.3  25.62 41 6720 15790
Ch1:   66.26 30819.0  25.59 42 6706 15783
Ch1:   66.26 30699.5  25.59 43 6680 15783
Ch1:   66.19 30603.0  25.66 44 6659 15766
Ch1:   66.20 30446.7  25.62 45 6625 15769
Ch1:   66.14 30341.0  25.56 46 6602 15756
Ch1:   66.08 30267.5  25.66 47 6586 15740
Ch1:   66.04 30134.2  25.59 48 6557 15731
Ch1:   66.02 30065.3  25.59 49 6542 15726
Ch1:   66.00 29835.5  25.62 50 6492 15722
Ch1:   65.96 29775.7  25.62 51 6479 15711
Ch1:   65.96 29702.2  25.56 52 6463 15711
Ch1:   65.88 29739.0  25.69 53 6471 15694
Ch1:   65.89 29527.6  25.62 54 6425 15695
Ch1:   65.85 29375.9  25.59 55 6392 15686
Ch1:   65.80 29196.7  25.66 56 6353 15675
Ch1:   65.73 29072.6  25.66 57 6326 15657
Ch1:   65.70 28966.9  25.59 58 6303 15650
Ch1:   65.67 28838.2  25.62 59 6275 15643
Ch1:   65.59 28787.6  25.59 60 6264 15624
Ch1:   65.60 28727.9  25.62 61 6251 15626
Ch1:   65.54 28567.0  25.59 62 6216 15611
Ch1:   65.50 28475.1  25.66 63 6196 15603
Ch1:   65.47 28378.6  25.59 64 6175 15596
Ch1:   65.43 28231.6  25.59 65 6143 15585
Ch1:   65.37 28139.6  25.66 66 6123 15571
Ch1:   65.32 28056.9  25.59 67 6105 15559
Ch1:   65.27 27914.5  25.62 68 6074 15548
Ch1:   65.23 27827.1  25.59 69 6055 15537
Ch1:   65.21 27716.8  25.56 70 6031 15534
Ch1:   65.13 27629.5  25.56 71 6012 15515
Ch1:   65.12 27560.6  25.59 72 5997 15511
Ch1:   65.07 27528.4  25.59 73 5990 15500
Ch1:   65.06 27408.9  25.59 74 5964 15497
Ch1:   65.00 27238.9  25.59 75 5927 15484
Ch1:   65.00 27151.6  25.59 76 5908 15484
Ch1:   64.89 27133.2  25.59 77 5904 15457
Ch1:   64.89 26990.7  25.59 78 5873 15457
Ch1:   64.83 26894.2  25.56 79 5852 15443
Ch1:   64.78 26715.0  25.59 80 5813 15431
Ch1:   64.73 26701.2  25.62 81 5810 15419
Ch1:   64.68 26558.7  25.59 82 5779 15407
Ch1:   64.67 26434.6  25.59 83 5752 15404
Ch1:   64.57 26361.1  25.62 84 5736 15382
Ch1:   64.54 26255.4  25.62 85 5713 15375
Ch1:   64.52 26163.5  25.59 86 5693 15368
Ch1:   64.44 26021.0  25.66 87 5662 15351
Ch1:   64.37 26030.2  25.62 88 5664 15333
Ch1:   64.35 25832.6  25.59 89 5621 15329
Ch1:   64.28 25818.8  25.62 90 5618 15312
Ch1:   64.23 25680.9  25.56 91 5588 15299
Ch1:   64.20 25598.2  25.59 92 5570 15293
Ch1:   64.13 25561.4  25.62 93 5562 15275
Ch1:   64.08 25377.6  25.59 94 5522 15265
Ch1:   64.05 25285.7  25.59 95 5502 15258
Ch1:   64.03 25239.7  25.56 96 5492 15252
Ch1:   63.95 25124.8  25.59 97 5467 15234
Ch1:   63.89 25046.7  25.66 98 5450 15220
Ch1:   63.89 24913.4  25.62 99 5421 15218
Ch1:   63.85 24816.9  25.62 100 5400 15209
Ch1:   63.79 24766.4  25.62 101 5389 15194
Ch1:   63.72 24706.6  25.56 102 5376 15178
Ch1:   63.66 24651.5  25.56 103 5364 15164
Ch1:   63.61 24499.8  25.62 104 5331 15153
Ch1:   63.50 24472.3  25.59 105 5325 15127
Ch1:   63.47 24329.8  25.59 106 5294 15120
Ch1:   63.44 24219.5  25.56 107 5270 15111
Ch1:   63.37 24136.8  25.59 108 5252 15096
Ch1:   63.31 24049.4  25.59 109 5233 15080
Ch1:   63.24 23998.9  25.62 110 5222 15064
Ch1:   63.20 23975.9  25.59 111 5217 15054
Ch1:   63.15 23851.8  25.59 112 5190 15043
Ch1:   63.10 23686.4  25.66 113 5154 15030
Ch1:   63.03 23626.6  25.62 114 5141 15013
Ch1:   62.97 23525.5  25.59 115 5119 15000
Ch1:   62.92 23419.8  25.62 116 5096 14987
Ch1:   62.87 23300.3  25.66 117 5070 14975
Ch1:   62.81 23309.5  25.66 118 5072 14962
Ch1:   62.75 23263.6  25.59 119 5062 14947
Ch1:   62.74 23125.7  25.62 120 5032 14944
Ch1:   62.61 23148.7  25.56 121 5037 14915
Ch1:   62.58 23047.6  25.59 122 5015 14908
Ch1:   62.57 22937.3  25.59 123 4991 14904
Ch1:   62.45 22960.3  25.62 124 4996 14877
Ch1:   62.41 22776.4  25.62 125 4956 14867
Ch1:   62.40 22684.5  25.59 126 4936 14863
Ch1:   62.24 22739.7  25.56 127 4948 14825
Ch1:   62.26 22532.9  25.59 128 4903 14831
Ch1:   62.16 22440.9  25.62 129 4883 14806
Ch1:   62.11 22395.0  25.69 130 4873 14795
Ch1:   62.03 22339.8  25.59 131 4861 14777
Ch1:   62.00 22298.5  25.62 132 4852 14769
Ch1:   61.92 22215.8  25.62 133 4834 14750
Ch1:   61.90 22091.7  25.59 134 4807 14746
Ch1:   61.81 22064.1  25.66 135 4801 14724
Ch1:   61.72 22036.5  25.62 136 4795 14703
Ch1:   61.70 21880.3  25.62 137 4761 14697
Ch1:   61.64 21857.3  25.62 138 4756 14683
Ch1:   61.56 21829.7  25.59 139 4750 14664
Ch1:   61.50 21747.0  25.59 140 4732 14649
Ch1:   61.45 21618.3  25.56 141 4704 14637
Ch1:   61.37 21526.4  25.62 142 4684 14619
Ch1:   61.34 21485.0  25.62 143 4675 14612
Ch1:   61.23 21374.7  25.62 144 4651 14586
Ch1:   61.14 21342.6  25.66 145 4644 14564
Ch1:   61.09 21181.7  25.62 146 4609 14552
Ch1:   61.07 21108.2  25.59 147 4593 14547
Ch1:   61.01 21099.0  25.62 148 4591 14534
Ch1:   60.93 21053.0  25.59 149 4581 14514
Ch1:   60.85 20942.7  25.62 150 4557 14494
Ch1:   60.85 20873.8  25.62 151 4542 14494
Ch1:   60.75 20883.0  25.62 152 4544 14470
Ch1:   60.70 20804.9  25.62 153 4527 14458
Ch1:   60.62 20708.4  25.59 154 4506 14439
Ch1:   60.56 20630.2  25.56 155 4489 14426
Ch1:   60.47 20607.2  25.59 156 4484 14405
Ch1:   60.41 20524.5  25.59 157 4466 14390
Ch1:   60.35 20437.2  25.62 158 4447 14375
Ch1:   60.28 20377.5  25.62 159 4434 14359
Ch1:   60.21 20345.3  25.59 160 4427 14343
Ch1:   60.15 20202.8  25.69 161 4396 14329
Ch1:   60.08 20179.8  25.62 162 4391 14311
Ch1:   60.03 20133.9  25.59 163 4381 14299
Ch1:   59.94 20019.0  25.59 164 4356 14278
Ch1:   59.89 19982.2  25.66 165 4348 14267
Ch1:   59.82 19968.4  25.62 166 4345 14249
Ch1:   59.77 19881.1  25.62 167 4326 14237
Ch1:   59.70 19757.0  25.62 168 4299 14221
Ch1:   59.64 19761.6  25.62 169 4300 14206
Ch1:   59.56 19701.9  25.59 170 4287 14187
Ch1:   59.49 19665.1  25.59 171 4279 14172
Ch1:   59.43 19605.4  25.59 172 4266 14156
Ch1:   59.38 19439.9  25.66 173 4230 14145
Ch1:   59.31 19439.9  25.69 174 4230 14127
Ch1:   59.23 19315.8  25.62 175 4203 14110
Ch1:   59.15 19292.9  25.62 176 4198 14090
Ch1:   59.10 19246.9  25.62 177 4188 14077
Ch1:   59.02 19187.2  25.62 178 4175 14059
Ch1:   58.94 19122.8  25.62 179 4161 14041
Ch1:   58.89 19035.5  25.59 180 4142 14029
Ch1:   58.81 19003.3  25.62 181 4135 14009
Ch1:   58.77 18916.0  25.59 182 4116 14000
Ch1:   58.69 18893.0  25.59 183 4111 13980
Ch1:   58.61 18759.8  25.62 184 4082 13962
Ch1:   58.54 18755.2  25.59 185 4081 13945
Ch1:   58.46 18681.6  25.62 186 4065 13926
Ch1:   58.43 18608.1  25.59 187 4049 13918
Ch1:   58.34 18548.4  25.56 188 4036 13896
Ch1:   58.27 18534.6  25.66 189 4033 13881
Ch1:   58.19 18447.3  25.59 190 4014 13862
Ch1:   58.13 18355.3  25.56 191 3994 13846
Ch1:   58.05 18346.1  25.66 192 3992 13827
Ch1:   58.00 18235.9  25.59 193 3968 13816
Ch1:   57.91 18208.3  25.59 194 3962 13795
Ch1:   57.84 18107.2  25.59 195 3940 13779
Ch1:   57.78 18056.6  25.62 196 3929 13764
Ch1:   57.72 18088.8  25.62 197 3936 13749
Ch1:   57.66 17941.7  25.62 198 3904 13736
Ch1:   57.59 17891.2  25.59 199 3893 13719
Ch1:   57.51 17859.0  25.59 200 3886 13700
Ch1:   57.44 17813.0  25.62 201 3876 13683
Ch1:   57.37 17776.3  25.62 202 3868 13667
Ch1:   57.30 17702.7  25.59 203 3852 13650
Ch1:   57.22 17670.6  25.59 204 3845 13630
Ch1:   57.14 17551.1  25.62 205 3819 13611
Ch1:   57.09 17500.5  25.59 206 3808 13598
Ch1:   56.99 17450.0  25.59 207 3797 13575
Ch1:   56.93 17385.6  25.62 208 3783 13561
Ch1:   56.84 17367.3  25.59 209 3779 13539
Ch1:   56.77 17261.6  25.66 210 3756 13523
Ch1:   56.69 17215.6  25.59 211 3746 13505
Ch1:   56.62 17155.9  25.66 212 3733 13488
Ch1:   56.56 17091.5  25.59 213 3719 13472
Ch1:   56.49 17059.3  25.62 214 3712 13457
Ch1:   56.42 17013.4  25.69 215 3702 13440
Ch1:   56.37 16949.0  25.59 216 3688 13428
Ch1:   56.29 16935.3  25.59 217 3685 13408
Ch1:   56.23 16861.7  25.59 218 3669 13394
Ch1:   56.16 16820.4  25.59 219 3660 13377
Ch1:   56.12 16756.0  25.62 220 3646 13367
Ch1:   56.01 16691.7  25.56 221 3632 13342
Ch1:   55.93 16595.2  25.69 222 3611 13324
Ch1:   55.85 16549.2  25.66 223 3601 13303
Ch1:   55.78 16507.9  25.66 224 3592 13288
Ch1:   55.72 16448.1  25.62 225 3579 13272
Ch1:   55.65 16397.6  25.59 226 3568 13257
Ch1:   55.57 16333.2  25.62 227 3554 13238
Ch1:   55.49 16301.0  25.56 228 3547 13219
Ch1:   55.43 16245.9  25.62 229 3535 13204
Ch1:   55.35 16199.9  25.66 230 3525 13185
Ch1:   55.27 16181.6  25.62 231 3521 13165
Ch1:   55.19 16112.6  25.62 232 3506 13147
Ch1:   55.11 16052.9  25.66 233 3493 13128
Ch1:   55.04 15988.5  25.62 234 3479 13110
Ch1:   54.96 15938.0  25.62 235 3468 13092
Ch1:   54.89 15882.8  25.59 236 3456 13075
Ch1:   54.80 15859.9  25.59 237 3451 13054
Ch1:   54.73 15804.7  25.66 238 3439 13038
Ch1:   54.67 15763.3  25.59 239 3430 13022
Ch1:   54.61 15722.0  25.59 240 3421 13008
Ch1:   54.54 15657.6  25.62 241 3407 12992
Ch1:   54.47 15616.3  25.62 242 3398 12974
Ch1:   54.39 15565.7  25.66 243 3387 12955
Ch1:   54.29 15515.2  25.69 244 3376 12933
Ch1:   54.22 15460.0  25.62 245 3364 12915
Ch1:   54.12 15414.1  25.62 246 3354 12891
Ch1:   54.05 15335.9  25.66 247 3337 12874
Ch1:   53.96 15308.4  25.66 248 3331 12853
Ch1:   53.88 15276.2  25.62 249 3324 12834
Ch1:   53.80 15234.8  25.59 250 3315 12815
Ch1:   53.72 15193.5  25.59 251 3306 12797
Ch1:   53.65 15156.7  25.69 252 3298 12780
Ch1:   53.57 15129.1  25.59 253 3292 12761
Ch1:   53.50 15087.8  25.59 254 3283 12743
Ch1:   53.45 15055.6  25.66 255 3276 12732
Ch1:   53.37 15037.2  25.66 256 3272 12713
Ch1:   53.29 14991.3  25.62 257 3262 12694
Ch1:   53.21 14968.3  25.66 258 3257 12674
Ch1:   53.12 14926.9  25.66 259 3248 12654
Ch1:   53.04 14899.4  25.69 260 3242 12635
Ch1:   52.95 14867.2  25.59 261 3235 12613
Ch1:   52.86 14839.6  25.59 262 3229 12592
Ch1:   52.77 14802.8  25.66 263 3221 12569
Ch1:   52.66 14784.5  25.59 264 3217 12545
Ch1:   52.56 14770.7  25.66 265 3214 12521
Ch1:   52.46 14756.9  25.59 266 3211 12496
Ch1:   52.34 14752.3  25.66 267 3210 12467
Ch1:   52.23 14747.7  25.62 268 3209 12442
Ch1:   52.13 14752.3  25.62 269 3210 12417
Ch1:   52.04 14747.7  25.62 270 3209 12396
Ch1:   51.94 14752.3  25.62 271 3210 12373
Ch1:   51.86 14752.3  25.66 272 3210 12353
Ch1:   51.76 14747.7  25.62 273 3209 12330
Ch1:   51.67 14743.1  25.62 274 3208 12307
Ch1:   51.57 14743.1  25.62 275 3208 12285
Ch1:   51.47 14733.9  25.66 276 3206 12261
Ch1:   51.37 14733.9  25.62 277 3206 12237
Ch1:   51.27 14738.5  25.62 278 3207 12212
Ch1:   51.17 14738.5  25.62 279 3207 12189
Ch1:   51.07 14733.9  25.62 280 3206 12165
Ch1:   50.96 14738.5  25.62 281 3207 12140
Ch1:   50.86 14738.5  25.59 282 3207 12115
Ch1:   50.75 14743.1  25.62 283 3208 12090
Ch1:   50.65 14738.5  25.62 284 3207 12065
Ch1:   50.54 14747.7  25.66 285 3209 12039
Ch1:   50.44 14747.7  25.69 286 3209 12014
Ch1:   50.33 14752.3  25.69 287 3210 11989
Ch1:   50.23 14747.7  25.66 288 3209 11965
Ch1:   50.12 14747.7  25.62 289 3209 11938
Ch1:   50.02 14747.7  25.62 290 3209 11914
Ch1:   49.92 14743.1  25.62 291 3208 11891
Ch1:   49.82 14738.5  25.59 292 3207 11868
Ch1:   49.73 14733.9  25.69 293 3206 11847
Ch1:   49.63 14733.9  25.66 294 3206 11823
Ch1:   49.54 14729.3  25.62 295 3205 11800
Ch1:   49.44 14733.9  25.59 296 3206 11776
Ch1:   49.35 14729.3  25.62 297 3205 11755
Ch1:   49.23 14729.3  25.59 298 3205 11727
Ch1:   49.11 14733.9  25.59 299 3206 11699
Ch1:   49.00 14733.9  25.59 300 3206 11672
Ch1:   48.89 14738.5  25.59 301 3207 11646
Ch1:   48.78 14743.1  25.59 302 3208 11620
Ch1:   48.68 14747.7  25.62 303 3209 11595
Ch1:   48.58 14752.3  25.62 304 3210 11572
Ch1:   48.48 14752.3  25.66 305 3210 11549
Ch1:   48.40 14756.9  25.62 306 3211 11528
Ch1:   48.31 14752.3  25.66 307 3210 11508
Ch1:   48.23 14747.7  25.66 308 3209 11488
Ch1:   48.13 14743.1  25.62 309 3208 11465
Ch1:   48.04 14747.7  25.62 310 3209 11443
Ch1:   47.93 14738.5  25.66 311 3207 11417
Ch1:   47.82 14729.3  25.59 312 3205 11391
Ch1:   47.70 14729.3  25.62 313 3205 11363
Ch1:   47.59 14733.9  25.62 314 3206 11337
Ch1:   47.49 14729.3  25.59 315 3205 11312
Ch1:   47.38 14733.9  25.66 316 3206 11286
Ch1:   47.28 14738.5  25.62 317 3207 11262
Ch1:   47.18 14738.5  25.66 318 3207 11238
Ch1:   47.08 14743.1  25.62 319 3208 11215
Ch1:   46.98 14743.1  25.66 320 3208 11192
Ch1:   46.88 14747.7  25.66 321 3209 11166
Ch1:   46.77 14752.3  25.69 322 3210 11141
Ch1:   46.67 14747.7  25.69 323 3209 11116
Ch1:   46.56 14747.7  25.62 324 3209 11091
Ch1:   46.46 14747.7  25.66 325 3209 11066
Ch1:   46.39 14720.1  25.59 326 3203 11050
Ch1:   46.35 14706.3  25.66 327 3200 11042
Ch1:   46.27 14697.1  25.66 328 3198 11021
Ch1:   46.17 14697.1  25.62 329 3198 10999
Ch1:   46.08 14683.4  25.62 330 3195 10977
Ch1:   45.99 14687.9  25.66 331 3196 10954
Ch1:   45.89 14683.4  25.62 332 3195 10932
Ch1:   45.80 14687.9  25.62 333 3196 10911
Ch1:   45.71 14687.9  25.62 334 3196 10889
Ch1:   45.62 14687.9  25.66 335 3196 10867
Ch1:   45.53 14692.5  25.62 336 3197 10845
Ch1:   45.42 14692.5  25.66 337 3197 10819
Ch1:   45.31 14692.5  25.62 338 3197 10793
Ch1:   45.20 14697.1  25.66 339 3198 10766
Ch1:   45.09 14697.1  25.69 340 3198 10740
Ch1:   44.97 14697.1  25.66 341 3198 10713
Ch1:   44.86 14697.1  25.69 342 3198 10687
Ch1:   44.76 14697.1  25.66 343 3198 10662
Ch1:   44.66 14692.5  25.59 344 3197 10639
Ch1:   44.56 14692.5  25.66 345 3197 10614
Ch1:   44.46 14683.4  25.66 346 3195 10590
Ch1:   44.36 14683.4  25.66 347 3195 10566
Ch1:   44.26 14683.4  25.72 348 3195 10543
Ch1:   44.16 14683.4  25.66 349 3195 10519
Ch1:   44.05 14678.8  25.62 350 3194 10493
Ch1:   43.95 14683.4  25.59 351 3195 10468
Ch1:   43.85 14687.9  25.69 352 3196 10445
Ch1:   43.75 14687.9  25.66 353 3196 10421
Ch1:   43.67 14674.2  25.62 354 3193 10403
Ch1:   43.62 14669.6  25.66 355 3192 10390
Ch1:   43.52 14674.2  25.62 356 3193 10366
Ch1:   43.42 14678.8  25.62 357 3194 10343
Ch1:   43.26 14701.7  25.66 358 3199 10304
Ch1:   43.13 14715.5  25.62 359 3202 10274
Ch1:   43.01 14710.9  25.66 360 3201 10245
Ch1:   42.91 14710.9  25.62 361 3201 10222
Ch1:   42.82 14701.7  25.62 362 3199 10200
Ch1:   42.73 14701.7  25.59 363 3199 10178
Ch1:   42.63 14706.3  25.62 364 3200 10154
Ch1:   42.52 14710.9  25.62 365 3201 10129
Ch1:   42.39 14715.5  25.62 366 3202 10098
Ch1:   42.27 14720.1  25.62 367 3203 10068
Ch1:   42.15 14724.7  25.62 368 3204 10040
Ch1:   42.04 14729.3  25.72 369 3205 10013
Ch1:   41.94 14729.3  25.62 370 3205 9990
Ch1:   41.90 14715.5  25.62 371 3202 9981
Ch1:   41.75 14724.7  25.72 372 3204 9944
Ch1:   41.62 14729.3  25.66 373 3205 9913
Ch1:   41.49 14733.9  25.62 374 3206 9884
Ch1:   41.38 14724.7  25.69 375 3204 9858
Ch1:   41.29 14724.7  25.59 376 3204 9835
Ch1:   41.19 14720.1  25.66 377 3203 9812
Ch1:   41.11 14724.7  25.66 378 3204 9793
Ch1:   41.02 14724.7  25.62 379 3204 9772
Ch1:   40.94 14724.7  25.66 380 3204 9751
Ch1:   40.81 14733.9  25.62 381 3206 9721
Ch1:   40.69 14733.9  25.62 382 3206 9693
Ch1:   40.58 14733.9  25.66 383 3206 9666
Ch1:   40.49 14733.9  25.66 384 3206 9645
Ch1:   40.36 14738.5  25.66 385 3207 9615
Ch1:   40.27 14733.9  25.66 386 3206 9592
Ch1:   40.18 14729.3  25.66 387 3205 9571
Ch1:   40.08 14733.9  25.66 388 3206 9548
Ch1:   39.99 14729.3  25.66 389 3205 9527
Ch1:   39.89 14733.9  25.69 390 3206 9503
Ch1:   39.81 14720.1  25.66 391 3203 9484
Ch1:   39.73 14720.1  25.62 392 3203 9463
Ch1:   39.60 14729.3  25.62 393 3205 9434
Ch1:   39.49 14729.3  25.66 394 3205 9406
Ch1:   39.37 14729.3  25.62 395 3205 9378
Ch1:   39.26 14733.9  25.66 396 3206 9352
Ch1:   39.15 14729.3  25.69 397 3205 9326
Ch1:   39.03 14743.1  25.62 398 3208 9296
Ch1:   38.93 14738.5  25.72 399 3207 9273
Ch1:   38.83 14738.5  25.66 400 3207 9250
Ch1:   38.74 14738.5  25.62 401 3207 9229
Ch1:   38.67 14738.5  25.62 402 3207 9211
Ch1:   38.56 14743.1  25.66 403 3208 9186
Ch1:   38.47 14738.5  25.62 404 3207 9164
Ch1:   38.37 14738.5  25.66 405 3207 9140
Ch1:   38.27 14729.3  25.66 406 3205 9116
Ch1:   38.18 14724.7  25.66 407 3204 9094
Ch1:   38.07 14729.3  25.66 408 3205 9069
Ch1:   37.97 14724.7  25.62 409 3204 9045
Ch1:   37.87 14724.7  25.66 410 3204 9020
Ch1:   37.76 14724.7  25.66 411 3204 8994
Ch1:   37.66 14729.3  25.62 412 3205 8970
Ch1:   37.55 14729.3  25.62 413 3205 8945
Ch1:   37.45 14729.3  25.66 414 3205 8921
Ch1:   37.35 14720.1  25.62 415 3203 8897
Ch1:   37.25 14724.7  25.62 416 3204 8873
Ch1:   37.14 14724.7  25.62 417 3204 8846
Ch1:   37.01 14729.3  25.69 418 3205 8817
Ch1:   36.90 14729.3  25.59 419 3205 8790
Ch1:   36.80 14720.1  25.69 420 3203 8765
Ch1:   36.72 14720.1  25.66 421 3203 8746
Ch1:   36.62 14720.1  25.62 422 3203 8723
Ch1:   36.53 14720.1  25.69 423 3203 8702
Ch1:   36.44 14724.7  25.62 424 3204 8680
Ch1:   36.34 14720.1  25.69 425 3203 8656
Ch1:   36.24 14720.1  25.62 426 3203 8633
Ch1:   36.15 14715.5  25.66 427 3202 8610
Ch1:   36.04 14715.5  25.62 428 3202 8585
Ch1:   35.94 14715.5  25.62 429 3202 8561
Ch1:   35.83 14715.5  25.69 430 3202 8536
Ch1:   35.73 14720.1  25.66 431 3203 8512
Ch1:   35.63 14720.1  25.69 432 3203 8488
Ch1:   35.52 14724.7  25.66 433 3204 8461
Ch1:   35.41 14720.1  25.62 434 3203 8435
Ch1:   35.28 14720.1  25.59 435 3203 8403
Ch1:   35.17 14720.1  25.62 436 3203 8378
Ch1:   35.07 14720.1  25.62 437 3203 8353
Ch1:   34.98 14720.1  25.66 438 3203 8332
Ch1:   34.88 14720.1  25.69 439 3203 8309
Ch1:   34.78 14720.1  25.69 440 3203 8286
Ch1:   34.69 14715.5  25.72 441 3202 8263
Ch1:   34.59 14715.5  25.69 442 3202 8239
Ch1:   34.50 14715.5  25.62 443 3202 8217
Ch1:   34.40 14710.9  25.59 444 3201 8195
Ch1:   34.30 14710.9  25.62 445 3201 8170
Ch1:   34.18 14710.9  25.69 446 3201 8141
Ch1:   34.07 14715.5  25.69 447 3202 8115
Ch1:   33.93 14720.1  25.69 448 3203 8082
Ch1:   33.82 14715.5  25.62 449 3202 8057
Ch1:   33.73 14715.5  25.62 450 3202 8034
Ch1:   33.63 14715.5  25.62 451 3202 8011
Ch1:   33.55 14715.5  25.66 452 3202 7991
Ch1:   33.47 14724.7  25.59 453 3204 7972
Ch1:   33.37 14724.7  25.72 454 3204 7948
Ch1:   33.27 14733.9  25.62 455 3206 7925
Ch1:   33.18 14724.7  25.66 456 3204 7904
Ch1:   33.08 14738.5  25.72 457 3207 7881
Ch1:   32.98 14738.5  25.69 458 3207 7855
Ch1:   32.86 14743.1  25.69 459 3208 7828
Ch1:   32.74 14743.1  25.62 460 3208 7799
Ch1:   32.61 14743.1  25.66 461 3208 7769
Ch1:   32.49 14743.1  25.62 462 3208 7739
Ch1:   32.40 14733.9  25.66 463 3206 7718
Ch1:   32.35 14724.7  25.62 464 3204 7705
Ch1:   32.25 14720.1  25.69 465 3203 7681
Ch1:   32.15 14715.5  25.66 466 3202 7658
Ch1:   32.06 14715.5  25.62 467 3202 7637
Ch1:   31.96 14715.5  25.66 468 3202 7614
Ch1:   31.87 14710.9  25.66 469 3201 7591
Ch1:   31.78 14706.3  25.62 470 3200 7570
Ch1:   31.70 14706.3  25.66 471 3200 7552
Ch1:   31.61 14697.1  25.62 472 3198 7530
Ch1:   31.51 14697.1  25.69 473 3198 7506
Ch1:   31.40 14701.7  25.62 474 3199 7480
Ch1:   31.29 14706.3  25.66 475 3200 7453
Ch1:   31.16 14710.9  25.66 476 3201 7423
Ch1:   31.05 14720.1  25.66 477 3203 7396
Ch1:   30.94 14724.7  25.62 478 3204 7370
Ch1:   30.83 14724.7  25.62 479 3204 7344
Ch1:   30.73 14729.3  25.62 480 3205 7321
Ch1:   30.64 14715.5  25.62 481 3202 7298
Ch1:   30.56 14720.1  25.62 482 3203 7279
Ch1:   30.47 14720.1  25.72 483 3203 7258
Ch1:   30.36 14733.9  25.66 484 3206 7233
Ch1:   30.22 14738.5  25.66 485 3207 7198
Ch1:   30.10 14738.5  25.62 486 3207 7169
Ch1:   29.99 14733.9  25.72 487 3206 7143
Ch1:   29.88 14738.5  25.62 488 3207 7117
Ch1:   29.77 14738.5  25.69 489 3207 7091
Ch1:   29.68 14733.9  25.69 490 3206 7071
Ch1:   29.56 14733.9  25.66 491 3206 7042
Ch1:   29.45 14729.3  25.66 492 3205 7014
Ch1:   29.33 14729.3  25.62 493 3205 6987
Ch1:   29.22 14724.7  25.62 494 3204 6961
Ch1:   29.17 14720.1  25.69 495 3203 6949
Ch1:   29.11 14710.9  25.66 496 3201 6934
Ch1:   28.97 14710.9  25.69 497 3201 6902
Ch1:   28.86 14715.5  25.66 498 3202 6874
Ch1:   28.75 14720.1  25.66 499 3203 6848
Ch1:   28.67 14710.9  25.69 500 3201 6830
Ch1:   28.62 14710.9  25.69 501 3201 6817
Ch1:   28.53 14710.9  25.72 502 3201 6795
Ch1:   28.38 14724.7  25.66 503 3204 6761
Ch1:   28.28 14720.1  25.62 504 3203 6737
Ch1:   28.19 14724.7  25.66 505 3204 6714
Ch1:   28.10 14720.1  25.66 506 3203 6694
Ch1:   27.99 14715.5  25.66 507 3202 6668
Ch1:   27.89 14715.5  25.66 508 3202 6643
Ch1:   27.79 14710.9  25.66 509 3201 6620
Ch1:   27.67 14710.9  25.66 510 3201 6591
Ch1:   27.56 14710.9  25.62 511 3201 6564
Ch1:   27.45 14710.9  25.62 512 3201 6539
Ch1:   27.36 14710.9  25.62 513 3201 6517
Ch1:   27.24 14720.1  25.69 514 3203 6489
Ch1:   27.13 14724.7  25.69 515 3204 6463
Ch1:   27.03 14729.3  25.62 516 3205 6438
Ch1:   26.93 14738.5  25.66 517 3207 6415
Ch1:   26.83 14733.9  25.69 518 3206 6391
Ch1:   26.73 14724.7  25.69 519 3204 6367
Ch1:   26.64 14724.7  25.69 520 3204 6345
Ch1:   26.59 14692.5  25.66 521 3197 6335
Ch1:   26.50 14706.3  25.66 522 3200 6313
Ch1:   26.35 14710.9  25.69 523 3201 6276
Ch1:   26.21 14710.9  25.62 524 3201 6243
Ch1:   26.07 14724.7  25.69 525 3204 6211
Ch1:   25.96 14715.5  25.62 526 3202 6183
Ch1:   25.87 14710.9  25.66 527 3201 6162
Ch1:   25.77 14720.1  25.66 528 3203 6138
Ch1:   25.64 14724.7  25.66 529 3204 6108
Ch1:   25.55 14720.1  25.66 530 3203 6085
Ch1:   25.44 14720.1  25.62 531 3203 6061
Ch1:   25.33 14724.7  25.62 532 3204 6034
Ch1:   25.25 14720.1  25.66 533 3203 6014
Ch1:   25.15 14715.5  25.62 534 3202 5992
Ch1:   25.02 14729.3  25.69 535 3205 5961
Ch1:   24.91 14724.7  25.66 536 3204 5934
Ch1:   24.80 14733.9  25.62 537 3206 5908
Ch1:   24.71 14738.5  25.62 538 3207 5885
Ch1:   24.63 14733.9  25.62 539 3206 5867
Ch1:   24.56 14729.3  25.62 540 3205 5851
Ch1:   24.49 14724.7  25.62 541 3204 5834
Ch1:   24.37 14729.3  25.69 542 3205 5806
Ch1:   24.31 14733.9  25.62 543 3206 5790
Ch1:   24.16 14733.9  25.69 544 3206 5756
Ch1:   24.04 14733.9  25.62 545 3206 5726
Ch1:   23.92 14738.5  25.62 546 3207 5697
Ch1:   23.80 14743.1  25.66 547 3208 5669
Ch1:   23.69 14743.1  25.62 548 3208 5644
Ch1:   23.59 14738.5  25.66 549 3207 5619
Ch1:   23.49 14738.5  25.62 550 3207 5595
Ch1:   23.40 14729.3  25.62 551 3205 5573
Ch1:   23.38 14729.3  25.66 552 3205 5569
Ch1:   23.36 14715.5  25.72 553 3202 5565
Ch1:   23.22 14724.7  25.69 554 3204 5532
Ch1:   23.10 14733.9  25.66 555 3206 5502
Ch1:   22.99 14724.7  25.66 556 3204 5476
Ch1:   22.87 14720.1  25.62 557 3203 5448
Ch1:   22.75 14715.5  25.69 558 3202 5420
Ch1:   22.64 14715.5  25.62 559 3202 5393
Ch1:   22.51 14720.1  25.69 560 3203 5362
Ch1:   22.38 14724.7  25.62 561 3204 5330
Ch1:   22.26 14729.3  25.75 562 3205 5303
Ch1:   22.16 14724.7  25.66 563 3204 5278
Ch1:   22.06 14733.9  25.69 564 3206 5254
Ch1:   21.96 14738.5  25.62 565 3207 5230
Ch1:   21.86 14743.1  25.66 566 3208 5207
Ch1:   21.77 14747.7  25.62 567 3209 5185
Ch1:   21.67 14743.1  25.66 568 3208 5163
Ch1:   21.58 14747.7  25.69 569 3209 5140
Ch1:   21.48 14743.1  25.62 570 3208 5116
Ch1:   21.37 14738.5  25.66 571 3207 5090
Ch1:   21.26 14738.5  25.66 572 3207 5064
Ch1:   21.16 14733.9  25.72 573 3206 5040
Ch1:   21.06 14733.9  25.62 574 3206 5017
Ch1:   21.02 14724.7  25.62 575 3204 5006
Ch1:   20.93 14720.1  25.69 576 3203 4985
Ch1:   20.82 14720.1  25.59 577 3203 4959
Ch1:   20.71 14720.1  25.62 578 3203 4933
Ch1:   20.61 14710.9  25.62 579 3201 4909
Ch1:   20.51 14720.1  25.62 580 3203 4885
Ch1:   20.40 14720.1  25.72 581 3203 4859
Ch1:   20.29 14729.3  25.66 582 3205 4834
Ch1:   20.19 14729.3  25.62 583 3205 4809
Ch1:   20.08 14733.9  25.66 584 3206 4784
Ch1:   19.98 14733.9  25.66 585 3206 4760
Ch1:   19.88 14733.9  25.66 586 3206 4736
Ch1:   19.82 14729.3  25.66 587 3205 4721
Ch1:   19.70 14720.1  25.62 588 3203 4693
Ch1:   19.59 14715.5  25.66 589 3202 4667
Ch1:   19.49 14715.5  25.62 590 3202 4642
Ch1:   19.38 14715.5  25.62 591 3202 4616
Ch1:   19.28 14710.9  25.62 592 3201 4592
Ch1:   19.17 14715.5  25.66 593 3202 4567
Ch1:   19.11 14710.9  25.66 594 3201 4553
Ch1:   19.00 14715.5  25.66 595 3202 4527
Ch1:   18.85 14733.9  25.66 596 3206 4491
Ch1:   18.72 14733.9  25.62 597 3206 4459
Ch1:   18.62 14733.9  25.66 598 3206 4435
Ch1:   18.52 14729.3  25.66 599 3205 4411
Ch1:   18.40 14729.3  25.62 600 3205 4384
Ch1:   18.29 14729.3  25.69 601 3205 4357
Ch1:   18.19 14724.7  25.69 602 3204 4332
Ch1:   18.07 14729.3  25.69 603 3205 4305
Ch1:   17.98 14724.7  25.62 604 3204 4282
Ch1:   18.00 14701.7  25.62 605 3199 4287
Ch1:   17.98 14692.5  25.62 606 3197 4282
Ch1:   17.85 14692.5  25.66 607 3197 4251
Ch1:   17.70 14701.7  25.66 608 3199 4216
Ch1:   17.60 14697.1  25.72 609 3198 4192
Ch1:   17.46 14710.9  25.66 610 3201 4160
Ch1:   17.37 14706.3  25.62 611 3200 4138
Ch1:   17.29 14701.7  25.66 612 3199 4119
Ch1:   17.20 14701.7  25.66 613 3199 4097
Ch1:   17.06 14715.5  25.62 614 3202 4063
Ch1:   16.93 14724.7  25.62 615 3204 4032
Ch1:   16.81 14729.3  25.66 616 3205 4005
Ch1:   16.75 14724.7  25.62 617 3204 3990
Ch1:   16.63 14724.7  25.62 618 3204 3962
Ch1:   16.54 14729.3  25.66 619 3205 3940
Ch1:   16.45 14724.7  25.66 620 3204 3918
Ch1:   16.33 14720.1  25.62 621 3203 3889
Ch1:   16.21 14724.7  25.59 622 3204 3862
Ch1:   16.12 14720.1  25.66 623 3203 3840
Ch1:   16.01 14720.1  25.66 624 3203 3814
Ch1:   15.91 14710.9  25.66 625 3201 3790
Ch1:   15.79 14706.3  25.66 626 3200 3762
Ch1:   15.69 14715.5  25.62 627 3202 3738
Ch1:   15.59 14720.1  25.66 628 3203 3713
Ch1:   15.48 14720.1  25.66 629 3203 3687
Ch1:   15.38 14729.3  25.66 630 3205 3663
Ch1:   15.28 14733.9  25.69 631 3206 3640
Ch1:   15.21 14729.3  25.69 632 3205 3622
Ch1:   15.12 14729.3  25.66 633 3205 3601
Ch1:   15.02 14729.3  25.66 634 3205 3579
Ch1:   14.92 14729.3  25.62 635 3205 3555
Ch1:   14.81 14733.9  25.69 636 3206 3527
Ch1:   14.67 14738.5  25.62 637 3207 3494
Ch1:   14.55 14738.5  25.66 638 3207 3466
Ch1:   14.45 14724.7  25.62 639 3204 3442
Ch1:   14.42 14710.9  25.62 640 3201 3434
Ch1:   14.41 14701.7  25.62 641 3199 3433
Ch1:   14.34 14692.5  25.66 642 3197 3417
Ch1:   14.24 14687.9  25.62 643 3196 3391
Ch1:   14.15 14687.9  25.66 644 3196 3370
Ch1:   14.06 14687.9  25.62 645 3196 3348
Ch1:   13.97 14687.9  25.69 646 3196 3328
Ch1:   13.89 14687.9  25.62 647 3196 3308
Ch1:   13.80 14683.4  25.62 648 3195 3288
Ch1:   13.69 14701.7  25.69 649 3199 3261
Ch1:   13.51 14669.6  25.62 650 3192 3219
Ch1:   13.44 14706.3  25.62 651 3200 3202
Ch1:   13.25 14701.7  25.62 652 3199 3157
Ch1:   13.10 14706.3  25.72 653 3200 3120
Ch1:   13.00 14697.1  25.66 654 3198 3097
Ch1:   12.94 14697.1  25.66 655 3198 3082
Ch1:   12.83 14692.5  25.66 656 3197 3055
Ch1:   12.72 14692.5  25.66 657 3197 3029
Ch1:   12.61 14701.7  25.62 658 3199 3004
Ch1:   12.51 14701.7  25.72 659 3199 2980
Ch1:   12.42 14701.7  25.59 660 3199 2958
Ch1:   12.32 14706.3  25.69 661 3200 2935
Ch1:   12.22 14706.3  25.66 662 3200 2912
Ch1:   12.14 14710.9  25.62 663 3201 2891
Ch1:   12.03 14710.9  25.66 664 3201 2866
Ch1:   11.92 14706.3  25.62 665 3200 2839
Ch1:   11.81 14710.9  25.62 666 3201 2814
Ch1:   11.71 14715.5  25.66 667 3202 2789
Ch1:   11.59 14720.1  25.59 668 3203 2761
Ch1:   11.45 14729.3  25.62 669 3205 2727
Ch1:   11.31 14724.7  25.66 670 3204 2694
Ch1:   11.23 14729.3  25.62 671 3205 2674
Ch1:   11.15 14729.3  25.66 672 3205 2657
Ch1:   11.02 14733.9  25.59 673 3206 2624
Ch1:   10.89 14743.1  25.62 674 3208 2593
Ch1:   10.80 14743.1  25.66 675 3208 2573
Ch1:   10.72 14738.5  25.69 676 3207 2554
Ch1:   10.62 14733.9  25.66 677 3206 2529
Ch1:   10.49 14729.3  25.62 678 3205 2499
Ch1:   10.37 14729.3  25.62 679 3205 2471
Ch1:   10.25 14729.3  25.66 680 3205 2442
Ch1:   10.13 14724.7  25.62 681 3204 2414
Ch1:   10.02 14738.5  25.62 682 3207 2388
Ch1:    9.92 14733.9  25.62 683 3206 2362
Ch1:    9.81 14733.9  25.66 684 3206 2337
Ch1:    9.74 14733.9  25.62 685 3206 2321
Ch1:    9.69 14720.1  25.66 686 3203 2309
Ch1:    9.64 14720.1  25.62 687 3203 2297
Ch1:    9.54 14715.5  25.62 688 3202 2272
Ch1:    9.40 14710.9  25.62 689 3201 2238
Ch1:    9.27 14720.1  25.62 690 3203 2207
Ch1:    9.14 14724.7  25.62 691 3204 2178
Ch1:    9.03 14720.1  25.59 692 3203 2151
Ch1:    8.92 14724.7  25.72 693 3204 2124
Ch1:    8.80 14738.5  25.62 694 3207 2096
Ch1:    8.72 14729.3  25.66 695 3205 2077
Ch1:    8.72 14715.5  25.62 696 3202 2076
Ch1:    8.66 14706.3  25.66 697 3200 2062
Ch1:    8.59 14697.1  25.59 698 3198 2045
Ch1:    8.49 14706.3  25.62 699 3200 2023
Ch1:    8.35 14701.7  25.66 700 3199 1990
Ch1:    8.26 14706.3  25.62 701 3200 1968
Ch1:    8.17 14701.7  25.66 702 3199 1946
Ch1:    8.06 14706.3  25.62 703 3200 1920
Ch1:    7.92 14715.5  25.62 704 3202 1887
Ch1:    7.77 14724.7  25.62 705 3204 1850
Ch1:    7.63 14729.3  25.66 706 3205 1818
Ch1:    7.51 14738.5  25.66 707 3207 1789
Ch1:    7.39 14743.1  25.66 708 3208 1761
Ch1:    7.28 14743.1  25.62 709 3208 1734
Ch1:    7.17 14747.7  25.66 710 3209 1709
Ch1:    7.11 14761.5  25.66 711 3212 1693
Ch1:    7.09 14766.1  25.62 712 3213 1688
Ch1:    7.08 14770.7  25.66 713 3214 1686
Ch1:    7.07 14766.1  25.62 714 3213 1685
Ch1:    7.07 14766.1  25.66 715 3213 1684
Ch1:    7.07 14761.5  25.62 716 3212 1684
Ch1:    7.07 14761.5  25.62 717 3212 1683
Ch1:    7.07 14756.9  25.62 718 3211 1683
Ch1:    7.07 14756.9  25.66 719 3211 1683
Ch1:    7.07 14752.3  25.69 720 3210 1683
Ch1:    7.07 14756.9  25.62 721 3211 1684
Ch1:    7.07 14756.9  25.69 722 3211 1684
Ch1:    7.07 14761.5  25.62 723 3212 1684
Ch1:    7.07 14770.7  25.62 724 3214 1684
Ch1:    7.07 14770.7  25.66 725 3214 1684
Ch1:    7.07 14775.3  25.66 726 3215 1684
Ch1:    7.07 14770.7  25.66 727 3214 1684
Ch1:    7.07 14775.3  25.62 728 3215 1685
Ch1:    7.07 14775.3  25.72 729 3215 1684
Ch1:    7.07 14770.7  25.62 730 3214 1685
Ch1:    7.07 14770.7  25.62 731 3214 1685
Ch1:    7.08 14766.1  25.72 732 3213 1686
Ch1:    7.08 14766.1  25.62 733 3213 1687
Ch1:    7.08 14761.5  25.62 734 3212 1687
Ch1:    7.08 14756.9  25.66 735 3211 1687
Ch1:    7.08 14756.9  25.69 736 3211 1687
Ch1:    7.08 14756.9  25.62 737 3211 1687
Ch1:    7.09 14756.9  25.62 738 3211 1688
Ch1:    7.09 14756.9  25.62 739 3211 1688
Ch1:    7.09 14766.1  25.66 740 3213 1689
Ch1:    7.10 14761.5  25.62 741 3212 1691
Ch1:    7.10 14770.7  25.62 742 3214 1691
Ch1:    7.10 14770.7  25.66 743 3214 1692
Ch1:    7.11 14770.7  25.66 744 3214 1693
Ch1:    7.11 14779.9  25.66 745 3216 1693
Ch1:    7.11 14770.7  25.62 746 3214 1693
Ch1:    7.11 14770.7  25.62 747 3214 1693
Ch1:    7.11 14775.3  25.62 748 3215 1693
Ch1:    7.11 14775.3  25.66 749 3215 1694
Ch1:    7.11 14761.5  25.66 750 3212 1694
Ch1:    7.11 14747.7  25.66 751 3209 1694
Ch1:    7.11 14724.7  25.62 752 3204 1694
Ch1:    7.12 14743.1  25.62 753 3208 1696
Ch1:    7.12 14766.1  25.59 754 3213 1697
Ch1:    7.12 14752.3  25.66 755 3210 1697
Ch1:    7.13 14770.7  25.62 756 3214 1698
Ch1:    7.13 14770.7  25.66 757 3214 1698
Ch1:    7.13 14761.5  25.66 758 3212 1698
Ch1:    7.13 14756.9  25.66 759 3211 1699
Ch1:    7.13 14756.9  25.66 760 3211 1699
Ch1:    7.14 14756.9  25.66 761 3211 1700
Ch1:    7.14 14756.9  25.59 762 3211 1701
Ch1:    7.15 14747.7  25.66 763 3209 1702
Ch1:    7.14 14697.1  25.59 764 3198 1701
Ch1:    7.15 14743.1  25.66 765 3208 1703
Ch1:    7.15 14720.1  25.62 766 3203 1703
Ch1:    7.15 14720.1  25.66 767 3203 1704
Ch1:    7.15 14720.1  25.62 768 3203 1704
Ch1:    7.15 14715.5  25.62 769 3202 1704
Ch1:    7.16 14733.9  25.59 770 3206 1705
Ch1:    7.16 14738.5  25.69 771 3207 1705
Ch1:    7.16 14747.7  25.62 772 3209 1706
Ch1:    7.16 14747.7  25.62 773 3209 1706
Ch1:    7.17 14756.9  25.66 774 3211 1707
Ch1:    7.17 14729.3  25.59 775 3205 1707
Ch1:    7.17 14747.7  25.66 776 3209 1708
Ch1:    7.18 14747.7  25.66 777 3209 1710
Ch1:    7.18 14738.5  25.62 778 3207 1710
Ch1:    7.18 14761.5  25.62 779 3212 1711
Ch1:    7.19 14761.5  25.62 780 3212 1712
Ch1:    7.19 14761.5  25.62 781 3212 1712
Ch1:    7.19 14752.3  25.62 782 3210 1713
Ch1:    7.19 14752.3  25.66 783 3210 1713
Ch1:    7.19 14738.5  25.66 784 3207 1713
Ch1:    7.20 14747.7  25.62 785 3209 1714
Ch1:    7.20 14747.7  25.62 786 3209 1715
Ch1:    7.20 14743.1  25.66 787 3208 1716
Ch1:    7.20 14720.1  25.66 788 3203 1716
Ch1:    7.21 14733.9  25.69 789 3206 1717
Ch1:    7.21 14729.3  25.66 790 3205 1717
Ch1:    7.21 14743.1  25.62 791 3208 1718
Ch1:    7.21 14743.1  25.62 792 3208 1718
Ch1:    7.22 14752.3  25.69 793 3210 1719
Ch1:    7.22 14747.7  25.62 794 3209 1719
Ch1:    7.22 14752.3  25.62 795 3210 1720
Ch1:    7.22 14756.9  25.66 796 3211 1721
Ch1:    7.23 14761.5  25.59 797 3212 1722
Ch1:    7.23 14761.5  25.62 798 3212 1722
Ch1:    7.24 14756.9  25.66 799 3211 1724
Ch1:    7.24 14743.1  25.59 800 3208 1724
Ch1:    7.24 14747.7  25.69 801 3209 1725
Ch1:    7.25 14733.9  25.62 802 3206 1726
Ch1:    7.25 14743.1  25.69 803 3208 1726
Ch1:    7.25 14743.1  25.62 804 3208 1727
Ch1:    7.25 14733.9  25.62 805 3206 1727
Ch1:    7.25 14733.9  25.62 806 3206 1727
Ch1:    7.25 14729.3  25.66 807 3205 1727
Ch1:    7.26 14752.3  25.62 808 3210 1729
Ch1:    7.26 14756.9  25.62 809 3211 1730
Ch1:    7.27 14756.9  25.62 810 3211 1731
Ch1:    7.27 14752.3  25.69 811 3210 1731
Ch1:    7.27 14770.7  25.66 812 3214 1732
Ch1:    7.27 14766.1  25.66 813 3213 1732
Ch1:    7.28 14761.5  25.62 814 3212 1733
Ch1:    7.28 14756.9  25.69 815 3211 1734
Ch1:    7.28 14756.9  25.66 816 3211 1734
Ch1:    7.28 14756.9  25.72 817 3211 1735
Ch1:    7.29 14752.3  25.69 818 3210 1736
Ch1:    7.29 14752.3  25.66 819 3210 1737
Ch1:    7.30 14756.9  25.62 820 3211 1738
Ch1:    7.30 14756.9  25.62 821 3211 1739
Ch1:    7.30 14752.3  25.62 822 3210 1740
Ch1:    7.30 14756.9  25.66 823 3211 1740
Ch1:    7.31 14756.9  25.69 824 3211 1741
Ch1:    7.31 14761.5  25.62 825 3212 1741
Ch1:    7.31 14766.1  25.59 826 3213 1742
Ch1:    7.31 14770.7  25.66 827 3214 1742
Ch1:    7.32 14770.7  25.66 828 3214 1743
Ch1:    7.32 14770.7  25.66 829 3214 1743
Ch1:    7.32 14770.7  25.66 830 3214 1743
Ch1:    7.32 14770.7  25.69 831 3214 1744
Ch1:    7.33 14766.1  25.66 832 3213 1745
Ch1:    7.33 14743.1  25.66 833 3208 1745
Ch1:    7.33 14752.3  25.72 834 3210 1745
Ch1:    7.33 14743.1  25.69 835 3208 1746
Ch1:    7.33 14724.7  25.66 836 3204 1746
Ch1:    7.33 14724.7  25.66 837 3204 1747
Ch1:    7.34 14738.5  25.66 838 3207 1748
Ch1:    7.34 14733.9  25.62 839 3206 1748
Ch1:    7.34 14743.1  25.66 840 3208 1749
Ch1:    7.35 14747.7  25.62 841 3209 1751
Ch1:    7.35 14756.9  25.66 842 3211 1752
Ch1:    7.35 14752.3  25.62 843 3210 1752
Ch1:    7.36 14761.5  25.66 844 3212 1753
Ch1:    7.36 14752.3  25.72 845 3210 1753
Ch1:    7.36 14747.7  25.69 846 3209 1754
Ch1:    7.37 14752.3  25.69 847 3210 1755
Ch1:    7.37 14756.9  25.62 848 3211 1756
Ch1:    7.37 14752.3  25.62 849 3210 1756
Ch1:    7.38 14747.7  25.66 850 3209 1757
Ch1:    7.38 14752.3  25.62 851 3210 1758
Ch1:    7.38 14756.9  25.66 852 3211 1759
Ch1:    7.39 14752.3  25.69 853 3210 1760
Ch1:    7.39 14761.5  25.62 854 3212 1760
Ch1:    7.39 14756.9  25.62 855 3211 1761
Ch1:    7.40 14761.5  25.72 856 3212 1762
Ch1:    7.40 14766.1  25.72 857 3213 1762
Ch1:    7.40 14766.1  25.66 858 3213 1763
Ch1:    7.41 14766.1  25.62 859 3213 1764
Ch1:    7.41 14770.7  25.66 860 3214 1764
Ch1:    7.41 14766.1  25.66 861 3213 1765
Ch1:    7.41 14761.5  25.66 862 3212 1765
Ch1:    7.41 14761.5  25.66 863 3212 1766
Ch1:    7.42 14756.9  25.66 864 3211 1767
Ch1:    7.42 14756.9  25.72 865 3211 1767
Ch1:    7.42 14756.9  25.66 866 3211 1768
Ch1:    7.43 14752.3  25.62 867 3210 1769
Ch1:    7.43 14752.3  25.66 868 3210 1769
Ch1:    7.43 14747.7  25.66 869 3209 1770
Ch1:    7.43 14747.7  25.66 870 3209 1771
Ch1:    7.43 14752.3  25.72 871 3210 1771
Ch1:    7.44 14752.3  25.66 872 3210 1772
Ch1:    7.44 14756.9  25.62 873 3211 1773
Ch1:    7.45 14756.9  25.62 874 3211 1774
Ch1:    7.45 14761.5  25.66 875 3212 1775
Ch1:    7.46 14761.5  25.66 876 3212 1776
Ch1:    7.46 14761.5  25.62 877 3212 1776
Ch1:    7.46 14766.1  25.66 878 3213 1777
Ch1:    7.46 14766.1  25.69 879 3213 1777
Ch1:    7.46 14766.1  25.66 880 3213 1777
Ch1:    7.46 14766.1  25.62 881 3213 1778
Ch1:    7.47 14761.5  25.62 882 3212 1779
Ch1:    7.47 14766.1  25.66 883 3213 1780
Ch1:    7.48 14766.1  25.72 884 3213 1781
Ch1:    7.48 14756.9  25.66 885 3211 1782
Ch1:    7.49 14752.3  25.66 886 3210 1783
Ch1:    7.49 14747.7  25.75 887 3209 1784
Ch1:    7.49 14747.7  25.69 888 3209 1784
Ch1:    7.49 14747.7  25.72 889 3209 1785
Ch1:    7.49 14743.1  25.72 890 3208 1785
Ch1:    7.49 14747.7  25.66 891 3209 1785
Ch1:    7.49 14752.3  25.69 892 3210 1785
Ch1:    7.50 14756.9  25.66 893 3211 1786
Ch1:    7.50 14756.9  25.66 894 3211 1787
Ch1:    7.51 14761.5  25.66 895 3212 1788
Ch1:    7.51 14766.1  25.72 896 3213 1789
Ch1:    7.51 14756.9  25.69 897 3211 1790
Ch1:    7.52 14766.1  25.69 898 3213 1791
Ch1:    7.52 14766.1  25.66 899 3213 1792
Ch1:    7.53 14761.5  25.72 900 3212 1793
Ch1:    7.53 14761.5  25.69 901 3212 1793
Ch1:    7.53 14756.9  25.62 902 3211 1794
Ch1:    7.54 14752.3  25.66 903 3210 1795
Ch1:    7.54 14747.7  25.69 904 3209 1795
Ch1:    7.54 14743.1  25.72 905 3208 1796
Ch1:    7.54 14752.3  25.66 906 3210 1796
Ch1:    7.54 14743.1  25.69 907 3208 1796
Ch1:    7.54 14743.1  25.69 908 3208 1797
Ch1:    7.55 14747.7  25.66 909 3209 1798
Ch1:    7.55 14752.3  25.62 910 3210 1798
Ch1:    7.55 14752.3  25.69 911 3210 1799
Ch1:    7.55 14747.7  25.66 912 3209 1799
Ch1:    7.56 14756.9  25.62 913 3211 1800
Ch1:    7.56 14756.9  25.72 914 3211 1801
Ch1:    7.56 14752.3  25.62 915 3210 1802
Ch1:    7.57 14756.9  25.66 916 3211 1803
Ch1:    7.57 14766.1  25.66 917 3213 1804
Ch1:    7.58 14766.1  25.66 918 3213 1805
Ch1:    7.58 14766.1  25.69 919 3213 1805
Ch1:    7.58 14761.5  25.66 920 3212 1806
Ch1:    7.59 14761.5  25.66 921 3212 1807
Ch1:    7.59 14756.9  25.66 922 3211 1808
Ch1:    7.59 14752.3  25.66 923 3210 1808
Ch1:    7.59 14752.3  25.69 924 3210 1809
Ch1:    7.60 14752.3  25.66 925 3210 1810
Ch1:    7.60 14747.7  25.66 926 3209 1811
Ch1:    7.60 14747.7  25.66 927 3209 1811
Ch1:    7.60 14724.7  25.66 928 3204 1810
Ch1:    7.61 14747.7  25.66 929 3209 1812
Ch1:    7.61 14747.7  25.69 930 3209 1813
Ch1:    7.62 14752.3  25.72 931 3210 1814
Ch1:    7.62 14747.7  25.62 932 3209 1814
Ch1:    7.62 14743.1  25.66 933 3208 1815
Ch1:    7.62 14743.1  25.69 934 3208 1816
Ch1:    7.62 14738.5  25.62 935 3207 1816
Ch1:    7.63 14733.9  25.69 936 3206 1817
Ch1:    7.63 14729.3  25.62 937 3205 1817
Ch1:    7.63 14733.9  25.69 938 3206 1818
Ch1:    7.64 14733.9  25.66 939 3206 1819
Ch1:    7.64 14747.7  25.62 940 3209 1820
Ch1:    7.64 14738.5  25.72 941 3207 1821
Ch1:    7.65 14747.7  25.66 942 3209 1822
Ch1:    7.65 14752.3  25.69 943 3210 1823
Ch1:    7.65 14747.7  25.69 944 3209 1823
Ch1:    7.66 14747.7  25.62 945 3209 1824
Ch1:    7.66 14743.1  25.62 946 3208 1825
Ch1:    7.66 14738.5  25.66 947 3207 1825
Ch1:    7.67 14729.3  25.66 948 3205 1826
Ch1:    7.67 14729.3  25.66 949 3205 1826
Ch1:    7.67 14733.9  25.66 950 3206 1828
Ch1:    7.67 14729.3  25.62 951 3205 1828
Ch1:    7.68 14743.1  25.69 952 3208 1829
Ch1:    7.68 14743.1  25.69 953 3208 1830
Ch1:    7.69 14743.1  25.66 954 3208 1831
Ch1:    7.69 14756.9  25.66 955 3211 1831
Ch1:    7.70 14761.5  25.66 956 3212 1833
Ch1:    7.70 14752.3  25.69 957 3210 1833
Ch1:    7.70 14752.3  25.66 958 3210 1834
Ch1:    7.70 14756.9  25.66 959 3211 1835
Ch1:    7.71 14752.3  25.66 960 3210 1836
Ch1:    7.71 14747.7  25.69 961 3209 1837
Ch1:    7.71 14743.1  25.69 962 3208 1837
Ch1:    7.72 14747.7  25.66 963 3209 1838
Ch1:    7.72 14743.1  25.66 964 3208 1839
Ch1:    7.72 14743.1  25.66 965 3208 1840
Ch1:    7.72 14743.1  25.66 966 3208 1840
Ch1:    7.73 14752.3  25.66 967 3210 1841
Ch1:    7.73 14756.9  25.62 968 3211 1842
Ch1:    7.74 14756.9  25.69 969 3211 1843
Ch1:    7.74 14752.3  25.69 970 3210 1843
Ch1:    7.74 14761.5  25.62 971 3212 1844
Ch1:    7.75 14761.5  25.75 972 3212 1845
Ch1:    7.75 14756.9  25.69 973 3211 1845
Ch1:    7.75 14756.9  25.66 974 3211 1846
Ch1:    7.75 14756.9  25.69 975 3211 1846
Ch1:    7.75 14752.3  25.66 976 3210 1847
Ch1:    7.76 14747.7  25.66 977 3209 1848
Ch1:    7.76 14752.3  25.72 978 3210 1849
Ch1:    7.77 14752.3  25.66 979 3210 1850
Ch1:    7.77 14747.7  25.66 980 3209 1851
Ch1:    7.77 14743.1  25.69 981 3208 1851
Ch1:    7.77 14743.1  25.62 982 3208 1852
Ch1:    7.78 14738.5  25.66 983 3207 1853
Ch1:    7.78 14733.9  25.66 984 3206 1853
Ch1:    7.78 14733.9  25.66 985 3206 1854
Ch1:    7.79 14738.5  25.59 986 3207 1855
Ch1:    7.79 14738.5  25.75 987 3207 1856
Ch1:    7.79 14747.7  25.66 988 3209 1856
Ch1:    7.80 14747.7  25.66 989 3209 1857
Ch1:    7.80 14747.7  25.66 990 3209 1858
Ch1:    7.80 14752.3  25.62 991 3210 1859
Ch1:    7.81 14752.3  25.69 992 3210 1860
Ch1:    7.81 14756.9  25.66 993 3211 1861
Ch1:    7.82 14756.9  25.66 994 3211 1862
Ch1:    7.82 14756.9  25.66 995 3211 1863
Ch1:    7.82 14756.9  25.66 996 3211 1863
Ch1:    7.83 14752.3  25.66 997 3210 1864
Ch1:    7.83 14752.3  25.66 998 3210 1865
Ch1:    7.83 14747.7  25.72 999 3209 1865
Ch1:    7.83 14743.1  25.62 1000 3208 1866
Ch1:    7.84 14743.1  25.69 1001 3208 1867
Ch1:    7.84 14733.9  25.72 1002 3206 1868
Ch1:    7.85 14738.5  25.69 1003 3207 1869
Ch1:    7.85 14738.5  25.66 1004 3207 1870
Ch1:    7.85 14733.9  25.66 1005 3206 1871
Ch1:    7.85 14738.5  25.72 1006 3207 1871
Ch1:    7.86 14738.5  25.66 1007 3207 1872
Ch1:    7.86 14743.1  25.72 1008 3208 1872
Ch1:    7.86 14743.1  25.69 1009 3208 1872
Ch1:    7.86 14747.7  25.69 1010 3209 1873
Ch1:    7.87 14747.7  25.69 1011 3209 1874
Ch1:    7.87 14752.3  25.66 1012 3210 1874
Ch1:    7.88 14747.7  25.66 1013 3209 1876
Ch1:    7.88 14756.9  25.69 1014 3211 1877
Ch1:    7.88 14756.9  25.66 1015 3211 1878
Ch1:    7.89 14756.9  25.66 1016 3211 1879
Ch1:    7.89 14756.9  25.72 1017 3211 1880
Ch1:    7.89 14743.1  25.62 1018 3208 1880
Ch1:    7.90 14747.7  25.66 1019 3209 1881
Ch1:    7.90 14747.7  25.72 1020 3209 1882
Ch1:    7.90 14738.5  25.69 1021 3207 1882
Ch1:    7.90 14738.5  25.66 1022 3207 1883
Ch1:    7.91 14733.9  25.69 1023 3206 1884
Ch1:    7.91 14733.9  25.69 1023 3206 1885
Ch1:    7.91 14733.9  25.69 1022 3206 1884
Ch1:    7.90 14738.5  25.62 1021 3207 1883
Ch1:    7.90 14733.9  25.69 1020 3206 1883
Ch1:    7.90 14724.7  25.66 1019 3204 1881
Ch1:    7.89 14724.7  25.66 1018 3204 1880
Ch1:    7.89 14729.3  25.69 1017 3205 1879
Ch1:    7.88 14724.7  25.66 1016 3204 1878
Ch1:    7.88 14733.9  25.69 1015 3206 1877
Ch1:    7.88 14733.9  25.66 1014 3206 1877
Ch1:    7.88 14743.1  25.69 1013 3208 1877
Ch1:    7.88 14724.7  25.69 1012 3204 1876
Ch1:    7.88 14738.5  25.72 1011 3207 1876
Ch1:    7.87 14743.1  25.62 1010 3208 1875
Ch1:    7.87 14738.5  25.72 1009 3207 1875
Ch1:    7.87 14747.7  25.69 1008 3209 1874
Ch1:    7.86 14729.3  25.69 1007 3205 1873
Ch1:    7.86 14743.1  25.69 1006 3208 1872
Ch1:    7.85 14752.3  25.66 1005 3210 1871
Ch1:    7.85 14752.3  25.72 1004 3210 1870
Ch1:    7.85 14752.3  25.66 1003 3210 1869
Ch1:    7.85 14752.3  25.66 1002 3210 1869
Ch1:    7.84 14747.7  25.69 1001 3209 1868
Ch1:    7.84 14743.1  25.69 1000 3208 1867
Ch1:    7.83 14752.3  25.66 999 3210 1866
Ch1:    7.83 14747.7  25.66 998 3209 1866
Ch1:    7.83 14743.1  25.62 997 3208 1865
Ch1:    7.83 14743.1  25.66 996 3208 1864
Ch1:    7.83 14743.1  25.72 995 3208 1864
Ch1:    7.82 14733.9  25.69 994 3206 1863
Ch1:    7.82 14733.9  25.66 993 3206 1862
Ch1:    7.81 14733.9  25.66 992 3206 1861
Ch1:    7.81 14738.5  25.66 991 3207 1860
Ch1:    7.80 14738.5  25.66 990 3207 1859
Ch1:    7.80 14743.1  25.69 989 3208 1858
Ch1:    7.80 14733.9  25.69 988 3206 1857
Ch1:    7.79 14743.1  25.62 987 3208 1856
Ch1:    7.79 14747.7  25.66 986 3209 1856
Ch1:    7.79 14738.5  25.69 985 3207 1855
Ch1:    7.79 14747.7  25.69 984 3209 1855
Ch1:    7.79 14747.7  25.69 983 3209 1855
Ch1:    7.78 14752.3  25.69 982 3210 1854
Ch1:    7.78 14756.9  25.69 981 3211 1854
Ch1:    7.78 14752.3  25.66 980 3210 1853
Ch1:    7.77 14747.7  25.69 979 3209 1851
Ch1:    7.77 14747.7  25.75 978 3209 1850
Ch1:    7.76 14747.7  25.69 977 3209 1849
Ch1:    7.75 14747.7  25.66 976 3209 1847
Ch1:    7.75 14752.3  25.72 975 3210 1847
Ch1:    7.75 14752.3  25.69 974 3210 1847
Ch1:    7.75 14752.3  25.66 973 3210 1846
Ch1:    7.75 14752.3  25.72 972 3210 1846
Ch1:    7.75 14752.3  25.66 971 3210 1845
Ch1:    7.74 14752.3  25.72 970 3210 1844
Ch1:    7.74 14752.3  25.72 969 3210 1844
Ch1:    7.74 14743.1  25.66 968 3208 1843
Ch1:    7.73 14743.1  25.72 967 3208 1841
Ch1:    7.72 14743.1  25.72 966 3208 1840
Ch1:    7.72 14743.1  25.66 965 3208 1839
Ch1:    7.72 14743.1  25.69 964 3208 1838
Ch1:    7.71 14715.5  25.69 963 3202 1837
Ch1:    7.71 14738.5  25.66 962 3207 1836
Ch1:    7.71 14743.1  25.62 961 3208 1836
Ch1:    7.71 14738.5  25.66 960 3207 1836
Ch1:    7.71 14738.5  25.69 959 3207 1836
Ch1:    7.70 14738.5  25.69 958 3207 1835
Ch1:    7.70 14743.1  25.69 957 3208 1835
Ch1:    7.70 14738.5  25.69 956 3207 1834
Ch1:    7.70 14747.7  25.66 955 3209 1834
Ch1:    7.70 14747.7  25.69 954 3209 1833
Ch1:    7.69 14747.7  25.66 953 3209 1832
Ch1:    7.69 14756.9  25.69 952 3211 1831
Ch1:    7.68 14756.9  25.69 951 3211 1830
Ch1:    7.67 14729.3  25.69 950 3205 1828
Ch1:    7.67 14706.3  25.72 949 3200 1826
Ch1:    7.66 14697.1  25.66 948 3198 1825
Ch1:    7.66 14687.9  25.62 947 3196 1824
Ch1:    7.65 14692.5  25.66 946 3197 1823
Ch1:    7.65 14692.5  25.66 945 3197 1823
Ch1:    7.65 14674.2  25.69 944 3193 1822
Ch1:    7.65 14706.3  25.69 943 3200 1822
Ch1:    7.65 14733.9  25.72 942 3206 1822
Ch1:    7.65 14724.7  25.72 941 3204 1822
Ch1:    7.64 14715.5  25.72 940 3202 1821
Ch1:    7.64 14720.1  25.66 939 3203 1819
Ch1:    7.64 14720.1  25.69 938 3203 1819
Ch1:    7.63 14724.7  25.69 937 3204 1818
Ch1:    7.63 14747.7  25.69 936 3209 1818
Ch1:    7.63 14743.1  25.69 935 3208 1817
Ch1:    7.63 14738.5  25.66 934 3207 1817
Ch1:    7.62 14738.5  25.66 933 3207 1816
Ch1:    7.62 14733.9  25.69 932 3206 1816
Ch1:    7.62 14733.9  25.72 931 3206 1815
Ch1:    7.62 14738.5  25.69 930 3207 1815
Ch1:    7.62 14733.9  25.75 929 3206 1814
Ch1:    7.61 14743.1  25.75 928 3208 1813
Ch1:    7.61 14743.1  25.69 927 3208 1812
Ch1:    7.60 14752.3  25.78 926 3210 1811
Ch1:    7.60 14743.1  25.69 925 3208 1810
Ch1:    7.59 14747.7  25.72 924 3209 1809
Ch1:    7.59 14743.1  25.66 923 3208 1808
Ch1:    7.59 14738.5  25.72 922 3207 1807
Ch1:    7.59 14738.5  25.62 921 3207 1807
Ch1:    7.58 14738.5  25.66 920 3207 1806
Ch1:    7.58 14733.9  25.69 919 3206 1806
Ch1:    7.58 14738.5  25.69 918 3207 1806
Ch1:    7.58 14738.5  25.66 917 3207 1805
Ch1:    7.57 14743.1  25.72 916 3208 1804
Ch1:    7.57 14747.7  25.72 915 3209 1804
Ch1:    7.57 14752.3  25.72 914 3210 1803
Ch1:    7.56 14752.3  25.66 913 3210 1802
Ch1:    7.56 14761.5  25.72 912 3212 1802
Ch1:    7.56 14761.5  25.66 911 3212 1802
Ch1:    7.56 14756.9  25.72 910 3211 1801
Ch1:    7.56 14752.3  25.69 909 3210 1800
Ch1:    7.55 14747.7  25.75 908 3209 1799
Ch1:    7.55 14747.7  25.69 907 3209 1798
Ch1:    7.54 14743.1  25.69 906 3208 1797
Ch1:    7.54 14743.1  25.72 905 3208 1796
Ch1:    7.54 14743.1  25.69 904 3208 1796
Ch1:    7.54 14743.1  25.72 903 3208 1795
Ch1:    7.53 14747.7  25.72 902 3209 1794
Ch1:    7.53 14752.3  25.69 901 3210 1794
Ch1:    7.53 14756.9  25.72 900 3211 1793
Ch1:    7.53 14761.5  25.69 899 3212 1793
Ch1:    7.52 14761.5  25.66 898 3212 1792
Ch1:    7.52 14761.5  25.75 897 3212 1791
Ch1:    7.52 14766.1  25.69 896 3213 1791
Ch1:    7.52 14761.5  25.69 895 3212 1791
Ch1:    7.51 14766.1  25.69 894 3213 1790
Ch1:    7.51 14756.9  25.66 893 3211 1789
Ch1:    7.51 14756.9  25.69 892 3211 1788
Ch1:    7.51 14747.7  25.72 891 3209 1788
Ch1:    7.50 14752.3  25.72 890 3210 1787
Ch1:    7.50 14752.3  25.72 889 3210 1786
Ch1:    7.49 14747.7  25.69 888 3209 1785
Ch1:    7.49 14752.3  25.66 887 3210 1784
Ch1:    7.49 14747.7  25.72 886 3209 1784
Ch1:    7.49 14747.7  25.66 885 3209 1783
Ch1:    7.48 14752.3  25.69 884 3210 1782
Ch1:    7.48 14752.3  25.72 883 3210 1781
Ch1:    7.47 14756.9  25.69 882 3211 1780
Ch1:    7.47 14766.1  25.66 881 3213 1780
Ch1:    7.47 14761.5  25.69 880 3212 1779
Ch1:    7.47 14766.1  25.66 879 3213 1779
Ch1:    7.46 14766.1  25.69 878 3213 1778
Ch1:    7.46 14766.1  25.72 877 3213 1777
Ch1:    7.46 14766.1  25.72 876 3213 1776
Ch1:    7.46 14761.5  25.69 875 3212 1776
Ch1:    7.45 14756.9  25.72 874 3211 1775
Ch1:    7.45 14747.7  25.69 873 3209 1774
Ch1:    7.44 14756.9  25.69 872 3211 1773
Ch1:    7.44 14752.3  25.66 871 3210 1772
Ch1:    7.44 14747.7  25.69 870 3209 1772
Ch1:    7.43 14752.3  25.72 869 3210 1771
Ch1:    7.43 14752.3  25.69 868 3210 1771
Ch1:    7.43 14747.7  25.72 867 3209 1770
Ch1:    7.43 14752.3  25.72 866 3210 1770
Ch1:    7.43 14756.9  25.72 865 3211 1769
Ch1:    7.42 14756.9  25.75 864 3211 1768
Ch1:    7.41 14729.3  25.72 863 3205 1766
Ch1:    7.41 14706.3  25.69 862 3200 1764
Ch1:    7.40 14720.1  25.69 861 3203 1763
Ch1:    7.41 14724.7  25.72 860 3204 1764
Ch1:    7.40 14720.1  25.69 859 3203 1763
Ch1:    7.40 14724.7  25.69 858 3204 1762
Ch1:    7.39 14720.1  25.72 857 3203 1761
Ch1:    7.39 14733.9  25.66 856 3206 1761
Ch1:    7.38 14720.1  25.66 855 3203 1759
Ch1:    7.38 14720.1  25.69 854 3203 1759
Ch1:    7.38 14715.5  25.69 853 3202 1759
Ch1:    7.38 14710.9  25.66 852 3201 1758
Ch1:    7.38 14710.9  25.66 851 3201 1757
Ch1:    7.38 14724.7  25.62 850 3204 1757
Ch1:    7.37 14706.3  25.69 849 3200 1756
Ch1:    7.37 14710.9  25.62 848 3201 1755
Ch1:    7.37 14733.9  25.72 847 3206 1755
Ch1:    7.36 14715.5  25.72 846 3202 1754
Ch1:    7.36 14715.5  25.69 845 3202 1753
Ch1:    7.36 14710.9  25.69 844 3201 1753
Ch1:    7.35 14710.9  25.69 843 3201 1752
Ch1:    7.35 14710.9  25.75 842 3201 1751
Ch1:    7.35 14710.9  25.69 841 3201 1750
Ch1:    7.35 14752.3  25.69 840 3210 1751
Ch1:    7.35 14720.1  25.66 839 3203 1750
Ch1:    7.34 14710.9  25.75 838 3201 1748
Ch1:    7.34 14701.7  25.69 837 3199 1748
Ch1:    7.34 14738.5  25.66 836 3207 1748
Ch1:    7.34 14733.9  25.69 835 3206 1748
Ch1:    7.33 14706.3  25.72 834 3200 1746
Ch1:    7.33 14729.3  25.69 833 3205 1746
Ch1:    7.33 14743.1  25.69 832 3208 1746
Ch1:    7.32 14710.9  25.69 831 3201 1744
Ch1:    7.32 14720.1  25.66 830 3203 1744
Ch1:    7.32 14715.5  25.69 829 3202 1743
Ch1:    7.31 14710.9  25.69 828 3201 1741
Ch1:    7.31 14724.7  25.72 827 3204 1741
Ch1:    7.30 14710.9  25.66 826 3201 1739
Ch1:    7.30 14743.1  25.66 825 3208 1740
Ch1:    7.30 14729.3  25.66 824 3205 1738
Ch1:    7.30 14724.7  25.75 823 3204 1738
Ch1:    7.29 14720.1  25.72 822 3203 1737
Ch1:    7.30 14738.5  25.66 821 3207 1738
Ch1:    7.29 14729.3  25.69 820 3205 1737
Ch1:    7.29 14752.3  25.69 819 3210 1737
Ch1:    7.29 14761.5  25.72 818 3212 1737
Ch1:    7.29 14756.9  25.66 817 3211 1736
Ch1:    7.29 14752.3  25.69 816 3210 1736
Ch1:    7.28 14752.3  25.69 815 3210 1734
Ch1:    7.28 14743.1  25.62 814 3208 1734
Ch1:    7.28 14743.1  25.75 813 3208 1733
Ch1:    7.27 14743.1  25.66 812 3208 1732
Ch1:    7.27 14743.1  25.66 811 3208 1731
Ch1:    7.27 14747.7  25.66 810 3209 1731
Ch1:    7.26 14752.3  25.69 809 3210 1730
Ch1:    7.26 14756.9  25.66 808 3211 1730
Ch1:    7.26 14756.9  25.69 807 3211 1730
Ch1:    7.25 14752.3  25.69 806 3210 1728
Ch1:    7.25 14756.9  25.66 805 3211 1728
Ch1:    7.25 14766.1  25.72 804 3213 1727
Ch1:    7.25 14756.9  25.72 803 3211 1726
Ch1:    7.25 14756.9  25.69 802 3211 1726
Ch1:    7.24 14756.9  25.66 801 3211 1725
Ch1:    7.24 14752.3  25.72 800 3210 1725
Ch1:    7.24 14752.3  25.69 799 3210 1725
Ch1:    7.24 14756.9  25.69 798 3211 1724
Ch1:    7.24 14761.5  25.69 797 3212 1724
Ch1:    7.24 14761.5  25.72 796 3212 1724
Ch1:    7.23 14761.5  25.69 795 3212 1723
Ch1:    7.23 14770.7  25.69 794 3214 1722
Ch1:    7.22 14770.7  25.72 793 3214 1721
Ch1:    7.22 14770.7  25.66 792 3214 1720
Ch1:    7.22 14770.7  25.66 791 3214 1720
Ch1:    7.22 14770.7  25.66 790 3214 1719
Ch1:    7.21 14766.1  25.66 789 3213 1718
Ch1:    7.21 14766.1  25.69 788 3213 1718
Ch1:    7.21 14761.5  25.66 787 3212 1717
Ch1:    7.20 14756.9  25.69 786 3211 1716
Ch1:    7.20 14756.9  25.72 785 3211 1716
Ch1:    7.20 14752.3  25.72 784 3210 1715
Ch1:    7.20 14747.7  25.66 783 3209 1714
Ch1:    7.20 14752.3  25.69 782 3210 1714
Ch1:    7.19 14756.9  25.69 781 3211 1713
Ch1:    7.19 14761.5  25.69 780 3212 1712
Ch1:    7.19 14761.5  25.66 779 3212 1712
Ch1:    7.18 14766.1  25.72 778 3213 1711
Ch1:    7.18 14766.1  25.66 777 3213 1711
Ch1:    7.18 14770.7  25.72 776 3214 1711
Ch1:    7.18 14770.7  25.62 775 3214 1710
Ch1:    7.17 14775.3  25.69 774 3215 1709
Ch1:    7.17 14770.7  25.66 773 3214 1708
Ch1:    7.17 14775.3  25.69 772 3215 1708
Ch1:    7.17 14770.7  25.69 771 3214 1708
Ch1:    7.17 14770.7  25.69 770 3214 1707
Ch1:    7.16 14761.5  25.75 769 3212 1706
Ch1:    7.16 14761.5  25.69 768 3212 1705
Ch1:    7.15 14761.5  25.66 767 3212 1704
Ch1:    7.15 14756.9  25.66 766 3211 1704
Ch1:    7.15 14752.3  25.69 765 3210 1703
Ch1:    7.15 14756.9  25.69 764 3211 1703
Ch1:    7.15 14756.9  25.72 763 3211 1703
Ch1:    7.15 14756.9  25.69 762 3211 1702
Ch1:    7.14 14761.5  25.66 761 3212 1701
Ch1:    7.14 14761.5  25.69 760 3212 1701
Ch1:    7.14 14766.1  25.66 759 3213 1700
Ch1:    7.14 14770.7  25.69 758 3214 1700
Ch1:    7.13 14775.3  25.69 757 3215 1699
Ch1:    7.13 14770.7  25.69 756 3214 1699
Ch1:    7.13 14775.3  25.75 755 3215 1698
Ch1:    7.13 14775.3  25.72 754 3215 1698
Ch1:    7.12 14766.1  25.72 753 3213 1697
Ch1:    7.12 14766.1  25.69 752 3213 1696
Ch1:    7.12 14770.7  25.66 751 3214 1696
Ch1:    7.12 14761.5  25.75 750 3212 1695
Ch1:    7.11 14756.9  25.62 749 3211 1694
Ch1:    7.11 14756.9  25.66 748 3211 1693
Ch1:    7.11 14756.9  25.66 747 3211 1693
Ch1:    7.10 14756.9  25.69 746 3211 1692
Ch1:    7.10 14756.9  25.72 745 3211 1691
Ch1:    7.10 14766.1  25.62 744 3213 1691
Ch1:    7.10 14761.5  25.69 743 3212 1691
Ch1:    7.09 14766.1  25.72 742 3213 1690
Ch1:    7.10 14770.7  25.69 741 3214 1691
Ch1:    7.10 14770.7  25.66 740 3214 1691
Ch1:    7.10 14775.3  25.66 739 3215 1691
Ch1:    7.09 14775.3  25.66 738 3215 1690
Ch1:    7.09 14775.3  25.66 737 3215 1689
Ch1:    7.09 14770.7  25.72 736 3214 1689
Ch1:    7.09 14766.1  25.69 735 3213 1688
Ch1:    7.08 14766.1  25.66 734 3213 1687
Ch1:    7.08 14761.5  25.69 733 3212 1686
Ch1:    7.07 14756.9  25.66 732 3211 1685
Ch1:    7.07 14761.5  25.72 731 3212 1685
Ch1:    7.07 14756.9  25.69 730 3211 1685
Ch1:    7.07 14756.9  25.69 729 3211 1684
Ch1:    7.07 14766.1  25.66 728 3213 1684
Ch1:    7.07 14766.1  25.75 727 3213 1684
Ch1:    7.07 14770.7  25.72 726 3214 1684
Ch1:    7.07 14743.1  25.75 725 3208 1684
Ch1:    7.07 14756.9  25.72 724 3211 1684
Ch1:    7.07 14761.5  25.69 723 3212 1684
Ch1:    7.07 14766.1  25.66 722 3213 1683
Ch1:    7.07 14766.1  25.69 721 3213 1683
Ch1:    7.07 14761.5  25.72 720 3212 1683
Ch1:    7.07 14756.9  25.75 719 3211 1683
Ch1:    7.07 14752.3  25.69 718 3210 1683
Ch1:    7.07 14752.3  25.69 717 3210 1683
Ch1:    7.07 14747.7  25.69 716 3209 1683
Ch1:    7.07 14752.3  25.72 715 3210 1683
Ch1:    7.07 14747.7  25.66 714 3209 1683
Ch1:    7.07 14752.3  25.66 713 3210 1683
Ch1:    7.07 14761.5  25.69 712 3212 1684
Ch1:    7.07 14766.1  25.69 711 3213 1685
Ch1:    7.08 14766.1  25.69 710 3213 1687
Ch1:    7.09 14766.1  25.75 709 3213 1689
Ch1:    7.12 14766.1  25.69 708 3213 1695
Ch1:    7.16 14766.1  25.69 707 3213 1705
Ch1:    7.24 14770.7  25.66 706 3214 1725
Ch1:    7.34 14766.1  25.69 705 3213 1748
Ch1:    7.54 14752.3  25.66 704 3210 1795
Ch1:    7.70 14733.9  25.66 703 3206 1833
Ch1:    7.78 14747.7  25.75 702 3209 1854
Ch1:    7.79 14747.7  25.69 701 3209 1855
Ch1:    7.83 14761.5  25.69 700 3212 1866
Ch1:    7.90 14770.7  25.72 699 3214 1883
Ch1:    7.98 14779.9  25.69 698 3216 1902
Ch1:    8.07 14784.5  25.69 697 3217 1922
Ch1:    8.15 14784.5  25.69 696 3217 1941
Ch1:    8.22 14793.6  25.72 695 3219 1957
Ch1:    8.30 14793.6  25.69 694 3219 1978
Ch1:    8.40 14793.6  25.72 693 3219 2002
Ch1:    8.53 14798.2  25.72 692 3220 2032
Ch1:    8.64 14789.1  25.72 691 3218 2058
Ch1:    8.75 14784.5  25.66 690 3217 2085
Ch1:    8.87 14779.9  25.69 689 3216 2113
Ch1:    8.98 14775.3  25.75 688 3215 2138
Ch1:    9.07 14779.9  25.72 687 3216 2161
Ch1:    9.17 14779.9  25.69 686 3216 2184
Ch1:    9.27 14779.9  25.75 685 3216 2208
Ch1:    9.37 14784.5  25.72 684 3217 2231
Ch1:    9.46 14789.1  25.66 683 3218 2254
Ch1:    9.56 14793.6  25.75 682 3219 2278
Ch1:    9.66 14793.6  25.72 681 3219 2300
Ch1:    9.79 14793.6  25.75 680 3219 2331
Ch1:    9.86 14789.1  25.69 679 3218 2349
Ch1:    9.95 14793.6  25.72 678 3219 2369
Ch1:   10.03 14793.6  25.78 677 3219 2390
Ch1:   10.13 14789.1  25.69 676 3218 2413
Ch1:   10.23 14789.1  25.66 675 3218 2437
Ch1:   10.34 14784.5  25.69 674 3217 2462
Ch1:   10.44 14784.5  25.72 673 3217 2488
Ch1:   10.56 14779.9  25.75 672 3216 2515
Ch1:   10.66 14779.9  25.69 671 3216 2540
Ch1:   10.78 14784.5  25.75 670 3217 2567
Ch1:   10.89 14784.5  25.69 669 3217 2594
Ch1:   11.00 14789.1  25.69 668 3218 2620
Ch1:   11.11 14793.6  25.69 667 3219 2647
Ch1:   11.22 14793.6  25.72 666 3219 2673
Ch1:   11.32 14789.1  25.75 665 3218 2696
Ch1:   11.41 14789.1  25.75 664 3218 2718
Ch1:   11.49 14789.1  25.66 663 3218 2738
Ch1:   11.58 14793.6  25.75 662 3219 2758
Ch1:   11.67 14789.1  25.69 661 3218 2780
Ch1:   11.77 14789.1  25.72 660 3218 2803
Ch1:   11.87 14789.1  25.69 659 3218 2827
Ch1:   11.98 14784.5  25.72 658 3217 2853
Ch1:   12.08 14779.9  25.69 657 3216 2878
Ch1:   12.19 14779.9  25.69 656 3216 2904
Ch1:   12.30 14779.9  25.75 655 3216 2930
Ch1:   12.42 14784.5  25.75 654 3217 2959
Ch1:   12.54 14779.9  25.75 653 3216 2987
Ch1:   12.65 14784.5  25.75 652 3217 3013
Ch1:   12.76 14789.1  25.69 651 3218 3040
Ch1:   12.87 14793.6  25.75 650 3219 3066
Ch1:   12.98 14793.6  25.75 649 3219 3092
Ch1:   13.08 14793.6  25.72 648 3219 3115
Ch1:   13.17 14789.1  25.75 647 3218 3138
Ch1:   13.27 14789.1  25.69 646 3218 3161
Ch1:   13.36 14789.1  25.75 645 3218 3182
Ch1:   13.45 14784.5  25.69 644 3217 3203
Ch1:   13.54 14784.5  25.72 643 3217 3225
Ch1:   13.65 14784.5  25.72 642 3217 3251
Ch1:   13.75 14784.5  25.69 641 3217 3275
Ch1:   13.86 14779.9  25.69 640 3216 3301
Ch1:   13.96 14779.9  25.75 639 3216 3326
Ch1:   14.08 14784.5  25.75 638 3217 3354
Ch1:   14.19 14784.5  25.75 637 3217 3379
Ch1:   14.28 14784.5  25.75 636 3217 3402
Ch1:   14.37 14784.5  25.72 635 3217 3424
Ch1:   14.46 14789.1  25.69 634 3218 3445
Ch1:   14.55 14789.1  25.72 633 3218 3467
Ch1:   14.66 14793.6  25.69 632 3219 3491
Ch1:   14.76 14793.6  25.72 631 3219 3517
Ch1:   14.87 14793.6  25.69 630 3219 3542
Ch1:   14.97 14789.1  25.72 629 3218 3567
Ch1:   15.08 14789.1  25.75 628 3218 3592
Ch1:   15.19 14784.5  25.75 627 3217 3618
Ch1:   15.30 14784.5  25.69 626 3217 3644
Ch1:   15.40 14779.9  25.69 625 3216 3668
Ch1:   15.50 14775.3  25.72 624 3215 3692
Ch1:   15.59 14779.9  25.72 623 3216 3714
Ch1:   15.70 14775.3  25.69 622 3215 3739
Ch1:   15.79 14775.3  25.72 621 3215 3761
Ch1:   15.89 14779.9  25.75 620 3216 3786
Ch1:   15.99 14784.5  25.78 619 3217 3810
Ch1:   16.10 14789.1  25.75 618 3218 3836
Ch1:   16.21 14793.6  25.69 617 3219 3861
Ch1:   16.31 14798.2  25.66 616 3220 3886
Ch1:   16.43 14798.2  25.75 615 3220 3913
Ch1:   16.54 14798.2  25.72 614 3220 3940
Ch1:   16.65 14793.6  25.78 613 3219 3967
Ch1:   16.76 14793.6  25.72 612 3219 3992
Ch1:   16.86 14779.9  25.75 611 3216 4015
Ch1:   16.95 14784.5  25.69 610 3217 4038
Ch1:   17.04 14779.9  25.78 609 3216 4058
Ch1:   17.12 14775.3  25.75 608 3215 4079
Ch1:   17.22 14775.3  25.72 607 3215 4102
Ch1:   17.33 14779.9  25.72 606 3216 4128
Ch1:   17.44 14779.9  25.72 605 3216 4155
Ch1:   17.56 14779.9  25.69 604 3216 4183
Ch1:   17.68 14784.5  25.75 603 3217 4211
Ch1:   17.79 14789.1  25.81 602 3218 4238
Ch1:   17.90 14784.5  25.69 601 3217 4263
Ch1:   18.00 14784.5  25.69 600 3217 4287
Ch1:   18.10 14793.6  25.75 599 3219 4311
Ch1:   18.19 14793.6  25.75 598 3219 4334
Ch1:   18.29 14793.6  25.72 597 3219 4356
Ch1:   18.37 14789.1  25.72 596 3218 4377
Ch1:   18.47 14789.1  25.75 595 3218 4399
Ch1:   18.57 14789.1  25.72 594 3218 4423
Ch1:   18.67 14793.6  25.75 593 3219 4448
Ch1:   18.78 14789.1  25.75 592 3218 4473
Ch1:   18.89 14784.5  25.72 591 3217 4500
Ch1:   19.01 14784.5  25.75 590 3217 4528
Ch1:   19.12 14779.9  25.72 589 3216 4554
Ch1:   19.22 14770.7  25.72 588 3214 4579
Ch1:   19.32 14775.3  25.69 587 3215 4602
Ch1:   19.42 14775.3  25.78 586 3215 4625
Ch1:   19.51 14775.3  25.69 585 3215 4647
Ch1:   19.60 14775.3  25.72 584 3215 4669
Ch1:   19.73 14779.9  25.69 583 3216 4699
Ch1:   19.81 14784.5  25.72 582 3217 4719
Ch1:   19.91 14784.5  25.72 581 3217 4743
Ch1:   20.01 14793.6  25.75 580 3219 4766
Ch1:   20.11 14793.6  25.69 579 3219 4790
Ch1:   20.21 14793.6  25.75 578 3219 4815
Ch1:   20.32 14798.2  25.72 577 3220 4840
Ch1:   20.42 14793.6  25.72 576 3219 4864
Ch1:   20.53 14784.5  25.72 575 3217 4890
Ch1:   20.70 14779.9  25.75 574 3216 4931
Ch1:   20.81 14779.9  25.78 573 3216 4956
Ch1:   20.87 14784.5  25.72 572 3217 4971
Ch1:   20.96 14779.9  25.78 571 3216 4992
Ch1:   21.06 14784.5  25.72 570 3217 5016
Ch1:   21.16 14775.3  25.69 569 3215 5040
Ch1:   21.25 14784.5  25.72 568 3217 5063
Ch1:   21.33 14779.9  25.72 567 3216 5082
Ch1:   21.44 14784.5  25.75 566 3217 5106
Ch1:   21.54 14779.9  25.72 565 3216 5131
Ch1:   21.65 14775.3  25.69 564 3215 5158
Ch1:   21.77 14779.9  25.72 563 3216 5185
Ch1:   21.88 14775.3  25.69 562 3215 5211
Ch1:   21.98 14779.9  25.69 561 3216 5236
Ch1:   22.09 14779.9  25.72 560 3216 5263
Ch1:   22.20 14779.9  25.72 559 3216 5288
Ch1:   22.30 14784.5  25.75 558 3217 5313
Ch1:   22.40 14789.1  25.69 557 3218 5337
Ch1:   22.51 14789.1  25.72 556 3218 5361
Ch1:   22.60 14793.6  25.72 555 3219 5383
Ch1:   22.69 14789.1  25.72 554 3218 5405
Ch1:   22.78 14789.1  25.78 553 3218 5426
Ch1:   22.88 14789.1  25.69 552 3218 5451
Ch1:   22.98 14784.5  25.75 551 3217 5473
Ch1:   23.07 14784.5  25.75 550 3217 5496
Ch1:   23.18 14784.5  25.72 549 3217 5521
Ch1:   23.28 14779.9  25.78 548 3216 5546
Ch1:   23.39 14775.3  25.66 547 3215 5572
Ch1:   23.49 14775.3  25.69 546 3215 5596
Ch1:   23.60 14775.3  25.69 545 3215 5621
Ch1:   23.70 14775.3  25.78 544 3215 5645
Ch1:   23.80 14779.9  25.72 543 3216 5670
Ch1:   23.92 14779.9  25.72 542 3216 5697
Ch1:   24.03 14784.5  25.72 541 3217 5723
Ch1:   24.13 14784.5  25.72 540 3217 5749
Ch1:   24.24 14793.6  25.69 539 3219 5775
Ch1:   24.35 14793.6  25.72 538 3219 5801
Ch1:   24.45 14789.1  25.72 537 3218 5825
Ch1:   24.55 14789.1  25.69 536 3218 5848
Ch1:   24.64 14789.1  25.72 535 3218 5870
Ch1:   24.74 14784.5  25.69 534 3217 5893
Ch1:   24.82 14784.5  25.69 533 3217 5913
Ch1:   24.92 14779.9  25.69 532 3216 5935
Ch1:   25.02 14779.9  25.72 531 3216 5959
Ch1:   25.13 14779.9  25.69 530 3216 5985
Ch1:   25.23 14779.9  25.69 529 3216 6011
Ch1:   25.34 14779.9  25.72 528 3216 6037
Ch1:   25.45 14779.9  25.72 527 3216 6062
Ch1:   25.56 14779.9  25.72 526 3216 6088
Ch1:   25.69 14766.1  25.69 525 3213 6119
Ch1:   25.83 14766.1  25.69 524 3213 6154
Ch1:   25.95 14747.7  25.78 523 3209 6181
Ch1:   26.13 14738.5  25.72 522 3207 6225
Ch1:   26.28 14733.9  25.72 521 3206 6259
Ch1:   26.34 14747.7  25.72 520 3209 6274
Ch1:   26.38 14761.5  25.69 519 3212 6285
Ch1:   26.52 14756.9  25.75 518 3211 6317
Ch1:   26.61 14761.5  25.69 517 3212 6338
Ch1:   26.67 14770.7  25.69 516 3214 6353
Ch1:   26.75 14775.3  25.69 515 3215 6372
Ch1:   26.83 14784.5  25.69 514 3217 6390
Ch1:   26.91 14784.5  25.69 513 3217 6411
Ch1:   27.01 14779.9  25.72 512 3216 6435
Ch1:   27.10 14784.5  25.75 511 3217 6456
Ch1:   27.21 14789.1  25.75 510 3218 6481
Ch1:   27.30 14789.1  25.69 509 3218 6503
Ch1:   27.40 14789.1  25.69 508 3218 6528
Ch1:   27.51 14784.5  25.69 507 3217 6554
Ch1:   27.62 14784.5  25.72 506 3217 6580
Ch1:   27.73 14789.1  25.78 505 3218 6605
Ch1:   27.86 14770.7  25.72 504 3214 6637
Ch1:   27.97 14779.9  25.69 503 3216 6662
Ch1:   28.06 14775.3  25.72 502 3215 6684
Ch1:   28.16 14775.3  25.72 501 3215 6707
Ch1:   28.26 14770.7  25.72 500 3214 6731
Ch1:   28.34 14766.1  25.69 499 3213 6750
Ch1:   28.42 14766.1  25.72 498 3213 6770
Ch1:   28.52 14770.7  25.72 497 3214 6794
Ch1:   28.61 14770.7  25.72 496 3214 6815
Ch1:   28.72 14756.9  25.69 495 3211 6841
Ch1:   28.96 14710.9  25.75 494 3201 6899
Ch1:   29.13 14720.1  25.69 493 3203 6940
Ch1:   29.24 14724.7  25.69 492 3204 6966
Ch1:   29.28 14733.9  25.72 491 3206 6975
Ch1:   29.34 14756.9  25.69 490 3211 6989
Ch1:   29.42 14756.9  25.69 489 3211 7009
Ch1:   29.51 14766.1  25.78 488 3213 7030
Ch1:   29.62 14770.7  25.69 487 3214 7055
Ch1:   29.72 14779.9  25.69 486 3216 7079
Ch1:   29.85 14770.7  25.69 485 3214 7110
Ch1:   29.93 14775.3  25.69 484 3215 7130
Ch1:   30.02 14775.3  25.69 483 3215 7152
Ch1:   30.13 14770.7  25.72 482 3214 7176
Ch1:   30.22 14775.3  25.69 481 3215 7199
Ch1:   30.30 14775.3  25.75 480 3215 7218
Ch1:   30.38 14775.3  25.69 479 3215 7236
Ch1:   30.47 14775.3  25.69 478 3215 7258
Ch1:   30.57 14775.3  25.75 477 3215 7281
Ch1:   30.68 14775.3  25.72 476 3215 7309
Ch1:   30.79 14775.3  25.75 475 3215 7335
Ch1:   30.90 14775.3  25.69 474 3215 7360
Ch1:   31.01 14779.9  25.69 473 3216 7386
Ch1:   31.11 14779.9  25.66 472 3216 7411
Ch1:   31.21 14779.9  25.72 471 3216 7435
Ch1:   31.30 14779.9  25.72 470 3216 7457
Ch1:   31.40 14784.5  25.72 469 3217 7479
Ch1:   31.49 14789.1  25.75 468 3218 7501
Ch1:   31.59 14789.1  25.78 467 3218 7525
Ch1:   31.69 14779.9  25.69 466 3216 7549
Ch1:   31.79 14789.1  25.69 465 3218 7573
Ch1:   31.89 14789.1  25.75 464 3218 7597
Ch1:   31.99 14789.1  25.72 463 3218 7621
Ch1:   32.10 14784.5  25.66 462 3217 7647
Ch1:   32.21 14779.9  25.72 461 3216 7673
Ch1:   32.32 14775.3  25.69 460 3215 7698
Ch1:   32.43 14775.3  25.69 459 3215 7725
Ch1:   32.54 14779.9  25.75 458 3216 7751
Ch1:   32.66 14779.9  25.72 457 3216 7779
Ch1:   32.77 14779.9  25.69 456 3216 7807
Ch1:   32.89 14775.3  25.75 455 3215 7834
Ch1:   32.99 14775.3  25.78 454 3215 7859
Ch1:   33.14 14761.5  25.72 453 3212 7895
Ch1:   33.25 14761.5  25.69 452 3212 7920
Ch1:   33.30 14761.5  25.72 451 3212 7933
Ch1:   33.37 14766.1  25.78 450 3213 7950
Ch1:   33.46 14775.3  25.72 449 3215 7971
Ch1:   33.56 14775.3  25.72 448 3215 7994
Ch1:   33.65 14775.3  25.75 447 3215 8016
Ch1:   33.75 14789.1  25.78 446 3218 8040
Ch1:   33.85 14784.5  25.75 445 3217 8063
Ch1:   33.95 14789.1  25.69 444 3218 8088
Ch1:   34.06 14789.1  25.69 443 3218 8113
Ch1:   34.17 14789.1  25.69 442 3218 8139
Ch1:   34.27 14784.5  25.69 441 3217 8164
Ch1:   34.39 14775.3  25.72 440 3215 8191
Ch1:   34.48 14784.5  25.72 439 3217 8214
Ch1:   34.58 14775.3  25.66 438 3215 8236
Ch1:   34.68 14775.3  25.69 437 3215 8260
Ch1:   34.78 14775.3  25.72 436 3215 8284
Ch1:   34.88 14775.3  25.72 435 3215 8308
Ch1:   34.98 14775.3  25.69 434 3215 8333
Ch1:   35.08 14770.7  25.75 433 3214 8356
Ch1:   35.18 14775.3  25.72 432 3215 8381
Ch1:   35.28 14775.3  25.75 431 3215 8403
Ch1:   35.39 14779.9  25.72 430 3216 8429
Ch1:   35.48 14784.5  25.69 429 3217 8452
Ch1:   35.59 14789.1  25.75 428 3218 8478
Ch1:   35.71 14789.1  25.75 427 3218 8506
Ch1:   35.82 14789.1  25.75 426 3218 8533
Ch1:   35.92 14789.1  25.72 425 3218 8556
Ch1:   36.02 14789.1  25.75 424 3218 8579
Ch1:   36.11 14789.1  25.78 423 3218 8601
Ch1:   36.21 14784.5  25.72 422 3217 8625
Ch1:   36.30 14779.9  25.72 421 3216 8648
Ch1:   36.40 14775.3  25.69 420 3215 8671
Ch1:   36.51 14775.3  25.75 419 3215 8696
Ch1:   36.62 14770.7  25.78 418 3214 8724
Ch1:   36.74 14766.1  25.72 417 3213 8752
Ch1:   36.85 14770.7  25.72 416 3214 8777
Ch1:   36.95 14770.7  25.66 415 3214 8802
Ch1:   37.05 14775.3  25.72 414 3215 8826
Ch1:   37.15 14770.7  25.75 413 3214 8850
Ch1:   37.24 14770.7  25.72 412 3214 8871
Ch1:   37.34 14779.9  25.75 411 3216 8894
Ch1:   37.44 14784.5  25.69 410 3217 8918
Ch1:   37.54 14784.5  25.72 409 3217 8943
Ch1:   37.65 14789.1  25.72 408 3218 8968
Ch1:   37.75 14793.6  25.75 407 3219 8993
Ch1:   37.87 14789.1  25.72 406 3218 9021
Ch1:   37.98 14789.1  25.69 405 3218 9046
Ch1:   38.08 14784.5  25.72 404 3217 9070
Ch1:   38.18 14784.5  25.72 403 3217 9094
Ch1:   38.28 14789.1  25.75 402 3218 9118
Ch1:   38.37 14789.1  25.69 401 3218 9141
Ch1:   38.47 14789.1  25.75 400 3218 9163
Ch1:   38.56 14789.1  25.75 399 3218 9185
Ch1:   38.66 14784.5  25.72 398 3217 9208
Ch1:   38.76 14779.9  25.75 397 3216 9232
Ch1:   38.85 14779.9  25.72 396 3216 9254
Ch1:   38.95 14779.9  25.69 395 3216 9277
Ch1:   39.06 14775.3  25.75 394 3215 9305
Ch1:   39.18 14779.9  25.72 393 3216 9332
Ch1:   39.29 14779.9  25.72 392 3216 9358
Ch1:   39.39 14775.3  25.75 391 3215 9383
Ch1:   39.50 14775.3  25.72 390 3215 9408
Ch1:   39.60 14775.3  25.72 389 3215 9433
Ch1:   39.72 14770.7  25.78 388 3214 9462
Ch1:   39.82 14779.9  25.69 387 3216 9485
Ch1:   39.92 14784.5  25.69 386 3217 9509
Ch1:   40.03 14789.1  25.75 385 3218 9535
Ch1:   40.13 14793.6  25.78 384 3219 9560
Ch1:   40.23 14789.1  25.72 383 3218 9584
Ch1:   40.33 14789.1  25.75 382 3218 9606
Ch1:   40.42 14789.1  25.69 381 3218 9628
Ch1:   40.51 14784.5  25.72 380 3217 9649
Ch1:   40.60 14784.5  25.72 379 3217 9672
Ch1:   40.71 14779.9  25.78 378 3216 9697
Ch1:   40.81 14779.9  25.75 377 3216 9721
Ch1:   40.91 14779.9  25.75 376 3216 9746
Ch1:   41.01 14775.3  25.72 375 3215 9770
Ch1:   41.12 14775.3  25.72 374 3215 9796
Ch1:   41.22 14775.3  25.69 373 3215 9820
Ch1:   41.33 14770.7  25.69 372 3214 9845
Ch1:   41.43 14775.3  25.75 371 3215 9869
Ch1:   41.53 14779.9  25.66 370 3216 9892
Ch1:   41.63 14784.5  25.72 369 3217 9917
Ch1:   41.73 14779.9  25.75 368 3216 9941
Ch1:   41.84 14784.5  25.75 367 3217 9966
Ch1:   41.96 14793.6  25.75 366 3219 9994
Ch1:   42.06 14789.1  25.66 365 3218 10019
Ch1:   42.17 14793.6  25.72 364 3219 10046
Ch1:   42.29 14784.5  25.72 363 3217 10073
Ch1:   42.40 14789.1  25.72 362 3218 10100
Ch1:   42.51 14779.9  25.72 361 3216 10127
Ch1:   42.61 14775.3  25.69 360 3215 10150
Ch1:   42.71 14770.7  25.72 359 3214 10173
Ch1:   42.80 14770.7  25.72 358 3214 10196
Ch1:   42.89 14770.7  25.72 357 3214 10217
Ch1:   42.99 14770.7  25.69 356 3214 10240
Ch1:   43.08 14770.7  25.75 355 3214 10263
Ch1:   43.19 14779.9  25.72 354 3216 10287
Ch1:   43.29 14779.9  25.69 353 3216 10311
Ch1:   43.39 14779.9  25.72 352 3216 10336
Ch1:   43.50 14779.9  25.69 351 3216 10361
Ch1:   43.61 14784.5  25.75 350 3217 10387
Ch1:   43.72 14779.9  25.72 349 3216 10414
Ch1:   43.82 14784.5  25.75 348 3217 10438
Ch1:   43.92 14789.1  25.72 347 3218 10462
Ch1:   44.02 14789.1  25.69 346 3218 10486
Ch1:   44.12 14784.5  25.75 345 3217 10510
Ch1:   44.21 14775.3  25.72 344 3215 10532
Ch1:   44.31 14775.3  25.72 343 3215 10554
Ch1:   44.40 14775.3  25.72 342 3215 10576
Ch1:   44.49 14770.7  25.75 341 3214 10598
Ch1:   44.59 14770.7  25.75 340 3214 10622
Ch1:   44.70 14775.3  25.75 339 3215 10647
Ch1:   44.81 14775.3  25.72 338 3215 10673
Ch1:   44.92 14779.9  25.72 337 3216 10700
Ch1:   45.02 14779.9  25.69 336 3216 10725
Ch1:   45.12 14784.5  25.75 335 3217 10749
Ch1:   45.23 14789.1  25.72 334 3218 10775
Ch1:   45.33 14789.1  25.72 333 3218 10799
Ch1:   45.43 14789.1  25.72 332 3218 10822
Ch1:   45.52 14784.5  25.72 331 3217 10844
Ch1:   45.63 14789.1  25.78 330 3218 10869
Ch1:   45.73 14784.5  25.69 329 3217 10892
Ch1:   45.83 14779.9  25.66 328 3216 10916
Ch1:   45.92 14779.9  25.75 327 3216 10939
Ch1:   46.03 14775.3  25.78 326 3215 10964
Ch1:   46.14 14770.7  25.69 325 3214 10990
Ch1:   46.24 14770.7  25.72 324 3214 11014
Ch1:   46.35 14770.7  25.75 323 3214 11040
Ch1:   46.45 14775.3  25.78 322 3215 11065
Ch1:   46.56 14770.7  25.75 321 3214 11090
Ch1:   46.65 14775.3  25.75 320 3215 11113
Ch1:   46.75 14779.9  25.72 319 3216 11136
Ch1:   46.86 14779.9  25.69 318 3216 11162
Ch1:   46.96 14784.5  25.69 317 3217 11187
Ch1:   47.07 14779.9  25.78 316 3216 11213
Ch1:   47.17 14784.5  25.69 315 3217 11237
Ch1:   47.27 14789.1  25.66 314 3218 11260
Ch1:   47.37 14789.1  25.66 313 3218 11283
Ch1:   47.48 14784.5  25.72 312 3217 11309
Ch1:   47.58 14784.5  25.69 311 3217 11334
Ch1:   47.68 14784.5  25.69 310 3217 11358
Ch1:   47.78 14789.1  25.78 309 3218 11382
Ch1:   47.88 14789.1  25.72 308 3218 11406
Ch1:   47.99 14784.5  25.72 307 3217 11432
Ch1:   48.10 14779.9  25.72 306 3216 11457
Ch1:   48.20 14775.3  25.75 305 3215 11481
Ch1:   48.29 14766.1  25.72 304 3213 11504
Ch1:   48.39 14770.7  25.75 303 3214 11527
Ch1:   48.50 14770.7  25.75 302 3214 11552
Ch1:   48.60 14770.7  25.69 301 3214 11578
Ch1:   48.71 14775.3  25.69 300 3215 11603
Ch1:   48.82 14775.3  25.69 299 3215 11629
Ch1:   48.92 14779.9  25.72 298 3216 11654
Ch1:   49.03 14779.9  25.75 297 3216 11679
Ch1:   49.13 14789.1  25.78 296 3218 11703
Ch1:   49.23 14793.6  25.72 295 3219 11726
Ch1:   49.32 14784.5  25.72 294 3217 11749
Ch1:   49.41 14784.5  25.75 293 3217 11770
Ch1:   49.52 14784.5  25.72 292 3217 11796
Ch1:   49.60 14779.9  25.69 291 3216 11816
Ch1:   49.70 14779.9  25.72 290 3216 11839
Ch1:   49.80 14779.9  25.69 289 3216 11863
Ch1:   49.89 14775.3  25.69 288 3215 11885
Ch1:   49.99 14775.3  25.72 287 3215 11909
Ch1:   50.10 14775.3  25.69 286 3215 11934
Ch1:   50.20 14770.7  25.69 285 3214 11958
Ch1:   50.31 14770.7  25.72 284 3214 11983
Ch1:   50.41 14775.3  25.72 283 3215 12008
Ch1:   50.52 14775.3  25.69 282 3215 12033
Ch1:   50.63 14775.3  25.69 281 3215 12060
Ch1:   50.74 14779.9  25.72 280 3216 12086
Ch1:   50.84 14779.9  25.78 279 3216 12111
Ch1:   50.94 14779.9  25.78 278 3216 12134
Ch1:   51.03 14784.5  25.72 277 3217 12156
Ch1:   51.12 14784.5  25.72 276 3217 12178
Ch1:   51.22 14784.5  25.72 275 3217 12200
Ch1:   51.31 14784.5  25.75 274 3217 12223
Ch1:   51.42 14789.1  25.72 273 3218 12248
Ch1:   51.53 14789.1  25.75 272 3218 12274
Ch1:   51.63 14784.5  25.72 271 3217 12299
Ch1:   51.75 14779.9  25.72 270 3216 12326
Ch1:   51.85 14779.9  25.72 269 3216 12350
Ch1:   51.95 14775.3  25.72 268 3215 12374
Ch1:   52.06 14775.3  25.75 267 3215 12401
Ch1:   52.16 14775.3  25.69 266 3215 12426
Ch1:   52.27 14770.7  25.72 265 3214 12451
Ch1:   52.37 14779.9  25.72 264 3216 12475
Ch1:   52.46 14789.1  25.66 263 3218 12497
Ch1:   52.56 14802.8  25.72 262 3221 12520
Ch1:   52.65 14821.2  25.78 261 3225 12542
Ch1:   52.74 14848.8  25.72 260 3231 12564
Ch1:   52.84 14871.8  25.72 259 3236 12586
Ch1:   52.92 14899.4  25.69 258 3242 12605
Ch1:   53.00 14917.7  25.69 257 3246 12626
Ch1:   53.09 14949.9  25.69 256 3253 12646
Ch1:   53.18 14977.5  25.72 255 3259 12668
Ch1:   53.27 15014.2  25.75 254 3267 12690
Ch1:   53.35 15046.4  25.69 253 3274 12709
Ch1:   53.43 15078.6  25.72 252 3281 12728
Ch1:   53.51 15110.8  25.69 251 3288 12746
Ch1:   53.59 15152.1  25.78 250 3297 12765
Ch1:   53.67 15188.9  25.72 249 3305 12785
Ch1:   53.75 15230.2  25.75 248 3314 12804
Ch1:   53.83 15271.6  25.69 247 3323 12823
Ch1:   53.91 15303.8  25.72 246 3330 12842
Ch1:   53.97 15363.5  25.72 245 3343 12857
Ch1:   54.05 15404.9  25.78 244 3352 12876
Ch1:   54.13 15446.2  25.72 243 3361 12895
Ch1:   54.21 15501.4  25.72 242 3373 12913
Ch1:   54.29 15542.8  25.75 241 3382 12932
Ch1:   54.36 15574.9  25.69 240 3389 12949
Ch1:   54.43 15625.5  25.72 239 3400 12965
Ch1:   54.52 15676.0  25.69 238 3411 12986
Ch1:   54.59 15731.2  25.72 237 3423 13004
Ch1:   54.67 15804.7  25.75 236 3439 13022
Ch1:   54.76 15836.9  25.72 235 3446 13043
Ch1:   54.84 15887.4  25.72 234 3457 13063
Ch1:   54.91 15924.2  25.72 233 3465 13081
Ch1:   54.99 15983.9  25.75 232 3478 13100
Ch1:   55.06 16039.1  25.78 231 3490 13116
Ch1:   55.13 16085.0  25.75 230 3500 13133
Ch1:   55.20 16135.6  25.72 229 3511 13149
Ch1:   55.28 16163.2  25.72 228 3517 13168
Ch1:   55.34 16209.1  25.78 227 3527 13183
Ch1:   55.41 16259.7  25.75 226 3538 13200
Ch1:   55.49 16310.2  25.75 225 3549 13218
Ch1:   55.55 16383.8  25.72 224 3565 13233
Ch1:   55.63 16415.9  25.69 223 3572 13251
Ch1:   55.70 16484.9  25.69 222 3587 13267
Ch1:   55.77 16553.8  25.69 221 3602 13284
Ch1:   55.83 16581.4  25.72 220 3608 13300
Ch1:   55.93 16622.7  25.78 219 3617 13322
Ch1:   55.99 16719.3  25.72 218 3638 13336
Ch1:   56.08 16751.4  25.72 217 3645 13359
Ch1:   56.14 16825.0  25.78 216 3661 13373
Ch1:   56.21 16889.3  25.72 215 3675 13389
Ch1:   56.29 16916.9  25.72 214 3681 13408
Ch1:   56.36 16953.6  25.72 213 3689 13426
Ch1:   56.44 17004.2  25.75 212 3700 13444
Ch1:   56.49 17073.1  25.69 211 3715 13456
Ch1:   56.56 17123.7  25.75 210 3726 13472
Ch1:   56.64 17151.3  25.81 209 3732 13492
Ch1:   56.69 17252.4  25.78 208 3754 13505
Ch1:   56.78 17321.3  25.72 207 3769 13526
Ch1:   56.86 17376.4  25.72 206 3781 13545
Ch1:   56.94 17436.2  25.78 205 3794 13564
Ch1:   57.00 17514.3  25.75 204 3811 13578
Ch1:   57.08 17528.1  25.75 203 3814 13596
Ch1:   57.15 17574.1  25.78 202 3824 13614
Ch1:   57.19 17638.4  25.75 201 3838 13622
Ch1:   57.28 17666.0  25.72 200 3844 13644
Ch1:   57.33 17753.3  25.69 199 3863 13657
Ch1:   57.42 17826.8  25.75 198 3879 13678
Ch1:   57.53 17872.8  25.81 197 3889 13704
Ch1:   57.59 17941.7  25.72 196 3904 13718
Ch1:   57.66 17996.9  25.75 195 3916 13735
Ch1:   57.73 18042.8  25.66 194 3926 13751
Ch1:   57.79 18162.3  25.75 193 3952 13765
Ch1:   57.84 18153.1  25.78 192 3950 13778
Ch1:   57.92 18176.1  25.78 191 3955 13798
Ch1:   57.98 18263.4  25.69 190 3974 13812
Ch1:   58.07 18277.2  25.75 189 3977 13832
Ch1:   58.12 18433.5  25.72 188 4011 13845
Ch1:   58.18 18465.6  25.72 187 4018 13858
Ch1:   58.25 18484.0  25.75 186 4022 13876
Ch1:   58.29 18580.5  25.75 185 4043 13886
Ch1:   58.37 18654.1  25.78 184 4059 13905
Ch1:   58.45 18736.8  25.75 183 4077 13922
Ch1:   58.53 18750.6  25.75 182 4080 13943
Ch1:   58.60 18814.9  25.78 181 4094 13960
Ch1:   58.70 18879.3  25.78 180 4108 13982
Ch1:   58.76 18934.4  25.72 179 4120 13996
Ch1:   58.83 19003.3  25.75 178 4135 14013
Ch1:   58.89 19058.5  25.72 177 4147 14028
Ch1:   58.94 19155.0  25.75 176 4168 14039
Ch1:   59.02 19210.1  25.72 175 4180 14058
Ch1:   59.07 19265.3  25.75 174 4192 14071
Ch1:   59.15 19274.5  25.72 173 4194 14091
Ch1:   59.21 19380.2  25.75 172 4217 14103
Ch1:   59.30 19403.2  25.69 171 4222 14125
Ch1:   59.35 19504.3  25.72 170 4244 14138
Ch1:   59.42 19582.4  25.78 169 4261 14154
Ch1:   59.51 19678.9  25.72 168 4282 14175
Ch1:   59.60 19706.5  25.75 167 4288 14197
Ch1:   59.66 19729.5  25.75 166 4293 14211
Ch1:   59.70 19798.4  25.69 165 4308 14222
Ch1:   59.75 19867.3  25.78 164 4323 14232
Ch1:   59.80 19954.7  25.75 163 4342 14244
Ch1:   59.87 20005.2  25.72 162 4353 14261
Ch1:   59.94 20005.2  25.78 161 4353 14278
Ch1:   60.00 20124.7  25.72 160 4379 14292
Ch1:   60.09 20202.8  25.75 159 4396 14313
Ch1:   60.21 20225.8  25.81 158 4401 14342
Ch1:   60.23 20368.3  25.69 157 4432 14348
Ch1:   60.31 20349.9  25.75 156 4428 14367
Ch1:   60.36 20451.0  25.78 155 4450 14378
Ch1:   60.44 20602.7  25.78 154 4483 14397
Ch1:   60.51 20625.6  25.75 153 4488 14415
Ch1:   60.60 20634.8  25.75 152 4490 14435
Ch1:   60.64 20726.7  25.72 151 4510 14445
Ch1:   60.71 20777.3  25.75 150 4521 14462
Ch1:   60.78 20887.6  25.72 149 4545 14477
Ch1:   60.80 21053.0  25.78 148 4581 14483
Ch1:   60.85 21043.8  25.81 147 4579 14494
Ch1:   60.93 21071.4  25.72 146 4585 14515
Ch1:   61.02 21094.4  25.72 145 4590 14535
Ch1:   61.05 21204.7  25.81 144 4614 14543
Ch1:   61.13 21292.0  25.75 143 4633 14562
Ch1:   61.19 21324.2  25.81 142 4640 14577
Ch1:   61.27 21338.0  25.78 141 4643 14595
Ch1:   61.31 21471.2  25.78 140 4672 14604
Ch1:   61.36 21632.1  25.75 139 4707 14616
Ch1:   61.43 21641.3  25.75 138 4709 14633
Ch1:   61.46 21733.2  25.75 137 4729 14640
Ch1:   61.56 21760.8  25.78 136 4735 14664
Ch1:   61.57 21917.0  25.75 135 4769 14667
Ch1:   61.69 21917.0  25.75 134 4769 14694
Ch1:   61.74 22018.1  25.72 133 4791 14708
Ch1:   61.82 22105.5  25.75 132 4810 14727
Ch1:   61.87 22202.0  25.75 131 4831 14738
Ch1:   61.94 22312.3  25.75 130 4855 14754
Ch1:   62.01 22326.0  25.81 129 4858 14770
Ch1:   62.07 22418.0  25.72 128 4878 14785
Ch1:   62.16 22362.8  25.78 127 4866 14806
Ch1:   62.21 22532.9  25.75 126 4903 14819
Ch1:   62.25 22624.8  25.72 125 4923 14828
Ch1:   62.31 22716.7  25.75 124 4943 14843
Ch1:   62.38 22771.8  25.75 123 4955 14860
Ch1:   62.41 22895.9  25.78 122 4982 14867
Ch1:   62.54 22891.3  25.78 121 4981 14897
Ch1:   62.56 22992.4  25.81 120 5003 14901
Ch1:   62.61 23047.6  25.81 119 5015 14913
Ch1:   62.68 23056.8  25.78 118 5017 14930
Ch1:   62.69 23185.5  25.69 117 5045 14934
Ch1:   62.75 23272.8  25.78 116 5064 14947
Ch1:   62.77 23392.3  25.81 115 5090 14953
Ch1:   62.88 23410.6  25.75 114 5094 14979
Ch1:   62.92 23576.1  25.78 113 5130 14988
Ch1:   63.01 23617.4  25.72 112 5139 15009
Ch1:   63.04 23736.9  25.78 111 5165 15016
Ch1:   63.09 23842.6  25.78 110 5188 15028
Ch1:   63.12 23939.1  25.75 109 5209 15036
Ch1:   63.21 23971.3  25.72 108 5216 15056
Ch1:   63.27 24021.9  25.78 107 5227 15071
Ch1:   63.31 24077.0  25.72 106 5239 15082
Ch1:   63.37 24182.7  25.75 105 5262 15095
Ch1:   63.42 24293.0  25.75 104 5286 15108
Ch1:   63.49 24407.9  25.75 103 5311 15124
Ch1:   63.55 24435.5  25.75 102 5317 15139
Ch1:   63.61 24536.6  25.75 101 5339 15152
Ch1:   63.62 24660.7  25.78 100 5366 15154
Ch1:   63.68 24660.7  25.78 99 5366 15170
Ch1:   63.73 24839.9  25.78 98 5405 15181
Ch1:   63.81 24913.4  25.72 97 5421 15201
Ch1:   63.86 24987.0  25.75 96 5437 15211
Ch1:   63.92 25055.9  25.78 95 5452 15226
Ch1:   63.94 25226.0  25.72 94 5489 15232
Ch1:   64.05 25276.5  25.72 93 5500 15256
Ch1:   64.10 25294.9  25.75 92 5504 15268
Ch1:   64.15 25437.4  25.75 91 5535 15280
Ch1:   64.17 25570.6  25.75 90 5564 15285
Ch1:   64.22 25703.9  25.78 89 5593 15298
Ch1:   64.31 25680.9  25.75 88 5588 15318
Ch1:   64.34 25878.5  25.78 87 5631 15326
Ch1:   64.40 25878.5  25.72 86 5631 15340
Ch1:   64.38 26117.5  25.72 85 5683 15336
Ch1:   64.49 26062.4  25.75 84 5671 15362
Ch1:   64.49 26246.2  25.72 83 5711 15363
Ch1:   64.55 26232.4  25.72 82 5708 15377
Ch1:   64.58 26494.4  25.75 81 5765 15384
Ch1:   64.65 26411.7  25.75 80 5747 15401
Ch1:   64.71 26577.1  25.78 79 5783 15414
Ch1:   64.69 26751.7  25.72 78 5821 15410
Ch1:   64.75 26774.7  25.75 77 5826 15425
Ch1:   64.83 26862.0  25.72 76 5845 15442
Ch1:   64.87 26921.8  25.75 75 5858 15453
Ch1:   64.94 27119.4  25.81 74 5901 15468
Ch1:   64.92 27261.9  25.78 73 5932 15465
Ch1:   65.02 27307.8  25.75 72 5942 15487
Ch1:   65.04 27482.5  25.78 71 5980 15494
Ch1:   65.10 27560.6  25.72 70 5997 15507
Ch1:   65.16 27624.9  25.72 69 6011 15522
Ch1:   65.17 27703.1  25.75 68 6028 15525
Ch1:   65.24 27804.2  25.81 67 6050 15541
Ch1:   65.27 27978.8  25.78 66 6088 15548
Ch1:   65.32 27988.0  25.72 65 6090 15559
Ch1:   65.38 28052.3  25.78 64 6104 15573
Ch1:   65.42 28190.2  25.75 63 6134 15584
Ch1:   65.44 28318.9  25.78 62 6162 15589
Ch1:   65.49 28369.4  25.75 61 6173 15601
Ch1:   65.50 28539.5  25.69 60 6210 15603
Ch1:   65.58 28631.4  25.78 59 6230 15621
Ch1:   65.57 28677.3  25.72 58 6240 15618
Ch1:   65.63 28875.0  25.72 57 6283 15633
Ch1:   65.67 29012.8  25.81 56 6313 15644
Ch1:   65.70 29086.4  25.78 55 6329 15650
Ch1:   65.72 29104.7  25.75 54 6333 15654
Ch1:   65.78 29274.8  25.75 53 6370 15669
Ch1:   65.81 29302.4  25.78 52 6376 15676
Ch1:   65.83 29412.7  25.75 51 6400 15682
Ch1:   65.93 29490.8  25.69 50 6417 15705
Ch1:   65.98 29633.3  25.75 49 6448 15717
Ch1:   66.02 29743.6  25.69 48 6472 15727
Ch1:   66.03 29890.6  25.78 47 6504 15729
Ch1:   66.03 30083.6  25.72 46 6546 15729
Ch1:   66.11 30212.3  25.75 45 6574 15747
Ch1:   66.12 30318.0  25.75 44 6597 15750
Ch1:   66.14 30465.1  25.69 43 6629 15755
Ch1:   66.23 30566.2  25.72 42 6651 15777
Ch1:   66.23 30704.1  25.75 41 6681 15777
Ch1:   66.24 30855.7  25.72 40 6714 15779
Ch1:   66.29 30910.9  25.72 39 6726 15791
Ch1:   66.32 30984.4  25.75 38 6742 15799
Ch1:   66.38 31067.1  25.75 37 6760 15811
Ch1:   66.38 31177.4  25.72 36 6784 15811
Ch1:   66.44 31214.2  25.75 35 6792 15826
Ch1:   66.43 31296.9  25.69 34 6810 15825
Ch1:   66.48 31421.0  25.69 33 6837 15837
Ch1:   66.53 31554.3  25.78 32 6866 15847
Ch1:   66.56 31646.2  25.69 31 6886 15854
Ch1:   66.59 31848.4  25.75 30 6930 15862
Ch1:   66.63 31894.4  25.75 29 6940 15872
Ch1:   66.66 31972.5  25.75 28 6957 15878
Ch1:   66.70 32179.3  25.78 27 7002 15889
Ch1:   66.73 32326.4  25.75 26 7034 15895
Ch1:   66.72 32422.9  25.75 25 7055 15892
Ch1:   66.78 32478.0  25.72 24 7067 15907
Ch1:   66.78 32707.8  25.75 23 7117 15908
Ch1:   66.84 32744.6  25.75 22 7125 15922
Ch1:   66.85 32804.3  25.75 21 7138 15925
Ch1:   66.90 33057.1  25.78 20 7193 15936
Ch1:   66.91 33153.6  25.75 19 7214 15939
Ch1:   66.94 33222.5  25.78 18 7229 15945
Ch1:   66.98 33323.6  25.72 17 7251 15954
Ch1:   67.01 33429.3  25.75 16 7274 15963
Ch1:   67.04 33594.8  25.72 15 7310 15969
Ch1:   67.05 33705.1  25.72 14 7334 15972
Ch1:   67.05 33815.4  25.69 13 7358 15972
Ch1:   67.10 33861.3  25.78 12 7368 15984
Ch1:   67.15 33962.4  25.72 11 7390 15996
Ch1:   67.15 34127.9  25.72 10 7426 15995
Ch1:   67.21 34270.3  25.72 9 7457 16009
Ch1:   67.22 34385.2  25.72 8 7482 16013
Ch1:   67.25 34523.1  25.75 7 7512 16019
Ch1:   67.25 34716.1  25.81 6 7554 16019
Ch1:   67.29 34780.5  25.75 5 7568 16030
Ch1:   67.30 34890.8  25.72 4 7592 16031
Ch1:   67.35 34978.1  25.81 3 7611 16044
Ch1:   67.35 35134.3  25.78 2 7645 16042
Ch1:   67.39 35129.7  25.72 1 7644 16053
Ch1:   67.41 35221.7  25.72 0 7664 16058
