38.683094025 -12.542172432 -48.090839027
38.721504211 2.164160013 -48.090839027
38.839260101 -11.852811813 -48.090839027
38.977165222 -22.652774811 -22.648554584
39.081909180 -22.652774811 40.970562688
39.129974365 1.015226960 55.754006725
39.239543915 0.555655003 16.542342776
39.348903656 -5.878365040 -13.180682573
39.441471100 -8.176228523 7.020282683
39.531097412 -0.823064029 6.616312312
39.639198303 1.704586983 -6.520403568
39.743518829 -7.257083893 -10.664217720
39.860435486 -7.946443081 5.746510470
39.962238312 -1.742210031 12.640772406
40.067188263 2.164160013 -2.826379861
40.176757812 -5.418791771 -6.777474552
40.258621216 -7.716657162 11.691441703
40.361892700 -0.133705005 17.674428423
40.467681885 5.151382923 -2.922115271
40.575572968 -2.891141891 -40.974564824
40.698364258 -7.486869812 -47.904779875
40.808773041 -16.678327560 -28.094577831
40.903018951 -14.150676727 -6.629429964
40.979633331 -13.001744270 0.869860677
41.117961884 -12.542172432 3.691149447
41.225219727 -16.678327560 10.284075864
41.289867401 -9.784733772 37.303679369
41.389991760 -8.406016350 52.530690742
41.491165161 0.555655003 31.116634756
41.590450287 2.853518963 0.989266678
41.689311981 0.096082002 -37.390905620
41.798042297 -7.486869812 -49.242638167
41.879695892 -12.771958351 -34.044934322
42.061050415 -18.976190567 -6.286380759
42.134094238 -13.691103935 17.968491715
42.207771301 -8.635802269 1.952966464
42.316291809 -6.567725182 -10.624586135
42.464691162 -18.746404648 -13.350751097
42.525985718 -12.542172432 -4.199010803
42.625896454 -11.163453102 24.648009798
42.733158112 -10.933667183 5.679374107
42.812080383 -7.946443081 0.180020423
42.927318573 -11.163453102 9.130336746
43.056827545 -10.703880310 17.539565013
43.130500793 -4.269859791 24.110470509
43.228527069 -1.512423038 4.880037455
43.331169128 -3.580501080 -28.482196048
43.450813293 -7.716657162 -12.978413838
43.572345734 -16.448541641 2.590898537
43.649379730 -0.823064029 8.856656762
43.758110046 -4.269859791 6.709055625
43.839763641 -8.865589142 -39.778898542
43.949539185 -8.635802269 -12.820033619
44.083248138 -19.435764313 1.108651235
44.164062500 -4.959219933 7.250846334
44.252010345 -8.865589142 -14.645111207
44.351505280 -9.325161934 -18.777767788
44.505153656 -22.193201065 13.420165433
44.569171906 -6.567725182 15.850208026
44.683147430 -0.593276978 2.764082151
44.768787384 -10.244306564 -53.403204962
44.915302277 -16.448541641 -61.538474318
45.061183929 -30.465513229 -47.446917036
45.114707947 -25.180425644 -42.022426088
45.238548279 -31.614444733 -5.578547539
45.364070892 -37.359104156 16.464179524
45.437538147 -25.639997482 19.710251621
45.509532928 -16.908113480 -18.300601917
45.655204773 -29.316581726 -49.690942279
45.779678345 -40.805900574 -19.301000214
45.884628296 -41.265476227 16.992565872
45.919261932 -13.231531143 35.884381324
46.070182800 -29.086793900 -4.594319600
46.141548157 -25.410211563 -13.567731497
46.272949219 -32.303802490 -4.616730606
46.344524384 -15.988967896 -10.630108628
46.488937378 -33.912307739 -18.509472687
46.585704803 -28.627220154 -37.150846572
46.709335327 -34.371883392 -11.089979819
46.774616241 -34.601669312 22.370925281
46.878936768 -36.210174561 56.575771275
46.942325592 -15.759181023 30.646677380
47.030067444 -20.125123978 11.054716689
47.166713715 -25.639997482 17.095139961
47.282577515 -22.882560730 41.304949833
47.319732666 -1.742210031 45.330243814
47.412296295 -9.095375061 37.485226137
47.532363892 -9.784733772 2.902096067
47.627658844 1.015226960 4.485887936
47.746883392 -5.189005852 -32.079557176
47.853511810 -8.635802269 -52.530699493
47.991626740 -22.193201065 -48.092739841
48.078739166 -20.125123978 -25.995793601
48.199012756 -26.099571228 29.294367572
48.263450623 -18.286832809 61.738872285
48.365673065 -8.635802269 46.025505277
48.452365875 0.325868011 0.559642586
48.599925995 -9.784733772 -11.723499637
48.680526733 -16.448541641 0.748264882
48.782958984 -5.648579121 25.666715587
48.861042023 0.555655003 1.261807292
48.980266571 -5.878365040 -42.528192468
49.081020355 -14.840036392 -29.057510285
49.192058563 -19.435764313 18.837363327
49.281688690 -7.257083893 -40.527803095
49.383911133 0.325868011 -37.596977893
49.553928375 -42.184619904 -32.730007936
49.602836609 -15.988967896 -14.929738928
49.694145203 -7.946443081 40.030228253
49.807701111 -15.759181023 -30.083661557
49.922100067 -18.286832809 -27.273444534
50.024112701 -26.559143066 15.678872104
50.120246887 -16.678327560 -8.242737312
50.198329926 -7.716657162 7.222090570
50.348411560 -29.316581726 8.301217385
50.394588470 -13.231531143 15.492947622
50.482536316 -5.648579121 71.122213624
50.595046997 -7.946443081 36.431352257
50.687610626 1.704586983 18.265782837
50.800540924 1.934373021 -1.481942361
50.895416260 -1.052850008 -30.986825686
51.008342743 -7.027297020 -26.353883840
51.096923828 -9.784733772 3.843463714
51.188648224 -6.337937832 35.440356103
51.296958923 0.555655003 28.066616335
51.392044067 4.691810131 -1.158765697
51.513156891 -0.363490999 -27.840645344
51.610973358 -6.337937832 -27.832495412
51.701019287 -8.176228523 -2.746935198
51.801353455 -5.189005852 23.141428637
51.919528961 -2.661355019 33.636816734
51.994884491 2.393945932 20.150504074
52.108230591 5.151382923 3.507298881
52.223255157 1.704586983 5.486132328
52.317714691 -0.133705005 45.398946321
52.414897919 8.138607025 125.226143685
52.497390747 25.142801285 192.329949453
52.590377808 46.742725372 217.489699558
52.690078735 69.032005310 217.244763951
52.776767731 85.806419373 241.341808155
52.861358643 104.878692627 261.567957330
52.963790894 139.346649170 295.693524180
53.079448700 168.069961548 340.472826508
53.167606354 202.078353882 415.615032370
53.197624207 226.665496826 490.190141285
53.298168182 277.907867432 463.658629079
53.369323730 305.482238770 444.193045028
53.444679260 332.367248535 459.565024436
53.535354614 381.311767578 489.617936788
53.613441467 422.443542480 513.192497602
53.691734314 459.439147949 494.333519785
53.768348694 499.421997070 488.280825489
53.853569031 538.485656738 528.711261134
53.925354004 574.791931152 565.964104344
54.009735107 631.319396973 574.462128379
54.086559296 677.276672363 561.908466954
54.153518677 705.310607910 562.116230045
54.250701904 760.689147949 593.111787196
54.320182800 810.093200684 639.143694932
54.406032562 863.633483887 639.153269153
54.474250793 908.901367188 592.070907393
54.547924042 950.492736816 580.036285779
54.619079590 985.420288086 589.575203225
54.695907593 1035.513671875 627.258148311
54.787422180 1094.109252930 654.144477544
54.855850220 1141.904785156 684.065059932
54.933303833 1190.159912109 698.478223932
55.001522064 1246.917236328 676.366312131
55.080654144 1297.470214844 651.798335032
55.156009674 1341.359497070 626.851326027
55.224437714 1383.180541992 663.052391426
55.296646118 1434.193115234 696.168109342
55.366123199 1487.044067383 708.109547416
55.450294495 1543.571533203 706.733046538
55.523548126 1594.813842773 719.491993116
55.595756531 1647.434936523 735.877586142
55.671321869 1707.179443359 725.413925774
55.733242035 1749.919677734 702.588556541
55.823921204 1811.502441406 667.693937836
55.892768860 1857.689575195 707.268179294
55.968963623 1905.255371094 760.995783773
56.036552429 1969.365722656 752.375574347
56.108757019 2027.271972656 716.080200438
56.181594849 2066.795166016 658.673566920
56.260517120 2117.807861328 683.183081861
56.335033417 2170.658691406 759.526842411
56.396743774 2225.117919922 808.705440776
56.464542389 2280.496582031 808.202599938
56.547664642 2347.594238281 758.870544599
56.620079041 2401.134521484 727.305013516
56.697532654 2452.146972656 708.825048301
56.772258759 2506.376708984 694.044980969
56.831871033 2550.495605469 747.906944162
56.924018860 2609.780517578 798.232371769
56.985309601 2672.971679688 821.810857069
57.062553406 2738.690673828 865.771250480
57.125732422 2785.337402344 769.438941537
57.204238892 2857.030761719 752.232513303
57.272037506 2888.511474609 763.366314861
57.334587097 2946.647460938 779.199130671
57.417076111 3012.366210938 823.739525722
57.481937408 3067.744873047 798.116799968
57.552043915 3119.446777344 789.482177364
57.630130768 3182.867919922 811.943884345
57.699607849 3236.407958984 811.270879737
57.768035889 3301.667480469 800.601970236
57.839611053 3349.462890625 838.018491913
57.907829285 3404.841552734 874.857278232
57.972690582 3472.628417969 885.667906890
58.046363831 3542.023925781 775.790275911
58.114791870 3586.143066406 765.810778499
58.188678741 3621.760009766 781.730630494
58.255847931 3704.482910156 880.845208088
58.329521179 3759.631835938 940.258949796
58.389343262 3821.903808594 871.294884402
58.472885132 3893.597167969 795.787754407
58.536487579 3944.609863281 772.436441886
58.627166748 3995.392578125 833.095048651
58.679012299 4055.826416016 750.280181372
58.750167847 4130.736816406 746.351483365
58.852390289 4165.664550781 739.804361242
58.916618347 4226.787597656 769.700450406
58.978332520 4295.493652344 967.521229272
59.048648834 4349.723144531 936.113581888
59.108890533 4416.591308594 952.680933390
59.190750122 4484.607910156 1055.915770693
59.224964142 4532.863281250 1063.850882182
59.294235229 4614.207519531 993.145707517
59.365180969 4681.534667969 852.672051944
59.439277649 4730.479492188 778.375049049
59.525337219 4794.130371094 824.484812665
59.579700470 4843.074707031 981.339921847
59.637634277 4910.402343750 949.854168030
59.707321167 4992.436035156 854.212193913
59.775119781 5018.631347656 793.744766318
59.852993011 5082.742187500 816.687553917
59.921630859 5148.460937500 866.846476109
59.979145050 5210.503417969 845.542734194
60.072971344 5269.558593750 846.054915179
60.141189575 5331.830566406 832.142250903
60.191146851 5387.208984375 873.686764569
60.267551422 5443.736328125 959.373075956
60.342697144 5506.008789062 1091.417685929
60.405666351 5600.221191406 1199.913879318
60.459609985 5682.024902344 1205.992457509
60.527828217 5740.161132812 1005.925601075
60.589332581 5808.407714844 951.054886617
60.668464661 5869.071289062 977.712408322
60.717159271 5930.883789062 1027.110111940
60.784328461 5993.615234375 1083.384314470
60.843101501 6068.295898438 1094.626175677
60.910900116 6132.176757812 1012.977389303
60.977020264 6215.588867188 910.404394155
61.043979645 6251.435546875 951.627387435
61.123531342 6324.967285156 1033.773199709
61.169292450 6395.282226562 1305.973347619
61.228904724 6472.949707031 1268.510404361
61.301738739 6584.396484375 1103.739421776
61.359672546 6614.728027344 1052.263153323
61.428730011 6682.515136719 1005.825509058
61.495479584 6770.293457031 1147.313580321
61.561386108 6835.552734375 1242.559288102
61.605888367 6898.054687500 1187.023149608
61.666130066 6983.305664062 1282.048757358
61.750511169 7063.730957031 1190.491331178
61.802566528 7157.483398438 1036.786146756
61.857978821 7193.100585938 945.725770152
61.928508759 7247.330078125 895.554365670
61.993576050 7310.521484375 1102.116587705
62.052349091 7383.363769531 1218.905398047
62.109653473 7472.980468750 1263.167003497
62.179550171 7543.524902344 1328.765334500
62.233703613 7614.528808594 1312.191055922
62.300662994 7725.056152344 1317.274501057
62.359855652 7790.085449219 1260.784082701
62.401416779 7828.689941406 1175.191352263
62.470474243 7922.672363281 1284.411203775
62.542049408 8006.084960938 1267.533617654
62.587181091 8083.982421875 1372.595672035
62.653301239 8142.118652344 1528.533561476
62.708923340 8259.999023438 1467.312859729
62.768745422 8358.577148438 1396.999706832
62.823108673 8407.521484375 1284.229155927
62.880832672 8465.887695312 1249.730958459
62.943382263 8578.942382812 1319.448190277
63.004676819 8642.363281250 1251.216190313
63.065967560 8721.639648438 1257.446214198
63.130405426 8783.912109375 1482.305309908
63.168819427 8874.677734375 1412.709173254
63.220664978 8967.051757812 1328.631573771
63.296859741 9027.026367188 1299.280296675
63.349964142 9091.826171875 1501.692211280
63.400760651 9201.433593750 1735.867787867
63.456176758 9318.165039062 1721.546686146
63.521453857 9397.211914062 1570.801207424
63.578758240 9493.952148438 1408.606144867
63.620109558 9554.615234375 1306.630452597
63.666076660 9604.479492188 1284.707399221
63.734714508 9679.160156250 1401.381581391
63.788661957 9775.440429688 1576.102014303
63.852680206 9880.682617188 1754.970622567
63.897598267 9964.094726562 1608.850370732
63.946716309 10052.792968750 1428.764857425
64.005912781 10115.294921875 1497.322206179
64.067413330 10192.042968750 1599.336732165
64.115898132 10313.370117188 1936.441238640
64.169631958 10400.689453125 2049.248507424
64.208251953 10505.701171875 1807.244188819
64.259262085 10584.518554688 1984.161207240
64.311950684 10658.509765625 1861.170152952
64.352035522 10792.245117188 1894.005479789
64.403251648 10853.598632812 1828.499260420
64.463493347 10962.747070312 1543.350203758
64.499809265 11020.422851562 1764.968366363
64.568237305 11116.704101562 2085.415371240
64.616722107 11245.843750000 1997.471259179
64.645484924 11360.737304688 1919.178386558
64.711807251 11410.830078125 1779.074339541
64.765548706 11516.761718750 1586.388607015
64.802490234 11615.570312500 2010.044330425
64.852653503 11665.663085938 2242.344908559
64.892539978 11789.977539062 2317.903347513
64.929481506 11902.573242188 2367.210163759
64.981956482 12006.666992188 1972.606439650
65.036735535 12105.934570312 1963.929672815
65.101387024 12211.866210938 1995.614743204
65.129302979 12315.729492188 2191.786817516
65.176536560 12388.571289062 2612.810187049
65.220405579 12507.831054688 2619.864831152
65.250213623 12628.468750000 2625.555721898
65.293663025 12727.736328125 2539.574631092
65.349914551 12837.114257812 2191.004439794
65.372375488 12923.054687500 2092.853824095
65.433242798 13023.241210938 2154.907198468
65.481735229 13121.360351562 2120.319819057
65.527069092 13243.147460938 2555.122165875
65.556037903 13306.338867188 2627.744159101
65.602005005 13458.227539062 2613.693356767
65.641891479 13532.448242188 2429.205894293
65.682609558 13648.031250000 2279.872744688
65.723960876 13716.277343750 2256.366489980
65.777900696 13860.353515625 2533.573960743
65.820304871 13936.413085938 2835.355685849
65.844650269 14080.718750000 2843.320797227
65.886001587 14169.186523438 2619.267066438
65.928611755 14273.049804688 2313.627277413
65.972061157 14356.921875000 2673.126378205
66.010894775 14470.666015625 3007.348805425
66.042800903 14603.023437500 3400.203511332
66.080795288 14716.997070312 3503.768648673
66.116264343 14842.919921875 3316.719726987
66.147125244 14957.124023438 3350.970389450
66.183853149 15060.987304688 3480.147372056
66.223320007 15198.400390625 3506.431170866
66.241996765 15295.599609375 3235.609397878
66.277893066 15403.369140625 2954.037666759
66.328269958 15523.087890625 2780.703477759
66.357025146 15614.083984375 2943.200215405
66.397323608 15733.572265625 2867.132047224
66.429229736 15848.925781250 2977.964727751
66.474777222 15933.716796875 3082.913203843
66.495140076 16048.379882812 3210.017004019
66.541107178 16186.251953125 3723.222001807
66.566299438 16277.247070312 3533.860436384
66.594421387 16403.628906250 1614.250016238
66.624649048 16495.773437500 1854.188004795
66.736320496 16522.888671875 1982.000157146
66.697486877 16748.769531250 2420.787816653
66.719314575 16838.845703125 3857.807836175
66.756675720 16946.156250000 3570.156862562
66.787117004 17084.257812500 3867.405959436
66.822799683 17195.703125000 4361.479431630
66.837913513 17311.287109375 4307.509611804
66.873596191 17462.025390625 4705.002346863
66.900672913 17557.617187500 4724.590786572
66.920608521 17690.664062500 4675.208738586
66.948738098 17838.416015625 4378.321287898
66.979804993 17935.615234375 3937.249300303
67.007514954 18038.789062500 3630.125516736
67.034797668 18155.980468750 3919.234008509
67.073211670 18280.755859375 4370.572023295
67.091682434 18385.078125000 4524.483705759
67.115188599 18527.085937500 4871.351488003
67.141639709 18618.082031250 4513.022399928
67.161788940 18720.107421875 4500.556045922
67.193275452 18854.992187500 4278.344431850
67.214263916 18975.628906250 3953.239785724
67.249740601 19073.748046875 4391.644807100
67.281646729 19201.279296875 4683.829143542
67.289199829 19333.636718750 5233.213336406
67.315231323 19435.890625000 4145.702854892
67.343986511 19551.474609375 3949.165822311
67.377357483 19628.453125000 4609.875344653
67.380088806 19741.277343750 4595.656689245
67.411781311 19895.693359375 4778.374241789
67.444946289 19988.988281250 4569.351594892
67.460693359 20087.566406250 5124.845851902
67.476646423 20215.326171875 5815.592993197
67.502670288 20344.007812500 5331.432148148
67.517570496 20407.427734375 5180.565353182
67.539611816 20523.701171875 5494.730659924
67.541923523 20567.130859375 5112.168839066
67.526390076 20434.773437500 5149.214289656
67.498260498 20333.437500000 5526.118382313
67.480003357 20220.841796875 5327.647703839
67.459434509 20087.335937500 5474.788383536
67.442008972 20002.085937500 5333.168535183
67.413459778 19871.566406250 5477.994794512
67.402969360 19794.357421875 5653.412828153
67.383445740 19664.529296875 5258.465252653
67.355735779 19528.496093750 4688.670140953
67.326980591 19414.980468750 4526.456678182
67.302001953 19311.576171875 4433.845318245
67.285842896 19206.794921875 3741.645562037
67.253730774 19086.615234375 3498.134106022
67.213005066 18996.310546875 3881.867082225
67.191383362 18893.136718750 4785.925142196
67.182357788 18747.681640625 5663.326456917
67.146675110 18595.103515625 4788.452207048
67.123168945 18493.306640625 4373.488072634
67.095878601 18407.597656250 4142.076750470
67.075103760 18259.843750000 3863.702085870
67.040252686 18168.619140625 3933.552062355
67.016326904 18089.802734375 3866.353873680
66.987152100 17946.646484375 4300.172463854
66.956291199 17807.625000000 4242.767318985
66.927116394 17695.029296875 3884.896823303
66.892692566 17561.292968750 3726.207432834
66.869186401 17487.533203125 4165.515907014
66.836654663 17356.324218750 4094.378487377
66.824058533 17239.822265625 4446.128232087
66.782707214 17131.363281250 4451.637520696
66.760040283 16982.691406250 3673.299450703
66.733375549 16869.406250000 3524.082255658
66.689300537 16772.666015625 3429.675487140
66.658653259 16661.679687500 3711.087758350
66.647735596 16553.679687500 4496.549690847
66.605339050 16408.685546875 4424.227609765
66.582672119 16290.115234375 3333.488977941
66.553489685 16175.221679688 3292.078214901
66.506477356 16102.150390625 3581.317095897
66.481704712 15958.303710938 3681.787684105
66.462814331 15818.363281250 4020.804544517
66.417892456 15715.649414062 3331.504071141
66.385154724 15589.266601562 3022.730827954
66.352409363 15504.935546875 3253.368343492
66.310424805 15363.616210938 3180.275837798
66.288597107 15285.489257812 3341.906184250
66.236961365 15125.328125000 3138.212796680
66.212188721 15030.425781250 2933.023835563
66.175041199 14944.715820312 2801.138188007
66.130332947 14819.482421875 2531.530517965
66.088562012 14698.384765625 2766.981636613
66.048675537 14630.827148438 3148.956669548
66.024749756 14505.823242188 3039.021930570
65.991584778 14370.708984375 3123.126452967
65.938690186 14275.347656250 2563.382697721
65.912239075 14174.242187500 2413.682173251
65.862281799 14081.408203125 2540.006977351
65.820304871 13959.391601562 2627.551678912
65.785461426 13874.370117188 2799.107731706
65.745368958 13735.580078125 2800.890504203
65.701919556 13638.839843750 2711.035370068
65.655532837 13498.209960938 2521.615931069
65.622573853 13429.963867188 2471.323040450
65.579338074 13321.734375000 2502.156251205
65.534835815 13220.398437500 2467.323030674
65.497268677 13097.232421875 2163.084323480
65.454231262 13024.620117188 2182.422862996
65.388328552 12912.254882812 2273.767270176
65.358520508 12802.416992188 2757.220808060
65.329345703 12704.297851562 3147.431317452
65.283790588 12564.817382812 2582.660137111
65.251052856 12479.796875000 2277.185382930
65.191650391 12375.473632812 2037.601989202
65.144210815 12268.623046875 2004.767121456
65.094253540 12173.721679688 2016.650856957
65.058776855 12095.823242188 2187.603933315
65.002731323 11993.568359375 2252.410317903
64.966423035 11866.266601562 2170.581743004
64.913734436 11774.812500000 2181.852809727
64.871963501 11700.590820312 2116.400754110
64.830406189 11594.659179688 2329.165320931
64.776672363 11466.438476562 2250.898957026
64.736999512 11369.698242188 1991.710841157
64.689979553 11298.004882812 1864.001187427
64.625541687 11182.192382812 1818.690980593
64.592376709 11110.958984375 1839.113131805
64.534866333 11005.487304688 2082.629098203
64.486793518 10928.279296875 1886.239583260
64.450904846 10796.151367188 1961.578827433
64.380798340 10729.743164062 1637.687138858
64.345321655 10620.365234375 1406.245722022
64.266189575 10554.646484375 1502.659889989
64.228408813 10483.182617188 1257.287476253
64.168792725 10385.063476562 1559.968934202
64.110229492 10344.391601562 1810.549038414
64.069931030 10221.225585938 2211.336654697
64.031730652 10107.941406250 2037.730568415
63.988067627 10007.754882812 1683.102988084
63.921947479 9967.771484375 1625.129856292
63.866325378 9846.673828125 1708.478425795
63.816577911 9735.916992188 1791.997466816
63.772499084 9659.167968750 1579.686279710
63.699661255 9574.147460938 1494.112178359
63.657680511 9501.764648438 1559.906431313
63.604156494 9408.930664062 1572.739097621
63.536148071 9297.025390625 1578.712743975
63.481575012 9237.510742188 1489.096044536
63.445472717 9155.016601562 1482.424487973
63.374313354 9068.846679688 1466.590927337
63.316589355 8974.864257812 1503.701116406
63.269783020 8921.094726562 1565.796805531
63.216888428 8804.822265625 1447.985007678
63.165252686 8748.984375000 1430.017421570
63.100811005 8671.545898438 1386.071467529
63.046447754 8584.227539062 1467.672523292
63.004886627 8508.627929688 1403.534585722
62.932258606 8416.023437500 1302.856015901
62.870128632 8348.696289062 1262.414306252
62.812404633 8269.879882812 1313.069606124
62.748176575 8181.871582031 1243.545854790
62.684154510 8093.863281250 1154.483640977
62.617404938 8041.931640625 1176.029902168
62.571437836 7986.323242188 1255.066739986
62.509307861 7887.745117188 1370.420008090
62.445075989 7802.724121094 1367.163170555
62.391132355 7737.234863281 1292.767177065
62.323753357 7642.333007812 1259.328211145
62.276733398 7589.252441406 1181.571768763
62.211036682 7510.205566406 1141.833551519
62.139667511 7439.201660156 1249.891230759
62.081104279 7361.763671875 1245.931890730
62.029468536 7270.998046875 1189.049314026
61.954746246 7204.130371094 1138.121924417
61.888835907 7141.628417969 1086.231732324
61.855461121 7086.250000000 1171.154366483
61.780944824 7003.067382812 1123.458381296
61.711257935 6923.331054688 1114.386716841
61.643039703 6863.127441406 1081.408754079
61.591194153 6783.621093750 1059.672206190
61.530952454 6736.974609375 1060.336143341
61.461685181 6661.604492188 1086.979439858
61.389266968 6585.315429688 1176.287922438
61.337211609 6505.579589844 1127.778455718
61.267105103 6430.439453125 1034.774934653
61.201614380 6375.979980469 1053.900597602
61.126888275 6306.584472656 1366.239606154
61.087429047 6226.389160156 1346.540798797
61.036422729 6101.385253906 1317.815741241
60.956031799 6075.419433594 1070.304911015
60.897468567 5981.207031250 878.222641583
60.839954376 5942.832519531 1054.557964656
60.772785187 5882.628417969 944.331610417
60.707294464 5796.688476562 876.318709739
60.640125275 5749.122558594 831.108664623
60.559104919 5703.625000000 799.897521587
60.494876862 5635.378417969 883.486283593
60.418258667 5563.914550781 977.671594077
60.349414825 5499.115234375 972.451074233
60.307430267 5454.306640625 967.446801524
60.213817596 5362.622070312 1010.190967438
60.150424957 5307.013671875 895.581254340
60.109703064 5249.336914062 831.621758439
60.010421753 5194.877929688 936.277146978
59.945560455 5132.835449219 986.304524460
59.895393372 5042.299804688 1056.780586577
59.810592651 4966.699707031 922.826685996
59.753921509 4933.380859375 788.332669272
59.667858124 4862.606445312 802.199594544
59.620212555 4821.474609375 819.781129911
59.546955109 4757.594238281 854.589739817
59.464466095 4698.539062500 893.463779233
59.410308838 4636.496582031 883.721536628
59.332435608 4562.735351562 848.658932635
59.266105652 4518.156738281 802.512052591
59.201457977 4472.888671875 852.054206818
59.117706299 4394.761230469 922.157526895
59.054317474 4324.676757812 1007.896783772
59.000789642 4279.638671875 983.928919107
58.922496796 4190.481445312 930.086450330
58.854278564 4137.860351562 852.868973621
58.788581848 4080.643310547 785.748617380
58.721412659 4040.200927734 815.501336935
58.644588470 3968.967285156 797.430484465
58.578887939 3910.601562500 805.774655774
58.499122620 3857.750488281 831.625999115
58.432376862 3804.210449219 857.814458288
58.360588074 3724.704345703 890.277982932
58.289012909 3668.636230469 861.682549033
58.236328125 3628.423828125 793.253183144
58.145858765 3552.134521484 778.513442930
58.082889557 3506.177246094 840.574948665
58.002285004 3446.892333984 852.843565604
57.951068878 3379.105468750 859.715618835
57.872146606 3324.645996094 861.208827335
57.802249908 3268.578125000 751.569426656
57.722064972 3195.276367188 747.418886730
57.645870209 3158.051025391 756.711495241
57.586677551 3108.187255859 787.649902323
57.501457214 3033.506591797 824.796889040
57.448772430 2984.791992188 781.478635745
57.362293243 2928.264404297 711.192169017
57.305828094 2886.902832031 699.309718863
57.223758698 2833.362792969 761.890146319
57.159107208 2780.971435547 808.626396306
57.080814362 2711.116210938 869.844355755
57.001052856 2643.788818359 795.529966908
56.952144623 2596.682617188 703.449983636
56.847404480 2536.938232422 694.940575942
56.784641266 2500.402099609 677.426746760
56.723350525 2438.359863281 743.278734189
56.643169403 2392.632324219 801.670562437
56.571590424 2332.887939453 794.944446893
56.506942749 2268.777343750 830.319317404
56.418994904 2203.518066406 818.124182744
56.358749390 2157.560791016 739.851657637
56.287593842 2095.288818359 721.005280697
56.211608887 2055.535644531 688.065794479
56.146961212 2004.982666016 724.399881722
56.067825317 1953.970092773 721.172259712
55.990161896 1878.829833984 659.052965834
55.919006348 1851.255493164 666.293487486
55.830848694 1798.864257812 648.356306080
55.755493164 1732.685668945 744.130171690
55.686645508 1688.107177734 746.350940463
55.619056702 1629.052001953 700.198401297
55.542861938 1584.703247070 676.731722905
55.471073151 1534.609863281 649.646397854
55.389003754 1483.367431641 668.821916654
55.316795349 1433.274047852 667.104538784
55.247947693 1386.397583008 660.267111394
55.164615631 1331.478637695 646.221676747
55.094718933 1289.657470703 645.434296316
55.012016296 1235.198120117 645.895776528
54.939811707 1186.483398438 658.408335401
54.871803284 1143.972900391 661.105822799
54.797077179 1093.190063477 661.828137918
54.718994141 1041.028564453 668.656809616
54.646369934 993.233032227 640.182963269
54.572063446 943.139587402 595.480606909
54.492721558 900.169494629 564.733733169
54.411487579 858.348388672 566.976280350
54.324798584 808.484741211 604.280745071
54.260986328 764.595520020 628.611886112
54.178916931 711.514831543 622.284656455
54.095165253 661.880981445 576.772675705
54.027366638 623.047058105 518.073802552
53.958309174 591.106750488 490.311546407
53.876865387 555.030273438 494.364810532
53.794795990 511.600646973 525.001947356
53.706424713 464.034881592 547.613478940
53.639049530 424.052032471 531.603819270
53.550258636 377.175598145 477.681479154
53.471546173 341.558715820 424.291265437
53.386745453 312.146057129 407.871257674
53.314117432 284.341888428 431.078144384
53.217353821 238.154815674 448.509738938
53.134864807 197.252838135 414.237599976
53.049430847 164.393371582 344.920885066
52.964420319 141.874313354 303.459427425
52.877101898 118.895660400 298.788843083
52.794822693 90.631935120 303.347620921
52.695117950 58.921405792 271.103289280
52.622070312 40.538490295 202.277371664
52.523208618 24.453443527 124.510776614
52.440296173 18.938568115 90.191599820
52.317504883 10.206684113 76.487478594
52.224937439 2.393945932 73.923090021
52.113899231 -6.797511101 45.425775002
52.039382935 -9.554947853 3.017046807
51.933380127 -5.418791771 -27.249048993
51.839767456 0.325868011 -12.039524640
51.720752716 1.474799991 17.348597734
51.626926422 -6.797511101 23.990433675
51.519245148 -10.933667183 6.433607171
51.412826538 -6.337937832 -24.527052278
51.322566986 -1.971995950 -15.629436869
51.223281860 1.245013952 15.652329485
51.129035950 -7.257083893 23.619525705
51.000366211 -11.163453102 3.435204360
50.905281067 -8.176228523 -25.501084498
50.793823242 -0.133705005 -16.720989560
50.707344055 1.015226960 13.814353102
50.616035461 -8.176228523 23.000592284
50.508567810 -11.163453102 -2.182482716
50.385143280 -6.337937832 -21.024197910
50.287540436 0.785440981 -3.173191343
50.203788757 -3.350714922 17.086078800
50.084144592 -11.163453102 10.919394204
49.986328125 -8.635802269 -14.053742335
49.881378174 -2.201781988 -12.307762370
49.795318604 -0.133705005 11.836726812
49.695404053 -9.554947853 10.138018234
49.582267761 -10.703880310 -4.044954488
49.486343384 -1.971995950 -8.853223166
49.376773834 -1.742210031 7.462131714
49.282527924 -9.554947853 11.392952707
49.178413391 -10.703880310 -10.441700560
49.070735931 -3.580501080 -19.244788698
48.963474274 0.325868011 -0.125827533
48.867130280 -5.189005852 15.049924620
48.770156860 -10.244306564 2.923508138
48.662055969 -6.108151913 -19.664731077
48.575576782 -0.593276978 -12.560707754
48.465587616 -0.133705005 20.598406835
48.379108429 -7.257083893 28.882146798
48.262401581 -12.771958351 4.313192695
48.166267395 -9.095375061 -24.194845887
48.062366486 -1.512423038 -23.897887348
47.963920593 -0.133705005 7.797445947
47.844905853 -4.499647141 22.945553060
47.749820709 -11.623025894 1.078932344
47.646759033 -7.716657162 -20.015604537
47.533412933 0.785440981 -12.497150073
47.442733765 -0.823064029 15.145931548
47.330436707 -8.635802269 12.296409505
47.232410431 -10.933667183 1.252328481
47.129348755 -0.363490999 0.067574611
47.037414551 -5.418791771 1.426793197
46.928474426 -11.393239021 0.757358619
46.832336426 -6.108151913 -10.263186718
46.731796265 -0.363490999 -1.006135592
46.621597290 -5.418791771 12.705329027
46.529029846 -11.163453102 2.407853991
46.422607422 -7.257083893 -20.355352585
46.316818237 -0.823064029 -16.264981722
46.214385986 -0.363490999 17.150140843
46.137561798 -7.257083893 31.993058458
46.001754761 -12.771958351 12.090870241
45.913806915 -10.933667183 -24.491458759
45.815570831 -4.499647141 -38.799554171
45.700965881 2.164160013 -15.461264299
45.605457306 0.096082002 17.786298556
45.483924866 -4.729433060 36.893631408
45.404582977 -10.703880310 10.548925286
45.317893982 -10.244306564 -18.498277678
45.186496735 -3.120928049 -25.663583307
45.088890076 -0.133705005 -3.285051639
44.988555908 -2.431569099 29.887232834
44.889904022 -9.554947853 19.744447393
44.789150238 -13.231531143 -10.157443592
44.676433563 -5.189005852 -31.623898411
44.571479797 0.325868011 -20.698523642
44.474506378 0.096082002 18.079872591
44.381309509 -5.878365040 31.123278894
44.270900726 -11.163453102 14.878157906
44.156925201 -10.244306564 -16.099029755
44.072334290 -5.189005852 -30.589000747
43.946601868 -0.133705005 -13.465849537
43.863899231 -0.593276978 10.680322165
43.765247345 -6.108151913 27.013842847
43.660293579 -7.946443081 24.626303732
43.555133820 -9.784733772 13.158440668
43.456691742 -11.393239021 -7.432522847
43.364963531 -10.933667183 -28.880894846
43.249305725 -3.810286999 -29.614497819
43.154640198 0.785440981 -8.051608331
43.045070648 -1.971995950 22.559227476
42.949985504 -7.946443081 22.995925331
42.852802277 -10.703880310 -4.088327721
42.740085602 -6.797511101 -20.342665915
42.636180878 -0.823064029 -3.622552711
42.538368225 -2.431569099 10.360857350
42.425022125 -10.933667183 1.090970628
42.321327209 -7.027297020 -7.696761242
42.225822449 1.245013952 -5.886042429
42.126541138 -4.269859791 21.542315446
42.032505035 -9.554947853 58.371264094
41.914749146 -12.312384605 26.570755244
41.853458405 -23.342132568 -30.733123243
41.746196747 -10.474094391 -46.259282540
41.604091644 2.853518963 -32.442025824
41.507537842 -2.661355019 5.067773313
41.419380188 -11.163453102 10.058344873
41.300155640 -7.716657162 -15.434272327
41.211784363 0.096082002 -9.045483461
41.086475372 -0.363490999 14.990373630
41.014057159 -10.933667183 13.959373161
40.882869720 -10.244306564 -11.097304501
40.786102295 -2.891141891 -17.113911074
40.693115234 0.785440981 10.193367575
40.593414307 -7.716657162 18.446022324
40.488464355 -12.542172432 8.890560927
40.387710571 -5.418791771 -24.210876434
40.282966614 -4.959219933 -25.499912250
40.180744171 1.015226960 -9.599156696
40.078735352 -2.661355019 8.137401222
39.966434479 -1.512423038 27.427312057
39.863162994 -7.946443081 25.021685257
39.778362274 -10.474094391 23.371113297
39.668373108 -10.933667183 -0.765947389
39.563003540 -11.852811813 -10.863891534
39.457004547 -7.027297020 -23.826809358
39.345546722 -6.567725182 -26.347576191
39.257175446 -1.052850008 -7.653164914
39.151386261 -1.282637000 12.795363261
39.037616730 -5.418791771 31.270487712
38.949878693 -10.703880310 50.229804082
38.850597382 -12.312384605 29.721325238
