38.683094025 -12.542172432 7.342982999
38.721504211 2.164160013 7.342982999
38.839260101 -11.852811813 7.342982999
38.977165222 -22.652774811 7.342982999
39.081909180 -22.652774811 7.342982999
39.129974365 1.015226960 7.342982999
39.239543915 0.555655003 7.342982999
39.348903656 -5.878365040 7.342982999
39.441471100 -8.176228523 5.665056377
39.531097412 -0.823064029 7.578519649
39.639198303 1.704586983 7.624662272
39.743518829 -7.257083893 5.590290916
39.860435486 -7.946443081 0.777724744
39.962238312 -1.742210031 0.506884435
40.067188263 2.164160013 -1.863983904
40.176757812 -5.418791771 -4.668777433
40.258621216 -7.716657162 -7.547198985
40.361892700 -0.133705005 -8.163787060
40.467681885 5.151382923 -8.673869468
40.575572968 -2.891141891 -9.485080290
40.698364258 -7.486869812 -10.034653488
40.808773041 -16.678327560 -6.736342047
40.903018951 -14.150676727 -1.821766809
40.979633331 -13.001744270 0.350769956
41.117961884 -12.542172432 -0.119963362
41.225219727 -16.678327560 0.340552327
41.289867401 -9.784733772 0.985140786
41.389991760 -8.406016350 1.633775728
41.491165161 0.555655003 2.608340798
41.590450287 2.853518963 1.571600540
41.689311981 0.096082002 -2.184651718
41.798042297 -7.486869812 -3.875555951
41.879695892 -12.771958351 -5.015882259
42.061050415 -18.976190567 -7.153984332
42.134094238 -13.691103935 -7.178064267
42.207771301 -8.635802269 -7.604649943
42.316291809 -6.567725182 -5.260365045
42.464691162 -18.746404648 -0.386573453
42.525985718 -12.542172432 4.765549373
42.625896454 -11.163453102 7.391866161
42.733158112 -10.933667183 7.384765305
42.812080383 -7.946443081 3.049957255
42.927318573 -11.163453102 4.103904940
43.056827545 -10.703880310 5.312870812
43.130500793 -4.269859791 5.873375322
43.228527069 -1.512423038 3.139114977
43.331169128 -3.580501080 -0.977957161
43.450813293 -7.716657162 -0.857741150
43.572345734 -16.448541641 -1.829358454
43.649379730 -0.823064029 -2.193574229
43.758110046 -4.269859791 -6.627058450
43.839763641 -8.865589142 -6.564390295
43.949539185 -8.635802269 -3.470889820
44.083248138 -19.435764313 -2.083213531
44.164062500 -4.959219933 -2.501778183
44.252010345 -8.865589142 -7.183635310
44.351505280 -9.325161934 -11.692916728
44.505153656 -22.193201065 -13.367472088
44.569171906 -6.567725182 -16.191061895
44.683147430 -0.593276978 -16.565781459
44.768787384 -10.244306564 -14.539176635
44.915302277 -16.448541641 -17.449855171
45.061183929 -30.465513229 -19.012396556
45.114707947 -25.180425644 -20.619747642
45.238548279 -31.614444733 -15.501208762
45.364070892 -37.359104156 -16.488024489
45.437538147 -25.639997482 -12.558590282
45.509532928 -16.908113480 -7.616752183
45.655204773 -29.316581726 -0.254063443
45.779678345 -40.805900574 1.238186558
45.884628296 -41.265476227 0.694124732
45.919261932 -13.231531143 0.130809951
46.070182800 -29.086793900 -1.892003025
46.141548157 -25.410211563 -5.669706642
46.272949219 -32.303802490 -1.726274868
46.344524384 -15.988967896 3.708966540
46.488937378 -33.912307739 4.333871861
46.585704803 -28.627220154 2.270612209
46.709335327 -34.371883392 4.417010813
46.774616241 -34.601669312 12.035323654
46.878936768 -36.210174561 14.466600935
46.942325592 -15.759181023 20.399632842
47.030067444 -20.125123978 21.324044305
47.166713715 -25.639997482 25.595609316
47.282577515 -22.882560730 19.468151656
47.319732666 -1.742210031 15.514810351
47.412296295 -9.095375061 8.253521091
47.532363892 -9.784733772 3.196173588
47.627658844 1.015226960 -0.340940058
47.746883392 -5.189005852 2.664820808
47.853511810 -8.635802269 1.531191084
47.991626740 -22.193201065 -2.911329135
48.078739166 -20.125123978 -4.183259520
48.199012756 -26.099571228 0.822432757
48.263450623 -18.286832809 2.376533735
48.365673065 -8.635802269 1.463669072
48.452365875 0.325868011 2.736096388
48.599925995 -9.784733772 5.949801298
48.680526733 -16.448541641 10.176971076
48.782958984 -5.648579121 -1.154917538
48.861042023 0.555655003 -3.869249653
48.980266571 -5.878365040 -6.259097236
49.081020355 -14.840036392 -9.209597942
49.192058563 -19.435764313 -10.169058124
49.281688690 -7.257083893 -10.356669249
49.383911133 0.325868011 -9.912983620
49.553928375 -42.184619904 -9.137768814
49.602836609 -15.988967896 -10.731370407
49.694145203 -7.946443081 -6.107677014
49.807701111 -15.759181023 -0.912049656
49.922100067 -18.286832809 1.386219812
50.024112701 -26.559143066 4.514769797
50.120246887 -16.678327560 10.769579875
50.198329926 -7.716657162 18.482414639
50.348411560 -29.316581726 11.890986901
50.394588470 -13.231531143 10.967668068
50.482536316 -5.648579121 13.176061662
50.595046997 -7.946443081 14.655915355
50.687610626 1.704586983 15.786905701
50.800540924 1.934373021 12.309635012
50.895416260 -1.052850008 9.264550098
51.008342743 -7.027297020 8.085446534
51.096923828 -9.784733772 1.843189395
51.188648224 -6.337937832 -0.335236686
51.296958923 0.555655003 0.449800759
51.392044067 4.691810131 1.022119570
51.513156891 -0.363490999 3.021218471
51.610973358 -6.337937832 4.581897641
51.701019287 -8.176228523 7.433373257
51.801353455 -5.189005852 12.369187201
51.919528961 -2.661355019 20.709136502
51.994884491 2.393945932 33.791332317
52.108230591 5.151382923 50.586779463
52.223255157 1.704586983 71.095488200
52.317714691 -0.133705005 95.107043038
52.414897919 8.138607025 119.753393453
52.497390747 25.142801285 147.003750761
52.590377808 46.742725372 175.969642117
52.690078735 69.032005310 209.990722049
52.776767731 85.806419373 246.689945226
52.861358643 104.878692627 280.947732985
52.963790894 139.346649170 313.200365494
53.079448700 168.069961548 342.131849086
53.167606354 202.078353882 367.399984524
53.197624207 226.665496826 393.655695804
53.298168182 277.907867432 418.761552219
53.369323730 305.482238770 441.101628263
53.444679260 332.367248535 464.230992314
53.535354614 381.311767578 485.151307953
53.613441467 422.443542480 500.207778215
53.691734314 459.439147949 507.847402551
53.768348694 499.421997070 515.940751661
53.853569031 538.485656738 529.870492228
53.925354004 574.791931152 545.832409812
54.009735107 631.319396973 558.858431509
54.086559296 677.276672363 565.644451248
54.153518677 705.310607910 574.238817387
54.250701904 760.689147949 584.112784085
54.320182800 810.093200684 593.906922498
54.406032562 863.633483887 602.912261626
54.474250793 908.901367188 612.862937008
54.547924042 950.492736816 620.563840474
54.619079590 985.420288086 628.689046355
54.695907593 1035.513671875 636.116701213
54.787422180 1094.109252930 640.679654254
54.855850220 1141.904785156 645.503712751
54.933303833 1190.159912109 652.650628736
55.001522064 1246.917236328 660.127839401
55.080654144 1297.470214844 669.721435385
55.156009674 1341.359497070 680.090598559
55.224437714 1383.180541992 685.864420384
55.296646118 1434.193115234 690.577288856
55.366123199 1487.044067383 693.097238224
55.450294495 1543.571533203 694.105721684
55.523548126 1594.813842773 699.216337205
55.595756531 1647.434936523 709.991537799
55.671321869 1707.179443359 714.766416487
55.733242035 1749.919677734 714.700819756
55.823921204 1811.502441406 712.407393848
55.892768860 1857.689575195 713.648247586
55.968963623 1905.255371094 718.266370597
56.036552429 1969.365722656 723.763280759
56.108757019 2027.271972656 728.468367146
56.181594849 2066.795166016 730.984151429
56.260517120 2117.807861328 735.140054060
56.335033417 2170.658691406 738.900829805
56.396743774 2225.117919922 737.921973420
56.464542389 2280.496582031 742.022688466
56.547664642 2347.594238281 745.305452754
56.620079041 2401.134521484 752.807015610
56.697532654 2452.146972656 766.285234269
56.772258759 2506.376708984 766.896950946
56.831871033 2550.495605469 767.919967095
56.924018860 2609.780517578 767.894517724
56.985309601 2672.971679688 772.003036469
57.062553406 2738.690673828 776.381603786
57.125732422 2785.337402344 783.088619015
57.204238892 2857.030761719 788.883958236
57.272037506 2888.511474609 795.358519877
57.334587097 2946.647460938 796.643042190
57.417076111 3012.366210938 797.336370923
57.481937408 3067.744873047 798.114592230
57.552043915 3119.446777344 807.096919561
57.630130768 3182.867919922 812.891881741
57.699607849 3236.407958984 808.578210144
57.768035889 3301.667480469 818.783866738
57.839611053 3349.462890625 818.135894618
57.907829285 3404.841552734 824.741009862
57.972690582 3472.628417969 831.244548829
58.046363831 3542.023925781 837.474587412
58.114791870 3586.143066406 831.974931680
58.188678741 3621.760009766 833.171699726
58.255847931 3704.482910156 838.189714940
58.329521179 3759.631835938 827.213604115
58.389343262 3821.903808594 816.881182314
58.472885132 3893.597167969 813.164502079
58.536487579 3944.609863281 813.311914587
58.627166748 3995.392578125 823.118820100
58.679012299 4055.826416016 828.510837430
58.750167847 4130.736816406 829.697620323
58.852390289 4165.664550781 847.520912036
58.916618347 4226.787597656 864.142091960
58.978332520 4295.493652344 879.527616380
59.048648834 4349.723144531 890.783707291
59.108890533 4416.591308594 902.204474473
59.190750122 4484.607910156 907.924696631
59.224964142 4532.863281250 927.065593360
59.294235229 4614.207519531 938.073053311
59.365180969 4681.534667969 922.437620530
59.439277649 4730.479492188 909.214208256
59.525337219 4794.130371094 904.703535764
59.579700470 4843.074707031 886.176131202
59.637634277 4910.402343750 873.827383366
59.707321167 4992.436035156 864.389269628
59.775119781 5018.631347656 856.688474820
59.852993011 5082.742187500 856.405600404
59.921630859 5148.460937500 873.746367913
59.979145050 5210.503417969 896.184202032
60.072971344 5269.558593750 910.348095269
60.141189575 5331.830566406 926.838406243
60.191146851 5387.208984375 943.658173579
60.267551422 5443.736328125 974.319901037
60.342697144 5506.008789062 990.156877838
60.405666351 5600.221191406 1007.979903077
60.459609985 5682.024902344 1023.917242392
60.527828217 5740.161132812 1050.068689237
60.589332581 5808.407714844 1047.054535523
60.668464661 5869.071289062 1037.861723486
60.717159271 5930.883789062 1040.951693418
60.784328461 5993.615234375 1040.254325269
60.843101501 6068.295898438 1045.140517186
60.910900116 6132.176757812 1046.381699390
60.977020264 6215.588867188 1056.341477413
61.043979645 6251.435546875 1068.075812388
61.123531342 6324.967285156 1079.185697143
61.169292450 6395.282226562 1085.866366286
61.228904724 6472.949707031 1103.676940953
61.301738739 6584.396484375 1111.641887818
61.359672546 6614.728027344 1138.208007676
61.428730011 6682.515136719 1148.438868883
61.495479584 6770.293457031 1153.140002887
61.561386108 6835.552734375 1137.668536160
61.605888367 6898.054687500 1118.558684788
61.666130066 6983.305664062 1116.779377176
61.750511169 7063.730957031 1115.564249681
61.802566528 7157.483398438 1131.882599846
61.857978821 7193.100585938 1147.512831701
61.928508759 7247.330078125 1154.929381315
61.993576050 7310.521484375 1161.500611683
62.052349091 7383.363769531 1168.204173601
62.109653473 7472.980468750 1178.566820007
62.179550171 7543.524902344 1205.737862798
62.233703613 7614.528808594 1214.680451497
62.300662994 7725.056152344 1260.198240803
62.359855652 7790.085449219 1302.407646440
62.401416779 7828.689941406 1318.817256432
62.470474243 7922.672363281 1318.163044530
62.542049408 8006.084960938 1328.988804148
62.587181091 8083.982421875 1338.304235826
62.653301239 8142.118652344 1336.774527864
62.708923340 8259.999023438 1324.751073506
62.768745422 8358.577148438 1341.251261364
62.823108673 8407.521484375 1361.275163573
62.880832672 8465.887695312 1354.165849168
62.943382263 8578.942382812 1345.103622701
63.004676819 8642.363281250 1348.175636553
63.065967560 8721.639648438 1375.235147323
63.130405426 8783.912109375 1379.622433937
63.168819427 8874.677734375 1408.562357851
63.220664978 8967.051757812 1445.050583764
63.296859741 9027.026367188 1462.660045207
63.349964142 9091.826171875 1458.227676845
63.400760651 9201.433593750 1475.044544059
63.456176758 9318.165039062 1485.899727648
63.521453857 9397.211914062 1499.463193573
63.578758240 9493.952148438 1502.412237416
63.620109558 9554.615234375 1508.040856936
63.666076660 9604.479492188 1515.648100312
63.734714508 9679.160156250 1519.416188003
63.788661957 9775.440429688 1514.723194537
63.852680206 9880.682617188 1542.972231772
63.897598267 9964.094726562 1585.479382621
63.946716309 10052.792968750 1611.638433035
64.005912781 10115.294921875 1672.202476254
64.067413330 10192.042968750 1720.010758191
64.115898132 10313.370117188 1760.440377149
64.169631958 10400.689453125 1774.708798913
64.208251953 10505.701171875 1778.386403846
64.259262085 10584.518554688 1801.458756238
64.311950684 10658.509765625 1857.500629563
64.352035522 10792.245117188 1877.723436439
64.403251648 10853.598632812 1877.187682940
64.463493347 10962.747070312 1871.116029657
64.499809265 11020.422851562 1857.167808156
64.568237305 11116.704101562 1862.078653761
64.616722107 11245.843750000 1904.330114399
64.645484924 11360.737304688 1937.950626113
64.711807251 11410.830078125 1950.823163520
64.765548706 11516.761718750 1985.024274303
64.802490234 11615.570312500 2024.905895388
64.852653503 11665.663085938 2046.196123152
64.892539978 11789.977539062 2076.290195908
64.929481506 11902.573242188 2108.619467746
64.981956482 12006.666992188 2157.019849835
65.036735535 12105.934570312 2236.798765961
65.101387024 12211.866210938 2279.153371132
65.129302979 12315.729492188 2290.931959554
65.176536560 12388.571289062 2306.890554967
65.220405579 12507.831054688 2295.016100850
65.250213623 12628.468750000 2300.172686732
65.293663025 12727.736328125 2351.977961519
65.349914551 12837.114257812 2383.321448773
65.372375488 12923.054687500 2408.136491693
65.433242798 13023.241210938 2383.015175893
65.481735229 13121.360351562 2389.551962333
65.527069092 13243.147460938 2355.465380730
65.556037903 13306.338867188 2378.344175947
65.602005005 13458.227539062 2422.820851984
65.641891479 13532.448242188 2465.712840081
65.682609558 13648.031250000 2476.594847064
65.723960876 13716.277343750 2523.804199351
65.777900696 13860.353515625 2569.033336026
65.820304871 13936.413085938 2604.925709897
65.844650269 14080.718750000 2660.920532691
65.886001587 14169.186523438 2724.998055538
65.928611755 14273.049804688 2811.945752041
65.972061157 14356.921875000 2894.506046142
66.010894775 14470.666015625 3007.962833072
66.042800903 14603.023437500 3088.319358706
66.080795288 14716.997070312 3131.020303928
66.116264343 14842.919921875 3134.804015992
66.147125244 14957.124023438 3192.240845556
66.183853149 15060.987304688 3235.012887104
66.223320007 15198.400390625 3210.892051590
66.241996765 15295.599609375 3187.105194342
66.277893066 15403.369140625 3147.063468470
66.328269958 15523.087890625 3136.371496046
66.357025146 15614.083984375 3144.120445782
66.397323608 15733.572265625 3154.408418432
66.429229736 15848.925781250 2912.841070364
66.474777222 15933.716796875 2958.153718006
66.495140076 16048.379882812 3018.730489607
66.541107178 16186.251953125 3101.408310407
66.566299438 16277.247070312 3213.229356725
66.594421387 16403.628906250 3288.271797821
66.624649048 16495.773437500 3403.321581644
66.736320496 16522.888671875 3528.960976851
66.697486877 16748.769531250 3662.155997823
66.719314575 16838.845703125 3768.175531099
66.756675720 16946.156250000 3951.363317479
66.787117004 17084.257812500 4080.118113033
66.822799683 17195.703125000 4204.533181231
66.837913513 17311.287109375 4368.686548170
66.873596191 17462.025390625 4481.971552348
66.900672913 17557.617187500 4232.494255553
66.920608521 17690.664062500 4294.110843993
66.948738098 17838.416015625 4337.581097326
66.979804993 17935.615234375 4342.693072032
67.007514954 18038.789062500 4350.358693505
67.034797668 18155.980468750 4338.643878272
67.073211670 18280.755859375 4317.730825013
67.091682434 18385.078125000 4285.621598993
67.115188599 18527.085937500 4322.699893121
67.141639709 18618.082031250 4391.647147069
67.161788940 18720.107421875 4481.192061462
67.193275452 18854.992187500 4460.648893339
67.214263916 18975.628906250 4524.695491702
67.249740601 19073.748046875 4595.523615870
67.281646729 19201.279296875 4548.905681506
67.289199829 19333.636718750 4548.715187582
67.315231323 19435.890625000 4639.806009391
67.343986511 19551.474609375 4705.020775342
67.377357483 19628.453125000 4772.321907128
67.380088806 19741.277343750 4836.652770347
67.411781311 19895.693359375 4968.068186391
67.444946289 19988.988281250 4952.045186270
67.460693359 20087.566406250 4909.479558042
67.476646423 20215.326171875 5020.320097809
67.502670288 20344.007812500 5143.110793374
67.517570496 20407.427734375 5267.689434029
67.539611816 20523.701171875 5125.372008692
67.541923523 20567.130859375 5308.905213713
67.526390076 20434.773437500 5483.628996993
67.498260498 20333.437500000 5470.244105386
67.480003357 20220.841796875 5389.510477818
67.459434509 20087.335937500 5287.933270801
67.442008972 20002.085937500 5251.330877407
67.413459778 19871.566406250 5171.607122444
67.402969360 19794.357421875 4958.791910634
67.383445740 19664.529296875 4752.775077017
67.355735779 19528.496093750 4740.907527262
67.326980591 19414.980468750 4672.343211008
67.302001953 19311.576171875 4614.383820070
67.285842896 19206.794921875 4548.236370916
67.253730774 19086.615234375 4538.580202366
67.213005066 18996.310546875 4457.732294757
67.191383362 18893.136718750 4376.383490837
67.182357788 18747.681640625 4356.799154842
67.146675110 18595.103515625 4359.271632960
67.123168945 18493.306640625 4337.759736762
67.095878601 18407.597656250 4298.392789568
67.075103760 18259.843750000 4273.852378564
67.040252686 18168.619140625 4231.348946532
67.016326904 18089.802734375 4175.517675992
66.987152100 17946.646484375 4061.344531523
66.956291199 17807.625000000 4088.856644702
66.927116394 17695.029296875 4121.996470355
66.892692566 17561.292968750 4080.807080803
66.869186401 17487.533203125 4010.385397623
66.836654663 17356.324218750 4062.502818117
66.824058533 17239.822265625 4045.367459431
66.782707214 17131.363281250 4033.470270073
66.760040283 16982.691406250 4038.504795186
66.733375549 16869.406250000 3949.359462379
66.689300537 16772.666015625 3912.793309595
66.658653259 16661.679687500 3932.972042169
66.647735596 16553.679687500 3867.062204431
66.605339050 16408.685546875 3807.046885810
66.582672119 16290.115234375 3770.293231747
66.553489685 16175.221679688 3683.247389199
66.506477356 16102.150390625 3652.983393500
66.481704712 15958.303710938 3615.028102542
66.462814331 15818.363281250 3539.743034232
66.417892456 15715.649414062 3431.491000228
66.385154724 15589.266601562 3352.913847871
66.352409363 15504.935546875 3267.890533160
66.310424805 15363.616210938 3173.012952048
66.288597107 15285.489257812 3139.479840173
66.236961365 15125.328125000 3074.282755476
66.212188721 15030.425781250 2998.816978452
66.175041199 14944.715820312 2997.199796728
66.130332947 14819.482421875 2932.957369402
66.088562012 14698.384765625 2892.150565597
66.048675537 14630.827148438 2834.893203839
66.024749756 14505.823242188 2810.330982742
65.991584778 14370.708984375 2777.001855421
65.938690186 14275.347656250 2763.703501786
65.912239075 14174.242187500 2752.816370702
65.862281799 14081.408203125 2725.009359565
65.820304871 13959.391601562 2687.661293860
65.785461426 13874.370117188 2672.048947811
65.745368958 13735.580078125 2603.794620717
65.701919556 13638.839843750 2534.479071708
65.655532837 13498.209960938 2526.600504551
65.622573853 13429.963867188 2510.784461245
65.579338074 13321.734375000 2529.448035925
65.534835815 13220.398437500 2524.778802355
65.497268677 13097.232421875 2499.188387050
65.454231262 13024.620117188 2464.375114772
65.388328552 12912.254882812 2437.505759650
65.358520508 12802.416992188 2402.928146971
65.329345703 12704.297851562 2368.445719267
65.283790588 12564.817382812 2356.535842755
65.251052856 12479.796875000 2328.635281060
65.191650391 12375.473632812 2287.404173200
65.144210815 12268.623046875 2276.056678671
65.094253540 12173.721679688 2253.166911899
65.058776855 12095.823242188 2213.287163642
65.002731323 11993.568359375 2173.948929580
64.966423035 11866.266601562 2137.834924318
64.913734436 11774.812500000 2127.330967398
64.871963501 11700.590820312 2118.306520927
64.830406189 11594.659179688 2085.879333383
64.776672363 11466.438476562 2091.597504521
64.736999512 11369.698242188 2046.485342890
64.689979553 11298.004882812 2027.059465680
64.625541687 11182.192382812 1948.648825694
64.592376709 11110.958984375 1905.696280997
64.534866333 11005.487304688 1853.229237032
64.486793518 10928.279296875 1766.167385826
64.450904846 10796.151367188 1725.342253686
64.380798340 10729.743164062 1722.836642920
64.345321655 10620.365234375 1741.789464831
64.266189575 10554.646484375 1715.450404563
64.228408813 10483.182617188 1704.436585328
64.168792725 10385.063476562 1710.707314353
64.110229492 10344.391601562 1718.161870617
64.069931030 10221.225585938 1700.733388054
64.031730652 10107.941406250 1723.347522493
63.988067627 10007.754882812 1720.214145405
63.921947479 9967.771484375 1743.123310298
63.866325378 9846.673828125 1713.901326990
63.816577911 9735.916992188 1701.448519291
63.772499084 9659.167968750 1670.829308706
63.699661255 9574.147460938 1613.713760074
63.657680511 9501.764648438 1571.451627688
63.604156494 9408.930664062 1568.240879348
63.536148071 9297.025390625 1568.718133976
63.481575012 9237.510742188 1527.042659074
63.445472717 9155.016601562 1503.878754396
63.374313354 9068.846679688 1503.277065360
63.316589355 8974.864257812 1500.118718115
63.269783020 8921.094726562 1473.725794390
63.216888428 8804.822265625 1449.908369314
63.165252686 8748.984375000 1431.388185960
63.100811005 8671.545898438 1419.054618326
63.046447754 8584.227539062 1380.015934797
63.004886627 8508.627929688 1354.539686884
62.932258606 8416.023437500 1332.215587809
62.870128632 8348.696289062 1316.647358167
62.812404633 8269.879882812 1293.966335374
62.748176575 8181.871582031 1294.136493162
62.684154510 8093.863281250 1285.465221239
62.617404938 8041.931640625 1271.183789444
62.571437836 7986.323242188 1255.373858919
62.509307861 7887.745117188 1251.899510333
62.445075989 7802.724121094 1260.590322274
62.391132355 7737.234863281 1252.250638463
62.323753357 7642.333007812 1238.721378497
62.276733398 7589.252441406 1236.336300832
62.211036682 7510.205566406 1234.777132131
62.139667511 7439.201660156 1218.035300244
62.081104279 7361.763671875 1190.723023792
62.029468536 7270.998046875 1181.550244061
61.954746246 7204.130371094 1165.696797788
61.888835907 7141.628417969 1148.732122144
61.855461121 7086.250000000 1136.690008854
61.780944824 7003.067382812 1133.240308401
61.711257935 6923.331054688 1129.099732259
61.643039703 6863.127441406 1112.280855943
61.591194153 6783.621093750 1094.576953605
61.530952454 6736.974609375 1106.310488145
61.461685181 6661.604492188 1136.897809154
61.389266968 6585.315429688 1134.156455757
61.337211609 6505.579589844 1149.901689584
61.267105103 6430.439453125 1153.511862501
61.201614380 6375.979980469 1151.293011744
61.126888275 6306.584472656 1147.129287544
61.087429047 6226.389160156 1140.683561876
61.036422729 6101.385253906 1107.187628385
60.956031799 6075.419433594 1075.278972044
60.897468567 5981.207031250 1040.150102274
60.839954376 5942.832519531 1013.910861549
60.772785187 5882.628417969 991.453655035
60.707294464 5796.688476562 963.398894474
60.640125275 5749.122558594 931.442942019
60.559104919 5703.625000000 918.994986829
60.494876862 5635.378417969 921.378226942
60.418258667 5563.914550781 906.885720353
60.349414825 5499.115234375 924.166135205
60.307430267 5454.306640625 934.073390185
60.213817596 5362.622070312 934.878975470
60.150424957 5307.013671875 942.739666387
60.109703064 5249.336914062 945.202097349
60.010421753 5194.877929688 934.243228064
59.945560455 5132.835449219 919.873228432
59.895393372 5042.299804688 911.452491220
59.810592651 4966.699707031 904.561008899
59.753921509 4933.380859375 893.748205061
59.667858124 4862.606445312 881.712477771
59.620212555 4821.474609375 871.322135444
59.546955109 4757.594238281 874.925768573
59.464466095 4698.539062500 864.567479095
59.410308838 4636.496582031 862.285772852
59.332435608 4562.735351562 874.131902413
59.266105652 4518.156738281 886.630997472
59.201457977 4472.888671875 886.410464958
59.117706299 4394.761230469 886.011172818
59.054317474 4324.676757812 886.003871708
59.000789642 4279.638671875 879.520022311
58.922496796 4190.481445312 866.914750802
58.854278564 4137.860351562 866.886763258
58.788581848 4080.643310547 867.143593198
58.721412659 4040.200927734 860.762696863
58.644588470 3968.967285156 849.243045185
58.578887939 3910.601562500 837.107486486
58.499122620 3857.750488281 827.795459882
58.432376862 3804.210449219 827.278080246
58.360588074 3724.704345703 831.313541530
58.289012909 3668.636230469 833.343795589
58.236328125 3628.423828125 839.078551814
58.145858765 3552.134521484 829.190082633
58.082889557 3506.177246094 823.329945847
58.002285004 3446.892333984 821.243307735
57.951068878 3379.105468750 816.501981620
57.872146606 3324.645996094 805.627129470
57.802249908 3268.578125000 801.395420168
57.722064972 3195.276367188 792.690060558
57.645870209 3158.051025391 784.161498032
57.586677551 3108.187255859 780.674423871
57.501457214 3033.506591797 777.227044144
57.448772430 2984.791992188 774.538639218
57.362293243 2928.264404297 773.669187628
57.305828094 2886.902832031 766.577658801
57.223758698 2833.362792969 766.247225392
57.159107208 2780.971435547 764.936771133
57.080814362 2711.116210938 758.335861717
57.001052856 2643.788818359 758.280066087
56.952144623 2596.682617188 760.756894859
56.847404480 2536.938232422 766.307677644
56.784641266 2500.402099609 771.028462209
56.723350525 2438.359863281 768.264969352
56.643169403 2392.632324219 762.513192655
56.571590424 2332.887939453 754.259777887
56.506942749 2268.777343750 755.900700668
56.418994904 2203.518066406 750.787958524
56.358749390 2157.560791016 745.925816892
56.287593842 2095.288818359 739.305983811
56.211608887 2055.535644531 727.150981711
56.146961212 2004.982666016 724.443007010
56.067825317 1953.970092773 712.981137530
55.990161896 1878.829833984 703.432989111
55.919006348 1851.255493164 697.600159356
55.830848694 1798.864257812 693.053851718
55.755493164 1732.685668945 689.502827935
55.686645508 1688.107177734 689.858127707
55.619056702 1629.052001953 683.792569559
55.542861938 1584.703247070 679.272730005
55.471073151 1534.609863281 673.656171773
55.389003754 1483.367431641 675.372419939
55.316795349 1433.274047852 670.238623620
55.247947693 1386.397583008 662.292418102
55.164615631 1331.478637695 659.455260322
55.094718933 1289.657470703 656.285194771
55.012016296 1235.198120117 655.010427839
54.939811707 1186.483398438 648.179709760
54.871803284 1143.972900391 640.884487002
54.797077179 1093.190063477 634.719479947
54.718994141 1041.028564453 630.374098949
54.646369934 993.233032227 626.074214342
54.572063446 943.139587402 621.594087638
54.492721558 900.169494629 612.902423272
54.411487579 858.348388672 601.049420958
54.324798584 808.484741211 589.387515347
54.260986328 764.595520020 577.138532724
54.178916931 711.514831543 567.905092769
54.095165253 661.880981445 559.885587015
54.027366638 623.047058105 551.359497618
53.958309174 591.106750488 540.379636544
53.876865387 555.030273438 526.385007686
53.794795990 511.600646973 510.790473464
53.706424713 464.034881592 496.968837852
53.639049530 424.052032471 483.691888424
53.550258636 377.175598145 468.985747726
53.471546173 341.558715820 452.749447888
53.386745453 312.146057129 437.348612705
53.314117432 284.341888428 419.303590217
53.217353821 238.154815674 398.717047636
53.134864807 197.252838135 374.341480161
53.049430847 164.393371582 347.582395035
52.964420319 141.874313354 315.811592477
52.877101898 118.895660400 285.522877845
52.794822693 90.631935120 254.126447701
52.695117950 58.921405792 222.528714168
52.622070312 40.538490295 186.512413166
52.523208618 24.453443527 152.968837985
52.440296173 18.938568115 122.414891948
52.317504883 10.206684113 98.137536845
52.224937439 2.393945932 75.950060400
52.113899231 -6.797511101 54.375181613
52.039382935 -9.554947853 36.044860653
51.933380127 -5.418791771 22.897800015
51.839767456 0.325868011 15.077386180
51.720752716 1.474799991 11.003979447
51.626926422 -6.797511101 6.503330660
51.519245148 -10.933667183 1.585549475
51.412826538 -6.337937832 -1.720666666
51.322566986 -1.971995950 -0.311568740
51.223281860 1.245013952 2.577178303
51.129035950 -7.257083893 3.062401649
51.000366211 -11.163453102 0.156547808
50.905281067 -8.176228523 -1.998876194
50.793823242 -0.133705005 -0.105011478
50.707344055 1.015226960 2.143817973
50.616035461 -8.176228523 1.614212721
50.508567810 -11.163453102 -0.446515798
50.385143280 -6.337937832 -1.115106620
50.287540436 0.785440981 0.558040606
50.203788757 -3.350714922 1.041699272
50.084144592 -11.163453102 0.952166549
49.986328125 -8.635802269 0.770350684
49.881378174 -2.201781988 0.199151693
49.795318604 -0.133705005 0.060371656
49.695404053 -9.554947853 -0.044076294
49.582267761 -10.703880310 0.249388706
49.486343384 -1.971995950 -0.153208638
49.376773834 -1.742210031 -0.822033861
49.282527924 -9.554947853 -0.738808286
49.178413391 -10.703880310 -1.110573705
49.070735931 -3.580501080 -1.247541708
48.963474274 0.325868011 -0.794573875
48.867130280 -5.189005852 0.989720024
48.770156860 -10.244306564 1.235119656
48.662055969 -6.108151913 -1.012919987
48.575576782 -0.593276978 -2.163730196
48.465587616 -0.133705005 0.563167813
48.379108429 -7.257083893 2.562512070
48.262401581 -12.771958351 0.515727522
48.166267395 -9.095375061 -1.993502382
48.062366486 -1.512423038 -1.097241368
47.963920593 -0.133705005 1.598436307
47.844905853 -4.499647141 0.561960892
47.749820709 -11.623025894 -0.564636669
47.646759033 -7.716657162 -0.534369771
47.533412933 0.785440981 -0.207721668
47.442733765 -0.823064029 0.309225410
47.330436707 -8.635802269 1.466612297
47.232410431 -10.933667183 2.017517384
47.129348755 -0.363490999 0.879333271
47.037414551 -5.418791771 -0.855160479
46.928474426 -11.393239021 -0.559744112
46.832336426 -6.108151913 0.721828092
46.731796265 -0.363490999 1.031927929
46.621597290 -5.418791771 0.815915381
46.529029846 -11.163453102 0.859957971
46.422607422 -7.257083893 0.025854609
46.316818237 -0.823064029 -2.748008469
46.214385986 -0.363490999 -2.903887933
46.137561798 -7.257083893 0.035500545
46.001754761 -12.771958351 1.422203341
45.913806915 -10.933667183 -0.674616636
45.815570831 -4.499647141 -2.164254357
45.700965881 2.164160013 -1.304920623
45.605457306 0.096082002 0.499577967
45.483924866 -4.729433060 1.329465122
45.404582977 -10.703880310 -0.349678668
45.317893982 -10.244306564 -1.641893160
45.186496735 -3.120928049 -1.089865237
45.088890076 -0.133705005 0.875566794
44.988555908 -2.431569099 2.525260514
44.889904022 -9.554947853 1.866636732
44.789150238 -13.231531143 0.113235440
44.676433563 -5.189005852 -1.713658921
44.571479797 0.325868011 -1.603506349
44.474506378 0.096082002 0.084376337
44.381309509 -5.878365040 0.363656603
44.270900726 -11.163453102 0.091753850
44.156925201 -10.244306564 0.507731392
44.072334290 -5.189005852 2.504992685
43.946601868 -0.133705005 3.774242340
43.863899231 -0.593276978 1.959337543
43.765247345 -6.108151913 -0.531822473
43.660293579 -7.946443081 -1.572137999
43.555133820 -9.784733772 -0.546280763
43.456691742 -11.393239021 0.866944970
43.364963531 -10.933667183 0.655038088
43.249305725 -3.810286999 -0.220289226
43.154640198 0.785440981 -0.263288885
43.045070648 -1.971995950 -1.551361092
42.949985504 -7.946443081 -3.554214739
42.852802277 -10.703880310 -3.449725258
42.740085602 -6.797511101 -1.449338057
42.636180878 -0.823064029 1.704597660
42.538368225 -2.431569099 7.325528504
42.425022125 -10.933667183 7.516054458
42.321327209 -7.027297020 2.710766609
42.225822449 1.245013952 0.226072417
42.126541138 -4.269859791 1.508509150
42.032505035 -9.554947853 2.619037782
41.914749146 -12.312384605 0.807206674
41.853458405 -23.342132568 -2.349780251
41.746196747 -10.474094391 -2.454738139
41.604091644 2.853518963 -0.594673486
41.507537842 -2.661355019 -1.608536321
41.419380188 -11.163453102 -5.585146156
41.300155640 -7.716657162 -6.055427498
41.211784363 0.096082002 -4.062437523
41.086475372 -0.363490999 -3.115553107
41.014057159 -10.933667183 1.153491377
40.882869720 -10.244306564 0.994742386
40.786102295 -2.891141891 -1.641396547
40.693115234 0.785440981 -3.218861545
40.593414307 -7.716657162 -0.801079430
40.488464355 -12.542172432 1.338271090
40.387710571 -5.418791771 1.325909509
40.282966614 -4.959219933 1.314136129
40.180744171 1.015226960 2.690273354
40.078735352 -2.661355019 3.798923417
39.966434479 -1.512423038 1.722812356
39.863162994 -7.946443081 -1.254469279
39.778362274 -10.474094391 -0.949254863
39.668373108 -10.933667183 2.036153313
39.563003540 -11.852811813 3.515948088
39.457004547 -7.027297020 6.741371475
39.345546722 -6.567725182 6.304325075
39.257175446 -1.052850008 6.439251290
39.151386261 -1.282637000 -0.241027109
39.037616730 -5.418791771 -0.249374132
38.949878693 -10.703880310 -0.249586069
38.850597382 -12.312384605 -0.247878556
