38.683094025 -12.542172432 0.616848487
38.721504211 2.164160013 0.616848487
38.839260101 -11.852811813 0.616848487
38.977165222 -22.652774811 0.616848487
39.081909180 -22.652774811 0.616848487
39.129974365 1.015226960 0.616848487
39.239543915 0.555655003 0.616848487
39.348903656 -5.878365040 0.616848487
39.441471100 -8.176228523 0.616848487
39.531097412 -0.823064029 0.616848487
39.639198303 1.704586983 0.616848487
39.743518829 -7.257083893 0.616848487
39.860435486 -7.946443081 0.616848487
39.962238312 -1.742210031 0.616848487
40.067188263 2.164160013 0.616848487
40.176757812 -5.418791771 0.616848487
40.258621216 -7.716657162 0.181509543
40.361892700 -0.133705005 0.345204314
40.467681885 5.151382923 -0.719594982
40.575572968 -2.891141891 -2.068838807
40.698364258 -7.486869812 -3.141427818
40.808773041 -16.678327560 -2.706752256
40.903018951 -14.150676727 -2.986519176
40.979633331 -13.001744270 -3.224384324
41.117961884 -12.542172432 -3.504267038
41.225219727 -16.678327560 -3.298720390
41.289867401 -9.784733772 -2.723761361
41.389991760 -8.406016350 -2.861201237
41.491165161 0.555655003 -2.988790428
41.590450287 2.853518963 -2.344694495
41.689311981 0.096082002 -1.281463618
41.798042297 -7.486869812 -0.800754305
41.879695892 -12.771958351 -0.713280724
42.061050415 -18.976190567 -0.664283525
42.134094238 -13.691103935 0.716694183
42.207771301 -8.635802269 1.406342506
42.316291809 -6.567725182 1.534419934
42.464691162 -18.746404648 1.103923807
42.525985718 -12.542172432 0.150128454
42.625896454 -11.163453102 0.154044950
42.733158112 -10.933667183 -0.070633424
42.812080383 -7.946443081 -0.589763930
42.927318573 -11.163453102 -1.486559141
43.056827545 -10.703880310 -1.315853990
43.130500793 -4.269859791 -0.229621220
43.228527069 -1.512423038 0.439504926
43.331169128 -3.580501080 0.610858609
43.450813293 -7.716657162 -0.505392286
43.572345734 -16.448541641 -1.510112761
43.649379730 -0.823064029 -3.203831108
43.758110046 -4.269859791 -4.865981731
43.839763641 -8.865589142 -5.425968493
43.949539185 -8.635802269 -5.292208351
44.083248138 -19.435764313 -6.535118271
44.164062500 -4.959219933 -8.054904812
44.252010345 -8.865589142 -9.395048913
44.351505280 -9.325161934 -9.033315238
44.505153656 -22.193201065 -9.365002888
44.569171906 -6.567725182 -9.616258522
44.683147430 -0.593276978 -10.135713340
44.768787384 -10.244306564 -9.304660453
44.915302277 -16.448541641 -9.253566208
45.061183929 -30.465513229 -8.906133352
45.114707947 -25.180425644 -9.028879444
45.238548279 -31.614444733 -9.599026611
45.364070892 -37.359104156 -9.260959655
45.437538147 -25.639997482 -7.878760870
45.509532928 -16.908113480 -6.985039815
45.655204773 -29.316581726 -6.301887823
45.779678345 -40.805900574 -6.042580105
45.884628296 -41.265476227 -3.727223399
45.919261932 -13.231531143 -2.042026769
46.070182800 -29.086793900 -0.365888100
46.141548157 -25.410211563 1.116317380
46.272949219 -32.303802490 3.216886893
46.344524384 -15.988967896 5.526410539
46.488937378 -33.912307739 6.439273420
46.585704803 -28.627220154 7.080429401
46.709335327 -34.371883392 6.411481161
46.774616241 -34.601669312 6.602060120
46.878936768 -36.210174561 6.913150556
46.942325592 -15.759181023 7.293810368
47.030067444 -20.125123978 7.664081212
47.166713715 -25.639997482 8.178517486
47.282577515 -22.882560730 8.497444272
47.319732666 -1.742210031 8.359190645
47.412296295 -9.095375061 7.633930643
47.532363892 -9.784733772 8.067229518
47.627658844 1.015226960 7.153873717
47.746883392 -5.189005852 7.200754470
47.853511810 -8.635802269 7.177938053
47.991626740 -22.193201065 5.403504942
48.078739166 -20.125123978 4.280752027
48.199012756 -26.099571228 3.908715844
48.263450623 -18.286832809 2.648973514
48.365673065 -8.635802269 1.150052818
48.452365875 0.325868011 -0.978534436
48.599925995 -9.784733772 -1.307113326
48.680526733 -16.448541641 -1.391911047
48.782958984 -5.648579121 -3.116942066
48.861042023 0.555655003 -3.698253359
48.980266571 -5.878365040 -2.598582732
49.081020355 -14.840036392 -2.067426082
49.192058563 -19.435764313 -1.018218090
49.281688690 -7.257083893 0.721900834
49.383911133 0.325868011 1.887056187
49.553928375 -42.184619904 2.466116616
49.602836609 -15.988967896 2.005496465
49.694145203 -7.946443081 1.829163064
49.807701111 -15.759181023 1.632462591
49.922100067 -18.286832809 2.063941092
50.024112701 -26.559143066 2.733423447
50.120246887 -16.678327560 3.607550336
50.198329926 -7.716657162 3.720241353
50.348411560 -29.316581726 3.583898942
50.394588470 -13.231531143 4.248503888
50.482536316 -5.648579121 5.640020254
50.595046997 -7.946443081 6.758725265
50.687610626 1.704586983 7.034584183
50.800540924 1.934373021 6.829241855
50.895416260 -1.052850008 7.854126081
51.008342743 -7.027297020 10.353674472
51.096923828 -9.784733772 11.276867885
51.188648224 -6.337937832 14.872424777
51.296958923 0.555655003 19.676426126
51.392044067 4.691810131 24.729358341
51.513156891 -0.363490999 31.200119779
51.610973358 -6.337937832 38.267258490
51.701019287 -8.176228523 47.231798410
51.801353455 -5.189005852 57.430108994
51.919528961 -2.661355019 68.180810116
51.994884491 2.393945932 80.823743464
52.108230591 5.151382923 94.694053158
52.223255157 1.704586983 110.209324257
52.317714691 -0.133705005 127.794920526
52.414897919 8.138607025 146.248317495
52.497390747 25.142801285 165.677245834
52.590377808 46.742725372 185.334421806
52.690078735 69.032005310 205.602929916
52.776767731 85.806419373 228.047315097
52.861358643 104.878692627 251.773365862
52.963790894 139.346649170 275.735253452
53.079448700 168.069961548 299.712789977
53.167606354 202.078353882 323.859860524
53.197624207 226.665496826 348.580131039
53.298168182 277.907867432 373.338965380
53.369323730 305.482238770 396.690047555
53.444679260 332.367248535 419.932259019
53.535354614 381.311767578 441.909221187
53.613441467 422.443542480 461.685276720
53.691734314 459.439147949 479.678131009
53.768348694 499.421997070 495.988133660
53.853569031 538.485656738 512.702150986
53.925354004 574.791931152 528.620796592
54.009735107 631.319396973 542.793904124
54.086559296 677.276672363 555.291386312
54.153518677 705.310607910 566.767299113
54.250701904 760.689147949 577.581510890
54.320182800 810.093200684 585.957934985
54.406032562 863.633483887 593.553697941
54.474250793 908.901367188 602.740302806
54.547924042 950.492736816 612.378603265
54.619079590 985.420288086 621.245549564
54.695907593 1035.513671875 629.100966262
54.787422180 1094.109252930 636.592014957
54.855850220 1141.904785156 643.463311395
54.933303833 1190.159912109 651.028891217
55.001522064 1246.917236328 658.763152213
55.080654144 1297.470214844 664.450232540
55.156009674 1341.359497070 669.195993155
55.224437714 1383.180541992 674.309254676
55.296646118 1434.193115234 680.117839856
55.366123199 1487.044067383 685.329116128
55.450294495 1543.571533203 690.437449444
55.523548126 1594.813842773 695.993066757
55.595756531 1647.434936523 700.821947097
55.671321869 1707.179443359 705.705944435
55.733242035 1749.919677734 709.981463378
55.823921204 1811.502441406 712.535449702
55.892768860 1857.689575195 716.378890268
55.968963623 1905.255371094 720.467135606
56.036552429 1969.365722656 724.481459727
56.108757019 2027.271972656 729.041592097
56.181594849 2066.795166016 732.701322383
56.260517120 2117.807861328 736.825850837
56.335033417 2170.658691406 740.419369736
56.396743774 2225.117919922 743.858264987
56.464542389 2280.496582031 747.010051856
56.547664642 2347.594238281 750.703023178
56.620079041 2401.134521484 753.933561584
56.697532654 2452.146972656 757.963717898
56.772258759 2506.376708984 761.260184459
56.831871033 2550.495605469 765.085705724
56.924018860 2609.780517578 770.117929968
56.985309601 2672.971679688 775.476206347
57.062553406 2738.690673828 779.429966199
57.125732422 2785.337402344 780.516806659
57.204238892 2857.030761719 785.273910760
57.272037506 2888.511474609 789.996098996
57.334587097 2946.647460938 794.468624567
57.417076111 3012.366210938 798.361733445
57.481937408 3067.744873047 801.612014086
57.552043915 3119.446777344 803.444490272
57.630130768 3182.867919922 807.097995369
57.699607849 3236.407958984 812.313573132
57.768035889 3301.667480469 812.943289447
57.839611053 3349.462890625 813.537270123
57.907829285 3404.841552734 815.296212046
57.972690582 3472.628417969 816.446775306
58.046363831 3542.023925781 817.697701783
58.114791870 3586.143066406 820.125896715
58.188678741 3621.760009766 824.387275686
58.255847931 3704.482910156 830.161025246
58.329521179 3759.631835938 837.121899850
58.389343262 3821.903808594 840.638172011
58.472885132 3893.597167969 843.870196025
58.536487579 3944.609863281 846.985905954
58.627166748 3995.392578125 851.708275614
58.679012299 4055.826416016 857.624274536
58.750167847 4130.736816406 860.382897217
58.852390289 4165.664550781 862.395928404
58.916618347 4226.787597656 865.631958064
58.978332520 4295.493652344 868.701570921
59.048648834 4349.723144531 869.474591558
59.108890533 4416.591308594 871.698483929
59.190750122 4484.607910156 875.628992979
59.224964142 4532.863281250 877.381709994
59.294235229 4614.207519531 876.221801638
59.365180969 4681.534667969 880.785460177
59.439277649 4730.479492188 887.387360702
59.525337219 4794.130371094 894.573211663
59.579700470 4843.074707031 902.608164600
59.637634277 4910.402343750 909.181863029
59.707321167 4992.436035156 914.279671694
59.775119781 5018.631347656 920.691312987
59.852993011 5082.742187500 929.893683523
59.921630859 5148.460937500 933.442839708
59.979145050 5210.503417969 938.762888418
60.072971344 5269.558593750 942.421720582
60.141189575 5331.830566406 944.777801837
60.191146851 5387.208984375 950.368940824
60.267551422 5443.736328125 956.745688237
60.342697144 5506.008789062 968.296780034
60.405666351 5600.221191406 978.842358518
60.459609985 5682.024902344 989.485162587
60.527828217 5740.161132812 1000.013539109
60.589332581 5808.407714844 1008.354264076
60.668464661 5869.071289062 1017.829932686
60.717159271 5930.883789062 1030.568956465
60.784328461 5993.615234375 1044.164669176
60.843101501 6068.295898438 1057.336780474
60.910900116 6132.176757812 1066.632850379
60.977020264 6215.588867188 1073.513590927
61.043979645 6251.435546875 1080.304712841
61.123531342 6324.967285156 1084.015376782
61.169292450 6395.282226562 1089.320105236
61.228904724 6472.949707031 1094.319873146
61.301738739 6584.396484375 1097.753465292
61.359672546 6614.728027344 1102.572071091
61.428730011 6682.515136719 1109.512038559
61.495479584 6770.293457031 1117.893661178
61.561386108 6835.552734375 1126.237386070
61.605888367 6898.054687500 1134.912051363
61.666130066 6983.305664062 1143.141262447
61.750511169 7063.730957031 1150.373982404
61.802566528 7157.483398438 1161.376747772
61.857978821 7193.100585938 1175.816830436
61.928508759 7247.330078125 1187.090593158
61.993576050 7310.521484375 1198.020266849
62.052349091 7383.363769531 1208.216985168
62.109653473 7472.980468750 1214.809400344
62.179550171 7543.524902344 1223.346747470
62.233703613 7614.528808594 1230.846361478
62.300662994 7725.056152344 1245.144382521
62.359855652 7790.085449219 1258.032749141
62.401416779 7828.689941406 1265.431954335
62.470474243 7922.672363281 1273.107246047
62.542049408 8006.084960938 1283.500998817
62.587181091 8083.982421875 1299.238335318
62.653301239 8142.118652344 1315.410708472
62.708923340 8259.999023438 1330.486531936
62.768745422 8358.577148438 1349.000451909
62.823108673 8407.521484375 1362.560725737
62.880832672 8465.887695312 1370.001336542
62.943382263 8578.942382812 1377.144979556
63.004676819 8642.363281250 1385.298373494
63.065967560 8721.639648438 1396.844659470
63.130405426 8783.912109375 1407.454877996
63.168819427 8874.677734375 1415.334826544
63.220664978 8967.051757812 1424.058511345
63.296859741 9027.026367188 1436.440987766
63.349964142 9091.826171875 1447.677788353
63.400760651 9201.433593750 1463.268206371
63.456176758 9318.165039062 1476.676640704
63.521453857 9397.211914062 1491.021320227
63.578758240 9493.952148438 1508.385942133
63.620109558 9554.615234375 1527.939715106
63.666076660 9604.479492188 1550.672434269
63.734714508 9679.160156250 1569.750574198
63.788661957 9775.440429688 1584.354240037
63.852680206 9880.682617188 1606.851881182
63.897598267 9964.094726562 1632.743560127
63.946716309 10052.792968750 1650.025001390
64.005912781 10115.294921875 1664.118030786
64.067413330 10192.042968750 1686.004996609
64.115898132 10313.370117188 1705.375352598
64.169631958 10400.689453125 1722.805319974
64.208251953 10505.701171875 1742.461171532
64.259262085 10584.518554688 1766.517914707
64.311950684 10658.509765625 1793.970287736
64.352035522 10792.245117188 1816.035852009
64.403251648 10853.598632812 1843.830031335
64.463493347 10962.747070312 1868.949244108
64.499809265 11020.422851562 1894.949662211
64.568237305 11116.704101562 1921.474191736
64.616722107 11245.843750000 1949.230416678
64.645484924 11360.737304688 1974.771271049
64.711807251 11410.830078125 2004.885220452
64.765548706 11516.761718750 2032.129027184
64.802490234 11615.570312500 2052.048210239
64.852653503 11665.663085938 2069.004488100
64.892539978 11789.977539062 2089.142956000
64.929481506 11902.573242188 2113.230625734
64.981956482 12006.666992188 2139.780026042
65.036735535 12105.934570312 2166.454872605
65.101387024 12211.866210938 2185.240543045
65.129302979 12315.729492188 2215.351833152
65.176536560 12388.571289062 2236.677746595
65.220405579 12507.831054688 2266.759928658
65.250213623 12628.468750000 2293.604981557
65.293663025 12727.736328125 2312.616782134
65.349914551 12837.114257812 2332.253429831
65.372375488 12923.054687500 2363.855333476
65.433242798 13023.241210938 2387.770121027
65.481735229 13121.360351562 2411.594988123
65.527069092 13243.147460938 2442.778954784
65.556037903 13306.338867188 2468.124334176
65.602005005 13458.227539062 2499.306032875
65.641891479 13532.448242188 2540.136856282
65.682609558 13648.031250000 2583.632186323
65.723960876 13716.277343750 2623.226181002
65.777900696 13860.353515625 2651.228426173
65.820304871 13936.413085938 2686.497128259
65.844650269 14080.718750000 2715.218184736
65.886001587 14169.186523438 2748.509481488
65.928611755 14273.049804688 2783.940585611
65.972061157 14356.921875000 2826.284479141
66.010894775 14470.666015625 2862.840281254
66.042800903 14603.023437500 2908.829191731
66.080795288 14716.997070312 2949.528159744
66.116264343 14842.919921875 2983.894394989
66.147125244 14957.124023438 2964.326002471
66.183853149 15060.987304688 3002.125459189
66.223320007 15198.400390625 3047.004802968
66.241996765 15295.599609375 3083.958119425
66.277893066 15403.369140625 3127.696761202
66.328269958 15523.087890625 3161.306867215
66.357025146 15614.083984375 3200.846869471
66.397323608 15733.572265625 3235.561219663
66.429229736 15848.925781250 3284.455084562
66.474777222 15933.716796875 3336.219828153
66.495140076 16048.379882812 3390.300813287
66.541107178 16186.251953125 3430.679431575
66.566299438 16277.247070312 3468.201374758
66.594421387 16403.628906250 3514.192432259
66.624649048 16495.773437500 3555.412325063
66.736320496 16522.888671875 3603.934097719
66.697486877 16748.769531250 3664.992322411
66.719314575 16838.845703125 3720.257873358
66.756675720 16946.156250000 3780.189677754
66.787117004 17084.257812500 3854.273099658
66.822799683 17195.703125000 3933.955190325
66.837913513 17311.287109375 3990.929501647
66.873596191 17462.025390625 4046.831779371
66.900672913 17557.617187500 4115.949741560
66.920608521 17690.664062500 4184.565184888
66.948738098 17838.416015625 4229.282433406
66.979804993 17935.615234375 4270.971269857
67.007514954 18038.789062500 4322.081676094
67.034797668 18155.980468750 4376.309177223
67.073211670 18280.755859375 4423.875418243
67.091682434 18385.078125000 4471.368383947
67.115188599 18527.085937500 4423.002160214
67.141639709 18618.082031250 4461.575424169
67.161788940 18720.107421875 4498.919560155
67.193275452 18854.992187500 4525.207060959
67.214263916 18975.628906250 4558.353866806
67.249740601 19073.748046875 4564.216507003
67.281646729 19201.279296875 4587.959130005
67.289199829 19333.636718750 4604.740695151
67.315231323 19435.890625000 4608.956483650
67.343986511 19551.474609375 4629.875189522
67.377357483 19628.453125000 4665.328575422
67.380088806 19741.277343750 4688.978590048
67.411781311 19895.693359375 4708.318839983
67.444946289 19988.988281250 4734.808332891
67.460693359 20087.566406250 4742.195160214
67.476646423 20215.326171875 4765.412551511
67.502670288 20344.007812500 4825.385443755
67.517570496 20407.427734375 4867.736467867
67.539611816 20523.701171875 4863.979975189
67.541923523 20567.130859375 4836.328331021
