38.683094025 -12.542172432 -1.487029167
38.721504211 2.164160013 -1.487029167
38.839260101 -11.852811813 -1.487029167
38.977165222 -22.652774811 -1.487029167
39.081909180 -22.652774811 -1.487029167
39.129974365 1.015226960 -1.487029167
39.239543915 0.555655003 -1.487029167
39.348903656 -5.878365040 -1.487029167
39.441471100 -8.176228523 -1.487029167
39.531097412 -0.823064029 -1.487029167
39.639198303 1.704586983 -1.487029167
39.743518829 -7.257083893 -1.487029167
39.860435486 -7.946443081 -1.487029167
39.962238312 -1.742210031 -1.487029167
40.067188263 2.164160013 -1.487029167
40.176757812 -5.418791771 -1.487029167
40.258621216 -7.716657162 -1.487029167
40.361892700 -0.133705005 -1.487029167
40.467681885 5.151382923 -1.487029167
40.575572968 -2.891141891 -1.487029167
40.698364258 -7.486869812 -1.487029167
40.808773041 -16.678327560 -1.487029167
40.903018951 -14.150676727 -1.487029167
40.979633331 -13.001744270 -1.487029167
41.117961884 -12.542172432 -1.487029167
41.225219727 -16.678327560 -1.487029167
41.289867401 -9.784733772 -1.487029167
41.389991760 -8.406016350 -1.487029167
41.491165161 0.555655003 -1.487029167
41.590450287 2.853518963 -1.487029167
41.689311981 0.096082002 -1.487029167
41.798042297 -7.486869812 -1.487029167
41.879695892 -12.771958351 -1.487029167
42.061050415 -18.976190567 -1.487029167
42.134094238 -13.691103935 -1.487029167
42.207771301 -8.635802269 -1.487029167
42.316291809 -6.567725182 -1.487029167
42.464691162 -18.746404648 -1.487029167
42.525985718 -12.542172432 -1.487029167
42.625896454 -11.163453102 -1.487029167
42.733158112 -10.933667183 -1.487029167
42.812080383 -7.946443081 -1.487029167
42.927318573 -11.163453102 -1.487029167
43.056827545 -10.703880310 -1.487029167
43.130500793 -4.269859791 -1.487029167
43.228527069 -1.512423038 -1.487029167
43.331169128 -3.580501080 -1.487029167
43.450813293 -7.716657162 -1.487029167
43.572345734 -16.448541641 -1.487029167
43.649379730 -0.823064029 -1.487029167
43.758110046 -4.269859791 -1.487029167
43.839763641 -8.865589142 -1.443804664
43.949539185 -8.635802269 -1.367704581
44.083248138 -19.435764313 -1.396525346
44.164062500 -4.959219933 -1.417427285
44.252010345 -8.865589142 -1.397238784
44.351505280 -9.325161934 -1.484585622
44.505153656 -22.193201065 -1.420840536
44.569171906 -6.567725182 -1.347176322
44.683147430 -0.593276978 -1.330560325
44.768787384 -10.244306564 -1.284637793
44.915302277 -16.448541641 -1.268924407
45.061183929 -30.465513229 -1.246088141
45.114707947 -25.180425644 -1.175801602
45.238548279 -31.614444733 -1.191522098
45.364070892 -37.359104156 -1.090725399
45.437538147 -25.639997482 -0.989608745
45.509532928 -16.908113480 -0.914460102
45.655204773 -29.316581726 -0.740877749
45.779678345 -40.805900574 -0.534935396
45.884628296 -41.265476227 -0.392263803
45.919261932 -13.231531143 -0.310042979
46.070182800 -29.086793900 -0.296781396
46.141548157 -25.410211563 -0.250339928
46.272949219 -32.303802490 -0.159104822
46.344524384 -15.988967896 -0.043411221
46.488937378 -33.912307739 0.018230946
46.585704803 -28.627220154 0.084313447
46.709335327 -34.371883392 0.147688658
46.774616241 -34.601669312 0.280453134
46.878936768 -36.210174561 0.442040189
46.942325592 -15.759181023 0.616809196
47.030067444 -20.125123978 0.762782599
47.166713715 -25.639997482 0.857300644
47.282577515 -22.882560730 0.902891418
47.319732666 -1.742210031 1.024295912
47.412296295 -9.095375061 1.269470514
47.532363892 -9.784733772 1.645293724
47.627658844 1.015226960 2.069567307
47.746883392 -5.189005852 2.615435305
47.853511810 -8.635802269 3.265829848
47.991626740 -22.193201065 4.100588349
48.078739166 -20.125123978 5.103636853
48.199012756 -26.099571228 6.260217102
48.263450623 -18.286832809 7.523082814
48.365673065 -8.635802269 9.091540918
48.452365875 0.325868011 10.799640110
48.599925995 -9.784733772 12.613487523
48.680526733 -16.448541641 14.642481274
48.782958984 -5.648579121 16.806143521
48.861042023 0.555655003 19.229524715
48.980266571 -5.878365040 21.808913167
49.081020355 -14.840036392 24.537819894
49.192058563 -19.435764313 27.416221794
49.281688690 -7.257083893 30.483848239
49.383911133 0.325868011 33.841354013
49.553928375 -42.184619904 37.273157387
49.602836609 -15.988967896 40.958510703
49.694145203 -7.946443081 44.750072048
49.807701111 -15.759181023 48.884495620
49.922100067 -18.286832809 53.227438103
50.024112701 -26.559143066 57.677773508
50.120246887 -16.678327560 62.179812253
50.198329926 -7.716657162 66.764138654
50.348411560 -29.316581726 71.655985141
50.394588470 -13.231531143 76.665199272
50.482536316 -5.648579121 81.794078295
50.595046997 -7.946443081 87.232785296
50.687610626 1.704586983 92.939073729
50.800540924 1.934373021 98.671788349
50.895416260 -1.052850008 104.432601265
51.008342743 -7.027297020 110.357475533
51.096923828 -9.784733772 116.717935725
51.188648224 -6.337937832 123.129946106
51.296958923 0.555655003 129.773449235
51.392044067 4.691810131 136.510217248
51.513156891 -0.363490999 143.609619136
51.610973358 -6.337937832 150.642731700
51.701019287 -8.176228523 157.935845332
51.801353455 -5.189005852 165.276534165
51.919528961 -2.661355019 172.802200718
51.994884491 2.393945932 180.534507094
52.108230591 5.151382923 188.663023493
52.223255157 1.704586983 196.875978855
52.317714691 -0.133705005 205.127868782
52.414897919 8.138607025 213.516840398
52.497390747 25.142801285 222.360750931
52.590377808 46.742725372 231.354776943
52.690078735 69.032005310 240.539638799
52.776767731 85.806419373 249.974364232
52.861358643 104.878692627 259.453187361
52.963790894 139.346649170 269.040122331
53.079448700 168.069961548 278.504682823
53.167606354 202.078353882 288.173168623
53.197624207 226.665496826 297.920422976
53.298168182 277.907867432 308.026604960
53.369323730 305.482238770 318.277407139
53.444679260 332.367248535 328.867320327
53.535354614 381.311767578 339.179293245
53.613441467 422.443542480 349.645095924
53.691734314 459.439147949 360.338170309
53.768348694 499.421997070 371.272994064
53.853569031 538.485656738 382.150101846
53.925354004 574.791931152 393.077920126
54.009735107 631.319396973 403.977968285
54.086559296 677.276672363 415.145560931
54.153518677 705.310607910 426.362841312
54.250701904 760.689147949 436.946442773
54.320182800 810.093200684 448.081471741
54.406032562 863.633483887 459.423996380
54.474250793 908.901367188 470.560877696
54.547924042 950.492736816 481.438436572
54.619079590 985.420288086 492.395061480
54.695907593 1035.513671875 503.388931783
54.787422180 1094.109252930 514.593435732
54.855850220 1141.904785156 525.332055642
54.933303833 1190.159912109 536.404348393
55.001522064 1246.917236328 547.421121842
55.080654144 1297.470214844 558.315157032
55.156009674 1341.359497070 569.339906886
55.224437714 1383.180541992 579.876940605
55.296646118 1434.193115234 590.307475937
55.366123199 1487.044067383 600.532061807
55.450294495 1543.571533203 610.582897358
55.523548126 1594.813842773 620.607669658
55.595756531 1647.434936523 630.428968600
55.671321869 1707.179443359 640.137003473
55.733242035 1749.919677734 649.559127565
55.823921204 1811.502441406 658.712952544
55.892768860 1857.689575195 667.516087270
55.968963623 1905.255371094 675.973085197
56.036552429 1969.365722656 683.957529436
56.108757019 2027.271972656 691.905793960
56.181594849 2066.795166016 699.565060644
56.260517120 2117.807861328 706.426891150
56.335033417 2170.658691406 712.873977313
56.396743774 2225.117919922 719.011127542
56.464542389 2280.496582031 725.029404814
56.547664642 2347.594238281 730.671212041
56.620079041 2401.134521484 736.036909154
56.697532654 2452.146972656 741.202527958
56.772258759 2506.376708984 746.059599569
56.831871033 2550.495605469 750.650722203
56.924018860 2609.780517578 755.139646697
56.985309601 2672.971679688 759.698301773
57.062553406 2738.690673828 764.388441488
57.125732422 2785.337402344 769.048805255
57.204238892 2857.030761719 773.524324287
57.272037506 2888.511474609 777.951708194
57.334587097 2946.647460938 782.302971452
57.417076111 3012.366210938 786.738786137
57.481937408 3067.744873047 791.078554589
57.552043915 3119.446777344 795.518217618
57.630130768 3182.867919922 799.594416894
57.699607849 3236.407958984 803.605016401
57.768035889 3301.667480469 807.796505794
57.839611053 3349.462890625 812.106296400
57.907829285 3404.841552734 816.640847881
57.972690582 3472.628417969 820.832163978
58.046363831 3542.023925781 825.070697810
58.114791870 3586.143066406 829.437353492
58.188678741 3621.760009766 833.812826599
58.255847931 3704.482910156 838.227880396
58.329521179 3759.631835938 842.726315567
58.389343262 3821.903808594 847.200677283
58.472885132 3893.597167969 851.907464233
58.536487579 3944.609863281 856.436272754
58.627166748 3995.392578125 860.775343798
58.679012299 4055.826416016 865.177375988
58.750167847 4130.736816406 869.616182969
58.852390289 4165.664550781 874.203605016
58.916618347 4226.787597656 878.734197831
58.978332520 4295.493652344 883.358291141
59.048648834 4349.723144531 888.351590048
59.108890533 4416.591308594 893.291515739
59.190750122 4484.607910156 898.118103400
59.224964142 4532.863281250 903.124838338
59.294235229 4614.207519531 908.236075298
59.365180969 4681.534667969 913.545815351
59.439277649 4730.479492188 918.660375342
59.525337219 4794.130371094 924.192824410
59.579700470 4843.074707031 929.891365520
59.637634277 4910.402343750 935.601234790
59.707321167 4992.436035156 941.281955536
59.775119781 5018.631347656 947.178336110
59.852993011 5082.742187500 952.921239893
59.921630859 5148.460937500 958.693814790
59.979145050 5210.503417969 964.462574422
60.072971344 5269.558593750 970.602482357
60.141189575 5331.830566406 976.984465479
60.191146851 5387.208984375 983.134339567
60.267551422 5443.736328125 989.180257801
60.342697144 5506.008789062 995.566875655
60.405666351 5600.221191406 1002.370084732
60.459609985 5682.024902344 1008.999522618
60.527828217 5740.161132812 1016.005877486
60.589332581 5808.407714844 1023.057431678
60.668464661 5869.071289062 1029.995827065
60.717159271 5930.883789062 1036.931581805
60.784328461 5993.615234375 1043.889934595
60.843101501 6068.295898438 1051.169936829
60.910900116 6132.176757812 1058.580125850
60.977020264 6215.588867188 1066.222790660
61.043979645 6251.435546875 1073.694384615
61.123531342 6324.967285156 1081.113812080
61.169292450 6395.282226562 1088.968882739
61.228904724 6472.949707031 1097.038244945
61.301738739 6584.396484375 1105.386928363
61.359672546 6614.728027344 1113.790550879
61.428730011 6682.515136719 1122.352372575
61.495479584 6770.293457031 1131.605557230
61.561386108 6835.552734375 1140.631758096
61.605888367 6898.054687500 1149.609975799
61.666130066 6983.305664062 1158.832354305
61.750511169 7063.730957031 1168.005121423
61.802566528 7157.483398438 1177.837053428
61.857978821 7193.100585938 1188.145694418
61.928508759 7247.330078125 1198.075432386
61.993576050 7310.521484375 1207.851408104
62.052349091 7383.363769531 1218.175838097
62.109653473 7472.980468750 1228.375954957
62.179550171 7543.524902344 1238.351653748
62.233703613 7614.528808594 1248.799360300
62.300662994 7725.056152344 1259.610638180
62.359855652 7790.085449219 1270.440023695
62.401416779 7828.689941406 1281.523835949
62.470474243 7922.672363281 1292.875217474
62.542049408 8006.084960938 1304.540928464
62.587181091 8083.982421875 1316.801402281
62.653301239 8142.118652344 1329.625653310
62.708923340 8259.999023438 1342.422896874
62.768745422 8358.577148438 1355.098670992
62.823108673 8407.521484375 1368.121062114
62.880832672 8465.887695312 1381.379180136
62.943382263 8578.942382812 1394.937713607
63.004676819 8642.363281250 1408.457681856
63.065967560 8721.639648438 1421.779364467
63.130405426 8783.912109375 1435.725281652
63.168819427 8874.677734375 1449.779147472
63.220664978 8967.051757812 1463.607452522
63.296859741 9027.026367188 1477.230452741
63.349964142 9091.826171875 1491.491682944
63.400760651 9201.433593750 1505.363895377
63.456176758 9318.165039062 1519.782865451
63.521453857 9397.211914062 1534.600513758
63.578758240 9493.952148438 1549.999611881
63.620109558 9554.615234375 1565.208099728
63.666076660 9604.479492188 1580.819800836
63.734714508 9679.160156250 1596.624986352
63.788661957 9775.440429688 1613.016653253
63.852680206 9880.682617188 1629.753220219
63.897598267 9964.094726562 1647.097981826
63.946716309 10052.792968750 1664.534023640
64.005912781 10115.294921875 1682.623124345
64.067413330 10192.042968750 1700.613464240
64.115898132 10313.370117188 1718.520018920
64.169631958 10400.689453125 1737.031896845
64.208251953 10505.701171875 1755.910959488
64.259262085 10584.518554688 1775.375780463
64.311950684 10658.509765625 1794.845545955
64.352035522 10792.245117188 1813.966009056
64.403251648 10853.598632812 1833.711073276
64.463493347 10962.747070312 1853.662017135
64.499809265 11020.422851562 1874.188500179
64.568237305 11116.704101562 1895.490815945
64.616722107 11245.843750000 1916.388082008
64.645484924 11360.737304688 1935.903479220
64.711807251 11410.830078125 1957.847771117
64.765548706 11516.761718750 1979.482336165
64.802490234 11615.570312500 2000.991365488
64.852653503 11665.663085938 2023.130308457
64.892539978 11789.977539062 2045.791683368
64.929481506 11902.573242188 2068.681711689
64.981956482 12006.666992188 2092.343056980
65.036735535 12105.934570312 2116.428669888
65.101387024 12211.866210938 2141.093489949
65.129302979 12315.729492188 2166.603373767
65.176536560 12388.571289062 2192.133366976
65.220405579 12507.831054688 2217.520590791
65.250213623 12628.468750000 2243.835927469
65.293663025 12727.736328125 2269.834281105
65.349914551 12837.114257812 2296.957146153
65.372375488 12923.054687500 2325.095988183
65.433242798 13023.241210938 2353.051074622
65.481735229 13121.360351562 2381.057369560
65.527069092 13243.147460938 2409.883678363
65.556037903 13306.338867188 2438.833755657
65.602005005 13458.227539062 2467.525025508
65.641891479 13532.448242188 2495.914347616
65.682609558 13648.031250000 2526.285460113
65.723960876 13716.277343750 2557.282913592
65.777900696 13860.353515625 2587.219592570
65.820304871 13936.413085938 2616.636375776
65.844650269 14080.718750000 2647.612160487
65.886001587 14169.186523438 2679.846581969
65.928611755 14273.049804688 2711.309422735
65.972061157 14356.921875000 2743.203541613
66.010894775 14470.666015625 2776.164849680
66.042800903 14603.023437500 2809.489765467
66.080795288 14716.997070312 2841.693810080
66.116264343 14842.919921875 2874.454784265
66.147125244 14957.124023438 2906.905149887
66.183853149 15060.987304688 2938.056786874
66.223320007 15198.400390625 2968.629960859
66.241996765 15295.599609375 2997.086234622
66.277893066 15403.369140625 3023.336504609
66.328269958 15523.087890625 3049.616510775
66.357025146 15614.083984375 3074.770547458
66.397323608 15733.572265625 3100.338220424
66.429229736 15848.925781250 3124.645052730
66.474777222 15933.716796875 3147.664425037
66.495140076 16048.379882812 3171.957632622
66.541107178 16186.251953125 3195.182538905
66.566299438 16277.247070312 3217.307417733
66.594421387 16403.628906250 3239.504403371
66.624649048 16495.773437500 3260.453787493
66.736320496 16522.888671875 3281.855866435
66.697486877 16748.769531250 3304.530561559
66.719314575 16838.845703125 3324.219349811
66.756675720 16946.156250000 3343.412042028
66.787117004 17084.257812500 3363.817404001
66.822799683 17195.703125000 3382.145362481
66.837913513 17311.287109375 3402.273461886
66.873596191 17462.025390625 3424.145277174
66.900672913 17557.617187500 3445.567326568
66.920608521 17690.664062500 3466.129843307
66.948738098 17838.416015625 3484.797580548
66.979804993 17935.615234375 3505.940786329
67.007514954 18038.789062500 3526.247472282
67.034797668 18155.980468750 3547.581641196
67.073211670 18280.755859375 3571.939054449
67.091682434 18385.078125000 3597.222497837
67.115188599 18527.085937500 3621.580129287
67.141639709 18618.082031250 3649.531750612
67.161788940 18720.107421875 3675.317923171
67.193275452 18854.992187500 3700.531080491
67.214263916 18975.628906250 3726.807823938
67.249740601 19073.748046875 3754.411580450
67.281646729 19201.279296875 3784.366158320
67.289199829 19333.636718750 3814.025980865
67.315231323 19435.890625000 3843.475122734
67.343986511 19551.474609375 3871.859193557
67.377357483 19628.453125000 3900.355492803
67.380088806 19741.277343750 3925.108536573
67.411781311 19895.693359375 3954.509393524
67.444946289 19988.988281250 3980.360776467
67.460693359 20087.566406250 4002.926455572
67.476646423 20215.326171875 4020.917806455
67.502670288 20344.007812500 4034.950192604
67.517570496 20407.427734375 4048.709212285
67.539611816 20523.701171875 4057.088422950
67.541923523 20567.130859375 4060.986994413
67.526390076 20434.773437500 4060.887053159
67.498260498 20333.437500000 4052.948335023
67.480003357 20220.841796875 4044.669835406
67.459434509 20087.335937500 4036.683819643
67.442008972 20002.085937500 4020.404747791
67.413459778 19871.566406250 4001.396424344
67.402969360 19794.357421875 3976.576670763
67.383445740 19664.529296875 3949.611712578
67.355735779 19528.496093750 3921.591556453
67.326980591 19414.980468750 3893.072923442
67.302001953 19311.576171875 3863.962021832
67.285842896 19206.794921875 3835.119727713
67.253730774 19086.615234375 3806.516595710
67.213005066 18996.310546875 3778.403863053
67.191383362 18893.136718750 3750.102621614
67.182357788 18747.681640625 3723.823144323
67.146675110 18595.103515625 3697.326981475
67.123168945 18493.306640625 3668.191284566
67.095878601 18407.597656250 3642.537961054
67.075103760 18259.843750000 3619.626111723
67.040252686 18168.619140625 3598.383043159
67.016326904 18089.802734375 3578.273046022
66.987152100 17946.646484375 3556.533366789
66.956291199 17807.625000000 3535.045975126
66.927116394 17695.029296875 3512.849824809
66.892692566 17561.292968750 3491.290382749
66.869186401 17487.533203125 3468.992772872
66.836654663 17356.324218750 3448.870333711
66.824058533 17239.822265625 3427.878717244
66.782707214 17131.363281250 3407.041108999
66.760040283 16982.691406250 3386.785026865
66.733375549 16869.406250000 3366.243457724
66.689300537 16772.666015625 3346.458938926
66.658653259 16661.679687500 3325.815152739
66.647735596 16553.679687500 3303.899389617
66.605339050 16408.685546875 3282.289932304
66.582672119 16290.115234375 3260.291257415
66.553489685 16175.221679688 3237.699024778
66.506477356 16102.150390625 3215.809373558
66.481704712 15958.303710938 3191.346298400
66.462814331 15818.363281250 3167.923087852
66.417892456 15715.649414062 3141.881541231
66.385154724 15589.266601562 3115.161565756
66.352409363 15504.935546875 3087.077280231
66.310424805 15363.616210938 3057.360986674
66.288597107 15285.489257812 3028.279504824
66.236961365 15125.328125000 2999.248091463
66.212188721 15030.425781250 2969.789139117
66.175041199 14944.715820312 2937.800423476
66.130332947 14819.482421875 2904.985228009
66.088562012 14698.384765625 2871.809559635
66.048675537 14630.827148438 2839.776504626
66.024749756 14505.823242188 2806.607085978
65.991584778 14370.708984375 2774.368643168
65.938690186 14275.347656250 2742.956743951
65.912239075 14174.242187500 2711.393090710
65.862281799 14081.408203125 2679.855768847
65.820304871 13959.391601562 2649.507551789
65.785461426 13874.370117188 2619.012749529
65.745368958 13735.580078125 2589.122365861
65.701919556 13638.839843750 2559.432435623
65.655532837 13498.209960938 2530.632217860
65.622573853 13429.963867188 2502.029136090
65.579338074 13321.734375000 2473.220453897
65.534835815 13220.398437500 2444.324391784
65.497268677 13097.232421875 2416.305446348
65.454231262 13024.620117188 2388.848275928
65.388328552 12912.254882812 2361.577162534
65.358520508 12802.416992188 2334.552599070
65.329345703 12704.297851562 2307.401779390
65.283790588 12564.817382812 2281.025499891
65.251052856 12479.796875000 2253.873144167
65.191650391 12375.473632812 2226.931449138
65.144210815 12268.623046875 2200.843325416
65.094253540 12173.721679688 2175.271235789
65.058776855 12095.823242188 2150.063018723
65.002731323 11993.568359375 2125.314691972
64.966423035 11866.266601562 2100.688379663
64.913734436 11774.812500000 2076.390387696
64.871963501 11700.590820312 2052.329889398
64.830406189 11594.659179688 2028.472420989
64.776672363 11466.438476562 2005.977436491
64.736999512 11369.698242188 1983.335601982
64.689979553 11298.004882812 1960.348310511
64.625541687 11182.192382812 1938.292867087
64.592376709 11110.958984375 1916.562912229
64.534866333 11005.487304688 1895.190008804
64.486793518 10928.279296875 1874.015373500
64.450904846 10796.151367188 1853.628281598
64.380798340 10729.743164062 1832.663109884
64.345321655 10620.365234375 1812.335304019
64.266189575 10554.646484375 1792.641857313
64.228408813 10483.182617188 1773.407351745
64.168792725 10385.063476562 1754.529112893
64.110229492 10344.391601562 1735.453957002
64.069931030 10221.225585938 1716.621600547
64.031730652 10107.941406250 1698.663481979
63.988067627 10007.754882812 1682.232568637
63.921947479 9967.771484375 1665.146528965
63.866325378 9846.673828125 1648.501249455
63.816577911 9735.916992188 1631.951303184
63.772499084 9659.167968750 1615.558943059
63.699661255 9574.147460938 1599.171694723
63.657680511 9501.764648438 1583.078267850
63.604156494 9408.930664062 1566.977705726
63.536148071 9297.025390625 1550.885589543
63.481575012 9237.510742188 1534.973277995
63.445472717 9155.016601562 1518.982348500
63.374313354 9068.846679688 1503.603599373
63.316589355 8974.864257812 1488.084564614
63.269783020 8921.094726562 1473.086730715
63.216888428 8804.822265625 1458.617954406
63.165252686 8748.984375000 1443.946316723
63.100811005 8671.545898438 1429.286328355
63.046447754 8584.227539062 1415.481433221
63.004886627 8508.627929688 1401.668132610
62.932258606 8416.023437500 1388.172986777
62.870128632 8348.696289062 1374.379826149
62.812404633 8269.879882812 1360.779502632
62.748176575 8181.871582031 1347.529946685
62.684154510 8093.863281250 1334.341554942
62.617404938 8041.931640625 1321.941452716
62.571437836 7986.323242188 1309.698474551
62.509307861 7887.745117188 1297.414709566
62.445075989 7802.724121094 1285.277850966
62.391132355 7737.234863281 1273.220447329
62.323753357 7642.333007812 1261.456216225
62.276733398 7589.252441406 1249.898346379
62.211036682 7510.205566406 1239.052985256
62.139667511 7439.201660156 1228.223266204
62.081104279 7361.763671875 1217.442703818
62.029468536 7270.998046875 1206.814414689
61.954746246 7204.130371094 1196.622541977
61.888835907 7141.628417969 1186.740334887
61.855461121 7086.250000000 1176.643032325
61.780944824 7003.067382812 1166.766636885
61.711257935 6923.331054688 1157.182398822
61.643039703 6863.127441406 1147.759625103
61.591194153 6783.621093750 1138.416034722
61.530952454 6736.974609375 1129.629569659
61.461685181 6661.604492188 1120.589173503
61.389266968 6585.315429688 1111.883753617
61.337211609 6505.579589844 1103.215117988
61.267105103 6430.439453125 1094.507912010
61.201614380 6375.979980469 1085.951625923
61.126888275 6306.584472656 1077.112281965
61.087429047 6226.389160156 1068.550862674
61.036422729 6101.385253906 1060.524754214
60.956031799 6075.419433594 1052.831235253
60.897468567 5981.207031250 1044.892488505
60.839954376 5942.832519531 1037.198139977
60.772785187 5882.628417969 1029.896220909
60.707294464 5796.688476562 1022.586724289
60.640125275 5749.122558594 1015.306494948
60.559104919 5703.625000000 1008.200926790
60.494876862 5635.378417969 1001.326806090
60.418258667 5563.914550781 994.869786027
60.349414825 5499.115234375 988.047514634
60.307430267 5454.306640625 981.404970535
60.213817596 5362.622070312 974.972656725
60.150424957 5307.013671875 968.583737262
60.109703064 5249.336914062 962.195519308
60.010421753 5194.877929688 956.398746880
59.945560455 5132.835449219 950.488562639
59.895393372 5042.299804688 944.646349211
59.810592651 4966.699707031 939.073161582
59.753921509 4933.380859375 933.519012269
59.667858124 4862.606445312 928.119152021
59.620212555 4821.474609375 922.613839751
59.546955109 4757.594238281 917.362814273
59.464466095 4698.539062500 912.038541084
59.410308838 4636.496582031 906.725593744
59.332435608 4562.735351562 901.349531751
59.266105652 4518.156738281 895.942252738
59.201457977 4472.888671875 890.895009051
59.117706299 4394.761230469 885.885324977
59.054317474 4324.676757812 880.912835446
59.000789642 4279.638671875 876.063678773
58.922496796 4190.481445312 871.203220098
58.854278564 4137.860351562 866.427818865
58.788581848 4080.643310547 861.593479209
58.721412659 4040.200927734 856.834689759
58.644588470 3968.967285156 852.317503030
58.578887939 3910.601562500 847.743390556
58.499122620 3857.750488281 843.115053594
58.432376862 3804.210449219 838.595005046
58.360588074 3724.704345703 834.147512109
58.289012909 3668.636230469 829.784906459
58.236328125 3628.423828125 825.369079178
58.145858765 3552.134521484 821.060326255
58.082889557 3506.177246094 816.525127075
58.002285004 3446.892333984 811.976336633
57.951068878 3379.105468750 807.529969189
57.872146606 3324.645996094 803.278829076
57.802249908 3268.578125000 799.046088425
57.722064972 3195.276367188 794.723379387
57.645870209 3158.051025391 790.314166409
57.586677551 3108.187255859 786.058348527
57.501457214 3033.506591797 782.321270666
57.448772430 2984.791992188 778.135699405
57.362293243 2928.264404297 774.265654948
57.305828094 2886.902832031 770.180764574
57.223758698 2833.362792969 765.982550347
57.159107208 2780.971435547 761.799777789
57.080814362 2711.116210938 757.398231019
57.001052856 2643.788818359 752.674940009
56.952144623 2596.682617188 747.966485065
56.847404480 2536.938232422 743.151804348
56.784641266 2500.402099609 738.146761440
56.723350525 2438.359863281 732.932596826
56.643169403 2392.632324219 727.697958383
56.571590424 2332.887939453 722.236533786
56.506942749 2268.777343750 716.763215277
56.418994904 2203.518066406 710.769298632
56.358749390 2157.560791016 704.523972827
56.287593842 2095.288818359 698.087105315
56.211608887 2055.535644531 691.399622201
56.146961212 2004.982666016 684.170634189
56.067825317 1953.970092773 676.769777252
55.990161896 1878.829833984 668.884114782
55.919006348 1851.255493164 660.664556717
55.830848694 1798.864257812 651.920178616
55.755493164 1732.685668945 643.072172842
55.686645508 1688.107177734 633.997837032
55.619056702 1629.052001953 624.485221261
55.542861938 1584.703247070 614.678513397
55.471073151 1534.609863281 604.717346308
55.389003754 1483.367431641 594.768031258
55.316795349 1433.274047852 584.435277477
55.247947693 1386.397583008 574.142615940
55.164615631 1331.478637695 563.533108772
55.094718933 1289.657470703 552.883295447
55.012016296 1235.198120117 542.131526333
54.939811707 1186.483398438 531.334064939
54.871803284 1143.972900391 520.296162964
54.797077179 1093.190063477 509.099773954
54.718994141 1041.028564453 497.967418696
54.646369934 993.233032227 486.905357541
54.572063446 943.139587402 475.809208636
54.492721558 900.169494629 464.555375346
54.411487579 858.348388672 453.456038274
54.324798584 808.484741211 442.389422140
54.260986328 764.595520020 431.293744826
54.178916931 711.514831543 420.299919995
54.095165253 661.880981445 409.283455387
54.027366638 623.047058105 398.414181725
53.958309174 591.106750488 387.702349506
53.876865387 555.030273438 376.853965058
53.794795990 511.600646973 366.012346010
53.706424713 464.034881592 355.430585525
53.639049530 424.052032471 344.976678944
53.550258636 377.175598145 334.560126524
53.471546173 341.558715820 324.190994530
53.386745453 312.146057129 313.881273881
53.314117432 284.341888428 303.779230897
53.217353821 238.154815674 293.875314048
53.134864807 197.252838135 284.161869948
53.049430847 164.393371582 274.485074273
52.964420319 141.874313354 264.960663711
52.877101898 118.895660400 255.457651515
52.794822693 90.631935120 246.219873084
52.695117950 58.921405792 237.046071942
52.622070312 40.538490295 227.972826625
52.523208618 24.453443527 219.157808844
52.440296173 18.938568115 210.598422344
52.317504883 10.206684113 202.181506374
52.224937439 2.393945932 193.906125283
52.113899231 -6.797511101 185.770790229
52.039382935 -9.554947853 177.811614696
51.933380127 -5.418791771 169.983043118
51.839767456 0.325868011 162.418175261
51.720752716 1.474799991 154.899723787
51.626926422 -6.797511101 147.607832216
51.519245148 -10.933667183 140.537252343
51.412826538 -6.337937832 133.552135849
51.322566986 -1.971995950 126.780865007
51.223281860 1.245013952 120.220884463
51.129035950 -7.257083893 113.823707092
51.000366211 -11.163453102 107.611904109
50.905281067 -8.176228523 101.536653087
50.793823242 -0.133705005 95.564156060
50.707344055 1.015226960 89.821774734
50.616035461 -8.176228523 84.226997485
50.508567810 -11.163453102 78.899346856
50.385143280 -6.337937832 73.755102228
50.287540436 0.785440981 68.687409338
50.203788757 -3.350714922 63.798856855
50.084144592 -11.163453102 59.131187666
49.986328125 -8.635802269 54.689349012
49.881378174 -2.201781988 50.465823366
49.795318604 -0.133705005 46.349705537
49.695404053 -9.554947853 42.358653491
49.582267761 -10.703880310 38.580713377
49.486343384 -1.971995950 35.010490425
49.376773834 -1.742210031 31.698198536
49.282527924 -9.554947853 28.591546681
49.178413391 -10.703880310 25.611614479
49.070735931 -3.580501080 22.712844819
48.963474274 0.325868011 19.968152003
48.867130280 -5.189005852 17.446764125
48.770156860 -10.244306564 15.154408581
48.662055969 -6.108151913 13.045725864
48.575576782 -0.593276978 11.168980273
48.465587616 -0.133705005 9.450257026
48.379108429 -7.257083893 7.818872530
48.262401581 -12.771958351 6.282856737
48.166267395 -9.095375061 4.996985558
48.062366486 -1.512423038 3.951980939
47.963920593 -0.133705005 3.087490646
47.844905853 -4.499647141 2.309114542
47.749820709 -11.623025894 1.611311292
47.646759033 -7.716657162 1.070928703
47.533412933 0.785440981 0.751780876
47.442733765 -0.823064029 0.507419092
47.330436707 -8.635802269 0.303667928
47.232410431 -10.933667183 0.160371842
47.129348755 -0.363490999 0.095707989
47.037414551 -5.418791771 0.089805345
46.928474426 -11.393239021 0.197801125
46.832336426 -6.108151913 0.247147411
46.731796265 -0.363490999 0.196153441
46.621597290 -5.418791771 0.144236853
46.529029846 -11.163453102 0.133917239
46.422607422 -7.257083893 0.150593310
46.316818237 -0.823064029 0.146628663
46.214385986 -0.363490999 0.119661946
46.137561798 -7.257083893 0.128399493
46.001754761 -12.771958351 0.113563233
45.913806915 -10.933667183 0.104858637
45.815570831 -4.499647141 0.098290523
45.700965881 2.164160013 0.124299018
45.605457306 0.096082002 0.131250834
45.483924866 -4.729433060 0.089409215
45.404582977 -10.703880310 0.097651739
45.317893982 -10.244306564 0.089532736
45.186496735 -3.120928049 0.075678679
45.088890076 -0.133705005 0.014379210
44.988555908 -2.431569099 0.013515629
44.889904022 -9.554947853 0.071786287
44.789150238 -13.231531143 0.118147798
44.676433563 -5.189005852 0.132199864
44.571479797 0.325868011 0.105573091
44.474506378 0.096082002 0.130286507
44.381309509 -5.878365040 0.130516361
44.270900726 -11.163453102 0.082480395
44.156925201 -10.244306564 0.056798033
44.072334290 -5.189005852 0.106147728
43.946601868 -0.133705005 0.171162338
43.863899231 -0.593276978 0.245084661
43.765247345 -6.108151913 0.259573775
43.660293579 -7.946443081 0.303614377
43.555133820 -9.784733772 0.008396410
43.456691742 -11.393239021 -0.052880130
43.364963531 -10.933667183 -0.084534296
43.249305725 -3.810286999 -0.103197408
43.154640198 0.785440981 -0.110541744
43.045070648 -1.971995950 -0.111948208
42.949985504 -7.946443081 -0.114734389
42.852802277 -10.703880310 -0.121007867
42.740085602 -6.797511101 -0.127048704
42.636180878 -0.823064029 -0.130091022
42.538368225 -2.431569099 -0.129205694
42.425022125 -10.933667183 -0.130082912
42.321327209 -7.027297020 -0.134758607
42.225822449 1.245013952 -0.138423497
42.126541138 -4.269859791 -0.138382178
42.032505035 -9.554947853 -0.137250775
41.914749146 -12.312384605 -0.140691763
41.853458405 -23.342132568 -0.141844971
41.746196747 -10.474094391 -0.140374222
41.604091644 2.853518963 -0.141120676
41.507537842 -2.661355019 -0.144263608
41.419380188 -11.163453102 -0.145231802
41.300155640 -7.716657162 -0.143745736
41.211784363 0.096082002 -0.143871078
41.086475372 -0.363490999 -0.146685071
41.014057159 -10.933667183 -0.149694817
40.882869720 -10.244306564 -0.149796928
40.786102295 -2.891141891 -0.147534739
40.693115234 0.785440981 -0.146003611
40.593414307 -7.716657162 -0.147190440
40.488464355 -12.542172432 -0.151252708
40.387710571 -5.418791771 -0.154477783
40.282966614 -4.959219933 -0.155638416
40.180744171 1.015226960 -0.154177892
40.078735352 -2.661355019 -0.152874873
39.966434479 -1.512423038 -0.154721166
39.863162994 -7.946443081 -0.157952434
39.778362274 -10.474094391 -0.160203195
39.668373108 -10.933667183 -0.159209023
39.563003540 -11.852811813 -0.156456331
39.457004547 -7.027297020 -0.157416224
39.345546722 -6.567725182 -0.161031525
39.257175446 -1.052850008 -0.164635744
39.151386261 -1.282637000 -0.165408161
39.037616730 -5.418791771 -0.163560806
38.949878693 -10.703880310 -0.162104714
38.850597382 -12.312384605 -0.163180687
