0 0
1 0
2 0
3 0
4 0
5 0
6 0
7 0
8 0
9 0
10 0
11 0
12 0
13 0
14 0
15 0
16 0
17 0
18 0
19 0
20 0
21 0
22 0
23 0
24 0
25 0
26 0
27 0
28 0
29 0
30 0
31 0
32 0
33 0
34 0
35 0
36 5.56436
37 325.407
38 422.286
39 301.851
40 276.729
41 348.917
42 308.561
43 365.625
44 317.485
45 316.963
46 302.815
47 312.245
48 326.897
49 313.991
50 334.889
51 340.888
52 309.95
53 304.628
54 312.389
55 335.62
56 285.953
57 275.038
58 295.628
59 298.442
60 290.416
61 323.711
62 276.598
63 295.722
64 292.569
65 320.073
66 301.727
67 285.493
68 301.463
69 309.68
70 248.412
71 269.404
72 259.92
73 283.131
74 228.667
75 258.466
76 266.314
77 282.602
78 231.345
79 256.938
80 274.403
81 247.117
82 251.504
83 264.321
84 249.119
85 262.091
86 269.567
87 250.667
88 242.389
89 248.852
90 279.291
91 245.306
92 252.799
93 253.318
94 259.792
95 256.648
96 242.438
97 229.176
98 253.867
99 233.219
100 240.17
101 254.573
102 255.131
103 260.987
104 251.964
105 240.835
106 263.138
107 274.112
108 247.184
109 227.779
110 242.493
111 238.997
112 238.79
113 246.601
114 247.643
115 257.539
116 235.886
117 243.18
118 263.541
119 261.645
120 246.503
121 258.457
122 251.323
123 252.112
124 228.552
125 229.635
126 264.04
127 238.596
128 231.111
129 239.811
130 253.709
131 253.726
132 247.33
133 249.982
134 240.416
135 235.875
136 244.434
137 267.688
138 257.379
139 259.977
140 254.024
141 261.296
142 280.528
143 269.291
144 253.167
145 257.269
146 269.225
147 263.149
148 281.261
149 277.053
150 288.988
151 278.17
152 271.163
153 283.548
154 270.803
155 278.128
156 261.58
157 272.898
158 285.933
159 270.833
160 295.743
161 287.878
162 278.061
163 276.427
164 287.064
165 292.364
166 300.49
167 299.741
168 315.479
169 328.358
170 299.197
171 310.318
172 311.814
173 302.585
174 314.081
175 311.319
176 312.247
177 304.22
178 293.397
179 305.113
180 325.668
181 322.779
182 311.421
183 321.33
184 311.105
185 308.227
186 300.678
187 315.101
188 320.526
189 329.571
190 327.573
191 297.307
192 300.47
193 310.094
194 308.658
195 307.872
196 328.202
197 319.924
198 323.499
199 320.382
200 318.041
201 322.474
202 335.261
203 336.042
204 321.93
205 331.814
206 326.989
207 321.845
208 347.506
209 324.845
210 330.266
211 344.615
212 335.059
213 325.685
214 326.108
215 319.543
216 325.652
217 330.775
218 332.64
219 327.46
220 326.64
221 332.427
222 338.599
223 329.008
224 296.029
225 312.294
226 326.388
227 323.105
228 321.741
229 318.368
230 314.667
231 323.223
232 335.494
233 342.86
234 351.823
235 328.828
236 300.479
237 311.386
238 311.517
239 312.149
240 317.783
241 301.48
242 321.484
243 336.711
244 313.882
245 307.961
246 315.645
247 320.473
248 329.28
249 333.673
250 330.958
251 326.204
252 314.049
253 304.011
254 308.136
255 319.341
256 330.54
257 333.845
258 319.563
259 318.474
260 313.699
261 312.669
262 321.91
263 341.673
264 338.406
265 299.573
266 301.192
267 304.685
268 312.484
269 316.613
270 303.6
271 306.188
272 303.477
273 298.833
274 310.629
275 316.67
276 327.9
277 328.749
278 301.557
279 288.813
280 293.295
281 301.05
282 291.968
283 300.239
284 336.533
285 322.896
286 310.646
287 314.901
288 322.023
289 321.98
290 320.26
291 321.607
292 314.743
293 307.639
294 304.073
295 320.486
296 326.032
297 296.334
298 283.651
299 316.262
300 306.357
301 294.047
302 322.068
303 324.608
304 307.1
305 305.355
306 288.371
307 278.491
308 311.459
309 310.615
310 297.158
311 312.49
312 305.446
313 295.948
314 295.912
315 301.279
316 296.842
317 289.725
318 311.611
319 295.523
320 281.12
321 261.938
322 282.077
323 318.738
324 321.85
325 298.457
326 288.633
327 301.343
328 286.106
329 305.236
330 316.6
331 294.657
332 278.714
333 269.229
334 257.549
335 266.28
336 270.836
337 281.48
338 283.084
339 291.346
340 289.558
341 311.577
342 282.524
343 261.68
344 261.007
345 271.895
346 273.577
347 279.435
348 269.086
349 288.725
350 278.656
351 288.774
352 255.562
353 274.063
354 262.392
355 282.738
356 275.338
357 255.216
358 273.329
359 269.489
360 257.217
361 255.5
362 239.774
363 270.601
364 290.46
365 277.229
366 268.862
367 255.96
368 261.023
369 255.913
370 251.978
371 256.404
372 262.803
373 271.152
374 261.214
375 266.313
376 248.285
377 261.096
378 261.461
379 267.458
380 267.988
381 279.213
382 248.616
383 241.161
384 257.473
385 255.857
386 267.682
387 244.976
388 263.022
389 279.096
390 263.327
391 273.257
392 260.566
393 245.635
394 258.009
395 258.526
396 266.292
397 249.106
398 252.784
399 256.565
400 246.567
401 256.033
402 256.588
403 263.763
404 251.472
405 263.308
406 231.413
407 247.871
408 253.169
409 250.46
410 270.176
411 261.74
412 232.051
413 264.243
414 254.034
415 247.377
416 275.579
417 274.511
418 252.737
419 233.51
420 240.209
421 270.542
422 271.166
423 232.583
424 279.338
425 253.019
426 273.586
427 250.515
428 224.679
429 236.186
430 259.444
431 298.471
432 257.919
433 222.373
434 260.139
435 257.557
436 252.112
437 241.397
438 282.01
439 255.656
440 274.159
441 242.158
442 272.105
443 247.325
444 239.916
445 237.645
446 242.02
447 231.254
448 239.444
449 244.895
450 214.957
451 233.94
452 244.346
453 226.658
454 228.775
455 229.25
456 235.263
457 253.71
458 221.072
459 249.154
460 246.494
461 235.924
462 233.756
463 231.914
464 219.196
465 235.755
466 235.331
467 237.157
468 263.579
469 257.677
470 241.027
471 222.539
472 240.964
473 212.416
474 213.559
475 228.574
476 214.121
477 241.029
478 221.48
479 234.276
480 244.058
481 226.927
482 218.617
483 214.947
484 214.174
485 211.996
486 217.512
487 231.829
488 216.899
489 222.444
490 215.304
491 209.135
492 225.553
493 226.672
494 234.225
495 222.963
496 232.522
497 243.842
498 219.025
499 226.403
500 201.785
501 239.168
502 199.497
503 208.818
504 220.869
505 215.695
506 212.233
507 201.478
508 236.637
509 215.208
510 225.562
511 211.104
512 196.945
513 202.126
514 219.474
515 212.38
516 232.12
517 229.977
518 202.179
519 216.282
520 221.001
521 203.823
522 223.69
523 224.155
524 207.391
525 208.559
526 196.152
527 229.048
528 219.32
529 240.815
530 189.524
531 221.82
532 219.89
533 194.699
534 207.217
535 215.828
536 191.361
537 206.106
538 216.393
539 208.331
540 215.691
541 210.287
542 208.99
543 221.26
544 207.044
545 222.821
546 223.831
547 215.648
548 187.806
549 201.619
550 196.413
551 187.139
552 199.14
553 213.029
554 200.469
555 202.528
556 197.307
557 202.485
558 193.241
559 195.947
560 193.946
561 211.659
562 193.398
563 193.124
564 218.855
565 204.615
566 246.876
567 260.045
568 245.413
569 247.629
570 218.642
571 180.464
572 201.171
573 190.652
574 194.595
575 203.662
576 178.877
577 188.961
578 193.305
579 196.382
580 186.149
581 178.906
582 199.862
583 195.047
584 179.021
585 173.801
586 178.651
587 202.598
588 189.76
589 189.663
590 202.046
591 199.966
592 169.853
593 178.565
594 194.38
595 179.833
596 195.184
597 192.903
598 198.654
599 203.083
600 185.801
601 170.658
602 162.443
603 174.758
604 199.564
605 202.272
606 190.076
607 170.136
608 163.329
609 176.034
610 186.365
611 177.288
612 190.902
613 188.159
614 181.467
615 167.668
616 172.032
617 169.464
618 187.68
619 184.681
620 177.265
621 159.545
622 170.179
623 177.312
624 177.906
625 183.354
626 185.799
627 171.589
628 173.963
629 186.371
630 189.81
631 188.934
632 167.567
633 160.506
634 172.015
635 177.179
636 164.661
637 173.697
638 179.963
639 164.988
640 182.583
641 181.646
642 175.207
643 186.339
644 189.856
645 198.559
646 178.106
647 170.942
648 180.422
649 177.441
650 162.839
651 172.202
652 182.893
653 178.862
654 172.327
655 176.212
656 166.939
657 179.022
658 169.734
659 177.973
660 158.945
661 166.974
662 176.092
663 169.148
664 167.442
665 166.793
666 165.522
667 153.028
668 167.442
669 176.588
670 176.41
671 186.182
672 177.638
673 175.482
674 167.413
675 158.39
676 163.053
677 168.495
678 165.52
679 176.208
680 181.212
681 172.849
682 176.195
683 163.41
684 157.672
685 173.887
686 170.855
687 155.133
688 165.414
689 166.542
690 158.638
691 162.404
692 176.588
693 158.51
694 163.11
695 179.241
696 176.895
697 166.33
698 164.273
699 182.001
700 194.213
701 174.156
702 174.43
703 183.085
704 197.641
705 182.297
706 173.087
707 179.235
708 169.042
709 169.165
710 188.301
711 176.15
712 168.604
713 167.508
714 179.196
715 183.961
716 181.413
717 179.835
718 178.753
719 190.829
720 170.851
721 155.728
722 170.05
723 164.098
724 167.15
725 166.051
726 154.569
727 163.187
728 175.258
729 170.906
730 174.739
731 167.315
732 168.233
733 173.159
734 170.918
735 169.981
736 163.317
737 167.181
738 169.482
739 159.52
740 151.599
741 157.788
742 182.006
743 190.033
744 172.811
745 164.729
746 175.887
747 179.351
748 164.679
749 164.315
750 173.576
751 182.301
752 185.005
753 176.036
754 150.142
755 129.925
756 155.178
757 163.953
758 171.306
759 177.681
760 167.75
761 177.19
762 183.503
763 171.39
764 174.145
765 186.714
766 178.895
767 171.729
768 178.52
769 182.606
770 173.331
771 165.722
772 165.27
773 172.987
774 166.354
775 155.902
776 160.552
777 176.986
778 187.504
779 177.611
780 161.872
781 172.11
782 193.459
783 180.77
784 174.917
785 173.435
786 184.632
787 200.179
788 164.718
789 157.35
790 192.271
791 200.073
792 186.781
793 167.703
794 170.633
795 174.38
796 177.843
797 178.372
798 154.468
799 156.717
800 164.171
801 167.87
802 172.271
803 168.212
804 168.431
805 166.337
806 181.545
807 178.6
808 178.213
809 176.344
810 159.876
811 158.577
812 138.583
813 137.27
814 149.226
815 131.565
816 126.576
817 133.803
818 136.533
819 132.919
820 124.175
821 142.541
822 137.024
823 132.859
824 114.982
825 109.04
826 108.545
827 120.689
828 111.327
829 107.358
830 123.291
831 138.159
832 132.716
833 123.311
834 111.609
835 127.54
836 119.326
837 125.445
838 154.642
839 159.4
840 155.755
841 141.61
842 127.584
843 101.298
844 102.82
845 115.09
846 111.988
847 122.496
848 122.522
849 119.189
850 110.919
851 91.6522
852 94.8981
853 102.561
854 112.939
855 110.085
856 106.805
857 124.424
858 113.826
859 99.8916
860 97.8534
861 95.1569
862 101.506
863 98.1566
864 93.0043
865 97.537
866 108.697
867 105.257
868 108.199
869 100.551
870 88.9365
871 84.1845
872 100.097
873 91.5565
874 94.5124
875 97.5215
876 101.104
877 96.8271
878 92.4753
879 80.2198
880 84.5876
881 93.7154
882 99.8297
883 97.4559
884 99.0386
885 96.1391
886 92.7968
887 88.4994
888 89.4684
889 94.2427
890 93.4546
891 80.9248
892 80.9926
893 85.4556
894 89.846
895 88.1386
896 87.6833
897 84.7132
898 88.035
899 73.6149
900 87.3533
901 96.2775
902 85.2541
903 74.9999
904 81.6913
905 91.642
906 79.3988
907 86.8396
908 88.6222
909 89.8273
910 72.8823
911 85.5403
912 71.8544
913 78.8115
914 76.3334
915 72.391
916 84.6529
917 75.8684
918 79.0831
919 75.6765
920 79.6462
921 78.6419
922 93.9901
923 69.1032
924 95.5747
925 89.8861
926 86.8053
927 81.038
928 85.4184
929 83.0669
930 75.9161
931 70.5241
932 62.6222
933 74.5302
934 75.9461
935 80.2066
936 70.0094
937 68.5855
938 54.122
939 85.8913
940 77.5246
941 86.7885
942 79.2827
943 83.3434
944 102.769
945 88.4671
946 73.8934
947 81.4617
948 77.5313
949 58.1882
950 65.2169
951 63.7465
952 76.8005
953 63.9681
954 76.4347
955 83.8332
956 66.7973
957 80.4018
958 77.0693
959 78.8652
960 59.5646
961 81.1096
962 66.7167
963 77.3311
964 63.0307
965 69.2343
966 61.0537
967 55.3159
968 73.8759
969 60.5925
970 79.5151
971 53.2697
972 55.6388
973 54.1525
974 66.2565
975 58.7048
976 65.2273
977 56.7092
978 67.7297
979 52.6537
980 54.0094
981 75.0527
982 62.8999
983 73.5135
984 59.7296
985 77.4796
986 67.2926
987 71.446
988 75.9789
989 63.7695
990 67.4219
991 49.7742
992 54.3156
993 59.0301
994 56.1306
995 72.4602
996 60.827
997 57.2681
998 64.7141
999 63.5118
1000 49.9087
1001 51.3484
1002 70.8852
1003 67.6985
1004 57.6639
1005 56.3604
1006 65.5892
1007 64.8745
1008 71.4681
1009 47.0666
1010 48.1946
1011 51.7995
1012 81.2752
1013 57.4498
1014 62.7777
1015 56.1876
1016 50.3353
1017 66.204
1018 60.1197
1019 56.8966
1020 68.5941
1021 51.2034
1022 56.1921
1023 62.295
1024 54.2609
1025 53.8575
1026 47.5547
1027 56.3141
1028 61.4968
1029 65.2234
1030 61.1843
1031 49.6118
1032 59.6527
1033 64.9646
1034 59.8021
1035 52.2903
1036 48.9594
1037 53.7848
1038 49.6714
1039 57.3528
1040 69.2889
1041 73.3303
1042 60.4812
1043 71.6916
1044 65.7636
1045 62.6882
1046 68.5346
1047 63.4874
1048 75.5715
1049 76.6867
1050 62.522
1051 54.485
1052 47.0836
1053 59.8785
1054 63.8269
1055 70.1308
1056 47.684
1057 60.4195
1058 59.3537
1059 57.959
1060 52.2977
1061 49.7469
1062 56.6909
1063 54.6113
1064 63.0832
1065 63.478
1066 52.2513
1067 37.3828
1068 67.1948
1069 63.4753
1070 53.9815
1071 44.2788
1072 51.5905
1073 51.9367
1074 50.4187
1075 56.9715
1076 60.9124
1077 61.3709
1078 60.8198
1079 67.6989
1080 60.6553
1081 66.1074
1082 55.9535
1083 62.121
1084 53.1942
1085 63.6839
1086 54.2352
1087 52.6441
1088 48.0849
1089 53.1103
1090 56.0977
1091 66.7893
1092 58.2616
1093 61.3393
1094 69.1104
1095 64.4624
1096 59.217
1097 60.3847
1098 61.999
1099 55.0812
1100 48.4348
1101 50.4789
1102 62.5243
1103 63.7107
1104 51.8807
1105 60.5773
1106 51.5071
1107 58.8931
1108 56.1363
1109 56.322
1110 51.5456
1111 61.1446
1112 54.3455
1113 53.0916
1114 44.91
1115 41.001
1116 47.6841
1117 39.9798
1118 53.0423
1119 56.8463
1120 49.3621
1121 43.7418
1122 48.2329
1123 55.5339
1124 65.1216
1125 54.2147
1126 44.8082
1127 49.0998
1128 58.0407
1129 59.9506
1130 60.1561
1131 61.2321
1132 47.9607
1133 40.9928
1134 52.7133
1135 59.4764
1136 54.6915
1137 53.7698
1138 61.1185
1139 48.6911
1140 53.1489
1141 50.4264
1142 52.7938
1143 56.3668
1144 58.6112
1145 60.5705
1146 49.2397
1147 60.9354
1148 56.6913
1149 70.1263
1150 69.5516
1151 56.9805
1152 54.0855
1153 47.9767
1154 50.5417
1155 54.7816
1156 56.3188
1157 61.1356
1158 55.911
1159 43.2365
1160 45.2329
1161 53.5804
1162 53.1376
1163 50.615
1164 54.4752
1165 49.4836
1166 46.9061
1167 57.2685
1168 50.3165
1169 52.9165
1170 48.3352
1171 53.1489
1172 53.3068
1173 51.5991
1174 54.2325
1175 56.4476
1176 49.1244
1177 47.3823
1178 53.3468
1179 54.2148
1180 50.3868
1181 52.2548
1182 57.0463
1183 63.9317
1184 68.0344
1185 54.3392
1186 44.5061
1187 54.7847
1188 52.2773
1189 52.5849
1190 56.9412
1191 59.8077
1192 54.5132
1193 54.7601
1194 56.572
1195 56.4199
1196 58.4741
1197 63.1842
1198 55.6066
1199 55.1083
1200 55.5254
1201 59.7898
1202 57.7973
1203 67.8954
1204 61.8699
1205 56.8479
1206 65.3349
1207 71.1131
1208 78.7718
1209 97.5927
1210 114.991
1211 144.616
1212 197.326
1213 285.32
1214 462.925
1215 758.958
1216 1229.49
1217 1900.45
1218 2711.11
1219 3498.23
1220 4087.11
1221 4300.94
1222 3962.57
1223 3342.55
1224 2494.44
1225 1659.06
1226 1050.57
1227 638.443
1228 375.644
1229 228.153
1230 142.552
1231 100.263
1232 73.8159
1233 59.5303
1234 63.8099
1235 59.532
1236 51.5069
1237 46.8664
1238 49.3002
1239 42.3553
1240 40.6066
1241 38.4339
1242 42.6007
1243 43.0874
1244 32.3968
1245 35.7976
1246 38.0132
1247 37.9781
1248 42.2741
1249 44.2367
1250 44.8767
1251 48.9133
1252 46.8933
1253 29.9092
1254 28.0954
1255 32.4415
1256 35.6187
1257 38.0847
1258 35.7084
1259 30.4655
1260 29.9274
1261 36.759
1262 37.7398
1263 43.7895
1264 40.5276
1265 42.6209
1266 38.1902
1267 37.4658
1268 37.2321
1269 32.8174
1270 34.1823
1271 33.5261
1272 38.3811
1273 37.4166
1274 34.7919
1275 36.0921
1276 31.9597
1277 34.3775
1278 37.1565
1279 38.4032
1280 36.86
1281 30.0504
1282 30.5747
1283 38.5891
1284 34.8091
1285 36.6861
1286 39.5774
1287 35.6362
1288 40.7598
1289 46.0984
1290 47.1967
1291 39.3821
1292 32.7724
1293 36.344
1294 34.9495
1295 36.058
1296 39.0467
1297 35.6074
1298 37.458
1299 36.3562
1300 39.4563
1301 40.2202
1302 35.6509
1303 34.4891
1304 35.836
1305 34.7072
1306 30.6509
1307 31.9515
1308 33.5816
1309 34.723
1310 41.2793
1311 37.7649
1312 30.6717
1313 29.8836
1314 44.0649
1315 38.4908
1316 34.5715
1317 35.6307
1318 31.2588
1319 30.3126
1320 33.1689
1321 37.2195
1322 37.2113
1323 38.6019
1324 41.2486
1325 41.2885
1326 35.0277
1327 34.2228
1328 34.7647
1329 37.5998
1330 33.4286
1331 35.1705
1332 34.5801
1333 33.2999
1334 25.9669
1335 33.3418
1336 32.203
1337 27.9863
1338 37.8773
1339 45.9187
1340 39.8649
1341 41.5008
1342 42.164
1343 32.7251
1344 32.2705
1345 30.5066
1346 27.3153
1347 34.9369
1348 40.0701
1349 33.6876
1350 24.2332
1351 26.5244
1352 31.3398
1353 34.7391
1354 42.4412
1355 46.6956
1356 39.1995
1357 38.0832
1358 35.2283
1359 30.8124
1360 33.7353
1361 31.7376
1362 34.3627
1363 38.1786
1364 41.1677
1365 40.4897
1366 44.0175
1367 31.4344
1368 32.7568
1369 22.3588
1370 26.2201
1371 30.2271
1372 35.7731
1373 37.4585
1374 38.7628
1375 26.0018
1376 27.3177
1377 35.1079
1378 34.5602
1379 35.161
1380 38.0877
1381 32.714
1382 26.5035
1383 33.1278
1384 38.5624
1385 32.8928
1386 26.8943
1387 27.8193
1388 35.5701
1389 45.1061
1390 37.7234
1391 35.2593
1392 50.3165
1393 69.3641
1394 80.8132
1395 70.4107
1396 45.2917
1397 40.6844
1398 33.2357
1399 32.9199
1400 25.2494
1401 26.6749
1402 30.4121
1403 36.4493
1404 37.4237
1405 27.659
1406 23.8272
1407 38.267
1408 37.2451
1409 32.8162
1410 34.6672
1411 32.689
1412 32.068
1413 31.1877
1414 29.4375
1415 33.549
1416 32.1847
1417 32.6496
1418 34.827
1419 35.0785
1420 38.8545
1421 34.488
1422 39.3405
1423 33.3692
1424 27.928
1425 34.2912
1426 36.6462
1427 37.5238
1428 40.5919
1429 30.0873
1430 27.5597
1431 33.5289
1432 33.0465
1433 20.6323
1434 30.9895
1435 30.045
1436 35.2037
1437 26.5373
1438 32.8039
1439 31.6348
1440 33.3506
1441 36.1896
1442 33.1429
1443 35.7141
1444 29.6839
1445 34.8423
1446 37.7871
1447 33.7455
1448 31.0487
1449 16.7059
1450 24.3177
1451 33.6519
1452 39.7405
1453 38.2278
1454 44.5323
1455 58.2011
1456 75.8769
1457 64.9664
1458 68.3067
1459 59.9416
1460 47.7205
1461 39.6991
1462 31.8968
1463 26.6707
1464 27.496
1465 27.5851
1466 38.8917
1467 26.0645
1468 28.775
1469 27.0594
1470 27.0523
1471 25.7367
1472 29.8719
1473 37.5941
1474 41.6035
1475 25.3369
1476 32.1345
1477 38.4062
1478 31.1464
1479 29.8529
1480 27.5308
1481 30.4476
1482 36.3451
1483 26.617
1484 40.3747
1485 37.4458
1486 35.1726
1487 34.0104
1488 38.5613
1489 35.8318
1490 30.3607
1491 33.1825
1492 28.5776
1493 25.4818
1494 26.5226
1495 30.1942
1496 39.3386
1497 30.768
1498 34.7764
1499 35.3738
1500 34.327
1501 22.6153
1502 34.4692
1503 34.7201
1504 27.1077
1505 26.0735
1506 29.3265
1507 41.7037
1508 36.0488
1509 41.4511
1510 31.1002
1511 27.9811
1512 25.7956
1513 28.1462
1514 33.7037
1515 27.4715
1516 32.5878
1517 39.5123
1518 24.8777
1519 25.7092
1520 16.1632
1521 29.9961
1522 34.715
1523 28.8532
1524 30.4918
1525 28.0049
1526 34.2982
1527 32.7922
1528 34.8056
1529 25.3267
1530 41.1623
1531 36.0093
1532 30.0667
1533 30.4803
1534 30.9408
1535 42.0983
1536 37.351
1537 31.131
1538 26.0503
1539 39.1853
1540 32.3515
1541 34.204
1542 30.8166
1543 29.9062
1544 34.093
1545 35.9273
1546 26.8034
1547 35.766
1548 35.8157
1549 33.8143
1550 38.114
1551 34.2553
1552 35.9883
1553 26.14
1554 28.7857
1555 17.8367
1556 31.4813
1557 24.2915
1558 37.4307
1559 33.2628
1560 22.503
1561 24.4414
1562 28.9099
1563 30.2201
1564 36.4872
1565 26.8702
1566 36.6578
1567 18.2184
1568 22.2259
1569 27.5493
1570 35.6854
1571 32.6569
1572 27.1668
1573 29.2113
1574 30.0198
1575 24.0765
1576 30.8218
1577 39.6527
1578 26.6961
1579 28.0259
1580 32.1847
1581 48.2409
1582 36.7517
1583 28.8484
1584 35.9547
1585 27.3179
1586 31.4958
1587 33.3896
1588 33.7597
1589 38.3871
1590 33.453
1591 31.3119
1592 35.5369
1593 36.2323
1594 32.5345
1595 34.8115
1596 34.2614
1597 32.4827
1598 30.1753
1599 26.2463
1600 30.0898
1601 26.6993
1602 29.037
1603 33.5207
1604 29.1821
1605 22.9412
1606 34.5188
1607 33.2228
1608 24.688
1609 28.3236
1610 33.2115
1611 31.3251
1612 35.394
1613 26.3
1614 31.7592
1615 24.2539
1616 26.783
1617 33.449
1618 30.8549
1619 32.0774
1620 33.2859
1621 27.2254
1622 30.3311
1623 39.4604
1624 31.2348
1625 34.9765
1626 30.75
1627 26.0952
1628 24.6795
1629 28.1998
1630 28.9513
1631 32.7612
1632 33.1007
1633 39.9319
1634 26.8753
1635 29.2106
1636 29.9233
1637 31.5431
1638 30.8891
1639 30.9041
1640 31.5479
1641 36.2156
1642 35.149
1643 26.9012
1644 30.9889
1645 29.8552
1646 25.6557
1647 19.1903
1648 25.697
1649 29.8365
1650 27.7163
1651 32.49
1652 29.2521
1653 32.6253
1654 38.9521
1655 39.5419
1656 39.7271
1657 37.3006
1658 36.4089
1659 34.0339
1660 31.7449
1661 37.3044
1662 33.8419
1663 30.8545
1664 27.7046
1665 28.523
1666 28.9452
1667 31.0395
1668 32.7984
1669 34.6013
1670 29.5202
1671 28.921
1672 26.2412
1673 27.7507
1674 30.9002
1675 31.8593
1676 35.8535
1677 32.9301
1678 33.0171
1679 30.9994
1680 35.3129
1681 35.787
1682 32.0883
1683 37.5586
1684 29.3976
1685 29.7043
1686 33.0847
1687 34.2992
1688 33.7334
1689 38.5099
1690 41.2873
1691 33.9417
1692 40.9663
1693 33.6389
1694 34.8051
1695 37.0784
1696 31.0532
1697 30.864
1698 24.1858
1699 28.6682
1700 32.8762
1701 27.4762
1702 18.5254
1703 25.1867
1704 32.6575
1705 35.7937
1706 30.6569
1707 27.1447
1708 28.2112
1709 29.0692
1710 21.1516
1711 25.2322
1712 28.7503
1713 26.7679
1714 25.5126
1715 31.5338
1716 32.2586
1717 35.0344
1718 27.2652
1719 27.6738
1720 28.1465
1721 28.8806
1722 30.0149
1723 24.1645
1724 24.326
1725 21.3702
1726 25.7089
1727 31.4382
1728 32.3761
1729 26.1594
1730 26.5082
1731 34.6247
1732 31.4716
1733 28.3504
1734 28.6002
1735 31.1773
1736 32.4275
1737 31.7478
1738 30.3138
1739 35.25
1740 40.7061
1741 38.4855
1742 31.6407
1743 24.6209
1744 28.9862
1745 29.2556
1746 29.1842
1747 31.8406
1748 33.8978
1749 34.6304
1750 34.2896
1751 31.312
1752 29.2081
1753 33.7675
1754 31.8199
1755 28.1932
1756 31.3465
1757 32.183
1758 31.6047
1759 34.9681
1760 37.0445
1761 32.5611
1762 32.0586
1763 34.3336
1764 34.7009
1765 39.1409
1766 33.3089
1767 30.7275
1768 33.1955
1769 35.0231
1770 29.4826
1771 27.4514
1772 35.1229
1773 34.2972
1774 30.9427
1775 33.2229
1776 33.7245
1777 31.5887
1778 26.7763
1779 26.9917
1780 29.8075
1781 29.2982
1782 26.2708
1783 30.1595
1784 28.6701
1785 27.0995
1786 29.1353
1787 29.1148
1788 29.6953
1789 27.938
1790 28.3201
1791 29.5967
1792 27.3151
1793 28.4707
1794 30.6892
1795 26.9527
1796 27.9542
1797 34.0616
1798 35.9072
1799 31.515
1800 27.5888
1801 28.2628
1802 28.0695
1803 31.258
1804 31.0368
1805 28.6408
1806 32.7728
1807 32.521
1808 35.105
1809 41.07
1810 36.8982
1811 31.4422
1812 34.8306
1813 36.0415
1814 33.1303
1815 31.6604
1816 29.3845
1817 29.4088
1818 25.4754
1819 31.3316
1820 35.4871
1821 28.7826
1822 33.1632
1823 35.5631
1824 34.6551
1825 33.0134
1826 33.6499
1827 38.7213
1828 38.2527
1829 36.9542
1830 42.8114
1831 37.1115
1832 32.1892
1833 26.5501
1834 29.408
1835 26.9042
1836 26.8198
1837 29.7835
1838 34.5894
1839 40.8419
1840 38.1571
1841 31.0396
1842 24.0398
1843 30.0297
1844 30.3088
1845 29.0364
1846 36.7856
1847 33.0795
1848 32.5723
1849 29.6824
1850 22.1847
1851 29.2037
1852 30.9556
1853 35.3128
1854 33.1075
1855 27.5828
1856 27.161
1857 27.3886
1858 30.7172
1859 30.7785
1860 30.8413
1861 31.3752
1862 33.7268
1863 32.043
1864 31.6343
1865 28.9517
1866 24.3456
1867 25.9079
1868 28.6077
1869 29.4884
1870 23.8818
1871 22.2198
1872 24.5554
1873 27.6539
1874 26.1023
1875 25.736
1876 24.9171
1877 32.5797
1878 39.0938
1879 42.4405
1880 37.1429
1881 33.7046
1882 30.515
1883 24.4887
1884 23.5807
1885 27.8158
1886 25.8144
1887 29.1895
1888 38.0343
1889 39.9439
1890 24.7082
1891 26.5609
1892 28.3634
1893 32.7027
1894 27.235
1895 25.9438
1896 30.9334
1897 35.8534
1898 25.1247
1899 35.6016
1900 28.9025
1901 34.0609
1902 36.7403
1903 28.0832
1904 29.3057
1905 31.6807
1906 34.8907
1907 32.7879
1908 32.6527
1909 34.5743
1910 32.5313
1911 34.8476
1912 35.2573
1913 35.5198
1914 28.385
1915 28.9139
1916 40.159
1917 36.8736
1918 27.9639
1919 31.9917
1920 27.5287
1921 32.9521
1922 29.6237
1923 17.4694
1924 26.5985
1925 34.1999
1926 32.4806
1927 41.4066
1928 41.1699
1929 27.5999
1930 33.3304
1931 29.2542
1932 33.0233
1933 39.4242
1934 30.5204
1935 19.1185
1936 29.5516
1937 32.8197
1938 28.5102
1939 25.0893
1940 29.5093
1941 33.9514
1942 33.4348
1943 34.9171
1944 30.4987
1945 28.0347
1946 28.4605
1947 31.0899
1948 31.7951
1949 30.9015
1950 24.6637
1951 34.8072
1952 35.1679
1953 29.7605
1954 43.3875
1955 28.7206
1956 29.0666
1957 36.9468
1958 37.2255
1959 34.1792
1960 41.0523
1961 32.815
1962 32.0419
1963 28.2726
1964 29.882
1965 24.1061
1966 25.6056
1967 29.8884
1968 37.8173
1969 28.5695
1970 30.2637
1971 35.9042
1972 38.3097
1973 29.4657
1974 31.0601
1975 30.1851
1976 29.1594
1977 29.4069
1978 31.0883
1979 31.5112
1980 30.3098
1981 35.5591
1982 37.5975
1983 33.8027
1984 42.3297
1985 30.4859
1986 29.5711
1987 39.8535
1988 31.6495
1989 41.1992
1990 29.5023
1991 30.2064
1992 45.6935
1993 35.9539
1994 30.535
1995 29.1973
1996 33.842
1997 23.0097
1998 34.5522
1999 30.0796
2000 24.5476
2001 28.2394
2002 30.9118
2003 33.2794
2004 30.8374
2005 26.4897
2006 27.679
2007 35.636
2008 42.5273
2009 39.0991
2010 34.2708
2011 35.7407
2012 30.4972
2013 31.9435
2014 35.5248
2015 34.8285
2016 29.0156
2017 28.6627
2018 42.7811
2019 24.4657
2020 30.8375
2021 31.4468
2022 33.7853
2023 25.9145
2024 23.5435
2025 36.4898
2026 23.4268
2027 30.6639
2028 31.4087
2029 30.9647
2030 34.0501
2031 28.8797
2032 34.7646
2033 36.3755
2034 33.5376
2035 29.2841
2036 25.2463
2037 30.801
2038 32.8539
2039 38.4808
2040 35.0562
2041 29.9205
2042 41.7672
2043 37.4985
2044 30.9742
2045 31.1801
2046 34.6362
2047 29.1087
2048 35.7372
2049 33.8177
2050 34.7874
2051 38.1111
2052 30.9297
2053 28.4609
2054 31.4384
2055 35.2426
2056 34.0632
2057 24.8836
2058 42.9307
2059 28.7138
2060 32.6807
2061 38.1828
2062 34.7938
2063 30.6666
2064 27.9954
2065 27.1811
2066 32.1652
2067 30.867
2068 40.5801
2069 34.2608
2070 35.5972
2071 25.2402
2072 29.9574
2073 31.3478
2074 38.7133
2075 42.5183
2076 31.9873
2077 26.8378
2078 27.5562
2079 32.6038
2080 25.9628
2081 37.4245
2082 23.7305
2083 37.721
2084 33.5083
2085 26.4458
2086 30.7481
2087 32.5015
2088 24.2336
2089 36.7482
2090 33.6531
2091 37.9805
2092 37.1563
2093 24.694
2094 25.9067
2095 33.0036
2096 30.2773
2097 35.6167
2098 33.7311
2099 31.9311
2100 27.5128
2101 26.7768
2102 37.7039
2103 38.3286
2104 41.293
2105 30.7693
2106 39.7801
2107 30.6083
2108 31.8105
2109 26.9948
2110 31.0017
2111 31.4793
2112 34.7624
2113 35.2614
2114 31.1652
2115 33.1204
2116 38.3954
2117 35.5454
2118 38.0166
2119 28.5087
2120 32.4157
2121 30.3792
2122 29.2726
2123 38.8078
2124 40.1123
2125 44.5017
2126 43.8846
2127 32.2555
2128 36.1477
2129 31.5131
2130 33.144
2131 32.8444
2132 38.7703
2133 33.151
2134 28.8389
2135 27.0345
2136 34.7722
2137 32.125
2138 28.2999
2139 31.2016
2140 34.4264
2141 31.2695
2142 30.4337
2143 32.8284
2144 35.8707
2145 32.5013
2146 37.9362
2147 39.5928
2148 37.9729
2149 29.8556
2150 30.2375
2151 44.9368
2152 44.9723
2153 32.0876
2154 28.1945
2155 24.303
2156 24.7036
2157 35.0914
2158 31.7312
2159 28.5978
2160 33.0424
2161 31.0042
2162 24.0567
2163 37.1726
2164 31.8296
2165 31.3527
2166 26.4316
2167 35.6249
2168 38.1543
2169 40.6269
2170 36.0146
2171 31.2322
2172 30.1585
2173 35.0916
2174 28.2991
2175 30.3396
2176 34.5101
2177 32.0094
2178 36.1113
2179 50.844
2180 53.2636
2181 56.4949
2182 53.9493
2183 44.6525
2184 33.2616
2185 37.8591
2186 42.6205
2187 34.4755
2188 37.1587
2189 33.6001
2190 32.9798
2191 39.9957
2192 41.1931
2193 35.7758
2194 34.3399
2195 33.8945
2196 36.5457
2197 33.4722
2198 26.9667
2199 28.7518
2200 29.2542
2201 41.3331
2202 36.8465
2203 35.9425
2204 37.1863
2205 29.7639
2206 32.7937
2207 28.8178
2208 26.855
2209 35.3097
2210 39.2607
2211 40.2605
2212 34.0386
2213 34.0242
2214 33.8902
2215 42.9109
2216 42.4568
2217 39.9059
2218 36.5866
2219 41.5783
2220 42.5394
2221 41.6443
2222 35.9136
2223 36.2339
2224 38.1004
2225 41.7085
2226 37.0411
2227 35.7307
2228 35.9521
2229 32.9369
2230 32.9654
2231 30.1508
2232 38.1335
2233 38.8595
2234 39.5859
2235 42.8405
2236 42.0785
2237 40.1639
2238 32.9391
2239 36.5548
2240 42.074
2241 34.5479
2242 34.0889
2243 37.9418
2244 32.1982
2245 32.6399
2246 32.1739
2247 31.5278
2248 32.1109
2249 27.5977
2250 34.1838
2251 39.1874
2252 31.7911
2253 30.4581
2254 40.6294
2255 43.772
2256 36.9997
2257 29.4813
2258 31.3104
2259 32.7997
2260 40.63
2261 36.9183
2262 36.8129
2263 39.1917
2264 44.4627
2265 41.0053
2266 37.9573
2267 43.5255
2268 45.4569
2269 45.0422
2270 34.2602
2271 32.2906
2272 42.1839
2273 37.0718
2274 35.7356
2275 36.7829
2276 32.9014
2277 34.5838
2278 38.8568
2279 38.6016
2280 38.2164
2281 32.7461
2282 37.415
2283 37.2149
2284 41.5088
2285 43.9322
2286 36.565
2287 39.4452
2288 42.6187
2289 43.5082
2290 41.4963
2291 41.4691
2292 41.9
2293 38.8794
2294 41.2805
2295 47.6591
2296 48.3175
2297 45.475
2298 37.898
2299 35.8989
2300 34.1865
2301 38.5545
2302 41.8972
2303 49.8295
2304 49.1358
2305 38.8112
2306 42.5259
2307 40.2407
2308 37.1585
2309 40.492
2310 42.6703
2311 36.1712
2312 40.0217
2313 40.9006
2314 37.8808
2315 30.3431
2316 35.0363
2317 42.968
2318 46.7083
2319 43.5226
2320 43.6675
2321 43.5518
2322 44.4365
2323 49.3715
2324 46.1146
2325 36.5874
2326 39.772
2327 48.5229
2328 40.1127
2329 34.601
2330 41.2159
2331 45.901
2332 45.9376
2333 34.3675
2334 34.8724
2335 36.2533
2336 41.9229
2337 34.8556
2338 41.1794
2339 47.6017
2340 40.4359
2341 37.6086
2342 31.935
2343 30.2853
2344 35.3191
2345 36.0059
2346 36.4974
2347 34.2956
2348 29.8507
2349 31.5246
2350 36.1686
2351 44.1341
2352 34.5722
2353 29.6159
2354 26.3242
2355 34.4516
2356 41.9932
2357 35.2512
2358 39.3695
2359 44.0996
2360 47.2502
2361 46.2396
2362 46.1894
2363 40.1217
2364 37.3477
2365 39.4818
2366 42.4907
2367 41.9674
2368 44.5007
2369 33.7594
2370 32.9293
2371 42.4434
2372 41.725
2373 38.4597
2374 45.1067
2375 40.5661
2376 39.6007
2377 38.0362
2378 42.4161
2379 44.8576
2380 38.875
2381 35.4556
2382 39.9471
2383 43.2378
2384 40.7622
2385 41.9053
2386 30.5919
2387 36.7458
2388 39.4573
2389 40.3454
2390 40.9153
2391 45.9142
2392 43.7561
2393 56.0941
2394 49.5084
2395 49.3121
2396 45.3512
2397 43.374
2398 38.807
2399 39.2073
2400 37.5186
2401 46.1042
2402 39.2924
2403 34.8167
2404 37.6742
2405 38.637
2406 40.7933
2407 34.6747
2408 48.1228
2409 42.7051
2410 34.3914
2411 34.9072
2412 39.0551
2413 38.1011
2414 43.4106
2415 42.5754
2416 48.9731
2417 43.1899
2418 46.3805
2419 46.6051
2420 47.6431
2421 45.4239
2422 46.9659
2423 44.634
2424 28.8315
2425 38.8767
2426 46.4675
2427 42.0835
2428 47.6795
2429 43.8511
2430 39.5297
2431 43.1313
2432 52.2746
2433 40.3174
2434 49.011
2435 50.3702
2436 56.2829
2437 48.3888
2438 50.3481
2439 54.0881
2440 40.9545
2441 43.7807
2442 49.7676
2443 51.8792
2444 47.2772
2445 51.2561
2446 45.2382
2447 44.6091
2448 40.4574
2449 40.5292
2450 50.9823
2451 51.1053
2452 45.4676
2453 41.7187
2454 47.1308
2455 48.3791
2456 45.8762
2457 36.3904
2458 51.7663
2459 49.1559
2460 51.6393
2461 43.5353
2462 51.5038
2463 46.772
2464 53.3064
2465 56.499
2466 50.0602
2467 57.3627
2468 49.5437
2469 39.0687
2470 49.4934
2471 43.3337
2472 51.0955
2473 43.1378
2474 38.1062
2475 39.4241
2476 46.6342
2477 53.3122
2478 36.5573
2479 51.5303
2480 56.5638
2481 60.4561
2482 44.9653
2483 63.6738
2484 52.7858
2485 40.732
2486 39.914
2487 55.9088
2488 54.0621
2489 42.0517
2490 42.8872
2491 44.4273
2492 42.6142
2493 51.1513
2494 48.8554
2495 64.0859
2496 49.8825
2497 46.4293
2498 50.8367
2499 57.1037
2500 50.8485
2501 51.1223
2502 57.0484
2503 39.1934
2504 40.1612
2505 64.4646
2506 50.8414
2507 54.9898
2508 41.1267
2509 49.5966
2510 44.0122
2511 53.6527
2512 40.7128
2513 40.6725
2514 50.7693
2515 44.8424
2516 57.2728
2517 60.0669
2518 44.8923
2519 61.3184
2520 44.8408
2521 51.3641
2522 47.4561
2523 47.3414
2524 41.0263
2525 47.6529
2526 46.0042
2527 41.0122
2528 43.328
2529 35.6015
2530 49.2575
2531 50.2
2532 45.8614
2533 37.9645
2534 41.9267
2535 45.4915
2536 46.0908
2537 43.9466
2538 42.2263
2539 52.9134
2540 43.7732
2541 54.8956
2542 39.9684
2543 38.7687
2544 49.8986
2545 51.2351
2546 35.5207
2547 47.9128
2548 45.3316
2549 38.1155
2550 42.2045
2551 44.4001
2552 36.3638
2553 38.7187
2554 27.8473
2555 38.4659
2556 42.3592
2557 43.9701
2558 42.7113
2559 38.9248
2560 39.2845
2561 42.4412
2562 36.247
2563 39.8699
2564 33.5567
2565 24.1799
2566 25.8209
2567 37.7018
2568 24.71
2569 38.3798
2570 35.1165
2571 32.4148
2572 23.9422
2573 31.1044
2574 40.5646
2575 35.7075
2576 30.2628
2577 31.2228
2578 34.0145
2579 48.8976
2580 34.9838
2581 41.515
2582 32.113
2583 42.9854
2584 31.7439
2585 37.7013
2586 35.57
2587 34.6728
2588 30.1435
2589 37.4587
2590 38.6555
2591 29.7026
2592 28.5437
2593 29.3418
2594 28.0848
2595 39.6504
2596 30.2054
2597 28.4568
2598 28.7156
2599 38.0332
2600 31.3485
2601 40.9224
2602 37.9542
2603 40.0441
2604 29.6917
2605 31.8292
2606 35.0066
2607 35.9341
2608 34.6772
2609 35.1292
2610 31.0948
2611 37.4405
2612 38.6536
2613 38.1413
2614 37.0975
2615 31.1975
2616 23.1697
2617 30.3476
2618 35.4344
2619 34.0555
2620 25.6649
2621 33.9276
2622 28.6893
2623 35.7847
2624 39.5192
2625 30.1524
2626 21.6816
2627 30.0351
2628 29.257
2629 34.4224
2630 33.3147
2631 33.3516
2632 31.5838
2633 30.9276
2634 27.3858
2635 33.285
2636 36.3114
2637 27.6336
2638 31.7421
2639 25.4488
2640 26.4639
2641 27.763
2642 33.7055
2643 27.4248
2644 28.8127
2645 27.8498
2646 26.8156
2647 27.5085
2648 32.9532
2649 38.9879
2650 27.4506
2651 28.5301
2652 30.9521
2653 33.454
2654 30.6228
2655 25.6874
2656 29.5242
2657 32.5744
2658 27.2129
2659 23.6374
2660 24.6575
2661 30.2274
2662 32.4797
2663 23.3485
2664 27.5205
2665 31.535
2666 32.7337
2667 31.9818
2668 34.8957
2669 28.3541
2670 21.6205
2671 30.4056
2672 31.0719
2673 33.5384
2674 37.1012
2675 33.5545
2676 31.2421
2677 35.8244
2678 30.7197
2679 24.6181
2680 31.7688
2681 43.6766
2682 40.5323
2683 37.5023
2684 33.0566
2685 31.7028
2686 35.987
2687 38.2721
2688 41.2685
2689 36.3323
2690 31.3582
2691 31.1274
2692 38.0793
2693 35.2967
2694 31.1258
2695 26.2996
2696 31.2043
2697 28.8703
2698 31.1251
2699 28.6094
2700 34.2084
2701 27.3286
2702 28.6403
2703 33.2249
2704 31.0279
2705 30.9668
2706 27.0324
2707 25.356
2708 28.6851
2709 32.4639
2710 35.2869
2711 31.651
2712 31.3194
2713 28.0754
2714 28.5004
2715 28.1231
2716 21.845
2717 19.0878
2718 27.2469
2719 35.4013
2720 31.6415
2721 27.6404
2722 27.8722
2723 28.8922
2724 30.183
2725 28.5846
2726 27.8449
2727 28.3116
2728 28.9125
2729 26.977
2730 26.7713
2731 27.2819
2732 26.1483
2733 25.0564
2734 28.6321
2735 27.4779
2736 23.5663
2737 24.4722
2738 28.7451
2739 30.0149
2740 26.0354
2741 20.4109
2742 23.3112
2743 26.3805
2744 20.0448
2745 23.5437
2746 32.1197
2747 24.9706
2748 17.0792
2749 18.7678
2750 27.5416
2751 30.4487
2752 21.2135
2753 21.6097
2754 23.0478
2755 21.6135
2756 24.0737
2757 21.787
2758 24.9233
2759 26.3398
2760 25.5797
2761 26.0155
2762 20.2525
2763 19.1459
2764 28.397
2765 32.1433
2766 26.5875
2767 24.3248
2768 22.812
2769 27.4399
2770 25.778
2771 24.0735
2772 26.9156
2773 24.6521
2774 27.5969
2775 28.3552
2776 22.1609
2777 25.6717
2778 28.5478
2779 22.0365
2780 30.198
2781 30.7538
2782 29.4825
2783 27.438
2784 22.4819
2785 25.508
2786 23.8696
2787 20.3427
2788 20.8881
2789 21.1255
2790 24.7513
2791 23.5305
2792 22.787
2793 22.2322
2794 24.3264
2795 26.1152
2796 26.8972
2797 26.989
2798 23.7819
2799 30.8787
2800 26.9594
2801 23.1561
2802 25.7052
2803 23.1997
2804 23.5902
2805 24.6644
2806 28.3812
2807 28.3384
2808 25.2498
2809 19.8101
2810 24.2456
2811 22.5308
2812 21.3675
2813 26.041
2814 21.9604
2815 19.9176
2816 22.0737
2817 21.95
2818 18.1013
2819 24.8673
2820 28.8073
2821 28.0956
2822 20.1654
2823 16.0985
2824 15.4467
2825 21.9703
2826 28.9335
2827 28.3037
2828 21.4758
2829 13.9947
2830 22.5278
2831 20.3536
2832 18.6713
2833 19.9055
2834 21.3445
2835 19.91
2836 24.3488
2837 25.9187
2838 26.4553
2839 29.0551
2840 25.2028
2841 23.1293
2842 27.4266
2843 24.2586
2844 22.6541
2845 19.1068
2846 25.7357
2847 19.0506
2848 21.4474
2849 28.2377
2850 28.899
2851 26.9037
2852 25.5487
2853 24.5067
2854 26.3519
2855 28.4105
2856 22.0435
2857 25.3793
2858 26.1447
2859 28.387
2860 27.1126
2861 20.8238
2862 20.9889
2863 24.8511
2864 18.3224
2865 20.2933
2866 27.4713
2867 23.3874
2868 22.783
2869 20.327
2870 20.0701
2871 22.1339
2872 19.2502
2873 28.3934
2874 25.9317
2875 23.305
2876 27.2721
2877 26.434
2878 26.5012
2879 25.9008
2880 28.3891
2881 22.3064
2882 23.1217
2883 22.3795
2884 30.1767
2885 20.626
2886 22.2428
2887 21.5555
2888 19.9306
2889 23.982
2890 19.7863
2891 28.1173
2892 25.6676
2893 25.184
2894 25.6706
2895 16.2615
2896 18.3981
2897 26.0887
2898 21.9675
2899 20.8304
2900 28.4654
2901 25.9103
2902 22.767
2903 21.0062
2904 22.1332
2905 28.4508
2906 26.8716
2907 26.4584
2908 21.888
2909 16.2656
2910 20.9146
2911 26.3889
2912 22.6096
2913 24.4201
2914 23.0798
2915 20.0679
2916 21.1196
2917 30.8858
2918 28.8649
2919 22.8479
2920 23.7591
2921 25.7364
2922 18.2502
2923 20.4693
2924 27.7104
2925 21.9339
2926 18.9584
2927 22.357
2928 27.6115
2929 23.814
2930 27.3319
2931 32.8988
2932 31.2294
2933 22.7916
2934 27.8945
2935 27.1188
2936 16.1805
2937 23.8367
2938 26.1458
2939 28.3893
2940 26.5714
2941 26.6667
2942 25.5197
2943 32.1723
2944 26.5439
2945 25.1038
2946 29.1973
2947 22.7999
2948 23.1488
2949 22.7302
2950 26.0827
2951 16.1153
2952 25.532
2953 28.2373
2954 26.9559
2955 19.9613
2956 19.9234
2957 26.8315
2958 26.1861
2959 24.9937
2960 26.5667
2961 27.0297
2962 26.3903
2963 22.9425
2964 26.2049
2965 33.237
2966 31.4895
2967 25.1547
2968 28.3303
2969 36.22
2970 23.2112
2971 27.3668
2972 16.1494
2973 21.3269
2974 28.4511
2975 29.0932
2976 17.6665
2977 19.3893
2978 24.1022
2979 17.3216
2980 23.332
2981 24.1311
2982 24.2962
2983 24.8336
2984 18.2221
2985 22.1821
2986 20.9051
2987 30.6026
2988 18.1885
2989 21.3253
2990 25.067
2991 18.263
2992 23.3187
2993 14.5837
2994 16.7308
2995 29.5854
2996 18.6533
2997 17.0157
2998 15.5122
2999 19.3084
3000 14.9483
3001 16.7718
3002 21.7435
3003 23.3063
3004 23.5274
3005 16.1316
3006 12.9074
3007 21.0553
3008 24.5752
3009 17.7215
3010 13.5776
3011 22.4573
3012 16.9518
3013 24.1666
3014 16.0269
3015 17.7712
3016 16.3007
3017 17.8132
3018 19.0996
3019 18.007
3020 21.0062
3021 20.5118
3022 15.2206
3023 18.261
3024 19.6297
3025 25.5831
3026 16.1114
3027 15.4456
3028 16.5708
3029 14.087
3030 15.7829
3031 15.5164
3032 24.5652
3033 16.78
3034 25.0527
3035 15.5092
3036 21.6181
3037 20.1277
3038 27.4954
3039 15.9034
3040 23.9331
3041 19.2943
3042 23.0274
3043 25.5262
3044 33.1065
3045 34.2168
3046 66.6354
3047 122.047
3048 301.356
3049 577.658
3050 940.052
3051 1315.37
3052 1535.74
3053 1457.8
3054 1239.67
3055 772.959
3056 436.695
3057 170.309
3058 77.7981
3059 44.4778
3060 21.2427
3061 18.6503
3062 14.4586
3063 16.2512
3064 17.6243
3065 19.6143
3066 20.1582
3067 20.7886
3068 12.7778
3069 13.485
3070 20.8556
3071 16.2698
3072 14.1768
3073 15.3266
3074 10.8604
3075 10.4858
3076 15.0607
3077 17.7005
3078 10.9984
3079 12.2562
3080 12.6255
3081 14.2836
3082 9.2922
3083 11.5581
3084 19.9518
3085 14.3227
3086 13.7781
3087 14.6126
3088 17.7464
3089 11.9273
3090 10.6524
3091 12.9131
3092 17.1833
3093 16.5842
3094 19.8885
3095 16.1112
3096 18.3778
3097 20.5547
3098 17.6321
3099 12.6137
3100 10.7304
3101 13.3994
3102 13.4183
3103 18.403
3104 14.8567
3105 20.7303
3106 10.4635
3107 13.8456
3108 11.3696
3109 15.8607
3110 14.6001
3111 12.3194
3112 13.059
3113 15.3944
3114 18.294
3115 14.3958
3116 14.351
3117 13.2554
3118 22.6284
3119 14.2913
3120 12.2278
3121 13.1299
3122 18.8021
3123 24.611
3124 18.8089
3125 14.3932
3126 15.1631
3127 9.88807
3128 11.3379
3129 14.2868
3130 15.0057
3131 12.3636
3132 18.0948
3133 12.2917
3134 16.924
3135 13.0199
3136 13.187
3137 12.4976
3138 14.382
3139 11.2004
3140 13.1034
3141 14.4943
3142 9.55958
3143 11.0741
3144 17.5203
3145 12.724
3146 11.5041
3147 7.67355
3148 10.0098
3149 14.8158
3150 14.7752
3151 9.8418
3152 13.4728
3153 6.02685
3154 7.23957
3155 8.82906
3156 11.0556
3157 10.7092
3158 9.37017
3159 8.79366
3160 9.12902
3161 15.8576
3162 16.622
3163 9.50607
3164 10.6829
3165 14.1012
3166 10.5486
3167 11.9902
3168 9.14861
3169 16.658
3170 12.0242
3171 16.3386
3172 11.7131
3173 8.76773
3174 7.34295
3175 8.78433
3176 12.734
3177 7.74283
3178 11.1509
3179 8.14225
3180 9.99017
3181 10.8964
3182 9.68745
3183 10.7647
3184 6.59456
3185 9.68806
3186 12.1255
3187 13.625
3188 15.5756
3189 10.3429
3190 13.8736
3191 14.0471
3192 12.1345
3193 7.60897
3194 6.77174
3195 11.3739
3196 18.5961
3197 15.1041
3198 9.68294
3199 11.9685
3200 9.63366
3201 17.8878
3202 13.5804
3203 11.68
3204 10.4485
3205 9.37489
3206 10.9908
3207 7.99753
3208 8.67625
3209 9.48803
3210 7.64488
3211 10.4507
3212 10.2992
3213 12.9419
3214 13.5087
3215 13.1466
3216 9.9013
3217 12.0129
3218 11.9477
3219 10.5603
3220 6.77231
3221 7.28577
3222 10.1948
3223 9.10781
3224 8.16398
3225 8.06296
3226 8.75216
3227 9.031
3228 8.49992
3229 9.89005
3230 7.87441
3231 7.6698
3232 9.23119
3233 6.78646
3234 7.88936
3235 8.60818
3236 8.52076
3237 11.8702
3238 9.30238
3239 8.33658
3240 8.94665
3241 10.4345
3242 9.70456
3243 9.23052
3244 9.43358
3245 7.98528
3246 7.40757
3247 11.2997
3248 12.6856
3249 11.0547
3250 10.892
3251 10.8648
3252 10.5749
3253 9.21801
3254 10.143
3255 9.84726
3256 8.45698
3257 10.1352
3258 9.6952
3259 7.9211
3260 11.0116
3261 9.0839
3262 5.94464
3263 8.6331
3264 7.44784
3265 7.78107
3266 6.66763
3267 7.91234
3268 9.69748
3269 11.2352
3270 12.7553
3271 11.3072
3272 9.75138
3273 10.6304
3274 8.55594
3275 6.11957
3276 7.63612
3277 9.91613
3278 10.3265
3279 7.90599
3280 6.72392
3281 6.30516
3282 9.55976
3283 9.40711
3284 8.60645
3285 9.94607
3286 9.40376
3287 9.0456
3288 7.79559
3289 6.80671
3290 11.567
3291 7.13466
3292 7.60668
3293 10.2088
3294 11.146
3295 8.15945
3296 10.3162
3297 9.97082
3298 11.4732
3299 9.20129
3300 7.38594
3301 7.58808
3302 6.9265
3303 9.08274
3304 8.11817
3305 9.36101
3306 6.40011
3307 6.33943
3308 5.10833
3309 8.59184
3310 8.92559
3311 7.7458
3312 6.7252
3313 7.89816
3314 7.4388
3315 4.86063
3316 4.39619
3317 7.33191
3318 11.2973
3319 8.18002
3320 6.63001
3321 3.97225
3322 4.24584
3323 7.52608
3324 8.86482
3325 10.5799
3326 8.24134
3327 8.11903
3328 8.68661
3329 7.11756
3330 9.932
3331 7.81668
3332 6.56832
3333 8.46014
3334 9.93741
3335 9.9145
3336 7.32039
3337 7.93478
3338 7.62799
3339 8.33103
3340 4.37867
3341 7.67827
3342 9.41982
3343 5.64768
3344 6.52119
3345 5.29924
3346 5.98283
3347 7.06007
3348 6.39832
3349 8.78454
3350 10.2673
3351 9.96232
3352 7.61244
3353 6.22107
3354 7.37898
3355 8.99105
3356 8.48076
3357 10.403
3358 9.18598
3359 9.31755
3360 9.63853
3361 6.80133
3362 8.29033
3363 5.84865
3364 5.10051
3365 5.917
3366 6.66901
3367 7.6505
3368 6.61915
3369 8.24311
3370 6.89215
3371 8.24173
3372 11.1777
3373 12.8017
3374 8.97727
3375 9.96131
3376 7.9893
3377 6.26719
3378 7.94299
3379 9.06019
3380 7.80926
3381 8.76794
3382 8.5673
3383 8.68223
3384 11.1851
3385 11.2197
3386 7.89123
3387 9.19417
3388 5.79396
3389 3.99996
3390 5.93116
3391 7.54645
3392 8.09759
3393 5.28851
3394 5.95113
3395 4.73804
3396 5.10904
3397 8.3614
3398 2.76286
3399 3.6528
3400 3.83192
3401 5.45283
3402 9.69171
3403 6.82383
3404 6.73492
3405 7.8437
3406 6.44957
3407 6.65021
3408 9.24247
3409 5.97327
3410 6.55388
3411 8.5167
3412 4.89558
3413 7.68528
3414 9.9129
3415 9.96602
3416 5.1732
3417 6.24679
3418 4.45269
3419 4.91198
3420 5.13698
3421 6.14926
3422 7.22217
3423 7.12468
3424 5.43644
3425 5.21996
3426 8.31826
3427 9.97237
3428 5.81709
3429 4.21472
3430 3.15487
3431 9.81405
3432 6.58011
3433 5.50634
3434 10.0668
3435 6.74296
3436 8.67346
3437 12.9623
3438 9.47568
3439 10.0346
3440 6.4233
3441 7.91175
3442 6.30179
3443 10.1211
3444 8.26002
3445 9.36882
3446 7.76887
3447 9.17965
3448 4.58713
3449 4.04118
3450 6.71022
3451 6.65035
3452 5.28651
3453 6.0585
3454 9.27056
3455 7.53745
3456 5.11135
3457 6.55157
3458 8.56967
3459 9.91746
3460 7.70031
3461 6.24115
3462 6.67899
3463 6.75946
3464 8.99443
3465 5.48878
3466 6.37743
3467 10.5014
3468 8.56269
3469 7.08766
3470 7.2729
3471 3.90728
3472 8.80196
3473 9.20019
3474 5.59601
3475 10.8406
3476 5.40766
3477 9.81045
3478 10.0456
3479 9.19569
3480 4.68487
3481 5.15946
3482 3.74294
3483 6.78618
3484 12.7871
3485 11.3968
3486 6.25618
3487 11.293
3488 9.0173
3489 6.96076
3490 7.35664
3491 9.28058
3492 17.7444
3493 30.0626
3494 61.3236
3495 113.578
3496 209.181
3497 330.108
3498 475.901
3499 623.028
3500 670.489
3501 590.694
3502 516.198
3503 366.696
3504 220.976
3505 96.1693
3506 50.6698
3507 26.8213
3508 11.2711
3509 7.07151
3510 5.81533
3511 5.24364
3512 5.13162
3513 7.07975
3514 7.43635
3515 5.08854
3516 3.2039
3517 7.5857
3518 4.01717
3519 3.24408
3520 4.98167
3521 4.08183
3522 1.94938
3523 3.63545
3524 4.49077
3525 5.80309
3526 10.6713
3527 9.18425
3528 4.0803
3529 6.02413
3530 5.17322
3531 7.92884
3532 6.17049
3533 5.94285
3534 4.84229
3535 4.90733
3536 4.95377
3537 7.93032
3538 1.30994
3539 3.6238
3540 5.90787
3541 4.97789
3542 3.24881
3543 5.79911
3544 2.59139
3545 2.74562
3546 5.71053
3547 5.74941
3548 4.19356
3549 5.02554
3550 2.89973
3551 2.44665
3552 4.6928
3553 4.92362
3554 3.88031
3555 5.61811
3556 6.99214
3557 6.14351
3558 3.42636
3559 3.98102
3560 5.20629
3561 6.1146
3562 4.42147
3563 6.20473
3564 2.93337
3565 3.43422
3566 2.79198
3567 1.88798
3568 1.22986
3569 4.70909
3570 3.21052
3571 3.93588
3572 4.04935
3573 6.78075
3574 3.13333
3575 3.9233
3576 3.24881
3577 3.7145
3578 5.35763
3579 3.75474
3580 8.47318
3581 5.91972
3582 6.30779
3583 4.99618
3584 7.74895
3585 5.89681
3586 3.49521
3587 3.10815
3588 5.66879
3589 5.29879
3590 4.83981
3591 4.25055
3592 2.97639
3593 7.32302
3594 4.71595
3595 4.44242
3596 6.97969
3597 5.76033
3598 5.59179
3599 7.85163
3600 3.86943
3601 4.06473
3602 1.50675
3603 2.45926
3604 8.36852
3605 6.34412
3606 4.52605
3607 4.06291
3608 8.42797
3609 4.87673
3610 3.5668
3611 5.92096
3612 4.84483
3613 10.3856
3614 6.34758
3615 11.526
3616 6.55067
3617 6.60042
3618 4.92779
3619 7.144
3620 10.9134
3621 3.92472
3622 4.58303
3623 7.35984
3624 5.32801
3625 1.094
3626 6.44326
3627 6.59073
3628 2.57199
3629 3.51202
3630 6.11594
3631 4.96098
3632 6.13804
3633 1.50968
3634 2.91661
3635 4.87825
3636 5.13133
3637 4.93809
3638 8.43373
3639 5.91239
3640 4.8372
3641 5.00135
3642 2.04482
3643 3.03065
3644 4.1614
3645 7.01982
3646 5.00061
3647 6.66795
3648 3.43305
3649 3.75954
3650 4.93136
3651 3.98285
3652 6.29154
3653 3.41275
3654 4.89077
3655 3.05018
3656 4.41377
3657 6.2192
3658 7.33694
3659 4.05926
3660 3.79761
3661 2.0403
3662 4.35598
3663 5.16585
3664 9.33526
3665 5.77416
3666 3.00469
3667 3.09766
3668 4.02892
3669 3.46856
3670 3.2877
3671 5.03255
3672 3.82096
3673 3.68479
3674 8.56048
3675 5.04178
3676 3.25063
3677 4.23284
3678 5.18243
3679 7.66706
3680 5.94463
3681 2.86847
3682 5.28026
3683 6.95108
3684 7.43296
3685 3.75358
3686 5.60946
3687 5.29848
3688 5.31613
3689 5.54044
3690 4.50835
3691 4.7086
3692 3.12597
3693 4.01403
3694 2.62272
3695 4.57798
3696 3.49033
3697 2.25607
3698 5.28976
3699 6.45863
3700 4.19327
3701 3.72985
3702 5.68923
3703 3.2287
3704 5.46316
3705 5.80716
3706 4.61385
3707 3.88747
3708 6.65362
3709 7.30152
3710 5.84194
3711 11.4615
3712 8.72848
3713 5.19722
3714 4.60022
3715 6.36924
3716 4.71838
3717 5.10724
3718 4.9551
3719 4.11032
3720 5.90154
3721 5.49261
3722 5.58706
3723 4.88202
3724 6.60788
3725 6.397
3726 6.33779
3727 4.78024
3728 2.39038
3729 3.32343
3730 4.48227
3731 6.44844
3732 6.22045
3733 7.47183
3734 6.49627
3735 5.18293
3736 1.81315
3737 6.45936
3738 7.0536
3739 7.29103
3740 6.22465
3741 4.51288
3742 4.75927
3743 3.23822
3744 3.02594
3745 3.64947
3746 4.62106
3747 6.08927
3748 5.53765
3749 6.63825
3750 4.61257
3751 4.01134
3752 4.31685
3753 2.63745
3754 3.77969
3755 4.91338
3756 3.91825
3757 2.19017
3758 2.71439
3759 4.66705
3760 5.03489
3761 3.63734
3762 6.18126
3763 9.06038
3764 7.01173
3765 3.55197
3766 3.88294
3767 6.00324
3768 6.19963
3769 6.76524
3770 4.68889
3771 5.52567
3772 7.68792
3773 4.40058
3774 1.91214
3775 3.10872
3776 4.52301
3777 4.82514
3778 3.09231
3779 2.97233
3780 5.19628
3781 6.47461
3782 3.69237
3783 2.21877
3784 1.08628
3785 1.529
3786 2.94234
3787 3.40066
3788 6.69899
3789 5.32593
3790 7.64535
3791 6.74964
3792 5.95209
3793 5.19732
3794 3.81095
3795 4.21486
3796 3.86529
3797 3.50981
3798 4.01577
3799 4.55932
3800 2.32011
3801 5.0153
3802 5.86281
3803 4.32969
3804 5.50025
3805 7.94989
3806 10.292
3807 7.80632
3808 5.43581
3809 5.6152
3810 4.94548
3811 2.38051
3812 3.34451
3813 2.47829
3814 5.81744
3815 5.80058
3816 5.36953
3817 11.9577
3818 11.0928
3819 8.70538
3820 10.4186
3821 8.07285
3822 5.1945
3823 1.87235
3824 5.24625
3825 7.2383
3826 4.11353
3827 4.02019
3828 4.04886
3829 4.45457
3830 4.60646
3831 6.5563
3832 5.40287
3833 6.62434
3834 6.8029
3835 5.24229
3836 6.89084
3837 4.80965
3838 5.06593
3839 5.14088
3840 3.44834
3841 6.66848
3842 6.26211
3843 4.85417
3844 2.4561
3845 5.50044
3846 4.37441
3847 3.98739
3848 2.7612
3849 4.85062
3850 6.25343
3851 4.05157
3852 3.96335
3853 5.1129
3854 4.85641
3855 3.63282
3856 1.16252
3857 1.61998
3858 3.4653
3859 3.86245
3860 1.94478
3861 3.08396
3862 3.74104
3863 1.72926
3864 2.77792
3865 6.65907
3866 4.68511
3867 2.76129
3868 3.72255
3869 3.91814
3870 3.77798
3871 4.81857
3872 3.23459
3873 2.80226
3874 5.28578
3875 4.07207
3876 2.34865
3877 1.54188
3878 2.90193
3879 3.19156
3880 4.60299
3881 3.26513
3882 3.84549
3883 4.55411
3884 4.07975
3885 4.07757
3886 3.93105
3887 5.25303
3888 4.48398
3889 3.12234
3890 3.949
3891 2.38839
3892 2.41207
3893 3.25511
3894 3.26401
3895 5.6194
3896 3.05531
3897 3.31985
3898 2.45961
3899 1.8187
3900 2.30494
3901 2.58386
3902 1.59599
3903 1.40954
3904 2.35531
3905 3.20793
3906 1.16337
3907 2.02066
3908 3.20333
3909 2.17477
3910 3.92421
3911 2.78795
3912 3.94598
3913 1.60437
3914 3.90433
3915 2.41788
3916 2.01562
3917 0.77208
3918 1.41405
3919 3.0448
3920 1.57711
3921 2.40278
3922 2.55574
3923 1.94194
3924 4.45003
3925 3.26273
3926 4.87331
3927 2.17995
3928 4.46628
3929 4.29623
3930 3.00245
3931 2.99839
3932 3.3247
3933 2.84626
3934 3.41114
3935 1.57769
3936 4.98937
3937 2.33983
3938 1.67285
3939 3.82522
3940 3.40282
3941 0.0491786
3942 0
3943 0
3944 0.0184343
3945 1.08652
3946 1.06192
3947 1.90957
3948 2.26243
3949 5.84991
3950 1.28295
3951 2.02966
3952 1.84775
3953 1.88922
3954 0.998177
3955 2.76346
3956 0.283421
3957 1.13116
3958 1.58542
3959 0
3960 0.198371
3961 0.874625
3962 1.03097
3963 1.15874
3964 0.979021
3965 3.47664
3966 3.51041
3967 1.21567
3968 2.6697
3969 1.78396
3970 0.476669
3971 3.41352
3972 5.41265
3973 0.875314
3974 2.06464
3975 0.859096
3976 0.0680405
3977 1.03023
3978 1.00539
3979 2.89629
3980 2.05503
3981 1.94503
3982 0.127105
3983 2.3134
3984 1.68565
3985 2.29879
3986 1.86471
3987 1.0386
3988 1.98447
3989 4.6484
3990 0.168804
3991 1.29058
3992 3.66781
3993 1.82436
3994 2.24502
3995 1.98847
3996 0.945347
3997 0.908472
3998 0
3999 0
4000 0.980964
4001 1.01904
4002 0
4003 0
4004 0.403433
4005 1.59657
4006 0.312783
4007 1.69059
4008 1.13428
4009 0.900807
4010 0.961538
4011 0
4012 0.249678
4013 1.75032
4014 0
4015 0.158348
4016 0.841652
4017 1.09182
4018 1.35304
4019 3.55514
4020 0.831876
4021 0.899081
4022 2.9665
4023 1.26667
4024 2.04895
4025 0.986936
4026 0
4027 0.0322186
4028 1.7261
4029 2.478
4030 2.76368
4031 2.5267
4032 1.17588
4033 1.13893
4034 0.9173
4035 3.04233
4036 1.19827
4037 1.93332
4038 1.23509
4039 2.85655
4040 1.0436
4041 1.86941
4042 0.0626321
4043 1.72816
4044 0.715407
4045 2.55643
4046 0
4047 0
4048 0.805983
4049 0.194017
4050 0.276252
4051 3.69938
4052 1.02437
4053 0
4054 1.72761
4055 0.272391
4056 2.66497
4057 2.20608
4058 0.340083
4059 1.95166
4060 0.841953
4061 4.34835
4062 1.60347
4063 1.98998
4064 2.90326
4065 2.10837
4066 0.747666
4067 1.23292
4068 1.24468
4069 1.58009
4070 1.3312
4071 0.905264
4072 0.971776
4073 1.93101
4074 0.985846
4075 1.78744
4076 2.07565
4077 1.93194
4078 1.16307
4079 0.153269
4080 1.75987
4081 0.240129
4082 0.110049
4083 0.889951
4084 0.110066
4085 3.55751
4086 0.332424
4087 2.50611
4088 1.3378
4089 2.02782
4090 1.90082
4091 0.227459
4092 0
4093 0
4094 1.42706
4095 0.572942
