0 0
1 0
2 0
3 0
4 0
5 0
6 0
7 0
8 0
9 0
10 0
11 0
12 0
13 0
14 0
15 0
16 0
17 0
18 0
19 0
20 0
21 0
22 0
23 0
24 0
25 0
26 0
27 0
28 0
29 0
30 0
31 0
32 0
33 0
34 0
35 0
36 242.851
37 1389.76
38 1273.25
39 954.316
40 991.021
41 1063.24
42 1087.8
43 1074.61
44 1052.04
45 1066.29
46 1054.33
47 1044.38
48 1030.28
49 1028.83
50 1017.17
51 1007.1
52 1003.56
53 999.804
54 992.916
55 986.744
56 985.156
57 973.433
58 971.23
59 974.828
60 962.425
61 949.963
62 949.801
63 949.665
64 939.382
65 942.103
66 934.132
67 932.47
68 923.15
69 914.933
70 915.411
71 902.215
72 898.152
73 890.371
74 881.261
75 882.005
76 886.051
77 881.14
78 875.111
79 867.481
80 863.327
81 850.914
82 858.704
83 857.622
84 851.827
85 847.841
86 852.537
87 837.786
88 839.183
89 829.535
90 819.093
91 816.669
92 826.027
93 823.06
94 819.39
95 812.707
96 811.72
97 804.874
98 799.26
99 801.5
100 796.987
101 798.893
102 796.834
103 795.217
104 788.028
105 787.414
106 789.31
107 784.113
108 791.08
109 788.023
110 784.478
111 790.854
112 788.282
113 781.14
114 778.001
115 775.808
116 779.323
117 782.875
118 786.016
119 788.588
120 783.973
121 786.866
122 797.743
123 797.838
124 800.609
125 802.302
126 800.244
127 806.539
128 812.133
129 814.018
130 813.417
131 826.256
132 831.756
133 832.027
134 841.153
135 843.462
136 846.142
137 852.791
138 865.747
139 870.589
140 877.754
141 887.304
142 885.599
143 897.415
144 900.872
145 914.305
146 927.44
147 934.628
148 941.598
149 945.4
150 946.52
151 946.808
152 961.663
153 969.898
154 979.154
155 986.401
156 994.092
157 997.676
158 1007.31
159 1016.67
160 1021.96
161 1030.9
162 1046.69
163 1056.84
164 1061.18
165 1074.9
166 1090.53
167 1118.29
168 1151.34
169 1193.4
170 1194.36
171 1177.83
172 1200.36
173 1273.34
174 1353.52
175 1354.14
176 1269.99
177 1213.83
178 1223.39
179 1257.81
180 1268.84
181 1230.5
182 1191.81
183 1171.4
184 1175.6
185 1184.88
186 1190.28
187 1189.85
188 1200.66
189 1206.8
190 1212.9
191 1221.14
192 1227.78
193 1230.19
194 1246.87
195 1259.01
196 1288.13
197 1318.81
198 1325.69
199 1311.43
200 1295.46
201 1289.6
202 1301.87
203 1329.02
204 1335.43
205 1319.43
206 1295.15
207 1282.1
208 1285.36
209 1299.48
210 1312.02
211 1310.11
212 1299.01
213 1287.34
214 1294.88
215 1308.32
216 1328.05
217 1348.43
218 1353.53
219 1327.08
220 1310.71
221 1305.48
222 1297.09
223 1294.54
224 1294.83
225 1292.04
226 1294.49
227 1303.29
228 1305.02
229 1303.11
230 1304.08
231 1310.91
232 1316.6
233 1311.46
234 1310
235 1310.6
236 1306.51
237 1304.4
238 1308.57
239 1308.65
240 1306.4
241 1303.36
242 1305.79
243 1305.33
244 1306.3
245 1309.58
246 1306.43
247 1312.47
248 1313.32
249 1311.92
250 1314.07
251 1310.61
252 1303.24
253 1305.34
254 1306.57
255 1298.4
256 1295.99
257 1297.56
258 1305.27
259 1305.57
260 1296.11
261 1286.23
262 1286.12
263 1293.16
264 1295.86
265 1294.76
266 1285.98
267 1279.08
268 1279.56
269 1280.43
270 1284.03
271 1282.43
272 1283.21
273 1275.19
274 1262.55
275 1271.09
276 1266.6
277 1252.99
278 1256.9
279 1260.29
280 1252.76
281 1249.28
282 1249.12
283 1247.07
284 1239.24
285 1231.34
286 1238.36
287 1240.16
288 1229.39
289 1227.61
290 1231.67
291 1232.24
292 1224.4
293 1217.21
294 1211.02
295 1214.46
296 1221.08
297 1213.46
298 1207.43
299 1202.88
300 1200.52
301 1205.72
302 1210.69
303 1218.02
304 1213.41
305 1213.14
306 1190.8
307 1171.73
308 1168.49
309 1174.72
310 1165.07
311 1160.69
312 1151.32
313 1152.11
314 1155.71
315 1145.67
316 1142.22
317 1133.17
318 1132.56
319 1137.04
320 1125.86
321 1119.78
322 1118.19
323 1118.8
324 1115.26
325 1109.15
326 1107.3
327 1108.26
328 1102.73
329 1094.82
330 1091.19
331 1087.62
332 1084.34
333 1084.12
334 1079.64
335 1074.33
336 1068.3
337 1066.01
338 1061.22
339 1063.16
340 1060.38
341 1049.04
342 1038.08
343 1036.57
344 1038.71
345 1028.35
346 1025.72
347 1028.01
348 1018.92
349 1011.38
350 1014.39
351 1010.61
352 1009.82
353 1009.04
354 1003.04
355 998.436
356 993.238
357 991.021
358 982.358
359 980.979
360 974.507
361 970.571
362 977.282
363 980.484
364 973.143
365 962.906
366 959.828
367 959.385
368 948.05
369 935.158
370 926.823
371 932.579
372 935.777
373 923.392
374 924.789
375 919.619
376 914.407
377 913.776
378 903.57
379 911.941
380 904.963
381 896.772
382 893.44
383 888.29
384 883.777
385 878.129
386 879.921
387 879.785
388 867.447
389 867.952
390 866.385
391 855.292
392 859.539
393 854.647
394 856.726
395 847.191
396 838.898
397 834.327
398 841.093
399 830.644
400 826.513
401 827.806
402 824.229
403 826.408
404 819.055
405 820.858
406 818.052
407 806.956
408 801.884
409 796.473
410 793.021
411 791.277
412 793.411
413 789.314
414 784.942
415 787.082
416 779.289
417 788.24
418 784.404
419 779.932
420 773.691
421 772.032
422 770.883
423 766.182
424 760.334
425 762.998
426 753.527
427 749.955
428 750.43
429 745.006
430 743.157
431 741.222
432 739.015
433 735.966
434 732.446
435 729.194
436 731.429
437 733.188
438 736.667
439 764.536
440 797.853
441 808.054
442 765.58
443 746.476
444 719.941
445 703.998
446 695.484
447 692.676
448 693.585
449 685.603
450 686.752
451 684.121
452 684.384
453 677.264
454 675.892
455 669.569
456 673.098
457 662.656
458 670.756
459 661.629
460 666.988
461 665.758
462 660.818
463 653.904
464 655.724
465 646.594
466 642.829
467 647.297
468 642.872
469 639.038
470 639.362
471 643.801
472 641.279
473 635.553
474 636.057
475 634.313
476 631.787
477 626.931
478 624.344
479 619.813
480 616.202
481 610.17
482 610.002
483 610.277
484 605.656
485 606.734
486 607.222
487 605.884
488 606.154
489 598.811
490 587.98
491 586.493
492 590.298
493 590.581
494 597.57
495 607.789
496 627.192
497 630.04
498 613.45
499 590.764
500 578.41
501 572.5
502 563.25
503 562.715
504 558.326
505 562.564
506 562.081
507 559.521
508 557.457
509 552.387
510 551.016
511 555.497
512 553.733
513 547.317
514 554.681
515 551.074
516 540.076
517 543.775
518 535.133
519 543.863
520 545.303
521 545.046
522 537.991
523 537.32
524 534.534
525 528.178
526 531.571
527 525.818
528 525.461
529 523.958
530 519.959
531 514.471
532 513.79
533 517.011
534 508.54
535 512.772
536 507.691
537 503.62
538 500.356
539 505.575
540 502.992
541 499.561
542 502.889
543 502.336
544 495.328
545 495.378
546 484.642
547 491.122
548 493.604
549 488.715
550 480.779
551 482.926
552 478.933
553 480.804
554 474.815
555 479.605
556 475.693
557 473.657
558 469.98
559 471.934
560 474.116
561 471.82
562 470.439
563 474.911
564 507.609
565 613.397
566 820.857
567 1002.27
568 964.115
569 760.212
570 571.015
571 492.51
572 482.324
573 499.908
574 523.818
575 530.527
576 519.575
577 470.761
578 440.124
579 419.047
580 412.63
581 409.859
582 407.339
583 402.959
584 402.505
585 403.136
586 399.106
587 401.966
588 400.699
589 395.585
590 392.386
591 395.725
592 395.662
593 391.44
594 389.727
595 389.609
596 391.303
597 384.902
598 387.935
599 386.416
600 389.538
601 383.606
602 383.084
603 382.795
604 376.071
605 372.936
606 374.63
607 370.795
608 371.203
609 376.076
610 375.611
611 363.543
612 363.218
613 360.399
614 366.277
615 367.576
616 369.83
617 367.756
618 359.552
619 360.444
620 359.319
621 356.006
622 356.504
623 352.285
624 349.361
625 350.004
626 351.421
627 346.91
628 348.271
629 348.02
630 344.709
631 342.297
632 341.936
633 339.629
634 339.192
635 338.146
636 343.243
637 333.812
638 336
639 337.922
640 341.913
641 351.9
642 367.649
643 376.066
644 375.006
645 358.313
646 342.857
647 333.884
648 327.707
649 324.083
650 323.357
651 323.213
652 324.422
653 327.235
654 323.229
655 321.927
656 321.73
657 318.987
658 326.429
659 337.243
660 340.08
661 336.016
662 326.361
663 318.356
664 315.553
665 309.116
666 304.305
667 305.278
668 304.4
669 303.623
670 304.798
671 302.226
672 301.32
673 302.406
674 299.3
675 297.52
676 300.093
677 299.334
678 295.147
679 292.193
680 294.952
681 294.371
682 296.544
683 294.552
684 291.469
685 292.636
686 294.094
687 293.873
688 288.743
689 284.955
690 278.473
691 277.116
692 282.068
693 284.002
694 282.208
695 285.67
696 284.795
697 282.096
698 281.192
699 283.86
700 301.029
701 348.973
702 423.186
703 472.442
704 451.035
705 383.592
706 316.392
707 282.983
708 271.318
709 269.368
710 269.108
711 268.238
712 271.133
713 280.282
714 290.157
715 298.715
716 295.258
717 278.096
718 264.585
719 261.596
720 258.146
721 256.358
722 257.503
723 258.774
724 255.421
725 251.392
726 252.68
727 254.689
728 251.692
729 248.575
730 251.134
731 254.049
732 250.49
733 247.833
734 247.45
735 246.44
736 247.3
737 244.907
738 241.771
739 243.343
740 245.499
741 243.978
742 240.939
743 242.195
744 241.797
745 241.532
746 240.952
747 239.557
748 237.54
749 238.281
750 239.59
751 236.418
752 235.536
753 235.9
754 237.16
755 234.774
756 231.551
757 233.229
758 235.98
759 234.195
760 234.69
761 234.919
762 232.779
763 230.22
764 228.139
765 230.434
766 230.518
767 229.196
768 227.067
769 223.075
770 223.828
771 227.504
772 229.612
773 227.113
774 224.104
775 223.648
776 223.526
777 224.86
778 224.768
779 226.63
780 238.602
781 251.563
782 252.89
783 244.251
784 233.679
785 228.576
786 222.934
787 220.069
788 219.1
789 218.517
790 216.707
791 220.579
792 221.065
793 219.48
794 216.478
795 213.837
796 211.497
797 211.435
798 210.482
799 210.537
800 211.058
801 212.35
802 213.176
803 218.885
804 240.464
805 279.166
806 317.475
807 329.081
808 300.37
809 253.994
810 221.011
811 210.86
812 205.737
813 205.358
814 205.852
815 203.458
816 200.789
817 200.35
818 197.024
819 196.562
820 197.37
821 195.392
822 199.805
823 199.789
824 196.059
825 193.733
826 194.66
827 192.481
828 194.635
829 196.358
830 195.503
831 194.052
832 194.599
833 193.438
834 195.899
835 207.437
836 238.47
837 315.863
838 439.055
839 537.58
840 521.898
841 409.214
842 288.905
843 215.78
844 188.948
845 179.509
846 180.662
847 178.969
848 181.313
849 181.733
850 182.417
851 182.004
852 182
853 179.242
854 179.013
855 177.425
856 174.085
857 174.593
858 178.995
859 179.488
860 176.568
861 174.233
862 176.537
863 172.467
864 175.954
865 177.021
866 173.802
867 174.39
868 175.457
869 172.905
870 172.576
871 170.827
872 172.941
873 171.148
874 171.101
875 173.625
876 172.778
877 170.684
878 171.65
879 167.672
880 171.732
881 171.512
882 170.633
883 170.017
884 167.922
885 165.199
886 167.911
887 167.438
888 168.014
889 163.616
890 164.167
891 166.93
892 164.052
893 160.686
894 160.783
895 164.149
896 164.614
897 164.52
898 163.61
899 163.961
900 164.302
901 162.518
902 164.36
903 161.642
904 160.948
905 162.204
906 160.88
907 163.253
908 160.444
909 159.803
910 161.52
911 160.969
912 160.313
913 160.903
914 156.602
915 157.866
916 158.656
917 156.626
918 154.912
919 158.298
920 159.886
921 159.652
922 158.018
923 157.573
924 158.741
925 155.981
926 159.149
927 162.232
928 159.225
929 158.236
930 155.916
931 156.865
932 154.487
933 153.109
934 153.248
935 154.253
936 151.896
937 154.157
938 152.622
939 150.472
940 151.805
941 152.315
942 149.838
943 150.03
944 153.767
945 149.696
946 149.953
947 150.435
948 150.926
949 149.085
950 149.97
951 147.301
952 149.325
953 147.493
954 146.358
955 149.325
956 146.321
957 147.473
958 150.688
959 149.469
960 146.555
961 145.86
962 145.084
963 146.344
964 144.205
965 144.729
966 147.112
967 145.307
968 147.848
969 144.842
970 141.513
971 141.119
972 143.084
973 138.446
974 143.747
975 146.918
976 159.14
977 162.483
978 159.42
979 152.255
980 148.032
981 141.139
982 140.14
983 138.488
984 136.821
985 135.851
986 138.56
987 136.329
988 137.369
989 135.775
990 140.077
991 140.546
992 139.491
993 138.505
994 134.295
995 139.371
996 134.501
997 137.054
998 134.999
999 136.292
1000 132.465
1001 133.533
1002 133.934
1003 135.714
1004 133.018
1005 129.882
1006 133.397
1007 133.675
1008 133.272
1009 131.651
1010 133.362
1011 128.71
1012 132.741
1013 130.638
1014 133.277
1015 129.219
1016 133.452
1017 132.661
1018 129.91
1019 130.526
1020 129.585
1021 131.012
1022 130.381
1023 130.384
1024 127.746
1025 128.113
1026 128.823
1027 126.396
1028 124.967
1029 126.234
1030 124.958
1031 121.629
1032 124.401
1033 125.924
1034 123.067
1035 124.455
1036 126.494
1037 123.454
1038 120.644
1039 123.365
1040 125.431
1041 123.071
1042 121.812
1043 122.921
1044 123.629
1045 122.999
1046 129.244
1047 131.373
1048 135.425
1049 132.075
1050 126.56
1051 128.962
1052 122.221
1053 122.486
1054 124.934
1055 125.249
1056 120.6
1057 118.259
1058 118.859
1059 120.199
1060 119.97
1061 121.964
1062 121.613
1063 118.64
1064 120.931
1065 120.565
1066 118.695
1067 121.645
1068 119.812
1069 119.278
1070 119.448
1071 119.873
1072 121.455
1073 115.628
1074 118.261
1075 117.8
1076 118.996
1077 119.174
1078 117.185
1079 116.895
1080 118.926
1081 119.397
1082 121.021
1083 117.207
1084 117.074
1085 116.76
1086 116.822
1087 117.341
1088 117.421
1089 113.409
1090 116.023
1091 114.864
1092 113.828
1093 117.189
1094 114.781
1095 114.496
1096 110.696
1097 113.517
1098 116.306
1099 114.965
1100 113.129
1101 114.262
1102 115.384
1103 121.976
1104 133.035
1105 147.513
1106 151.795
1107 143.342
1108 130.744
1109 119.602
1110 112.72
1111 109.771
1112 111.598
1113 111.049
1114 111.081
1115 109.115
1116 108.777
1117 107.501
1118 111.574
1119 109.63
1120 107.32
1121 110.076
1122 110.302
1123 110.357
1124 109.197
1125 110.739
1126 108.354
1127 107.755
1128 109.057
1129 107.41
1130 106.17
1131 104.873
1132 106.241
1133 107.304
1134 104.147
1135 105.906
1136 105.75
1137 105.993
1138 106.88
1139 106.906
1140 108.067
1141 108.4
1142 107.006
1143 105.963
1144 109.589
1145 109.129
1146 107.834
1147 108.522
1148 109.336
1149 108.626
1150 106.63
1151 104.512
1152 103.382
1153 101.279
1154 102.502
1155 103.738
1156 104.288
1157 102.424
1158 101.963
1159 101.59
1160 100.618
1161 103.37
1162 103.966
1163 102.706
1164 103.361
1165 103.622
1166 102.959
1167 102.79
1168 101.565
1169 102.288
1170 101.623
1171 100.938
1172 99.2027
1173 101.184
1174 102.273
1175 101.117
1176 100.216
1177 100.519
1178 99.8631
1179 98.9374
1180 99.3687
1181 101.766
1182 100.581
1183 99.2925
1184 98.2874
1185 99.0182
1186 99.904
1187 99.218
1188 98.9498
1189 99.4576
1190 97.9623
1191 97.722
1192 98.8361
1193 97.4195
1194 97.8567
1195 95.7315
1196 96.8698
1197 96.9555
1198 98.0387
1199 97.8961
1200 95.7442
1201 98.3387
1202 98.1882
1203 97.3837
1204 97.6458
1205 96.5865
1206 97.0622
1207 98.2695
1208 97.4456
1209 95.8029
1210 96.89
1211 97.7305
1212 97.7971
1213 99.5901
1214 101.012
1215 106.597
1216 118.286
1217 131.438
1218 154.86
1219 185.538
1220 212.024
1221 216.293
1222 195.028
1223 164.497
1224 140.417
1225 123.345
1226 111.531
1227 103.294
1228 98.066
1229 95.4525
1230 93.5003
1231 93.3432
1232 93.0744
1233 92.7995
1234 92.7538
1235 91.7164
1236 92.0621
1237 90.9114
1238 89.1203
1239 90.258
1240 91.2138
1241 91.9909
1242 92.5324
1243 92.6254
1244 92.3098
1245 90.9958
1246 90.5521
1247 89.8003
1248 91.3293
1249 91.5348
1250 89.6918
1251 90.1117
1252 91.4466
1253 88.9656
1254 88.9079
1255 89.2064
1256 87.7634
1257 87.8888
1258 87.569
1259 88.7787
1260 89.7368
1261 90.4601
1262 89.5002
1263 88.4624
1264 89.2987
1265 89.0312
1266 87.7906
1267 87.3793
1268 88.4962
1269 90.2366
1270 88.6604
1271 87.7067
1272 88.3459
1273 88.1176
1274 88.8769
1275 89.8414
1276 87.7709
1277 86.3892
1278 88.1315
1279 87.1716
1280 86.4963
1281 87.798
1282 87.4703
1283 86.4367
1284 86.0517
1285 88.1021
1286 88.7544
1287 86.2671
1288 86.472
1289 87.4564
1290 84.447
1291 84.252
1292 85.8724
1293 84.3956
1294 82.7986
1295 83.4542
1296 85.1881
1297 85.6245
1298 86.7343
1299 85.3023
1300 85.495
1301 86.2313
1302 84.2766
1303 83.1451
1304 85.0212
1305 86.3219
1306 85.4897
1307 86.1728
1308 86.3069
1309 84.064
1310 82.7339
1311 85.8628
1312 86.3688
1313 84.8305
1314 85.4216
1315 84.4762
1316 85.6939
1317 84.033
1318 83.1908
1319 83.6684
1320 85.0776
1321 82.8613
1322 81.6506
1323 82.3197
1324 83.1949
1325 82.4225
1326 83.0926
1327 83.3755
1328 82.6732
1329 83.5554
1330 82.469
1331 84.1613
1332 82.4433
1333 82.4362
1334 82.1102
1335 81.4335
1336 80.6011
1337 83.4296
1338 85.4334
1339 83.5667
1340 82.017
1341 82.8801
1342 85.285
1343 87.238
1344 87.9524
1345 86.9216
1346 85.508
1347 84.4523
1348 84.5248
1349 81.5947
1350 80.2641
1351 80.4884
1352 81.6249
1353 81.3781
1354 80.7245
1355 80.3442
1356 83.0665
1357 84.5689
1358 87.3012
1359 99.8792
1360 119.901
1361 146.41
1362 157.991
1363 150.365
1364 127.433
1365 101.946
1366 87.636
1367 82.5003
1368 81.3064
1369 79.3047
1370 78.5223
1371 81.2589
1372 80.1815
1373 80.5641
1374 81.2217
1375 80.3332
1376 79.3394
1377 79.0521
1378 79.8926
1379 78.4451
1380 78.4079
1381 77.4535
1382 77.157
1383 78.7759
1384 79.022
1385 80.7255
1386 80.1834
1387 78.5497
1388 79.952
1389 83.318
1390 94.353
1391 121.982
1392 179.956
1393 258.046
1394 314.617
1395 306.822
1396 242.075
1397 162.208
1398 108.221
1399 81.7765
1400 74.5354
1401 74.8642
1402 73.3785
1403 73.9719
1404 72.7787
1405 72.1284
1406 71.8443
1407 72.1887
1408 73.292
1409 72.4838
1410 72.5373
1411 73.2551
1412 71.8079
1413 74.0225
1414 72.8153
1415 72.1357
1416 71.8675
1417 71.1899
1418 70.0467
1419 71.9446
1420 71.3385
1421 70.0307
1422 73.074
1423 72.7827
1424 73.9344
1425 72.7798
1426 74.7613
1427 72.0317
1428 72.8342
1429 72.1541
1430 71.2158
1431 71.7519
1432 72.1495
1433 71.0901
1434 68.8562
1435 70.5189
1436 70.9237
1437 70.6296
1438 71.6365
1439 71.176
1440 71.2983
1441 73.7372
1442 73.0614
1443 72.3846
1444 70.9511
1445 74.2801
1446 70.6771
1447 70.0843
1448 70.7065
1449 69.9547
1450 71.9723
1451 76.0033
1452 79.3328
1453 102.556
1454 154.858
1455 248.921
1456 349.436
1457 407.525
1458 372.449
1459 259.083
1460 162.312
1461 97.7413
1462 73.7959
1463 67.3165
1464 63.6508
1465 66.3949
1466 66.715
1467 65.8364
1468 66.8898
1469 67.3697
1470 67.9408
1471 66.1616
1472 67.6256
1473 67.084
1474 67.2253
1475 66.3331
1476 68.078
1477 66.8061
1478 64.9369
1479 67.8672
1480 65.6323
1481 65.1991
1482 66.4938
1483 65.7381
1484 65.0049
1485 67.9492
1486 67.5044
1487 65.9429
1488 66.5882
1489 67.6857
1490 66.4781
1491 65.889
1492 64.8728
1493 65.6179
1494 65.535
1495 64.3927
1496 66.7837
1497 63.1653
1498 62.0484
1499 63.4249
1500 62.1035
1501 64.2953
1502 63.1786
1503 67.241
1504 63.5659
1505 64.4427
1506 64.6955
1507 64.9364
1508 62.2051
1509 61.3951
1510 64.298
1511 63.9658
1512 64.508
1513 64.6741
1514 63.5504
1515 63.2435
1516 63.9705
1517 65.0791
1518 63.6257
1519 64.0047
1520 64.0697
1521 61.7613
1522 63.6423
1523 63.2475
1524 62.285
1525 62.5202
1526 62.5617
1527 63.4721
1528 61.8773
1529 62.9967
1530 63.333
1531 61.9705
1532 62.9414
1533 62.8964
1534 62.3368
1535 62.8197
1536 63.4399
1537 62.093
1538 61.5207
1539 63.9129
1540 62.5407
1541 62.4799
1542 61.7741
1543 60.9905
1544 60.9973
1545 60.9198
1546 60.7293
1547 62.0746
1548 64.274
1549 63.4927
1550 62.4683
1551 62.6686
1552 60.4624
1553 64.1099
1554 63.0998
1555 63.0252
1556 61.698
1557 63.402
1558 61.5352
1559 62.4695
1560 63.4679
1561 60.3671
1562 64.5568
1563 61.2456
1564 62.2943
1565 60.663
1566 61.2946
1567 62.3918
1568 62.0194
1569 60.6507
1570 61.8437
1571 60.8735
1572 60.2318
1573 59.4146
1574 61.1938
1575 62.0729
1576 61.4982
1577 62.9333
1578 64.4272
1579 65.5088
1580 77.7725
1581 92.8586
1582 106.033
1583 107.96
1584 98.1568
1585 82.9018
1586 71.7887
1587 64.6645
1588 61.3268
1589 62.8656
1590 67.4867
1591 72.384
1592 70.7351
1593 68.6639
1594 64.7217
1595 60.859
1596 58.0662
1597 60.034
1598 61.0546
1599 57.5468
1600 59.7092
1601 57.6508
1602 57.3397
1603 59.2234
1604 58.3841
1605 59.1861
1606 60.1059
1607 58.4837
1608 58.7856
1609 59.3939
1610 59.0371
1611 59.0257
1612 59.5069
1613 60.2532
1614 59.5126
1615 59.3404
1616 57.9031
1617 60.5837
1618 59.0674
1619 58.5886
1620 58.7327
1621 57.8146
1622 58.62
1623 57.601
1624 57.8206
1625 59.0057
1626 60.0948
1627 57.0977
1628 57.1742
1629 57.9383
1630 58.3019
1631 58.3356
1632 57.8055
1633 57.6257
1634 58.0912
1635 59.429
1636 58.2647
1637 58.2267
1638 59.4037
1639 58.4212
1640 60.0646
1641 59.1792
1642 59.4977
1643 58.4237
1644 58.2374
1645 59.5056
1646 59.8558
1647 57.6883
1648 57.4728
1649 58.6845
1650 58.2906
1651 57.3763
1652 57.562
1653 57.6741
1654 58.7645
1655 57.8591
1656 57.0815
1657 57.4573
1658 57.363
1659 58.125
1660 57.0899
1661 58.3745
1662 58.598
1663 57.5314
1664 56.8521
1665 57.7057
1666 58.2465
1667 56.1707
1668 56.3254
1669 56.9337
1670 57.6399
1671 58.2562
1672 58.0301
1673 56.926
1674 56.902
1675 56.2482
1676 55.7837
1677 56.3884
1678 57.5639
1679 59.8207
1680 60.4053
1681 59.5993
1682 59.7647
1683 60.7333
1684 60.0429
1685 57.6403
1686 56.3414
1687 56.5984
1688 56.525
1689 56.7459
1690 57.2279
1691 56.6524
1692 57.9004
1693 58.6044
1694 57.9837
1695 55.7283
1696 55.2001
1697 55.8037
1698 56.2953
1699 56.118
1700 56.5128
1701 56.2745
1702 55.4133
1703 55.2081
1704 56.9092
1705 56.0177
1706 55.6324
1707 55.2698
1708 55.4997
1709 54.7067
1710 55.0403
1711 55.5865
1712 54.1325
1713 53.7849
1714 54.6339
1715 55.7753
1716 55.4117
1717 54.9025
1718 55.7281
1719 55.6427
1720 55.3333
1721 56.6545
1722 57.6584
1723 57.0379
1724 55.375
1725 55.2468
1726 54.2498
1727 53.8107
1728 54.8877
1729 54.9464
1730 54.9053
1731 54.3191
1732 53.5165
1733 53.67
1734 52.7199
1735 55.2635
1736 59.1105
1737 68.8694
1738 83.6916
1739 98.0346
1740 104.734
1741 98.68
1742 83.4847
1743 69.2203
1744 58.4066
1745 53.985
1746 53.118
1747 51.641
1748 51.1813
1749 53.0924
1750 53.6537
1751 53.2704
1752 52.7106
1753 52.6726
1754 54.1294
1755 54.1617
1756 53.2273
1757 52.2801
1758 52.2283
1759 51.7577
1760 51.7928
1761 52.6455
1762 54.157
1763 52.1571
1764 50.7821
1765 50.6306
1766 50.2549
1767 51.467
1768 52.6522
1769 50.7724
1770 50.2703
1771 51.7578
1772 52.7953
1773 52.9328
1774 54.762
1775 54.0397
1776 55.3521
1777 54.4835
1778 53.5381
1779 53.0173
1780 52.2661
1781 50.4879
1782 49.9548
1783 50.4431
1784 50.4132
1785 50.9358
1786 50.2128
1787 49.8004
1788 50.3283
1789 50.6892
1790 51.3204
1791 51.6079
1792 52.2518
1793 50.8593
1794 49.96
1795 50.7131
1796 51.4897
1797 50.3027
1798 51.658
1799 50.9094
1800 50.9296
1801 51.2943
1802 51.078
1803 51.3664
1804 51.6823
1805 53.4874
1806 56.6022
1807 58.7064
1808 58.9198
1809 55.8007
1810 54.2322
1811 53.4339
1812 51.0613
1813 50.4801
1814 51.3738
1815 49.5525
1816 48.7193
1817 48.5774
1818 49.0763
1819 50.0705
1820 50.0897
1821 50.0602
1822 49.4884
1823 48.7765
1824 52.3886
1825 54.2754
1826 54.1988
1827 54.091
1828 53.0217
1829 51.662
1830 51.3239
1831 50.8321
1832 52.0216
1833 51.6985
1834 53.2473
1835 57.7481
1836 65.2926
1837 72.5915
1838 75.984
1839 79.3141
1840 74.256
1841 64.0119
1842 54.8509
1843 51.6196
1844 52.5735
1845 52.5335
1846 53.7549
1847 56.3412
1848 58.2026
1849 55.9539
1850 55.0524
1851 52.5922
1852 49.9953
1853 47.7629
1854 48.4359
1855 46.6965
1856 46.7085
1857 48.8791
1858 47.8578
1859 47.8582
1860 47.7146
1861 49.066
1862 47.2751
1863 45.8128
1864 48.5424
1865 46.2905
1866 46.0129
1867 47.5394
1868 47.7359
1869 47.4263
1870 47.9661
1871 50.5323
1872 49.6942
1873 48.4193
1874 47.4047
1875 47.4084
1876 49.3645
1877 51.4443
1878 55.1937
1879 58.5628
1880 60.5817
1881 61.3336
1882 56.8251
1883 51.7562
1884 49.897
1885 49.1474
1886 47.253
1887 44.932
1888 47.4385
1889 46.3641
1890 46.8428
1891 45.175
1892 45.6333
1893 47.0072
1894 45.6221
1895 46.1933
1896 47.919
1897 48.6842
1898 50.4454
1899 53.2924
1900 61.2138
1901 69.5098
1902 73.5962
1903 70.9392
1904 66.3194
1905 57.6376
1906 51.7317
1907 47.174
1908 45.9024
1909 46.1826
1910 46.0131
1911 45.3573
1912 46.1374
1913 45.1798
1914 45.9375
1915 44.63
1916 44.5272
1917 44.8645
1918 44.2605
1919 44.9293
1920 45.5058
1921 43.9157
1922 42.9176
1923 44.6277
1924 45.9294
1925 48.6582
1926 45.714
1927 48.099
1928 49.7005
1929 52.6585
1930 51.4703
1931 52.3822
1932 48.519
1933 46.6187
1934 44.8612
1935 44.0002
1936 44.9545
1937 44.5668
1938 44.1492
1939 44.2564
1940 44.8498
1941 41.8915
1942 44.5272
1943 44.0898
1944 44.1392
1945 44.3495
1946 45.5829
1947 44.2108
1948 43.8669
1949 43.55
1950 45.0308
1951 44.0025
1952 43.9762
1953 44.2846
1954 44.5374
1955 45.3232
1956 42.524
1957 43.3314
1958 44.4533
1959 43.8001
1960 44.8058
1961 44.584
1962 43.7257
1963 43.5136
1964 46.4853
1965 44.2143
1966 44.8851
1967 43.2815
1968 43.9287
1969 43.0228
1970 44.1532
1971 43.9307
1972 43.0389
1973 43.163
1974 43.8098
1975 46.254
1976 43.7856
1977 42.8999
1978 45.7256
1979 43.6498
1980 41.9025
1981 43.9905
1982 44.6258
1983 45.8786
1984 43.9296
1985 44.0371
1986 45.0824
1987 47.975
1988 46.6933
1989 47.5083
1990 46.0786
1991 46.1562
1992 46.8149
1993 44.1811
1994 43.7519
1995 43.3494
1996 42.5121
1997 46.4386
1998 50.02
1999 53.0746
2000 53.078
2001 51.8769
2002 51.4419
2003 47.8425
2004 46.565
2005 43.9233
2006 44.898
2007 45.8193
2008 48.0478
2009 50.3051
2010 50.6421
2011 49.6112
2012 47.4979
2013 46.2649
2014 47.4597
2015 45.237
2016 43.8191
2017 40.9159
2018 42.784
2019 41.0507
2020 43.1353
2021 42.6415
2022 41.6422
2023 41.1724
2024 41.0692
2025 42.1923
2026 43.0423
2027 42.0807
2028 44.2528
2029 40.3348
2030 42.1182
2031 41.4926
2032 40.363
2033 41.113
2034 43.7849
2035 43.0799
2036 42.4957
2037 40.8252
2038 41.4737
2039 41.3511
2040 42.1675
2041 41.584
2042 42.3001
2043 41.036
2044 41.9495
2045 42.4445
2046 42.3952
2047 40.6142
2048 41.1841
2049 42.2344
2050 42.0172
2051 39.9982
2052 39.0078
2053 42.6221
2054 41.9313
2055 43.1007
2056 46.4863
2057 52.8012
2058 59.618
2059 68.0154
2060 69.913
2061 65.0911
2062 57.3282
2063 48.2698
2064 43.8306
2065 41.311
2066 42.6673
2067 39.7939
2068 40.7995
2069 41.0825
2070 41.7138
2071 40.8266
2072 40.4263
2073 40.5557
2074 40.4974
2075 39.5291
2076 41.4532
2077 40.1754
2078 40.0191
2079 39.5442
2080 40.6532
2081 41.2825
2082 40.5402
2083 41.3633
2084 41.7994
2085 40.2541
2086 40.4141
2087 40.1574
2088 41.6037
2089 40.3898
2090 40.6058
2091 40.3577
2092 39.5563
2093 41.3123
2094 40.0713
2095 39.3923
2096 40.2387
2097 40.1927
2098 41.3686
2099 41.6
2100 39.1563
2101 39.8572
2102 40.6326
2103 39.4885
2104 39.1158
2105 40.703
2106 39.345
2107 38.8738
2108 39.1526
2109 39.0195
2110 38.6647
2111 40.0422
2112 39.6417
2113 41.4467
2114 39.8364
2115 40.4339
2116 40.9743
2117 40.0601
2118 40.0539
2119 39.9783
2120 39.145
2121 39.6577
2122 39.0024
2123 40.9193
2124 40.5039
2125 39.594
2126 39.5965
2127 39.305
2128 40.3955
2129 40.7157
2130 38.8656
2131 40.6968
2132 39.8848
2133 39.5286
2134 40.0473
2135 40.602
2136 40.0178
2137 41.6269
2138 43.0056
2139 41.3013
2140 42.4437
2141 40.6436
2142 40.6883
2143 41.4861
2144 40.1421
2145 39.1811
2146 38.9134
2147 40.1901
2148 39.3254
2149 38.3832
2150 40.5209
2151 40.8758
2152 38.1301
2153 39.2065
2154 39.0739
2155 39.5213
2156 39.6299
2157 39.748
2158 39.5354
2159 38.8192
2160 38.6614
2161 40.6465
2162 41.9046
2163 41.9032
2164 42.1953
2165 42.1099
2166 41.9552
2167 41.9152
2168 40.8937
2169 40.1894
2170 39.6463
2171 39.3533
2172 39.5345
2173 40.8015
2174 39.9982
2175 42.327
2176 48.1991
2177 63.2478
2178 90.9355
2179 131.175
2180 172.86
2181 198.105
2182 191.94
2183 154.168
2184 110.389
2185 73.7923
2186 50.9178
2187 41.1034
2188 37.9264
2189 36.7355
2190 36.8055
2191 36.0486
2192 35.6985
2193 36.5027
2194 36.768
2195 37.0538
2196 36.3883
2197 37.4522
2198 37.8304
2199 37.5902
2200 38.2383
2201 38.1951
2202 37.6827
2203 37.5455
2204 36.6067
2205 36.4764
2206 36.6077
2207 36.9013
2208 37.1385
2209 37.76
2210 37.6501
2211 37.2925
2212 37.6729
2213 36.3995
2214 35.9364
2215 36.3882
2216 36.4955
2217 36.2503
2218 36.523
2219 37.5725
2220 36.8702
2221 36.8436
2222 36.2274
2223 35.901
2224 37.1601
2225 37.1192
2226 36.1718
2227 36.3763
2228 36.3347
2229 36.7273
2230 37.9419
2231 37.5346
2232 39.4792
2233 42.4166
2234 47.5237
2235 51.555
2236 54.2015
2237 53.1573
2238 48.8035
2239 42.8313
2240 38.7243
2241 38.1616
2242 38.0703
2243 36.9589
2244 36.6716
2245 36.2782
2246 34.8319
2247 34.0368
2248 35.1379
2249 36.2499
2250 35.9336
2251 34.3591
2252 35.2105
2253 35.7304
2254 35.8055
2255 35.3015
2256 34.6092
2257 35.3738
2258 35.1122
2259 36.2263
2260 36.4993
2261 36.7801
2262 37.147
2263 37.2861
2264 36.794
2265 35.9834
2266 36.667
2267 37.1563
2268 37.4814
2269 37.8049
2270 38.3652
2271 40.7642
2272 41.6204
2273 42.9823
2274 42.8726
2275 41.8378
2276 42.3438
2277 40.1411
2278 38.5123
2279 38.9509
2280 38.1972
2281 37.1024
2282 36.4364
2283 36.0567
2284 36.052
2285 35.5749
2286 33.8944
2287 34.5516
2288 35.958
2289 34.6029
2290 35.912
2291 35.1843
2292 35.8185
2293 37.1716
2294 36.4336
2295 36.0171
2296 37.2105
2297 36.1474
2298 34.9751
2299 34.72
2300 34.9611
2301 36.1561
2302 36.0654
2303 34.1283
2304 35.4328
2305 39.0074
2306 43.9735
2307 51.0326
2308 57.8051
2309 64.8775
2310 67.8701
2311 64.3143
2312 54.4664
2313 46.3028
2314 41.914
2315 44.4497
2316 57.6248
2317 78.2164
2318 101.645
2319 120.956
2320 130.716
2321 119.119
2322 96.3823
2323 70.9401
2324 50.5652
2325 38.904
2326 34.7023
2327 34.0932
2328 33.6955
2329 32.8809
2330 33.3133
2331 34.5973
2332 34.4922
2333 34.9667
2334 34.4821
2335 34.4028
2336 35.3308
2337 34.6995
2338 34.6402
2339 34.8356
2340 33.4747
2341 32.3757
2342 32.3901
2343 33.5961
2344 33.8418
2345 32.6182
2346 33.9747
2347 34.5009
2348 34.324
2349 34.3257
2350 34.9398
2351 34.9983
2352 33.2783
2353 32.6373
2354 33.0542
2355 33.158
2356 33.418
2357 33.4909
2358 32.6376
2359 32.9438
2360 34.4962
2361 33.0406
2362 33.2731
2363 34.2287
2364 34.4388
2365 34.2252
2366 35.1693
2367 35.22
2368 34.9555
2369 34.5388
2370 34.0525
2371 33.128
2372 34.1653
2373 33.3414
2374 32.4049
2375 33.9766
2376 34.1118
2377 34.7783
2378 33.2913
2379 33.0192
2380 33.724
2381 34.4319
2382 34.474
2383 33.3438
2384 33.8745
2385 33.7737
2386 33.6122
2387 33.9568
2388 32.1222
2389 32.5979
2390 33.7501
2391 34.1189
2392 34.01
2393 34.5039
2394 36.7946
2395 37.2637
2396 37.7515
2397 39.1846
2398 39.8202
2399 37.0213
2400 34.5323
2401 34.7191
2402 32.6047
2403 34.3568
2404 33.847
2405 33.9978
2406 33.3563
2407 33.375
2408 34.0988
2409 33.3708
2410 33.036
2411 31.9368
2412 33.9732
2413 32.8662
2414 33.2243
2415 34.6335
2416 31.5223
2417 32.4325
2418 33.1124
2419 33.1417
2420 32.9633
2421 32.6759
2422 33.3814
2423 31.7335
2424 30.9748
2425 31.8179
2426 34.2141
2427 33.1497
2428 34.012
2429 33.794
2430 33.5871
2431 33.4643
2432 33.7059
2433 31.991
2434 33.7804
2435 32.2259
2436 31.9482
2437 31.4698
2438 33.251
2439 33.7317
2440 31.8061
2441 31.6627
2442 34.0977
2443 34.6549
2444 32.7013
2445 32.2959
2446 33.1527
2447 32.5618
2448 33.0283
2449 32.9927
2450 33.6058
2451 32.6221
2452 33.19
2453 33.8338
2454 32.6077
2455 33.2601
2456 32.2722
2457 32.7319
2458 31.9704
2459 32.6975
2460 33.2788
2461 33.0601
2462 33.9626
2463 31.8968
2464 32.5215
2465 33.6335
2466 34.0714
2467 34.6597
2468 32.731
2469 33.1914
2470 32.9422
2471 33.1888
2472 34.2185
2473 33.0422
2474 35.4815
2475 35.4793
2476 33.9148
2477 33.1884
2478 33.2999
2479 31.9933
2480 33.5822
2481 32.7924
2482 32.185
2483 33.3995
2484 33.4851
2485 34.0041
2486 33.2753
2487 32.1575
2488 32.1926
2489 33.6975
2490 33.5807
2491 32.2849
2492 34.1319
2493 33.1833
2494 33.2037
2495 33.3826
2496 33.4154
2497 33.5144
2498 32.7372
2499 32.3881
2500 33.5004
2501 33.7807
2502 32.5308
2503 32.3288
2504 31.2594
2505 33.252
2506 32.4719
2507 31.7922
2508 32.9908
2509 34.6814
2510 32.8708
2511 33.1437
2512 33.394
2513 33.349
2514 32.9766
2515 32.2708
2516 34.0007
2517 34.8941
2518 33.7883
2519 34.8917
2520 34.4196
2521 34.0418
2522 31.9189
2523 34.3079
2524 32.8312
2525 32.2711
2526 33.124
2527 32.1099
2528 32.1036
2529 31.9997
2530 32.71
2531 33.4535
2532 33.2525
2533 33.0331
2534 33.3893
2535 32.8567
2536 33.7486
2537 33.393
2538 34.1
2539 33.4289
2540 33.1061
2541 34.4576
2542 39.6461
2543 48.2958
2544 63.7884
2545 81.5001
2546 100.508
2547 108.976
2548 101.623
2549 85.3487
2550 67.0587
2551 50.3383
2552 40.5963
2553 34.7244
2554 31.891
2555 32.2013
2556 32.3801
2557 33.5443
2558 33.5164
2559 33.4368
2560 34.4814
2561 34.6205
2562 33.0044
2563 32.6332
2564 34.821
2565 33.8937
2566 32.4601
2567 33.1067
2568 32.1759
2569 31.4235
2570 31.7991
2571 32.6745
2572 33.0527
2573 32.3544
2574 31.7632
2575 32.6213
2576 32.0597
2577 32.9246
2578 32.9825
2579 33.1476
2580 34.1978
2581 35.4544
2582 35.2368
2583 35.9096
2584 34.6043
2585 33.8032
2586 31.8782
2587 32.7663
2588 32.6769
2589 31.3819
2590 31.9548
2591 31.6227
2592 33.3264
2593 33.7117
2594 33.4605
2595 32.4232
2596 32.4877
2597 32.9606
2598 32.7146
2599 31.8885
2600 32.8737
2601 32.9392
2602 32.1161
2603 31.8873
2604 33.1576
2605 31.8354
2606 32.7667
2607 32.9222
2608 32.413
2609 31.9621
2610 32.6451
2611 30.6987
2612 31.7078
2613 33.0874
2614 31.9013
2615 31.9281
2616 32.3928
2617 33.2967
2618 33.6502
2619 34.1873
2620 33.5199
2621 32.6928
2622 34.1417
2623 33.5422
2624 34.1394
2625 33.2066
2626 33.1756
2627 33.562
2628 34.5049
2629 33.1259
2630 32.1415
2631 32.1738
2632 32.8499
2633 33.138
2634 33.0782
2635 32.5232
2636 31.1243
2637 33.8211
2638 33.7576
2639 33.2171
2640 33.145
2641 33.0928
2642 33.2749
2643 32.7608
2644 34.0082
2645 33.6354
2646 32.2651
2647 33.5929
2648 33.7839
2649 32.9596
2650 32.4523
2651 33.6562
2652 32.2235
2653 32.8492
2654 33.0213
2655 31.4639
2656 31.5491
2657 32.4259
2658 34.0195
2659 33.4757
2660 33.925
2661 35.3838
2662 34.1957
2663 33.6453
2664 33.9084
2665 32.885
2666 33.4272
2667 33.0032
2668 33.5079
2669 33.9306
2670 33.134
2671 33.5846
2672 34.0553
2673 33.6495
2674 33.5552
2675 33.8268
2676 34.3673
2677 36.4517
2678 41.7028
2679 52.3185
2680 68.1655
2681 86.7825
2682 102.062
2683 106.424
2684 100.7
2685 84.3357
2686 64.0462
2687 47.4708
2688 37.9836
2689 33.6895
2690 32.9969
2691 31.9623
2692 31.8168
2693 32.316
2694 33.2286
2695 32.6622
2696 32.3483
2697 31.471
2698 31.1965
2699 32.6722
2700 33.0759
2701 31.8071
2702 31.5406
2703 33.0594
2704 32.5852
2705 33.1739
2706 32.6542
2707 32.052
2708 32.2795
2709 32.9083
2710 32.9456
2711 32.369
2712 32.5694
2713 33.0886
2714 34.0393
2715 32.4854
2716 33.2135
2717 34.2001
2718 33.3017
2719 33.1955
2720 32.1721
2721 32.1281
2722 34.2373
2723 34.8497
2724 34.0166
2725 34.5985
2726 33.3467
2727 32.652
2728 33.4541
2729 32.9883
2730 32.3105
2731 32.1278
2732 32.9969
2733 33.4421
2734 33.9208
2735 33.4718
2736 33.1428
2737 33.4927
2738 33.4745
2739 33.5511
2740 33.986
2741 32.3194
2742 32.5085
2743 33.0852
2744 33.1066
2745 33.205
2746 34.2447
2747 34.1219
2748 33.6225
2749 34.3405
2750 34.2528
2751 34.134
2752 33.9136
2753 33.5034
2754 33.2701
2755 32.7516
2756 32.4237
2757 33.1746
2758 34.0383
2759 33.9781
2760 32.7155
2761 32.0035
2762 34.2123
2763 36.9123
2764 37.8231
2765 39.4886
2766 42.1093
2767 44.1589
2768 42.8819
2769 41.596
2770 41.5305
2771 40.3171
2772 38.7586
2773 37.4141
2774 36.2389
2775 34.9339
2776 33.1153
2777 33.7142
2778 34.4909
2779 33.7911
2780 33.7215
2781 33.7049
2782 33.998
2783 35.1106
2784 34.6425
2785 33.3397
2786 33.1805
2787 33.3108
2788 34.0519
2789 34.9921
2790 34.1546
2791 34.2014
2792 34.7064
2793 34.5916
2794 33.3527
2795 34.1364
2796 34.7165
2797 33.3799
2798 33.0239
2799 32.7808
2800 33.4297
2801 33.8382
2802 33.291
2803 33.073
2804 33.8947
2805 35.5124
2806 34.963
2807 35.8276
2808 38.2435
2809 39.4323
2810 40.0593
2811 39.1127
2812 37.9257
2813 37.1338
2814 35.7105
2815 34.2896
2816 33.6912
2817 34.5151
2818 34.8935
2819 34.8205
2820 33.4915
2821 34.5404
2822 35.5995
2823 35.2526
2824 34.1976
2825 34.8937
2826 33.694
2827 34.7505
2828 35.7138
2829 35.244
2830 34.7063
2831 35.0037
2832 35.1349
2833 34.8155
2834 34.2019
2835 34.6471
2836 34.7901
2837 33.6605
2838 34.157
2839 34.8071
2840 34.1664
2841 33.9155
2842 34.4612
2843 33.6658
2844 32.9843
2845 34.4255
2846 34.8768
2847 35.506
2848 34.8568
2849 36.2692
2850 35.8158
2851 34.5551
2852 34.9706
2853 34.5129
2854 34.0264
2855 34.5572
2856 36.1336
2857 34.4537
2858 35.8237
2859 35.0655
2860 35.2823
2861 34.1079
2862 34.1641
2863 34.5013
2864 33.8351
2865 33.6273
2866 35.2197
2867 34.0052
2868 35.791
2869 34.5822
2870 34.4391
2871 34.3648
2872 35.1585
2873 34.2354
2874 35.5079
2875 35.3245
2876 35.6851
2877 35.4218
2878 35.1509
2879 35.4799
2880 33.325
2881 35.385
2882 34.3308
2883 35.8019
2884 35.8204
2885 36.2776
2886 34.7364
2887 35.6878
2888 35.8514
2889 35.597
2890 37.3828
2891 38.0824
2892 38.4699
2893 36.9954
2894 37.2542
2895 36.6692
2896 38.4156
2897 36.473
2898 37.0209
2899 36.4047
2900 36.6195
2901 37.6009
2902 36.7346
2903 34.888
2904 34.6273
2905 37.2394
2906 37.0698
2907 36.102
2908 36.1038
2909 36.0557
2910 36.7893
2911 37.7282
2912 35.834
2913 35.7669
2914 35.713
2915 36.9418
2916 35.8661
2917 36.5218
2918 35.8684
2919 35.7278
2920 36.59
2921 37.228
2922 36.5742
2923 35.4648
2924 36.346
2925 34.9226
2926 36.7756
2927 35.1633
2928 37.8599
2929 35.8565
2930 35.2372
2931 36.8693
2932 37.4299
2933 36.935
2934 36.0769
2935 35.5417
2936 36.6537
2937 36.6239
2938 38.3837
2939 37.8579
2940 36.4537
2941 37.7173
2942 36.9204
2943 36.0042
2944 36.8574
2945 35.4001
2946 37.0842
2947 36.6437
2948 37.7954
2949 36.906
2950 36.8347
2951 36.9802
2952 36.8576
2953 35.7899
2954 36.9806
2955 37.7806
2956 36.7274
2957 36.1671
2958 38.0506
2959 35.6252
2960 36.761
2961 41.6698
2962 45.1009
2963 49.3735
2964 58.421
2965 62.9776
2966 62.064
2967 58.5558
2968 54.0173
2969 46.442
2970 40.3356
2971 36.2466
2972 33.7535
2973 34.6157
2974 33.8156
2975 30.6975
2976 32.2255
2977 33.1548
2978 32.8731
2979 32.088
2980 30.7152
2981 30.3841
2982 30.6698
2983 31.6463
2984 31.2494
2985 31.0923
2986 30.8944
2987 31.9793
2988 31.8528
2989 29.7573
2990 31.0202
2991 29.7232
2992 28.1173
2993 28.0943
2994 29.0149
2995 28.6266
2996 28.3694
2997 26.9582
2998 26.6018
2999 28.4008
3000 27.3088
3001 28.2421
3002 27.2395
3003 27.6202
3004 28.4343
3005 28.4623
3006 26.8805
3007 26.8972
3008 27.0373
3009 26.2358
3010 26.2114
3011 25.6717
3012 26.306
3013 25.7869
3014 23.4961
3015 26.1181
3016 24.7797
3017 23.8962
3018 25.4
3019 25.0997
3020 25.2195
3021 25.199
3022 24.2691
3023 26.0242
3024 24.5511
3025 23.4738
3026 23.6371
3027 24.1767
3028 24.7666
3029 25.1836
3030 24.8199
3031 23.7082
3032 24.4371
3033 23.67
3034 24.4295
3035 23.8984
3036 25.6941
3037 24.6538
3038 24.6711
3039 24.1467
3040 24.3196
3041 23.7085
3042 23.3906
3043 24.6965
3044 23.1739
3045 22.9534
3046 23.3815
3047 23.4986
3048 24.3782
3049 24.4478
3050 22.7142
3051 24.1843
3052 24.4012
3053 24.9683
3054 23.3162
3055 22.8541
3056 22.7582
3057 22.4422
3058 23.3843
3059 24.7194
3060 23.6786
3061 23.6218
3062 22.9248
3063 23.2945
3064 24.9808
3065 26.7504
3066 27.6456
3067 27.58
3068 28.8596
3069 30.5208
3070 28.1374
3071 26.921
3072 25.961
3073 23.7491
3074 22.8414
3075 22.6538
3076 21.8473
3077 23.4392
3078 21.833
3079 22.243
3080 23.591
3081 22.2418
3082 23.8592
3083 23.0565
3084 23.2911
3085 22.7266
3086 22.002
3087 22.8179
3088 21.796
3089 21.7288
3090 21.8381
3091 21.8015
3092 22.5518
3093 22.7797
3094 22.3534
3095 22.2732
3096 21.1178
3097 20.9061
3098 21.8991
3099 22.0741
3100 21.9408
3101 22.965
3102 22.1264
3103 21.8548
3104 20.8063
3105 22.028
3106 22.3486
3107 21.6009
3108 21.113
3109 20.5047
3110 20.3296
3111 20.9207
3112 21.2945
3113 21.9071
3114 20.8567
3115 19.0455
3116 19.8075
3117 20.3344
3118 20.177
3119 19.6669
3120 20.988
3121 21.9083
3122 19.6952
3123 19.7923
3124 20.5069
3125 20.7019
3126 20.1357
3127 19.7271
3128 20.2432
3129 19.8562
3130 18.9764
3131 19.8352
3132 19.1359
3133 19.8373
3134 20.355
3135 19.4398
3136 20.6843
3137 20.363
3138 20.8034
3139 20.0075
3140 19.9112
3141 19.8278
3142 19.6667
3143 19.5141
3144 18.7195
3145 19.3303
3146 18.7298
3147 18.5924
3148 18.9367
3149 19.3781
3150 18.9746
3151 19.1677
3152 19.9872
3153 18.6173
3154 18.2975
3155 19.7642
3156 19.6143
3157 19.4856
3158 18.9367
3159 17.4538
3160 17.7637
3161 18.412
3162 17.9146
3163 18.0511
3164 19.1281
3165 18.0589
3166 17.9067
3167 18.336
3168 18.5948
3169 17.7715
3170 17.2352
3171 17.1917
3172 17.7565
3173 17.7706
3174 17.8288
3175 17.1267
3176 17.9139
3177 17.247
3178 16.7571
3179 16.8988
3180 17.4582
3181 17.3367
3182 17.1457
3183 16.9139
3184 16.8417
3185 16.7093
3186 16.9536
3187 17.8346
3188 17.9255
3189 19.7978
3190 21.422
3191 23.1365
3192 23.8351
3193 22.6174
3194 21.4528
3195 19.4253
3196 18.4941
3197 17.7498
3198 16.607
3199 16.3954
3200 16.0015
3201 15.939
3202 15.7825
3203 15.8718
3204 16.5239
3205 15.3927
3206 15.751
3207 16.713
3208 16.0415
3209 16.2589
3210 15.7953
3211 15.3151
3212 16.2393
3213 15.6242
3214 15.1721
3215 15.4601
3216 15.1858
3217 15.1845
3218 14.8875
3219 14.7896
3220 15.1547
3221 15.0778
3222 15.0328
3223 15.0363
3224 14.6283
3225 14.9981
3226 14.6869
3227 14.6137
3228 15.2932
3229 15.0054
3230 14.1292
3231 14.3446
3232 14.4346
3233 14.821
3234 15.5167
3235 14.517
3236 14.1839
3237 14.1431
3238 13.4859
3239 14.1352
3240 14.2481
3241 14.0602
3242 14.575
3243 14.5446
3244 14.1859
3245 14.4275
3246 14.1328
3247 13.5835
3248 13.2082
3249 13.0392
3250 13.3239
3251 13.2025
3252 13.3007
3253 13.6788
3254 14.3487
3255 14.9605
3256 14.7291
3257 14.1811
3258 14.0023
3259 13.9386
3260 14.5139
3261 14.9855
3262 13.933
3263 12.8249
3264 13.4524
3265 13.793
3266 14.4553
3267 14.3958
3268 13.7271
3269 13.0472
3270 13.4325
3271 13.4842
3272 13.1945
3273 13.5241
3274 13.773
3275 14.2945
3276 13.349
3277 13.0631
3278 13.7499
3279 13.6898
3280 12.944
3281 13.0598
3282 12.4064
3283 12.7756
3284 12.8076
3285 11.8738
3286 11.7944
3287 12.8215
3288 12.4626
3289 12.6216
3290 13.2253
3291 13.2089
3292 13.3142
3293 12.5701
3294 13.5467
3295 14.496
3296 16.1211
3297 19.5444
3298 23.5672
3299 26.9912
3300 29.5037
3301 29.2031
3302 28.6742
3303 23.5886
3304 18.9459
3305 16.6371
3306 14.5127
3307 13.4956
3308 13.1489
3309 12.5377
3310 11.9103
3311 11.8877
3312 12.5026
3313 13.4326
3314 12.9306
3315 13.3088
3316 14.9466
3317 15.8869
3318 15.9374
3319 15.768
3320 15.6313
3321 15.0402
3322 13.7436
3323 13.3244
3324 13.6522
3325 12.9089
3326 12.0957
3327 12.8723
3328 12.7351
3329 12.6016
3330 11.5007
3331 11.7708
3332 11.9784
3333 11.6
3334 11.7386
3335 12.2146
3336 12.4099
3337 11.2254
3338 11.4808
3339 11.9883
3340 12.3731
3341 11.1432
3342 11.8679
3343 11.8907
3344 11.9224
3345 12.2521
3346 11.7327
3347 11.9537
3348 11.631
3349 12.3448
3350 12.3939
3351 12.1216
3352 12.2102
3353 13.122
3354 13.7488
3355 15.1136
3356 15.7366
3357 18.246
3358 17.9961
3359 16.3088
3360 16.6548
3361 14.383
3362 13.0782
3363 12.7911
3364 12.1271
3365 12.3813
3366 12.0125
3367 12.5998
3368 13.7263
3369 14.7202
3370 16.4795
3371 19.689
3372 19.784
3373 22.4594
3374 22.3257
3375 20.377
3376 18.4456
3377 16.6342
3378 14.5645
3379 12.6855
3380 12.249
3381 11.3883
3382 11.3609
3383 11.1696
3384 12.3819
3385 12.1189
3386 12.17
3387 11.7077
3388 11.2951
3389 12.5603
3390 11.6446
3391 11.4403
3392 11.2111
3393 12.6423
3394 11.7188
3395 11.8413
3396 11.5945
3397 11.3666
3398 11.4954
3399 11.2038
3400 11.2991
3401 11.2707
3402 11.8608
3403 11.3963
3404 11.6198
3405 11.319
3406 11.4013
3407 10.7458
3408 12.2582
3409 11.4171
3410 12.0576
3411 11.9695
3412 11.6168
3413 12.2462
3414 11.4599
3415 12.8489
3416 12.6077
3417 12.5742
3418 12.1107
3419 12.1292
3420 11.3612
3421 12.4366
3422 12.0719
3423 11.0649
3424 11.643
3425 11.3678
3426 11.4405
3427 11.6578
3428 12.2332
3429 11.2681
3430 11.5373
3431 10.5364
3432 11.5845
3433 11.6545
3434 11.361
3435 12.4565
3436 12.1308
3437 10.9377
3438 11.522
3439 10.9434
3440 11.5824
3441 12.2201
3442 11.8073
3443 11.8461
3444 11.5926
3445 11.9479
3446 11.9253
3447 11.723
3448 11.788
3449 11.9421
3450 11.7698
3451 11.0891
3452 10.2813
3453 12.0996
3454 11.6687
3455 11.7987
3456 11.202
3457 12.5901
3458 11.1425
3459 11.8298
3460 12.6273
3461 12.1753
3462 13.0744
3463 11.5316
3464 12.1457
3465 12.0949
3466 12.0512
3467 12.3103
3468 12.3317
3469 11.6343
3470 11.5483
3471 12.3538
3472 13.2987
3473 11.4353
3474 12.0235
3475 12.1942
3476 12.7673
3477 12.2421
3478 12.3582
3479 12.4224
3480 12.004
3481 13.0634
3482 12.6889
3483 13.3167
3484 13.1609
3485 13.3692
3486 13.9095
3487 15.663
3488 14.1191
3489 14.792
3490 15.8619
3491 19.4989
3492 28.0223
3493 48.7737
3494 94.1065
3495 180.366
3496 328.501
3497 518.283
3498 715.583
3499 887.846
3500 963.894
3501 934.999
3502 785.212
3503 563.558
3504 350.178
3505 184.885
3506 82.5412
3507 32.5702
3508 14.5866
3509 8.35527
3510 5.75114
3511 6.24896
3512 6.38536
3513 6.76526
3514 6.18407
3515 5.9139
3516 6.16627
3517 6.35989
3518 6.79173
3519 6.32338
3520 6.83703
3521 6.49116
3522 6.3012
3523 6.28795
3524 6.40101
3525 6.34292
3526 6.13424
3527 6.08578
3528 5.61758
3529 6.40291
3530 6.49398
3531 6.29031
3532 6.4255
3533 6.75879
3534 5.99407
3535 6.70311
3536 6.00414
3537 5.75797
3538 6.55125
3539 6.17976
3540 6.13442
3541 6.14177
3542 6.70994
3543 6.30958
3544 7.28012
3545 6.40194
3546 6.35527
3547 6.12761
3548 6.18641
3549 6.59416
3550 6.43156
3551 6.60656
3552 5.96656
3553 5.75942
3554 6.81591
3555 6.37905
3556 6.30679
3557 6.14291
3558 6.29077
3559 5.86983
3560 6.09587
3561 6.33476
3562 6.62637
3563 6.84263
3564 6.37847
3565 5.47156
3566 6.00631
3567 6.14891
3568 6.2857
3569 6.71677
3570 6.55815
3571 6.57146
3572 6.00927
3573 6.57662
3574 6.04829
3575 7.38746
3576 6.51679
3577 5.54791
3578 6.34505
3579 6.62997
3580 6.90133
3581 7.99769
3582 9.24966
3583 9.62102
3584 9.87495
3585 9.97879
3586 9.39981
3587 8.78833
3588 7.56672
3589 7.00823
3590 7.24164
3591 6.31427
3592 6.00455
3593 6.99087
3594 7.05004
3595 7.59765
3596 7.94417
3597 8.4078
3598 8.56844
3599 8.80159
3600 8.02299
3601 7.43191
3602 6.72153
3603 6.46461
3604 6.05581
3605 5.92233
3606 6.50743
3607 5.84609
3608 6.07653
3609 6.87471
3610 6.99736
3611 7.78308
3612 9.29779
3613 9.82474
3614 11.7342
3615 14.252
3616 15.0192
3617 15.4598
3618 13.1782
3619 11.6763
3620 9.39191
3621 8.47001
3622 8.03179
3623 7.67561
3624 8.01222
3625 7.14979
3626 7.48008
3627 7.37901
3628 6.85496
3629 6.94747
3630 6.28932
3631 7.25443
3632 6.31202
3633 6.21277
3634 5.74791
3635 5.91262
3636 5.80087
3637 5.56144
3638 5.35752
3639 5.84856
3640 5.92737
3641 5.79984
3642 6.17587
3643 6.28733
3644 5.60733
3645 5.57212
3646 5.64554
3647 5.96452
3648 5.9535
3649 6.00405
3650 6.19351
3651 5.68918
3652 5.81327
3653 6.08971
3654 6.22427
3655 6.32428
3656 6.20225
3657 6.48989
3658 5.93369
3659 5.76481
3660 5.57318
3661 5.76528
3662 6.25431
3663 6.35025
3664 6.58872
3665 6.61287
3666 6.6672
3667 6.17461
3668 6.11868
3669 6.13064
3670 5.99761
3671 5.47291
3672 5.57072
3673 5.87478
3674 5.67925
3675 6.1507
3676 6.07417
3677 6.12089
3678 5.6597
3679 5.4018
3680 6.15534
3681 6.33863
3682 6.2038
3683 6.36315
3684 6.61315
3685 7.45714
3686 7.37879
3687 7.24553
3688 7.67192
3689 7.30496
3690 6.68372
3691 6.88796
3692 6.36851
3693 6.14219
3694 6.09928
3695 5.88434
3696 6.13414
3697 5.6774
3698 6.51424
3699 6.0658
3700 6.01276
3701 6.24652
3702 5.55197
3703 5.53333
3704 5.40918
3705 5.34745
3706 5.47913
3707 5.70021
3708 5.41228
3709 5.54922
3710 5.42748
3711 5.62331
3712 5.38922
3713 5.35148
3714 5.65926
3715 5.04901
3716 4.87872
3717 5.12025
3718 5.09556
3719 4.89403
3720 5.11485
3721 5.34325
3722 5.07723
3723 5.07103
3724 4.85306
3725 4.85674
3726 5.65222
3727 6.05603
3728 5.39637
3729 5.60653
3730 5.87224
3731 5.68006
3732 5.47321
3733 5.34991
3734 5.10937
3735 5.59217
3736 5.13184
3737 4.86235
3738 5.20933
3739 5.06209
3740 4.73989
3741 4.86673
3742 5.20455
3743 5.19142
3744 5.18852
3745 5.30545
3746 5.0163
3747 5.18886
3748 5.47734
3749 4.89984
3750 4.97033
3751 5.06822
3752 5.30992
3753 5.03405
3754 4.89689
3755 4.86033
3756 5.03698
3757 4.94764
3758 5.0319
3759 4.93193
3760 4.54819
3761 5.07843
3762 5.39102
3763 5.02617
3764 5.18228
3765 5.16097
3766 5.40469
3767 4.9731
3768 5.07982
3769 5.59101
3770 4.88158
3771 4.87958
3772 5.1452
3773 5.22104
3774 5.28088
3775 5.77358
3776 4.92761
3777 4.29977
3778 4.64578
3779 5.03369
3780 5.48795
3781 5.22903
3782 5.45445
3783 5.68754
3784 6.33516
3785 6.48571
3786 7.34466
3787 7.5624
3788 7.38543
3789 8.03656
3790 8.07217
3791 8.12337
3792 7.8222
3793 7.58951
3794 7.96513
3795 7.63093
3796 6.58374
3797 6.5699
3798 6.53314
3799 6.56058
3800 6.97921
3801 8.45617
3802 10.0817
3803 12.7251
3804 15.4075
3805 17.8333
3806 18.2843
3807 17.9517
3808 15.8978
3809 13.2933
3810 11.8639
3811 11.6708
3812 12.2036
3813 14.0947
3814 15.925
3815 18.4931
3816 18.4034
3817 19.7831
3818 18.4325
3819 16.2063
3820 13.4326
3821 10.4965
3822 8.06497
3823 6.39971
3824 6.30929
3825 6.07718
3826 5.67224
3827 5.59883
3828 6.1659
3829 5.47509
3830 5.80827
3831 6.40611
3832 6.35137
3833 6.27067
3834 5.97509
3835 5.49979
3836 5.03733
3837 5.30161
3838 5.31061
3839 5.14741
3840 4.81195
3841 4.38942
3842 4.62418
3843 4.74168
3844 5.06557
3845 4.77726
3846 4.08982
3847 4.7012
3848 4.87077
3849 5.15482
3850 5.65596
3851 5.18377
3852 5.02104
3853 4.67365
3854 4.28953
3855 4.49222
3856 5.24081
3857 5.013
3858 4.9188
3859 4.97092
3860 4.90743
3861 4.59013
3862 4.69397
3863 4.76433
3864 4.3518
3865 4.5406
3866 4.80186
3867 4.67782
3868 5.08375
3869 4.74418
3870 4.70742
3871 4.2168
3872 4.54541
3873 4.57632
3874 4.22328
3875 5.3822
3876 5.64488
3877 4.92905
3878 5.1611
3879 6.38826
3880 7.14907
3881 8.59563
3882 10.0925
3883 10.1293
3884 10.2942
3885 9.6538
3886 9.25537
3887 8.90515
3888 7.04832
3889 6.35928
3890 5.32692
3891 5.57519
3892 5.83459
3893 5.57876
3894 5.30005
3895 5.44218
3896 5.31476
3897 4.95382
3898 4.82568
3899 5.69149
3900 4.55282
3901 4.71645
3902 5.6483
3903 6.40879
3904 7.27654
3905 8.61639
3906 9.94951
3907 11.0926
3908 10.511
3909 11.0653
3910 9.76567
3911 8.09593
3912 6.34982
3913 6.34337
3914 5.45272
3915 4.68207
3916 4.57983
3917 4.54706
3918 4.33501
3919 4.09334
3920 4.91669
3921 5.1096
3922 5.43115
3923 5.40754
3924 5.48965
3925 6.00603
3926 6.49941
3927 5.54125
3928 6.64258
3929 5.94469
3930 5.08644
3931 4.61932
3932 4.71583
3933 4.32103
3934 4.33219
3935 3.65403
3936 4.18821
3937 4.1055
3938 4.71841
3939 4.36471
3940 4.34621
3941 4.06426
3942 4.03447
3943 4.12955
3944 4.08798
3945 4.13953
3946 3.98639
3947 4.04449
3948 4.14414
3949 4.30511
3950 4.21128
3951 4.10489
3952 4.10233
3953 4.38228
3954 4.18614
3955 4.31214
3956 3.70849
3957 4.41313
3958 4.32867
3959 4.37931
3960 4.24948
3961 4.14076
3962 4.43581
3963 4.28703
3964 4.01415
3965 4.39336
3966 3.97802
3967 4.04421
3968 3.89729
3969 4.80886
3970 4.45749
3971 3.98267
3972 4.20273
3973 4.4053
3974 4.52266
3975 4.40333
3976 4.88641
3977 5.1301
3978 6.23353
3979 6.92954
3980 7.58827
3981 9.33529
3982 8.86777
3983 7.96164
3984 6.80395
3985 6.17309
3986 5.27674
3987 4.73224
3988 4.91499
3989 4.88577
3990 4.35139
3991 4.37792
3992 4.69519
3993 4.6399
3994 5.2236
3995 4.88592
3996 5.12131
3997 5.39378
3998 4.42777
3999 3.94565
4000 4.25161
4001 4.01746
4002 4.00361
4003 3.75854
4004 4.44095
4005 3.764
4006 3.74702
4007 3.85914
4008 4.17355
4009 3.87559
4010 3.7457
4011 4.44352
4012 4.60325
4013 3.97882
4014 5.00245
4015 4.05407
4016 4.38547
4017 3.90373
4018 4.31207
4019 4.15725
4020 4.66667
4021 4.26481
4022 3.84247
4023 3.98463
4024 4.14946
4025 3.81754
4026 4.38093
4027 4.01317
4028 3.938
4029 3.82823
4030 4.43467
4031 4.37225
4032 4.06067
4033 4.7436
4034 4.22538
4035 4.94662
4036 5.57558
4037 5.33418
4038 4.91964
4039 5.17852
4040 4.76438
4041 4.52255
4042 4.73049
4043 4.97461
4044 4.12428
4045 4.0066
4046 3.96917
4047 4.064
4048 4.04774
4049 4.11207
4050 3.99883
4051 3.77392
4052 3.64342
4053 3.41686
4054 4.41813
4055 4.70988
4056 4.77064
4057 5.04667
4058 5.08146
4059 5.40562
4060 4.57687
4061 4.68906
4062 4.65388
4063 4.51926
4064 3.6455
4065 3.88407
4066 3.64603
4067 4.29486
4068 4.09921
4069 3.93634
4070 3.79063
4071 3.77963
4072 4.33426
4073 3.60191
4074 4.0695
4075 3.49117
4076 3.47464
4077 3.97727
4078 4.43884
4079 3.80408
4080 4.00979
4081 3.75751
4082 3.85677
4083 4.01369
4084 3.93108
4085 3.53445
4086 3.97524
4087 3.79324
4088 3.70469
4089 3.89628
4090 3.58865
4091 4.22347
4092 3.90123
4093 4.03466
4094 4.18959
4095 4.13288
