0 0
1 0
2 0
3 0
4 0
5 0
6 0
7 0
8 0
9 0
10 0
11 0
12 0
13 0
14 0
15 0
16 0
17 0
18 0
19 0
20 0
21 0
22 0
23 0
24 0
25 0
26 0
27 0
28 0
29 0
30 0
31 0
32 0
33 0
34 0
35 0
36 1.85054
37 93.5664
38 153.44
39 92.2348
40 88.7085
41 97.9859
42 84.1848
43 88.2662
44 86.0995
45 101.347
46 88.2716
47 85.0223
48 80.2911
49 86.1054
50 94.0753
51 86.6859
52 93.9108
53 90.3535
54 98.7159
55 85.5241
56 73.2531
57 94.0294
58 80.0252
59 79.5478
60 93.8715
61 112.495
62 83.2704
63 80.605
64 81.6912
65 80.1475
66 78.0611
67 84.7903
68 87.5504
69 93.8508
70 66.4553
71 81.5493
72 85.6931
73 90.9634
74 75.5785
75 71.2303
76 81.8252
77 78.7104
78 81.315
79 77.6763
80 76.7638
81 81.9945
82 76.0962
83 79.7332
84 72.5683
85 75.1044
86 75.729
87 74.1753
88 77.1787
89 75.4052
90 62.5124
91 63.0918
92 71.3327
93 73.6079
94 72.314
95 76.7295
96 73.7661
97 67.239
98 71.4086
99 75.2694
100 76.7496
101 84.7826
102 81.221
103 81.4281
104 73.18
105 70.7302
106 79.6984
107 73.1313
108 63.0512
109 74.1034
110 70.0786
111 67.0509
112 83.1607
113 72.9683
114 68.9887
115 73.4312
116 68.8355
117 75.2241
118 70.8922
119 65.1958
120 73.8146
121 69.8854
122 84.4732
123 64.9612
124 71.9997
125 59.571
126 71.1069
127 73.1221
128 62.9078
129 69.5704
130 76.4494
131 64.6268
132 66.5271
133 76.1885
134 72.9946
135 69.2959
136 67.4509
137 82.1966
138 78.3324
139 73.4431
140 65.0139
141 83.2833
142 76.8805
143 80.1988
144 68.0105
145 76.7172
146 69.4745
147 65.9516
148 70.3921
149 76.8158
150 87.3239
151 81.5894
152 69.5056
153 74.2492
154 72.1794
155 75.4132
156 74.5965
157 70.0134
158 70.2309
159 66.1785
160 68.5268
161 68.2589
162 78.1832
163 82.5691
164 82.5384
165 86.9506
166 83.3825
167 92.8134
168 83.5945
169 78.9644
170 77.6902
171 86.3824
172 92.4208
173 90.8656
174 98.8622
175 90.9068
176 97.3883
177 96.366
178 79.0584
179 71.1671
180 82.3487
181 89.5403
182 89.0957
183 86.4066
184 85.8409
185 80.0352
186 83.9627
187 83.9006
188 84.0476
189 84.2889
190 90.1055
191 91.0117
192 83.0236
193 84.8908
194 105.056
195 100.803
196 90.6765
197 100.876
198 99.1751
199 78.1716
200 77.416
201 76.1393
202 79.8769
203 79.841
204 85.243
205 86.5712
206 81.1802
207 81.5397
208 77.4856
209 82.1492
210 83.5911
211 89.5766
212 94.0943
213 94.3637
214 95.2772
215 87.7663
216 96.6322
217 100.01
218 86.0671
219 83.7191
220 85.6772
221 88.767
222 101.985
223 92.3932
224 80.26
225 85.2208
226 92.7814
227 94.3283
228 93.4482
229 103.748
230 93.9097
231 86.2503
232 84.393
233 86.6061
234 95.2012
235 95.7877
236 91.7434
237 81.0726
238 81.5028
239 90.1478
240 95.6748
241 97.7173
242 89.797
243 86.8243
244 87.4687
245 88.1934
246 96.5995
247 94.7708
248 85.3285
249 88.2352
250 93.948
251 84.5389
252 82.8403
253 89.8972
254 89.3426
255 87.0226
256 95.117
257 100.563
258 100.5
259 102.604
260 95.6558
261 91.6233
262 96.5007
263 100.428
264 96.6536
265 85.1603
266 83.5903
267 84.6598
268 90.6929
269 98.7261
270 97.7076
271 93.5257
272 89.3587
273 95.1023
274 96.1899
275 94.8702
276 89.3363
277 82.2218
278 87.942
279 89.4582
280 92.6031
281 96.6922
282 98.4084
283 93.1255
284 91.5004
285 90.8827
286 81.753
287 82.3184
288 90.4379
289 80.9795
290 83.1616
291 86.0441
292 91.2238
293 89.2347
294 73.5205
295 79.4079
296 86.9898
297 79.8574
298 88.7096
299 95.9782
300 85.7535
301 79.6869
302 86.2253
303 87.8892
304 97.0131
305 90.9095
306 83.9759
307 89.6756
308 85.6042
309 82.0507
310 85.0785
311 84.2189
312 80.4893
313 84.7039
314 85.9946
315 87.4403
316 87.7136
317 86.2316
318 77.4946
319 85.0358
320 92.2691
321 87.275
322 84.9842
323 87.848
324 77.6661
325 76.1315
326 88.4859
327 83.1351
328 71.4382
329 75.2494
330 86.0693
331 75.6574
332 74.7186
333 75.8127
334 95.1563
335 83.8304
336 76.0938
337 89.4769
338 96.8754
339 85.9718
340 76.3229
341 79.0207
342 66.6889
343 74.6386
344 74.7319
345 78.5705
346 82.2689
347 71.224
348 72.0945
349 86.525
350 87.2992
351 80.6096
352 82.3899
353 86.2678
354 85.7077
355 68.0004
356 68.8148
357 71.2463
358 72.9444
359 64.5409
360 81.0898
361 77.7549
362 81.4404
363 82.1302
364 87.8965
365 87.3139
366 84.4171
367 72.756
368 75.0321
369 78.5607
370 83.833
371 80.7443
372 87.7781
373 83.469
374 83.0961
375 91.1383
376 72.3555
377 69.6234
378 77.8426
379 84.709
380 81.8593
381 90.8623
382 75.695
383 69.4251
384 74.3108
385 77.1239
386 68.0827
387 88.4328
388 88.0232
389 86.1285
390 76.848
391 72.9956
392 61.4121
393 70.8318
394 69.9994
395 69.7568
396 80.5712
397 71.5834
398 80.6642
399 73.4351
400 79.0986
401 75.6101
402 81.156
403 75.2001
404 65.9396
405 73.9534
406 74.2695
407 78.5953
408 84.0044
409 83.2784
410 77.7512
411 77.2175
412 79.3174
413 77.7446
414 84.4568
415 77.0948
416 83.6474
417 64.0344
418 73.6513
419 86.3241
420 88.3143
421 81.8207
422 70.5853
423 87.515
424 81.1887
425 77.4404
426 64.1415
427 78.4144
428 71.6451
429 82.9183
430 76.8591
431 86.8796
432 73.1248
433 80.7343
434 77.2328
435 91.099
436 100.487
437 91.6123
438 91.3662
439 102.748
440 92.6063
441 91.4134
442 90.0022
443 97.1885
444 84.9087
445 94.3705
446 81.2817
447 103.944
448 93.8942
449 90.9379
450 68.835
451 89.2314
452 89.7664
453 90.1649
454 77.6557
455 93.136
456 77.356
457 92.9702
458 85.2333
459 88.4845
460 76.3063
461 87.8179
462 83.2757
463 90.9895
464 81.6708
465 81.0494
466 75.4007
467 86.0422
468 76.5172
469 79.7001
470 87.363
471 83.5058
472 76.176
473 87.2254
474 90.0313
475 77.8438
476 76.6108
477 78.8539
478 90.1472
479 79.3078
480 85.7915
481 65.7318
482 68.2846
483 73.2191
484 65.125
485 91.4704
486 75.6079
487 75.915
488 71.6065
489 61.1297
490 77.7743
491 75.891
492 70.3916
493 69.4518
494 95.3863
495 65.3266
496 80.9045
497 85.4054
498 78.7192
499 77.2597
500 88.9225
501 82.8856
502 64.1455
503 64.8457
504 72.4381
505 67.9353
506 76.6169
507 67.2362
508 67.7604
509 69.8457
510 65.5958
511 69.965
512 76.8667
513 67.5451
514 70.3017
515 61.9697
516 72.0043
517 84.7713
518 77.3133
519 85.4642
520 68.6614
521 57.2956
522 66.2145
523 79.5621
524 87.661
525 67.5454
526 73.7857
527 61.3956
528 72.5205
529 55.3356
530 61.9146
531 60.8238
532 59.6569
533 53.3368
534 62.8024
535 60.8513
536 64.5728
537 74.9012
538 84.4407
539 71.445
540 62.2355
541 55.9619
542 72.4252
543 70.0594
544 73.6779
545 66.4079
546 66.0708
547 62.9689
548 68.9595
549 49.4161
550 72.1076
551 59.2537
552 77.6409
553 60.2982
554 70.3829
555 63.0865
556 63.786
557 60.9979
558 55.8869
559 59.1438
560 61.367
561 66.5466
562 64.7908
563 73.9987
564 68.7428
565 68.2445
566 75.546
567 94.2785
568 72.1663
569 54.956
570 57.37
571 57.5516
572 74.2665
573 63.9976
574 67.1271
575 55.722
576 72.2372
577 68.5785
578 55.458
579 51.9997
580 53.9847
581 56.1125
582 64.3437
583 54.047
584 64.3896
585 57.6972
586 54.4306
587 60.6837
588 54.9469
589 58.4544
590 67.388
591 57.4158
592 56.0527
593 56.2646
594 59.6014
595 57.3681
596 52.0652
597 62.046
598 49.4683
599 51.6767
600 51.4287
601 64.5032
602 56.2387
603 56.7775
604 66.1483
605 65.5057
606 59.3195
607 64.295
608 59.9018
609 57.7536
610 62.4939
611 54.5225
612 62.6523
613 53.7165
614 63.3543
615 52.6981
616 58.9167
617 49.8078
618 54.7304
619 65.5558
620 47.547
621 58.4544
622 65.8157
623 64.6344
624 59.0308
625 73.0668
626 61.2503
627 55.4207
628 58.7557
629 66.6586
630 57.4994
631 48.096
632 53.4332
633 66.4482
634 57.0392
635 62.4293
636 56.0174
637 60.5966
638 57.7631
639 51.3186
640 48.0118
641 55.4651
642 57.8937
643 65.9236
644 66.4252
645 62.0936
646 55.1555
647 57.8104
648 59.2667
649 57.2457
650 49.3373
651 60.0758
652 54.7941
653 53.904
654 57.0134
655 53.3784
656 56.1674
657 52.6531
658 51.0042
659 55.398
660 47.5585
661 52.333
662 55.7027
663 65.4033
664 63.0569
665 57.988
666 48.1761
667 51.0338
668 61.3586
669 69.8667
670 62.0565
671 48.7056
672 53.8388
673 52.8045
674 46.0323
675 56.1212
676 57.1318
677 43.0725
678 50.9206
679 55.3277
680 51.4825
681 61.1985
682 53.5909
683 45.1451
684 44.1077
685 48.5697
686 54.6283
687 53.1475
688 62.1825
689 51.273
690 52.7704
691 60.3492
692 57.131
693 53.9216
694 51.9318
695 49.3271
696 54.5789
697 50.4405
698 53.7351
699 59.7104
700 53.6081
701 55.1012
702 56.0086
703 56.1574
704 60.702
705 57.4207
706 61.8436
707 64.2505
708 62.1386
709 57.2443
710 53.9544
711 48.8593
712 44.5254
713 45.2271
714 58.5484
715 61.0394
716 56.2488
717 56.8453
718 55.8185
719 57.2063
720 59.2309
721 53.7171
722 49.4091
723 45.5256
724 48.3292
725 47.1368
726 50.958
727 57.8159
728 55.7347
729 50.8792
730 49.5885
731 49.9648
732 54.026
733 52.5179
734 49.2872
735 53.6442
736 53.0403
737 42.4597
738 45.5497
739 51.0263
740 50.2828
741 47.8564
742 50.0614
743 56.2997
744 49.2461
745 42.1144
746 49.2283
747 58.2007
748 50.3132
749 46.6714
750 49.158
751 45.3505
752 43.6906
753 45.6834
754 43.7663
755 45.9757
756 47.0165
757 50.6941
758 54.4181
759 50.5539
760 48.716
761 42.6544
762 37.86
763 41.0552
764 47.3857
765 45.0055
766 46.2439
767 47.1717
768 39.7795
769 42.7815
770 47.7092
771 42.2066
772 42.9768
773 38.6052
774 36.6629
775 39.8729
776 46.3563
777 49.2225
778 51.7461
779 50.9524
780 44.3706
781 48.0537
782 38.6211
783 38.3
784 46.9559
785 48.2515
786 43.4478
787 42.2713
788 44.6743
789 40.7245
790 43.7635
791 41.7587
792 52.8055
793 55.4674
794 53.1466
795 55.0009
796 50.8653
797 48.7564
798 48.2128
799 46.708
800 45.6184
801 47.1952
802 49.2059
803 49.9484
804 46.7949
805 48.5138
806 52.3687
807 50.5222
808 48.1552
809 45.3311
810 49.6583
811 49.8205
812 42.4883
813 45.9175
814 50.8728
815 49.106
816 43.1664
817 35.0221
818 41.8657
819 47.7724
820 54.1045
821 47.2863
822 37.7514
823 39.4085
824 41.2074
825 40.2435
826 40.9177
827 45.7955
828 45.2486
829 48.2564
830 47.0448
831 51.1624
832 56.6696
833 50.429
834 45.0696
835 41.4078
836 40.5877
837 44.6356
838 47.6733
839 57.2532
840 64.8825
841 53.6233
842 53.1477
843 45.7537
844 46.1539
845 53.0212
846 47.2901
847 39.8142
848 40.4047
849 48.94
850 55.0695
851 49.0659
852 54.5954
853 56.8125
854 48.627
855 55.5393
856 46.2437
857 41.7096
858 43.1229
859 49.2082
860 42.252
861 42.8298
862 46.3138
863 42.1834
864 52.0879
865 44.9364
866 50.0962
867 41.0926
868 41.8008
869 55.1323
870 56.5151
871 50.3385
872 56.6542
873 50.5269
874 39.777
875 46.3975
876 57.0629
877 55.609
878 51.6353
879 46.6153
880 43.8086
881 51.3668
882 39.7201
883 44.1473
884 46.7263
885 45.5057
886 41.9004
887 55.1763
888 49.8531
889 42.4538
890 39.7646
891 44.3679
892 51.1933
893 48.7678
894 49.3315
895 41.33
896 58.6779
897 49.0049
898 53.7654
899 57.6542
900 52.1722
901 45.4921
902 46.2923
903 40.6542
904 32.5127
905 45.3585
906 47.0881
907 55.6953
908 42.652
909 40.6344
910 51.0826
911 55.2106
912 50.4187
913 59.3705
914 47.4205
915 42.0466
916 43.0228
917 50.5082
918 40.5751
919 52.8729
920 48.4392
921 56.4125
922 45.186
923 46.2432
924 54.827
925 51.8215
926 49.509
927 54.5505
928 43.1378
929 55.4319
930 45.9002
931 42.259
932 49.4586
933 45.8258
934 41.2069
935 37.8538
936 51.6978
937 43.0125
938 45.3544
939 55.7019
940 41.7479
941 43.0483
942 55.4852
943 50.9408
944 57.9088
945 49.6795
946 66.095
947 49.4773
948 54.0624
949 46.167
950 45.5897
951 52.7069
952 58.0158
953 59.3992
954 52.9181
955 50.7794
956 64.6521
957 50.7401
958 51.598
959 41.7194
960 58.0593
961 52.5652
962 50.4155
963 48.5179
964 51.152
965 56.0914
966 60.0857
967 51.6804
968 47.6106
969 51.6148
970 53.1085
971 64.3265
972 45.3658
973 41.056
974 50.722
975 55.8827
976 44.996
977 51.0967
978 42.095
979 62.5531
980 56.6835
981 50.5288
982 60.4174
983 66.4502
984 53.2874
985 58.949
986 41.8033
987 43.3581
988 35.5385
989 51.6758
990 50.6692
991 48.2447
992 65.1755
993 51.1999
994 65.4435
995 48.3698
996 62.5011
997 61.1253
998 58.8624
999 37.8816
1000 54.1167
1001 53.4447
1002 57.6668
1003 53.9665
1004 41.102
1005 55.3659
1006 63.9901
1007 53.1722
1008 42.3859
1009 47.9454
1010 54.4673
1011 55.0755
1012 49.2501
1013 59.2937
1014 53.955
1015 50.1247
1016 55.0013
1017 52.3102
1018 69.6349
1019 59.7173
1020 45.7573
1021 58.0886
1022 53.7934
1023 59.4346
1024 48.5802
1025 46.0782
1026 54.3992
1027 55.2572
1028 63.4079
1029 55.7208
1030 68.3171
1031 70.9609
1032 54.5714
1033 50.7464
1034 58.4449
1035 51.7875
1036 57.8865
1037 60.0463
1038 64.7415
1039 52.9887
1040 50.0428
1041 71.567
1042 56.7082
1043 61.05
1044 52.7032
1045 60.6633
1046 57.2064
1047 66.7368
1048 64.9609
1049 66.9765
1050 60.1883
1051 46.0484
1052 44.4438
1053 62.1437
1054 65.8702
1055 52.4054
1056 60.351
1057 72.183
1058 62.1345
1059 59.3743
1060 57.6338
1061 64.1987
1062 49.6749
1063 47.1412
1064 55.1886
1065 66.6463
1066 55.8636
1067 55.9048
1068 57.8982
1069 56.512
1070 65.6561
1071 63.8203
1072 76.0049
1073 55.0717
1074 55.5312
1075 65.8784
1076 63.7158
1077 60.6357
1078 54.9111
1079 63.4043
1080 65.1345
1081 68.0869
1082 71.7309
1083 54.8191
1084 63.2147
1085 62.2055
1086 56.5033
1087 65.8769
1088 72.1974
1089 63.5653
1090 62.9462
1091 53.3585
1092 67.7439
1093 76.2047
1094 54.1539
1095 54.3112
1096 57.1073
1097 64.771
1098 78.163
1099 58.2525
1100 59.6554
1101 60.2154
1102 60.4243
1103 65.3059
1104 63.8059
1105 63.3732
1106 68.967
1107 68.1199
1108 74.8692
1109 69.8189
1110 60.3134
1111 58.368
1112 60.7803
1113 67.7131
1114 72.2502
1115 74.7307
1116 66.4901
1117 58.2397
1118 63.839
1119 54.0228
1120 55.0515
1121 58.9034
1122 62.2453
1123 77.5483
1124 63.2057
1125 66.3726
1126 73.0998
1127 64.953
1128 59.9761
1129 64.9848
1130 57.8442
1131 53.5972
1132 54.5375
1133 62.1752
1134 59.4342
1135 53.2732
1136 65.4963
1137 53.5284
1138 54.1717
1139 70.0842
1140 56.7093
1141 46.8312
1142 47.833
1143 47.5142
1144 42.9571
1145 39.5619
1146 45.3979
1147 48.2256
1148 45.299
1149 35.6369
1150 44.5323
1151 41.834
1152 40.818
1153 38.7954
1154 41.6589
1155 44.785
1156 43.2827
1157 39.2193
1158 34.8853
1159 34.4475
1160 31.6036
1161 40.5857
1162 43.3335
1163 41.8295
1164 45.0339
1165 36.6318
1166 30.2141
1167 29.4056
1168 37.1034
1169 38.7451
1170 33.6441
1171 31.647
1172 31.1499
1173 39.0557
1174 41.3439
1175 32.425
1176 38.2589
1177 35.572
1178 34.3723
1179 33.8685
1180 33.4382
1181 32.0991
1182 28.546
1183 36.5467
1184 38.2971
1185 39.1222
1186 34.346
1187 33.5388
1188 36.5018
1189 39.301
1190 36.6475
1191 31.8665
1192 38.3667
1193 30.289
1194 32.5839
1195 31.4071
1196 26.629
1197 23.9344
1198 23.8448
1199 29.1798
1200 35.9502
1201 35.7773
1202 33.4702
1203 29.9836
1204 33.2925
1205 34.7235
1206 29.702
1207 26.981
1208 32.7802
1209 29.6762
1210 26.0587
1211 24.9485
1212 25.1836
1213 25.5973
1214 33.0924
1215 32.9839
1216 34.5154
1217 33.4207
1218 29.9855
1219 27.5563
1220 30.9123
1221 30.8352
1222 31.2076
1223 32.4033
1224 28.5422
1225 22.156
1226 29.9044
1227 26.5938
1228 19.7006
1229 26.1118
1230 30.721
1231 29.8166
1232 22.536
1233 25.7095
1234 27.3468
1235 29.6641
1236 36.6599
1237 38.4585
1238 27.7956
1239 21.758
1240 25.8079
1241 22.6284
1242 24.0347
1243 27.7674
1244 25.1714
1245 27.4082
1246 26.082
1247 22.1116
1248 23.6814
1249 24.8747
1250 24.6156
1251 25.2636
1252 25.2477
1253 22.1697
1254 18.1302
1255 20.0821
1256 23.1465
1257 26.1239
1258 25.0782
1259 23.8586
1260 21.3648
1261 18.06
1262 19.2913
1263 20.9078
1264 21.1095
1265 19.5874
1266 20.2107
1267 21.4735
1268 17.5646
1269 19.8156
1270 17.1296
1271 16.148
1272 18.5555
1273 19.4521
1274 19.7511
1275 18.43
1276 18.5052
1277 16.3635
1278 17.9472
1279 15.7221
1280 18.6947
1281 23.0087
1282 19.9431
1283 18.1862
1284 19.029
1285 17.267
1286 15.5257
1287 18.5887
1288 24.6079
1289 20.3958
1290 18.5879
1291 18.39
1292 21.3513
1293 22.3892
1294 16.3052
1295 13.2491
1296 15.1896
1297 11.3847
1298 15.5011
1299 16.1447
1300 13.3867
1301 14.6906
1302 13.3661
1303 12.079
1304 17.8909
1305 19.235
1306 19.228
1307 14.1857
1308 12.7884
1309 14.4669
1310 8.86047
1311 9.87461
1312 15.5962
1313 15.4954
1314 12.9904
1315 11.8584
1316 16.0359
1317 13.6715
1318 14.9844
1319 13.1366
1320 10.3308
1321 11.5362
1322 12.5026
1323 19.6028
1324 17.169
1325 16.7939
1326 12.5007
1327 11.9536
1328 11.6754
1329 12.2569
1330 13.3187
1331 14.6902
1332 12.3749
1333 14.192
1334 14.1251
1335 15.7332
1336 17.4391
1337 15.608
1338 13.6653
1339 14.4496
1340 8.86139
1341 11.2687
1342 10.643
1343 12.8072
1344 10.4078
1345 8.54429
1346 10.9428
1347 16.205
1348 13.8632
1349 14.3211
1350 14.3515
1351 11.2532
1352 10.4014
1353 12.3461
1354 14.6412
1355 13.7921
1356 12.1271
1357 14.6075
1358 14.5194
1359 12.9065
1360 10.821
1361 8.56507
1362 9.67643
1363 11.412
1364 14.7439
1365 11.7042
1366 11.9791
1367 10.0865
1368 8.65005
1369 12.2136
1370 14.9272
1371 12.7156
1372 12.8737
1373 10.9947
1374 9.98418
1375 10.8712
1376 19.0895
1377 15.1394
1378 17.3495
1379 14.3332
1380 11.7554
1381 9.70533
1382 10.1645
1383 11.4288
1384 13.426
1385 12.5281
1386 14.0573
1387 6.46078
1388 9.99968
1389 7.8636
1390 7.44932
1391 7.1524
1392 15.617
1393 12.0543
1394 15.9901
1395 13.1507
1396 16.004
1397 16.9336
1398 9.69207
1399 14.2275
1400 15.3985
1401 10.2182
1402 11.2861
1403 7.6646
1404 9.56044
1405 9.5243
1406 8.1604
1407 9.46986
1408 12.9815
1409 10.6401
1410 9.98722
1411 11.508
1412 6.47828
1413 11.6514
1414 13.6439
1415 7.34156
1416 9.50155
1417 11.6607
1418 11.5005
1419 10.5522
1420 7.87172
1421 8.24428
1422 13.7563
1423 7.56244
1424 6.82241
1425 6.10058
1426 12.1751
1427 10.2462
1428 16.025
1429 13.2383
1430 14.0785
1431 12.1294
1432 11.154
1433 9.86195
1434 11.7164
1435 9.09487
1436 15.4196
1437 7.8144
1438 7.08031
1439 7.79409
1440 6.08304
1441 11.9043
1442 7.62892
1443 9.1728
1444 10.3782
1445 7.34092
1446 11.7612
1447 15.9242
1448 7.76642
1449 14.5068
1450 12.4138
1451 15.1167
1452 6.90238
1453 5.6111
1454 10.2448
1455 11.0434
1456 12.7063
1457 16.8086
1458 22.4346
1459 20.1805
1460 16.2446
1461 9.21089
1462 12.1023
1463 11.6882
1464 8.49466
1465 6.19635
1466 5.27828
1467 8.39652
1468 6.52354
1469 8.47735
1470 12.276
1471 7.90039
1472 11.6638
1473 15.4265
1474 9.8535
1475 8.99894
1476 10.026
1477 9.87511
1478 5.48457
1479 7.45731
1480 4.44727
1481 12.4528
1482 7.13391
1483 5.06893
1484 8.29541
1485 12.5532
1486 10.9519
1487 12.9303
1488 8.43796
1489 8.77196
1490 9.04314
1491 10.6349
1492 4.33633
1493 7.10763
1494 10.6671
1495 9.6724
1496 12.559
1497 12.0255
1498 9.71098
1499 9.35139
1500 10.2164
1501 7.52458
1502 4.91141
1503 8.91015
1504 17.0298
1505 9.69648
1506 8.35089
1507 10.1143
1508 10.6515
1509 7.3417
1510 8.73213
1511 3.39229
1512 9.48778
1513 7.01807
1514 7.94887
1515 10.4729
1516 20.284
1517 13.969
1518 5.60416
1519 14.4861
1520 6.71389
1521 9.71414
1522 9.42521
1523 8.24884
1524 7.10772
1525 4.23581
1526 13.8907
1527 9.54873
1528 10.1335
1529 9.64143
1530 10.6201
1531 15.338
1532 11.9878
1533 7.57467
1534 12.2559
1535 6.92444
1536 9.55008
1537 14.2342
1538 7.06186
1539 10.8152
1540 4.70922
1541 8.07011
1542 12.2133
1543 3.43808
1544 10.3843
1545 7.28535
1546 9.01484
1547 7.58648
1548 12.6468
1549 7.75899
1550 11.0617
1551 12.2007
1552 11.124
1553 17.5042
1554 10.668
1555 11.3722
1556 14.4363
1557 20.0855
1558 21.8405
1559 14.9165
1560 11.0076
1561 11.1773
1562 12.401
1563 9.04191
1564 12.9008
1565 11.9962
1566 11.9291
1567 12.2925
1568 10.6359
1569 12.2197
1570 16.0746
1571 16.8809
1572 17.7435
1573 17.1983
1574 18.174
1575 17.194
1576 30.7038
1577 66.4204
1578 207.447
1579 645.493
1580 1489.18
1581 2666.79
1582 3545.07
1583 3423.27
1584 2558.54
1585 1389.52
1586 594.134
1587 197.271
1588 50.9043
1589 12.4351
1590 3.4255
1591 4.90317
1592 2.27576
1593 2.97249
1594 2.29782
1595 2.6724
1596 0.615057
1597 2.92313
1598 3.10899
1599 1.89932
1600 3.45396
1601 2.715
1602 4.34496
1603 2.29454
1604 3.34052
1605 4.38261
1606 1.3659
1607 0.852612
1608 2.55785
1609 1.42189
1610 2.11145
1611 1.84887
1612 1.64545
1613 3.9057
1614 5.33249
1615 3.14793
1616 1.14579
1617 3.47129
1618 5.27034
1619 4.28791
1620 2.48812
1621 3.66308
1622 5.06811
1623 2.47684
1624 2.11475
1625 0.360584
1626 1.22081
1627 6.06878
1628 5.04191
1629 3.66662
1630 3.27883
1631 4.745
1632 1.60323
1633 1.88923
1634 3.12597
1635 3.84541
1636 3.09443
1637 2.7723
1638 1.4139
1639 3.28402
1640 1.55692
1641 1.768
1642 0.624659
1643 1.57495
1644 1.78945
1645 4.31335
1646 3.4744
1647 2.45874
1648 3.89648
1649 2.10173
1650 2.39044
1651 1.49895
1652 4.15547
1653 4.13404
1654 5.43233
1655 4.40688
1656 2.8478
1657 1.87641
1658 3.20715
1659 4.19694
1660 3.35198
1661 1.66134
1662 1.69401
1663 3.42775
1664 2.69135
1665 0.977499
1666 2.48761
1667 0.952953
1668 1.53845
1669 2.43201
1670 3.67176
1671 3.40274
1672 0.955037
1673 1.28778
1674 3.50099
1675 4.12188
1676 1.80164
1677 0.782834
1678 1.28111
1679 2.95519
1680 3.39856
1681 3.3839
1682 3.43386
1683 2.22385
1684 2.26322
1685 5.82578
1686 5.89559
1687 4.91216
1688 4.63771
1689 3.3759
1690 2.82956
1691 2.50734
1692 1.80258
1693 3.86132
1694 5.62619
1695 3.38142
1696 3.38468
1697 2.91471
1698 1.59804
1699 1.61784
1700 3.49299
1701 4.55894
1702 4.17596
1703 5.10023
1704 4.55749
1705 3.83481
1706 3.54048
1707 1.75343
1708 0.999371
1709 1.4956
1710 3.48109
1711 1.87099
1712 1.81437
1713 3.45225
1714 4.19534
1715 4.55178
1716 3.41725
1717 3.50753
1718 3.60195
1719 3.94186
1720 2.28366
1721 3.80393
1722 4.20313
1723 4.29161
1724 6.92503
1725 5.10329
1726 1.43998
1727 2.54467
1728 3.72114
1729 4.49393
1730 5.26128
1731 5.16272
1732 2.38443
1733 1.40803
1734 3.27468
1735 4.0515
1736 1.69763
1737 3.07256
1738 6.28731
1739 4.91907
1740 4.69421
1741 5.79896
1742 4.23914
1743 2.96527
1744 2.61772
1745 3.14687
1746 1.85174
1747 2.21375
1748 3.17826
1749 4.00549
1750 5.20882
1751 2.8182
1752 4.92347
1753 4.56714
1754 2.61419
1755 1.77459
1756 3.36589
1757 3.89386
1758 5.48838
1759 3.88836
1760 2.74012
1761 2.21637
1762 2.06645
1763 1.97147
1764 0.974878
1765 2.02855
1766 1.46891
1767 0.941068
1768 2.10964
1769 3.05316
1770 3.06689
1771 1.80422
1772 1.02501
1773 1.30017
1774 3.27689
1775 2.05624
1776 2.44597
1777 2.25606
1778 4.0783
1779 2.58637
1780 1.85639
1781 3.98167
1782 2.16194
1783 1.22309
1784 3.53172
1785 1.55974
1786 1.12555
1787 2.31228
1788 3.86934
1789 4.53055
1790 4.87275
1791 2.86066
1792 1.11433
1793 0.879055
1794 1.40518
1795 0.982201
1796 1.78568
1797 3.13964
1798 2.326
1799 1.46675
1800 3.01494
1801 2.73185
1802 2.66934
1803 2.05519
1804 1.63937
1805 2.31239
1806 1.48788
1807 2.71311
1808 2.91203
1809 0.86708
1810 2.49376
1811 4.74392
1812 4.27299
1813 1.89048
1814 1.47148
1815 1.50432
1816 2.2553
1817 3.0282
1818 3.58347
1819 1.36842
1820 0
1821 0.197916
1822 1.03257
1823 2.55715
1824 3.57165
1825 4.24179
1826 4.33739
1827 3.25613
1828 2.26741
1829 2.73252
1830 3.40923
1831 4.74035
1832 5.91208
1833 5.43185
1834 4.43399
1835 2.5683
1836 1.67817
1837 3.43798
1838 3.87925
1839 1.31428
1840 1.64675
1841 5.11705
1842 3.17256
1843 4.13429
1844 2.25931
1845 2.06857
1846 3.81628
1847 3.1605
1848 2.44298
1849 3.07844
1850 3.74862
1851 4.35463
1852 1.77698
1853 4.92594
1854 4.82642
1855 2.82613
1856 3.36112
1857 3.0057
1858 1.27771
1859 0
1860 0.722277
1861 1.95242
1862 1.73635
1863 2.54241
1864 2.87709
1865 2.76885
1866 3.70187
1867 4.223
1868 3.13912
1869 3.14037
1870 4.97302
1871 2.35023
1872 1.73133
1873 3.05686
1874 3.4994
1875 1.94935
1876 1.88041
1877 0.755655
1878 0.171122
1879 2.24641
1880 4.95979
1881 3.949
1882 2.37515
1883 2.72309
1884 2.57544
1885 0.427901
1886 1.92205
1887 2.17979
1888 1.91998
1889 1.64119
1890 1.67922
1891 3.708
1892 2.19948
1893 1.53475
1894 2.3503
1895 2.57543
1896 4.86189
1897 0
1898 0.0333872
1899 2.22527
1900 0.74134
1901 0.873843
1902 5.36601
1903 4.88835
1904 4.98867
1905 3.95922
1906 1.23753
1907 1.03706
1908 3.25495
1909 5.14863
1910 3.49435
1911 2.56855
1912 4.10689
1913 3.4197
1914 2.02314
1915 1.63311
1916 0.798448
1917 3.43547
1918 3.94879
1919 8.16765
1920 3.18078
1921 1.74257
1922 2.96948
1923 2.35
1924 3.27484
1925 3.59498
1926 3.53569
1927 0.616962
1928 2.61688
1929 0.957767
1930 0.809669
1931 2.5577
1932 4.2813
1933 3.45659
1934 4.01126
1935 2.06747
1936 2.23561
1937 3.67989
1938 2.88598
1939 1.8242
1940 1.08691
1941 1.04405
1942 1.91534
1943 1.8856
1944 0.538191
1945 5.52792
1946 1.63135
1947 4.76368
1948 2.77117
1949 1.33007
1950 5.2657
1951 4.31889
1952 3.48939
1953 3.38915
1954 0.0994835
1955 1.28309
1956 2.96891
1957 1.8655
1958 2.04241
1959 3.8212
1960 2.11988
1961 1.86533
1962 3.22571
1963 3.74382
1964 1.21071
1965 3.71645
1966 3.01711
1967 1.17232
1968 2.11315
1969 2.69072
1970 1.25157
1971 2.84127
1972 2.02268
1973 3.8485
1974 2.60829
1975 5.54712
1976 3.92433
1977 4.07047
1978 2.99027
1979 1.19513
1980 2.09242
1981 1.72387
1982 0.970874
1983 0.167453
1984 2.05279
1985 2.77976
1986 0.132514
1987 0.867486
1988 1.23061
1989 1.97358
1990 2.78009
1991 1.01571
1992 1.24482
1993 5.88017
1994 2.05799
1995 2.82577
1996 1.99838
1997 1.36178
1998 4.67379
1999 2.76491
2000 1.46242
2001 3.54137
2002 2.37424
2003 2.15375
2004 2.73077
2005 2.59462
2006 2.38183
2007 0.966768
2008 2.70566
2009 4.19655
2010 2.82509
2011 1.08239
2012 1.17211
2013 2.84314
2014 2.96476
2015 3.34561
2016 2.90343
2017 3.62323
2018 4.17561
2019 1.26838
2020 1.88064
2021 4.61505
2022 3.19879
2023 0.367938
2024 3.65217
2025 2.80096
2026 1.14953
2027 2.06772
2028 2.3389
2029 5.17407
2030 3.42576
2031 4.02953
2032 2.1796
2033 0.859951
2034 2.9093
2035 2.19359
2036 1.76529
2037 1.37173
2038 2.87407
2039 0.0260652
2040 1.01637
2041 3.73266
2042 4.60064
2043 5.9856
2044 0.785273
2045 2.71393
2046 3.63932
2047 3.21618
2048 0.336827
2049 3.45225
2050 3.72745
2051 2.52466
2052 1.31322
2053 4.39634
2054 0.638407
2055 2.70209
2056 4.27524
2057 1.71296
2058 1.84283
2059 4.64781
2060 3.46177
2061 4.13867
2062 1.91127
2063 2.14433
2064 5.40287
2065 4.34682
2066 3.91119
2067 5.61018
2068 2.51583
2069 3.73402
2070 1.54574
2071 4.13641
2072 2.501
2073 1.10997
2074 1.64167
2075 3.07693
2076 1.24221
2077 2.09216
2078 2.56773
2079 1.54098
2080 1.6781
2081 1.11558
2082 2.84699
2083 0.467524
2084 2.88543
2085 1.91649
2086 1.13329
2087 4.68502
2088 3.90562
2089 1.36792
2090 0.971701
2091 0.134529
2092 0.675048
2093 1.13499
2094 1.64071
2095 2.16683
2096 2.93661
2097 5.26595
2098 4.36139
2099 0.818469
2100 0.886638
2101 0.925432
2102 1.73233
2103 1.32186
2104 4.24873
2105 2.29035
2106 0.594655
2107 4.82707
2108 3.2067
2109 3.73051
2110 7.31265
2111 4.75601
2112 3.68225
2113 2.63328
2114 1.66016
2115 1.10181
2116 2.32913
2117 3.55104
2118 3.22125
2119 3.32062
2120 3.07885
2121 1.58866
2122 2.10236
2123 3.41628
2124 1.72681
2125 2.37848
2126 0.376066
2127 2.57358
2128 2.543
2129 4.18567
2130 1.5528
2131 2.94698
2132 2.6788
2133 1.13332
2134 1.90435
2135 1.77404
2136 4.00112
2137 4.68096
2138 2.54806
2139 2.42679
2140 2.4804
2141 1.11948
2142 1.60625
2143 2.21187
2144 0.632531
2145 1.41771
2146 2.75291
2147 2.0465
2148 2.29878
2149 1.93086
2150 2.75927
2151 3.288
2152 1.90243
2153 4.47862
2154 3.41116
2155 2.83937
2156 3.16024
2157 3.85473
2158 2.41299
2159 2.76349
2160 1.51138
2161 2.37359
2162 1.46684
2163 1.10414
2164 3.11431
2165 2.74658
2166 3.17225
2167 5.42468
2168 3.1144
2169 2.67091
2170 1.45281
2171 1.06444
2172 0.466601
2173 0
2174 1.63526
2175 1.0998
2176 1.62774
2177 3.09613
2178 4.99568
2179 3.80794
2180 5.62541
2181 6.96604
2182 5.83264
2183 5.57163
2184 4.43366
2185 3.32674
2186 1.76032
2187 1.80431
2188 3.33071
2189 3.19729
2190 2.83805
2191 2.46303
2192 0.587619
2193 1.03928
2194 3.0675
2195 2.58671
2196 2.06627
2197 2.26352
2198 3.74411
2199 3.57369
2200 2.27056
2201 3.07954
2202 2.0061
2203 0.905005
2204 2.69702
2205 1.70068
2206 2.06176
2207 1.93824
2208 0
2209 0
2210 0.735294
2211 3.66876
2212 4.42172
2213 1.84089
2214 0.333342
2215 0.416469
2216 2.66351
2217 2.48188
2218 0.877544
2219 2.07842
2220 3.84594
2221 2.96897
2222 3.4993
2223 2.46098
2224 1.12094
2225 0.990381
2226 2.07763
2227 1.90494
2228 1.25039
2229 1.98698
2230 1.768
2231 1.96745
2232 1.3525
2233 0.85659
2234 3.96988
2235 4.42725
2236 2.11123
2237 3.5024
2238 3.80374
2239 1.98138
2240 0.635313
2241 2.16815
2242 3.44079
2243 2.86937
2244 2.87603
2245 0.645662
2246 1.60591
2247 1.68337
2248 1.94194
2249 0.768782
2250 2.6181
2251 2.25243
2252 3.6159
2253 3.61989
2254 1.18595
2255 2.57304
2256 3.8276
2257 2.37099
2258 1.93739
2259 1.4952
2260 0.865509
2261 2.63489
2262 3.20388
2263 2.4205
2264 3.74096
2265 2.21722
2266 2.67668
2267 2.60395
2268 1.4493
2269 2.89109
2270 4.3096
2271 4.52231
2272 2.67669
2273 5.06867
2274 5.94526
2275 4.84733
2276 4.62767
2277 2.62146
2278 2.41134
2279 1.96304
2280 2.61306
2281 3.093
2282 2.91739
2283 2.95244
2284 2.7191
2285 1.58814
2286 2.42874
2287 2.70171
2288 2.23911
2289 1.55501
2290 1.58434
2291 0.966737
2292 1.21861
2293 3.41176
2294 3.42265
2295 1.06973
2296 2.13395
2297 1.19068
2298 1.16892
2299 3.04014
2300 2.2482
2301 0.766782
2302 0.775963
2303 1.04237
2304 2.05081
2305 1.84748
2306 2.99303
2307 3.31272
2308 3.19599
2309 1.99502
2310 0.937997
2311 2.47157
2312 3.34729
2313 3.57707
2314 4.56469
2315 2.1315
2316 1.37496
2317 3.72667
2318 3.15798
2319 2.95801
2320 3.42842
2321 4.53109
2322 3.77987
2323 2.29353
2324 1.28192
2325 1.07934
2326 2.94301
2327 2.32564
2328 3.17756
2329 4.34191
2330 5.2649
2331 2.29945
2332 1.50219
2333 4.0735
2334 5.74479
2335 3.41958
2336 1.16952
2337 1.98993
2338 1.21875
2339 1.44992
2340 0.934932
2341 4.70729
2342 3.48249
2343 1.77191
2344 2.10338
2345 0.708182
2346 2.03299
2347 4.16329
2348 1.98904
2349 3.21121
2350 2.22575
2351 0.698756
2352 1.62486
2353 1.77323
2354 1.32555
2355 1.74476
2356 0.581676
2357 1.68528
2358 1.23544
2359 1.23504
2360 3.53286
2361 2.2321
2362 0.251755
2363 1.36473
2364 2.56587
2365 3.26121
2366 2.04819
2367 2.14613
2368 2.30931
2369 2.05281
2370 0.440622
2371 0.559378
2372 0
2373 0.120772
2374 1.78969
2375 4.57651
2376 4.09
2377 3.76403
2378 4.14496
2379 2.04065
2380 2.47339
2381 0.357176
2382 3.52639
2383 2.44218
2384 1.77776
2385 1.55252
2386 2.62009
2387 2.72388
2388 0
2389 0.661556
2390 2.76136
2391 1.57709
2392 0.75352
2393 1.30544
2394 1.14833
2395 0.792708
2396 1.31556
2397 2.02486
2398 1.73745
2399 0.930628
2400 2.15787
2401 6.32755
2402 3.12213
2403 2.24212
2404 4.20838
2405 1.22087
2406 1.43202
2407 2.50859
2408 1.71134
2409 2.29724
2410 1.32319
2411 3.1078
2412 2.43818
2413 4.17481
2414 2.45538
2415 2.61964
2416 2.64554
2417 2.05574
2418 3.90869
2419 5.24525
2420 3.70078
2421 0.273595
2422 1.66471
2423 3.58934
2424 2.7016
2425 0.859147
2426 1.59513
2427 2.46142
2428 4.56271
2429 3.13808
2430 2.60964
2431 1.93642
2432 0.696613
2433 0
2434 2.46371
2435 3.08091
2436 6.05134
2437 3.63928
2438 3.44646
2439 3.94672
2440 3.93478
2441 3.80484
2442 1.9183
2443 1.87035
2444 1.11329
2445 1.84233
2446 2.65133
2447 5.12707
2448 0.36693
2449 1.73214
2450 1.37121
2451 4.97681
2452 3.05791
2453 2.05578
2454 1.54852
2455 1.16431
2456 0.835694
2457 0.337428
2458 1.66257
2459 0.290267
2460 4.4248
2461 1.53311
2462 0.960079
2463 1.80499
2464 2.77124
2465 1.0463
2466 4.9997
2467 1.13066
2468 2.13812
2469 6.08296
2470 4.62775
2471 1.08865
2472 1.92053
2473 1.26883
2474 2.73715
2475 3.17498
2476 3.08471
2477 2.07973
2478 2.0643
2479 2.63138
2480 4.07579
2481 4.88432
2482 3.1403
2483 2.09666
2484 2.0334
2485 3.90364
2486 5.66318
2487 2.2157
2488 1.19663
2489 2.32304
2490 3.59604
2491 3.58779
2492 3.41575
2493 4.68624
2494 3.09866
2495 2.32513
2496 2.90545
2497 3.68893
2498 0.334866
2499 3.47532
2500 2.3266
2501 1.19998
2502 1.88236
2503 3.06601
2504 0.742123
2505 1.38377
2506 3.81358
2507 3.98612
2508 2.29631
2509 5.4847
2510 2.61627
2511 2.69508
2512 0.114378
2513 3.49031
2514 0.411076
2515 2.79463
2516 2.19029
2517 4.48369
2518 2.33797
2519 2.17767
2520 0.017271
2521 2.54081
2522 3.95982
2523 2.92285
2524 1.55925
2525 2.91834
2526 1.22151
2527 3.02986
2528 2.60757
2529 1.27743
2530 3.47757
2531 1.41165
2532 0.989238
2533 2.25467
2534 2.78338
2535 3.01067
2536 2.02479
2537 1.93191
2538 2.7847
2539 1.20559
2540 3.2114
2541 1.81073
2542 1.14868
2543 1.75331
2544 3.82524
2545 2.4765
2546 3.85051
2547 4.32851
2548 5.7244
2549 1.02795
2550 2.78006
2551 3.55805
2552 2.19902
2553 2.76004
2554 1.6252
2555 2.80776
2556 4.1571
2557 3.45164
2558 3.24618
2559 4.22616
2560 4.10268
2561 2.2661
2562 1.49221
2563 2.91806
2564 1.36195
2565 2.02008
2566 1.94159
2567 0.0319698
2568 1.03492
2569 2.56876
2570 1.92881
2571 1.82657
2572 3.02577
2573 2.405
2574 3.68625
2575 3.59535
2576 5.3132
2577 2.21719
2578 2.64353
2579 3.91162
2580 1.79331
2581 1.92505
2582 2.59881
2583 2.15917
2584 2.99097
2585 0.343737
2586 0.653477
2587 1.25173
2588 2.00457
2589 2.17745
2590 3.54587
2591 1.80038
2592 2.0706
2593 4.42943
2594 1.9983
2595 0.601248
2596 2.35728
2597 1.78112
2598 4.43281
2599 2.48263
2600 3.57317
2601 1.83748
2602 1.63193
2603 2.21498
2604 1.1457
2605 3.03173
2606 4.296
2607 2.71609
2608 2.76236
2609 1.89369
2610 2.35649
2611 0.953466
2612 0.906508
2613 4.03706
2614 2.46236
2615 2.25118
2616 3.19376
2617 3.33217
2618 2.21224
2619 3.91973
2620 3.07654
2621 3.36683
2622 3.49006
2623 2.68764
2624 2.9128
2625 2.36597
2626 1.7148
2627 3.74396
2628 2.33376
2629 3.90774
2630 2.24109
2631 3.44502
2632 4.32545
2633 2.91032
2634 1.92691
2635 3.30366
2636 3.87303
2637 1.94785
2638 2.54158
2639 2.50621
2640 2.0901
2641 2.96072
2642 1.59352
2643 3.26151
2644 3.9636
2645 1.19429
2646 2.10401
2647 3.9328
2648 2.93704
2649 3.19322
2650 0.832932
2651 2.77762
2652 2.13844
2653 2.65286
2654 1.23987
2655 0.924366
2656 1.22317
2657 3.48635
2658 3.53327
2659 1.02407
2660 1.4222
2661 2.29008
2662 2.60203
2663 4.47781
2664 2.75391
2665 1.89471
2666 4.61481
2667 3.08865
2668 2.37832
2669 3.02172
2670 3.73545
2671 2.77818
2672 0.942122
2673 2.50299
2674 5.46254
2675 3.97387
2676 3.78151
2677 2.48406
2678 0.795042
2679 3.6442
2680 3.64203
2681 5.86621
2682 3.67273
2683 3.52198
2684 4.61482
2685 2.97417
2686 2.36166
2687 1.70219
2688 1.5483
2689 0.451703
2690 1.41751
2691 2.93613
2692 2.85284
2693 2.83861
2694 1.60198
2695 0.95813
2696 2.65844
2697 3.35275
2698 1.7656
2699 1.61802
2700 3.32932
2701 2.08169
2702 1.92632
2703 2.0935
2704 4.49506
2705 2.83191
2706 4.49547
2707 3.5549
2708 3.70615
2709 1.85556
2710 1.61391
2711 2.79008
2712 2.18485
2713 2.05185
2714 2.41133
2715 2.94557
2716 2.67567
2717 1.71076
2718 2.43399
2719 2.13418
2720 1.84298
2721 2.56451
2722 1.55519
2723 2.45518
2724 1.26007
2725 2.22987
2726 3.11295
2727 1.39697
2728 2.0556
2729 3.84287
2730 2.73498
2731 1.17155
2732 3.45378
2733 4.02622
2734 1.96715
2735 2.974
2736 4.30762
2737 2.98983
2738 4.89801
2739 4.62422
2740 2.76173
2741 1.0009
2742 2.64732
2743 3.31782
2744 2.62958
2745 1.89276
2746 3.84916
2747 3.19131
2748 1.91792
2749 1.82448
2750 4.67257
2751 3.37209
2752 4.1161
2753 3.02066
2754 1.87917
2755 1.9857
2756 2.52948
2757 3.5221
2758 2.19524
2759 1.48951
2760 1.24563
2761 2.40722
2762 1.57091
2763 1.54231
2764 0.920984
2765 1.51498
2766 1.90858
2767 3.83207
2768 3.45614
2769 1.70816
2770 2.65532
2771 2.87077
2772 4.7692
2773 5.44916
2774 3.93128
2775 3.22787
2776 3.1216
2777 2.68629
2778 2.44374
2779 2.59233
2780 2.0119
2781 1.70163
2782 3.04509
2783 2.05311
2784 2.46738
2785 2.2268
2786 2.82371
2787 1.69796
2788 1.61151
2789 3.39649
2790 4.30015
2791 2.93865
2792 1.98429
2793 2.09927
2794 1.80997
2795 0.814156
2796 1.78454
2797 3.75703
2798 4.51745
2799 5.09134
2800 4.08627
2801 2.94133
2802 3.82326
2803 3.05534
2804 2.43368
2805 2.54716
2806 3.9379
2807 4.0852
2808 2.18978
2809 1.31196
2810 0.891785
2811 3.91813
2812 4.31574
2813 4.32696
2814 2.70113
2815 2.29042
2816 3.15611
2817 2.36853
2818 2.42928
2819 1.95893
2820 1.29966
2821 1.87103
2822 3.65463
2823 3.48105
2824 3.60375
2825 3.74428
2826 3.49557
2827 3.21138
2828 2.34539
2829 4.81502
2830 2.80853
2831 3.76318
2832 3.81689
2833 3.05636
2834 3.60645
2835 5.18271
2836 5.53998
2837 3.71863
2838 2.99204
2839 3.70738
2840 4.20242
2841 1.72667
2842 2.80701
2843 3.5703
2844 3.34824
2845 3.51683
2846 3.78109
2847 2.23928
2848 3.2806
2849 2.23011
2850 3.91987
2851 5.60548
2852 4.05117
2853 4.71474
2854 3.48027
2855 4.11451
2856 3.15094
2857 4.28232
2858 2.68503
2859 6.49553
2860 2.40879
2861 2.45954
2862 4.51236
2863 2.39162
2864 3.19638
2865 3.75799
2866 0.890238
2867 2.76101
2868 3.83208
2869 1.9429
2870 1.61737
2871 1.45367
2872 1.9958
2873 3.43136
2874 2.92134
2875 2.85195
2876 4.12447
2877 1.65123
2878 1.03209
2879 3.16803
2880 4.34115
2881 4.75016
2882 6.85926
2883 8.24413
2884 5.01001
2885 5.17927
2886 5.2285
2887 5.1351
2888 5.05601
2889 4.05551
2890 3.13989
2891 4.84033
2892 4.92586
2893 1.99544
2894 4.00529
2895 6.04443
2896 4.72237
2897 1.12495
2898 3.51622
2899 5.93622
2900 3.77929
2901 2.46158
2902 2.30467
2903 3.26397
2904 3.96245
2905 1.68171
2906 2.15515
2907 6.30092
2908 5.22389
2909 3.31634
2910 5.87082
2911 3.1222
2912 5.66862
2913 0.837176
2914 5.3612
2915 5.26078
2916 5.91255
2917 2.39758
2918 2.74174
2919 3.98538
2920 7.33646
2921 4.5192
2922 4.51339
2923 8.52109
2924 5.25324
2925 6.15799
2926 3.22395
2927 5.89576
2928 6.4805
2929 4.85305
2930 4.14138
2931 1.07347
2932 3.02574
2933 2.72731
2934 3.2947
2935 4.40226
2936 5.55595
2937 3.75924
2938 2.13534
2939 2.16477
2940 2.75344
2941 2.68381
2942 3.19152
2943 4.09075
2944 5.17069
2945 7.67902
2946 1.37177
2947 2.88885
2948 3.60927
2949 2.88181
2950 2.06947
2951 4.18319
2952 1.94864
2953 1.34877
2954 5.15482
2955 4.77941
2956 3.90316
2957 4.39041
2958 7.18464
2959 7.07736
2960 4.8129
2961 4.28985
2962 3.8019
2963 6.63682
2964 3.12447
2965 2.85527
2966 3.62155
2967 7.63417
2968 3.43585
2969 1.1901
2970 5.90084
2971 6.29709
2972 3.61197
2973 1.1638
2974 4.93017
2975 3.30684
2976 2.81625
2977 1.01393
2978 0.769009
2979 0.0790326
2980 2.48856
2981 3.97855
2982 3.47947
2983 2.03343
2984 1.99749
2985 2.31951
2986 2.50708
2987 2.11638
2988 0.0559587
2989 1.94454
2990 1.04787
2991 3.06498
2992 1.86964
2993 2.35919
2994 2.29646
2995 2.36187
2996 0.331413
2997 4.46722
2998 0.273691
2999 1.8971
3000 3.40726
3001 3.58929
3002 1.03403
3003 2.10149
3004 4.10082
3005 1.79769
3006 1.57888
3007 2.10841
3008 3.83968
3009 2.41928
3010 1.05376
3011 0.153788
3012 0.846212
3013 1.1423
3014 2.88697
3015 2.9616
3016 0.806711
3017 2.84495
3018 5.81184
3019 1.24048
3020 1.08433
3021 2.09857
3022 1.96161
3023 2.017
3024 1.14366
3025 0.874634
3026 1.27538
3027 1.05208
3028 0.897087
3029 1.71402
3030 2.19566
3031 2.88715
3032 2.64514
3033 4.65958
3034 1.75622
3035 0.722234
3036 1.46466
3037 1.81636
3038 0.127212
3039 1.86402
3040 0.212582
3041 0.954619
3042 2.15715
3043 1.8033
3044 2.05885
3045 0.862069
3046 0.958398
3047 0.0416021
3048 0.836738
3049 2.00958
3050 4.51998
3051 4.30625
3052 5.92448
3053 1.76389
3054 2.31597
3055 1.33758
3056 2.61529
3057 3.22334
3058 1.14691
3059 0.794999
3060 0.205001
3061 0.0727575
3062 2.86724
3063 3.77701
3064 1.283
3065 1.89336
3066 1.52223
3067 2.50794
3068 3.7212
3069 4.10872
3070 0.953413
3071 1.89414
3072 0.398991
3073 0.639675
3074 3.0589
3075 2.27332
3076 2.86884
3077 2.02061
3078 2.58118
3079 2.75562
3080 2.56745
3081 0.285728
3082 1.92421
3083 1.99658
3084 4.3958
3085 1.09023
3086 0.641237
3087 2.52416
3088 2.00306
3089 1.25551
3090 1.11791
3091 0
3092 1.13619
3093 0.901403
3094 2.41513
3095 0.977287
3096 1.10034
3097 1.35044
3098 1.95732
3099 3.12975
3100 1.30636
3101 2.79398
3102 1.7802
3103 2.08704
3104 0.583737
3105 2.60321
3106 2.41226
3107 2.067
3108 1.23118
3109 1.91974
3110 3.13461
3111 1.7637
3112 2.11825
3113 1.55772
3114 0.673146
3115 0
3116 0
3117 0
3118 0
3119 3.30206
3120 2.47366
3121 0.224283
3122 1.2867
3123 1.62211
3124 1.52443
3125 2.55485
3126 1.01191
3127 0
3128 1.23947
3129 2.90434
3130 1.42079
3131 0.980437
3132 2.51461
3133 2.04369
3134 0.896662
3135 0.452618
3136 0.547382
3137 1.66877
3138 2.67941
3139 2.0964
3140 2.07585
3141 0.479567
3142 0
3143 1.66913
3144 0.330872
3145 0.907652
3146 2.87703
3147 1.69774
3148 1.28142
3149 0.236151
3150 0.82323
3151 0.906353
3152 0.270417
3153 0
3154 1.29209
3155 2.24256
3156 0.465346
3157 3.8113
3158 1.1887
3159 3.45279
3160 2.76724
3161 2.35049
3162 2.58932
3163 1.84016
3164 0
3165 2.1598
3166 0.8402
3167 1.94195
3168 1.79183
3169 1.67831
3170 3.0725
3171 3.33862
3172 3.80742
3173 2.18697
3174 0.584887
3175 2.11097
3176 0.48655
3177 0.710437
3178 0.289563
3179 0
3180 1.38698
3181 0.613016
3182 0.628484
3183 0.97734
3184 2.89628
3185 0.497893
3186 2.67337
3187 1.32663
3188 0.679994
3189 1.11042
3190 1.08273
3191 0.126862
3192 0
3193 0.39941
3194 0.60059
3195 0
3196 0
3197 1.46142
3198 1.53858
3199 1.52725
3200 1.96706
3201 1.1826
3202 1.20045
3203 0.922157
3204 1.04675
3205 1.9671
3206 1.89852
3207 1.64185
3208 1.64626
3209 0
3210 0.907783
3211 2.40928
3212 0.682937
3213 0.74388
3214 0.954084
3215 1.07707
3216 1.05908
3217 0.560597
3218 2.01637
3219 0.902114
3220 1.39575
3221 0.607221
3222 1.42993
3223 0.253896
3224 0
3225 0
3226 0
3227 0.341816
3228 1.97291
3229 2.53682
3230 2.56549
3231 0.893441
3232 0.68952
3233 0
3234 0.567659
3235 1.15354
3236 1.39048
3237 3.2326
3238 1.65572
3239 0.263188
3240 0.736812
3241 0.877791
3242 1.72011
3243 1.1349
3244 0.267201
3245 0
3246 0.588526
3247 0.411474
3248 2.54922
3249 2.98031
3250 0.470473
3251 0.979727
3252 1.02027
3253 0.280055
3254 1.29415
3255 0.962841
3256 1.62774
3257 3.37813
3258 1.45708
3259 0
3260 0.248437
3261 1.9587
3262 0.79286
3263 0.623861
3264 0.738702
3265 0.637437
3266 1.14348
3267 2.52869
3268 0.327827
3269 0
3270 0.111291
3271 1.25375
3272 1.92602
3273 0.708945
3274 0
3275 0
3276 0.6794
3277 1.51929
3278 1.13179
3279 0.669518
3280 0.193765
3281 0.806235
3282 0.109171
3283 1.51892
3284 1.04102
3285 0.330885
3286 0
3287 0.449113
3288 0.877214
3289 0.885476
3290 1.32964
3291 0.458562
3292 0
3293 1.64027
3294 2.35973
3295 0.588072
3296 0.411928
3297 1.1385
3298 0.861497
3299 0.217184
3300 0.782816
3301 0.166583
3302 1.01588
3303 1.39457
3304 1.00461
3305 0.418365
3306 0.453343
3307 0.546657
3308 0.578817
3309 1.29578
3310 1.58321
3311 0.691916
3312 1.0121
3313 0.838183
3314 0.576615
3315 0.458174
3316 1.11877
3317 1.4272
3318 0.570201
3319 0.944554
3320 1.34687
3321 0.927977
3322 0.629639
3323 0.563724
3324 1.94825
3325 2.93679
3326 0.911215
3327 0.640021
3328 0
3329 0.564331
3330 0.796417
3331 0.639251
3332 0
3333 0.398914
3334 0.956543
3335 1.65956
3336 3.39652
3337 1.35348
3338 1.71018
3339 0.524802
3340 0
3341 0
3342 0
3343 0
3344 0
3345 0.780994
3346 1.21901
3347 0
3348 0
3349 0
3350 0
3351 0
3352 0
3353 0
3354 0.968411
3355 1.03159
3356 0
3357 0
3358 0
3359 0.689721
3360 1.64515
3361 0.7075
3362 1.24681
3363 1.91775
3364 1.0776
3365 1.15221
3366 2.10429
3367 1.45897
3368 0.057843
3369 0.942157
3370 0
3371 0.059224
3372 1.32228
3373 0.618498
3374 0.0465727
3375 0.953427
3376 0.240087
3377 0.759913
3378 1.11735
3379 1.88631
3380 1.30318
3381 0.693172
3382 0
3383 0
3384 0
3385 0
3386 0.485964
3387 0.514036
3388 0
3389 1.52883
3390 1.95783
3391 0.730264
3392 1.05872
3393 0.961632
3394 1.17463
3395 0.588093
3396 0
3397 0.204925
3398 0.795075
3399 0.797963
3400 2.29103
3401 1.4601
3402 1.45091
3403 0.463178
3404 0.536822
3405 0
3406 0
3407 0
3408 0
3409 0
3410 0.963304
3411 0.036696
3412 1.2737
3413 1.90397
3414 0.822331
3415 0.444579
3416 0.555421
3417 0
3418 0.945598
3419 0.0544016
3420 0.298952
3421 1.05995
3422 0.6411
3423 0.230344
3424 1.1292
3425 0.640454
3426 1.30376
3427 0.696241
3428 0
3429 0
3430 0
3431 0.155224
3432 0.844776
3433 0
3434 0
3435 0
3436 0.767907
3437 0.232093
3438 0
3439 0
3440 0
3441 0.84176
3442 0.15824
3443 0
3444 0.870603
3445 0.362797
3446 1.36918
3447 1.39742
3448 1.44546
3449 1.82861
3450 0.725932
3451 0.887463
3452 0.112537
3453 0
3454 1.13885
3455 0.861146
3456 0.168749
3457 0.831251
3458 0
3459 0
3460 1.14211
3461 0.857892
3462 0.136225
3463 2.58765
3464 0.27613
3465 0
3466 0.143012
3467 0.856988
3468 0.606337
3469 0.393663
3470 0
3471 0.285073
3472 0.928507
3473 0.960427
3474 0.825993
3475 0.844253
3476 0.155747
3477 0.892935
3478 1.3573
3479 1.20619
3480 2.36901
3481 0.742078
3482 1.4325
3483 0.775017
3484 0.224983
3485 1.93512
3486 1.32133
3487 0.743552
3488 0.0744315
3489 0.925568
3490 1.01969
3491 2.27902
3492 1.83261
3493 2.87623
3494 12.7812
3495 18.6188
3496 34.5338
3497 53.9526
3498 78.7034
3499 130.524
3500 117.903
3501 119.03
3502 99.7612
3503 57.2716
3504 46.2991
3505 24.3507
3506 10.5191
3507 8.10211
3508 1.69836
3509 2.13309
3510 1.09528
3511 0.715239
3512 0
3513 0
3514 0
3515 0
3516 0
3517 0
3518 0
3519 0
3520 0.697898
3521 0.302102
3522 0
3523 0
3524 0
3525 0
3526 0
3527 0
3528 0
3529 0
3530 0
3531 0
3532 0
3533 0
3534 0
3535 0
3536 0.618782
3537 0.381218
3538 0
3539 0
3540 0
3541 0.713347
3542 0.286653
3543 0
3544 0.146407
3545 0.853593
3546 0
3547 0
3548 0.112394
3549 0.887606
3550 0
3551 0
3552 0
3553 0
3554 0
3555 0
3556 0
3557 0.608279
3558 0.528709
3559 0.863012
3560 0
3561 0
3562 0
3563 0
3564 0
3565 0
3566 0.0164014
3567 0.983599
3568 0.550552
3569 0.449448
3570 0
3571 0
3572 0
3573 0
3574 0
3575 0
3576 0
3577 0
3578 0.0552153
3579 0.944785
3580 0
3581 0
3582 0
3583 0
3584 0
3585 0
3586 0
3587 0
3588 0
3589 0
3590 0.908265
3591 0.0917348
3592 0
3593 0
3594 0
3595 0
3596 0
3597 0
3598 0
3599 0.523151
3600 0.476849
3601 0
3602 0.663733
3603 0.336267
3604 0
3605 0
3606 0
3607 0
3608 0
3609 0
3610 0
3611 0
3612 0
3613 0
3614 0
3615 0
3616 0
3617 0
3618 0
3619 0.755396
3620 0.244604
3621 0
3622 0.796272
3623 0.750479
3624 1.25205
3625 0.201197
3626 0
3627 0
3628 1.38941
3629 0.610585
3630 0
3631 1.92437
3632 0.0756319
3633 0
3634 0.938405
3635 0.0615952
3636 0
3637 0
3638 0
3639 0
3640 0
3641 0.796224
3642 0.203776
3643 0
3644 0
3645 0
3646 0
3647 0.978414
3648 0.0215862
3649 0
3650 0.849638
3651 0.150362
3652 0
3653 0
3654 0
3655 0
3656 0
3657 0
3658 0
3659 0.942197
3660 0.0578029
3661 0
3662 0
3663 0
3664 0.684505
3665 0.315495
3666 0
3667 0
3668 0
3669 0
3670 0
3671 0
3672 0
3673 0
3674 0
3675 0
3676 0
3677 0
3678 0
3679 0
3680 0
3681 0
3682 0
3683 0
3684 0
3685 0
3686 0
3687 0
3688 0
3689 0
3690 0
3691 0
3692 0
3693 0
3694 0.411511
3695 1.24623
3696 0.694767
3697 0.647493
3698 0
3699 0
3700 0
3701 0
3702 0
3703 0
3704 0
3705 0.164419
3706 0.835581
3707 0
3708 0
3709 0.686507
3710 0.313493
3711 0
3712 0
3713 0
3714 0.743957
3715 0.378455
3716 0.877589
3717 0
3718 0.326985
3719 0.673015
3720 0
3721 0
3722 0
3723 0
3724 0
3725 0
3726 0
3727 0.402373
3728 0.597627
3729 0
3730 0
3731 0
3732 0
3733 0
3734 0
3735 0
3736 0
3737 0
3738 0
3739 0
3740 0
3741 0
3742 0.153976
3743 0.846024
3744 0
3745 0
3746 0
3747 0
3748 0
3749 0
3750 0
3751 0
3752 0
3753 0
3754 0
3755 0
3756 0
3757 0
3758 0
3759 0
3760 0
3761 0.695803
3762 0.304197
3763 0
3764 0
3765 0
3766 0
3767 0
3768 0
3769 0
3770 0
3771 0
3772 0
3773 0
3774 0
3775 0
3776 0.519498
3777 0.480502
3778 0.515537
3779 0.484463
3780 0.521897
3781 0.478103
3782 0
3783 0
3784 0
3785 0
3786 0
3787 0
3788 0.578744
3789 0.948442
3790 1.68248
3791 0.790338
3792 0
3793 1.18963
3794 0.810372
3795 0
3796 0
3797 0
3798 0
3799 0
3800 0
3801 0
3802 0
3803 0
3804 0
3805 0.700609
3806 1.66218
3807 1.63721
3808 0
3809 0
3810 0.637265
3811 0.362735
3812 0.60488
3813 0.39512
3814 0
3815 0
3816 0
3817 0.601809
3818 0.398191
3819 0
3820 0
3821 0
3822 0.529263
3823 0.470737
3824 0
3825 0
3826 0
3827 0
3828 0
3829 0
3830 0.0772966
3831 0.922703
3832 0
3833 0
3834 0
3835 0
3836 0
3837 0
3838 0
3839 0
3840 0
3841 0
3842 0
3843 0
3844 0
3845 0
3846 0
3847 0
3848 0
3849 0
3850 0
3851 0
3852 0
3853 0
3854 0
3855 0
3856 0
3857 0
3858 0
3859 0
3860 0
3861 0
3862 0.765708
3863 1.23429
3864 0
3865 0
3866 0
3867 0
3868 0
3869 0.355895
3870 0.644105
3871 0
3872 0
3873 0
3874 0
3875 0
3876 0.550489
3877 0.449511
3878 0
3879 0
3880 0.27958
3881 1.18941
3882 0.531014
3883 0.590034
3884 2.47672
3885 0.933246
3886 0
3887 0
3888 0
3889 0
3890 0
3891 0
3892 0
3893 0
3894 0
3895 0
3896 0
3897 0
3898 0
3899 0.363696
3900 0.636304
3901 0
3902 0
3903 0.921904
3904 0.0780957
3905 0
3906 0
3907 0
3908 0.466767
3909 0.729487
3910 0.803746
3911 0.81498
3912 0.394262
3913 1.03939
3914 0.751366
3915 0
3916 0
3917 0.425179
3918 0.574821
3919 0
3920 0
3921 0
3922 0.402491
3923 1.40467
3924 0.192842
3925 0
3926 0
3927 0
3928 0
3929 0
3930 0
3931 0
3932 0
3933 0
3934 0
3935 0
3936 0
3937 0.113832
3938 0.886168
3939 0
3940 0
3941 0
3942 0
3943 0.844593
3944 0.155407
3945 0
3946 0.81966
3947 1.18034
3948 0
3949 0
3950 0
3951 0
3952 0
3953 0.429349
3954 0.570651
3955 0
3956 0
3957 0
3958 0
3959 0
3960 0
3961 0
3962 0
3963 0
3964 0
3965 0
3966 0
3967 0
3968 0
3969 0
3970 0
3971 0.15757
3972 0.84243
3973 0
3974 0
3975 0
3976 0
3977 0
3978 0
3979 0
3980 0
3981 0
3982 0
3983 0
3984 0
3985 0.892981
3986 0.107019
3987 0.0193587
3988 0.980641
3989 0
3990 0
3991 0
3992 0
3993 0
3994 0.0824011
3995 0.917599
3996 0
3997 0
3998 0.750116
3999 0.249884
4000 0
4001 0
4002 0
4003 0
4004 0
4005 0
4006 0
4007 0
4008 0
4009 0
4010 0
4011 0
4012 0
4013 0
4014 0
4015 0
4016 0
4017 0
4018 0
4019 0
4020 0
4021 0
4022 0
4023 0
4024 0
4025 0
4026 0
4027 0
4028 0
4029 0
4030 0
4031 0
4032 0.22282
4033 0.77718
4034 0
4035 0
4036 0
4037 0
4038 0
4039 0
4040 0
4041 0
4042 0
4043 0.648241
4044 1.35176
4045 0.00783885
4046 0.992161
4047 0
4048 0
4049 0
4050 0
4051 0.908103
4052 0.0918974
4053 0
4054 0.0542025
4055 0.945798
4056 0
4057 0
4058 0
4059 0
4060 0
4061 0
4062 0
4063 0.0608422
4064 0.939158
4065 0
4066 0
4067 1.05701
4068 0.942987
4069 0
4070 0
4071 0
4072 0.0249143
4073 0.975086
4074 0
4075 0
4076 0
4077 0
4078 0
4079 0.969157
4080 0.563184
4081 0.467659
4082 0
4083 0
4084 0
4085 0
4086 0
4087 0
4088 0
4089 0
4090 0
4091 0
4092 0
4093 0
4094 0
4095 0
