0 0
1 0
2 0
3 0
4 0
5 0
6 0
7 0
8 0
9 0
10 0
11 0
12 0
13 0
14 0
15 0
16 0
17 0
18 0
19 0
20 0
21 0
22 0
23 0
24 0
25 0
26 0
27 0
28 0
29 0
30 0
31 0
32 0
33 0
34 0
35 0
36 211.847
37 6620.41
38 8108.57
39 5576.41
40 5332.42
41 5901.7
42 6078.26
43 6125.95
44 5966.18
45 6062.34
46 5808.18
47 5821.48
48 5733.31
49 5691.93
50 5578.34
51 5640.42
52 5637.16
53 5634.13
54 5471.43
55 5388.22
56 5320.54
57 5330.86
58 5329.06
59 5251.95
60 5281.1
61 5195.84
62 5153.97
63 5099.31
64 5080.01
65 4901.4
66 4948.02
67 4945.32
68 4928.99
69 4884.16
70 4838.36
71 4859.18
72 4820.58
73 4930.42
74 4874.9
75 4720.18
76 4708.5
77 4761.47
78 4620.71
79 4729.24
80 4624.53
81 4708.29
82 4599
83 4563.75
84 4532.32
85 4676.67
86 4569.52
87 4605.21
88 4481.97
89 4535.03
90 4508.95
91 4565.29
92 4482.3
93 4432.63
94 4420.2
95 4388.37
96 4443.24
97 4405.01
98 4393.56
99 4317.53
100 4350.37
101 4337.41
102 4307.31
103 4350.46
104 4288.16
105 4258.11
106 4241.83
107 4283.01
108 4247.57
109 4292.37
110 4331.08
111 4363.05
112 4315.07
113 4183.08
114 4267.87
115 4252.67
116 4274.07
117 4301.98
118 4287.31
119 4297.57
120 4199.61
121 4199.85
122 4210.25
123 4341.39
124 4194.15
125 4231.05
126 4288.66
127 4356.45
128 4406.87
129 4366.56
130 4563.79
131 4650.05
132 4785.97
133 4937.03
134 4932.28
135 4925.67
136 4915.12
137 4923.61
138 4969
139 4942.35
140 4974.44
141 5012.92
142 4979.04
143 4982.81
144 5057.77
145 5189.23
146 5249.1
147 5412.13
148 5458.7
149 5331.39
150 5220.67
151 5312.11
152 5310.08
153 5242.62
154 5395.64
155 5524.14
156 5544.55
157 5721.34
158 5673.88
159 5707.37
160 5675.07
161 5773.12
162 5826.92
163 6022.11
164 6100.03
165 6203.22
166 6332.95
167 6694.45
168 7413.07
169 8022.23
170 8484.23
171 9836.28
172 14275
173 21964.9
174 27131
175 24783.1
176 18533.7
177 17486.7
178 25542.7
179 36225
180 37860.1
181 27429.6
182 14599.8
183 7509.29
184 5203.49
185 4728.62
186 4626.75
187 4587.24
188 4704.36
189 4760.2
190 4772.17
191 4684.54
192 4614
193 4830.07
194 5333.53
195 6372.44
196 7960.82
197 8818.72
198 8289.76
199 7071.21
200 6642.2
201 8358.37
202 12325.6
203 16463.6
204 17697.7
205 14815.6
206 10157.6
207 7590.72
208 8545.7
209 12167.9
210 14989.7
211 14129.6
212 10395.6
213 6794.78
214 5111.42
215 5157.8
216 7034.37
217 11104.8
218 14987.8
219 14910
220 11077.1
221 6977.06
222 4768.42
223 4034.15
224 3708.46
225 3556.49
226 3550.04
227 3587.26
228 3657.99
229 3674.17
230 3856.92
231 4409.89
232 5349.7
233 6089.84
234 5906.56
235 4988.89
236 4148.78
237 3803.69
238 3630.05
239 3615.68
240 3681.19
241 3600.23
242 3620.29
243 3892.02
244 4451.91
245 5394.67
246 6473.72
247 7294.09
248 7242.67
249 6134.55
250 4848.58
251 4062.88
252 3786.87
253 3995.6
254 4524.88
255 4870.65
256 4839.61
257 4488.42
258 3954.64
259 3676.87
260 3591.23
261 3466.93
262 3442.36
263 3423.37
264 3395.06
265 3386.75
266 3487.29
267 3581.24
268 3666.21
269 4033.35
270 4534.07
271 4754.51
272 4336.63
273 3819.18
274 3435.4
275 3293.66
276 3218.23
277 3095.77
278 3189.97
279 3210.92
280 3179.51
281 3174.84
282 3119.7
283 3173.66
284 3221.05
285 3272.5
286 3300.37
287 3321.67
288 3314.39
289 3327.01
290 3385.99
291 3475.8
292 3635.63
293 3720.44
294 3843.93
295 3773.97
296 3688.44
297 3703.76
298 3778.11
299 3819.81
300 3933.41
301 4340.2
302 5698.32
303 7933.8
304 9581.57
305 8903.24
306 6558.8
307 4695.83
308 3936.24
309 3799.42
310 3918.26
311 3919.56
312 3642.46
313 3523.62
314 3530.86
315 3522.39
316 3423.2
317 3370.88
318 3496.95
319 3444
320 3362.59
321 3331.94
322 3365.2
323 3239.22
324 3263.52
325 3302.25
326 3318.78
327 3233.24
328 3282.67
329 3229.81
330 3277.1
331 3234.94
332 3304.45
333 3419.38
334 3305.81
335 3215.4
336 3186.45
337 3076.29
338 3146.19
339 3190.19
340 3085.42
341 3103.9
342 3251.69
343 3351.33
344 3418.72
345 3482.11
346 3330.66
347 3122.69
348 3021.24
349 3103.94
350 3028.07
351 3033.43
352 2968.42
353 3019.48
354 2914.4
355 2937.4
356 2904.5
357 2937
358 3002.72
359 3025.24
360 2936.57
361 3162.35
362 3653.22
363 4339.43
364 4846.71
365 4441.98
366 3692.42
367 3053.7
368 2877.23
369 2789.09
370 2744.75
371 2750.26
372 2793.3
373 2712.22
374 2804.62
375 2713.57
376 2775.31
377 2683.65
378 2740.85
379 2631.57
380 2625.39
381 2684.88
382 2736.58
383 2659.5
384 2626.25
385 2618.32
386 2660.68
387 2714.58
388 2740.07
389 2606.73
390 2610.88
391 2635.2
392 2768.45
393 2868.44
394 2977.48
395 2996.45
396 2750.85
397 2674.34
398 2613.18
399 2601.78
400 2601.53
401 2446.59
402 2568.46
403 2546.29
404 2641.93
405 2586.08
406 2410.19
407 2530.05
408 2707.29
409 2607.6
410 2563.88
411 2653.85
412 2590.91
413 2664.05
414 2605.43
415 2549.78
416 2602.37
417 2650.77
418 2658.52
419 2830.05
420 2631.82
421 2567.57
422 2567.09
423 2602.44
424 2583.88
425 2598.81
426 2629.74
427 2682.91
428 2686.67
429 2716.55
430 2531.86
431 2589.14
432 2535.61
433 2644.55
434 2603.94
435 2625.4
436 2741.33
437 2768.28
438 2743.83
439 2643.96
440 2615.32
441 2675.06
442 2614.89
443 2612.6
444 2524.61
445 2653.27
446 2618.33
447 2514.95
448 2600.06
449 2545.17
450 2550.6
451 2548.67
452 2620.92
453 2764.42
454 2742.37
455 2707.44
456 2662.97
457 2514.29
458 2488.47
459 2499.54
460 2505.14
461 2386.77
462 2479.05
463 2452.33
464 2459.31
465 2493.86
466 2443.27
467 2414.11
468 2425.74
469 2411.04
470 2537.67
471 2570.97
472 3002.45
473 3204.44
474 2975.92
475 2733.56
476 2742.5
477 2519.84
478 2413.96
479 2409.42
480 2514.17
481 2456.64
482 2625.88
483 2700.28
484 2815.98
485 2738.91
486 2591.99
487 2575.37
488 2495.18
489 2516.6
490 2475.81
491 2558.22
492 2580.27
493 2810.71
494 4100.62
495 7016.6
496 10550.8
497 11821.8
498 9083.63
499 5627.89
500 3370.18
501 2645.38
502 2490.88
503 2453.91
504 2386.09
505 2329.39
506 2350.69
507 2352.27
508 2310.48
509 2295.6
510 2420.75
511 2647.78
512 2879.81
513 2950.5
514 2725.46
515 2496.91
516 2347
517 2300.24
518 2315.35
519 2257.11
520 2213.9
521 2233.15
522 2320.79
523 2302.4
524 2159.28
525 2174.24
526 2152.32
527 2345.82
528 2186.09
529 2283.8
530 2320.03
531 2354.76
532 2341.85
533 2281.02
534 2229.68
535 2230.06
536 2216.52
537 2208.66
538 2165.52
539 2172.17
540 2295.69
541 2260.27
542 2225.14
543 2250.94
544 2214.15
545 2228.68
546 2331.85
547 2338.55
548 2275.7
549 2264.2
550 2347.22
551 2312.22
552 2386.71
553 2479.04
554 2533.69
555 2471.7
556 2487.9
557 2464.87
558 2553.07
559 2457.73
560 2576.86
561 2726.25
562 3125.42
563 5211.51
564 13116.4
565 35550.3
566 73214.1
567 102657
568 96412.3
569 60190.9
570 27042.7
571 12527
572 10579.4
573 11314.5
574 9368.98
575 5765.74
576 3076.92
577 1974.26
578 1627.3
579 1562.19
580 1561.28
581 1454.41
582 1480.31
583 1524.36
584 1522.96
585 1526.52
586 1530.6
587 1494.09
588 1527.14
589 1578.5
590 1561.74
591 1536.53
592 1499.73
593 1544.88
594 1571.67
595 1514.98
596 1501.01
597 1556.78
598 1557.89
599 1703.86
600 1888.33
601 1921.48
602 1861.57
603 1712.16
604 1557.45
605 1477.38
606 1452.73
607 1403.7
608 1408.57
609 1460.57
610 1460.69
611 1424.8
612 1467.02
613 1517.9
614 1450.45
615 1392.73
616 1456.77
617 1442.62
618 1404.53
619 1396.56
620 1432.81
621 1445.66
622 1432.92
623 1408.63
624 1448.15
625 1468.67
626 1456.97
627 1492.05
628 1510.83
629 1466.64
630 1405.91
631 1391.9
632 1438.61
633 1460.26
634 1416.66
635 1451.06
636 1410.44
637 1402.11
638 1423.99
639 1566.62
640 2146.3
641 3661.17
642 5814.41
643 7224.62
644 6706.33
645 4691.51
646 2750.52
647 1726.49
648 1404.88
649 1395.67
650 1399.74
651 1350.28
652 1373.6
653 1380.85
654 1381.38
655 1419.65
656 1470.36
657 1803.02
658 2630.18
659 3890.92
660 4953.88
661 4731.86
662 3581.55
663 2505.86
664 1923.08
665 1652.84
666 1531.24
667 1470.06
668 1388.32
669 1351.83
670 1367.99
671 1417.66
672 1418.38
673 1351.3
674 1302.38
675 1303.58
676 1294.94
677 1339.22
678 1342.06
679 1318.22
680 1307.7
681 1321.17
682 1335.11
683 1380.11
684 1553.69
685 1797.78
686 1925.43
687 1860.2
688 1643.87
689 1462.16
690 1380.79
691 1292.68
692 1263.73
693 1268.35
694 1278.92
695 1303.4
696 1312.53
697 1300.31
698 1322.05
699 1325.38
700 1305.33
701 1301.9
702 1264.27
703 1225.56
704 1214.56
705 1240.64
706 1294.19
707 1327.93
708 1334.49
709 1324.02
710 1351.68
711 1590.87
712 2280.49
713 3705.48
714 5579.81
715 6445.26
716 5507.68
717 3724.41
718 2255.36
719 1532.64
720 1334.36
721 1333.51
722 1282.69
723 1227.09
724 1265.54
725 1251.82
726 1238.05
727 1243.4
728 1228.79
729 1249.33
730 1268.17
731 1248.67
732 1241.62
733 1242.24
734 1225.82
735 1224.44
736 1235.75
737 1255.74
738 1258.35
739 1241.95
740 1233.69
741 1207.78
742 1216.67
743 1235.35
744 1253.02
745 1228.52
746 1218.6
747 1245.21
748 1213.58
749 1207.83
750 1230.66
751 1219.76
752 1222.9
753 1181.84
754 1170.09
755 1203.49
756 1220.44
757 1195.57
758 1171.16
759 1220.97
760 1305.52
761 1216.28
762 1202.37
763 1242.22
764 1366.25
765 1471.53
766 1504.03
767 1492.69
768 1410.04
769 1319.07
770 1249.42
771 1230.24
772 1214.55
773 1238.24
774 1251.99
775 1275.72
776 1305.76
777 1323.97
778 1587.57
779 2289.97
780 3572.99
781 5164.18
782 5807.84
783 4864.95
784 3234.3
785 1954.64
786 1403.4
787 1242.95
788 1255.9
789 1280.9
790 1434.45
791 1555.07
792 1723.28
793 1760.74
794 1525.55
795 1334.9
796 1236.86
797 1206.01
798 1281.5
799 1280.74
800 1234.82
801 1333.4
802 1645
803 2855.83
804 6124.18
805 11965.8
806 17827.4
807 18929.1
808 14388.7
809 7925
810 3476.3
811 1950.61
812 1641.19
813 1657.69
814 1535.24
815 1337.87
816 1237.66
817 1135.57
818 1080.8
819 1050.19
820 1057.23
821 1097.74
822 1097.96
823 1111.28
824 1080.45
825 1128.33
826 1101.72
827 1082.16
828 1090.18
829 1074.2
830 1046.88
831 1111.66
832 1149.21
833 1097.3
834 1084.08
835 1070.92
836 1023.08
837 1030.6
838 1028.73
839 961.414
840 1001.58
841 1049.3
842 1075.72
843 1109.78
844 1052.28
845 1040.1
846 1057.07
847 1053.68
848 1086.06
849 1040.54
850 1009.3
851 1074.42
852 1092.15
853 1062.47
854 1067.56
855 1066.11
856 1108.94
857 1065.79
858 1113.8
859 1064.43
860 1038.99
861 1038.38
862 1060.76
863 1075.9
864 1110.93
865 1088.28
866 1037.02
867 1069.45
868 1004.91
869 1048.64
870 1059.78
871 1033.28
872 1043.16
873 1092.14
874 1059.33
875 1087.29
876 1125.3
877 1054.75
878 1025.54
879 1124.45
880 1039.28
881 1079.64
882 1004.74
883 1000.14
884 1056.41
885 1060.42
886 1072.26
887 1058.69
888 1030.05
889 1104.84
890 1095.32
891 1085.77
892 1081.94
893 1115.93
894 1109.59
895 1196.8
896 1098.98
897 1132.9
898 1129.34
899 1231.43
900 1276.4
901 1227.7
902 1085.02
903 1138.64
904 1045.88
905 1108.05
906 1032.86
907 1079.46
908 1041.52
909 1064.68
910 1075.01
911 1093.77
912 1153.69
913 1078.2
914 1088.66
915 1108.75
916 1098.09
917 1138.94
918 1083.49
919 1065.13
920 1011.61
921 1012.45
922 1087.14
923 1107.18
924 1070.42
925 1144.82
926 1145.52
927 1114.86
928 1090.03
929 1071.64
930 1108.57
931 1133.66
932 1066.09
933 1039.46
934 1040.49
935 1069.93
936 1081.58
937 1016.57
938 1038.6
939 1030.66
940 1035.08
941 1067.89
942 1084.58
943 1030.3
944 1076.73
945 1068.1
946 1117.62
947 1031.02
948 1042.54
949 1114.91
950 1064.69
951 1060.9
952 1086.59
953 1051.58
954 1108.17
955 1109.38
956 1075.82
957 1039.89
958 995.791
959 1064.9
960 1033.28
961 1058.78
962 1025.37
963 1006.56
964 1012.62
965 1017.49
966 1006.96
967 992.187
968 931.766
969 1000.51
970 926.748
971 955.843
972 902.388
973 1003.16
974 1151.31
975 1723.08
976 2486.43
977 3045.02
978 3103.24
979 2330.64
980 1577.14
981 1059.25
982 936.27
983 916.736
984 943.002
985 863.496
986 845.662
987 872.974
988 900.023
989 898.339
990 929.451
991 942.474
992 959.482
993 903.251
994 910.243
995 859.701
996 865.604
997 824.966
998 846.115
999 819.806
1000 815.19
1001 883.368
1002 840.034
1003 882.524
1004 860.967
1005 805.196
1006 864.435
1007 843.024
1008 801.366
1009 837.977
1010 806.642
1011 823.959
1012 801.913
1013 832.864
1014 805.51
1015 839.061
1016 872.779
1017 811.787
1018 842.407
1019 777.788
1020 871.58
1021 797.144
1022 841.495
1023 813.539
1024 800.133
1025 764.577
1026 842.515
1027 815.132
1028 858.909
1029 853.743
1030 848.122
1031 841.217
1032 841.242
1033 846.696
1034 841.908
1035 820.524
1036 829.531
1037 810.799
1038 811.086
1039 781.436
1040 789.273
1041 811.15
1042 776.636
1043 785.907
1044 805.977
1045 792.73
1046 784.385
1047 867.665
1048 847.885
1049 876.468
1050 871.445
1051 921.694
1052 937.395
1053 883.494
1054 841.546
1055 842.194
1056 802.219
1057 797.505
1058 784.553
1059 811.938
1060 791.801
1061 783.522
1062 791.368
1063 781.731
1064 773.018
1065 791.846
1066 752.054
1067 743.944
1068 798.316
1069 780.43
1070 803.959
1071 780.321
1072 787.961
1073 779.597
1074 817.183
1075 799.156
1076 776.968
1077 820.143
1078 806.123
1079 880.857
1080 1014.81
1081 1167.01
1082 1189.37
1083 1110.9
1084 904.324
1085 844.842
1086 821.331
1087 784.699
1088 741.638
1089 724.399
1090 709.245
1091 718.382
1092 789.381
1093 766.353
1094 760.113
1095 770.549
1096 769.898
1097 745.463
1098 718.644
1099 743.007
1100 786.578
1101 824.761
1102 1086.11
1103 1790.98
1104 3061.83
1105 4601.79
1106 5194.9
1107 4357.43
1108 2922.85
1109 1679.49
1110 1037.73
1111 810.798
1112 737.399
1113 759.829
1114 771.032
1115 778.435
1116 756.26
1117 738.397
1118 716.64
1119 737.648
1120 757.852
1121 734.058
1122 753.998
1123 724.751
1124 725.903
1125 735.665
1126 740.903
1127 761.805
1128 725.749
1129 741.188
1130 759.95
1131 788.327
1132 786.031
1133 744.327
1134 731.529
1135 753.838
1136 717.763
1137 707.556
1138 715.212
1139 751.187
1140 818.525
1141 854.911
1142 867.875
1143 886.451
1144 889.617
1145 819.615
1146 736.123
1147 702.446
1148 754.039
1149 749.841
1150 723.559
1151 719.989
1152 729.137
1153 705.018
1154 701.31
1155 718.619
1156 706.301
1157 714.2
1158 701.97
1159 727.428
1160 776.459
1161 754.894
1162 731.392
1163 721.522
1164 723.138
1165 757.784
1166 753.863
1167 699.154
1168 688.547
1169 723.138
1170 709.821
1171 692.947
1172 715.776
1173 718.328
1174 735.528
1175 714.901
1176 718.834
1177 735.038
1178 699.837
1179 688.552
1180 715.737
1181 727.388
1182 710.573
1183 706.669
1184 716.2
1185 725.048
1186 716.247
1187 683.464
1188 698.861
1189 738.512
1190 716.436
1191 701.717
1192 710.695
1193 757.726
1194 758.213
1195 714.18
1196 708.084
1197 740.288
1198 757.692
1199 720.844
1200 730.965
1201 779.972
1202 804.548
1203 844.249
1204 866.994
1205 822.667
1206 778.025
1207 763.819
1208 764.812
1209 747.698
1210 732.932
1211 724.147
1212 754.426
1213 827.617
1214 995.012
1215 1220.24
1216 1509.14
1217 2112
1218 3348.01
1219 5213.04
1220 6775.93
1221 6762.25
1222 5140.01
1223 3086.19
1224 1657.53
1225 1007.64
1226 818.855
1227 768.618
1228 769.777
1229 755.964
1230 755.375
1231 767.018
1232 783.68
1233 748.535
1234 704.408
1235 732.785
1236 730.571
1237 703.25
1238 713.216
1239 699.26
1240 725.811
1241 735.736
1242 775.87
1243 758.194
1244 768.505
1245 776.343
1246 722.212
1247 715.644
1248 717.071
1249 816.478
1250 812.771
1251 768.37
1252 747.387
1253 746.008
1254 746.186
1255 742.79
1256 728.966
1257 740.796
1258 729.408
1259 697.363
1260 727.941
1261 713.057
1262 743.118
1263 729.899
1264 745.011
1265 679.099
1266 744.211
1267 732.209
1268 692.909
1269 724.551
1270 698.567
1271 722.469
1272 724.293
1273 732.035
1274 742.478
1275 756.296
1276 736.992
1277 731.096
1278 718.461
1279 707.064
1280 658.485
1281 713.93
1282 727.676
1283 702.932
1284 700.287
1285 721.064
1286 700.774
1287 679.856
1288 690.846
1289 695.944
1290 754.121
1291 729.998
1292 702.017
1293 704.938
1294 732.111
1295 701.728
1296 702.973
1297 726.991
1298 693.516
1299 707.589
1300 666.82
1301 699.658
1302 712.31
1303 757.55
1304 831.247
1305 848.907
1306 862.965
1307 835.102
1308 805.512
1309 752.688
1310 713.729
1311 746.168
1312 775.835
1313 810.219
1314 780.961
1315 800.216
1316 769.169
1317 710.645
1318 743.249
1319 709.873
1320 677.502
1321 677.7
1322 743.223
1323 699.961
1324 687.822
1325 698.724
1326 734.149
1327 707.101
1328 716.383
1329 706.767
1330 690.531
1331 678.406
1332 748.307
1333 702.435
1334 710.955
1335 760.452
1336 681.392
1337 655.293
1338 673.901
1339 690.107
1340 733.304
1341 810.949
1342 955.274
1343 1191.22
1344 1422.95
1345 1487.64
1346 1332.21
1347 1074.94
1348 791.968
1349 750.556
1350 716.397
1351 745.014
1352 697.68
1353 708.187
1354 683.877
1355 721.821
1356 678.555
1357 677.044
1358 713.866
1359 660.466
1360 703.332
1361 684.551
1362 748.299
1363 798.002
1364 827.675
1365 824.037
1366 857.94
1367 896.629
1368 826.589
1369 827.696
1370 756.636
1371 781.235
1372 740.296
1373 724.781
1374 705.872
1375 738.289
1376 703.906
1377 715.677
1378 717.418
1379 747.727
1380 761.659
1381 706.201
1382 765.891
1383 755.452
1384 756.556
1385 729.688
1386 729.986
1387 740.979
1388 915.997
1389 1177.28
1390 2153.56
1391 5046.87
1392 10792.3
1393 18331.7
1394 23775.1
1395 22174.2
1396 15690.2
1397 8132.94
1398 3480.62
1399 1412.48
1400 802.95
1401 739.769
1402 665.785
1403 706.645
1404 690.074
1405 696.207
1406 650.436
1407 654.865
1408 689.693
1409 661.497
1410 722.046
1411 703.77
1412 633.552
1413 694.885
1414 680.671
1415 648.133
1416 699.736
1417 634.444
1418 639.757
1419 639.022
1420 624.222
1421 665.767
1422 671.239
1423 654.421
1424 680.625
1425 624.103
1426 643.007
1427 651.213
1428 722.176
1429 659.623
1430 638.58
1431 667.294
1432 648.026
1433 690.743
1434 687.82
1435 665.726
1436 638.87
1437 629.839
1438 647.142
1439 670.123
1440 649.092
1441 623.255
1442 621.03
1443 638.115
1444 624.013
1445 632.882
1446 654.537
1447 655.145
1448 621.811
1449 631.609
1450 623.999
1451 663.629
1452 591.557
1453 629.456
1454 651.899
1455 618.98
1456 616.485
1457 630.581
1458 635.391
1459 643.912
1460 680.729
1461 634.529
1462 683.383
1463 681.695
1464 664.255
1465 664.945
1466 656.373
1467 636.947
1468 628.655
1469 627.678
1470 622.92
1471 618.576
1472 678.416
1473 682.579
1474 683.901
1475 685.092
1476 624.517
1477 637.672
1478 649.418
1479 696.165
1480 641.268
1481 664.954
1482 664.183
1483 684.023
1484 723.497
1485 684.17
1486 671.612
1487 688.368
1488 662.768
1489 668.915
1490 628.971
1491 641.156
1492 640.908
1493 619.748
1494 593.587
1495 645.13
1496 648.045
1497 662.417
1498 654.45
1499 658.516
1500 644.596
1501 641.181
1502 628.979
1503 664.38
1504 697.273
1505 699.321
1506 645.004
1507 647.369
1508 632.405
1509 627.077
1510 652.732
1511 635.362
1512 647.2
1513 656.114
1514 591.521
1515 625.756
1516 620.15
1517 627.833
1518 651.689
1519 607.968
1520 626.537
1521 633.804
1522 646.042
1523 612.815
1524 634.678
1525 658.226
1526 660.388
1527 668.652
1528 655.581
1529 669.497
1530 688.233
1531 706.439
1532 702.336
1533 702.301
1534 697.316
1535 666.116
1536 641.418
1537 672.025
1538 678.969
1539 651.841
1540 641.786
1541 645.773
1542 663.92
1543 664.671
1544 669.092
1545 638.396
1546 621.742
1547 672.327
1548 668.081
1549 654.713
1550 632.787
1551 642.424
1552 672.29
1553 674.622
1554 677.503
1555 670.61
1556 674.972
1557 698.784
1558 688.816
1559 648.046
1560 669.259
1561 670.89
1562 696.325
1563 654.431
1564 654.004
1565 649.382
1566 664.13
1567 680.507
1568 674.113
1569 679.1
1570 668.803
1571 635.095
1572 672.743
1573 678.443
1574 710.178
1575 701.832
1576 654.487
1577 671.418
1578 715.685
1579 669.435
1580 691.458
1581 630.606
1582 616.484
1583 668.251
1584 685.429
1585 655.844
1586 635.429
1587 674.137
1588 677.135
1589 626.339
1590 650.096
1591 662.345
1592 649.447
1593 644.964
1594 664.179
1595 711.515
1596 714.269
1597 670.587
1598 654.369
1599 644.338
1600 669.429
1601 678.885
1602 655
1603 662.61
1604 683.303
1605 668.272
1606 638.499
1607 654.259
1608 642.034
1609 650.123
1610 664.431
1611 677.106
1612 693.625
1613 693.946
1614 683.28
1615 697.481
1616 696.104
1617 673.066
1618 660.384
1619 691.175
1620 684.71
1621 664.894
1622 696.248
1623 702.046
1624 667.934
1625 659.108
1626 649.178
1627 667.856
1628 674.25
1629 651.657
1630 658.007
1631 673.603
1632 649.846
1633 657.489
1634 658.254
1635 651.187
1636 670.199
1637 643.715
1638 658.162
1639 680.717
1640 657.535
1641 636.979
1642 648.009
1643 671.177
1644 670.762
1645 672.757
1646 692.896
1647 710.276
1648 706.3
1649 689.057
1650 672.753
1651 674.142
1652 672.665
1653 666.985
1654 681.314
1655 641.193
1656 631.891
1657 637.43
1658 657.697
1659 652.14
1660 656.023
1661 660.476
1662 651.959
1663 662.041
1664 682.775
1665 676.505
1666 680
1667 699.765
1668 667.747
1669 685.615
1670 671.502
1671 668.894
1672 693.579
1673 676.482
1674 662.66
1675 680.493
1676 699.958
1677 718.801
1678 724.62
1679 749.307
1680 757.879
1681 713.972
1682 666.199
1683 686.629
1684 706.868
1685 694.606
1686 670.327
1687 659.068
1688 659.71
1689 704.073
1690 707.848
1691 711.984
1692 739.842
1693 729.751
1694 717.301
1695 711.295
1696 698.175
1697 649.842
1698 640.969
1699 623.365
1700 624.308
1701 606.203
1702 597.131
1703 630.837
1704 629.026
1705 637.93
1706 650.252
1707 640.829
1708 608.043
1709 612.479
1710 611.889
1711 581.676
1712 587.205
1713 579.643
1714 571.658
1715 577.846
1716 561.866
1717 596.803
1718 617.838
1719 585.71
1720 595.831
1721 582.069
1722 580.673
1723 576.776
1724 571.574
1725 584.962
1726 582.656
1727 564.298
1728 616.864
1729 618.017
1730 576.321
1731 593.009
1732 571.787
1733 577.65
1734 657.577
1735 780.721
1736 1178.1
1737 2068.39
1738 3414.92
1739 4619.22
1740 5101.33
1741 4596.15
1742 3270.69
1743 1902
1744 1069.92
1745 699.778
1746 558.407
1747 558.181
1748 542.668
1749 551.728
1750 537.982
1751 508.465
1752 514.581
1753 569.463
1754 547.984
1755 522.488
1756 529.671
1757 529.511
1758 525.674
1759 549.219
1760 564.569
1761 524.352
1762 540.57
1763 508.661
1764 563.197
1765 526.824
1766 545.155
1767 523.244
1768 517.255
1769 501.282
1770 523.756
1771 508.889
1772 521.9
1773 529.476
1774 488.215
1775 534.611
1776 547.82
1777 548.492
1778 517.566
1779 468.637
1780 487.22
1781 510.871
1782 524.982
1783 524.812
1784 505.228
1785 490.968
1786 495.292
1787 548.759
1788 517.511
1789 515.797
1790 521.799
1791 556.995
1792 516.22
1793 530.052
1794 525.736
1795 551.552
1796 510.884
1797 514.996
1798 525.079
1799 530.843
1800 514.571
1801 537.805
1802 550.598
1803 560.987
1804 643.749
1805 811.184
1806 1031.2
1807 1110.85
1808 1044.7
1809 884.9
1810 712.903
1811 606.118
1812 526.278
1813 527.403
1814 523.661
1815 515.586
1816 496.165
1817 491.234
1818 494.273
1819 529.971
1820 479.173
1821 515.206
1822 503.891
1823 548.688
1824 666.561
1825 693.886
1826 778.352
1827 797.7
1828 728.542
1829 633.776
1830 563.899
1831 468.036
1832 463.892
1833 486.507
1834 423.988
1835 451.065
1836 407.793
1837 419.077
1838 413.542
1839 421.687
1840 400.127
1841 420.521
1842 418.112
1843 436.346
1844 522.291
1845 694.688
1846 899.98
1847 1123.95
1848 1226.49
1849 1142.37
1850 875.148
1851 661.104
1852 515.826
1853 478.952
1854 457.97
1855 442.643
1856 403.349
1857 407.335
1858 404.535
1859 424.134
1860 384.789
1861 399.985
1862 409.111
1863 402.509
1864 422.884
1865 403.617
1866 374.311
1867 407.99
1868 451.618
1869 512.722
1870 604.907
1871 666.049
1872 662.978
1873 607.229
1874 513.61
1875 512.74
1876 507.909
1877 634.381
1878 792.516
1879 946.075
1880 946.317
1881 846.074
1882 684.054
1883 534.877
1884 395.606
1885 354.694
1886 326.822
1887 370.15
1888 373.325
1889 359.582
1890 331.734
1891 401.405
1892 350.51
1893 398.267
1894 329.366
1895 379.129
1896 349.081
1897 434.359
1898 587.181
1899 925.325
1900 1467.9
1901 2163
1902 2626.56
1903 2460.04
1904 1883.67
1905 1203.3
1906 713.691
1907 507.729
1908 374.978
1909 359.395
1910 363.926
1911 363.082
1912 315.509
1913 329.964
1914 317.363
1915 308.486
1916 352.387
1917 332.192
1918 331.628
1919 315.778
1920 339.76
1921 339.737
1922 344.527
1923 322.698
1924 351.545
1925 341.463
1926 313.426
1927 322.874
1928 345.758
1929 327.449
1930 332.222
1931 336.791
1932 273.859
1933 307.226
1934 321.951
1935 321.569
1936 332.994
1937 325.53
1938 320.586
1939 290.872
1940 308.647
1941 318.773
1942 329.142
1943 292.057
1944 304.493
1945 291.952
1946 291.235
1947 298.897
1948 294.976
1949 291.976
1950 332.69
1951 308.306
1952 291.974
1953 342.883
1954 350.907
1955 342.777
1956 350.574
1957 297.577
1958 305.568
1959 321.447
1960 281.271
1961 273.663
1962 313.734
1963 334.505
1964 293.029
1965 313.094
1966 307.116
1967 311.615
1968 293.588
1969 318.869
1970 307.985
1971 296.176
1972 319.613
1973 327.005
1974 303.644
1975 311.587
1976 320.55
1977 300.184
1978 314.025
1979 296.065
1980 294.698
1981 312.958
1982 317.005
1983 324.958
1984 359.56
1985 435.654
1986 512.172
1987 503.086
1988 549.362
1989 509.998
1990 412.548
1991 344.732
1992 301.547
1993 272.771
1994 279.467
1995 302.268
1996 382.872
1997 544.398
1998 781.123
1999 1002.34
2000 1114.66
2001 1047.37
2002 823.198
2003 584.504
2004 437.704
2005 318.406
2006 286.019
2007 311.8
2008 375.999
2009 549.46
2010 675.747
2011 744.175
2012 682.68
2013 589.722
2014 474.014
2015 358.515
2016 283.245
2017 257.755
2018 249.531
2019 264.681
2020 256.498
2021 253.277
2022 271.366
2023 256.657
2024 268.435
2025 257.607
2026 263.195
2027 281.159
2028 265.029
2029 235.664
2030 241.983
2031 261.293
2032 282.135
2033 275.532
2034 258.987
2035 266.605
2036 236.4
2037 233.738
2038 257.202
2039 270.306
2040 254.159
2041 254.084
2042 284.059
2043 253.538
2044 257.777
2045 285.262
2046 256.429
2047 249.374
2048 248.459
2049 265.232
2050 281.782
2051 272.854
2052 255.656
2053 267.935
2054 311.011
2055 455.608
2056 725.979
2057 1244.72
2058 1979.52
2059 2533.76
2060 2605.64
2061 2209.1
2062 1506.73
2063 894.509
2064 518.351
2065 335.581
2066 262.627
2067 263.161
2068 248.872
2069 241.129
2070 250.246
2071 238.378
2072 239.171
2073 248.428
2074 260.644
2075 233.511
2076 225.715
2077 240.81
2078 248.884
2079 246.99
2080 228.85
2081 231.95
2082 260.89
2083 262.741
2084 269.975
2085 267.729
2086 255.584
2087 239.584
2088 255.805
2089 247.037
2090 249.761
2091 278.319
2092 297.263
2093 299.374
2094 262.767
2095 246.271
2096 257.411
2097 251.232
2098 222.218
2099 217.266
2100 244.928
2101 235.823
2102 226.255
2103 215.059
2104 203.366
2105 216.281
2106 224.612
2107 234.085
2108 237.798
2109 241.174
2110 256.493
2111 227.337
2112 219.803
2113 225.495
2114 207.281
2115 231.426
2116 235
2117 223.905
2118 234.056
2119 248.441
2120 238.179
2121 225.1
2122 214.753
2123 222
2124 238.703
2125 237.174
2126 225.927
2127 236.001
2128 214.819
2129 224.221
2130 233.963
2131 219.574
2132 223.999
2133 228.488
2134 234.418
2135 263.497
2136 315.863
2137 395.923
2138 407.254
2139 385.68
2140 356.063
2141 312.102
2142 254.526
2143 235.299
2144 231.055
2145 228.88
2146 239.008
2147 226.146
2148 216.375
2149 242.975
2150 243.604
2151 231.632
2152 228.188
2153 239.143
2154 243.49
2155 228.428
2156 239.722
2157 240.337
2158 249.891
2159 264.826
2160 270.78
2161 329.577
2162 411.272
2163 493.547
2164 551.188
2165 522.528
2166 479.151
2167 378.705
2168 297.291
2169 257.011
2170 275.192
2171 279
2172 252.54
2173 269.964
2174 319.451
2175 471.225
2176 953.88
2177 2123.81
2178 4528.82
2179 8068.77
2180 11625.2
2181 13510.3
2182 12580.9
2183 9333.12
2184 5511.22
2185 2653.65
2186 1080
2187 443.355
2188 273.097
2189 212.182
2190 221.564
2191 232.5
2192 236.249
2193 226.203
2194 208.264
2195 209.741
2196 199.525
2197 203.436
2198 228.778
2199 219.25
2200 217.484
2201 201.934
2202 196.391
2203 207.34
2204 204.217
2205 212.205
2206 196.878
2207 209.542
2208 207.167
2209 197.57
2210 206.856
2211 194.936
2212 197.639
2213 211.707
2214 192.187
2215 192.302
2216 199.182
2217 213.236
2218 196.368
2219 210.931
2220 210.843
2221 212.899
2222 214.162
2223 204.13
2224 205.712
2225 184.641
2226 179.172
2227 185.408
2228 205.271
2229 213.449
2230 189.164
2231 185.946
2232 191.478
2233 186.012
2234 172.847
2235 195.238
2236 188.431
2237 187.612
2238 187.037
2239 175.672
2240 199.73
2241 227.296
2242 199.751
2243 183.055
2244 207.529
2245 192.759
2246 198.42
2247 176.539
2248 196.081
2249 186.766
2250 191.868
2251 195.102
2252 194.408
2253 186.529
2254 165.551
2255 182.139
2256 204.334
2257 197.693
2258 221.255
2259 241.68
2260 232.711
2261 225.361
2262 208.675
2263 208.895
2264 208.871
2265 208.299
2266 207.793
2267 213.117
2268 201.737
2269 252.368
2270 252.566
2271 247.626
2272 222.746
2273 204.928
2274 236.77
2275 217.703
2276 260.893
2277 240.009
2278 253.186
2279 262.801
2280 273.183
2281 256.248
2282 240.382
2283 182.204
2284 199.582
2285 181.466
2286 191.616
2287 191.778
2288 190.675
2289 167.867
2290 214.294
2291 204.474
2292 229.172
2293 281.426
2294 298.783
2295 343.827
2296 338.707
2297 272.459
2298 222.459
2299 221.391
2300 222.621
2301 192.365
2302 215.687
2303 236.25
2304 286.901
2305 402.28
2306 709.307
2307 1175.13
2308 1854.27
2309 2432.41
2310 2474.6
2311 2144.71
2312 1512.95
2313 963.151
2314 698.719
2315 987.579
2316 1867.39
2317 3426.87
2318 5638.83
2319 7338.58
2320 8035.41
2321 6667.97
2322 4452.59
2323 2432.65
2324 1129.52
2325 478.797
2326 272.638
2327 212.009
2328 196.85
2329 185.715
2330 171.803
2331 176.126
2332 167.812
2333 176.018
2334 198.267
2335 186.329
2336 173.99
2337 191.423
2338 197.175
2339 190.837
2340 182.718
2341 171.727
2342 197.717
2343 164.065
2344 201.097
2345 164.537
2346 201.28
2347 217.005
2348 201.377
2349 191.383
2350 196.38
2351 190.15
2352 179.607
2353 155.175
2354 172.347
2355 190.879
2356 171.429
2357 162.011
2358 175.725
2359 172.013
2360 179.893
2361 185.86
2362 179.972
2363 172.899
2364 235.654
2365 194.599
2366 231.101
2367 244.233
2368 207.463
2369 188.423
2370 166.244
2371 157.806
2372 156.537
2373 168.219
2374 154.002
2375 181.622
2376 169.45
2377 169.438
2378 164.725
2379 170.68
2380 181.962
2381 165.983
2382 151.495
2383 164.885
2384 162.183
2385 161.991
2386 173.472
2387 177.988
2388 166.434
2389 185.905
2390 178.053
2391 171.02
2392 179.685
2393 168.507
2394 193.27
2395 209.578
2396 233.815
2397 189.345
2398 203.525
2399 196.388
2400 190.295
2401 200.522
2402 189.954
2403 222.288
2404 224.299
2405 242.778
2406 226.751
2407 204.226
2408 180.21
2409 169.85
2410 169.097
2411 181.21
2412 163.158
2413 145.489
2414 146.543
2415 143.232
2416 168.295
2417 164.026
2418 155.433
2419 211.348
2420 192.673
2421 171.706
2422 196.142
2423 160.055
2424 168.818
2425 170.857
2426 183.297
2427 149.713
2428 157.722
2429 177.883
2430 197.197
2431 180.444
2432 173.839
2433 189.316
2434 193.304
2435 187.724
2436 168.226
2437 142.148
2438 166.121
2439 187.809
2440 150.6
2441 186.808
2442 163.029
2443 163.166
2444 171.404
2445 168.875
2446 179.156
2447 164.083
2448 140.235
2449 152.207
2450 145.749
2451 176.593
2452 164.093
2453 156.043
2454 166.168
2455 157.334
2456 175.022
2457 176.432
2458 164.573
2459 149.463
2460 148.142
2461 152.448
2462 152.149
2463 159.083
2464 160.711
2465 159.418
2466 166.52
2467 149.544
2468 140.785
2469 154.186
2470 159.2
2471 203.815
2472 203.416
2473 229.39
2474 219.816
2475 199.634
2476 206.926
2477 182.877
2478 158.827
2479 153.213
2480 158.327
2481 147.309
2482 147.722
2483 161.347
2484 150.955
2485 168.074
2486 156.344
2487 185.108
2488 206.931
2489 198.22
2490 185.476
2491 198.592
2492 190.978
2493 184.532
2494 169.185
2495 181.743
2496 176.396
2497 171.099
2498 158.667
2499 164.291
2500 153.671
2501 154.321
2502 148.235
2503 159.046
2504 173.407
2505 174.002
2506 166.827
2507 166.199
2508 163.133
2509 166.532
2510 172.77
2511 164.955
2512 160.132
2513 145.391
2514 160.235
2515 164.467
2516 166.224
2517 142.165
2518 138.521
2519 148.809
2520 166.848
2521 168.849
2522 158.838
2523 181.644
2524 179.325
2525 162.801
2526 166.23
2527 167.457
2528 159.334
2529 154.805
2530 181.4
2531 165.644
2532 154.637
2533 163
2534 171.573
2535 189.168
2536 188.071
2537 169.197
2538 162.874
2539 164.499
2540 161.439
2541 177.588
2542 199.264
2543 206.423
2544 199.53
2545 188.688
2546 195.492
2547 231.177
2548 301.885
2549 338.243
2550 363.284
2551 360.002
2552 323.238
2553 243.152
2554 190.905
2555 170.976
2556 172.805
2557 170.622
2558 169.196
2559 178.463
2560 176.929
2561 168.627
2562 167.47
2563 179.775
2564 158.633
2565 153.936
2566 167.711
2567 164.751
2568 168.028
2569 165.046
2570 161.587
2571 169.001
2572 176.909
2573 180.085
2574 187.665
2575 180.713
2576 176.237
2577 169.916
2578 178.555
2579 212.846
2580 250.77
2581 298.189
2582 343.111
2583 369.441
2584 329.483
2585 286.477
2586 241.395
2587 205.977
2588 171.041
2589 145.384
2590 173.27
2591 167.413
2592 160.917
2593 158.363
2594 157.701
2595 151.18
2596 137.919
2597 137.975
2598 147.954
2599 156.376
2600 152.195
2601 164.684
2602 153.353
2603 150.623
2604 170.483
2605 169.595
2606 156.297
2607 160.812
2608 163.21
2609 167.224
2610 162.92
2611 152.181
2612 143.654
2613 140.938
2614 151.984
2615 197.305
2616 240.318
2617 291.686
2618 346.691
2619 391.844
2620 411.116
2621 387.178
2622 325.167
2623 291.865
2624 240.386
2625 218.199
2626 193.883
2627 194.159
2628 166.006
2629 128.908
2630 155.037
2631 164.633
2632 156.176
2633 153.668
2634 158.887
2635 151.408
2636 154.641
2637 160.394
2638 163.908
2639 168.189
2640 167.995
2641 170.718
2642 169.512
2643 152.307
2644 162.903
2645 145.905
2646 170.713
2647 166.815
2648 165.148
2649 154.238
2650 159.955
2651 155.79
2652 151.245
2653 171.978
2654 172.837
2655 196.592
2656 224.4
2657 269.738
2658 310.401
2659 348.08
2660 352.686
2661 311.364
2662 240.835
2663 203.615
2664 187.488
2665 169.851
2666 163.599
2667 166.348
2668 157.239
2669 153.58
2670 173.399
2671 157.039
2672 161.54
2673 168.997
2674 181.132
2675 186.225
2676 161.313
2677 163.977
2678 153.789
2679 157.204
2680 160.778
2681 144.224
2682 153.414
2683 151.837
2684 162.873
2685 182.197
2686 208.395
2687 220.027
2688 232.631
2689 253.35
2690 229.332
2691 222.853
2692 202.225
2693 168.216
2694 177.266
2695 183.668
2696 178.869
2697 143.151
2698 157.221
2699 151.528
2700 160.665
2701 149.621
2702 148.698
2703 173.252
2704 158.485
2705 161.801
2706 160.767
2707 172.721
2708 163.158
2709 160.081
2710 164.651
2711 162.457
2712 158.024
2713 153.351
2714 164.848
2715 158.408
2716 179.751
2717 160.575
2718 155.809
2719 153.049
2720 112.713
2721 151.763
2722 170.133
2723 167.926
2724 116.116
2725 158.791
2726 158.863
2727 197.913
2728 165.277
2729 180.41
2730 174.903
2731 167.79
2732 166.683
2733 161.409
2734 148.362
2735 158.213
2736 154.93
2737 167.379
2738 157.502
2739 192.72
2740 185.569
2741 154.074
2742 152.704
2743 170.992
2744 165.332
2745 171.02
2746 143.933
2747 151.416
2748 152.867
2749 164.107
2750 184.129
2751 170.725
2752 180.585
2753 186.935
2754 172.348
2755 162.56
2756 157.949
2757 140.14
2758 172.414
2759 175.075
2760 213.391
2761 213.131
2762 219.318
2763 240.187
2764 232.44
2765 185.576
2766 183.356
2767 156.694
2768 196.215
2769 179.644
2770 159.842
2771 155.793
2772 168.828
2773 169.711
2774 177.734
2775 169.417
2776 177.421
2777 184.819
2778 179.896
2779 190.827
2780 173.575
2781 176.552
2782 179.18
2783 163.488
2784 183.401
2785 167.95
2786 185.302
2787 193.114
2788 189.554
2789 187.304
2790 193.817
2791 198.125
2792 180.868
2793 203.943
2794 191.507
2795 186.44
2796 197.849
2797 188.976
2798 192.508
2799 214.772
2800 217.114
2801 197.58
2802 199.39
2803 178.611
2804 176.065
2805 174.207
2806 177.372
2807 172.728
2808 179.278
2809 182.016
2810 180.533
2811 195.791
2812 162.972
2813 165.716
2814 159.03
2815 208.935
2816 165.082
2817 184.034
2818 174.384
2819 177.947
2820 184.814
2821 159.838
2822 169.121
2823 161.715
2824 176.687
2825 165.344
2826 164.705
2827 173.216
2828 157.75
2829 158.919
2830 167.503
2831 160.903
2832 177.203
2833 178.572
2834 183.248
2835 197.392
2836 179.621
2837 167.565
2838 172.982
2839 165.974
2840 185.334
2841 185.736
2842 184.645
2843 156.007
2844 184.059
2845 178.036
2846 188.14
2847 172.863
2848 181.077
2849 161.322
2850 167.735
2851 167.925
2852 178.177
2853 177.514
2854 177.985
2855 170.541
2856 164.257
2857 194.282
2858 157.137
2859 172.255
2860 181.693
2861 168.713
2862 189.638
2863 193.253
2864 165.866
2865 165.084
2866 172.127
2867 174.756
2868 185.341
2869 166.18
2870 168.672
2871 188.891
2872 192.893
2873 177.685
2874 201.068
2875 181.347
2876 176.454
2877 192.724
2878 188.344
2879 195.855
2880 207.653
2881 194.496
2882 172.557
2883 184.632
2884 187.034
2885 174.242
2886 185.872
2887 146.829
2888 175.873
2889 201.707
2890 194.127
2891 170.513
2892 189.34
2893 184.355
2894 181.491
2895 176.845
2896 186.938
2897 182.358
2898 202.608
2899 178.683
2900 184.438
2901 191.875
2902 203.278
2903 185.666
2904 196.959
2905 215.409
2906 199.159
2907 196.466
2908 177.517
2909 183.921
2910 195.702
2911 173.878
2912 195.012
2913 215.08
2914 210.285
2915 210.524
2916 194.954
2917 211.479
2918 195.243
2919 189.631
2920 170.683
2921 184.058
2922 192.901
2923 183.726
2924 199.598
2925 200.668
2926 183.524
2927 188.03
2928 208.604
2929 172.306
2930 192.863
2931 201.909
2932 192.253
2933 190.896
2934 205.173
2935 200.779
2936 181.171
2937 191.304
2938 195.056
2939 197.471
2940 202.755
2941 186.965
2942 204.446
2943 202.858
2944 196.723
2945 200.436
2946 212.137
2947 179.888
2948 200.177
2949 168.688
2950 191.403
2951 222.244
2952 187.703
2953 192.358
2954 187.309
2955 175.727
2956 195.893
2957 181.68
2958 191.458
2959 205.023
2960 173.602
2961 183.866
2962 187.993
2963 194.314
2964 183.357
2965 181.633
2966 167.699
2967 176.694
2968 181.032
2969 184.142
2970 203.681
2971 191.846
2972 174.137
2973 185.492
2974 181.742
2975 181.312
2976 168.109
2977 164.285
2978 168.193
2979 193.123
2980 225.217
2981 270
2982 275.155
2983 277.439
2984 290.338
2985 307.074
2986 323.775
2987 307.521
2988 285.121
2989 265.106
2990 221.86
2991 207.825
2992 197.629
2993 207.015
2994 187.709
2995 176.656
2996 172.182
2997 167.209
2998 144.981
2999 172.691
3000 168.322
3001 164.917
3002 159.723
3003 148.261
3004 148.27
3005 158.636
3006 168.588
3007 163.566
3008 143.274
3009 137.936
3010 160.022
3011 166.529
3012 158.599
3013 149.387
3014 145.11
3015 153.374
3016 144.923
3017 161.533
3018 166.503
3019 152.361
3020 154.944
3021 172.321
3022 180.086
3023 149.679
3024 140.905
3025 157.879
3026 161.269
3027 157.075
3028 143.421
3029 148.215
3030 153.769
3031 176.828
3032 181.662
3033 160.416
3034 162.339
3035 174.622
3036 155.115
3037 159.787
3038 153.447
3039 163.086
3040 166.386
3041 148.995
3042 151.581
3043 156.37
3044 146.48
3045 152.91
3046 141.791
3047 139.376
3048 150.316
3049 139.568
3050 149.398
3051 156.49
3052 148.244
3053 153.838
3054 159.879
3055 145.083
3056 144.715
3057 148.854
3058 154.691
3059 152.95
3060 146.115
3061 148.238
3062 137.525
3063 137.138
3064 149.066
3065 150.223
3066 149.845
3067 144.573
3068 154.624
3069 149.466
3070 146.384
3071 148.55
3072 145.473
3073 148.22
3074 153.021
3075 154.066
3076 162.485
3077 161.395
3078 158.004
3079 156.119
3080 155.743
3081 161.654
3082 172.746
3083 185.71
3084 188.534
3085 168.006
3086 147.644
3087 155.295
3088 148.564
3089 149.948
3090 168.616
3091 155.011
3092 145.632
3093 159.809
3094 137.571
3095 131.319
3096 139.05
3097 132.623
3098 149.487
3099 146.089
3100 130.047
3101 128.128
3102 143.146
3103 149.442
3104 145.56
3105 119.1
3106 127.795
3107 128.489
3108 143.508
3109 147.846
3110 155.787
3111 149.261
3112 150.101
3113 148.314
3114 141.814
3115 141.251
3116 145.2
3117 130.005
3118 140.729
3119 143.575
3120 137.106
3121 145.366
3122 140.524
3123 130.171
3124 145.135
3125 147.146
3126 145.027
3127 129.326
3128 150.489
3129 124.3
3130 121.281
3131 139.424
3132 142.744
3133 131.354
3134 133.366
3135 156.126
3136 137.964
3137 146.543
3138 141.384
3139 131.774
3140 134.357
3141 128.356
3142 115.77
3143 122.797
3144 125.215
3145 121.816
3146 128.839
3147 134.733
3148 136.038
3149 145.432
3150 140.566
3151 132.609
3152 133.88
3153 139.251
3154 137.507
3155 141.106
3156 104.544
3157 129.1
3158 119.357
3159 129.099
3160 127.654
3161 142.977
3162 138.303
3163 147.912
3164 121.346
3165 130.067
3166 123.038
3167 130.875
3168 123.621
3169 122.675
3170 129.766
3171 108.741
3172 122.663
3173 132.899
3174 124.156
3175 133.072
3176 127.471
3177 124.045
3178 121.429
3179 110.657
3180 137.86
3181 138.691
3182 133.673
3183 142.531
3184 131.249
3185 137.605
3186 113.441
3187 115.597
3188 134.396
3189 120.185
3190 119.509
3191 129.989
3192 132.89
3193 113.464
3194 117.189
3195 106.916
3196 113.285
3197 140.494
3198 118.832
3199 131.493
3200 111.337
3201 137.17
3202 125.068
3203 124.3
3204 105.975
3205 116.908
3206 114.403
3207 117.619
3208 141.445
3209 129.071
3210 121.601
3211 124.303
3212 133.023
3213 105.64
3214 127.621
3215 127.53
3216 140.163
3217 128.853
3218 123.191
3219 136.553
3220 128.763
3221 135.849
3222 135.749
3223 144.168
3224 125.092
3225 128.473
3226 119.755
3227 123.491
3228 139.865
3229 136.267
3230 135.12
3231 134.246
3232 120.823
3233 112.779
3234 105.708
3235 114.958
3236 124.074
3237 112.75
3238 114.871
3239 123.136
3240 121.253
3241 108.883
3242 120.182
3243 109.882
3244 118.893
3245 124.724
3246 107.764
3247 116.823
3248 125.11
3249 132.681
3250 110.702
3251 119.846
3252 114.737
3253 119.937
3254 138.594
3255 124.772
3256 118.567
3257 118.96
3258 122.659
3259 119.971
3260 126.6
3261 107.805
3262 104.025
3263 113.097
3264 117.496
3265 111.622
3266 98.9409
3267 111.618
3268 115.633
3269 126.74
3270 118.736
3271 128.916
3272 124.498
3273 111.735
3274 113.613
3275 102.952
3276 107.945
3277 104.773
3278 113.026
3279 112.567
3280 109.144
3281 114.079
3282 123.615
3283 113.342
3284 108.649
3285 112.213
3286 101.766
3287 109.766
3288 118.595
3289 141.514
3290 174.708
3291 194.237
3292 199.551
3293 195.893
3294 161.919
3295 145.389
3296 108.873
3297 97.382
3298 102.44
3299 118.487
3300 106.399
3301 102.275
3302 114.047
3303 113.514
3304 116.353
3305 98.0433
3306 95.4609
3307 104.286
3308 104.797
3309 89.5521
3310 103.269
3311 113.488
3312 120.014
3313 108.136
3314 119.182
3315 134.486
3316 100.681
3317 107.314
3318 89.5508
3319 98.7528
3320 96.4766
3321 108.712
3322 91.9329
3323 109.783
3324 99.5965
3325 104.541
3326 96.1831
3327 88.6468
3328 99.4523
3329 104.016
3330 110.137
3331 123.207
3332 101.841
3333 101.451
3334 92.42
3335 97.9323
3336 92.7775
3337 101.182
3338 96.1304
3339 97.1357
3340 89.362
3341 105.323
3342 98.0622
3343 116.963
3344 103.757
3345 109.91
3346 99.3634
3347 109.438
3348 110.323
3349 106.614
3350 105.423
3351 119.676
3352 108.019
3353 106.784
3354 94.6973
3355 118.94
3356 99.9446
3357 83.5652
3358 115.414
3359 93.3728
3360 92.1305
3361 109.783
3362 100.832
3363 90.6706
3364 87.4139
3365 90.2627
3366 101.638
3367 105.845
3368 101.098
3369 100.854
3370 92.0243
3371 88.4182
3372 92.8314
3373 112.017
3374 95.7234
3375 90.3793
3376 98.9942
3377 101.17
3378 92.6526
3379 82.0343
3380 75.229
3381 83.6257
3382 76.8805
3383 92.9269
3384 75.6999
3385 84.9314
3386 100.971
3387 87.1377
3388 92.3491
3389 100.001
3390 81.7744
3391 89.4123
3392 85.0376
3393 81.2222
3394 96.191
3395 107.064
3396 94.9862
3397 83.7397
3398 94.6824
3399 96.2075
3400 82.7263
3401 86.6562
3402 83.3446
3403 89.3373
3404 80.8426
3405 86.9992
3406 85.5657
3407 92.9414
3408 81.2887
3409 91.8246
3410 78.197
3411 76.2182
3412 97.8863
3413 93.2526
3414 80.5076
3415 78.5392
3416 80.9666
3417 83.5682
3418 89.6035
3419 103.853
3420 95.0302
3421 71.6403
3422 103.668
3423 91.3346
3424 85.2558
3425 87.8179
3426 103.469
3427 112.176
3428 109.38
3429 124.016
3430 121.292
3431 117.586
3432 109.757
3433 97.9805
3434 88.51
3435 92.1179
3436 98.2718
3437 102.037
3438 92.6138
3439 91.2112
3440 75.6808
3441 89.3261
3442 81.2571
3443 90.3842
3444 89.0311
3445 94.8653
3446 93.547
3447 77.0467
3448 78.5144
3449 86.794
3450 99.0483
3451 81.9582
3452 76.01
3453 79.3238
3454 82.7929
3455 86.0742
3456 83.682
3457 80.9379
3458 84.8461
3459 89.5192
3460 72.6567
3461 83.2016
3462 78.1869
3463 87.9245
3464 85.2538
3465 80.6995
3466 79.2831
3467 86.8012
3468 80.1341
3469 80.1889
3470 82.4017
3471 80.7144
3472 79.3905
3473 86.1518
3474 84.2441
3475 87.7403
3476 76.7923
3477 78.168
3478 87.2553
3479 82.9543
3480 89.8258
3481 96.1348
3482 95.5925
3483 88.2919
3484 67.3822
3485 81.4321
3486 82.0826
3487 97.9362
3488 106.89
3489 108.412
3490 113.185
3491 138.976
3492 199.158
3493 291.903
3494 469.431
3495 786.03
3496 1303.15
3497 2000.24
3498 2767.27
3499 3457.76
3500 3818.75
3501 3715.34
3502 3042.44
3503 2244.66
3504 1418.95
3505 805.299
3506 429.067
3507 204.942
3508 110.558
3509 85.8556
3510 79.3584
3511 66.2496
3512 61.0919
3513 79.0997
3514 78.2749
3515 66.2728
3516 68.1508
3517 66.9578
3518 65.118
3519 70.9707
3520 64.4845
3521 61.1143
3522 65.3003
3523 77.6939
3524 64.4728
3525 64.9635
3526 74.303
3527 77.6756
3528 81.9593
3529 81.6001
3530 84.3428
3531 84.8922
3532 76.6802
3533 65.3328
3534 70.8571
3535 62.6649
3536 62.1751
3537 59.4846
3538 68.366
3539 79.1691
3540 68.7015
3541 67.7245
3542 72.9637
3543 72.467
3544 71.6896
3545 71.1293
3546 65.5756
3547 57.79
3548 74.6155
3549 70.5055
3550 61.2184
3551 74.6297
3552 69.8438
3553 61.3332
3554 51.3423
3555 54.6931
3556 68.2991
3557 63.4389
3558 61.3375
3559 52.9962
3560 61.2396
3561 74.5327
3562 61.1133
3563 63.4826
3564 71.9341
3565 55.3499
3566 62.5113
3567 72.7699
3568 59.0885
3569 58.4288
3570 69.4261
3571 76.2409
3572 65.5374
3573 81.583
3574 64.845
3575 54.2236
3576 57.8024
3577 66.9416
3578 79.6818
3579 89.6533
3580 136.086
3581 182.73
3582 241.101
3583 287.703
3584 304.043
3585 327.474
3586 267.322
3587 201.092
3588 133.102
3589 96.9649
3590 73.965
3591 64.5759
3592 76.3184
3593 84.4532
3594 91.3141
3595 133.753
3596 162.488
3597 193.702
3598 204.931
3599 169.555
3600 145.272
3601 115.466
3602 99.7033
3603 80.8877
3604 69.8977
3605 68.4843
3606 64.0323
3607 55.9515
3608 57.285
3609 54.9868
3610 60.1286
3611 58.0706
3612 56.6198
3613 60.641
3614 64.8531
3615 57.4773
3616 56.9227
3617 72.2583
3618 55.5373
3619 62.3184
3620 84.3868
3621 89.1929
3622 111.74
3623 151.695
3624 181.161
3625 169.464
3626 151.136
3627 124.428
3628 109.952
3629 84.438
3630 77.7414
3631 64.507
3632 54.823
3633 59.682
3634 53.5776
3635 57.9483
3636 61.1952
3637 55.4564
3638 47.7448
3639 50.5736
3640 64.6666
3641 61.8678
3642 62.4769
3643 65.0234
3644 54.0512
3645 59.2723
3646 55.8347
3647 58.5343
3648 70.5927
3649 49.4337
3650 51.7479
3651 50.089
3652 56.4953
3653 58.5458
3654 52.6245
3655 59.6066
3656 52.0154
3657 51.899
3658 52.7311
3659 47.7356
3660 44.1455
3661 60.5368
3662 71.1767
3663 65.3638
3664 66.806
3665 69.9198
3666 61.0672
3667 69.8699
3668 53.842
3669 60.928
3670 60.3711
3671 57.1147
3672 52.3378
3673 60.388
3674 57.6758
3675 58.6939
3676 50.9981
3677 50.0057
3678 55.4449
3679 61.4904
3680 56.3558
3681 63.7993
3682 58.5856
3683 61.3749
3684 66.5894
3685 63.5824
3686 59.6059
3687 55.464
3688 63.4521
3689 59.279
3690 60.9306
3691 40.4956
3692 43.9695
3693 55.8175
3694 61.6975
3695 51.8168
3696 52.1686
3697 45.4793
3698 57.9296
3699 50.2041
3700 56.8487
3701 59.6005
3702 58.7646
3703 55.4058
3704 58.0511
3705 43.9839
3706 58.5302
3707 46.6143
3708 60.8365
3709 54.5657
3710 57.1428
3711 79.5328
3712 68.1754
3713 72.9093
3714 69.8379
3715 63.6243
3716 50.6361
3717 65.4333
3718 48.3541
3719 49.9946
3720 47.3156
3721 63.4727
3722 66.1019
3723 52.9187
3724 50.7118
3725 47.8565
3726 56.1558
3727 64.8281
3728 74.3955
3729 80.1333
3730 89.867
3731 103.536
3732 81.8495
3733 77.7632
3734 76.0464
3735 73.2458
3736 69.2814
3737 66.904
3738 67.0122
3739 58.6717
3740 53.2487
3741 58.4983
3742 64.2356
3743 45.29
3744 62.51
3745 63.9077
3746 57.3582
3747 51.9037
3748 51.348
3749 50.4549
3750 56.3933
3751 59.9169
3752 56.6104
3753 53.3531
3754 58.9372
3755 60.1908
3756 64.1446
3757 53.6199
3758 45.2648
3759 57.4081
3760 54.841
3761 55.7821
3762 55.9343
3763 52.7102
3764 63.1098
3765 57.9941
3766 66.9832
3767 64.7587
3768 64.215
3769 59.023
3770 62.7018
3771 60.8901
3772 54.5606
3773 53.9261
3774 56.7435
3775 57.2071
3776 56.4028
3777 54.8574
3778 57.2689
3779 47.4091
3780 54.2599
3781 61.7448
3782 87.2814
3783 102.952
3784 149.061
3785 164.16
3786 199.14
3787 221.158
3788 216.263
3789 180.116
3790 132.345
3791 114.359
3792 68.3075
3793 72.5226
3794 65.2873
3795 70.2075
3796 62.1916
3797 89.2225
3798 86.3035
3799 100.258
3800 158.475
3801 241.615
3802 400.328
3803 575.236
3804 749.52
3805 923.348
3806 874.257
3807 788.45
3808 606.863
3809 474.997
3810 358.85
3811 327.913
3812 354.499
3813 452.264
3814 510.616
3815 568.788
3816 572.807
3817 475.385
3818 430.409
3819 315.274
3820 229.035
3821 168.901
3822 113.432
3823 95.399
3824 75.9733
3825 73.7159
3826 66.7169
3827 84.5197
3828 74.5193
3829 67.8346
3830 61.6761
3831 65.7028
3832 68.9231
3833 70.2302
3834 56.6709
3835 66.0405
3836 57.1417
3837 64.3236
3838 64.9737
3839 63.7892
3840 65.9818
3841 51.8401
3842 57.3976
3843 54.8363
3844 60.5173
3845 54.8761
3846 60.7762
3847 66.9458
3848 69.4619
3849 70.8482
3850 58.079
3851 57.5444
3852 62.062
3853 70.1427
3854 69.7204
3855 68.2955
3856 63.3891
3857 64.6954
3858 53.8323
3859 62.1277
3860 65.9384
3861 66.6278
3862 73.7745
3863 54.1555
3864 63.2346
3865 59.5723
3866 60.8769
3867 73.6347
3868 67.2279
3869 65.7165
3870 75.6516
3871 67.4435
3872 60.6287
3873 67.194
3874 59.9722
3875 69.1185
3876 73.8195
3877 80.1757
3878 101.904
3879 138.617
3880 207.314
3881 303.25
3882 344.18
3883 425.666
3884 462.486
3885 407.941
3886 342.621
3887 251.906
3888 194.985
3889 128.271
3890 120.904
3891 141.138
3892 141.946
3893 119.671
3894 122.221
3895 136.592
3896 109.275
3897 107.93
3898 94.0974
3899 74.8424
3900 77.2462
3901 91.342
3902 107.172
3903 147.636
3904 248.496
3905 313.1
3906 412.203
3907 464.791
3908 479.224
3909 427.617
3910 332.211
3911 251.098
3912 179.127
3913 113.597
3914 89.6254
3915 77.1744
3916 60.004
3917 55.231
3918 57.8582
3919 68.4376
3920 56.9315
3921 63.8445
3922 93.6894
3923 116.215
3924 143.769
3925 172.017
3926 171.668
3927 162.135
3928 142.151
3929 122.573
3930 91.9064
3931 69.5602
3932 59.306
3933 63.1607
3934 66.546
3935 57.5717
3936 48.5694
3937 49.7245
3938 51.1273
3939 55.2889
3940 54.1501
3941 52.5743
3942 49.5084
3943 48.3652
3944 65.2022
3945 60.3285
3946 59.3201
3947 50.4686
3948 59.5899
3949 58.514
3950 54.5563
3951 66.5633
3952 54.0627
3953 47.6744
3954 52.4432
3955 57.271
3956 68.7944
3957 62.3856
3958 53.6298
3959 51.2299
3960 54.3361
3961 56.5593
3962 52.647
3963 52.8044
3964 62.244
3965 62.5115
3966 58.2623
3967 58.9049
3968 58.3742
3969 61.5084
3970 47.3428
3971 56.9618
3972 59.5396
3973 54.9946
3974 63.7079
3975 53.6298
3976 50.3099
3977 59.3945
3978 60.1636
3979 55.9234
3980 55.4559
3981 53.3245
3982 49.3479
3983 58.9135
3984 59.9183
3985 58.3195
3986 63.1203
3987 59.2434
3988 56.4561
3989 61.5588
3990 78.623
3991 74.1788
3992 84.4356
3993 108.315
3994 117.736
3995 100.297
3996 85.6542
3997 81.7096
3998 79.7113
3999 65.3878
4000 55.1403
4001 60.7146
4002 54.7135
4003 58.6746
4004 61.1744
4005 57.46
4006 61.5707
4007 54.7433
4008 49.2174
4009 59.3633
4010 61.9591
4011 57.1115
4012 57.4771
4013 55.8279
4014 49.7873
4015 54.7703
4016 63.1795
4017 61.7856
4018 67.6959
4019 77.4968
4020 93.3151
4021 81.9371
4022 72.9041
4023 69.2246
4024 58.9814
4025 66.1013
4026 75.3425
4027 69.0741
4028 70.4635
4029 56.458
4030 54.0528
4031 48.1433
4032 53.5523
4033 68.3811
4034 69.0986
4035 63.1782
4036 70.5072
4037 59.0917
4038 63.8692
4039 76.7608
4040 94.2194
4041 94.3672
4042 77.9872
4043 77.8252
4044 78.5364
4045 73.9065
4046 64.1672
4047 64.1116
4048 61.6304
4049 49.9032
4050 64.7595
4051 59.8776
4052 55.3942
4053 52.9866
4054 50.0191
4055 49.2991
4056 55.2441
4057 50.8848
4058 53.9083
4059 50.2682
4060 59.8182
4061 50.7089
4062 62.7824
4063 59.017
4064 63.675
4065 59.6508
4066 70.0179
4067 64.2205
4068 49.2412
4069 52.5278
4070 60.5186
4071 60.0891
4072 68.0926
4073 64.4309
4074 61.7116
4075 55.5029
4076 63.2274
4077 67.7573
4078 65.6482
4079 76.1499
4080 61.1471
4081 65.1103
4082 64.0425
4083 66.5349
4084 59.4672
4085 59.6343
4086 61.9195
4087 72.0144
4088 64.0472
4089 66.5915
4090 62.6768
4091 59.9943
4092 53.5117
4093 63.6307
4094 50.1419
4095 71.4443
