0 0
1 0
2 0
3 0
4 0
5 0
6 0
7 0
8 0
9 0
10 0
11 0
12 0
13 0
14 0
15 0
16 0
17 0
18 0
19 0
20 0
21 0
22 0
23 0
24 0
25 0
26 0
27 0
28 0
29 0
30 0
31 0
32 0
33 0
34 0
35 0
36 9148.64
37 52354.9
38 47965.5
39 35950.9
40 37333.6
41 40054.4
42 40979.6
43 40482.5
44 39632.3
45 40169.3
46 39718.7
47 39343.9
48 38812.5
49 38758
50 38318.8
51 37939.3
52 37805.8
53 37664.5
54 37405
55 37172.5
56 37112.7
57 36671.1
58 36588.1
59 36723.6
60 36256.4
61 35786.9
62 35780.8
63 35775.7
64 35388.3
65 35490.8
66 35190.5
67 35127.9
68 34776.8
69 34467.2
70 34485.2
71 33988.2
72 33835.1
73 33541.9
74 33198.8
75 33226.8
76 33379.2
77 33194.2
78 32967.1
79 32679.6
80 32523.1
81 32055.5
82 32349
83 32308.2
84 32089.9
85 31939.8
86 32116.7
87 31561
88 31613.6
89 31250.1
90 30856.8
91 30765.4
92 31118
93 31006.2
94 30868
95 30616.2
96 30579
97 30321.1
98 30109.6
99 30194
100 30024
101 30095.8
102 30018.2
103 29957.3
104 29686.5
105 29663.4
106 29734.8
107 29539
108 29801.5
109 29686.3
110 29552.7
111 29792.9
112 29696.1
113 29427
114 29308.8
115 29226.1
116 29358.6
117 29492.4
118 29610.7
119 29707.6
120 29533.7
121 29642.7
122 30052.5
123 30056.1
124 30160.5
125 30224.2
126 30146.7
127 30383.8
128 30594.6
129 30665.6
130 30642.9
131 31126.6
132 31333.8
133 31344
134 31687.8
135 31774.8
136 31875.7
137 32126.3
138 32614.3
139 32796.7
140 33066.7
141 33426.4
142 33362.2
143 33807.3
144 33937.5
145 34443.6
146 34938.4
147 35209.2
148 35471.8
149 35615
150 35657.2
151 35668.1
152 36227.6
153 36537.9
154 36886.6
155 37159.6
156 37449.3
157 37584.3
158 37947.4
159 38299.9
160 38499.2
161 38836
162 39430.9
163 39813
164 39976.7
165 40493.5
166 41082.4
167 42128.1
168 43373.3
169 44957.8
170 44993.8
171 44371.1
172 45219.6
173 47969
174 50989.7
175 51013.2
176 47842.8
177 45727.3
178 46087.3
179 47383.9
180 47799.7
181 46355.3
182 44897.6
183 44128.8
184 44287.2
185 44636.5
186 44839.9
187 44823.8
188 45231.1
189 45462.3
190 45692.1
191 46002.6
192 46252.6
193 46343.5
194 46972
195 47429.5
196 48526.3
197 49682.2
198 49941.2
199 49403.9
200 48802.5
201 48581.8
202 49044.1
203 50066.8
204 50308.3
205 49705.3
206 48790.7
207 48299.2
208 48421.9
209 48953.8
210 49426.1
211 49354.4
212 48936.1
213 48496.7
214 48780.4
215 49286.7
216 50030.3
217 50798
218 50990.1
219 49993.5
220 49377.1
221 49179.8
222 48863.7
223 48767.7
224 48778.6
225 48673.5
226 48766
227 49097.6
228 49162.5
229 49090.6
230 49127.2
231 49384.5
232 49598.7
233 49405.2
234 49350.2
235 49372.7
236 49218.5
237 49139.2
238 49296.4
239 49299.4
240 49214.5
241 49100
242 49191.7
243 49174.3
244 49210.8
245 49334.3
246 49215.9
247 49443.3
248 49475.1
249 49422.5
250 49503.6
251 49373.1
252 49095.3
253 49174.5
254 49220.9
255 48913.2
256 48822.3
257 48881.4
258 49171.9
259 49183.1
260 48827
261 48454.9
262 48450.4
263 48715.6
264 48817.4
265 48776.2
266 48445.3
267 48185.4
268 48203.4
269 48236.3
270 48371.8
271 48311.5
272 48340.8
273 48038.7
274 47562.8
275 47884.5
276 47715.2
277 47202.7
278 47349.7
279 47477.5
280 47193.7
281 47062.6
282 47056.8
283 46979.5
284 46684.5
285 46386.8
286 46651.2
287 46719
288 46313.6
289 46246.2
290 46399.3
291 46420.9
292 46125.3
293 45854.4
294 45621.4
295 45751.1
296 46000.3
297 45713.3
298 45486
299 45314.6
300 45225.9
301 45421.7
302 45608.8
303 45885.2
304 45711.3
305 45701.3
306 44859.7
307 44141.4
308 44019.3
309 44253.9
310 43890.3
311 43725.5
312 43372.5
313 43402.2
314 43537.8
315 43159.6
316 43029.4
317 42688.8
318 42665.8
319 42834.5
320 42413.1
321 42184.3
322 42124.4
323 42147.4
324 42014
325 41783.7
326 41714
327 41750.4
328 41542.1
329 41243.9
330 41107.1
331 40972.8
332 40849
333 40840.8
334 40672.1
335 40471.9
336 40245
337 40158.6
338 39978.2
339 40051.2
340 39946.7
341 39519.2
342 39106.4
343 39049.5
344 39130.3
345 38739.9
346 38641
347 38727.2
348 38384.6
349 38100.5
350 38214.1
351 38071.5
352 38041.8
353 38012.4
354 37786.3
355 37612.9
356 37417.1
357 37333.6
358 37007.3
359 36955.3
360 36711.5
361 36563.2
362 36816
363 36936.7
364 36660.1
365 36274.5
366 36158.5
367 36141.8
368 35714.8
369 35229.1
370 34915.2
371 35132
372 35252.5
373 34785.9
374 34838.6
375 34643.8
376 34447.4
377 34423.6
378 34039.2
379 34354.5
380 34091.7
381 33783.1
382 33657.6
383 33463.6
384 33293.6
385 33080.8
386 33148.3
387 33143.1
388 32678.3
389 32697.4
390 32638.3
391 32220.5
392 32380.5
393 32196.2
394 32274.5
395 31915.3
396 31602.9
397 31430.7
398 31685.6
399 31291.9
400 31136.3
401 31185
402 31050.2
403 31132.3
404 30855.4
405 30923.3
406 30817.5
407 30399.5
408 30208.5
409 30004.6
410 29874.6
411 29808.9
412 29889.3
413 29734.9
414 29570.3
415 29650.9
416 29357.3
417 29694.5
418 29550
419 29381.5
420 29146.4
421 29083.9
422 29040.6
423 28863.5
424 28643.2
425 28743.6
426 28386.8
427 28252.2
428 28270.1
429 28065.8
430 27996.1
431 27923.2
432 27840.1
433 27725.2
434 27592.6
435 27470.1
436 27554.3
437 27620.6
438 27751.6
439 28801.5
440 30056.6
441 30440.9
442 28840.8
443 28121.1
444 27121.5
445 26520.9
446 26200.2
447 26094.4
448 26128.7
449 25828
450 25871.2
451 25772.1
452 25782
453 25513.8
454 25462.1
455 25223.9
456 25356.8
457 24963.5
458 25268.6
459 24924.8
460 25126.7
461 25080.3
462 24894.2
463 24633.8
464 24702.4
465 24358.4
466 24216.6
467 24384.9
468 24218.2
469 24073.7
470 24086
471 24253.2
472 24158.2
473 23942.5
474 23961.5
475 23895.8
476 23800.6
477 23617.7
478 23520.2
479 23349.5
480 23213.5
481 22986.3
482 22979.9
483 22990.3
484 22816.2
485 22856.8
486 22875.2
487 22824.8
488 22835
489 22558.3
490 22150.3
491 22094.3
492 22237.6
493 22248.3
494 22511.6
495 22896.5
496 23627.5
497 23734.8
498 23109.8
499 22255.2
500 21789.8
501 21567.2
502 21218.7
503 21198.5
504 21033.2
505 21192.8
506 21174.6
507 21078.2
508 21000.4
509 20809.5
510 20757.8
511 20926.6
512 20860.1
513 20618.4
514 20895.9
515 20760
516 20345.7
517 20485
518 20159.5
519 20488.3
520 20542.6
521 20532.9
522 20267.1
523 20241.9
524 20136.9
525 19897.4
526 20025.3
527 19808.6
528 19795.1
529 19738.5
530 19587.8
531 19381.1
532 19355.4
533 19476.8
534 19157.6
535 19317.1
536 19125.7
537 18972.3
538 18849.3
539 19046
540 18948.6
541 18819.4
542 18944.8
543 18923.9
544 18659.9
545 18661.8
546 18257.4
547 18501.5
548 18595
549 18410.8
550 18111.8
551 18192.7
552 18042.3
553 18112.8
554 17887.2
555 18067.6
556 17920.2
557 17843.6
558 17705
559 17778.6
560 17860.9
561 17774.3
562 17722.3
563 17890.8
564 19122.6
565 23107.8
566 30923.2
567 37757.6
568 36320
569 28638.6
570 21511.2
571 18553.8
572 18170.1
573 18832.5
574 19733.2
575 19985.9
576 19573.4
577 17734.4
578 16580.3
579 15786.3
580 15544.5
581 15440.2
582 15345.2
583 15180.2
584 15163.1
585 15186.9
586 15035.1
587 15142.8
588 15095.1
589 14902.4
590 14781.9
591 14907.7
592 14905.3
593 14746.3
594 14681.8
595 14677.3
596 14741.1
597 14500
598 14614.2
599 14557
600 14674.6
601 14451.1
602 14431.5
603 14420.6
604 14167.3
605 14049.2
606 14113
607 13968.6
608 13983.9
609 14167.5
610 14150
611 13695.3
612 13683.1
613 13576.9
614 13798.4
615 13847.3
616 13932.2
617 13854.1
618 13545
619 13578.6
620 13536.2
621 13411.4
622 13430.2
623 13271.2
624 13161.1
625 13185.3
626 13238.7
627 13068.7
628 13120
629 13110.6
630 12985.8
631 12895
632 12881.4
633 12794.5
634 12778
635 12738.6
636 12930.6
637 12575.3
638 12657.8
639 12730.2
640 12880.5
641 13256.7
642 13850
643 14167.1
644 14127.2
645 13498.3
646 12916.1
647 12578
648 12345.3
649 12208.8
650 12181.5
651 12176
652 12221.6
653 12327.5
654 12176.6
655 12127.6
656 12120.2
657 12016.9
658 12297.2
659 12704.6
660 12811.4
661 12658.3
662 12294.6
663 11993.1
664 11887.5
665 11645
666 11463.7
667 11500.4
668 11467.3
669 11438.1
670 11482.3
671 11385.4
672 11351.3
673 11392.2
674 11275.2
675 11208.1
676 11305.1
677 11276.5
678 11118.7
679 11007.5
680 11111.4
681 11089.5
682 11171.4
683 11096.3
684 10980.2
685 11024.2
686 11079.1
687 11070.8
688 10877.5
689 10734.8
690 10490.6
691 10439.5
692 10626
693 10698.9
694 10631.3
695 10761.7
696 10728.8
697 10627.1
698 10593
699 10693.5
700 11340.3
701 13146.5
702 15942.2
703 17797.8
704 16991.3
705 14450.6
706 11919.1
707 10660.5
708 10221.1
709 10147.6
710 10137.8
711 10105
712 10214.1
713 10558.8
714 10930.7
715 11253.1
716 11122.9
717 10476.4
718 9967.43
719 9854.82
720 9724.83
721 9657.5
722 9700.62
723 9748.5
724 9622.17
725 9470.4
726 9518.93
727 9594.63
728 9481.73
729 9364.29
730 9460.7
731 9570.49
732 9436.43
733 9336.33
734 9321.92
735 9283.85
736 9316.26
737 9226.11
738 9107.97
739 9167.18
740 9248.39
741 9191.11
742 9076.63
743 9123.96
744 9108.94
745 9098.98
746 9077.1
747 9024.56
748 8948.58
749 8976.5
750 9025.82
751 8906.31
752 8873.08
753 8886.79
754 8934.27
755 8844.38
756 8722.95
757 8786.19
758 8889.83
759 8822.57
760 8841.23
761 8849.84
762 8769.22
763 8672.82
764 8594.42
765 8680.89
766 8684.04
767 8634.26
768 8554.03
769 8403.65
770 8432
771 8570.52
772 8649.9
773 8555.78
774 8442.42
775 8425.25
776 8420.65
777 8470.88
778 8467.43
779 8537.56
780 8988.58
781 9476.86
782 9526.86
783 9201.39
784 8803.11
785 8610.87
786 8398.33
787 8290.42
788 8253.91
789 8231.95
790 8163.77
791 8309.62
792 8327.93
793 8268.24
794 8155.15
795 8055.66
796 7967.5
797 7965.15
798 7929.24
799 7931.32
800 7950.94
801 7999.61
802 8030.75
803 8245.83
804 9058.74
805 10516.7
806 11959.9
807 12397.1
808 11315.5
809 9568.43
810 8325.9
811 7943.5
812 7750.52
813 7736.22
814 7754.85
815 7664.65
816 7564.1
817 7547.55
818 7422.27
819 7404.84
820 7435.3
821 7360.77
822 7527.01
823 7526.44
824 7385.92
825 7298.29
826 7333.21
827 7251.13
828 7332.26
829 7397.16
830 7364.97
831 7310.3
832 7330.9
833 7287.19
834 7379.89
835 7814.53
836 8983.59
837 11899.1
838 16540
839 20251.6
840 19660.9
841 15415.9
842 10883.6
843 8128.84
844 7118.03
845 6762.46
846 6805.89
847 6742.1
848 6830.39
849 6846.22
850 6872.01
851 6856.44
852 6856.27
853 6752.4
854 6743.75
855 6683.95
856 6558.12
857 6577.26
858 6743.1
859 6761.66
860 6651.66
861 6563.69
862 6650.47
863 6497.14
864 6628.52
865 6668.71
866 6547.44
867 6569.59
868 6609.81
869 6513.65
870 6501.28
871 6435.37
872 6515.01
873 6447.46
874 6445.7
875 6540.78
876 6508.86
877 6429.99
878 6466.39
879 6316.53
880 6469.48
881 6461.16
882 6428.06
883 6404.86
884 6325.95
885 6223.37
886 6325.53
887 6307.69
888 6329.39
889 6163.73
890 6184.49
891 6288.57
892 6180.14
893 6053.33
894 6057.01
895 6183.79
896 6201.33
897 6197.78
898 6163.5
899 6176.72
900 6189.56
901 6122.35
902 6191.76
903 6089.37
904 6063.21
905 6110.54
906 6060.65
907 6150.05
908 6044.22
909 6020.09
910 6084.77
911 6064.01
912 6039.29
913 6061.5
914 5899.48
915 5947.1
916 5976.88
917 5900.4
918 5835.84
919 5963.39
920 6023.19
921 6014.39
922 5952.85
923 5936.09
924 5980.07
925 5876.1
926 5995.45
927 6111.59
928 5998.31
929 5961.04
930 5873.67
931 5909.4
932 5819.82
933 5767.9
934 5773.14
935 5811
936 5722.22
937 5807.38
938 5749.56
939 5668.58
940 5718.77
941 5737.98
942 5644.67
943 5651.92
944 5792.7
945 5639.32
946 5649.01
947 5667.15
948 5685.65
949 5616.3
950 5649.64
951 5549.11
952 5625.36
953 5556.34
954 5513.57
955 5625.35
956 5512.19
957 5555.58
958 5676.7
959 5630.79
960 5520.99
961 5494.83
962 5465.6
963 5513.07
964 5432.48
965 5452.2
966 5541.97
967 5474
968 5569.71
969 5456.48
970 5331.05
971 5316.23
972 5390.23
973 5215.53
974 5415.21
975 5534.66
976 5995.1
977 6121.02
978 6005.65
979 5735.74
980 5576.64
981 5316.99
982 5279.33
983 5217.09
984 5154.3
985 5117.77
986 5219.82
987 5135.77
988 5174.95
989 5114.9
990 5276.95
991 5294.65
992 5254.87
993 5217.76
994 5059.16
995 5250.35
996 5066.92
997 5163.07
998 5085.66
999 5134.36
1000 4990.19
1001 5030.44
1002 5045.53
1003 5112.59
1004 5011.05
1005 4892.88
1006 5025.3
1007 5035.8
1008 5020.62
1009 4959.52
1010 5024
1011 4848.75
1012 5000.6
1013 4921.36
1014 5020.8
1015 4867.91
1016 5027.38
1017 4997.59
1018 4893.96
1019 4917.16
1020 4881.7
1021 4935.48
1022 4911.69
1023 4911.82
1024 4812.45
1025 4826.24
1026 4852.99
1027 4761.59
1028 4707.75
1029 4755.47
1030 4707.39
1031 4582.01
1032 4686.43
1033 4743.79
1034 4636.17
1035 4688.44
1036 4765.26
1037 4650.74
1038 4544.87
1039 4647.38
1040 4725.22
1041 4636.3
1042 4588.9
1043 4630.66
1044 4657.34
1045 4633.59
1046 4868.85
1047 4949.07
1048 5101.71
1049 4975.52
1050 4767.76
1051 4858.23
1052 4604.29
1053 4614.29
1054 4706.5
1055 4718.38
1056 4543.24
1057 4455.03
1058 4477.64
1059 4528.14
1060 4519.5
1061 4594.62
1062 4581.39
1063 4469.4
1064 4555.7
1065 4541.91
1066 4471.47
1067 4582.61
1068 4513.54
1069 4493.43
1070 4499.84
1071 4515.83
1072 4575.46
1073 4355.92
1074 4455.13
1075 4437.75
1076 4482.79
1077 4489.52
1078 4414.58
1079 4403.66
1080 4480.17
1081 4497.93
1082 4559.08
1083 4415.39
1084 4410.38
1085 4398.56
1086 4400.91
1087 4420.46
1088 4423.46
1089 4272.34
1090 4370.79
1091 4327.14
1092 4288.1
1093 4414.74
1094 4324.03
1095 4313.29
1096 4170.12
1097 4276.41
1098 4381.46
1099 4330.97
1100 4261.79
1101 4304.45
1102 4346.72
1103 4595.08
1104 5011.69
1105 5557.07
1106 5718.41
1107 5399.96
1108 4925.36
1109 4505.63
1110 4246.39
1111 4135.29
1112 4204.11
1113 4183.41
1114 4184.65
1115 4110.57
1116 4097.83
1117 4049.75
1118 4203.19
1119 4129.97
1120 4042.96
1121 4146.78
1122 4155.3
1123 4157.34
1124 4113.64
1125 4171.76
1126 4081.88
1127 4059.34
1128 4108.4
1129 4046.33
1130 3999.61
1131 3950.75
1132 4002.31
1133 4042.33
1134 3923.42
1135 3989.67
1136 3983.81
1137 3992.97
1138 4026.36
1139 4027.34
1140 4071.09
1141 4083.65
1142 4031.12
1143 3991.81
1144 4128.41
1145 4111.1
1146 4062.32
1147 4088.21
1148 4118.87
1149 4092.16
1150 4016.94
1151 3937.17
1152 3894.59
1153 3815.35
1154 3861.45
1155 3908
1156 3928.74
1157 3858.51
1158 3841.13
1159 3827.07
1160 3790.46
1161 3894.15
1162 3916.61
1163 3869.13
1164 3893.81
1165 3903.63
1166 3878.65
1167 3872.27
1168 3826.16
1169 3853.4
1170 3828.34
1171 3802.53
1172 3737.15
1173 3811.79
1174 3852.8
1175 3809.28
1176 3775.34
1177 3786.75
1178 3762.03
1179 3727.16
1180 3743.4
1181 3833.71
1182 3789.09
1183 3740.54
1184 3702.67
1185 3730.2
1186 3763.57
1187 3737.73
1188 3727.62
1189 3746.76
1190 3690.42
1191 3681.37
1192 3723.34
1193 3669.98
1194 3686.45
1195 3606.39
1196 3649.27
1197 3652.5
1198 3693.3
1199 3687.93
1200 3606.86
1201 3704.6
1202 3698.94
1203 3668.63
1204 3678.5
1205 3638.6
1206 3656.52
1207 3702
1208 3670.96
1209 3609.08
1210 3650.03
1211 3681.69
1212 3684.2
1213 3751.75
1214 3805.3
1215 4015.7
1216 4456.05
1217 4951.51
1218 5833.87
1219 6989.58
1220 7987.34
1221 8148.15
1222 7347.08
1223 6196.91
1224 5289.76
1225 4646.62
1226 4201.59
1227 3891.29
1228 3694.33
1229 3595.87
1230 3522.33
1231 3516.41
1232 3506.29
1233 3495.93
1234 3494.21
1235 3455.13
1236 3468.15
1237 3424.8
1238 3357.33
1239 3400.19
1240 3436.2
1241 3465.47
1242 3485.87
1243 3489.37
1244 3477.48
1245 3427.98
1246 3411.27
1247 3382.95
1248 3440.54
1249 3448.29
1250 3378.86
1251 3394.68
1252 3444.96
1253 3351.5
1254 3349.33
1255 3360.57
1256 3306.21
1257 3310.94
1258 3298.89
1259 3344.46
1260 3380.55
1261 3407.8
1262 3371.64
1263 3332.55
1264 3364.05
1265 3353.97
1266 3307.24
1267 3291.74
1268 3333.82
1269 3399.38
1270 3340
1271 3304.08
1272 3328.15
1273 3319.55
1274 3348.16
1275 3384.5
1276 3306.49
1277 3254.44
1278 3320.08
1279 3283.92
1280 3258.48
1281 3307.51
1282 3295.17
1283 3256.23
1284 3241.73
1285 3318.97
1286 3343.55
1287 3249.84
1288 3257.56
1289 3294.65
1290 3181.28
1291 3173.93
1292 3234.98
1293 3179.34
1294 3119.18
1295 3143.87
1296 3209.2
1297 3225.64
1298 3267.44
1299 3213.5
1300 3220.76
1301 3248.49
1302 3174.86
1303 3132.23
1304 3202.91
1305 3251.91
1306 3220.56
1307 3246.29
1308 3251.34
1309 3166.85
1310 3116.74
1311 3234.61
1312 3253.68
1313 3195.72
1314 3217.99
1315 3182.38
1316 3228.25
1317 3165.68
1318 3133.95
1319 3151.95
1320 3205.03
1321 3121.54
1322 3075.93
1323 3101.14
1324 3134.11
1325 3105.01
1326 3130.26
1327 3140.91
1328 3114.46
1329 3147.69
1330 3106.76
1331 3170.51
1332 3105.79
1333 3105.53
1334 3093.24
1335 3067.75
1336 3036.39
1337 3142.95
1338 3218.44
1339 3148.11
1340 3089.74
1341 3122.25
1342 3212.85
1343 3286.42
1344 3313.33
1345 3274.5
1346 3221.25
1347 3181.48
1348 3184.21
1349 3073.82
1350 3023.7
1351 3032.15
1352 3074.96
1353 3065.67
1354 3041.05
1355 3026.72
1356 3129.27
1357 3185.87
1358 3288.8
1359 3762.64
1360 4516.9
1361 5515.53
1362 5951.83
1363 5664.55
1364 4800.65
1365 3840.48
1366 3301.41
1367 3107.94
1368 3062.96
1369 2987.56
1370 2958.08
1371 3061.17
1372 3020.59
1373 3035
1374 3059.78
1375 3026.3
1376 2988.86
1377 2978.04
1378 3009.7
1379 2955.17
1380 2953.77
1381 2917.82
1382 2906.65
1383 2967.64
1384 2976.91
1385 3041.08
1386 3020.66
1387 2959.11
1388 3011.94
1389 3138.75
1390 3554.45
1391 4595.3
1392 6779.27
1393 9721.08
1394 11852.2
1395 11558.6
1396 9119.43
1397 6110.69
1398 4076.88
1399 3080.68
1400 2807.89
1401 2820.27
1402 2764.31
1403 2786.66
1404 2741.71
1405 2717.21
1406 2706.51
1407 2719.48
1408 2761.05
1409 2730.6
1410 2732.62
1411 2759.66
1412 2705.14
1413 2788.57
1414 2743.09
1415 2717.49
1416 2707.38
1417 2681.86
1418 2638.79
1419 2710.29
1420 2687.45
1421 2638.19
1422 2752.84
1423 2741.86
1424 2785.25
1425 2741.75
1426 2816.4
1427 2713.57
1428 2743.8
1429 2718.18
1430 2682.83
1431 2703.03
1432 2718.01
1433 2678.1
1434 2593.94
1435 2656.58
1436 2671.83
1437 2660.75
1438 2698.68
1439 2681.33
1440 2685.94
1441 2777.82
1442 2752.36
1443 2726.87
1444 2672.86
1445 2798.27
1446 2662.54
1447 2640.21
1448 2663.65
1449 2635.33
1450 2711.33
1451 2863.19
1452 2988.62
1453 3863.49
1454 5833.79
1455 9377.32
1456 13163.9
1457 15352.2
1458 14030.9
1459 9760.14
1460 6114.59
1461 3682.1
1462 2780.03
1463 2535.94
1464 2397.85
1465 2501.22
1466 2513.28
1467 2480.18
1468 2519.86
1469 2537.94
1470 2559.46
1471 2492.43
1472 2547.58
1473 2527.18
1474 2532.5
1475 2498.89
1476 2564.63
1477 2516.71
1478 2446.3
1479 2556.69
1480 2472.49
1481 2456.17
1482 2504.94
1483 2476.48
1484 2448.86
1485 2559.77
1486 2543.02
1487 2484.19
1488 2508.5
1489 2549.85
1490 2504.36
1491 2482.16
1492 2443.88
1493 2471.95
1494 2468.83
1495 2425.79
1496 2515.87
1497 2379.56
1498 2337.48
1499 2389.33
1500 2339.56
1501 2422.12
1502 2380.06
1503 2533.09
1504 2394.65
1505 2427.68
1506 2437.2
1507 2446.27
1508 2343.38
1509 2312.87
1510 2422.23
1511 2409.71
1512 2430.14
1513 2436.4
1514 2394.06
1515 2382.5
1516 2409.89
1517 2451.65
1518 2396.9
1519 2411.18
1520 2413.63
1521 2326.66
1522 2397.53
1523 2382.65
1524 2346.39
1525 2355.25
1526 2356.81
1527 2391.11
1528 2331.04
1529 2373.2
1530 2385.87
1531 2334.55
1532 2371.12
1533 2369.43
1534 2348.34
1535 2366.54
1536 2389.9
1537 2339.16
1538 2317.6
1539 2407.72
1540 2356.02
1541 2353.74
1542 2327.15
1543 2297.63
1544 2297.88
1545 2294.96
1546 2287.79
1547 2338.47
1548 2421.32
1549 2391.89
1550 2353.3
1551 2360.84
1552 2277.73
1553 2415.14
1554 2377.09
1555 2374.28
1556 2324.28
1557 2388.47
1558 2318.15
1559 2353.34
1560 2390.95
1561 2274.14
1562 2431.98
1563 2307.24
1564 2346.74
1565 2285.29
1566 2309.08
1567 2350.42
1568 2336.39
1569 2284.82
1570 2329.77
1571 2293.22
1572 2269.04
1573 2238.26
1574 2305.29
1575 2338.4
1576 2316.75
1577 2370.82
1578 2427.09
1579 2467.84
1580 2929.84
1581 3498.16
1582 3994.47
1583 4067.06
1584 3697.75
1585 3123.07
1586 2704.42
1587 2436.03
1588 2310.3
1589 2368.27
1590 2542.35
1591 2726.84
1592 2664.72
1593 2586.7
1594 2438.19
1595 2292.67
1596 2187.46
1597 2261.59
1598 2300.04
1599 2167.89
1600 2249.36
1601 2171.82
1602 2160.1
1603 2231.06
1604 2199.44
1605 2229.65
1606 2264.3
1607 2203.19
1608 2214.57
1609 2237.48
1610 2224.04
1611 2223.61
1612 2241.74
1613 2269.85
1614 2241.95
1615 2235.47
1616 2181.32
1617 2282.3
1618 2225.18
1619 2207.14
1620 2212.57
1621 2177.99
1622 2208.33
1623 2169.94
1624 2178.21
1625 2222.86
1626 2263.88
1627 2150.98
1628 2153.86
1629 2182.64
1630 2196.34
1631 2197.61
1632 2177.64
1633 2170.87
1634 2188.4
1635 2238.8
1636 2194.94
1637 2193.51
1638 2237.85
1639 2200.84
1640 2262.75
1641 2229.39
1642 2241.39
1643 2200.93
1644 2193.91
1645 2241.69
1646 2254.88
1647 2173.23
1648 2165.11
1649 2210.76
1650 2195.92
1651 2161.47
1652 2168.47
1653 2172.69
1654 2213.77
1655 2179.66
1656 2150.37
1657 2164.52
1658 2160.97
1659 2189.68
1660 2150.68
1661 2199.08
1662 2207.5
1663 2167.32
1664 2141.72
1665 2173.88
1666 2194.25
1667 2116.06
1668 2121.88
1669 2144.8
1670 2171.4
1671 2194.62
1672 2186.1
1673 2144.51
1674 2143.61
1675 2118.97
1676 2101.48
1677 2124.26
1678 2168.54
1679 2253.56
1680 2275.58
1681 2245.22
1682 2251.45
1683 2287.94
1684 2261.93
1685 2171.42
1686 2122.48
1687 2132.17
1688 2129.4
1689 2137.72
1690 2155.88
1691 2134.2
1692 2181.22
1693 2207.74
1694 2184.35
1695 2099.39
1696 2079.49
1697 2102.23
1698 2120.75
1699 2114.07
1700 2128.94
1701 2119.97
1702 2087.52
1703 2079.79
1704 2143.88
1705 2110.29
1706 2095.78
1707 2082.12
1708 2090.78
1709 2060.9
1710 2073.47
1711 2094.05
1712 2039.27
1713 2026.18
1714 2058.16
1715 2101.16
1716 2087.46
1717 2068.28
1718 2099.38
1719 2096.17
1720 2084.51
1721 2134.28
1722 2172.1
1723 2148.72
1724 2086.08
1725 2081.25
1726 2043.69
1727 2027.15
1728 2067.72
1729 2069.93
1730 2068.39
1731 2046.3
1732 2016.07
1733 2021.85
1734 1986.06
1735 2081.88
1736 2226.8
1737 2594.44
1738 3152.82
1739 3693.15
1740 3945.51
1741 3717.46
1742 3145.03
1743 2607.66
1744 2200.29
1745 2033.72
1746 2001.05
1747 1945.41
1748 1928.09
1749 2000.09
1750 2021.24
1751 2006.8
1752 1985.71
1753 1984.28
1754 2039.16
1755 2040.37
1756 2005.17
1757 1969.49
1758 1967.54
1759 1949.81
1760 1951.13
1761 1983.25
1762 2040.19
1763 1964.85
1764 1913.06
1765 1907.35
1766 1893.2
1767 1938.86
1768 1983.51
1769 1912.69
1770 1893.78
1771 1949.82
1772 1988.9
1773 1994.08
1774 2062.99
1775 2035.78
1776 2085.22
1777 2052.5
1778 2016.88
1779 1997.26
1780 1968.96
1781 1901.97
1782 1881.89
1783 1900.29
1784 1899.16
1785 1918.85
1786 1891.61
1787 1876.07
1788 1895.96
1789 1909.56
1790 1933.33
1791 1944.17
1792 1968.42
1793 1915.97
1794 1882.09
1795 1910.46
1796 1939.71
1797 1895
1798 1946.05
1799 1917.85
1800 1918.61
1801 1932.35
1802 1924.21
1803 1935.07
1804 1946.97
1805 2014.97
1806 2132.31
1807 2211.58
1808 2219.62
1809 2102.12
1810 2043.03
1811 2012.95
1812 1923.58
1813 1901.68
1814 1935.35
1815 1866.74
1816 1835.35
1817 1830
1818 1848.8
1819 1886.25
1820 1886.97
1821 1885.86
1822 1864.32
1823 1837.5
1824 1973.58
1825 2044.66
1826 2041.77
1827 2037.71
1828 1997.43
1829 1946.21
1830 1933.47
1831 1914.94
1832 1959.75
1833 1947.58
1834 2005.93
1835 2175.48
1836 2459.69
1837 2734.66
1838 2862.46
1839 2987.91
1840 2797.36
1841 2411.45
1842 2066.34
1843 1944.61
1844 1980.54
1845 1979.04
1846 2025.05
1847 2122.48
1848 2192.6
1849 2107.89
1850 2073.93
1851 1981.25
1852 1883.42
1853 1799.32
1854 1824.67
1855 1759.14
1856 1759.6
1857 1841.37
1858 1802.89
1859 1802.91
1860 1797.5
1861 1848.41
1862 1780.94
1863 1725.85
1864 1828.69
1865 1743.85
1866 1733.39
1867 1790.9
1868 1798.3
1869 1786.64
1870 1806.97
1871 1903.65
1872 1872.07
1873 1824.04
1874 1785.83
1875 1785.97
1876 1859.65
1877 1938
1878 2079.25
1879 2206.17
1880 2282.22
1881 2310.55
1882 2140.71
1883 1949.75
1884 1879.71
1885 1851.48
1886 1780.11
1887 1692.67
1888 1787.1
1889 1746.62
1890 1764.66
1891 1701.83
1892 1719.09
1893 1770.85
1894 1718.67
1895 1740.19
1896 1805.2
1897 1834.03
1898 1900.37
1899 2007.62
1900 2306.04
1901 2618.56
1902 2772.51
1903 2672.41
1904 2498.38
1905 2171.32
1906 1948.83
1907 1777.13
1908 1729.23
1909 1739.79
1910 1733.4
1911 1708.69
1912 1738.08
1913 1702.01
1914 1730.55
1915 1681.3
1916 1677.42
1917 1690.13
1918 1667.38
1919 1692.57
1920 1714.29
1921 1654.39
1922 1616.79
1923 1681.21
1924 1730.24
1925 1833.05
1926 1722.13
1927 1811.98
1928 1872.31
1929 1983.74
1930 1938.98
1931 1973.33
1932 1827.8
1933 1756.21
1934 1690.01
1935 1657.57
1936 1693.52
1937 1678.92
1938 1663.18
1939 1667.22
1940 1689.58
1941 1578.13
1942 1677.42
1943 1660.94
1944 1662.81
1945 1670.73
1946 1717.19
1947 1665.5
1948 1652.55
1949 1640.61
1950 1696.4
1951 1657.65
1952 1656.67
1953 1668.29
1954 1677.81
1955 1707.41
1956 1601.96
1957 1632.38
1958 1674.64
1959 1650.03
1960 1687.92
1961 1679.56
1962 1647.23
1963 1639.24
1964 1751.19
1965 1665.64
1966 1690.91
1967 1630.49
1968 1654.88
1969 1620.75
1970 1663.33
1971 1654.95
1972 1621.36
1973 1626.03
1974 1650.4
1975 1742.47
1976 1649.49
1977 1616.12
1978 1722.57
1979 1644.37
1980 1578.55
1981 1657.21
1982 1681.14
1983 1728.33
1984 1654.91
1985 1658.96
1986 1698.34
1987 1807.31
1988 1759.02
1989 1789.73
1990 1735.87
1991 1738.79
1992 1763.61
1993 1664.39
1994 1648.22
1995 1633.05
1996 1601.51
1997 1749.43
1998 1884.35
1999 1999.42
2000 1999.55
2001 1954.3
2002 1937.91
2003 1802.32
2004 1754.19
2005 1654.67
2006 1691.39
2007 1726.1
2008 1810.05
2009 1895.09
2010 1907.78
2011 1868.95
2012 1789.34
2013 1742.89
2014 1787.9
2015 1704.16
2016 1650.75
2017 1541.38
2018 1611.75
2019 1546.46
2020 1624.99
2021 1606.38
2022 1568.74
2023 1551.04
2024 1547.15
2025 1589.46
2026 1621.48
2027 1585.26
2028 1667.09
2029 1519.49
2030 1586.67
2031 1563.11
2032 1520.55
2033 1548.8
2034 1649.46
2035 1622.9
2036 1600.89
2037 1537.96
2038 1562.39
2039 1557.77
2040 1588.53
2041 1566.55
2042 1593.52
2043 1545.9
2044 1580.32
2045 1598.97
2046 1597.11
2047 1530.01
2048 1551.48
2049 1591.05
2050 1582.87
2051 1506.81
2052 1469.5
2053 1605.66
2054 1579.63
2055 1623.68
2056 1751.22
2057 1989.12
2058 2245.92
2059 2562.27
2060 2633.75
2061 2452.1
2062 2159.66
2063 1818.41
2064 1651.18
2065 1556.26
2066 1607.36
2067 1499.11
2068 1536.99
2069 1547.65
2070 1571.44
2071 1538.02
2072 1522.93
2073 1527.81
2074 1525.61
2075 1489.13
2076 1561.62
2077 1513.48
2078 1507.59
2079 1489.7
2080 1531.48
2081 1555.19
2082 1527.23
2083 1558.23
2084 1574.66
2085 1516.45
2086 1522.48
2087 1512.81
2088 1567.29
2089 1521.56
2090 1529.7
2091 1520.35
2092 1490.16
2093 1556.31
2094 1509.56
2095 1483.98
2096 1515.87
2097 1514.13
2098 1558.43
2099 1567.15
2100 1475.09
2101 1501.49
2102 1530.71
2103 1487.61
2104 1473.56
2105 1533.36
2106 1482.2
2107 1464.45
2108 1474.95
2109 1469.94
2110 1456.57
2111 1508.47
2112 1493.38
2113 1561.38
2114 1500.71
2115 1523.22
2116 1543.58
2117 1509.14
2118 1508.9
2119 1506.06
2120 1474.67
2121 1493.98
2122 1469.29
2123 1541.51
2124 1525.86
2125 1491.58
2126 1491.68
2127 1480.69
2128 1521.78
2129 1533.84
2130 1464.14
2131 1533.12
2132 1502.54
2133 1489.12
2134 1508.66
2135 1529.55
2136 1507.55
2137 1568.16
2138 1620.1
2139 1555.9
2140 1598.93
2141 1531.12
2142 1532.81
2143 1562.86
2144 1512.23
2145 1476.03
2146 1465.94
2147 1514.04
2148 1481.46
2149 1445.97
2150 1526.5
2151 1539.87
2152 1436.43
2153 1476.98
2154 1471.99
2155 1488.84
2156 1492.93
2157 1497.38
2158 1489.37
2159 1462.39
2160 1456.45
2161 1531.23
2162 1578.62
2163 1578.57
2164 1589.58
2165 1586.36
2166 1580.53
2167 1579.02
2168 1540.54
2169 1514.01
2170 1493.55
2171 1482.51
2172 1489.34
2173 1537.07
2174 1506.81
2175 1594.54
2176 1815.75
2177 2382.67
2178 3425.71
2179 4941.63
2180 6511.95
2181 7462.99
2182 7230.75
2183 5807.81
2184 4158.55
2185 2779.89
2186 1918.17
2187 1548.44
2188 1428.76
2189 1383.9
2190 1386.53
2191 1358.02
2192 1344.83
2193 1375.12
2194 1385.12
2195 1395.89
2196 1370.81
2197 1410.89
2198 1425.14
2199 1416.09
2200 1440.51
2201 1438.88
2202 1419.58
2203 1414.41
2204 1379.04
2205 1374.14
2206 1379.08
2207 1390.14
2208 1399.08
2209 1422.49
2210 1418.35
2211 1404.88
2212 1419.21
2213 1371.24
2214 1353.79
2215 1370.81
2216 1374.85
2217 1365.62
2218 1375.89
2219 1415.43
2220 1388.97
2221 1387.97
2222 1364.76
2223 1352.46
2224 1399.89
2225 1398.35
2226 1362.66
2227 1370.36
2228 1368.8
2229 1383.59
2230 1429.34
2231 1414
2232 1487.26
2233 1597.91
2234 1790.31
2235 1942.18
2236 2041.87
2237 2002.54
2238 1838.52
2239 1613.54
2240 1458.82
2241 1437.62
2242 1434.18
2243 1392.31
2244 1381.49
2245 1366.67
2246 1312.18
2247 1282.23
2248 1323.71
2249 1365.6
2250 1353.69
2251 1294.37
2252 1326.45
2253 1346.03
2254 1348.86
2255 1329.87
2256 1303.79
2257 1332.6
2258 1322.74
2259 1364.71
2260 1375
2261 1385.57
2262 1399.4
2263 1404.64
2264 1386.1
2265 1355.56
2266 1381.32
2267 1399.75
2268 1411.99
2269 1424.18
2270 1445.29
2271 1535.67
2272 1567.92
2273 1619.23
2274 1615.09
2275 1576.11
2276 1595.17
2277 1512.19
2278 1450.83
2279 1467.35
2280 1438.96
2281 1397.72
2282 1372.63
2283 1358.32
2284 1358.15
2285 1340.17
2286 1276.87
2287 1301.62
2288 1354.6
2289 1303.56
2290 1352.87
2291 1325.46
2292 1349.35
2293 1400.32
2294 1372.52
2295 1356.83
2296 1401.79
2297 1361.74
2298 1317.58
2299 1307.97
2300 1317.05
2301 1362.07
2302 1358.65
2303 1285.68
2304 1334.82
2305 1469.48
2306 1656.57
2307 1922.49
2308 2177.63
2309 2444.06
2310 2556.79
2311 2422.84
2312 2051.85
2313 1744.31
2314 1578.98
2315 1674.5
2316 2170.83
2317 2946.56
2318 3829.17
2319 4556.64
2320 4924.3
2321 4487.42
2322 3630.9
2323 2672.45
2324 1904.88
2325 1465.59
2326 1307.3
2327 1284.35
2328 1269.37
2329 1238.69
2330 1254.98
2331 1303.35
2332 1299.38
2333 1317.26
2334 1299.01
2335 1296.02
2336 1330.98
2337 1307.2
2338 1304.96
2339 1312.32
2340 1261.06
2341 1219.65
2342 1220.19
2343 1265.63
2344 1274.88
2345 1228.79
2346 1279.89
2347 1299.71
2348 1293.05
2349 1293.11
2350 1316.25
2351 1318.45
2352 1253.65
2353 1229.51
2354 1245.21
2355 1249.13
2356 1258.92
2357 1261.66
2358 1229.52
2359 1241.06
2360 1299.54
2361 1244.7
2362 1253.46
2363 1289.46
2364 1297.38
2365 1289.33
2366 1324.89
2367 1326.8
2368 1316.84
2369 1301.14
2370 1282.82
2371 1247.99
2372 1287.07
2373 1256.03
2374 1220.75
2375 1279.96
2376 1285.06
2377 1310.16
2378 1254.15
2379 1243.89
2380 1270.45
2381 1297.12
2382 1298.7
2383 1256.12
2384 1276.12
2385 1272.32
2386 1266.24
2387 1279.22
2388 1210.1
2389 1228.03
2390 1271.43
2391 1285.32
2392 1281.22
2393 1299.82
2394 1386.12
2395 1403.79
2396 1422.17
2397 1476.16
2398 1500.1
2399 1394.66
2400 1300.9
2401 1307.93
2402 1228.28
2403 1294.29
2404 1275.08
2405 1280.76
2406 1256.59
2407 1257.3
2408 1284.56
2409 1257.14
2410 1244.53
2411 1203.12
2412 1279.83
2413 1238.13
2414 1251.62
2415 1304.71
2416 1187.5
2417 1221.79
2418 1247.41
2419 1248.51
2420 1241.79
2421 1230.96
2422 1257.54
2423 1195.46
2424 1166.88
2425 1198.64
2426 1288.91
2427 1248.81
2428 1281.3
2429 1273.08
2430 1265.29
2431 1260.66
2432 1269.77
2433 1205.16
2434 1272.57
2435 1214.01
2436 1203.55
2437 1185.53
2438 1252.63
2439 1270.74
2440 1198.19
2441 1192.79
2442 1284.53
2443 1305.52
2444 1231.92
2445 1216.65
2446 1248.92
2447 1226.66
2448 1244.24
2449 1242.9
2450 1265.99
2451 1228.94
2452 1250.33
2453 1274.58
2454 1228.39
2455 1252.97
2456 1215.75
2457 1233.07
2458 1204.39
2459 1231.77
2460 1253.68
2461 1245.44
2462 1279.43
2463 1201.61
2464 1225.15
2465 1267.04
2466 1283.53
2467 1305.69
2468 1233.04
2469 1250.38
2470 1240.99
2471 1250.29
2472 1289.08
2473 1244.76
2474 1336.65
2475 1336.57
2476 1277.63
2477 1250.27
2478 1254.47
2479 1205.25
2480 1265.1
2481 1235.35
2482 1212.47
2483 1258.22
2484 1261.45
2485 1281
2486 1253.54
2487 1211.43
2488 1212.76
2489 1269.45
2490 1265.05
2491 1216.23
2492 1285.81
2493 1250.08
2494 1250.84
2495 1257.59
2496 1258.82
2497 1262.55
2498 1233.27
2499 1220.12
2500 1262.02
2501 1272.58
2502 1225.49
2503 1217.89
2504 1177.6
2505 1252.66
2506 1223.28
2507 1197.67
2508 1242.83
2509 1306.52
2510 1238.31
2511 1248.58
2512 1258.01
2513 1256.32
2514 1242.29
2515 1215.7
2516 1280.87
2517 1314.53
2518 1272.87
2519 1314.44
2520 1296.65
2521 1282.42
2522 1202.44
2523 1292.44
2524 1236.81
2525 1215.71
2526 1247.84
2527 1209.64
2528 1209.4
2529 1205.49
2530 1232.25
2531 1260.26
2532 1252.68
2533 1244.42
2534 1257.84
2535 1237.78
2536 1271.37
2537 1257.98
2538 1284.61
2539 1259.33
2540 1247.17
2541 1298.08
2542 1493.54
2543 1819.39
2544 2403.03
2545 3070.26
2546 3786.34
2547 4105.34
2548 3828.33
2549 3215.25
2550 2526.23
2551 1896.34
2552 1529.34
2553 1308.13
2554 1201.39
2555 1213.08
2556 1219.82
2557 1263.68
2558 1262.63
2559 1259.63
2560 1298.98
2561 1304.22
2562 1243.34
2563 1229.35
2564 1311.77
2565 1276.84
2566 1222.83
2567 1247.19
2568 1212.13
2569 1183.78
2570 1197.93
2571 1230.91
2572 1245.16
2573 1218.85
2574 1196.58
2575 1228.9
2576 1207.75
2577 1240.33
2578 1242.51
2579 1248.73
2580 1288.3
2581 1335.63
2582 1327.44
2583 1352.78
2584 1303.61
2585 1273.43
2586 1200.91
2587 1234.37
2588 1231
2589 1182.21
2590 1203.8
2591 1191.29
2592 1255.47
2593 1269.98
2594 1260.52
2595 1221.44
2596 1223.87
2597 1241.69
2598 1232.42
2599 1201.3
2600 1238.41
2601 1240.88
2602 1209.87
2603 1201.25
2604 1249.11
2605 1199.3
2606 1234.38
2607 1240.24
2608 1221.06
2609 1204.07
2610 1229.8
2611 1156.48
2612 1194.49
2613 1246.46
2614 1201.78
2615 1202.79
2616 1220.3
2617 1254.35
2618 1267.66
2619 1287.9
2620 1262.76
2621 1231.6
2622 1286.18
2623 1263.6
2624 1286.09
2625 1250.96
2626 1249.79
2627 1264.35
2628 1299.86
2629 1247.91
2630 1210.83
2631 1212.05
2632 1237.52
2633 1248.37
2634 1246.12
2635 1225.21
2636 1172.51
2637 1274.1
2638 1271.71
2639 1251.35
2640 1248.63
2641 1246.67
2642 1253.53
2643 1234.16
2644 1281.15
2645 1267.11
2646 1215.49
2647 1265.51
2648 1272.7
2649 1241.65
2650 1222.54
2651 1267.89
2652 1213.92
2653 1237.49
2654 1243.98
2655 1185.3
2656 1188.51
2657 1221.55
2658 1281.58
2659 1261.09
2660 1278.02
2661 1332.97
2662 1288.21
2663 1267.48
2664 1277.39
2665 1238.84
2666 1259.27
2667 1243.29
2668 1262.31
2669 1278.23
2670 1248.22
2671 1265.2
2672 1282.93
2673 1267.64
2674 1264.09
2675 1274.32
2676 1294.68
2677 1373.2
2678 1571.02
2679 1970.94
2680 2567.92
2681 3269.26
2682 3844.86
2683 4009.18
2684 3793.54
2685 3177.08
2686 2412.74
2687 1788.31
2688 1430.91
2689 1269.15
2690 1243.06
2691 1204.08
2692 1198.6
2693 1217.4
2694 1251.78
2695 1230.45
2696 1218.62
2697 1185.57
2698 1175.23
2699 1230.82
2700 1246.03
2701 1198.23
2702 1188.2
2703 1245.41
2704 1227.54
2705 1249.72
2706 1230.14
2707 1207.46
2708 1216.03
2709 1239.72
2710 1241.12
2711 1219.4
2712 1226.95
2713 1246.51
2714 1282.32
2715 1223.79
2716 1251.21
2717 1288.38
2718 1254.54
2719 1250.54
2720 1211.98
2721 1210.33
2722 1289.78
2723 1312.85
2724 1281.47
2725 1303.39
2726 1256.23
2727 1230.06
2728 1260.28
2729 1242.73
2730 1217.2
2731 1210.32
2732 1243.05
2733 1259.83
2734 1277.86
2735 1260.95
2736 1248.55
2737 1261.73
2738 1261.05
2739 1263.93
2740 1280.32
2741 1217.53
2742 1224.65
2743 1246.38
2744 1247.19
2745 1250.9
2746 1290.06
2747 1285.43
2748 1266.62
2749 1293.67
2750 1290.37
2751 1285.89
2752 1277.59
2753 1262.14
2754 1253.35
2755 1233.81
2756 1221.46
2757 1249.75
2758 1282.29
2759 1280.02
2760 1232.46
2761 1205.63
2762 1288.84
2763 1390.56
2764 1424.87
2765 1487.61
2766 1586.34
2767 1663.55
2768 1615.44
2769 1567
2770 1564.53
2771 1518.82
2772 1460.11
2773 1409.46
2774 1365.19
2775 1316.03
2776 1247.51
2777 1270.08
2778 1299.34
2779 1272.98
2780 1270.35
2781 1269.73
2782 1280.77
2783 1322.68
2784 1305.05
2785 1255.97
2786 1249.97
2787 1254.88
2788 1282.8
2789 1318.22
2790 1286.67
2791 1288.43
2792 1307.46
2793 1303.13
2794 1256.46
2795 1285.98
2796 1307.83
2797 1257.48
2798 1244.07
2799 1234.91
2800 1259.36
2801 1274.75
2802 1254.13
2803 1245.92
2804 1276.88
2805 1337.82
2806 1317.12
2807 1349.69
2808 1440.7
2809 1485.49
2810 1509.11
2811 1473.45
2812 1428.73
2813 1398.9
2814 1345.28
2815 1291.75
2816 1269.21
2817 1300.25
2818 1314.5
2819 1311.75
2820 1261.69
2821 1301.2
2822 1341.1
2823 1328.03
2824 1288.29
2825 1314.51
2826 1269.32
2827 1309.11
2828 1345.41
2829 1327.71
2830 1307.45
2831 1318.65
2832 1323.6
2833 1311.56
2834 1288.45
2835 1305.22
2836 1310.61
2837 1268.06
2838 1286.76
2839 1311.25
2840 1287.11
2841 1277.66
2842 1298.22
2843 1268.26
2844 1242.58
2845 1296.87
2846 1313.87
2847 1337.58
2848 1313.12
2849 1366.33
2850 1349.25
2851 1301.75
2852 1317.41
2853 1300.17
2854 1281.84
2855 1301.83
2856 1361.22
2857 1297.94
2858 1349.55
2859 1320.98
2860 1329.15
2861 1284.91
2862 1287.03
2863 1299.73
2864 1274.63
2865 1266.8
2866 1326.79
2867 1281.04
2868 1348.31
2869 1302.78
2870 1297.38
2871 1294.59
2872 1324.49
2873 1289.71
2874 1337.65
2875 1330.74
2876 1344.32
2877 1334.41
2878 1324.2
2879 1336.6
2880 1255.42
2881 1333.02
2882 1293.31
2883 1348.73
2884 1349.42
2885 1366.64
2886 1308.59
2887 1344.43
2888 1350.59
2889 1341.01
2890 1408.28
2891 1434.64
2892 1449.23
2893 1393.68
2894 1403.44
2895 1381.4
2896 1447.19
2897 1374.01
2898 1394.65
2899 1371.43
2900 1379.53
2901 1416.5
2902 1383.86
2903 1314.3
2904 1304.48
2905 1402.88
2906 1396.49
2907 1360.03
2908 1360.1
2909 1358.28
2910 1385.92
2911 1421.29
2912 1349.94
2913 1347.41
2914 1345.37
2915 1391.67
2916 1351.14
2917 1375.85
2918 1351.23
2919 1345.93
2920 1378.41
2921 1402.45
2922 1377.82
2923 1336.03
2924 1369.22
2925 1315.6
2926 1385.41
2927 1324.67
2928 1426.25
2929 1350.78
2930 1327.45
2931 1388.94
2932 1410.06
2933 1391.41
2934 1359.09
2935 1338.92
2936 1380.82
2937 1379.69
2938 1445.99
2939 1426.18
2940 1373.28
2941 1420.88
2942 1390.86
2943 1356.35
2944 1388.49
2945 1333.59
2946 1397.03
2947 1380.44
2948 1423.82
2949 1390.32
2950 1387.63
2951 1393.11
2952 1388.49
2953 1348.27
2954 1393.13
2955 1423.27
2956 1383.59
2957 1362.48
2958 1433.44
2959 1342.07
2960 1384.86
2961 1569.78
2962 1699.04
2963 1859.99
2964 2200.83
2965 2372.48
2966 2338.07
2967 2205.91
2968 2034.93
2969 1749.56
2970 1519.52
2971 1365.48
2972 1271.56
2973 1304.04
2974 1273.9
2975 1156.43
2976 1213.99
2977 1249
2978 1238.39
2979 1208.82
2980 1157.1
2981 1144.62
2982 1155.39
2983 1192.18
2984 1177.22
2985 1171.31
2986 1163.85
2987 1204.72
2988 1199.96
2989 1121.02
2990 1168.59
2991 1119.73
2992 1059.23
2993 1058.36
2994 1093.04
2995 1078.42
2996 1068.73
2997 1015.57
2998 1002.14
2999 1069.91
3000 1028.77
3001 1063.93
3002 1026.16
3003 1040.5
3004 1071.17
3005 1072.23
3006 1012.64
3007 1013.27
3008 1018.55
3009 988.352
3010 987.433
3011 967.102
3012 990.995
3013 971.441
3014 885.142
3015 983.917
3016 933.499
3017 900.213
3018 956.867
3019 945.554
3020 950.066
3021 949.294
3022 914.264
3023 980.38
3024 924.885
3025 884.302
3026 890.455
3027 910.782
3028 933.003
3029 948.714
3030 935.012
3031 893.132
3032 920.591
3033 891.693
3034 920.306
3035 900.298
3036 967.945
3037 928.753
3038 929.408
3039 909.65
3040 916.163
3041 893.144
3042 881.166
3043 930.363
3044 873.005
3045 864.699
3046 880.825
3047 885.235
3048 918.373
3049 920.994
3050 855.686
3051 911.067
3052 919.237
3053 940.603
3054 878.364
3055 860.956
3056 857.345
3057 845.44
3058 880.932
3059 931.224
3060 892.017
3061 889.876
3062 863.62
3063 877.549
3064 941.074
3065 1007.74
3066 1041.46
3067 1038.99
3068 1087.2
3069 1149.77
3070 1059.99
3071 1014.17
3072 977.998
3073 894.673
3074 860.478
3075 853.412
3076 823.028
3077 883
3078 822.489
3079 837.934
3080 888.718
3081 837.892
3082 898.82
3083 868.582
3084 877.418
3085 856.152
3086 828.856
3087 859.593
3088 821.096
3089 818.564
3090 822.683
3091 821.302
3092 849.57
3093 858.153
3094 842.096
3095 839.072
3096 795.549
3097 787.571
3098 824.979
3099 831.574
3100 826.55
3101 865.134
3102 833.543
3103 823.313
3104 783.812
3105 829.838
3106 841.913
3107 813.746
3108 795.366
3109 772.449
3110 765.854
3111 788.121
3112 802.203
3113 825.281
3114 785.709
3115 717.48
3116 746.184
3117 766.034
3118 760.104
3119 740.89
3120 790.659
3121 825.327
3122 741.957
3123 745.612
3124 772.535
3125 779.878
3126 758.549
3127 743.155
3128 762.6
3129 748.022
3130 714.877
3131 747.23
3132 720.884
3133 747.309
3134 766.812
3135 732.335
3136 779.216
3137 767.111
3138 783.701
3139 753.72
3140 750.093
3141 746.951
3142 740.883
3143 735.133
3144 705.197
3145 728.21
3146 705.587
3147 700.409
3148 713.38
3149 730.009
3150 714.809
3151 722.084
3152 752.955
3153 701.349
3154 689.301
3155 744.553
3156 738.909
3157 734.06
3158 713.38
3159 657.516
3160 669.193
3161 693.615
3162 674.877
3163 680.018
3164 720.59
3165 680.312
3166 674.577
3167 690.752
3168 700.502
3169 669.485
3170 649.281
3171 647.643
3172 668.921
3173 669.451
3174 671.644
3175 645.195
3176 674.85
3177 649.728
3178 631.27
3179 636.609
3180 657.685
3181 653.106
3182 645.912
3183 637.18
3184 634.46
3185 629.473
3186 638.675
3187 671.861
3188 675.288
3189 745.821
3190 807.006
3191 871.596
3192 897.912
3193 852.04
3194 808.166
3195 731.786
3196 696.709
3197 668.668
3198 625.619
3199 617.646
3200 602.807
3201 600.452
3202 594.557
3203 597.92
3204 622.486
3205 579.873
3206 593.37
3207 629.611
3208 604.315
3209 612.504
3210 595.038
3211 576.947
3212 611.765
3213 588.592
3214 571.563
3215 582.411
3216 572.079
3217 572.029
3218 560.841
3219 557.151
3220 570.906
3221 568.009
3222 566.314
3223 566.445
3224 551.076
3225 565.007
3226 553.282
3227 550.525
3228 576.125
3229 565.281
3230 532.275
3231 540.388
3232 543.779
3233 558.335
3234 584.543
3235 546.884
3236 534.336
3237 532.797
3238 508.04
3239 532.5
3240 536.751
3241 529.675
3242 549.068
3243 547.921
3244 534.41
3245 543.512
3246 532.41
3247 511.718
3248 497.576
3249 491.211
3250 501.937
3251 497.362
3252 501.064
3253 515.306
3254 540.544
3255 563.589
3256 554.872
3257 534.227
3258 527.495
3259 525.092
3260 546.766
3261 564.531
3262 524.883
3263 483.136
3264 506.777
3265 519.609
3266 544.559
3267 542.316
3268 517.124
3269 491.514
3270 506.029
3271 507.974
3272 497.062
3273 509.478
3274 518.856
3275 538.501
3276 502.881
3277 492.112
3278 517.986
3279 515.721
3280 487.625
3281 491.989
3282 467.374
3283 481.283
3284 482.488
3285 447.307
3286 444.316
3287 483.012
3288 469.488
3289 475.478
3290 498.223
3291 497.602
3292 501.571
3293 473.538
3294 510.328
3295 546.091
3296 607.311
3297 736.276
3298 887.821
3299 1016.81
3300 1111.46
3301 1100.13
3302 1080.21
3303 888.627
3304 713.728
3305 626.751
3306 546.722
3307 508.404
3308 495.345
3309 472.317
3310 448.685
3311 447.833
3312 470.995
3313 506.032
3314 487.121
3315 501.367
3316 563.068
3317 598.488
3318 600.391
3319 594.01
3320 588.859
3321 566.593
3322 517.749
3323 501.956
3324 514.304
3325 486.304
3326 455.668
3327 484.923
3328 479.756
3329 474.726
3330 433.255
3331 443.427
3332 451.247
3333 436.993
3334 442.217
3335 460.147
3336 467.504
3337 422.883
3338 432.504
3339 451.62
3340 466.117
3341 419.786
3342 447.086
3343 447.946
3344 449.141
3345 461.559
3346 441.991
3347 450.317
3348 438.16
3349 465.05
3350 466.902
3351 456.645
3352 459.98
3353 494.33
3354 517.943
3355 569.358
3356 592.826
3357 687.363
3358 677.949
3359 614.383
3360 627.418
3361 541.836
3362 492.681
3363 481.865
3364 456.851
3365 466.429
3366 452.533
3367 474.657
3368 517.096
3369 554.539
3370 620.814
3371 741.721
3372 745.301
3373 846.09
3374 841.052
3375 767.64
3376 694.88
3377 626.642
3378 548.672
3379 477.885
3380 461.443
3381 429.02
3382 427.987
3383 420.78
3384 466.45
3385 456.541
3386 458.465
3387 441.05
3388 425.508
3389 473.17
3390 438.675
3391 430.978
3392 422.343
3393 476.26
3394 441.468
3395 446.085
3396 436.787
3397 428.2
3398 433.055
3399 422.067
3400 425.658
3401 424.587
3402 446.82
3403 429.32
3404 437.741
3405 426.408
3406 429.509
3407 404.815
3408 461.788
3409 430.104
3410 454.232
3411 450.915
3412 437.626
3413 461.338
3414 431.716
3415 484.043
3416 474.957
3417 473.695
3418 456.234
3419 456.928
3420 427.997
3421 468.511
3422 454.773
3423 416.836
3424 438.613
3425 428.245
3426 430.985
3427 439.173
3428 460.847
3429 424.49
3430 434.632
3431 396.924
3432 436.411
3433 439.048
3434 427.99
3435 469.259
3436 456.988
3437 412.043
3438 434.056
3439 412.259
3440 436.329
3441 460.356
3442 444.804
3443 446.264
3444 436.713
3445 450.098
3446 449.247
3447 441.627
3448 444.075
3449 449.881
3450 443.391
3451 417.748
3452 387.314
3453 455.814
3454 439.583
3455 444.48
3456 421.999
3457 474.291
3458 419.76
3459 445.653
3460 475.694
3461 458.668
3462 492.538
3463 434.418
3464 457.55
3465 455.638
3466 453.991
3467 463.752
3468 464.557
3469 438.286
3470 435.046
3471 465.392
3472 500.986
3473 430.788
3474 452.947
3475 459.38
3476 480.967
3477 461.185
3478 465.558
3479 467.975
3480 452.212
3481 492.123
3482 478.013
3483 501.664
3484 495.797
3485 503.643
3486 523.998
3487 590.054
3488 531.891
3489 557.244
3490 597.547
3491 734.56
3492 1055.65
3493 1837.4
3494 3545.17
3495 6794.73
3496 12375.3
3497 19524.7
3498 26957.4
3499 33446.8
3500 36311.7
3501 35223.2
3502 29580.4
3503 21230.3
3504 13191.9
3505 6964.95
3506 3109.48
3507 1226.98
3508 549.506
3509 314.759
3510 216.656
3511 235.41
3512 240.549
3513 254.86
3514 232.966
3515 222.788
3516 232.295
3517 239.589
3518 255.857
3519 238.213
3520 257.564
3521 244.534
3522 237.378
3523 236.879
3524 241.138
3525 238.95
3526 231.088
3527 229.263
3528 211.625
3529 241.21
3530 244.64
3531 236.968
3532 242.061
3533 254.616
3534 225.808
3535 252.519
3536 226.187
3537 216.914
3538 246.798
3539 232.803
3540 231.095
3541 231.372
3542 252.776
3543 237.694
3544 274.256
3545 241.173
3546 239.415
3547 230.839
3548 233.054
3549 248.414
3550 242.289
3551 248.882
3552 224.772
3553 216.968
3554 256.768
3555 240.311
3556 237.589
3557 231.415
3558 236.985
3559 221.127
3560 229.643
3561 238.642
3562 249.628
3563 257.775
3564 240.289
3565 206.124
3566 226.269
3567 231.641
3568 236.794
3569 253.033
3570 247.058
3571 247.559
3572 226.381
3573 247.754
3574 227.85
3575 278.299
3576 245.5
3577 209
3578 239.03
3579 249.763
3580 259.986
3581 301.288
3582 348.452
3583 362.442
3584 372.008
3585 375.92
3586 354.108
3587 331.073
3588 285.052
3589 264.013
3590 272.806
3591 237.87
3592 226.203
3593 263.359
3594 265.588
3595 286.218
3596 299.272
3597 316.738
3598 322.789
3599 331.572
3600 302.241
3601 279.974
3602 253.213
3603 243.534
3604 228.134
3605 223.105
3606 245.147
3607 220.233
3608 228.914
3609 258.983
3610 263.604
3611 293.203
3612 350.265
3613 370.117
3614 442.049
3615 536.901
3616 565.8
3617 582.399
3618 496.449
3619 439.867
3620 353.811
3621 319.081
3622 302.572
3623 289.154
3624 301.835
3625 269.346
3626 281.789
3627 277.981
3628 258.239
3629 261.724
3630 236.931
3631 273.288
3632 237.786
3633 234.047
3634 216.535
3635 222.739
3636 218.53
3637 209.51
3638 201.828
3639 220.326
3640 223.295
3641 218.491
3642 232.657
3643 236.856
3644 211.239
3645 209.912
3646 212.678
3647 224.695
3648 224.28
3649 226.184
3650 233.321
3651 214.322
3652 218.997
3653 229.411
3654 234.48
3655 238.248
3656 233.65
3657 244.486
3658 223.533
3659 217.171
3660 209.952
3661 217.189
3662 235.612
3663 239.226
3664 248.209
3665 249.119
3666 251.166
3667 232.609
3668 230.502
3669 230.953
3670 225.941
3671 206.175
3672 209.859
3673 221.314
3674 213.948
3675 231.709
3676 228.825
3677 230.585
3678 213.212
3679 203.496
3680 231.883
3681 238.788
3682 233.709
3683 239.712
3684 249.13
3685 280.924
3686 277.973
3687 272.953
3688 289.015
3689 275.192
3690 251.788
3691 259.482
3692 239.914
3693 231.388
3694 229.771
3695 221.674
3696 231.084
3697 213.878
3698 245.404
3699 228.51
3700 226.512
3701 235.318
3702 209.153
3703 208.451
3704 203.774
3705 201.449
3706 206.409
3707 214.738
3708 203.891
3709 209.05
3710 204.463
3711 211.841
3712 203.022
3713 201.6
3714 213.195
3715 190.206
3716 183.791
3717 192.889
3718 191.959
3719 184.367
3720 192.686
3721 201.29
3722 191.269
3723 191.035
3724 182.824
3725 182.962
3726 212.93
3727 228.142
3728 203.291
3729 211.209
3730 221.218
3731 213.979
3732 206.186
3733 201.541
3734 192.48
3735 210.667
3736 193.326
3737 183.174
3738 196.245
3739 190.698
3740 178.561
3741 183.339
3742 196.065
3743 195.57
3744 195.461
3745 199.866
3746 188.974
3747 195.474
3748 206.342
3749 184.586
3750 187.242
3751 190.929
3752 200.035
3753 189.642
3754 184.475
3755 183.098
3756 189.753
3757 186.387
3758 189.561
3759 185.795
3760 171.339
3761 191.314
3762 203.09
3763 189.345
3764 195.226
3765 194.424
3766 203.605
3767 187.346
3768 191.366
3769 210.624
3770 183.898
3771 183.823
3772 193.83
3773 196.686
3774 198.941
3775 217.501
3776 185.632
3777 161.98
3778 175.015
3779 189.628
3780 206.742
3781 196.988
3782 205.48
3783 214.26
3784 238.658
3785 244.329
3786 276.687
3787 284.89
3788 278.223
3789 302.752
3790 304.094
3791 306.022
3792 294.677
3793 285.911
3794 300.061
3795 287.471
3796 248.022
3797 247.5
3798 246.116
3799 247.149
3800 262.92
3801 318.56
3802 379.795
3803 479.379
3804 580.43
3805 671.814
3806 688.804
3807 676.276
3808 598.9
3809 500.782
3810 446.936
3811 439.661
3812 459.732
3813 530.975
3814 599.924
3815 696.67
3816 693.29
3817 745.266
3818 694.386
3819 610.522
3820 506.03
3821 395.421
3822 303.822
3823 241.089
3824 237.683
3825 228.939
3826 213.684
3827 210.919
3828 232.281
3829 206.257
3830 218.809
3831 241.33
3832 239.268
3833 236.228
3834 225.093
3835 207.188
3836 189.766
3837 199.721
3838 200.061
3839 193.913
3840 181.275
3841 165.358
3842 174.201
3843 178.628
3844 190.83
3845 179.968
3846 154.071
3847 177.103
3848 183.491
3849 194.192
3850 213.071
3851 195.282
3852 189.152
3853 176.065
3854 161.595
3855 169.23
3856 197.431
3857 188.849
3858 185.301
3859 187.264
3860 184.872
3861 172.919
3862 176.831
3863 179.481
3864 163.94
3865 171.053
3866 180.895
3867 176.222
3868 191.514
3869 178.722
3870 177.337
3871 158.855
3872 171.234
3873 172.398
3874 159.099
3875 202.758
3876 212.653
3877 185.687
3878 194.428
3879 240.658
3880 269.319
3881 323.814
3882 380.202
3883 381.59
3884 387.803
3885 363.677
3886 348.667
3887 335.474
3888 265.523
3889 239.566
3890 200.675
3891 210.028
3892 219.8
3893 210.162
3894 199.663
3895 205.017
3896 200.217
3897 186.62
3898 181.792
3899 214.409
3900 171.513
3901 177.678
3902 212.782
3903 241.431
3904 274.121
3905 324.595
3906 374.817
3907 417.879
3908 395.97
3909 416.851
3910 367.891
3911 304.989
3912 239.21
3913 238.967
3914 205.414
3915 176.383
3916 172.531
3917 171.296
3918 163.308
3919 154.204
3920 185.221
3921 192.488
3922 204.602
3923 203.712
3924 206.805
3925 226.259
3926 244.845
3927 208.749
3928 250.238
3929 223.948
3930 191.616
3931 174.018
3932 177.654
3933 162.781
3934 163.202
3935 137.654
3936 157.778
3937 154.662
3938 177.751
3939 164.427
3940 163.73
3941 153.108
3942 151.986
3943 155.568
3944 154.002
3945 155.944
3946 150.175
3947 152.364
3948 156.118
3949 162.182
3950 158.647
3951 154.639
3952 154.542
3953 165.089
3954 157.7
3955 162.446
3956 139.706
3957 166.251
3958 163.069
3959 164.977
3960 160.086
3961 155.99
3962 167.105
3963 161.5
3964 151.221
3965 165.506
3966 149.86
3967 152.353
3968 146.818
3969 181.159
3970 167.922
3971 150.035
3972 158.325
3973 165.956
3974 170.377
3975 165.882
3976 184.08
3977 193.261
3978 234.829
3979 261.049
3980 285.864
3981 351.678
3982 334.066
3983 299.93
3984 256.318
3985 232.552
3986 198.785
3987 178.272
3988 185.157
3989 184.056
3990 163.925
3991 164.925
3992 176.877
3993 174.794
3994 196.783
3995 184.062
3996 192.93
3997 203.194
3998 166.802
3999 148.64
4000 160.166
4001 151.345
4002 150.824
4003 141.591
4004 167.299
4005 141.797
4006 141.157
4007 145.381
4008 157.226
4009 146.001
4010 141.108
4011 167.396
4012 173.413
4013 149.89
4014 188.452
4015 152.724
4016 165.209
4017 147.061
4018 162.444
4019 156.611
4020 175.802
4021 160.663
4022 144.753
4023 150.108
4024 156.318
4025 143.814
4026 165.038
4027 151.183
4028 148.352
4029 144.217
4030 167.062
4031 164.711
4032 152.973
4033 178.7
4034 159.178
4035 186.348
4036 210.043
4037 200.949
4038 185.332
4039 195.084
4040 179.483
4041 170.373
4042 178.206
4043 187.403
4044 155.369
4045 150.936
4046 149.526
4047 153.098
4048 152.486
4049 154.909
4050 150.643
4051 142.171
4052 137.254
4053 128.719
4054 166.439
4055 177.43
4056 179.719
4057 190.118
4058 191.428
4059 203.64
4060 172.419
4061 176.646
4062 175.32
4063 170.249
4064 137.333
4065 146.32
4066 137.353
4067 161.796
4068 154.425
4069 148.289
4070 142.8
4071 142.386
4072 163.28
4073 135.691
4074 153.306
4075 131.519
4076 130.896
4077 149.831
4078 167.22
4079 143.307
4080 151.056
4081 141.552
4082 145.292
4083 151.203
4084 148.091
4085 133.149
4086 149.755
4087 142.899
4088 139.563
4089 146.78
4090 135.191
4091 159.106
4092 146.967
4093 151.993
4094 157.83
4095 155.693
