0 0
1 0
2 0
3 0
4 0
5 0
6 0
7 0
8 0
9 0
10 0
11 0
12 0
13 0
14 0
15 0
16 0
17 0
18 0
19 0
20 0
21 0
22 0
23 0
24 0
25 0
26 0
27 0
28 0
29 0
30 0
31 0
32 0
33 0
34 0
35 0
36 8.35858
37 917.689
38 1370.06
39 944.916
40 801.513
41 863.192
42 864.707
43 901.876
44 949.219
45 912.827
46 899.172
47 908.397
48 866.496
49 814.535
50 823.692
51 804.982
52 814.088
53 801.92
54 766.417
55 808.947
56 739.559
57 762.565
58 779.99
59 762.785
60 737.599
61 732.815
62 725.494
63 784.139
64 706.859
65 691.065
66 719.455
67 775.018
68 755.368
69 774.095
70 772.357
71 719.699
72 729.717
73 664.029
74 685.27
75 669.311
76 692.278
77 731.361
78 748.439
79 791.949
80 777.55
81 680.864
82 688.84
83 649.43
84 651.569
85 615.369
86 612.88
87 618.525
88 599.931
89 609.958
90 626.208
91 596.601
92 622.573
93 625.615
94 642.003
95 621.235
96 633.085
97 609.649
98 602.441
99 618.956
100 603.489
101 605.895
102 575.758
103 581.532
104 635.933
105 571.723
106 610.375
107 596.398
108 627.717
109 592.983
110 599.765
111 626.761
112 634.947
113 612.399
114 593.164
115 579.051
116 570.926
117 585.497
118 588.454
119 623.978
120 719.674
121 907.5
122 1106.54
123 1062.07
124 891.18
125 667.689
126 633.491
127 593.282
128 562.61
129 552.216
130 576.058
131 577.858
132 552.46
133 549.658
134 545.303
135 561.924
136 601.464
137 596.824
138 559.795
139 563.561
140 597.304
141 612.128
142 604.344
143 636.18
144 653.628
145 651.971
146 637.808
147 664.137
148 668.436
149 673.027
150 688.912
151 682.445
152 660.995
153 691.086
154 684.385
155 669.75
156 689.701
157 700.536
158 699.065
159 721.258
160 695.853
161 676.375
162 687.114
163 681.347
164 719.131
165 705.449
166 695.576
167 739.951
168 778.959
169 783.285
170 775.824
171 781.346
172 814.589
173 814.445
174 846.604
175 875.757
176 882.557
177 895.774
178 918.931
179 956.493
180 978.246
181 980.288
182 1158.65
183 1495.04
184 2181.26
185 3423.9
186 6000.96
187 12384.4
188 21331.2
189 25170.6
190 19033
191 9414.21
192 3310.97
193 1097.04
194 615.829
195 533.492
196 516.314
197 510.449
198 509.117
199 510.226
200 467.143
201 449.615
202 441.579
203 450.362
204 465.688
205 458.547
206 456.032
207 438.676
208 437.651
209 422.866
210 422.236
211 441.396
212 453.289
213 443.741
214 434.851
215 414.639
216 403.508
217 411.728
218 411.534
219 404.581
220 417.396
221 421.667
222 408.875
223 431.006
224 457.812
225 451.393
226 423.343
227 419.913
228 428.993
229 412.627
230 429.963
231 442.226
232 417.597
233 397.17
234 407.208
235 416.568
236 403.48
237 397.947
238 412.446
239 414.002
240 423.107
241 413.431
242 401.516
243 424.916
244 428.072
245 399.753
246 397.884
247 416.926
248 417.346
249 411.267
250 415.627
251 415.264
252 413.103
253 416.582
254 406.095
255 416.32
256 429.859
257 397.715
258 384.967
259 402.013
260 407.539
261 408.087
262 435.118
263 433.654
264 400.468
265 376.69
266 394.878
267 414.466
268 417.17
269 423.608
270 421.413
271 426.876
272 418.229
273 422.434
274 438.222
275 432.21
276 436.499
277 430.512
278 409.462
279 424.322
280 430.915
281 414.711
282 404.511
283 400.756
284 411.279
285 400.473
286 391.926
287 415.897
288 418.996
289 388.705
290 405.203
291 439.574
292 416.814
293 406.022
294 437.906
295 429.343
296 416.629
297 426.421
298 440.406
299 441.197
300 416.721
301 423.353
302 446.263
303 426.404
304 424.257
305 421.089
306 403.536
307 402.699
308 430.572
309 416.171
310 420.868
311 439.589
312 446.888
313 437.182
314 448.303
315 457.282
316 455.979
317 446.444
318 454.261
319 442.291
320 456.656
321 458.185
322 453.912
323 452.656
324 420.629
325 437.703
326 459.9
327 456.545
328 463.412
329 464.915
330 482.944
331 473.028
332 467.673
333 478.896
334 479.725
335 476.294
336 462.361
337 474.988
338 481.598
339 485.334
340 480.472
341 465.438
342 487.251
343 485.046
344 495.805
345 474.889
346 487.793
347 493.567
348 473.81
349 496.268
350 513.829
351 505.779
352 495.212
353 475.409
354 510.583
355 525.221
356 530.268
357 545.786
358 512.947
359 529.572
360 506.428
361 503.527
362 502.953
363 494.476
364 497.248
365 519.368
366 510.192
367 498.123
368 515.53
369 524.569
370 493.734
371 514.322
372 502.659
373 528.794
374 541.886
375 549.333
376 513.148
377 563.959
378 720.019
379 944.653
380 1005.67
381 901.387
382 699.648
383 584.482
384 482.676
385 503.871
386 526.787
387 482.63
388 460.335
389 436.175
390 464.113
391 489.474
392 483.138
393 465.976
394 468.653
395 473.315
396 481.386
397 441.255
398 423.621
399 437.438
400 442.278
401 426.576
402 457.912
403 436.228
404 428.389
405 437.425
406 437.647
407 468.738
408 483.977
409 428.825
410 436.602
411 426.2
412 472.58
413 482.992
414 437.317
415 436.268
416 444.193
417 425.947
418 425.523
419 415.746
420 401.086
421 463.097
422 431.938
423 410.421
424 419.051
425 415.839
426 428.171
427 439.096
428 436.34
429 457.908
430 474.076
431 437.072
432 448.111
433 392.449
434 388.967
435 499.626
436 466.003
437 413.703
438 402.507
439 433.926
440 445.095
441 465.519
442 504.623
443 456.941
444 424.146
445 422.204
446 424.307
447 439.774
448 405.619
449 421.834
450 437.791
451 457.526
452 459.533
453 433.683
454 449.97
455 441.797
456 460.642
457 449.423
458 467.956
459 444.35
460 428.983
461 431.995
462 472.243
463 456.399
464 418.172
465 418.394
466 446.179
467 455.488
468 432.791
469 480.517
470 460.666
471 473.145
472 463.444
473 451.844
474 451.934
475 452.939
476 461.757
477 462.735
478 447.948
479 463.546
480 472.42
481 431.378
482 451.758
483 422.726
484 411.156
485 410.374
486 388.099
487 435.099
488 428.36
489 396.859
490 347.98
491 411.863
492 381.382
493 384.184
494 403.7
495 336.332
496 329.393
497 331.515
498 363.011
499 340.609
500 320.419
501 296.401
502 305.791
503 324.702
504 336.904
505 306.183
506 275.298
507 304.225
508 286.706
509 314.09
510 289.414
511 324.144
512 270.644
513 282.545
514 297.378
515 276.42
516 291.652
517 280.246
518 273.573
519 252.457
520 246.659
521 286.77
522 255.333
523 289.359
524 272.679
525 253.331
526 227.934
527 272.845
528 339.088
529 441.172
530 490.306
531 491.168
532 368.434
533 304.851
534 277.783
535 258.443
536 256.038
537 238.642
538 238.434
539 250.196
540 221.736
541 221.758
542 233.281
543 242.217
544 237.082
545 199.065
546 211.798
547 233.702
548 239.396
549 234.454
550 218.564
551 217.409
552 220.498
553 196.742
554 203.088
555 218.681
556 202.52
557 227.019
558 227.409
559 219.009
560 196.037
561 203.34
562 192.33
563 191.003
564 198.318
565 204.26
566 221.354
567 221.383
568 201.369
569 201.237
570 200.412
571 194.002
572 186.329
573 198.617
574 205.666
575 206.353
576 183.272
577 167.305
578 176.159
579 179.132
580 159.433
581 176.089
582 177.075
583 172.543
584 171.966
585 152.838
586 161.552
587 146.323
588 168.47
589 165.973
590 158.669
591 184.301
592 155.168
593 138.213
594 147.976
595 151.299
596 159.893
597 158.442
598 160.898
599 157.452
600 150.688
601 142.46
602 159.326
603 167.818
604 158.813
605 157.972
606 155.395
607 149.128
608 167.973
609 147.772
610 169.041
611 169.748
612 131.843
613 147.438
614 141.845
615 131.001
616 125.601
617 129.558
618 148.387
619 139.805
620 120.909
621 133.344
622 126.523
623 136.79
624 136.825
625 143.774
626 133.576
627 145.272
628 146.427
629 139.172
630 130.128
631 154.833
632 133.736
633 137.848
634 128.267
635 122.05
636 126.7
637 132.326
638 118.557
639 134.286
640 139.666
641 133.573
642 133.728
643 140.235
644 148.164
645 136.438
646 147.94
647 144.901
648 134.72
649 137.584
650 114.883
651 132.215
652 135.982
653 173.315
654 299.323
655 698.075
656 1623.46
657 2796.16
658 3270.16
659 2568.12
660 1463.19
661 656.573
662 299.726
663 182.262
664 155.815
665 132.764
666 124.863
667 139.941
668 143.954
669 121.864
670 128.231
671 132.6
672 127.044
673 120.86
674 133.643
675 131.701
676 132.401
677 132.246
678 112.256
679 114.24
680 120.267
681 115.835
682 136.965
683 135.9
684 107.281
685 119.815
686 112.665
687 111.059
688 113.827
689 120.954
690 105.063
691 117.469
692 119.537
693 112.619
694 122.64
695 121.74
696 110.513
697 110.054
698 109.257
699 117.077
700 116.65
701 125.371
702 137.617
703 141.96
704 137.763
705 118.691
706 109.549
707 117.116
708 128.025
709 121.92
710 133.945
711 133.93
712 116.496
713 114.208
714 131.059
715 136.484
716 163.251
717 326.473
718 909.334
719 2498.83
720 5162.5
721 7351.27
722 7052.89
723 4799.59
724 2348.34
725 865.41
726 320.122
727 187.74
728 145.428
729 117.712
730 123.757
731 127.668
732 114.049
733 104.114
734 108.759
735 112.5
736 113.477
737 111.644
738 97.4015
739 85.4391
740 91.6135
741 98.1369
742 100.461
743 105.496
744 100.666
745 98.4576
746 95.9117
747 93.0211
748 101.37
749 95.634
750 83.9149
751 95.1909
752 94.4132
753 77.7684
754 75.9141
755 82.9734
756 90.8451
757 83.615
758 78.5097
759 78.0116
760 94.2112
761 104.427
762 94.1627
763 84.08
764 85.6867
765 83.9539
766 79.9804
767 79.5555
768 76.4781
769 81.2608
770 74.5663
771 73.0704
772 77.4146
773 79.3246
774 74.0852
775 78.0865
776 79.2198
777 80.5168
778 87.3185
779 86.2662
780 88.3233
781 86.2182
782 85.3773
783 86.2976
784 77.8402
785 78.6722
786 80.8282
787 81.3796
788 71.4358
789 68.604
790 78.614
791 87.9277
792 88.2428
793 84.0538
794 81.4594
795 83.1801
796 84.3135
797 85.0347
798 80.5099
799 86.2731
800 89.4887
801 104.372
802 99.4476
803 86.1416
804 85.1226
805 94.0761
806 93.0515
807 86.0689
808 91.6531
809 95.4712
810 90.834
811 79.8962
812 75.8605
813 95.0349
814 85.6773
815 74.3589
816 104.779
817 102.65
818 92.9281
819 88.6952
820 85.5078
821 91.2507
822 92.2261
823 97.6822
824 93.6622
825 77.3449
826 84.1446
827 90.1376
828 96.3657
829 104.746
830 95.9592
831 94.1396
832 102.201
833 107.97
834 108.258
835 104.664
836 114.55
837 135.264
838 139.233
839 156.616
840 165.879
841 165.084
842 172.801
843 193.171
844 391.69
845 1329.34
846 4214.8
847 10135.6
848 17702.2
849 21728.7
850 18266.8
851 10692.9
852 4457.34
853 1405.84
854 456.435
855 222.425
856 168.358
857 137.771
858 114.286
859 94.9889
860 106.99
861 101.73
862 84.8567
863 81.1108
864 66.9229
865 64.951
866 69.6243
867 70.5405
868 57.528
869 59.3923
870 61.791
871 58.3786
872 61.6369
873 60.2975
874 59.8114
875 52.7017
876 48.2996
877 50.1181
878 51.6716
879 41.6213
880 49.5624
881 48.7604
882 42.0299
883 52.5734
884 51.1255
885 54.3805
886 42.954
887 40.381
888 50.2796
889 56.3748
890 41.153
891 43.6841
892 41.7628
893 38.0173
894 40.185
895 51.9938
896 46.7574
897 36.032
898 40.8117
899 38.2515
900 41.9695
901 36.3985
902 55.2612
903 44.9805
904 34.6747
905 39.1133
906 36.6968
907 37.2534
908 47.2415
909 43.74
910 49.6051
911 95.4145
912 281.117
913 772.154
914 1737.26
915 2756.59
916 3199.56
917 2532.93
918 1364.73
919 556.15
920 162.689
921 68.3831
922 32.9573
923 30.7618
924 22.9937
925 32.4137
926 23.1171
927 21.9681
928 25.7593
929 34.0555
930 29.2654
931 29.8297
932 29.4232
933 27.075
934 27.5539
935 18.2104
936 22.8843
937 20.7512
938 19.269
939 16.228
940 23.4509
941 25.0565
942 20.9196
943 21.6538
944 29.9058
945 25.8295
946 23.149
947 25.3129
948 19.9511
949 19.4817
950 23.126
951 16.9932
952 11.2379
953 16.044
954 25.8976
955 23.86
956 23.5648
957 22.8976
958 19.3835
959 15.1248
960 24.2822
961 20.505
962 16.9051
963 20.2649
964 23.8291
965 11.903
966 19.7319
967 21.6439
968 15.5406
969 17.0881
970 14.5386
971 17.4146
972 18.0598
973 15.9126
974 19.743
975 17.3189
976 22.0924
977 16.0278
978 16.5566
979 11.5391
980 18.4309
981 18.9588
982 19.8058
983 23.8432
984 25.519
985 20.5922
986 8.44087
987 23.1325
988 17.1952
989 18.3575
990 22.3968
991 19.1137
992 17.5554
993 22.8868
994 18.7508
995 19.728
996 18.4036
997 26.3204
998 23.2142
999 25.3249
1000 26.3843
1001 18.348
1002 24.6933
1003 26.9202
1004 19.1317
1005 22.3164
1006 15.3972
1007 17.9338
1008 15.0159
1009 17.062
1010 16.394
1011 27.5115
1012 16.1189
1013 17.4977
1014 14.5338
1015 20.6421
1016 20.1653
1017 34.4217
1018 24.2691
1019 21.9314
1020 18.3341
1021 23.2857
1022 32.6484
1023 30.5576
1024 20.1798
1025 20.0626
1026 19.5672
1027 14.6603
1028 23.5639
1029 21.1158
1030 26.6933
1031 20.2841
1032 29.5622
1033 18.1864
1034 26.5793
1035 26.064
1036 22.0176
1037 29.7675
1038 39.3173
1039 59.8479
1040 129.761
1041 265.087
1042 544.851
1043 659.578
1044 612.675
1045 373.072
1046 166.149
1047 60.309
1048 23.9735
1049 12.811
1050 11.897
1051 11.065
1052 9.8854
1053 12.6956
1054 12.1196
1055 16.8306
1056 11.1881
1057 10.1581
1058 9.89692
1059 8.98798
1060 12.768
1061 11.034
1062 10.1927
1063 11.4397
1064 10.329
1065 5.53607
1066 12.1172
1067 12.1447
1068 10.1216
1069 8.55417
1070 13.3147
1071 12.7942
1072 14.9366
1073 11.2473
1074 10.1229
1075 10.067
1076 11.7786
1077 5.39642
1078 12.1486
1079 13.3825
1080 7.70693
1081 7.38128
1082 13.6419
1083 11.6721
1084 4.90298
1085 3.37129
1086 6.60986
1087 9.75127
1088 8.25899
1089 6.13518
1090 9.36934
1091 8.41437
1092 7.89747
1093 10.5862
1094 6.53976
1095 6.97445
1096 9.53105
1097 11.0051
1098 14.4416
1099 11.2222
1100 11.7687
1101 10.4987
1102 8.18142
1103 12.3586
1104 7.94211
1105 9.40383
1106 11.8112
1107 14.5711
1108 12.4033
1109 12.7762
1110 12.0433
1111 12.9134
1112 13.856
1113 10.8431
1114 11.714
1115 9.76162
1116 10.9028
1117 13.9879
1118 8.61096
1119 13.6395
1120 11.5095
1121 11.7815
1122 8.32412
1123 8.34715
1124 11.651
1125 10.0952
1126 12.4702
1127 13.1386
1128 7.46068
1129 6.65189
1130 9.53756
1131 12.4116
1132 7.75397
1133 8.9564
1134 9.63906
1135 11.3382
1136 8.04749
1137 5.3215
1138 8.36949
1139 7.36161
1140 9.27561
1141 5.6954
1142 7.8147
1143 9.32165
1144 12.9331
1145 11.2797
1146 4.33468
1147 9.1727
1148 6.74309
1149 12.8052
1150 9.06024
1151 10.4437
1152 8.78347
1153 8.62158
1154 7.57055
1155 5.53455
1156 8.04219
1157 6.62635
1158 6.06478
1159 6.5206
1160 11.0726
1161 10.4993
1162 6.67331
1163 8.79469
1164 8.10164
1165 5.63124
1166 9.36985
1167 10.3339
1168 13.7972
1169 7.82616
1170 8.09059
1171 12.3743
1172 7.87115
1173 8.00361
1174 6.04201
1175 10.7231
1176 11.5489
1177 9.89013
1178 13.7196
1179 12.5434
1180 8.55268
1181 6.04846
1182 6.21797
1183 11.4864
1184 8.91126
1185 4.41773
1186 8.79198
1187 10.5772
1188 9.25442
1189 10.7504
1190 8.85052
1191 6.24214
1192 9.97242
1193 8.63937
1194 5.88011
1195 6.27166
1196 8.31166
1197 9.29496
1198 7.50682
1199 6.54406
1200 5.95779
1201 4.64573
1202 5.31794
1203 9.29676
1204 9.47914
1205 8.30134
1206 5.33952
1207 6.62341
1208 8.81924
1209 8.10103
1210 6.14054
1211 6.37332
1212 4.84988
1213 9.10305
1214 9.33258
1215 10.3101
1216 8.33609
1217 8.40147
1218 13.156
1219 13.1945
1220 15.563
1221 15.3526
1222 15.1557
1223 11.15
1224 11.537
1225 8.97831
1226 9.03713
1227 12.675
1228 12.7392
1229 8.57468
1230 7.03305
1231 3.85183
1232 3.25594
1233 9.07138
1234 9.00156
1235 5.47043
1236 6.54263
1237 7.95742
1238 10.7123
1239 10.6932
1240 11.2289
1241 7.7574
1242 9.99724
1243 10.5288
1244 6.64718
1245 8.52162
1246 7.48342
1247 9.39641
1248 9.71638
1249 9.52339
1250 8.25412
1251 7.09965
1252 5.72352
1253 7.06352
1254 7.42168
1255 5.52219
1256 6.71437
1257 6.08628
1258 5.22608
1259 7.38698
1260 7.63067
1261 5.20795
1262 7.23826
1263 6.88881
1264 7.2601
1265 8.43235
1266 9.91475
1267 8.78363
1268 7.03072
1269 5.54991
1270 8.75835
1271 9.36585
1272 9.09817
1273 9.13935
1274 8.05149
1275 11.1406
1276 8.96778
1277 6.17864
1278 8.06444
1279 10.219
1280 9.91715
1281 9.41146
1282 11.3257
1283 9.183
1284 6.97313
1285 10.1283
1286 10.6316
1287 7.67984
1288 7.15435
1289 8.53131
1290 6.41907
1291 4.18943
1292 5.01796
1293 8.63004
1294 8.76422
1295 6.87431
1296 7.92809
1297 5.60407
1298 7.42314
1299 7.57324
1300 9.13976
1301 8.19222
1302 4.01193
1303 4.01885
1304 4.62313
1305 5.13817
1306 7.38118
1307 9.95935
1308 7.64079
1309 3.89731
1310 2.3434
1311 3.13464
1312 5.18982
1313 5.34148
1314 5.29689
1315 4.80396
1316 5.51832
1317 5.62443
1318 7.39544
1319 7.72219
1320 5.29365
1321 5.15105
1322 10.3559
1323 8.50045
1324 8.92815
1325 10.1362
1326 5.99714
1327 6.40498
1328 5.25326
1329 6.08675
1330 6.27735
1331 6.51593
1332 6.10377
1333 5.03895
1334 6.27622
1335 6.60453
1336 5.92269
1337 5.80972
1338 4.60642
1339 8.5565
1340 9.25327
1341 9.55282
1342 10.3153
1343 6.85496
1344 6.72516
1345 9.50053
1346 7.07346
1347 6.3931
1348 9.39807
1349 7.17627
1350 2.46388
1351 6.65831
1352 6.31828
1353 7.32033
1354 8.80097
1355 8.67955
1356 11.7005
1357 11.0064
1358 9.10625
1359 13.3315
1360 17.4317
1361 21.2202
1362 27.3101
1363 22.4947
1364 13.7855
1365 12.5137
1366 9.04939
1367 7.40268
1368 6.25195
1369 6.23549
1370 6.85173
1371 7.81371
1372 5.69912
1373 3.95344
1374 4.73322
1375 7.12386
1376 7.99696
1377 7.63093
1378 7.34044
1379 8.62685
1380 8.76958
1381 8.14915
1382 6.70695
1383 6.68988
1384 6.51684
1385 8.08885
1386 7.33348
1387 9.94666
1388 4.6762
1389 5.74029
1390 10.6316
1391 12.0317
1392 12.1379
1393 14.2252
1394 20.2475
1395 26.1363
1396 23.4575
1397 12.2324
1398 6.56808
1399 7.62178
1400 5.66118
1401 8.42336
1402 6.14968
1403 8.43529
1404 8.66651
1405 6.81979
1406 7.47327
1407 4.72362
1408 5.01136
1409 8.92822
1410 9.6758
1411 7.38901
1412 7.94632
1413 8.20868
1414 8.82485
1415 7.45043
1416 7.45
1417 8.99893
1418 9.30146
1419 4.67432
1420 2.38794
1421 3.35636
1422 6.80923
1423 6.76286
1424 7.75354
1425 7.47518
1426 10.011
1427 6.93788
1428 7.71413
1429 5.67646
1430 4.54237
1431 4.88429
1432 5.73489
1433 5.51421
1434 7.69246
1435 9.09212
1436 1.5525
1437 5.76456
1438 7.60527
1439 5.51653
1440 5.58077
1441 5.86177
1442 4.32192
1443 3.58434
1444 6.0057
1445 8.37492
1446 10.7904
1447 8.29143
1448 9.73775
1449 8.90745
1450 6.76031
1451 6.10091
1452 7.27744
1453 8.95391
1454 12.542
1455 22.4633
1456 30.8615
1457 36.0122
1458 28.4764
1459 19.3186
1460 13.0104
1461 11.2287
1462 6.7263
1463 7.36701
1464 9.23473
1465 4.69726
1466 3.78976
1467 6.15579
1468 7.99454
1469 3.96881
1470 1.32993
1471 6.06833
1472 5.13128
1473 6.26217
1474 8.77763
1475 5.3169
1476 5.74818
1477 5.19978
1478 7.64727
1479 5.908
1480 5.06197
1481 10.8016
1482 3.87584
1483 11.4062
1484 4.6473
1485 5.16492
1486 6.1475
1487 5.83542
1488 4.38629
1489 5.92214
1490 6.77161
1491 3.9341
1492 4.80042
1493 4.37618
1494 5.16944
1495 5.15789
1496 1.16239
1497 4.93977
1498 5.16998
1499 6.45479
1500 6.67139
1501 4.07794
1502 5.96264
1503 6.09276
1504 3.65628
1505 3.60728
1506 5.30695
1507 3.1987
1508 10.7547
1509 2.34312
1510 7.89681
1511 5.15637
1512 7.4443
1513 13.1856
1514 5.86078
1515 2.34987
1516 5.38278
1517 9.48669
1518 7.38393
1519 6.76408
1520 7.73246
1521 4.81524
1522 6.52121
1523 9.59035
1524 2.78053
1525 10.3647
1526 5.83627
1527 4.27342
1528 4.89707
1529 5.55096
1530 6.63198
1531 5.91481
1532 3.06731
1533 5.74675
1534 6.3303
1535 9.31696
1536 5.20711
1537 8.92948
1538 4.35766
1539 3.73576
1540 1.17387
1541 3.12607
1542 4.63345
1543 3.5839
1544 5.44989
1545 2.29418
1546 6.84921
1547 4.9006
1548 2.44436
1549 6.59808
1550 6.01791
1551 1.95156
1552 5.93617
1553 5.14793
1554 3.82545
1555 4.13455
1556 5.93133
1557 5.96461
1558 5.0562
1559 9.67651
1560 5.97362
1561 8.43881
1562 10.2659
1563 3.77795
1564 6.64202
1565 4.0926
1566 4.08701
1567 5.96972
1568 6.7439
1569 6.11043
1570 5.01713
1571 4.22567
1572 9.12478
1573 12.0069
1574 9.30828
1575 11.5606
1576 10.1748
1577 8.5523
1578 4.96263
1579 9.1594
1580 8.63087
1581 6.83938
1582 8.97242
1583 10.9481
1584 7.44729
1585 11.5724
1586 7.08393
1587 3.62856
1588 3.78383
1589 2.99971
1590 4.73117
1591 8.77727
1592 3.83656
1593 10.2899
1594 6.11287
1595 3.10578
1596 9.18748
1597 7.75771
1598 6.53235
1599 4.70175
1600 3.76809
1601 3.92704
1602 4.22958
1603 3.78058
1604 4.8281
1605 6.66854
1606 5.58145
1607 2.24978
1608 4.16801
1609 3.60926
1610 5.69272
1611 4.92606
1612 7.61385
1613 8.01922
1614 5.56585
1615 5.53396
1616 3.61212
1617 3.06103
1618 3.7587
1619 3.11277
1620 0.553297
1621 2.77437
1622 8.69367
1623 6.45386
1624 5.36864
1625 7.42965
1626 2.16234
1627 3.54039
1628 3.99654
1629 8.49726
1630 6.37667
1631 4.30303
1632 4.55554
1633 6.26108
1634 6.53125
1635 3.50633
1636 1.48221
1637 4.26478
1638 9.35204
1639 7.26605
1640 4.34091
1641 1.71803
1642 4.48124
1643 3.7543
1644 3.15096
1645 4.53373
1646 8.18987
1647 4.46052
1648 5.53907
1649 6.26067
1650 3.82607
1651 5.40399
1652 3.8013
1653 6.23187
1654 3.82345
1655 3.99404
1656 2.11331
1657 7.74705
1658 4.0525
1659 3.1701
1660 5.13274
1661 3.60985
1662 3.80738
1663 4.28608
1664 4.47597
1665 3.37872
1666 4.12176
1667 6.49294
1668 5.05165
1669 5.38133
1670 3.66771
1671 4.30468
1672 3.10179
1673 3.38117
1674 2.94287
1675 1.23433
1676 6.84505
1677 4.58106
1678 4.61963
1679 5.74014
1680 6.05204
1681 7.50115
1682 6.77802
1683 5.93671
1684 6.03573
1685 4.27626
1686 4.48303
1687 5.99411
1688 8.49889
1689 4.97966
1690 5.44613
1691 4.3476
1692 5.23442
1693 4.88997
1694 3.14097
1695 6.26865
1696 5.23819
1697 6.29528
1698 6.8793
1699 5.87288
1700 5.97682
1701 5.97861
1702 8.36565
1703 11.032
1704 8.31524
1705 5.22881
1706 4.90669
1707 2.88822
1708 4.54935
1709 4.73647
1710 6.4171
1711 4.50281
1712 3.92795
1713 5.4598
1714 5.32184
1715 7.54457
1716 7.23122
1717 4.97147
1718 4.93085
1719 2.9196
1720 3.18208
1721 2.40211
1722 2.4684
1723 5.59355
1724 4.39358
1725 3.76778
1726 4.78659
1727 5.67326
1728 4.20008
1729 2.69512
1730 2.91019
1731 4.18325
1732 4.24331
1733 6.72838
1734 6.89459
1735 5.38952
1736 2.81877
1737 3.84546
1738 9.95167
1739 11.8022
1740 5.78885
1741 7.40413
1742 7.04124
1743 4.2435
1744 5.61206
1745 6.86281
1746 5.43762
1747 3.43463
1748 4.87075
1749 6.06574
1750 5.03201
1751 6.20035
1752 5.93678
1753 6.43292
1754 4.03808
1755 2.91669
1756 4.89999
1757 4.22785
1758 4.24998
1759 5.31775
1760 3.43784
1761 3.11488
1762 4.43457
1763 4.71444
1764 4.60183
1765 2.83059
1766 3.80456
1767 5.62582
1768 4.9749
1769 3.31145
1770 4.0736
1771 3.9683
1772 5.73643
1773 6.83365
1774 7.61978
1775 9.4973
1776 7.09295
1777 3.03671
1778 2.99315
1779 3.27283
1780 3.44217
1781 4.57473
1782 3.66554
1783 1.49589
1784 2.53278
1785 3.94118
1786 5.22403
1787 5.52253
1788 5.92405
1789 3.86755
1790 3.08371
1791 3.65131
1792 2.72959
1793 2.66198
1794 3.05873
1795 3.26863
1796 2.43255
1797 5.87543
1798 7.10134
1799 6.0996
1800 4.8492
1801 2.72038
1802 5.50753
1803 5.32939
1804 3.63488
1805 3.54067
1806 5.02973
1807 4.44683
1808 8.11556
1809 6.21088
1810 5.36521
1811 7.0761
1812 5.95396
1813 5.49346
1814 6.91114
1815 6.61828
1816 4.807
1817 6.67507
1818 8.00363
1819 5.5448
1820 6.23206
1821 4.05602
1822 4.48091
1823 4.7239
1824 4.62405
1825 5.75314
1826 5.00369
1827 4.58412
1828 4.60595
1829 5.14628
1830 5.58569
1831 2.96896
1832 4.33445
1833 7.70881
1834 8.22645
1835 7.20134
1836 5.56249
1837 5.06436
1838 4.54034
1839 7.30197
1840 7.12578
1841 6.1943
1842 5.83444
1843 2.60946
1844 2.85036
1845 4.04684
1846 4.93843
1847 4.24216
1848 5.32076
1849 8.14092
1850 4.55981
1851 3.21249
1852 4.31269
1853 4.91623
1854 5.22829
1855 5.62967
1856 6.44084
1857 5.5889
1858 5.41206
1859 5.51522
1860 2.67452
1861 4.18073
1862 4.65571
1863 4.16411
1864 4.47907
1865 5.04495
1866 4.03407
1867 1.81924
1868 2.98775
1869 5.19237
1870 5.56862
1871 3.70334
1872 7.17301
1873 6.51992
1874 2.52957
1875 4.608
1876 5.18601
1877 5.9426
1878 9.65403
1879 6.77929
1880 7.25717
1881 4.31328
1882 3.72202
1883 5.44745
1884 6.81178
1885 4.67019
1886 5.64382
1887 7.93861
1888 7.67754
1889 5.55792
1890 5.44701
1891 4.0192
1892 2.73399
1893 2.93837
1894 3.1021
1895 3.42122
1896 5.56602
1897 5.93338
1898 2.38434
1899 3.97845
1900 4.71737
1901 6.65104
1902 4.64769
1903 3.65718
1904 4.22217
1905 7.61465
1906 6.68633
1907 1.64172
1908 3.43256
1909 4.4205
1910 2.1975
1911 0.993695
1912 3.32792
1913 2.02263
1914 5.2741
1915 5.06698
1916 2.45896
1917 2.72762
1918 3.55755
1919 5.8447
1920 7.44799
1921 2.00577
1922 2.22807
1923 3.08117
1924 4.17191
1925 4.28359
1926 5.82268
1927 7.48176
1928 6.45217
1929 3.62787
1930 8.63907
1931 6.6254
1932 5.704
1933 8.79392
1934 4.93757
1935 3.79297
1936 4.82031
1937 1.98775
1938 4.45889
1939 3.19749
1940 3.70631
1941 4.58748
1942 9.65903
1943 2.75949
1944 3.42512
1945 4.27961
1946 1.0661
1947 2.09111
1948 3.67776
1949 4.85461
1950 4.27605
1951 5.62263
1952 6.52361
1953 5.66373
1954 4.78098
1955 6.11303
1956 3.0788
1957 1.65978
1958 6.44255
1959 5.24903
1960 2.19316
1961 6.97836
1962 4.64638
1963 1.59503
1964 4.63301
1965 8.49744
1966 5.38568
1967 5.95328
1968 3.9947
1969 2.04044
1970 1.81461
1971 3.22243
1972 3.06879
1973 3.41004
1974 4.03605
1975 6.96503
1976 4.50482
1977 0.709393
1978 1.82872
1979 6.44867
1980 3.49608
1981 5.12081
1982 2.42374
1983 4.12995
1984 7.43105
1985 4.80956
1986 8.58775
1987 2.65011
1988 5.46615
1989 5.63042
1990 1.68574
1991 5.5048
1992 7.78645
1993 2.27406
1994 2.96714
1995 6.41358
1996 3.25925
1997 6.18325
1998 1.01731
1999 3.4496
2000 4.46884
2001 3.52218
2002 7.49407
2003 5.9999
2004 2.68305
2005 5.69544
2006 6.56073
2007 4.18597
2008 4.82811
2009 9.58025
2010 5.58935
2011 2.41327
2012 6.81799
2013 2.86306
2014 2.79439
2015 4.86781
2016 5.64929
2017 3.70028
2018 7.6985
2019 2.19194
2020 3.14313
2021 5.97122
2022 4.09675
2023 6.53863
2024 7.23501
2025 5.79318
2026 3.60567
2027 6.63404
2028 3.64603
2029 4.69341
2030 3.49974
2031 4.29805
2032 5.2174
2033 4.42139
2034 1.2996
2035 7.87896
2036 3.80632
2037 8.29851
2038 2.99299
2039 3.95852
2040 5.7904
2041 2.09313
2042 7.74255
2043 3.17075
2044 4.26263
2045 8.82756
2046 3.1792
2047 4.80276
2048 5.96401
2049 3.42257
2050 8.06484
2051 6.56152
2052 4.12533
2053 4.9783
2054 2.9469
2055 5.18112
2056 5.84814
2057 3.94116
2058 4.50844
2059 7.9035
2060 10.9378
2061 11.5109
2062 2.95046
2063 1.08887
2064 0.953238
2065 5.07412
2066 6.02029
2067 3.71424
2068 4.58471
2069 3.72414
2070 13.9048
2071 3.78255
2072 4.30383
2073 4.17274
2074 4.58484
2075 3.45929
2076 6.32781
2077 3.33816
2078 2.89925
2079 6.72694
2080 2.1643
2081 2.11221
2082 3.6499
2083 4.33128
2084 7.70689
2085 7.06482
2086 4.37865
2087 3.03572
2088 3.58526
2089 5.79511
2090 6.24079
2091 5.97717
2092 2.20691
2093 3.88287
2094 4.90328
2095 4.16848
2096 4.63284
2097 2.22622
2098 5.01373
2099 5.48753
2100 3.33753
2101 1.39414
2102 2.94817
2103 3.81325
2104 2.22952
2105 5.90753
2106 5.40791
2107 4.39217
2108 4.25868
2109 2.11223
2110 5.00026
2111 5.69662
2112 8.03686
2113 3.10566
2114 3.73196
2115 2.97539
2116 5.75801
2117 3.45319
2118 3.79637
2119 3.2639
2120 2.15203
2121 1.95523
2122 5.81736
2123 4.83949
2124 5.55999
2125 4.26782
2126 5.18021
2127 3.73271
2128 6.45813
2129 6.04071
2130 4.38656
2131 3.99561
2132 5.70083
2133 5.57638
2134 4.00416
2135 7.93857
2136 4.31961
2137 7.47384
2138 5.1007
2139 4.21962
2140 5.14953
2141 3.04775
2142 4.57328
2143 3.35813
2144 5.28428
2145 6.85685
2146 4.60536
2147 6.96673
2148 6.09712
2149 2.95812
2150 3.96156
2151 3.72871
2152 6.92908
2153 2.74393
2154 2.74373
2155 1.36618
2156 3.50669
2157 5.99162
2158 3.10935
2159 6.27717
2160 4.42059
2161 6.70762
2162 4.34217
2163 3.87048
2164 8.39944
2165 5.06698
2166 1.46376
2167 3.32673
2168 3.38585
2169 5.83763
2170 5.44799
2171 3.24335
2172 6.19516
2173 3.86055
2174 2.26437
2175 6.08718
2176 7.4346
2177 5.13238
2178 6.29995
2179 9.53792
2180 8.05338
2181 15.7899
2182 7.95451
2183 11.7098
2184 11.8082
2185 5.17737
2186 6.32461
2187 7.05965
2188 6.82604
2189 2.8475
2190 3.91999
2191 3.53621
2192 6.49238
2193 3.75182
2194 5.51367
2195 3.64968
2196 4.90995
2197 8.09648
2198 5.85278
2199 6.97062
2200 2.70176
2201 2.21204
2202 4.44192
2203 3.7594
2204 4.24683
2205 5.23755
2206 4.44879
2207 2.74788
2208 2.56305
2209 4.94753
2210 4.6908
2211 3.06887
2212 4.60103
2213 5.38299
2214 5.15321
2215 2.84531
2216 4.10294
2217 3.58126
2218 4.42753
2219 4.27414
2220 4.41356
2221 4.86451
2222 2.55773
2223 2.5071
2224 3.65284
2225 5.22038
2226 5.70962
2227 5.24582
2228 4.09558
2229 5.17241
2230 4.7432
2231 4.78361
2232 5.66097
2233 5.66232
2234 5.6665
2235 7.59718
2236 5.30897
2237 3.81774
2238 5.34138
2239 3.55687
2240 4.51793
2241 4.30484
2242 5.51665
2243 8.22876
2244 4.64756
2245 3.87094
2246 5.50466
2247 5.95355
2248 6.42749
2249 2.7939
2250 3.43151
2251 1.93284
2252 5.57178
2253 6.01477
2254 3.34283
2255 3.43875
2256 6.30401
2257 4.82666
2258 3.9121
2259 2.47483
2260 2.45993
2261 2.29305
2262 4.98473
2263 5.20101
2264 4.18166
2265 5.88008
2266 3.67181
2267 4.91068
2268 5.29306
2269 4.50934
2270 2.96828
2271 1.8049
2272 6.82548
2273 10.0748
2274 6.15621
2275 3.0346
2276 3.70278
2277 6.70143
2278 5.58297
2279 4.05473
2280 4.43019
2281 2.90854
2282 4.33944
2283 4.26047
2284 4.61139
2285 2.76882
2286 3.35477
2287 5.36446
2288 4.10439
2289 2.52339
2290 1.35383
2291 5.07544
2292 6.44718
2293 4.06104
2294 3.91735
2295 2.43812
2296 2.48568
2297 1.9382
2298 3.4544
2299 2.8478
2300 0.695817
2301 2.98394
2302 4.03752
2303 4.63389
2304 5.51076
2305 5.04881
2306 5.71408
2307 4.75369
2308 5.30312
2309 8.5657
2310 7.29691
2311 5.9011
2312 6.06973
2313 4.79167
2314 7.61553
2315 5.96726
2316 4.06272
2317 6.07007
2318 11.2692
2319 10.8224
2320 10.8954
2321 11.6818
2322 7.23094
2323 7.75821
2324 5.07537
2325 2.49372
2326 1.44647
2327 4.25746
2328 7.63747
2329 5.53822
2330 4.53115
2331 3.47277
2332 4.32161
2333 3.17137
2334 3.68082
2335 4.39268
2336 5.49232
2337 3.31329
2338 2.86673
2339 3.07623
2340 2.90463
2341 4.95133
2342 3.61547
2343 2.80654
2344 4.65643
2345 5.40392
2346 6.98412
2347 6.00644
2348 5.69416
2349 3.17824
2350 4.67663
2351 5.75178
2352 3.18234
2353 2.22897
2354 2.12801
2355 4.40871
2356 6.54092
2357 2.94443
2358 5.63767
2359 4.67792
2360 5.3019
2361 3.93004
2362 4.88553
2363 4.95334
2364 4.1293
2365 2.04286
2366 1.19737
2367 3.99413
2368 4.34498
2369 4.70418
2370 4.92149
2371 5.73169
2372 3.02921
2373 7.14285
2374 6.28164
2375 4.82563
2376 4.63659
2377 5.19828
2378 6.6367
2379 6.89243
2380 3.70269
2381 4.25608
2382 7.19995
2383 6.26749
2384 7.15564
2385 5.62707
2386 2.98071
2387 3.15047
2388 3.35086
2389 3.62906
2390 3.29465
2391 2.91038
2392 3.74297
2393 3.22153
2394 4.97384
2395 6.32538
2396 7.53743
2397 2.56571
2398 2.26856
2399 3.85425
2400 5.59869
2401 4.36404
2402 3.86523
2403 6.14005
2404 5.52805
2405 3.20488
2406 4.97606
2407 4.05269
2408 5.31038
2409 4.05403
2410 4.36346
2411 1.28768
2412 1.9631
2413 2.09382
2414 3.39522
2415 3.80507
2416 1.78046
2417 2.29146
2418 1.29884
2419 6.64149
2420 2.54227
2421 3.40679
2422 4.34753
2423 3.55916
2424 1.74197
2425 2.61247
2426 4.68533
2427 5.28603
2428 2.76266
2429 4.36205
2430 5.45219
2431 4.167
2432 3.95494
2433 5.69344
2434 5.13757
2435 3.90363
2436 5.23711
2437 4.10264
2438 3.84205
2439 5.22418
2440 5.81826
2441 7.33526
2442 1.69007
2443 4.15196
2444 6.83313
2445 10.2953
2446 6.76222
2447 5.4007
2448 5.33865
2449 3.87391
2450 6.33777
2451 3.34515
2452 5.30745
2453 5.21843
2454 5.91634
2455 5.12877
2456 6.00936
2457 4.4337
2458 3.68758
2459 5.16336
2460 7.99479
2461 5.02959
2462 3.95217
2463 4.97332
2464 2.79247
2465 2.9543
2466 3.62927
2467 5.17742
2468 4.85946
2469 6.04817
2470 7.07918
2471 3.91094
2472 3.53145
2473 5.13859
2474 4.6592
2475 3.68341
2476 2.22752
2477 5.45619
2478 5.66706
2479 3.67535
2480 6.55874
2481 3.71582
2482 3.43536
2483 5.04479
2484 5.122
2485 3.47564
2486 7.59289
2487 4.06658
2488 10.8299
2489 8.50044
2490 9.41985
2491 5.08871
2492 5.11404
2493 6.96826
2494 3.9932
2495 4.85937
2496 2.23331
2497 1.76736
2498 2.21535
2499 3.12328
2500 2.65092
2501 1.81158
2502 1.97626
2503 4.53934
2504 2.1308
2505 3.73809
2506 4.5125
2507 4.31992
2508 7.2636
2509 6.85566
2510 7.8384
2511 6.16026
2512 2.86746
2513 4.39589
2514 5.73762
2515 3.25428
2516 5.05844
2517 3.59754
2518 5.14299
2519 4.98347
2520 6.07095
2521 2.91783
2522 2.76087
2523 5.07443
2524 7.3935
2525 6.11499
2526 4.46105
2527 1.89287
2528 3.4076
2529 4.6599
2530 3.81821
2531 1.52068
2532 3.70685
2533 3.78641
2534 3.69362
2535 4.81664
2536 4.72762
2537 4.95189
2538 5.28072
2539 3.1679
2540 5.83273
2541 2.53433
2542 1.38421
2543 6.71974
2544 8.53324
2545 8.72912
2546 8.52422
2547 10.8677
2548 12.833
2549 9.18018
2550 6.39158
2551 4.03496
2552 4.88838
2553 4.42558
2554 4.33589
2555 12.7557
2556 9.97
2557 2.42088
2558 2.40749
2559 7.60336
2560 9.66711
2561 6.34006
2562 4.03954
2563 3.74443
2564 6.11081
2565 3.63149
2566 6.42326
2567 10.2916
2568 3.84519
2569 5.78541
2570 5.52898
2571 6.70894
2572 7.38911
2573 3.87112
2574 6.70197
2575 3.83338
2576 4.14053
2577 10.2726
2578 6.09087
2579 4.99678
2580 3.59876
2581 3.0818
2582 2.58942
2583 6.25164
2584 0.245676
2585 4.17407
2586 4.98608
2587 7.91402
2588 5.68025
2589 4.43417
2590 5.59343
2591 4.95481
2592 7.63106
2593 6.18814
2594 6.36063
2595 3.53636
2596 7.12213
2597 2.93122
2598 1.16419
2599 3.95802
2600 2.31106
2601 4.72345
2602 7.65821
2603 2.89381
2604 2.62439
2605 6.00388
2606 6.06838
2607 3.72895
2608 3.1308
2609 0.844051
2610 6.62823
2611 5.52183
2612 4.73332
2613 2.20818
2614 4.03651
2615 5.847
2616 4.81093
2617 8.913
2618 4.14703
2619 3.16922
2620 3.26033
2621 4.83659
2622 4.74158
2623 7.81976
2624 5.90273
2625 7.42804
2626 7.61352
2627 4.72296
2628 4.21323
2629 2.60481
2630 4.9513
2631 3.74542
2632 5.4432
2633 8.41812
2634 6.79806
2635 2.66917
2636 3.6614
2637 5.97716
2638 3.11034
2639 4.98006
2640 5.24926
2641 6.38397
2642 4.58633
2643 2.98998
2644 3.66843
2645 3.62124
2646 2.64682
2647 3.42584
2648 7.4875
2649 4.57706
2650 2.26796
2651 3.20036
2652 8.03068
2653 9.4204
2654 5.49117
2655 8.94319
2656 6.05053
2657 5.86533
2658 3.1251
2659 4.39213
2660 2.67324
2661 4.87104
2662 5.46123
2663 7.071
2664 4.2994
2665 1.50209
2666 3.1859
2667 4.08419
2668 2.66138
2669 3.00121
2670 3.30294
2671 5.41345
2672 4.73536
2673 5.67984
2674 5.52715
2675 3.72587
2676 5.2122
2677 6.9769
2678 4.71288
2679 4.66157
2680 5.41188
2681 9.87933
2682 12.5517
2683 10.8258
2684 11.3044
2685 9.72116
2686 13.626
2687 5.62915
2688 4.59927
2689 5.50365
2690 6.07296
2691 2.79344
2692 5.85236
2693 4.33291
2694 6.22697
2695 3.05221
2696 3.95423
2697 4.76134
2698 4.12138
2699 3.85557
2700 6.66457
2701 7.42999
2702 8.46696
2703 3.58543
2704 4.40059
2705 4.54164
2706 6.95363
2707 3.53904
2708 4.88199
2709 6.12247
2710 6.42425
2711 4.77688
2712 3.35777
2713 4.70681
2714 5.41549
2715 7.01746
2716 6.80256
2717 5.40741
2718 6.07917
2719 4.81916
2720 3.74291
2721 4.52131
2722 5.09018
2723 3.04207
2724 4.89957
2725 5.92231
2726 5.98757
2727 6.48178
2728 7.13
2729 2.61272
2730 6.06353
2731 8.44656
2732 6.93983
2733 4.85638
2734 4.63736
2735 2.1209
2736 2.5163
2737 5.78142
2738 4.67698
2739 6.79615
2740 9.31168
2741 6.06413
2742 2.2171
2743 1.30017
2744 3.18991
2745 4.29716
2746 5.27898
2747 4.63628
2748 4.92359
2749 5.06959
2750 5.85986
2751 3.10065
2752 5.32151
2753 6.84325
2754 8.35759
2755 9.95
2756 8.83735
2757 3.26848
2758 2.93594
2759 4.46735
2760 5.62297
2761 6.05231
2762 7.20038
2763 5.17206
2764 3.29081
2765 4.65828
2766 8.68102
2767 7.17509
2768 3.12125
2769 4.05229
2770 6.54823
2771 4.27286
2772 6.29393
2773 6.64572
2774 5.1683
2775 3.81994
2776 4.77663
2777 5.33553
2778 5.10547
2779 5.5275
2780 7.08435
2781 6.68011
2782 5.28097
2783 7.3199
2784 7.33225
2785 7.61038
2786 7.8054
2787 5.70985
2788 2.32942
2789 4.78845
2790 5.06348
2791 7.08015
2792 5.01326
2793 4.23375
2794 7.14924
2795 4.33622
2796 8.31489
2797 6.17348
2798 3.08458
2799 5.09559
2800 6.69422
2801 6.59738
2802 7.89506
2803 6.56556
2804 3.01087
2805 8.13936
2806 11.9295
2807 7.28874
2808 4.5386
2809 5.7164
2810 5.60159
2811 4.77618
2812 5.30286
2813 3.43582
2814 1.63922
2815 3.55991
2816 5.86605
2817 5.4688
2818 5.35088
2819 7.31236
2820 7.03518
2821 3.38833
2822 5.03683
2823 4.54486
2824 4.41103
2825 5.87873
2826 9.956
2827 7.8916
2828 6.03302
2829 6.26212
2830 6.39379
2831 5.98766
2832 4.71742
2833 4.20252
2834 6.81519
2835 7.01828
2836 4.73327
2837 4.36082
2838 7.83271
2839 5.65474
2840 3.52405
2841 4.27024
2842 6.46278
2843 3.03142
2844 1.80151
2845 6.52113
2846 6.32187
2847 8.84624
2848 6.11078
2849 4.58014
2850 3.53763
2851 3.4377
2852 3.33284
2853 2.65937
2854 4.61224
2855 4.65317
2856 4.26756
2857 3.80221
2858 6.14061
2859 7.37532
2860 3.89562
2861 4.79206
2862 4.73035
2863 2.59787
2864 4.79044
2865 8.9678
2866 6.71484
2867 5.18739
2868 5.21801
2869 7.89023
2870 7.56099
2871 7.58328
2872 8.53978
2873 7.04005
2874 4.60425
2875 6.68438
2876 7.94169
2877 10.4202
2878 6.74835
2879 5.63153
2880 5.29557
2881 6.07156
2882 4.61917
2883 6.02036
2884 4.35889
2885 6.79017
2886 6.25545
2887 4.12592
2888 4.14855
2889 8.30673
2890 5.24567
2891 5.03103
2892 7.93286
2893 9.63945
2894 5.51293
2895 7.54079
2896 9.79741
2897 7.78061
2898 4.55635
2899 5.2574
2900 8.21223
2901 4.90807
2902 5.49501
2903 7.27077
2904 5.73826
2905 8.71319
2906 4.86638
2907 7.4512
2908 8.28436
2909 5.08252
2910 4.71685
2911 7.05439
2912 8.25582
2913 8.4055
2914 8.87864
2915 6.88426
2916 5.26747
2917 7.99931
2918 6.69668
2919 5.75759
2920 11.5159
2921 9.89021
2922 5.2733
2923 7.38612
2924 4.3781
2925 3.83023
2926 4.9937
2927 4.7759
2928 4.02482
2929 7.80513
2930 6.11677
2931 6.5741
2932 8.06752
2933 6.28907
2934 5.86716
2935 4.07454
2936 5.12776
2937 8.25029
2938 7.32687
2939 6.37374
2940 3.58798
2941 9.80994
2942 9.81231
2943 7.51782
2944 7.04677
2945 6.28667
2946 8.38457
2947 6.30968
2948 9.77036
2949 5.19732
2950 6.04444
2951 6.35538
2952 3.47559
2953 6.31632
2954 5.04804
2955 1.42929
2956 4.85917
2957 5.61725
2958 5.57545
2959 3.12588
2960 8.31327
2961 11.8813
2962 5.01793
2963 6.24651
2964 3.33659
2965 5.88023
2966 8.62846
2967 6.76437
2968 5.68556
2969 3.19402
2970 8.48502
2971 7.59295
2972 4.9843
2973 5.17997
2974 5.28252
2975 3.56184
2976 5.33887
2977 5.85983
2978 6.73725
2979 6.75123
2980 9.1873
2981 7.57566
2982 2.87671
2983 6.54268
2984 7.5012
2985 3.25123
2986 0.945584
2987 3.29156
2988 2.92491
2989 4.17531
2990 5.30067
2991 5.82251
2992 0.920629
2993 2.67262
2994 2.2635
2995 3.22299
2996 3.9774
2997 5.80527
2998 2.48167
2999 5.14211
3000 5.8242
3001 4.70228
3002 7.73493
3003 4.22269
3004 6.29743
3005 4.93585
3006 5.60686
3007 1.74313
3008 5.26607
3009 3.78668
3010 0.545139
3011 5.09601
3012 2.75204
3013 6.41532
3014 3.46553
3015 6.21578
3016 7.35752
3017 4.35695
3018 2.376
3019 4.41883
3020 3.15199
3021 4.74564
3022 3.51439
3023 3.97156
3024 1.96306
3025 2.65423
3026 0.289625
3027 4.05072
3028 3.06937
3029 4.36514
3030 6.16616
3031 6.60004
3032 5.8412
3033 2.61774
3034 4.03357
3035 8.59311
3036 6.64739
3037 4.87236
3038 4.54224
3039 4.53178
3040 5.05494
3041 7.29248
3042 5.46485
3043 3.05224
3044 2.50166
3045 6.32629
3046 5.75458
3047 0.609819
3048 4.07047
3049 3.96104
3050 2.17975
3051 4.44399
3052 4.54427
3053 3.6666
3054 2.29699
3055 3.51998
3056 0.663664
3057 4.94528
3058 2.43066
3059 0.305524
3060 2.32242
3061 4.34939
3062 4.17299
3063 4.35705
3064 2.41819
3065 2.04392
3066 2.04008
3067 2.92711
3068 0.960378
3069 6.22512
3070 4.06762
3071 4.05264
3072 4.6392
3073 1.85636
3074 3.36147
3075 1.50145
3076 5.79655
3077 2.99605
3078 4.81718
3079 4.57073
3080 3.87969
3081 3.53225
3082 3.0909
3083 1.43843
3084 2.1152
3085 4.23989
3086 4.29789
3087 6.7812
3088 2.54731
3089 1.49934
3090 2.15025
3091 3.64624
3092 0.953458
3093 4.68594
3094 4.20371
3095 3.86493
3096 2.92196
3097 4.34398
3098 1.36037
3099 3.43548
3100 5.40915
3101 2.00098
3102 3.59492
3103 4.31394
3104 7.6627
3105 3.24849
3106 2.05847
3107 3.76154
3108 2.1013
3109 1.75467
3110 4.07583
3111 3.10549
3112 1.1427
3113 1.67607
3114 2.20642
3115 2.74673
3116 1.47892
3117 2.80207
3118 1.89528
3119 1.97046
3120 2.85324
3121 1.48803
3122 5.50101
3123 4.62781
3124 3.08376
3125 5.24437
3126 6.89874
3127 6.41459
3128 5.03161
3129 2.91212
3130 3.90281
3131 1.30611
3132 2.52669
3133 3.16947
3134 3.83961
3135 3.39295
3136 2.16807
3137 2.58122
3138 1.96283
3139 1.31901
3140 1.62632
3141 0.891756
3142 4.56539
3143 1.64839
3144 3.26813
3145 0.912214
3146 2.05394
3147 2.84502
3148 5.19341
3149 3.79155
3150 6.491
3151 0.713667
3152 2.46541
3153 3.81589
3154 2.74176
3155 4.14388
3156 1.76966
3157 2.53742
3158 1.89345
3159 1.56849
3160 1.66501
3161 1.9424
3162 1.34061
3163 2.50926
3164 5.81159
3165 4.97005
3166 2.26858
3167 2.36149
3168 4.09688
3169 3.65819
3170 1.9857
3171 3.08581
3172 3.12741
3173 3.92293
3174 3.97028
3175 4.67675
3176 1.30026
3177 4.70804
3178 1.37624
3179 2.7389
3180 2.44265
3181 3.69504
3182 3.69866
3183 1.64187
3184 1.89074
3185 0.857353
3186 5.38658
3187 4.53438
3188 3.48952
3189 0.926168
3190 1.62185
3191 4.26117
3192 1.52614
3193 2.96285
3194 0.611873
3195 1.48368
3196 0.579871
3197 1.60694
3198 2.42351
3199 0.975643
3200 1.66111
3201 1.13538
3202 0.133862
3203 1.18995
3204 2.11629
3205 1.65119
3206 2.1613
3207 1.6802
3208 2.24195
3209 2.37746
3210 5.25074
3211 1.33092
3212 1.88894
3213 0.11106
3214 0
3215 2.60873
3216 0.957369
3217 2.46334
3218 2.71414
3219 1.7962
3220 0.460215
3221 2.11403
3222 3.75995
3223 4.44068
3224 2.8993
3225 4.86024
3226 1.46659
3227 2.13367
3228 1.68395
3229 2.88903
3230 2.21822
3231 3.90608
3232 2.39981
3233 0.228463
3234 0.488557
3235 0.511443
3236 1.65723
3237 4.43612
3238 2.235
3239 1.80155
3240 1.82148
3241 0.773664
3242 2.05833
3243 0.216633
3244 0.805002
3245 1.77546
3246 1.23633
3247 1.35879
3248 2.088
3249 2.41718
3250 2.60881
3251 1.97533
3252 1.56801
3253 0.967912
3254 1.76068
3255 3.42695
3256 2.02373
3257 0.987818
3258 0.55538
3259 0.44462
3260 0
3261 1.25979
3262 2.67091
3263 2.16953
3264 3.46798
3265 0.817882
3266 0.613906
3267 1.10105
3268 2.28733
3269 1.60517
3270 2.17372
3271 0.832722
3272 0.900935
3273 1.60598
3274 1.82612
3275 1.9637
3276 0.703266
3277 0.857448
3278 0.922843
3279 1.32604
3280 1.85403
3281 0.0396389
3282 0
3283 1.94547
3284 2.78997
3285 1.26457
3286 0.935555
3287 1.77279
3288 1.87916
3289 0.877244
3290 0.803417
3291 1.84416
3292 3.51466
3293 1.88537
3294 2.60072
3295 1.36342
3296 1.14235
3297 2.33114
3298 3.19708
3299 1.85293
3300 2.76463
3301 4.68384
3302 3.51544
3303 3.25296
3304 3.20487
3305 3.01678
3306 2.3505
3307 4.75951
3308 3.79339
3309 2.3167
3310 0.341376
3311 0.651929
3312 1.4645
3313 1.42233
3314 0.461243
3315 0.687412
3316 1.806
3317 2.69086
3318 0.815725
3319 0.516044
3320 1.67743
3321 1.53237
3322 0.889096
3323 2.15376
3324 0.461845
3325 0.769456
3326 0
3327 1.06041
3328 0.939592
3329 0.661966
3330 1.42493
3331 3.22898
3332 0.684121
3333 0
3334 0.342248
3335 1.38798
3336 2.34697
3337 2.48303
3338 1.2396
3339 0.401602
3340 1.00339
3341 1.18872
3342 1.23178
3343 0.915185
3344 1.91459
3345 0.544897
3346 2.65689
3347 2.94759
3348 1.39551
3349 0.603497
3350 0.396503
3351 0.623318
3352 0.376682
3353 0
3354 1.32893
3355 1.67107
3356 0.752081
3357 1.86119
3358 1.95907
3359 1.42765
3360 0
3361 1.22051
3362 0.779494
3363 1.40708
3364 2.61592
3365 2.33907
3366 2.14956
3367 0.919066
3368 1.01946
3369 0.549842
3370 0.514442
3371 1.26329
3372 1.67723
3373 1.54504
3374 1.6624
3375 3.59384
3376 0.743762
3377 1.0678
3378 1.98772
3379 0.944479
3380 0.722981
3381 1.69542
3382 0.995997
3383 1.11187
3384 1.9642
3385 0.509533
3386 0.45373
3387 1.59538
3388 1.12687
3389 1.25783
3390 0.566186
3391 0.445305
3392 0.554695
3393 0.302353
3394 1.42306
3395 3.34772
3396 1.52327
3397 3.00704
3398 2.59786
3399 0.899861
3400 1.4314
3401 0.910265
3402 3.42806
3403 2.12912
3404 1.34565
3405 1.03903
3406 1.04061
3407 0.978698
3408 1.22687
3409 0.369148
3410 0.628524
3411 0.688105
3412 1.66751
3413 1.24674
3414 2.98423
3415 1.03751
3416 1.10666
3417 1.49099
3418 1.14972
3419 0
3420 1.07092
3421 1.55308
3422 0.798749
3423 1.16401
3424 1.41324
3425 0.621634
3426 1.22584
3427 2.35318
3428 1.28019
3429 1.6288
3430 2.95986
3431 1.93641
3432 1.99409
3433 0.705849
3434 1.61097
3435 2.02741
3436 1.65577
3437 0.580181
3438 1.66976
3439 0.750063
3440 0.0801767
3441 0.919823
3442 1.1848
3443 1.06597
3444 0.74923
3445 0.43655
3446 1.55889
3447 2.52676
3448 0.477798
3449 0
3450 0.465678
3451 0.534322
3452 1.1724
3453 2.12936
3454 0.854692
3455 1.9523
3456 1.31145
3457 0.868364
3458 1.00272
3459 0.708709
3460 0.269928
3461 2.15597
3462 0.906684
3463 1.02587
3464 1.05294
3465 0.588612
3466 0.638166
3467 1.36183
3468 0.692427
3469 1.70077
3470 0.606799
3471 0
3472 0
3473 1.40745
3474 3.04872
3475 1.54383
3476 1.39729
3477 1.97681
3478 1.6259
3479 0.718609
3480 2.24297
3481 0.542939
3482 1.62413
3483 2.61625
3484 1.25511
3485 1.08839
3486 2.18434
3487 1.15685
3488 0.792938
3489 0.94277
3490 3.42325
3491 4.44942
3492 7.10719
3493 9.35644
3494 24.1474
3495 52.9211
3496 75.8566
3497 112.73
3498 163.226
3499 223.905
3500 251.874
3501 222.284
3502 172.528
3503 136.473
3504 83.9847
3505 44.052
3506 19.2602
3507 2.87762
3508 1.79401
3509 0.785143
3510 1.41727
3511 2.38273
3512 0.963988
3513 0.428778
3514 0.607233
3515 0.339076
3516 0.771131
3517 0.889793
3518 0.129147
3519 0.870853
3520 0
3521 0.891129
3522 0.108871
3523 0
3524 0
3525 0
3526 0
3527 0
3528 0
3529 0
3530 0.280289
3531 0.845315
3532 1.15936
3533 2.16482
3534 3.35857
3535 0.19165
3536 0.813453
3537 0.186547
3538 0.959196
3539 0.0408045
3540 1.60229
3541 0.397705
3542 0.35075
3543 0.64925
3544 1.12217
3545 0.877833
3546 0
3547 0.983799
3548 0.0162011
3549 0
3550 0
3551 0
3552 0.860906
3553 0.139094
3554 0
3555 0
3556 0
3557 0
3558 0
3559 0
3560 0
3561 0.434668
3562 0.565332
3563 0
3564 0
3565 0
3566 0
3567 0
3568 0.0343447
3569 0.965655
3570 0.294476
3571 1.67162
3572 0.946912
3573 0.0869879
3574 0
3575 1.03326
3576 1.8049
3577 1.01891
3578 0.142933
3579 0
3580 0
3581 0
3582 0
3583 0
3584 0
3585 0.766271
3586 0.233729
3587 0.123957
3588 0.876043
3589 0
3590 0
3591 0
3592 0
3593 0
3594 0
3595 0
3596 0
3597 0.0459507
3598 0.954049
3599 0.904224
3600 0.0957763
3601 0.0698386
3602 1.23122
3603 0.698943
3604 0
3605 0
3606 0
3607 0.274249
3608 2.34846
3609 0.458786
3610 0.918507
3611 0
3612 0.789894
3613 0.32177
3614 0.888336
3615 0
3616 0.678266
3617 0.5993
3618 0.722434
3619 0
3620 0
3621 0
3622 0.213759
3623 0.786241
3624 0
3625 0
3626 0.76508
3627 0.23492
3628 0
3629 0
3630 0
3631 0
3632 2.12078
3633 0.879219
3634 0
3635 0.0766996
3636 0.9233
3637 0
3638 0
3639 0
3640 0
3641 0
3642 0.267823
3643 2.37341
3644 0.998756
3645 0.360013
3646 0.766511
3647 0.233489
3648 0
3649 0.92377
3650 0.0762298
3651 0
3652 0
3653 0
3654 0
3655 0
3656 1.37197
3657 0.628034
3658 0
3659 0.949475
3660 0.909461
3661 0.141064
3662 0
3663 0.724961
3664 0.275039
3665 0
3666 0
3667 0
3668 0
3669 0
3670 0
3671 0
3672 0
3673 0
3674 0
3675 0
3676 0
3677 0
3678 0
3679 0
3680 0
3681 0
3682 0.774628
3683 1.09552
3684 0.129856
3685 0
3686 0
3687 0
3688 0
3689 0.912735
3690 1.08727
3691 0
3692 0
3693 0
3694 0
3695 0
3696 0
3697 0.816915
3698 0.183085
3699 0
3700 0
3701 0
3702 0
3703 0
3704 0
3705 0.987193
3706 0.0128072
3707 0
3708 0
3709 0
3710 0.822776
3711 2.47282
3712 0.704401
3713 0.905172
3714 1.09483
3715 0
3716 0
3717 0
3718 0.040045
3719 0.959955
3720 0.61685
3721 0.38315
3722 0.73078
3723 0.337811
3724 0.93141
3725 0
3726 0
3727 0
3728 0
3729 0
3730 0
3731 0
3732 0
3733 0.593931
3734 0.406069
3735 0
3736 0
3737 0.655616
3738 0.344384
3739 0
3740 0
3741 0
3742 0
3743 0
3744 0
3745 0
3746 0
3747 0
3748 0
3749 0
3750 0
3751 0
3752 0
3753 0.00447926
3754 0.995521
3755 0
3756 0.945162
3757 0.0595318
3758 1.64134
3759 0.353965
3760 0.82185
3761 1.17815
3762 0
3763 0
3764 0
3765 0
3766 0
3767 0.709622
3768 0.290378
3769 0
3770 0.921956
3771 0.0780436
3772 0
3773 0
3774 0
3775 0
3776 0
3777 0.885422
3778 0.896655
3779 1.12475
3780 0.0931703
3781 0.963745
3782 0.0362553
3783 0
3784 0.889758
3785 0.110242
3786 0
3787 0
3788 0
3789 0
3790 1.05076
3791 0.949241
3792 0.573187
3793 0.426813
3794 0.623608
3795 0.943924
3796 0.432468
3797 0
3798 0
3799 0
3800 0
3801 0
3802 0
3803 0.682483
3804 0.317517
3805 0.767448
3806 0.60989
3807 0.622662
3808 0
3809 0
3810 0.900704
3811 0.647174
3812 1.17317
3813 1.20685
3814 2.34425
3815 1.27506
3816 0.452789
3817 0
3818 0
3819 0
3820 0
3821 0
3822 0
3823 0
3824 0.341524
3825 0.658476
3826 0
3827 0
3828 0
3829 0
3830 0
3831 0.702605
3832 0.297395
3833 0
3834 0.798469
3835 0.201531
3836 0
3837 0
3838 0
3839 0
3840 0
3841 0.538274
3842 1.24067
3843 0.221051
3844 0
3845 0
3846 0
3847 0.525512
3848 1.34088
3849 0.690074
3850 0.443531
3851 0
3852 0
3853 0
3854 0
3855 0
3856 0
3857 0.321916
3858 0.678084
3859 0.888366
3860 0.951441
3861 0.160193
3862 0
3863 0.515316
3864 0.484684
3865 0
3866 0
3867 0
3868 0
3869 0
3870 0
3871 0
3872 0
3873 0.534028
3874 0.465972
3875 0
3876 0
3877 0.718461
3878 0.281539
3879 0
3880 0
3881 0.227406
3882 1.33602
3883 2.25145
3884 0.185116
3885 0
3886 0
3887 0.929065
3888 1.07094
3889 0.297842
3890 0.789876
3891 0.912282
3892 0
3893 0.664238
3894 0.335762
3895 0.783192
3896 0.216808
3897 0
3898 0
3899 0.0463603
3900 1.40072
3901 0.916508
3902 1.38885
3903 0.247559
3904 0.399525
3905 0.600475
3906 0
3907 0.54963
3908 0.45037
3909 0
3910 0
3911 0
3912 0
3913 0
3914 0
3915 0
3916 0
3917 0
3918 0
3919 0
3920 0.410132
3921 0.589868
3922 0.566083
3923 0.889811
3924 1.26269
3925 0.281417
3926 1.07775
3927 0.922254
3928 0
3929 0
3930 0
3931 0
3932 0
3933 0
3934 0
3935 0
3936 0
3937 0.125714
3938 0.914319
3939 0.959968
3940 0
3941 0
3942 0
3943 0
3944 0
3945 0.433317
3946 0.881179
3947 0.685504
3948 0
3949 0
3950 0
3951 0
3952 0
3953 0
3954 0
3955 0
3956 0.351372
3957 0.648628
3958 0.0857836
3959 0.914216
3960 0
3961 0
3962 0
3963 0
3964 1.03778
3965 0.962217
3966 0.392268
3967 0.607732
3968 0
3969 0
3970 0
3971 0
3972 0.650219
3973 0.349781
3974 0
3975 0
3976 0
3977 0.257784
3978 0.742216
3979 0
3980 0.512608
3981 0.487392
3982 0
3983 0
3984 0
3985 0.269959
3986 0.730041
3987 0
3988 0.106596
3989 0.893404
3990 0.24487
3991 0.75513
3992 0
3993 0
3994 0
3995 0
3996 0.392265
3997 0.607735
3998 0
3999 0
4000 0.898835
4001 0.101165
4002 0
4003 0
4004 0
4005 0.31857
4006 0.68143
4007 0
4008 0
4009 0
4010 0.26039
4011 0.73961
4012 0.879466
4013 0.120534
4014 0.069293
4015 0.930707
4016 0
4017 0
4018 0
4019 0
4020 0
4021 0
4022 0
4023 0.318448
4024 1.53325
4025 0.148302
4026 0
4027 0
4028 0
4029 0
4030 0
4031 0
4032 0
4033 0
4034 0
4035 0.295394
4036 1.28007
4037 0.424531
4038 0.241129
4039 0.758871
4040 0
4041 0
4042 0
4043 0
4044 0
4045 0
4046 0
4047 0.350919
4048 0.649081
4049 0
4050 0
4051 0
4052 0
4053 0
4054 0.923505
4055 1.07649
4056 0.828927
4057 0.171073
4058 0
4059 0
4060 0
4061 0
4062 0.875221
4063 0.124779
4064 0
4065 0
4066 0
4067 0
4068 0
4069 0
4070 0
4071 0.870734
4072 0.129266
4073 0
4074 0
4075 0.255778
4076 0.744222
4077 0
4078 0
4079 0
4080 0
4081 0
4082 0
4083 0
4084 0
4085 0
4086 0
4087 0
4088 0.0299768
4089 0.970023
4090 0.0637943
4091 0.936206
4092 0.197523
4093 0.802477
4094 0
4095 0.0259937
