0 0
1 0
2 0
3 0
4 0
5 0
6 0
7 0
8 0
9 0
10 0
11 0
12 0
13 0
14 0
15 0
16 0
17 0
18 0
19 0
20 0
21 0
22 0
23 0
24 0
25 0
26 0
27 0
28 0
29 0
30 0
31 0
32 0
33 0
34 0
35 0
36 7.42861
37 232.978
38 354.846
39 227.761
40 201.881
41 227.206
42 237.732
43 232.217
44 246.162
45 241.936
46 241.516
47 244.286
48 234.612
49 219.975
50 235.694
51 245.562
52 255.493
53 248.489
54 206.439
55 224.819
56 221.284
57 224.126
58 233.368
59 238.06
60 217.351
61 235.707
62 212.225
63 198.049
64 221.85
65 245.654
66 217.335
67 214.286
68 203.323
69 213.591
70 215.556
71 216.391
72 178.188
73 193.765
74 203.666
75 187.476
76 202.468
77 198.929
78 195.844
79 209.958
80 191.583
81 203.475
82 184.076
83 190.402
84 194.435
85 226.079
86 218.393
87 211.56
88 176.714
89 204.977
90 197.904
91 191.357
92 185.716
93 194.451
94 197.334
95 189.541
96 193.234
97 188.233
98 192.174
99 181.544
100 172.201
101 184.35
102 187.667
103 201.119
104 195.88
105 194.455
106 204.759
107 184.886
108 181.731
109 175.389
110 185.539
111 191.627
112 188.977
113 189.958
114 161.022
115 162.027
116 187.869
117 189.204
118 172.203
119 181.538
120 190.901
121 191.236
122 197.283
123 195.048
124 180.852
125 160.957
126 175.834
127 185.65
128 182.043
129 179.952
130 184.91
131 182.282
132 201.891
133 196.267
134 176.446
135 180.087
136 192.309
137 201.559
138 180.947
139 195.943
140 184.258
141 189.016
142 197.874
143 201.633
144 197.7
145 184.104
146 191.752
147 192.359
148 204.266
149 196.728
150 208.461
151 198.152
152 201.259
153 218.653
154 202.953
155 211.688
156 209.825
157 202.917
158 210.511
159 210.284
160 194.334
161 204.033
162 215.607
163 210.986
164 189.221
165 219.574
166 221.201
167 225.437
168 237.373
169 231.11
170 225.421
171 228.186
172 239.832
173 253.525
174 257.956
175 261.663
176 242.8
177 231.892
178 248.08
179 256.061
180 231.647
181 233.355
182 231.049
183 257.486
184 229.835
185 226.88
186 246.151
187 249.162
188 216.3
189 225.988
190 231.69
191 235.077
192 245.414
193 237.412
194 228.387
195 252.468
196 257.483
197 260.553
198 265.417
199 251.02
200 249.239
201 237.87
202 247.469
203 254.409
204 255.518
205 254.445
206 250.864
207 241.944
208 231.303
209 225.36
210 226.594
211 259.585
212 260.64
213 249.045
214 244.58
215 244.338
216 257.627
217 260.101
218 263.774
219 274.682
220 283.269
221 267.631
222 253.837
223 245.193
224 237.036
225 248.998
226 258.012
227 234.158
228 246.188
229 257.534
230 242.338
231 241.967
232 249.115
233 243.586
234 241.541
235 245.393
236 239.908
237 249.83
238 257.427
239 240.605
240 235.53
241 241.209
242 250.032
243 250.156
244 238.533
245 247.339
246 250.923
247 247.882
248 248.539
249 254.99
250 250.868
251 240.004
252 247.533
253 248.34
254 248.968
255 267.205
256 266.882
257 235.247
258 242.72
259 254.792
260 246.256
261 242.446
262 241.502
263 253.891
264 248.71
265 240.642
266 243.391
267 246.406
268 252.293
269 256.952
270 246.779
271 236.772
272 250.852
273 242.103
274 237.615
275 242.08
276 239.305
277 223.79
278 235.098
279 250.02
280 241.242
281 224.146
282 220.537
283 235.808
284 245.103
285 249.617
286 249.09
287 243.731
288 247.695
289 258.328
290 250.14
291 228.003
292 236.103
293 244.335
294 258.064
295 258.074
296 247.079
297 231.935
298 243.552
299 243.495
300 227.782
301 238.207
302 245.535
303 247.861
304 229.223
305 220.261
306 228.928
307 238.639
308 227.234
309 225.062
310 229.903
311 221.576
312 203.263
313 211.741
314 223.585
315 218.592
316 220.032
317 220.057
318 218.123
319 233.412
320 236.571
321 222.637
322 229.354
323 210.106
324 210.697
325 231.913
326 232.638
327 203.59
328 205.301
329 206.979
330 219.879
331 214.389
332 214.982
333 224.196
334 219.035
335 231.804
336 209.795
337 205.22
338 214.172
339 216.442
340 212.982
341 208.05
342 209.848
343 198.484
344 227.488
345 223.254
346 228.007
347 209.651
348 196.52
349 218.951
350 211.013
351 192.644
352 204.077
353 198.705
354 193.051
355 194.737
356 195.377
357 192.197
358 186.814
359 194.895
360 203.827
361 207.687
362 224.582
363 220.613
364 209.276
365 207.098
366 217.411
367 209.144
368 190.308
369 189.522
370 172.216
371 173.45
372 191.807
373 197.465
374 201.792
375 202.332
376 202.696
377 174.748
378 206.541
379 211.231
380 194.252
381 178.836
382 180.133
383 185.913
384 184.476
385 169.18
386 184.945
387 171.054
388 182.116
389 197.407
390 168.864
391 188.748
392 184.025
393 186.204
394 158.087
395 177.685
396 187.873
397 178.629
398 183.015
399 173.624
400 152.712
401 171.856
402 178.181
403 162.28
404 178.796
405 172.985
406 181.568
407 154.229
408 171.654
409 182.549
410 171.667
411 167.297
412 173.73
413 170.903
414 159.253
415 156.817
416 159.472
417 166.969
418 169.418
419 164.383
420 165.762
421 156.279
422 161.049
423 168.119
424 168.385
425 168.793
426 173.226
427 159.381
428 153.766
429 160.347
430 141.815
431 172.19
432 162.171
433 151.387
434 148.433
435 150.234
436 166.688
437 166.214
438 156.247
439 165.324
440 160.194
441 149.533
442 171.58
443 163.728
444 134.69
445 155.596
446 159.886
447 178.013
448 154.706
449 159.557
450 180.551
451 161.733
452 165.925
453 154.154
454 164.479
455 156.12
456 149.589
457 150.737
458 154.501
459 162.087
460 180.763
461 159.904
462 157.392
463 171.39
464 144.649
465 147.588
466 135.97
467 121.351
468 144.53
469 151.107
470 149.155
471 137.614
472 140.722
473 149.797
474 156.319
475 134.535
476 140.415
477 136.477
478 153.641
479 137.102
480 137.973
481 150.292
482 136.299
483 132.986
484 154.018
485 133.654
486 149.103
487 153.223
488 137.227
489 152.853
490 136.222
491 136.828
492 171.778
493 160.638
494 143.779
495 137.193
496 157.82
497 147.529
498 154.671
499 146.29
500 136.624
501 165.793
502 120.864
503 150.451
504 143.309
505 178.12
506 151.38
507 143.897
508 156.76
509 141.174
510 169.938
511 140.691
512 153.537
513 142.478
514 154.216
515 141.867
516 158.964
517 154.488
518 148.786
519 152.134
520 138.004
521 146.164
522 116.026
523 159.085
524 150.453
525 159.37
526 141.53
527 156.753
528 128.393
529 144.894
530 149.451
531 137.182
532 146.095
533 148.67
534 142.815
535 141.724
536 144.538
537 127.84
538 136.678
539 145.103
540 156.661
541 149.64
542 126.979
543 138.839
544 131.947
545 143.35
546 131.656
547 147.4
548 132.299
549 141.248
550 148.222
551 142.664
552 153.096
553 142.652
554 137.133
555 130.165
556 139.956
557 144.76
558 132.64
559 141.136
560 109.322
561 139.285
562 147.69
563 133.163
564 141.55
565 147.667
566 162.479
567 186.965
568 187.542
569 140.828
570 144.114
571 139.608
572 128.653
573 132.528
574 133.666
575 113.295
576 125.359
577 132.396
578 123.608
579 129.587
580 124.661
581 116.05
582 132.743
583 137.778
584 143.319
585 109.269
586 113.919
587 120.368
588 130.758
589 133.244
590 120.888
591 128.305
592 127.161
593 119.16
594 126.152
595 131.618
596 124.157
597 125.967
598 122.793
599 111.96
600 109.251
601 97.8453
602 126.756
603 133.021
604 130.015
605 120.553
606 122.582
607 131.063
608 109.472
609 121.204
610 125.067
611 121.81
612 111.604
613 112.83
614 111.892
615 109.981
616 105.006
617 121.237
618 113.41
619 105.732
620 106.649
621 99.7905
622 117.958
623 103.828
624 111.361
625 109.155
626 105.87
627 102.091
628 117.264
629 120.951
630 122.551
631 117.415
632 132.056
633 119.226
634 115.093
635 112.161
636 107.375
637 112.376
638 94.9764
639 103.582
640 108.826
641 107.814
642 109.283
643 109.11
644 110.152
645 111.52
646 110.35
647 109.348
648 111.167
649 113.843
650 108.998
651 97.9403
652 102.365
653 109.651
654 101.233
655 107.915
656 106.077
657 107.988
658 111.536
659 116.139
660 110.446
661 103.941
662 103.559
663 119.492
664 113.456
665 107.76
666 99.7551
667 103.952
668 104.352
669 105.49
670 108.002
671 107.908
672 106.004
673 103.64
674 113.445
675 107.918
676 107.148
677 104.182
678 106.916
679 111.958
680 109.722
681 105.264
682 103.56
683 105.952
684 103.52
685 109.112
686 106.667
687 94.9178
688 96.6667
689 96.0394
690 95.7193
691 105.167
692 116.099
693 96.1801
694 90.4648
695 101.222
696 109.349
697 106.553
698 100.075
699 97.68
700 101.912
701 118.035
702 110.285
703 110.089
704 123.702
705 121.073
706 104.506
707 97.6374
708 88.4001
709 90.7139
710 102.693
711 97.0785
712 100.484
713 95.9071
714 102.389
715 103.608
716 98.1151
717 100.118
718 106.276
719 104.306
720 95.6121
721 99.9771
722 110.039
723 101.107
724 98.0851
725 99.1572
726 97.8735
727 100.498
728 101.84
729 84.9947
730 84.3339
731 89.952
732 93.2947
733 94.889
734 90.4489
735 93.5574
736 106.177
737 99.7282
738 93.6066
739 94.9956
740 101.945
741 111.487
742 103.069
743 92.2893
744 91.7601
745 81.2438
746 75.7695
747 85.5202
748 94.3534
749 98.2256
750 96.6781
751 102.829
752 93.9321
753 89.4222
754 88.1486
755 77.0079
756 82.1407
757 99.1074
758 92.3784
759 91.2946
760 101.859
761 107.574
762 104.621
763 91.1628
764 89.1305
765 84.5313
766 81.2399
767 90.3767
768 86.4074
769 83.712
770 89.5649
771 86.4233
772 90.7495
773 93.3759
774 95.5122
775 93.1194
776 82.6113
777 76.1646
778 81.1025
779 86.8526
780 91.5662
781 92.3036
782 92.2134
783 101.387
784 94.0072
785 82.2085
786 91.3439
787 98.1415
788 96.3473
789 96.1191
790 100.106
791 91.7183
792 76.9947
793 76.3847
794 87.5571
795 90.1291
796 84.8819
797 79.1383
798 87.6553
799 88.4451
800 74.5804
801 83.6181
802 83.165
803 82.5684
804 83.3189
805 82.512
806 94.7677
807 93.8695
808 83.6674
809 81.3352
810 80.6243
811 81.3532
812 89.9403
813 82.7305
814 88.8565
815 93.1431
816 87.914
817 97.1369
818 94.0652
819 70.5864
820 65.6323
821 86.7281
822 82.2264
823 83.4523
824 89.508
825 91.8088
826 81.7218
827 73.6285
828 86.3418
829 85.6516
830 87.4358
831 76.0796
832 68.1973
833 72.429
834 71.855
835 87.6185
836 91.7071
837 89.9483
838 98.7676
839 115.34
840 121.993
841 105.457
842 82.2199
843 81.8798
844 94.5702
845 85.4722
846 79.4636
847 90.4043
848 92.318
849 83.6885
850 89.8679
851 86.8557
852 81.1331
853 82.7547
854 87.2242
855 80.0851
856 82.1771
857 78.1081
858 67.4705
859 70.643
860 83.9286
861 78.5222
862 65.8326
863 69.9413
864 74.252
865 75.1131
866 74.9252
867 72.6387
868 77.2436
869 79.5315
870 74.1272
871 67.2353
872 72.001
873 66.4933
874 73.34
875 77.9281
876 78.9438
877 75.3073
878 70.4181
879 83.6754
880 72.045
881 71.3975
882 75.931
883 77.72
884 59.9707
885 75.1144
886 63.8511
887 80.3708
888 76.7928
889 81.5497
890 72.8204
891 62.3757
892 69.4788
893 80.9851
894 73.2951
895 66.8777
896 80.1614
897 88.42
898 86.9088
899 89.0641
900 71.3437
901 78.7883
902 80.5448
903 66.4184
904 78.8164
905 67.5829
906 83.3139
907 87.1465
908 73.9971
909 62.1815
910 69.7338
911 79.0608
912 74.9412
913 72.9301
914 73.9513
915 72.3579
916 65.782
917 70.6096
918 80.7169
919 70.8542
920 58.9318
921 85.4807
922 74.7769
923 68.821
924 77.5952
925 79.1456
926 74.5755
927 71.4696
928 74.9616
929 77.4131
930 71.5874
931 64.5687
932 87.7327
933 72.1166
934 77.9797
935 74.6562
936 73.544
937 75.6573
938 74.3298
939 68.1587
940 72.6719
941 75.981
942 68.5964
943 68.3139
944 79.5427
945 76.6417
946 65.4499
947 68.4956
948 80.2667
949 77.0333
950 73.8993
951 67.599
952 76.9649
953 76.8416
954 63.4041
955 74.233
956 71.1027
957 69.3538
958 72.1216
959 74.1591
960 90.0847
961 84.8941
962 77.4114
963 65.6863
964 66.1155
965 74.9517
966 67.1735
967 76.8678
968 56.4345
969 70.7161
970 73.4184
971 78.3687
972 67.4945
973 60.877
974 76.5809
975 65.3364
976 71.6422
977 65.1478
978 74.4673
979 71.6352
980 77.3999
981 85.7063
982 71.9869
983 72.3153
984 69.1908
985 77.8484
986 74.5797
987 79.6166
988 64.8074
989 65.1176
990 73.3553
991 58.8804
992 72.8962
993 61.0267
994 82.9257
995 75.6584
996 63.7106
997 68.0152
998 72.0975
999 95.3787
1000 72.0108
1001 66.8058
1002 66.9229
1003 65.2962
1004 68.2401
1005 61.7859
1006 68.7505
1007 81.9971
1008 68.8379
1009 76.5091
1010 71.4884
1011 72.2632
1012 74.4394
1013 76.3906
1014 62.3086
1015 82.1785
1016 78.803
1017 64.0231
1018 58.2964
1019 55.3898
1020 80.8646
1021 71.5023
1022 74.9048
1023 78.6469
1024 59.4694
1025 61.2728
1026 75.3467
1027 61.1269
1028 72.8855
1029 60.5659
1030 75.4618
1031 66.8369
1032 77.2715
1033 63.4477
1034 64.6708
1035 66.688
1036 88.1699
1037 73.9012
1038 63.3505
1039 76.0519
1040 66.2042
1041 69.1297
1042 69.7946
1043 74.494
1044 65.3488
1045 75.4407
1046 63.0553
1047 78.4742
1048 74.761
1049 86.1997
1050 78.1332
1051 66.5985
1052 56.5035
1053 51.4574
1054 74.3438
1055 67.455
1056 70.4578
1057 81.5079
1058 59.2688
1059 61.342
1060 60.8512
1061 55.7014
1062 51.1601
1063 53.5903
1064 63.3291
1065 67.7845
1066 67.8316
1067 78.5779
1068 69.6312
1069 73.2437
1070 67.4203
1071 59.1741
1072 61.2191
1073 64.724
1074 69.8635
1075 62.7231
1076 61.3506
1077 67.7949
1078 64.664
1079 60.649
1080 60.2777
1081 65.9665
1082 75.7493
1083 71.6406
1084 73.1314
1085 66.4422
1086 61.4858
1087 63.1025
1088 57.083
1089 62.3738
1090 76.925
1091 63.9118
1092 69.0245
1093 53.1028
1094 64.6565
1095 75.2001
1096 69.5107
1097 63.5913
1098 59.2196
1099 62.4326
1100 64.0884
1101 70.5764
1102 67.9772
1103 56.8187
1104 64.3132
1105 64.2553
1106 69.0073
1107 57.5436
1108 71.014
1109 70.4529
1110 67.4149
1111 61.2855
1112 65.6591
1113 58.6866
1114 69.8593
1115 65.2039
1116 67.3542
1117 57.81
1118 61.1493
1119 60.2607
1120 64.4226
1121 65.0113
1122 73.7837
1123 65.9863
1124 56.4112
1125 65.1516
1126 64.7647
1127 64.5457
1128 67.8024
1129 50.1249
1130 62.9258
1131 77.924
1132 72.8336
1133 65.3361
1134 60.3146
1135 61.6244
1136 68.4838
1137 68.7849
1138 64.7237
1139 69.7576
1140 68.8158
1141 58.3498
1142 60.8898
1143 66.2475
1144 71.2713
1145 66.895
1146 60.6803
1147 78.9876
1148 65.375
1149 72.8292
1150 77.4678
1151 77.3888
1152 62.7775
1153 51.5224
1154 56.7488
1155 65.1617
1156 65.9115
1157 68.2014
1158 62.2029
1159 66.5281
1160 67.577
1161 70.3412
1162 55.3277
1163 69.8009
1164 62.3893
1165 68.4071
1166 75.6397
1167 66.1101
1168 76.5197
1169 71.2034
1170 71.0907
1171 62.1755
1172 66.6011
1173 67.0952
1174 68.0103
1175 64.0329
1176 62.2967
1177 59.4006
1178 59.1032
1179 57.354
1180 56.5132
1181 57.6938
1182 56.1092
1183 59.5673
1184 71.8089
1185 68.0923
1186 63.3142
1187 59.2254
1188 67.2892
1189 58.3872
1190 54.2289
1191 57.5129
1192 61.9747
1193 65.5721
1194 69.6123
1195 67.6572
1196 69.4002
1197 57.8876
1198 57.0428
1199 65.2993
1200 56.3196
1201 55.5428
1202 65.3866
1203 74.4662
1204 66.0163
1205 61.4579
1206 68.5386
1207 70.5966
1208 67.3451
1209 67.5726
1210 66.9177
1211 65.5269
1212 66.8668
1213 75.2754
1214 69.2147
1215 68.7377
1216 66.2735
1217 68.5148
1218 78.6501
1219 75.7487
1220 75.791
1221 83.5725
1222 73.9241
1223 67.3907
1224 67.3905
1225 65.493
1226 67.8682
1227 61.3105
1228 64.9073
1229 67.5027
1230 63.7565
1231 63.059
1232 60.9772
1233 56.9886
1234 57.0041
1235 57.5693
1236 69.5496
1237 70.142
1238 64.4158
1239 53.9489
1240 55.2245
1241 57.0549
1242 64.5095
1243 73.2271
1244 66.459
1245 64.1869
1246 68.1528
1247 61.7496
1248 59.3778
1249 53.8424
1250 53.2418
1251 62.7856
1252 64.8174
1253 63.5467
1254 72.5201
1255 65.5907
1256 59.0388
1257 63.8869
1258 61.6467
1259 59.2213
1260 59.0813
1261 54.2498
1262 59.8102
1263 56.9745
1264 58.7481
1265 64.8523
1266 56.9724
1267 54.6744
1268 63.5844
1269 61.9977
1270 60.3884
1271 63.2646
1272 60.6377
1273 53.1213
1274 54.6884
1275 58.3931
1276 62.4514
1277 57.0982
1278 56.7255
1279 65.9499
1280 64.5595
1281 60.1616
1282 61.7564
1283 66.0219
1284 58.5501
1285 61.5237
1286 60.6997
1287 47.9134
1288 64.0505
1289 74.7479
1290 63.6165
1291 55.4379
1292 58.1319
1293 56.7915
1294 53.9151
1295 61.9001
1296 61.6252
1297 55.4348
1298 55.5487
1299 55.4709
1300 52.2038
1301 56.984
1302 64.1371
1303 72.8355
1304 61.5594
1305 60.0597
1306 63.0362
1307 54.7392
1308 63.3187
1309 63.7608
1310 52.1171
1311 58.2164
1312 67.4063
1313 62.3455
1314 55.6295
1315 57.3508
1316 63.1614
1317 66.3691
1318 67.934
1319 58.4017
1320 54.89
1321 57.1189
1322 61.0842
1323 69.7479
1324 64.4851
1325 60.2026
1326 56.0921
1327 50.3024
1328 50.6888
1329 48.8473
1330 60.7613
1331 68.7748
1332 65.6384
1333 56.7438
1334 58.428
1335 58.2556
1336 64.4956
1337 62.5066
1338 61.8156
1339 66.533
1340 65.7844
1341 58.8221
1342 59.6236
1343 65.1905
1344 61.2609
1345 62.2716
1346 65.0966
1347 61.8099
1348 72.9291
1349 70.6398
1350 66.4756
1351 66.3635
1352 64.4398
1353 67.1812
1354 58.3173
1355 49.2617
1356 59.4581
1357 67.1213
1358 59.6769
1359 53.6746
1360 69.3258
1361 64.5473
1362 58.197
1363 63.2082
1364 62.4078
1365 56.562
1366 58.0801
1367 61.1624
1368 52.3193
1369 61.6408
1370 62.1861
1371 62.7867
1372 57.9562
1373 57.8599
1374 57.8902
1375 50.9451
1376 53.4463
1377 66.0473
1378 56.0626
1379 57.3465
1380 65.6036
1381 63.1298
1382 59.8411
1383 59.9856
1384 56.7861
1385 54.1185
1386 63.8166
1387 61.3746
1388 66.1278
1389 58.9514
1390 61.3096
1391 73.5623
1392 69.661
1393 67.6091
1394 77.8083
1395 95.4697
1396 74.3525
1397 67.0508
1398 67.6483
1399 63.2103
1400 60.0054
1401 58.6038
1402 62.7255
1403 52.4657
1404 60.8913
1405 61.434
1406 60.4622
1407 54.2511
1408 57.8603
1409 65.6202
1410 64.1411
1411 57.7965
1412 69.866
1413 55.4041
1414 55.1495
1415 68.5045
1416 75.7307
1417 71.5339
1418 50.0845
1419 64.5048
1420 57.6369
1421 59.6227
1422 48.775
1423 60.4581
1424 55.0887
1425 59.808
1426 58.3218
1427 61.8786
1428 61.4916
1429 63.0607
1430 60.6327
1431 53.1281
1432 62.2992
1433 65.0738
1434 61.615
1435 57.9111
1436 50.3469
1437 64.4082
1438 64.3982
1439 61.2312
1440 59.7258
1441 61.6253
1442 62.1263
1443 58.8553
1444 52.0214
1445 58.2536
1446 63.2237
1447 72.0884
1448 64.752
1449 54.8996
1450 59.019
1451 69.4353
1452 55.6264
1453 66.0505
1454 70.8103
1455 84.4615
1456 95.7954
1457 91.3623
1458 86.7108
1459 89.5808
1460 57.885
1461 61.1269
1462 50.371
1463 56.3516
1464 52.2429
1465 61.7852
1466 64.3663
1467 73.0731
1468 78.3202
1469 72.7801
1470 65.9432
1471 62.5336
1472 73.7537
1473 64.188
1474 65.7509
1475 52.7542
1476 61.1666
1477 66.0001
1478 79.1594
1479 67.0236
1480 52.0087
1481 67.3724
1482 48.9382
1483 56.0711
1484 45.9997
1485 64.5089
1486 56.4007
1487 72.3483
1488 62.0912
1489 69.2673
1490 73.6682
1491 62.9432
1492 66.6569
1493 69.8388
1494 64.6598
1495 66.5766
1496 58.7882
1497 59.6538
1498 68.8111
1499 69.9745
1500 59.294
1501 69.4006
1502 57.0383
1503 52.3217
1504 74.1799
1505 56.1985
1506 58.7571
1507 49.6801
1508 54.3393
1509 61.6781
1510 66.3418
1511 63.7561
1512 57.7314
1513 63.9921
1514 54.6092
1515 59.6609
1516 70.537
1517 59.7813
1518 57.472
1519 51.866
1520 55.6503
1521 60.0159
1522 42.8828
1523 68.4319
1524 57.9832
1525 65.6298
1526 59.2768
1527 58.7028
1528 56.0706
1529 53.4029
1530 51.6605
1531 54.5158
1532 65.8814
1533 54.8347
1534 63.5135
1535 49.3335
1536 53.4009
1537 54.8342
1538 66.6953
1539 48.8301
1540 56.9016
1541 66.1822
1542 57.4491
1543 64.9239
1544 61.4531
1545 54.4818
1546 47.9327
1547 73.2072
1548 57.1833
1549 71.6886
1550 55.0312
1551 61.6966
1552 73.033
1553 67.9246
1554 53.971
1555 71.4607
1556 68.8616
1557 69.6273
1558 66.1629
1559 65.4355
1560 53.4792
1561 62.3381
1562 60.7747
1563 46.4677
1564 66.9612
1565 58.0143
1566 49.2373
1567 59.5162
1568 60.7531
1569 82.2154
1570 59.6369
1571 66.6291
1572 50.2886
1573 60.8274
1574 52.4548
1575 57.4541
1576 53.6325
1577 58.1039
1578 58.1181
1579 63.8412
1580 69.7383
1581 74.8132
1582 97.4656
1583 92.3239
1584 87.2703
1585 74.2873
1586 61.8842
1587 55.633
1588 65.7569
1589 60.5969
1590 67.5048
1591 66.5462
1592 63.4003
1593 68.8709
1594 60.9268
1595 68.0903
1596 75.2208
1597 63.8902
1598 57.7272
1599 51.6003
1600 56.0656
1601 57.6088
1602 50.3096
1603 61.2974
1604 61.513
1605 68.9864
1606 58.3606
1607 45.932
1608 54.5144
1609 56.3866
1610 70.3776
1611 52.226
1612 52.8676
1613 63.1543
1614 55.2462
1615 60.579
1616 58.8606
1617 62.6111
1618 51.9842
1619 58.5123
1620 54.1036
1621 59.9875
1622 54.8198
1623 57.9609
1624 58.1402
1625 58.3951
1626 64.517
1627 61.7308
1628 66.0971
1629 70.3205
1630 54.2087
1631 52.9147
1632 63.1172
1633 54.8732
1634 56.3665
1635 60.8623
1636 55.9613
1637 60.7436
1638 50.7137
1639 62.165
1640 55.6834
1641 51.0571
1642 62.186
1643 69.0861
1644 59.3651
1645 56.8993
1646 64.2468
1647 65.8849
1648 60.0475
1649 52.7482
1650 70.3429
1651 66.8614
1652 62.9337
1653 68.728
1654 64.8161
1655 64.1888
1656 65.5937
1657 63.8431
1658 54.345
1659 47.3814
1660 61.4409
1661 60.7336
1662 66.2184
1663 67.3899
1664 65.3216
1665 64.1512
1666 62.5571
1667 56.8931
1668 66.0623
1669 65.2433
1670 56.6514
1671 63.5908
1672 61.1015
1673 68.0946
1674 68.2134
1675 65.3277
1676 63.5746
1677 63.2903
1678 66.2903
1679 65.8409
1680 67.4193
1681 64.6085
1682 53.0454
1683 59.7346
1684 66.7781
1685 70.3883
1686 60.7969
1687 61.8463
1688 66.0514
1689 69.3063
1690 71.0507
1691 68.3475
1692 65.0683
1693 59.9154
1694 52.3367
1695 61.4716
1696 61.1889
1697 61.4429
1698 57.2382
1699 63.296
1700 62.5035
1701 60.1319
1702 55.0926
1703 57.3783
1704 57.9383
1705 63.2248
1706 67.5876
1707 59.4437
1708 55.3029
1709 60.8706
1710 77.9282
1711 76.28
1712 62.8867
1713 50.01
1714 52.7957
1715 53.1938
1716 59.563
1717 61.0026
1718 54.7872
1719 53.6354
1720 58.9949
1721 55.1756
1722 54.6251
1723 57.6893
1724 69.2587
1725 69.4859
1726 63.337
1727 58.1274
1728 62.4496
1729 67.3517
1730 63.0858
1731 61.8604
1732 62.3262
1733 64.3866
1734 63.054
1735 66.9626
1736 69.6544
1737 66.1125
1738 63.1891
1739 62.4369
1740 71.7888
1741 71.1581
1742 63.4549
1743 55.8653
1744 64.2986
1745 60.6795
1746 47.7963
1747 47.8261
1748 53.5508
1749 56.1139
1750 55.2651
1751 58.3979
1752 64.5675
1753 64.9481
1754 70.3729
1755 81.1168
1756 70.8553
1757 69.7736
1758 68.5129
1759 67.2564
1760 72.5357
1761 71.5817
1762 63.1149
1763 63.5544
1764 60.0213
1765 55.817
1766 61.9262
1767 62.2048
1768 64.0318
1769 68.4209
1770 64.9137
1771 62.5262
1772 61.4451
1773 67.0719
1774 62.5038
1775 65.6007
1776 67.8077
1777 64.0661
1778 66.5524
1779 68.126
1780 70.2054
1781 64.5329
1782 57.317
1783 56.9081
1784 65.3847
1785 65.5125
1786 60.9131
1787 56.844
1788 66.7709
1789 68.2001
1790 66.9228
1791 62.8287
1792 68.1393
1793 76.3164
1794 73.7047
1795 69.4787
1796 65.0976
1797 65.6045
1798 57.4681
1799 55.1027
1800 58.2887
1801 49.4493
1802 56.6978
1803 66.6017
1804 61.8885
1805 62.6187
1806 66.4037
1807 65.0523
1808 66.215
1809 65.9017
1810 59.1079
1811 64.5737
1812 62.0318
1813 63.7365
1814 54.6797
1815 55.6177
1816 67.1047
1817 63.5151
1818 56.79
1819 52.2981
1820 66.1181
1821 61.6332
1822 56.711
1823 59.3313
1824 71.5543
1825 78.8356
1826 70.0204
1827 72.7962
1828 56.8658
1829 56.7495
1830 56.1123
1831 60.1536
1832 63.0677
1833 66.9723
1834 74.8507
1835 76.7567
1836 73.5499
1837 65.1844
1838 63.1445
1839 65.4627
1840 71.9723
1841 68.0441
1842 65.4327
1843 61.4246
1844 56.3134
1845 62.5599
1846 63.7445
1847 72.8079
1848 61.2417
1849 62.5948
1850 56.2653
1851 52.992
1852 67.7491
1853 71.9549
1854 67.3183
1855 59.0342
1856 62.4041
1857 67.4738
1858 68.6473
1859 59.273
1860 51.5741
1861 55.561
1862 62.9005
1863 72.7857
1864 59.3159
1865 60.6228
1866 61.3036
1867 56.6132
1868 76.2617
1869 73.3581
1870 58.4894
1871 68.5821
1872 68.3398
1873 66.9488
1874 70.6166
1875 80.3033
1876 82.0822
1877 73.0893
1878 70.6139
1879 65.2317
1880 74.9648
1881 74.835
1882 74.9759
1883 57.2443
1884 64.5141
1885 62.4669
1886 67.6155
1887 68.8998
1888 71.8116
1889 60.9863
1890 53.0688
1891 64.9677
1892 65.1251
1893 70.4905
1894 74.2011
1895 69.3968
1896 64.7938
1897 56.3639
1898 59.8651
1899 63.5175
1900 67.4261
1901 71.9242
1902 68.7429
1903 75.3732
1904 76.7594
1905 62.9952
1906 69.5926
1907 71.3348
1908 66.6308
1909 56.0593
1910 73.2572
1911 66.8973
1912 65.8148
1913 71.8812
1914 66.7128
1915 70.3914
1916 66.42
1917 65.6484
1918 67.2749
1919 66.5487
1920 70.6318
1921 76.5418
1922 70.0926
1923 60.0392
1924 59.9524
1925 63.2161
1926 63.8231
1927 74.3815
1928 84.1958
1929 61.2496
1930 62.37
1931 61.677
1932 70.0281
1933 61.9859
1934 76.3045
1935 58.1429
1936 61.5827
1937 50.0605
1938 68.3927
1939 61.333
1940 71.6862
1941 67.3682
1942 66.2911
1943 71.096
1944 68.8327
1945 69.8438
1946 65.6811
1947 56.8582
1948 65.3105
1949 77.4246
1950 73.966
1951 59.6968
1952 74.704
1953 59.2997
1954 63.7239
1955 60.8956
1956 80.726
1957 67.8343
1958 66.4074
1959 65.4634
1960 62.2742
1961 67.8458
1962 77.6092
1963 75.8238
1964 74.9307
1965 63.944
1966 78.7973
1967 76.3146
1968 77.1704
1969 85.2178
1970 75.8545
1971 69.6389
1972 66.6812
1973 73.4456
1974 64.5137
1975 55.1993
1976 65.6594
1977 62.8691
1978 79.6887
1979 71.5976
1980 65.3576
1981 78.4147
1982 72.6449
1983 77.1074
1984 76.1703
1985 69.0621
1986 72.2734
1987 53.5819
1988 61.5268
1989 70.2588
1990 64.421
1991 73.7128
1992 70.0846
1993 65.3865
1994 76.0999
1995 72.7197
1996 63.6008
1997 74.4062
1998 65.0692
1999 71.3798
2000 75.1736
2001 79.807
2002 77.4533
2003 69.1434
2004 55.7634
2005 69.6037
2006 76.8984
2007 72.0371
2008 58.2725
2009 74.8648
2010 86.923
2011 77.4542
2012 75.102
2013 73.9375
2014 77.4648
2015 68.1779
2016 70.6864
2017 67.3316
2018 63.8586
2019 74.9975
2020 94.8691
2021 63.6155
2022 73.123
2023 71.8179
2024 63.3972
2025 69.1676
2026 77.322
2027 75.2601
2028 71.1297
2029 63.4089
2030 62.416
2031 85.102
2032 74.8912
2033 75.7944
2034 77.3105
2035 70.939
2036 72.794
2037 60.5934
2038 74.907
2039 89.1524
2040 69.016
2041 79.912
2042 65.9667
2043 65.7448
2044 67.5437
2045 80.1035
2046 74.2018
2047 74.1687
2048 84.6856
2049 68.8529
2050 77.224
2051 71.2098
2052 74.6887
2053 57.0631
2054 51.2535
2055 77.7945
2056 89.4758
2057 75.2147
2058 68.9745
2059 82.4319
2060 83.0051
2061 87.9212
2062 73.5807
2063 71.3277
2064 63.4967
2065 59.4194
2066 56.7486
2067 80.021
2068 78.2436
2069 77.7333
2070 74.6599
2071 72.9585
2072 73.5235
2073 69.1558
2074 82.8142
2075 85.1843
2076 79.9225
2077 64.9016
2078 89.1069
2079 62.3678
2080 60.6253
2081 82.1842
2082 75.5718
2083 74.4294
2084 77.7484
2085 64.306
2086 68.1503
2087 84.3422
2088 77.232
2089 70.5971
2090 70.8449
2091 75.2843
2092 75.8795
2093 81.5198
2094 65.1401
2095 77.73
2096 69.2341
2097 59.6187
2098 74.6689
2099 75.5235
2100 76.9994
2101 79.0866
2102 83.9899
2103 69.6313
2104 66.9759
2105 69.4761
2106 82.5408
2107 77.181
2108 81.4789
2109 84.2328
2110 83.8339
2111 77.5506
2112 83.646
2113 88.0403
2114 84.8942
2115 84.5572
2116 81.1523
2117 72.427
2118 74.363
2119 84.1977
2120 72.9718
2121 75.9703
2122 89.907
2123 84.896
2124 78.6797
2125 72.5963
2126 64.2646
2127 79.2233
2128 89.5224
2129 79.244
2130 73.0783
2131 68.6573
2132 86.0741
2133 86.6858
2134 74.3829
2135 75.5953
2136 82.8289
2137 75.0997
2138 68.0478
2139 81.2806
2140 87.7308
2141 87.0689
2142 80.1275
2143 76.8009
2144 76.8787
2145 82.9453
2146 79.1225
2147 84.9469
2148 95.2035
2149 88.8332
2150 86.8565
2151 75.3116
2152 84.4832
2153 78.2723
2154 87.1704
2155 76.0579
2156 77.2543
2157 75.3893
2158 85.8193
2159 98.6827
2160 99.2397
2161 95.1006
2162 88.0826
2163 79.8893
2164 84.7526
2165 84.9153
2166 79.6807
2167 84.5816
2168 91.0907
2169 100.482
2170 88.4442
2171 88.6305
2172 98.0075
2173 82.1183
2174 82.3699
2175 78.5152
2176 77.9256
2177 91.6765
2178 88.6952
2179 95.3964
2180 96.5764
2181 104.993
2182 105.253
2183 91.7149
2184 85.8524
2185 91.0371
2186 76.7265
2187 80.6036
2188 91.4697
2189 88.5317
2190 82.7896
2191 87.3946
2192 87.3251
2193 93.9248
2194 102.466
2195 100.307
2196 89.8867
2197 80.6749
2198 100.284
2199 82.5899
2200 80.5186
2201 85.6605
2202 82.7386
2203 85.1787
2204 90.5477
2205 90.1221
2206 85.2807
2207 90.6928
2208 92.7762
2209 76.4463
2210 72.2652
2211 87.8798
2212 94.3372
2213 91.4849
2214 95.5861
2215 87.0724
2216 85.5175
2217 85.869
2218 92.8527
2219 86.515
2220 93.184
2221 93.1643
2222 86.925
2223 87.1476
2224 81.669
2225 85.5671
2226 89.6988
2227 98.9291
2228 96.9302
2229 90.262
2230 93.9858
2231 89.1535
2232 92.3551
2233 90.6681
2234 85.3657
2235 92.7188
2236 108.351
2237 112.151
2238 104.709
2239 102.493
2240 97.6189
2241 85.5374
2242 86.7422
2243 100.941
2244 115.059
2245 106.345
2246 88.9755
2247 89.8694
2248 85.8833
2249 90.7901
2250 102.523
2251 92.1564
2252 83.9904
2253 93.3696
2254 87.4234
2255 87.1162
2256 94.5571
2257 96.5227
2258 94.9033
2259 103.446
2260 92.6847
2261 90.6201
2262 101.459
2263 102.251
2264 97.5415
2265 93.2789
2266 93.782
2267 105.06
2268 105.698
2269 89.1272
2270 88.8679
2271 89.8578
2272 85.3956
2273 84.3532
2274 89.3869
2275 90.3939
2276 98.9586
2277 98.4552
2278 95.0636
2279 99.4053
2280 99.8594
2281 98.4171
2282 102.44
2283 106.303
2284 107.13
2285 100.04
2286 88.5526
2287 98.1681
2288 105.389
2289 101.34
2290 103.291
2291 98.6653
2292 100.889
2293 91.7832
2294 83.9545
2295 90.7724
2296 99.7297
2297 99.9621
2298 105.27
2299 108.62
2300 104.099
2301 100.583
2302 86.9044
2303 78.273
2304 87.3487
2305 84.7985
2306 97.7277
2307 88.7594
2308 84.6154
2309 93.6286
2310 92.4827
2311 93.7291
2312 76.7359
2313 71.92
2314 90.004
2315 90.7377
2316 72.5225
2317 81.3423
2318 82.4401
2319 88.9784
2320 89.2624
2321 91.8292
2322 98.1713
2323 80.9474
2324 74.3766
2325 78.8761
2326 90.0033
2327 81.3747
2328 77.2892
2329 70.8801
2330 76.0616
2331 86.4948
2332 74.1107
2333 75.5379
2334 77.8978
2335 73.5342
2336 73.307
2337 85.8201
2338 85.9482
2339 84.9928
2340 82.4688
2341 80.2961
2342 71.8431
2343 77.9249
2344 75.0125
2345 72.868
2346 75.9366
2347 79.6381
2348 72.8268
2349 73.7115
2350 72.9918
2351 68.602
2352 83.3061
2353 87.5053
2354 86.687
2355 76.5242
2356 74.0422
2357 80.4177
2358 78.666
2359 65.3799
2360 59.6696
2361 69.3629
2362 68.8095
2363 69.0571
2364 64.9601
2365 55.9243
2366 74.513
2367 67.9902
2368 79.1925
2369 60.8675
2370 65.8231
2371 68.381
2372 65.8347
2373 64.3935
2374 63.2651
2375 75.1219
2376 79.9335
2377 90.6848
2378 80.7618
2379 76.3059
2380 78.8582
2381 74.9432
2382 67.7293
2383 65.5131
2384 79.8851
2385 80.4164
2386 82.3555
2387 68.2935
2388 65.1172
2389 72.3382
2390 84.3005
2391 68.2896
2392 66.7226
2393 82.237
2394 64.6098
2395 68.7803
2396 62.4738
2397 68.7496
2398 67.4664
2399 71.2952
2400 67.6598
2401 69.5129
2402 70.1417
2403 86.1368
2404 59.7766
2405 73.8219
2406 79.0144
2407 72.1688
2408 76.2053
2409 64.2116
2410 71.7442
2411 83.57
2412 91.0212
2413 76.9549
2414 72.1167
2415 72.8212
2416 66.4388
2417 71.0338
2418 68.9845
2419 74.9663
2420 81.8827
2421 80.9449
2422 71.8931
2423 70.3459
2424 79.4315
2425 87.6618
2426 79.6611
2427 78.9701
2428 84.0606
2429 77.358
2430 71.6932
2431 57.485
2432 63.4915
2433 69.6804
2434 65.3599
2435 66.6632
2436 62.5175
2437 61.5116
2438 59.9442
2439 80.9732
2440 69.2925
2441 72.9688
2442 72.8439
2443 72.5432
2444 66.0399
2445 58.6339
2446 66.1765
2447 67.675
2448 65.8886
2449 66.2905
2450 74.201
2451 75.7613
2452 69.5863
2453 63.9372
2454 64.6081
2455 72.9283
2456 72.6787
2457 63.2487
2458 68.1696
2459 64.2029
2460 67.2297
2461 67.2662
2462 54.6543
2463 70.1011
2464 72.9954
2465 70.3804
2466 72.9614
2467 62.2571
2468 71.8811
2469 58.775
2470 68.4169
2471 69.3997
2472 71.7788
2473 72.3257
2474 77.0555
2475 67.4266
2476 67.5051
2477 65.8469
2478 77.3518
2479 55.5584
2480 83.4145
2481 73.5871
2482 62.8903
2483 76.9519
2484 75.9565
2485 76.4761
2486 75.4454
2487 65.9103
2488 80.9615
2489 65.119
2490 60.5197
2491 61.3447
2492 56.2025
2493 60.2539
2494 75.8749
2495 45.1074
2496 64.0926
2497 68.0455
2498 71.7884
2499 59.0073
2500 56.2843
2501 78.8388
2502 74.579
2503 82.282
2504 67.3267
2505 65.9145
2506 79.5427
2507 58.2339
2508 76.8322
2509 64.912
2510 65.7829
2511 63.6402
2512 69.6306
2513 65.3447
2514 68.9145
2515 73.6172
2516 70.2484
2517 57.8382
2518 70.6645
2519 68.0551
2520 63.0706
2521 66.3198
2522 67.6877
2523 64.5109
2524 70.7465
2525 73.4857
2526 59.3885
2527 61.238
2528 72.8593
2529 72.6606
2530 70.5082
2531 68.9761
2532 69.6388
2533 68.9472
2534 68.4107
2535 64.4854
2536 71.6377
2537 68.6245
2538 73.9403
2539 62.7202
2540 70.0904
2541 62.9536
2542 78.2811
2543 67.4536
2544 61.5234
2545 67.6206
2546 55.3272
2547 70.7279
2548 67.2222
2549 65.9943
2550 78.4028
2551 68.2128
2552 72.7532
2553 69.2691
2554 63.5683
2555 70.8998
2556 67.4955
2557 68.1781
2558 73.8632
2559 70.5973
2560 68.4355
2561 63.3303
2562 61.3348
2563 60.6777
2564 60.2853
2565 66.443
2566 63.898
2567 63.5358
2568 62.8902
2569 74.1157
2570 71.4261
2571 63.0864
2572 62.9499
2573 58.4755
2574 65.5105
2575 70.4046
2576 53.1323
2577 67.5899
2578 76.2998
2579 72.1404
2580 67.3428
2581 66.592
2582 58.5117
2583 59.8134
2584 64.2523
2585 68.9988
2586 75.0905
2587 57.6383
2588 69.7575
2589 74.7887
2590 68.9995
2591 56.3896
2592 71.6571
2593 62.4182
2594 63.9504
2595 70.0272
2596 70.8046
2597 77.1858
2598 76.8493
2599 84.0602
2600 64.2514
2601 77.9632
2602 71.5253
2603 57.4415
2604 83.3162
2605 65.4268
2606 82.6042
2607 79.0839
2608 75.6233
2609 67.9275
2610 68.8206
2611 75.6899
2612 72.3857
2613 77.8145
2614 65.0443
2615 73.817
2616 72.9951
2617 67.4359
2618 67.2729
2619 73.7958
2620 71.6918
2621 58.2385
2622 74.6874
2623 59.6184
2624 62.8007
2625 73.6287
2626 71.7751
2627 72.7786
2628 63.2553
2629 72.2433
2630 72.4242
2631 69.0464
2632 84.7485
2633 76.008
2634 68.9228
2635 70.0371
2636 81.2645
2637 78.4794
2638 74.5231
2639 70.7545
2640 71.1052
2641 59.2593
2642 71.039
2643 71.2997
2644 70.9815
2645 72.0463
2646 85.1784
2647 79.9176
2648 63.582
2649 69.8587
2650 76.063
2651 77.3689
2652 73.0421
2653 66.0528
2654 68.7561
2655 67.9682
2656 80.2939
2657 79.0238
2658 67.0752
2659 69.5836
2660 70.9151
2661 75.2402
2662 66.5762
2663 68.1683
2664 78.1793
2665 85.8789
2666 65.2925
2667 73.3217
2668 65.1613
2669 69.4692
2670 59.6606
2671 67.3844
2672 70.2121
2673 64.2178
2674 85.7591
2675 71.4866
2676 54.2412
2677 67.9278
2678 60.683
2679 61.383
2680 70.5073
2681 69.6418
2682 75.5571
2683 74.4717
2684 65.3507
2685 62.6656
2686 59.4766
2687 64.3531
2688 61.0774
2689 52.5726
2690 53.5543
2691 56.359
2692 59.0554
2693 54.182
2694 61.0976
2695 62.8661
2696 51.7581
2697 46.3978
2698 47.8253
2699 56.5685
2700 43.65
2701 50.2005
2702 54.8506
2703 50.4735
2704 48.3863
2705 55.4921
2706 51.3546
2707 48.0144
2708 49.2692
2709 48.0555
2710 46.5048
2711 52.1629
2712 46.5397
2713 44.841
2714 51.3252
2715 49.9476
2716 50.6164
2717 51.6515
2718 48.6536
2719 47.8498
2720 46.8882
2721 59.3396
2722 55.5984
2723 43.5052
2724 46.5682
2725 55.9524
2726 53.3271
2727 45.7575
2728 50.7049
2729 46.5684
2730 43.4188
2731 43.0792
2732 50.6119
2733 50.4288
2734 48.7398
2735 41.0333
2736 44.7452
2737 46.5782
2738 51.6466
2739 49.7409
2740 47.6006
2741 48.7052
2742 42.8813
2743 36.2342
2744 43.1588
2745 53.3855
2746 49.9176
2747 55.9658
2748 53.1852
2749 53.7506
2750 50.8709
2751 48.4103
2752 48.0085
2753 46.8347
2754 52.383
2755 47.1206
2756 44.2648
2757 44.3474
2758 45.7287
2759 51.0861
2760 55.5254
2761 47.6842
2762 39.7254
2763 41.2103
2764 45.5211
2765 39.2732
2766 41.7198
2767 53.0871
2768 49.0057
2769 50.4898
2770 57.2528
2771 46.5496
2772 39.2871
2773 42.6554
2774 49.3137
2775 49.0497
2776 49.2234
2777 53.0745
2778 51.9068
2779 51.987
2780 43.4306
2781 42.4574
2782 54.9537
2783 54.1441
2784 44.9056
2785 51.6354
2786 47.3402
2787 44.6262
2788 49.0117
2789 52.1175
2790 50.8435
2791 47.0597
2792 49.4389
2793 50.9787
2794 43.4121
2795 45.5157
2796 48.8851
2797 49.7703
2798 50.5504
2799 40.3906
2800 40.6641
2801 57.2451
2802 69.1336
2803 118.213
2804 255.529
2805 519.222
2806 999.855
2807 1702.16
2808 2497.15
2809 2918.3
2810 2795.3
2811 2144.71
2812 1376.71
2813 787.13
2814 377.95
2815 162.382
2816 66.1948
2817 46.006
2818 37.3128
2819 43.2189
2820 35.5331
2821 37.4095
2822 41.3839
2823 41.4923
2824 45.7463
2825 38.0273
2826 38.9624
2827 42.863
2828 50.0161
2829 48.0159
2830 41.0361
2831 41.8655
2832 36.9646
2833 34.5588
2834 34.8061
2835 33.9257
2836 33.541
2837 33.0265
2838 34.5233
2839 35.5854
2840 34.7207
2841 32.6208
2842 34.8824
2843 35.2776
2844 39.5738
2845 41.035
2846 36.0627
2847 40.6921
2848 38.5115
2849 33.3044
2850 38.1022
2851 34.1494
2852 30.5506
2853 27.298
2854 38.8743
2855 44.4489
2856 38.0501
2857 35.5021
2858 37.1548
2859 39.8813
2860 38.1254
2861 41.4102
2862 27.5871
2863 25.8078
2864 34.4886
2865 38.3387
2866 38.9042
2867 33.4689
2868 38.4891
2869 33.4698
2870 35.3726
2871 39.6631
2872 32.7238
2873 34.5235
2874 35.0277
2875 33.0646
2876 33.142
2877 29.3254
2878 24.9329
2879 31.7419
2880 35.2867
2881 27.2307
2882 42.5459
2883 35.9994
2884 28.0743
2885 25.2837
2886 32.1306
2887 34.1245
2888 24.3212
2889 24.9521
2890 25.7442
2891 26.9862
2892 34.174
2893 37.2949
2894 28.2824
2895 35.9566
2896 33.8582
2897 41.2853
2898 30.0796
2899 27.4332
2900 33.0006
2901 29.8449
2902 21.545
2903 37.53
2904 30.5221
2905 29.6678
2906 35.0049
2907 33.0933
2908 30.5963
2909 35.3024
2910 32.5218
2911 29.4099
2912 37.2975
2913 31.5926
2914 33.775
2915 22.7454
2916 32.3324
2917 30.0027
2918 28.947
2919 37.1455
2920 35.7714
2921 36.707
2922 28.4262
2923 23.1007
2924 27.7567
2925 32.6399
2926 26.2119
2927 24.5229
2928 34.9655
2929 31.3184
2930 29.7939
2931 28.9564
2932 24.4544
2933 34.6046
2934 31.6768
2935 31.7856
2936 27.291
2937 29.9358
2938 25.0966
2939 21.0581
2940 31.0023
2941 25.8417
2942 20.7967
2943 26.1048
2944 30.545
2945 27.0449
2946 27.1423
2947 25.6688
2948 25.3998
2949 31.9659
2950 28.9897
2951 23.3312
2952 22.421
2953 30.3399
2954 23.8578
2955 27.9163
2956 28.6419
2957 20.0171
2958 31.166
2959 26.6258
2960 36.7547
2961 26.4444
2962 27.3219
2963 21.4079
2964 29.9859
2965 33.0868
2966 35.7028
2967 33.3861
2968 27.9901
2969 26.0112
2970 23.5233
2971 21.876
2972 22.1404
2973 28.7159
2974 27.7051
2975 22.6355
2976 24.1387
2977 18.174
2978 25.8569
2979 22.9417
2980 20.0574
2981 21.1587
2982 25.2895
2983 23.2044
2984 22.7052
2985 20.0946
2986 23.8426
2987 24.0396
2988 16.8357
2989 16.0208
2990 23.8033
2991 23.8702
2992 23.8292
2993 20.3166
2994 20.3779
2995 27.1038
2996 26.4822
2997 22.0929
2998 23.814
2999 23.9803
3000 23.5054
3001 22.9792
3002 25.0524
3003 15.821
3004 19.8589
3005 22.5294
3006 22.6262
3007 19.9134
3008 15.9481
3009 22.004
3010 22.9289
3011 18.0063
3012 17.3759
3013 15.2655
3014 13.1548
3015 17.779
3016 23.0276
3017 19.1636
3018 19.1406
3019 17.0523
3020 15.471
3021 23.756
3022 18.329
3023 17.2811
3024 19.1088
3025 18.7116
3026 12.511
3027 15.4818
3028 19.0375
3029 20.0231
3030 15.1938
3031 22.5928
3032 24.6342
3033 29.5911
3034 14.9722
3035 22.4931
3036 21.4586
3037 24.557
3038 22.395
3039 22.0499
3040 19.9317
3041 25.8385
3042 28.8221
3043 13.5832
3044 14.4434
3045 19.5865
3046 23.6482
3047 20.4539
3048 15.1693
3049 16.7295
3050 26.7846
3051 25.4896
3052 15.69
3053 11.9985
3054 17.2091
3055 18.7961
3056 22.8709
3057 13.3031
3058 18.1818
3059 18.4178
3060 12.2744
3061 11.8245
3062 23.7986
3063 16.219
3064 14.928
3065 15.3641
3066 17.6883
3067 17.7555
3068 15.03
3069 23.0444
3070 17.1029
3071 19.3858
3072 21.3965
3073 23.6878
3074 15.2376
3075 14.6724
3076 22.2865
3077 15.5729
3078 18.7211
3079 18.4974
3080 18.2808
3081 18.8656
3082 15.555
3083 13.713
3084 18.1456
3085 19.0251
3086 20.9591
3087 19.5302
3088 18.1641
3089 11.0854
3090 11.5934
3091 13.521
3092 17.0655
3093 20.9854
3094 12.8156
3095 20.1686
3096 13.4444
3097 17.9727
3098 12.9189
3099 19.0633
3100 12.0612
3101 16.9819
3102 20.2036
3103 19.4257
3104 17.2731
3105 19.5413
3106 20.7276
3107 18.5951
3108 17.7632
3109 13.7819
3110 16.6366
3111 16.079
3112 11.0422
3113 11.9958
3114 14.1146
3115 13.4112
3116 18.5105
3117 10.7085
3118 13.9321
3119 16.7641
3120 22.2932
3121 17.9879
3122 16.9122
3123 15.9666
3124 13.1115
3125 16.9903
3126 16.887
3127 17.6099
3128 18.4434
3129 23.2597
3130 21.9801
3131 11.9275
3132 13.6006
3133 15.7535
3134 16.0397
3135 16.3332
3136 16.5622
3137 18.3408
3138 16.739
3139 13.5712
3140 19.6738
3141 16.4397
3142 18.1907
3143 17.3311
3144 15.4368
3145 17.7451
3146 13.4472
3147 9.26359
3148 10.3361
3149 14.538
3150 12.6265
3151 14.2439
3152 16.0579
3153 17.3146
3154 14.1372
3155 8.35574
3156 14.0612
3157 13.1293
3158 10.5021
3159 21.0214
3160 16.4921
3161 17.772
3162 22.8837
3163 18.2971
3164 13.7851
3165 16.9972
3166 18.8199
3167 16.1236
3168 13.8309
3169 15.0164
3170 13.169
3171 20.002
3172 15.0407
3173 15.3748
3174 14.9158
3175 21.5705
3176 26.2091
3177 28.0544
3178 15.4032
3179 16.5504
3180 21.0261
3181 27.6656
3182 29.3567
3183 23.8379
3184 50.1255
3185 94.7931
3186 211.563
3187 481.576
3188 872.545
3189 1405.77
3190 1973.98
3191 2364.5
3192 2299.58
3193 1905.33
3194 1322.14
3195 761.489
3196 361.437
3197 165.431
3198 70.4914
3199 32.3989
3200 16.4081
3201 14.3018
3202 14.0934
3203 11.7487
3204 14.4589
3205 11.8854
3206 14.2056
3207 10.4595
3208 20.3123
3209 14.2637
3210 6.54898
3211 9.40886
3212 5.36094
3213 5.86351
3214 13.6987
3215 11.1026
3216 11.8045
3217 8.61871
3218 8.50811
3219 9.89336
3220 10.933
3221 11.9665
3222 14.6283
3223 12.7794
3224 14.6007
3225 12.1014
3226 12.8321
3227 13.299
3228 7.28281
3229 10.9564
3230 12.3842
3231 9.8805
3232 4.98134
3233 10.8118
3234 12.9675
3235 11.2004
3236 10.5539
3237 14.2113
3238 14.2965
3239 13.3387
3240 11.7566
3241 12.6709
3242 11.9546
3243 10.5884
3244 9.32098
3245 12.98
3246 10.0344
3247 8.49056
3248 9.43072
3249 11.9775
3250 8.67615
3251 5.85216
3252 6.87254
3253 10.1011
3254 13.9871
3255 11.3797
3256 10.9883
3257 9.83151
3258 8.96952
3259 7.96186
3260 7.88512
3261 9.87425
3262 8.74566
3263 8.85428
3264 8.9361
3265 6.57202
3266 6.26084
3267 6.01393
3268 9.40957
3269 7.58808
3270 5.8914
3271 6.55779
3272 8.86293
3273 10.0138
3274 8.39724
3275 8.62229
3276 10.6143
3277 10.8541
3278 11.0475
3279 9.35087
3280 9.69193
3281 6.47621
3282 5.61863
3283 6.57474
3284 7.05513
3285 6.50538
3286 6.57471
3287 6.07775
3288 7.13158
3289 6.49298
3290 5.10195
3291 6.88431
3292 7.90445
3293 6.66781
3294 6.13039
3295 10.6488
3296 13.2474
3297 7.77477
3298 10.5766
3299 11.4894
3300 10.932
3301 12.269
3302 12.373
3303 9.71217
3304 8.18189
3305 8.15035
3306 9.05828
3307 9.16715
3308 6.90535
3309 9.13392
3310 11.0916
3311 7.94196
3312 6.1142
3313 5.16821
3314 9.07526
3315 12.2419
3316 8.89898
3317 10.4978
3318 12.3222
3319 12.8198
3320 10.0783
3321 11.0029
3322 10.0422
3323 12.7775
3324 9.10312
3325 8.75628
3326 6.93773
3327 6.9821
3328 10.7088
3329 8.71003
3330 6.42191
3331 6.98967
3332 8.73549
3333 6.4977
3334 5.49809
3335 8.49738
3336 8.37199
3337 4.6507
3338 10.1795
3339 7.85177
3340 3.88483
3341 8.19435
3342 11.6304
3343 5.58181
3344 9.95253
3345 11.5935
3346 8.44027
3347 9.18351
3348 9.10627
3349 7.77389
3350 7.54373
3351 6.36692
3352 7.66637
3353 9.26938
3354 5.77601
3355 2.93291
3356 5.94964
3357 3.56229
3358 4.05536
3359 6.69188
3360 8.5041
3361 10.3681
3362 10.6415
3363 9.31406
3364 11.3396
3365 12.6184
3366 9.05044
3367 9.45644
3368 7.69449
3369 8.50661
3370 7.70185
3371 9.74323
3372 9.54765
3373 8.89866
3374 9.81212
3375 8.59272
3376 7.01142
3377 7.23208
3378 9.69939
3379 8.83875
3380 7.51506
3381 5.8509
3382 5.86615
3383 9.74943
3384 10.0278
3385 6.15329
3386 5.57544
3387 8.0458
3388 12.2758
3389 11.5042
3390 7.67052
3391 3.90085
3392 9.05272
3393 11.1665
3394 5.88124
3395 6.61317
3396 7.83901
3397 7.68249
3398 7.24896
3399 8.62508
3400 8.18566
3401 11.008
3402 6.01383
3403 7.08676
3404 3.13169
3405 7.86166
3406 9.20046
3407 10.3178
3408 8.53682
3409 9.36449
3410 4.30513
3411 4.8301
3412 5.66358
3413 8.63293
3414 6.99074
3415 7.93908
3416 8.16145
3417 5.15282
3418 8.81376
3419 5.95481
3420 7.38703
3421 8.85872
3422 7.52986
3423 10.3583
3424 8.83849
3425 11.2102
3426 5.70976
3427 12.0749
3428 11.9514
3429 5.91962
3430 3.84786
3431 5.12941
3432 5.6764
3433 4.53792
3434 6.42431
3435 3.79648
3436 7.07575
3437 11.5309
3438 5.3277
3439 8.90924
3440 9.17289
3441 9.86558
3442 5.13123
3443 11.1728
3444 11.3472
3445 8.86212
3446 4.89751
3447 7.32265
3448 7.2477
3449 9.22663
3450 8.83971
3451 4.84802
3452 8.77133
3453 13.6171
3454 6.91394
3455 6.78979
3456 11.327
3457 8.79652
3458 5.76564
3459 5.99471
3460 10.0794
3461 7.97503
3462 11.9272
3463 6.08995
3464 11.7283
3465 11.9736
3466 12.5466
3467 8.02711
3468 7.46492
3469 8.06159
3470 3.0209
3471 3.18106
3472 8.93275
3473 4.3327
3474 8.21479
3475 5.31951
3476 4.27257
3477 5.94773
3478 8.9236
3479 8.55472
3480 8.03375
3481 6.98333
3482 10.985
3483 9.97576
3484 12.4256
3485 11.7017
3486 13.6059
3487 9.35529
3488 6.83486
3489 7.55218
3490 9.57193
3491 12.3561
3492 13.8065
3493 26.2497
3494 54.1495
3495 95.7265
3496 184.342
3497 292.479
3498 389.362
3499 491.937
3500 536.722
3501 501.432
3502 391.215
3503 307.398
3504 218.599
3505 100.1
3506 44.7758
3507 17.7035
3508 8.11454
3509 5.92536
3510 6.50623
3511 7.23905
3512 5.41741
3513 4.23171
3514 2.89757
3515 6.72871
3516 7.4656
3517 7.14073
3518 4.11801
3519 4.09676
3520 6.45868
3521 2.9293
3522 7.64472
3523 5.41521
3524 2.10741
3525 2.88543
3526 3.94654
3527 5.14638
3528 4.01535
3529 4.56752
3530 5.84068
3531 7.35657
3532 6.69829
3533 5.34797
3534 6.42315
3535 10.3549
3536 8.36656
3537 3.70009
3538 1.76935
3539 3.77319
3540 3.45046
3541 3.64163
3542 4.35703
3543 6.44494
3544 3.63731
3545 3.84528
3546 4.67652
3547 8.50359
3548 11.7426
3549 10.2836
3550 4.73211
3551 5.79943
3552 7.76092
3553 6.97452
3554 7.0586
3555 5.23734
3556 3.62413
3557 5.91541
3558 13.6971
3559 9.69418
3560 3.0406
3561 7.90229
3562 5.29239
3563 3.39185
3564 6.95097
3565 7.02549
3566 6.89479
3567 3.35933
3568 4.74326
3569 3.22401
3570 5.4993
3571 4.56907
3572 6.07465
3573 6.90208
3574 2.76812
3575 6.51202
3576 3.29625
3577 5.04501
3578 7.12481
3579 5.40069
3580 4.11661
3581 6.86829
3582 5.83248
3583 5.2116
3584 4.18547
3585 9.05818
3586 7.40681
3587 3.11102
3588 4.67835
3589 7.10031
3590 4.66665
3591 2.66419
3592 7.69493
3593 13.6291
3594 9.92664
3595 8.2425
3596 8.44041
3597 3.69275
3598 5.36324
3599 5.57691
3600 4.0171
3601 4.34454
3602 6.02697
3603 5.46399
3604 4.65786
3605 6.15021
3606 6.32838
3607 5.83813
3608 4.31086
3609 8.73517
3610 5.74043
3611 3.20115
3612 6.07555
3613 5.85324
3614 6.32055
3615 5.55159
3616 6.85343
3617 11.3844
3618 4.8766
3619 6.82568
3620 6.08129
3621 5.20825
3622 7.98786
3623 4.94319
3624 9.48929
3625 11.5623
3626 3.47968
3627 3.14976
3628 6.65826
3629 5.35874
3630 6.55587
3631 4.34699
3632 4.50115
3633 12.7352
3634 7.1041
3635 3.92941
3636 3.69747
3637 7.5667
3638 9.86638
3639 5.76703
3640 4.92736
3641 5.95237
3642 8.2898
3643 8.00627
3644 5.10484
3645 3.0128
3646 3.20366
3647 2.91043
3648 2.51137
3649 5.26033
3650 6.18224
3651 4.70737
3652 5.5469
3653 8.51552
3654 5.38736
3655 4.85838
3656 5.98453
3657 11.272
3658 7.29243
3659 4.07755
3660 2.84756
3661 5.47278
3662 4.49946
3663 4.88759
3664 4.26389
3665 6.54716
3666 4.94015
3667 5.34493
3668 4.94979
3669 4.6725
3670 9.08388
3671 6.3424
3672 4.3362
3673 6.80251
3674 8.18344
3675 7.98139
3676 4.90947
3677 3.86741
3678 7.09643
3679 9.38231
3680 4.44058
3681 6.57164
3682 3.71275
3683 4.1973
3684 3.54446
3685 7.86939
3686 6.33507
3687 5.95662
3688 5.75501
3689 4.65803
3690 7.77106
3691 3.78568
3692 2.53822
3693 3.86679
3694 6.40696
3695 6.6531
3696 4.80773
3697 7.21167
3698 7.00214
3699 7.26142
3700 7.97706
3701 6.68507
3702 5.13698
3703 6.87005
3704 6.62849
3705 6.30204
3706 6.75612
3707 6.04644
3708 9.47736
3709 5.57051
3710 7.94529
3711 2.74933
3712 1.9747
3713 4.21375
3714 4.31017
3715 4.66361
3716 4.75061
3717 4.33956
3718 2.08365
3719 3.39295
3720 4.58825
3721 3.34167
3722 5.54625
3723 8.7542
3724 6.5506
3725 4.65966
3726 4.73981
3727 2.58976
3728 3.62943
3729 3.49874
3730 4.70015
3731 4.56832
3732 7.67008
3733 5.02524
3734 4.23236
3735 4.99655
3736 6.49935
3737 5.8665
3738 5.98275
3739 4.88572
3740 6.17989
3741 6.84253
3742 5.3296
3743 3.98398
3744 4.56798
3745 3.33391
3746 6.09561
3747 7.70864
3748 3.86788
3749 6.76535
3750 8.28771
3751 6.03507
3752 4.762
3753 2.90049
3754 2.72782
3755 4.33655
3756 9.58776
3757 4.64147
3758 5.40335
3759 7.85515
3760 6.54821
3761 3.17991
3762 6.16652
3763 6.35828
3764 6.87959
3765 3.69115
3766 3.66554
3767 4.04604
3768 5.48086
3769 6.3252
3770 5.01141
3771 5.38933
3772 5.96576
3773 8.03607
3774 3.18691
3775 4.67341
3776 7.72955
3777 5.03821
3778 2.7037
3779 4.18312
3780 3.24144
3781 4.7683
3782 6.46595
3783 5.37618
3784 6.02997
3785 4.59221
3786 3.74586
3787 6.15674
3788 5.53971
3789 5.51871
3790 3.97644
3791 5.92497
3792 3.80597
3793 1.37646
3794 4.54954
3795 5.66013
3796 5.00125
3797 5.04959
3798 5.99972
3799 4.10461
3800 7.06283
3801 5.35887
3802 5.35368
3803 6.23196
3804 6.94655
3805 6.29088
3806 6.22457
3807 5.00206
3808 6.56667
3809 5.73983
3810 5.03278
3811 8.0031
3812 6.1849
3813 7.7347
3814 9.80715
3815 6.98613
3816 5.73872
3817 4.88425
3818 6.6357
3819 7.47363
3820 6.17341
3821 5.04513
3822 5.38313
3823 7.0163
3824 5.43515
3825 5.07197
3826 4.55931
3827 6.12697
3828 5.9907
3829 2.71372
3830 5.48768
3831 2.9907
3832 4.61256
3833 3.9432
3834 4.60602
3835 6.39821
3836 6.71423
3837 7.94416
3838 6.92489
3839 4.28212
3840 4.49932
3841 7.69773
3842 5.55276
3843 3.12734
3844 5.18109
3845 4.68836
3846 7.78966
3847 7.74742
3848 7.00532
3849 7.47817
3850 6.76478
3851 7.68021
3852 5.22223
3853 6.92691
3854 5.89631
3855 3.19113
3856 6.47613
3857 7.09814
3858 4.61713
3859 4.71083
3860 6.75473
3861 5.38722
3862 3.27692
3863 4.07502
3864 3.37191
3865 3.77206
3866 4.43132
3867 5.06212
3868 4.12898
3869 5.79515
3870 8.04745
3871 6.52755
3872 5.92667
3873 5.8273
3874 6.9601
3875 7.6899
3876 3.66368
3877 6.35705
3878 5.54352
3879 8.86591
3880 5.68074
3881 5.44092
3882 6.32726
3883 2.99742
3884 5.37993
3885 8.82766
3886 3.54035
3887 4.22614
3888 8.81022
3889 6.62207
3890 2.9411
3891 4.59884
3892 6.08639
3893 6.23332
3894 4.63039
3895 4.99208
3896 5.60396
3897 6.88736
3898 4.90981
3899 4.7371
3900 1.91433
3901 3.70613
3902 3.98469
3903 6.21839
3904 3.38016
3905 4.68724
3906 7.13752
3907 7.91097
3908 7.97363
3909 5.70998
3910 2.46972
3911 4.07265
3912 6.41641
3913 7.50934
3914 5.78134
3915 2.41988
3916 2.49119
3917 3.85219
3918 2.84294
3919 3.25776
3920 2.9524
3921 3.15375
3922 6.88987
3923 5.77134
3924 7.69954
3925 5.4201
3926 5.37002
3927 6.88217
3928 3.67496
3929 2.88279
3930 4.50388
3931 7.35332
3932 7.36582
3933 5.67484
3934 5.10075
3935 2.71542
3936 5.84976
3937 5.65314
3938 6.35365
3939 8.29007
3940 6.73552
3941 3.80012
3942 2.00423
3943 2.53594
3944 2.14493
3945 3.88866
3946 6.5482
3947 6.31215
3948 3.81815
3949 2.93532
3950 6.10621
3951 4.92323
3952 5.52605
3953 7.2139
3954 8.49515
3955 4.36801
3956 3.2306
3957 6.90196
3958 10.4789
3959 8.91204
3960 3.69421
3961 5.93774
3962 6.68626
3963 6.03032
3964 4.70867
3965 6.61114
3966 7.47715
3967 5.63198
3968 2.14617
3969 5.7996
3970 6.02751
3971 2.33724
3972 5.33522
3973 6.55816
3974 6.24491
3975 4.40198
3976 2.34432
3977 5.66393
3978 5.71116
3979 7.66077
3980 8.02662
3981 3.53893
3982 3.95801
3983 3.07778
3984 5.42916
3985 6.84112
3986 4.67864
3987 5.08712
3988 4.28879
3989 7.67222
3990 4.35122
3991 7.68911
3992 5.93143
3993 3.75708
3994 4.77729
3995 3.26237
3996 5.98743
3997 5.3416
3998 2.63946
3999 3.31923
4000 8.42933
4001 6.60996
4002 4.53173
4003 4.60284
4004 4.45468
4005 5.01393
4006 5.73163
4007 2.6388
4008 5.7952
4009 9.34304
4010 4.37767
4011 1.53313
4012 4.13647
4013 5.57114
4014 4.79335
4015 3.07047
4016 2.69094
4017 5.33722
4018 5.81506
4019 6.56443
4020 8.39922
4021 3.25333
4022 5.14827
4023 3.03984
4024 2.24685
4025 4.42245
4026 2.32128
4027 7.00218
4028 3.92707
4029 1.35865
4030 6.24175
4031 6.15517
4032 3.59308
4033 1.80317
4034 4.97149
4035 5.48607
4036 10.1645
4037 4.99651
4038 3.79787
4039 7.26076
4040 3.59111
4041 3.47941
4042 5.2879
4043 5.92757
4044 6.14964
4045 2.81955
4046 2.09681
4047 2.38672
4048 2.38226
4049 4.78255
4050 5.90452
4051 3.2856
4052 4.58383
4053 2.84442
4054 4.56072
4055 6.23266
4056 6.03062
4057 3.40264
4058 4.7663
4059 7.35491
4060 4.45005
4061 4.62691
4062 2.88563
4063 5.34851
4064 3.05969
4065 3.29264
4066 5.05222
4067 2.62584
4068 5.41854
4069 2.38855
4070 2.98301
4071 3.29496
4072 5.31775
4073 2.25248
4074 4.73037
4075 6.14215
4076 2.40635
4077 1.01084
4078 2.97964
4079 6.42425
4080 2.50631
4081 1.8175
4082 3.69893
4083 5.10197
4084 5.71293
4085 5.2374
4086 7.78813
4087 5.30188
4088 9.96226
4089 4.69754
4090 2.68131
4091 3.05222
4092 1.95557
4093 1.55751
4094 3.21917
4095 2.93068
